,Plasma B cells,Non-plasma B cells,CD4 T,CD8 T effector,CD8 T (GZMK high),Double-neg-like T,DC,Endothelial Cells,CAFs,Myofibroblasts,Macrophages,Mast Cells,NK,Neutrophils,Monocytes,1-others,Cancer Cells
TCGA-EL-A3D0-01A,0.000,0.000,0.001,0.000,0.000,0.000,0.001,0.099,0.135,0.040,0.010,0.000,0.001,0.000,0.000,0.712,0.712
TCGA-J8-A4HY-01A,0.002,0.000,0.003,0.000,0.000,0.000,0.002,0.089,0.002,0.036,0.047,0.000,0.001,0.000,0.000,0.817,0.817
TCGA-L6-A4ET-01A,0.002,0.000,0.001,0.000,0.001,0.000,0.001,0.093,0.008,0.024,0.006,0.000,0.002,0.002,0.000,0.858,0.858
TCGA-DE-A4MC-01A,0.000,0.000,0.024,0.004,0.000,0.000,0.046,0.065,0.014,0.007,0.019,0.000,0.000,0.000,0.000,0.821,0.821
TCGA-ET-A25K-01A,0.001,0.000,0.002,0.000,0.000,0.000,0.000,0.198,0.063,0.054,0.024,0.004,0.000,0.004,0.000,0.648,0.648
TCGA-DJ-A3UU-01A,0.018,0.004,0.017,0.001,0.005,0.000,0.022,0.119,0.124,0.034,0.060,0.000,0.001,0.003,0.000,0.591,0.591
TCGA-EM-A1YA-01A,0.016,0.000,0.000,0.000,0.000,0.000,0.000,0.143,0.000,0.081,0.036,0.000,0.001,0.001,0.000,0.722,0.722
TCGA-CE-A483-01A,0.000,0.000,0.001,0.000,0.000,0.000,0.000,0.110,0.001,0.014,0.025,0.000,0.001,0.000,0.000,0.848,0.848
TCGA-DJ-A3VD-01A,0.033,0.069,0.052,0.002,0.014,0.000,0.063,0.101,0.162,0.015,0.102,0.000,0.001,0.009,0.001,0.375,0.375
TCGA-BJ-A28S-01A,0.008,0.000,0.000,0.000,0.001,0.000,0.000,0.157,0.002,0.078,0.018,0.000,0.004,0.005,0.000,0.726,0.726
TCGA-FY-A3R9-01A,0.022,0.000,0.000,0.000,0.000,0.000,0.000,0.098,0.000,0.052,0.003,0.000,0.000,0.000,0.000,0.823,0.823
TCGA-FY-A3R8-01A,0.000,0.000,0.010,0.000,0.000,0.000,0.016,0.088,0.057,0.009,0.097,0.001,0.000,0.000,0.000,0.723,0.723
TCGA-DJ-A3V2-01A,0.045,0.027,0.029,0.015,0.026,0.000,0.020,0.103,0.049,0.016,0.151,0.000,0.003,0.001,0.001,0.514,0.514
TCGA-ET-A25L-01A,0.000,0.000,0.014,0.000,0.000,0.000,0.016,0.091,0.186,0.011,0.051,0.002,0.000,0.000,0.000,0.627,0.627
TCGA-EL-A3D1-01A,0.009,0.000,0.008,0.000,0.001,0.000,0.008,0.121,0.068,0.027,0.045,0.000,0.000,0.000,0.000,0.712,0.712
TCGA-FY-A3I4-01A,0.004,0.000,0.015,0.000,0.003,0.000,0.009,0.175,0.164,0.050,0.073,0.000,0.002,0.002,0.000,0.504,0.504
TCGA-DJ-A3UV-01A,0.010,0.000,0.010,0.000,0.007,0.000,0.011,0.141,0.104,0.063,0.054,0.000,0.004,0.002,0.000,0.592,0.592
TCGA-BJ-A28T-01A,0.089,0.046,0.047,0.005,0.057,0.001,0.051,0.128,0.122,0.039,0.128,0.000,0.005,0.009,0.001,0.272,0.272
TCGA-EM-A3FQ-01A,0.005,0.023,0.033,0.001,0.015,0.000,0.066,0.070,0.104,0.016,0.083,0.000,0.001,0.002,0.000,0.582,0.582
TCGA-J8-A4HW-01A,0.003,0.000,0.003,0.000,0.000,0.000,0.000,0.153,0.053,0.022,0.020,0.001,0.002,0.003,0.000,0.740,0.740
TCGA-MK-A4N6-01A,0.000,0.000,0.010,0.002,0.000,0.000,0.003,0.055,0.056,0.012,0.092,0.000,0.000,0.001,0.000,0.769,0.769
TCGA-DJ-A3V8-01A,0.005,0.000,0.003,0.000,0.000,0.000,0.006,0.063,0.028,0.015,0.033,0.000,0.000,0.000,0.000,0.847,0.847
TCGA-DJ-A1QI-01A,0.009,0.000,0.006,0.000,0.001,0.000,0.010,0.099,0.094,0.020,0.055,0.000,0.000,0.000,0.000,0.706,0.706
TCGA-EL-A3H8-01A,0.001,0.000,0.005,0.000,0.000,0.000,0.004,0.117,0.074,0.017,0.020,0.001,0.001,0.001,0.000,0.758,0.758
TCGA-EM-A3O3-01A,0.029,0.009,0.023,0.000,0.005,0.000,0.033,0.009,0.062,0.000,0.095,0.000,0.000,0.000,0.000,0.734,0.734
TCGA-IM-A3U3-01A,0.006,0.000,0.012,0.000,0.000,0.000,0.019,0.084,0.046,0.025,0.058,0.000,0.000,0.000,0.000,0.750,0.750
TCGA-BJ-A191-01A,0.044,0.003,0.007,0.009,0.009,0.000,0.000,0.086,0.013,0.023,0.022,0.000,0.007,0.002,0.000,0.772,0.772
TCGA-E8-A3X7-01A,0.000,0.000,0.005,0.000,0.000,0.000,0.010,0.065,0.106,0.007,0.021,0.000,0.000,0.000,0.000,0.785,0.785
TCGA-FY-A3YR-01A,0.000,0.000,0.007,0.000,0.000,0.000,0.010,0.067,0.080,0.008,0.018,0.000,0.000,0.000,0.000,0.811,0.811
TCGA-KS-A41I-01A,0.010,0.000,0.000,0.000,0.000,0.000,0.001,0.094,0.000,0.074,0.035,0.000,0.000,0.000,0.000,0.786,0.786
TCGA-EL-A3CS-01A,0.000,0.000,0.001,0.000,0.000,0.000,0.003,0.081,0.018,0.043,0.012,0.000,0.000,0.000,0.000,0.841,0.841
TCGA-EL-A3GU-01A,0.000,0.000,0.002,0.000,0.000,0.000,0.027,0.100,0.208,0.048,0.019,0.000,0.000,0.000,0.000,0.596,0.596
TCGA-EM-A1CU-01A,0.000,0.000,0.007,0.000,0.000,0.000,0.001,0.131,0.066,0.002,0.032,0.000,0.001,0.001,0.000,0.758,0.758
TCGA-H2-A26U-01A,0.012,0.006,0.045,0.003,0.024,0.000,0.051,0.083,0.153,0.012,0.168,0.000,0.000,0.004,0.001,0.438,0.438
TCGA-DJ-A2PT-01A,0.000,0.000,0.017,0.000,0.003,0.000,0.051,0.054,0.118,0.004,0.115,0.000,0.000,0.000,0.000,0.637,0.637
TCGA-DJ-A3V6-01A,0.000,0.000,0.013,0.000,0.000,0.000,0.010,0.087,0.068,0.018,0.047,0.000,0.000,0.000,0.000,0.758,0.758
TCGA-DJ-A2Q7-01A,0.018,0.002,0.012,0.004,0.001,0.000,0.006,0.153,0.057,0.042,0.061,0.000,0.001,0.001,0.000,0.642,0.642
TCGA-ET-A3BV-01A,0.000,0.000,0.062,0.000,0.000,0.000,0.065,0.064,0.288,0.000,0.019,0.011,0.000,0.004,0.000,0.486,0.486
TCGA-EL-A3ZL-01A,0.000,0.000,0.003,0.000,0.000,0.000,0.002,0.162,0.051,0.116,0.015,0.000,0.000,0.000,0.000,0.651,0.651
TCGA-CE-A13K-01A,0.004,0.000,0.005,0.000,0.008,0.000,0.004,0.193,0.036,0.075,0.033,0.000,0.002,0.005,0.000,0.635,0.635
TCGA-DJ-A3UQ-01A,0.000,0.000,0.028,0.000,0.000,0.000,0.043,0.077,0.221,0.009,0.044,0.001,0.000,0.001,0.000,0.576,0.576
TCGA-BJ-A45H-01A,0.010,0.000,0.007,0.000,0.004,0.000,0.005,0.116,0.091,0.026,0.059,0.000,0.000,0.000,0.000,0.679,0.679
TCGA-L6-A4EU-01A,0.000,0.000,0.006,0.000,0.000,0.000,0.032,0.056,0.080,0.005,0.052,0.000,0.000,0.000,0.000,0.769,0.769
TCGA-DJ-A3VM-01A,0.001,0.001,0.001,0.000,0.000,0.000,0.000,0.148,0.007,0.051,0.034,0.000,0.001,0.003,0.000,0.753,0.753
TCGA-H2-A3RH-01A,0.008,0.001,0.002,0.000,0.004,0.000,0.000,0.124,0.030,0.036,0.049,0.000,0.003,0.003,0.000,0.741,0.741
TCGA-EL-A3ZR-01A,0.018,0.000,0.000,0.000,0.002,0.000,0.000,0.116,0.002,0.047,0.014,0.000,0.002,0.002,0.000,0.797,0.797
TCGA-BJ-A291-01A,0.025,0.000,0.001,0.000,0.002,0.000,0.000,0.206,0.005,0.094,0.010,0.000,0.001,0.000,0.000,0.655,0.655
TCGA-MK-A4N9-01A,0.001,0.000,0.004,0.001,0.000,0.000,0.001,0.116,0.038,0.041,0.010,0.000,0.001,0.000,0.000,0.786,0.786
TCGA-EL-A3MZ-01A,0.000,0.000,0.003,0.000,0.000,0.000,0.005,0.093,0.102,0.006,0.034,0.000,0.000,0.000,0.000,0.758,0.758
TCGA-EM-A2CP-01A,0.118,0.016,0.052,0.003,0.052,0.000,0.005,0.162,0.001,0.055,0.201,0.000,0.005,0.011,0.001,0.317,0.317
TCGA-DJ-A2PZ-01A,0.000,0.001,0.004,0.000,0.000,0.000,0.013,0.081,0.087,0.011,0.082,0.000,0.001,0.000,0.000,0.721,0.721
TCGA-EL-A3ZG-01A,0.000,0.000,0.000,0.000,0.000,0.000,0.000,0.100,0.001,0.074,0.017,0.000,0.001,0.000,0.000,0.806,0.806
TCGA-FE-A3PC-01A,0.007,0.000,0.001,0.000,0.000,0.000,0.000,0.070,0.006,0.049,0.031,0.000,0.000,0.000,0.000,0.836,0.836
TCGA-BJ-A0YZ-01A,0.022,0.000,0.002,0.000,0.000,0.000,0.000,0.173,0.001,0.133,0.038,0.000,0.002,0.000,0.000,0.628,0.628
TCGA-DJ-A13M-01A,0.021,0.000,0.000,0.000,0.001,0.000,0.000,0.078,0.000,0.022,0.016,0.000,0.000,0.002,0.000,0.860,0.860
TCGA-EM-A3OA-01A,0.041,0.000,0.000,0.000,0.001,0.000,0.000,0.100,0.000,0.024,0.000,0.000,0.000,0.000,0.000,0.833,0.833
TCGA-J8-A3YE-01A,0.000,0.000,0.000,0.000,0.000,0.000,0.000,0.046,0.000,0.015,0.005,0.000,0.000,0.000,0.000,0.933,0.933
TCGA-BJ-A0Z9-01A,0.000,0.000,0.010,0.000,0.000,0.000,0.012,0.039,0.013,0.000,0.070,0.000,0.000,0.001,0.000,0.856,0.856
TCGA-EL-A3CW-01A,0.058,0.104,0.036,0.001,0.029,0.002,0.023,0.122,0.087,0.051,0.066,0.000,0.004,0.004,0.000,0.414,0.414
TCGA-FY-A3R6-01A,0.067,0.025,0.030,0.002,0.038,0.000,0.034,0.137,0.095,0.041,0.097,0.000,0.002,0.003,0.000,0.428,0.428
TCGA-H2-A2K9-01A,0.017,0.002,0.001,0.000,0.002,0.000,0.000,0.146,0.005,0.028,0.019,0.000,0.001,0.010,0.000,0.770,0.770
TCGA-DJ-A2PO-01A,0.020,0.004,0.011,0.006,0.027,0.000,0.001,0.140,0.046,0.028,0.158,0.001,0.000,0.004,0.001,0.554,0.554
TCGA-FY-A40N-01A,0.041,0.006,0.005,0.002,0.009,0.000,0.000,0.099,0.021,0.027,0.049,0.000,0.001,0.001,0.000,0.739,0.739
TCGA-EM-A1YD-01A,0.022,0.000,0.002,0.000,0.004,0.000,0.002,0.256,0.058,0.134,0.023,0.000,0.003,0.001,0.000,0.495,0.495
TCGA-DE-A69J-01A,0.000,0.000,0.013,0.000,0.000,0.000,0.011,0.086,0.047,0.005,0.027,0.000,0.000,0.000,0.000,0.812,0.812
TCGA-EL-A3MX-01A,0.013,0.000,0.003,0.003,0.000,0.000,0.002,0.018,0.098,0.001,0.011,0.000,0.000,0.000,0.000,0.849,0.849
TCGA-J8-A3YG-01A,0.000,0.000,0.013,0.000,0.000,0.000,0.006,0.099,0.067,0.021,0.083,0.000,0.002,0.003,0.000,0.706,0.706
TCGA-BJ-A0ZC-01A,0.030,0.001,0.001,0.000,0.005,0.000,0.000,0.167,0.000,0.056,0.014,0.000,0.002,0.002,0.000,0.722,0.722
TCGA-FY-A40K-01A,0.005,0.001,0.009,0.000,0.004,0.001,0.007,0.153,0.063,0.025,0.173,0.000,0.003,0.002,0.000,0.554,0.554
TCGA-EL-A4K6-01A,0.026,0.001,0.000,0.000,0.002,0.001,0.000,0.021,0.000,0.016,0.004,0.000,0.001,0.000,0.000,0.928,0.928
TCGA-EL-A3H3-01A,0.000,0.000,0.021,0.000,0.007,0.000,0.042,0.054,0.048,0.010,0.098,0.000,0.000,0.000,0.000,0.721,0.721
TCGA-BJ-A290-01A,0.000,0.001,0.007,0.000,0.000,0.000,0.000,0.108,0.070,0.068,0.016,0.000,0.001,0.001,0.000,0.727,0.727
TCGA-BJ-A28Z-01A,0.076,0.034,0.044,0.007,0.038,0.000,0.043,0.113,0.122,0.019,0.166,0.000,0.001,0.004,0.001,0.333,0.333
TCGA-CE-A484-01A,0.010,0.000,0.000,0.000,0.003,0.000,0.000,0.140,0.005,0.105,0.020,0.000,0.001,0.000,0.000,0.714,0.714
TCGA-EM-A3FL-01A,0.054,0.009,0.001,0.000,0.001,0.000,0.000,0.069,0.000,0.030,0.010,0.000,0.000,0.000,0.000,0.824,0.824
TCGA-EL-A3GO-01A,0.006,0.001,0.001,0.000,0.010,0.000,0.000,0.291,0.000,0.099,0.033,0.000,0.003,0.004,0.000,0.551,0.551
TCGA-ET-A39T-01A,0.000,0.000,0.000,0.001,0.000,0.000,0.000,0.059,0.000,0.026,0.034,0.000,0.002,0.000,0.000,0.877,0.877
TCGA-EM-A2CK-01A,0.018,0.000,0.001,0.000,0.002,0.000,0.000,0.165,0.000,0.063,0.016,0.000,0.002,0.002,0.000,0.731,0.731
TCGA-DJ-A4UQ-01A,0.011,0.002,0.008,0.000,0.008,0.000,0.005,0.130,0.106,0.045,0.051,0.000,0.003,0.003,0.000,0.627,0.627
TCGA-DJ-A3UO-01A,0.006,0.000,0.003,0.000,0.000,0.000,0.000,0.080,0.055,0.029,0.034,0.000,0.002,0.001,0.000,0.790,0.790
TCGA-DJ-A1QM-01A,0.009,0.001,0.015,0.000,0.002,0.000,0.015,0.122,0.179,0.039,0.048,0.000,0.000,0.001,0.000,0.570,0.570
TCGA-ET-A3BS-01A,0.112,0.010,0.030,0.008,0.022,0.000,0.004,0.101,0.048,0.020,0.169,0.002,0.001,0.002,0.001,0.471,0.471
TCGA-EM-A3AO-01A,0.027,0.004,0.010,0.000,0.004,0.000,0.008,0.158,0.010,0.052,0.057,0.001,0.004,0.000,0.000,0.664,0.664
TCGA-DJ-A3UN-01A,0.010,0.000,0.004,0.001,0.000,0.000,0.000,0.138,0.024,0.044,0.082,0.000,0.003,0.002,0.000,0.690,0.690
TCGA-DJ-A13W-01A,0.010,0.000,0.000,0.000,0.000,0.000,0.000,0.208,0.000,0.101,0.002,0.000,0.000,0.000,0.000,0.678,0.678
TCGA-DJ-A3VE-01A,0.000,0.001,0.003,0.000,0.000,0.000,0.002,0.172,0.084,0.029,0.029,0.000,0.001,0.001,0.000,0.678,0.678
TCGA-DJ-A3VI-01A,0.013,0.000,0.002,0.000,0.000,0.000,0.000,0.047,0.000,0.007,0.016,0.000,0.000,0.000,0.000,0.913,0.913
TCGA-EM-A2CO-01A,0.018,0.000,0.000,0.000,0.000,0.000,0.000,0.098,0.000,0.098,0.016,0.000,0.000,0.000,0.000,0.769,0.769
TCGA-ET-A39L-01A,0.009,0.000,0.002,0.000,0.004,0.000,0.000,0.225,0.009,0.068,0.042,0.000,0.003,0.003,0.000,0.633,0.633
TCGA-EM-A3FO-01A,0.000,0.000,0.003,0.000,0.000,0.000,0.000,0.018,0.049,0.000,0.006,0.000,0.000,0.000,0.000,0.923,0.923
TCGA-E8-A418-01A,0.000,0.000,0.003,0.001,0.000,0.000,0.001,0.027,0.000,0.003,0.063,0.000,0.002,0.000,0.000,0.900,0.900
TCGA-DE-A4M9-01A,0.020,0.000,0.001,0.000,0.001,0.000,0.000,0.085,0.012,0.080,0.027,0.000,0.001,0.002,0.000,0.771,0.771
TCGA-BJ-A28W-01A,0.105,0.176,0.085,0.002,0.058,0.026,0.078,0.076,0.051,0.021,0.093,0.000,0.015,0.002,0.001,0.210,0.210
TCGA-DJ-A2Q6-01A,0.006,0.002,0.018,0.000,0.003,0.000,0.015,0.178,0.154,0.040,0.029,0.001,0.000,0.002,0.000,0.553,0.553
TCGA-EL-A3N2-01A,0.000,0.000,0.004,0.000,0.000,0.000,0.005,0.104,0.031,0.009,0.026,0.000,0.000,0.000,0.000,0.821,0.821
TCGA-FK-A3SG-01A,0.001,0.000,0.002,0.000,0.000,0.000,0.000,0.138,0.016,0.051,0.032,0.000,0.000,0.001,0.000,0.758,0.758
TCGA-DJ-A3UM-01A,0.008,0.000,0.005,0.000,0.000,0.000,0.003,0.144,0.075,0.022,0.060,0.000,0.002,0.000,0.000,0.679,0.679
TCGA-BJ-A45E-01A,0.276,0.008,0.042,0.020,0.067,0.001,0.016,0.092,0.052,0.033,0.228,0.000,0.013,0.000,0.000,0.152,0.152
TCGA-E8-A415-01A,0.005,0.000,0.003,0.000,0.002,0.000,0.001,0.099,0.045,0.020,0.060,0.000,0.000,0.000,0.000,0.765,0.765
TCGA-DJ-A4UP-01A,0.023,0.062,0.024,0.001,0.035,0.001,0.025,0.142,0.090,0.048,0.065,0.000,0.002,0.010,0.000,0.471,0.471
TCGA-ET-A39J-01A,0.000,0.000,0.004,0.000,0.000,0.000,0.000,0.219,0.075,0.065,0.032,0.001,0.000,0.001,0.000,0.603,0.603
TCGA-KS-A41J-01A,0.009,0.000,0.007,0.001,0.000,0.000,0.009,0.050,0.002,0.012,0.087,0.000,0.001,0.000,0.000,0.822,0.822
TCGA-BJ-A4O9-01A,0.005,0.000,0.000,0.000,0.001,0.000,0.000,0.067,0.000,0.010,0.003,0.000,0.002,0.000,0.000,0.911,0.911
TCGA-EM-A2CM-01A,0.001,0.000,0.000,0.000,0.000,0.000,0.002,0.048,0.000,0.025,0.031,0.000,0.000,0.000,0.000,0.893,0.893
TCGA-EM-A2OW-01A,0.021,0.000,0.000,0.000,0.000,0.000,0.000,0.261,0.000,0.069,0.039,0.000,0.000,0.000,0.000,0.610,0.610
TCGA-FE-A3PA-01A,0.000,0.000,0.002,0.000,0.003,0.000,0.006,0.111,0.035,0.026,0.019,0.000,0.002,0.000,0.000,0.795,0.795
TCGA-QD-A8IV-01A,0.045,0.001,0.001,0.000,0.008,0.000,0.000,0.163,0.000,0.034,0.034,0.000,0.002,0.003,0.000,0.708,0.708
TCGA-IM-A3U2-01A,0.000,0.000,0.004,0.000,0.000,0.000,0.011,0.049,0.084,0.006,0.010,0.000,0.000,0.000,0.000,0.836,0.836
TCGA-EL-A3H5-01A,0.000,0.000,0.006,0.000,0.000,0.000,0.024,0.136,0.485,0.017,0.048,0.000,0.000,0.000,0.000,0.283,0.283
TCGA-DJ-A13R-01A,0.058,0.000,0.007,0.000,0.101,0.000,0.000,0.044,0.000,0.035,0.192,0.000,0.001,0.000,0.000,0.562,0.562
TCGA-ET-A2MY-01A,0.000,0.000,0.003,0.000,0.000,0.000,0.003,0.048,0.007,0.025,0.029,0.000,0.001,0.000,0.000,0.884,0.884
TCGA-IM-A3EB-01A,0.023,0.001,0.018,0.000,0.010,0.000,0.004,0.053,0.031,0.005,0.091,0.000,0.000,0.000,0.000,0.764,0.764
TCGA-DJ-A1QF-01A,0.000,0.000,0.001,0.000,0.000,0.000,0.000,0.133,0.045,0.053,0.057,0.000,0.000,0.002,0.000,0.708,0.708
TCGA-EL-A3T1-01A,0.011,0.011,0.025,0.002,0.003,0.000,0.016,0.073,0.073,0.006,0.077,0.000,0.000,0.003,0.000,0.699,0.699
TCGA-FE-A237-01A,0.005,0.002,0.011,0.000,0.001,0.000,0.016,0.117,0.093,0.027,0.045,0.000,0.000,0.001,0.000,0.681,0.681
TCGA-EM-A3FJ-01A,0.000,0.000,0.005,0.001,0.000,0.000,0.012,0.113,0.069,0.022,0.032,0.000,0.001,0.000,0.000,0.746,0.746
TCGA-EL-A3D4-01A,0.002,0.000,0.002,0.000,0.003,0.000,0.001,0.225,0.070,0.102,0.029,0.000,0.003,0.001,0.000,0.565,0.565
TCGA-FE-A234-01A,0.000,0.000,0.008,0.000,0.000,0.000,0.018,0.084,0.029,0.006,0.051,0.000,0.000,0.000,0.000,0.802,0.802
TCGA-FY-A40M-01A,0.010,0.000,0.000,0.001,0.001,0.001,0.000,0.096,0.035,0.031,0.016,0.000,0.002,0.002,0.000,0.804,0.804
TCGA-EM-A2OX-01A,0.000,0.000,0.007,0.000,0.001,0.000,0.006,0.136,0.080,0.053,0.042,0.000,0.003,0.000,0.000,0.672,0.672
TCGA-EM-A4FR-01A,0.001,0.000,0.000,0.000,0.000,0.000,0.000,0.107,0.000,0.034,0.023,0.000,0.001,0.001,0.000,0.833,0.833
TCGA-EM-A22I-01A,0.000,0.000,0.004,0.000,0.000,0.000,0.019,0.072,0.085,0.005,0.019,0.000,0.000,0.000,0.000,0.795,0.795
TCGA-FY-A3ON-01A,0.011,0.002,0.018,0.002,0.008,0.000,0.006,0.167,0.061,0.026,0.054,0.004,0.002,0.003,0.000,0.635,0.635
TCGA-EM-A1YC-01A,0.013,0.001,0.000,0.000,0.000,0.000,0.000,0.067,0.000,0.031,0.029,0.000,0.002,0.000,0.000,0.857,0.857
TCGA-EL-A3TA-01A,0.015,0.002,0.014,0.000,0.008,0.000,0.014,0.177,0.062,0.061,0.088,0.000,0.004,0.000,0.000,0.555,0.555
TCGA-CE-A27D-01A,0.030,0.070,0.039,0.001,0.030,0.000,0.043,0.127,0.111,0.032,0.066,0.000,0.006,0.002,0.000,0.441,0.441
TCGA-ET-A3BT-01A,0.003,0.006,0.012,0.000,0.000,0.000,0.009,0.084,0.061,0.010,0.040,0.000,0.001,0.000,0.000,0.775,0.775
TCGA-DJ-A13U-01A,0.000,0.001,0.002,0.000,0.000,0.000,0.003,0.087,0.008,0.033,0.022,0.000,0.000,0.000,0.000,0.844,0.844
TCGA-EM-A3O8-01A,0.025,0.000,0.000,0.000,0.000,0.000,0.000,0.143,0.000,0.047,0.011,0.000,0.002,0.003,0.000,0.768,0.768
TCGA-H2-A422-01A,0.000,0.000,0.001,0.000,0.000,0.000,0.000,0.056,0.000,0.007,0.032,0.000,0.000,0.002,0.000,0.902,0.902
TCGA-EL-A3CL-01A,0.000,0.001,0.004,0.000,0.001,0.000,0.000,0.118,0.058,0.016,0.035,0.002,0.002,0.005,0.000,0.758,0.758
TCGA-DJ-A13V-01A,0.009,0.000,0.005,0.000,0.000,0.000,0.002,0.122,0.057,0.030,0.021,0.000,0.006,0.001,0.000,0.748,0.748
TCGA-EM-A22Q-01A,0.040,0.000,0.000,0.000,0.004,0.000,0.000,0.113,0.004,0.068,0.017,0.000,0.003,0.003,0.000,0.748,0.748
TCGA-EM-A22J-01A,0.012,0.000,0.000,0.000,0.001,0.000,0.000,0.123,0.000,0.047,0.034,0.000,0.001,0.001,0.000,0.782,0.782
TCGA-BJ-A0Z2-01A,0.018,0.000,0.005,0.000,0.003,0.000,0.001,0.079,0.005,0.020,0.022,0.000,0.002,0.001,0.000,0.843,0.843
TCGA-E3-A3E3-01A,0.000,0.000,0.003,0.001,0.000,0.000,0.014,0.067,0.014,0.020,0.031,0.000,0.000,0.000,0.000,0.850,0.850
TCGA-IM-A41Y-01A,0.001,0.000,0.001,0.000,0.000,0.000,0.000,0.044,0.002,0.018,0.005,0.000,0.000,0.000,0.000,0.929,0.929
TCGA-EM-A3AN-01A,0.001,0.000,0.002,0.000,0.002,0.000,0.008,0.103,0.037,0.035,0.028,0.000,0.004,0.000,0.000,0.779,0.779
TCGA-EL-A3ZP-01A,0.016,0.015,0.026,0.004,0.021,0.000,0.026,0.107,0.094,0.019,0.065,0.000,0.002,0.002,0.000,0.603,0.603
TCGA-BJ-A3F0-01A,0.028,0.000,0.002,0.000,0.001,0.000,0.000,0.258,0.000,0.071,0.020,0.000,0.005,0.001,0.000,0.612,0.612
TCGA-L6-A4EQ-01A,0.001,0.000,0.003,0.000,0.000,0.000,0.001,0.117,0.014,0.001,0.030,0.000,0.005,0.001,0.000,0.827,0.827
TCGA-FE-A3PB-01A,0.009,0.005,0.019,0.002,0.001,0.000,0.071,0.072,0.232,0.012,0.022,0.001,0.000,0.000,0.000,0.555,0.555
TCGA-BJ-A0ZB-01A,0.000,0.000,0.002,0.000,0.000,0.000,0.004,0.075,0.019,0.016,0.016,0.000,0.000,0.000,0.000,0.867,0.867
TCGA-BJ-A0ZJ-01A,0.033,0.074,0.034,0.001,0.035,0.001,0.015,0.126,0.064,0.061,0.101,0.000,0.004,0.004,0.000,0.445,0.445
TCGA-EM-A4G1-01A,0.002,0.001,0.001,0.000,0.000,0.001,0.016,0.085,0.000,0.037,0.038,0.000,0.000,0.000,0.000,0.820,0.820
TCGA-DJ-A3V7-01A,0.000,0.000,0.004,0.000,0.000,0.000,0.004,0.065,0.001,0.015,0.046,0.000,0.000,0.000,0.000,0.864,0.864
TCGA-KS-A4I3-01A,0.000,0.000,0.002,0.000,0.002,0.000,0.003,0.113,0.012,0.039,0.017,0.000,0.002,0.000,0.000,0.810,0.810
TCGA-EL-A3GR-01A,0.000,0.000,0.010,0.000,0.002,0.000,0.006,0.171,0.138,0.033,0.059,0.004,0.000,0.005,0.000,0.570,0.570
TCGA-EM-A3AQ-01A,0.002,0.000,0.002,0.000,0.002,0.000,0.004,0.168,0.019,0.051,0.032,0.000,0.002,0.000,0.000,0.718,0.718
TCGA-BJ-A45C-01A,0.017,0.001,0.000,0.000,0.002,0.000,0.000,0.141,0.012,0.098,0.006,0.000,0.006,0.002,0.000,0.715,0.715
TCGA-DJ-A2PN-01A,0.002,0.000,0.005,0.000,0.000,0.000,0.000,0.162,0.027,0.039,0.034,0.000,0.000,0.001,0.000,0.729,0.729
TCGA-ET-A2MX-01A,0.001,0.000,0.000,0.000,0.000,0.000,0.000,0.019,0.000,0.005,0.016,0.000,0.000,0.000,0.000,0.958,0.958
TCGA-DJ-A4V2-01A,0.002,0.000,0.010,0.000,0.000,0.000,0.008,0.081,0.042,0.007,0.069,0.000,0.000,0.000,0.000,0.780,0.780
TCGA-ET-A39P-01A,0.000,0.000,0.003,0.000,0.000,0.000,0.006,0.095,0.047,0.023,0.043,0.000,0.000,0.000,0.000,0.783,0.783
TCGA-DJ-A2Q3-01A,0.017,0.032,0.025,0.004,0.009,0.000,0.029,0.100,0.113,0.017,0.117,0.001,0.000,0.003,0.001,0.533,0.533
TCGA-DJ-A2QC-01A,0.010,0.000,0.003,0.000,0.003,0.000,0.000,0.187,0.009,0.053,0.060,0.001,0.005,0.001,0.000,0.667,0.667
TCGA-KS-A4IB-01A,0.000,0.000,0.000,0.000,0.000,0.000,0.000,0.064,0.000,0.015,0.030,0.000,0.000,0.000,0.000,0.888,0.888
TCGA-EM-A3AK-01A,0.000,0.000,0.007,0.000,0.003,0.000,0.006,0.188,0.046,0.074,0.073,0.001,0.002,0.001,0.000,0.599,0.599
TCGA-EM-A3ST-01A,0.022,0.000,0.000,0.001,0.000,0.000,0.000,0.076,0.000,0.019,0.014,0.000,0.008,0.004,0.000,0.855,0.855
TCGA-FK-A3SD-01A,0.034,0.000,0.000,0.000,0.001,0.000,0.000,0.110,0.002,0.070,0.007,0.000,0.000,0.001,0.000,0.775,0.775
TCGA-DJ-A2PQ-01A,0.000,0.000,0.001,0.000,0.000,0.000,0.000,0.104,0.012,0.048,0.025,0.000,0.001,0.001,0.000,0.808,0.808
TCGA-DJ-A13P-01A,0.006,0.000,0.002,0.000,0.000,0.000,0.000,0.170,0.009,0.040,0.039,0.000,0.006,0.005,0.000,0.723,0.723
TCGA-EM-A2CL-01A,0.027,0.000,0.000,0.000,0.002,0.000,0.000,0.165,0.000,0.076,0.002,0.000,0.000,0.002,0.000,0.725,0.725
TCGA-EL-A3MW-01A,0.000,0.000,0.001,0.000,0.000,0.000,0.000,0.120,0.016,0.027,0.104,0.000,0.003,0.001,0.000,0.727,0.727
TCGA-J8-A3NZ-01A,0.001,0.000,0.007,0.002,0.000,0.000,0.017,0.073,0.024,0.012,0.056,0.000,0.000,0.000,0.000,0.808,0.808
TCGA-DE-A4MD-01A,0.001,0.001,0.000,0.000,0.000,0.000,0.000,0.011,0.000,0.002,0.008,0.000,0.000,0.000,0.000,0.977,0.977
TCGA-DJ-A3UY-01A,0.000,0.001,0.016,0.000,0.001,0.000,0.031,0.115,0.145,0.028,0.083,0.000,0.000,0.001,0.000,0.580,0.580
TCGA-ET-A25O-01A,0.001,0.000,0.000,0.000,0.000,0.000,0.000,0.062,0.000,0.011,0.005,0.000,0.000,0.001,0.000,0.919,0.919
TCGA-EL-A3ZM-01A,0.000,0.000,0.005,0.000,0.000,0.000,0.009,0.015,0.063,0.000,0.024,0.000,0.000,0.000,0.000,0.884,0.884
TCGA-EM-A1YE-01A,0.041,0.000,0.000,0.000,0.000,0.000,0.000,0.117,0.006,0.084,0.012,0.000,0.002,0.000,0.000,0.736,0.736
TCGA-J8-A42S-01A,0.002,0.000,0.003,0.000,0.000,0.000,0.006,0.151,0.107,0.035,0.014,0.000,0.000,0.000,0.000,0.679,0.679
TCGA-ET-A2MZ-01A,0.003,0.000,0.003,0.000,0.000,0.000,0.000,0.213,0.013,0.072,0.064,0.004,0.001,0.001,0.000,0.625,0.625
TCGA-CE-A3ME-01A,0.001,0.000,0.001,0.002,0.002,0.000,0.000,0.085,0.010,0.023,0.038,0.000,0.001,0.000,0.000,0.836,0.836
TCGA-EM-A3AR-01A,0.006,0.000,0.004,0.000,0.005,0.000,0.009,0.114,0.134,0.041,0.024,0.000,0.001,0.000,0.000,0.661,0.661
TCGA-FY-A3BL-01A,0.000,0.000,0.001,0.000,0.000,0.000,0.005,0.032,0.000,0.055,0.004,0.000,0.000,0.000,0.000,0.903,0.903
TCGA-EM-A3FM-01A,0.000,0.000,0.004,0.000,0.000,0.000,0.017,0.034,0.051,0.003,0.055,0.000,0.000,0.000,0.000,0.835,0.835
TCGA-BJ-A4O8-01A,0.003,0.000,0.026,0.000,0.001,0.000,0.047,0.107,0.129,0.039,0.069,0.000,0.003,0.004,0.000,0.572,0.572
TCGA-H2-A3RI-01A,0.005,0.000,0.004,0.003,0.000,0.000,0.019,0.072,0.009,0.028,0.038,0.000,0.000,0.000,0.000,0.823,0.823
TCGA-ET-A3BQ-01B,0.000,0.000,0.004,0.000,0.000,0.000,0.000,0.222,0.068,0.048,0.050,0.000,0.003,0.002,0.000,0.602,0.602
TCGA-CE-A482-01A,0.000,0.000,0.009,0.000,0.002,0.000,0.004,0.139,0.026,0.057,0.046,0.001,0.004,0.003,0.000,0.709,0.709
TCGA-DJ-A4UT-01A,0.011,0.002,0.039,0.006,0.032,0.000,0.035,0.181,0.102,0.066,0.090,0.000,0.001,0.002,0.001,0.432,0.432
TCGA-BJ-A3PU-01A,0.002,0.000,0.004,0.000,0.000,0.000,0.010,0.019,0.005,0.000,0.028,0.000,0.000,0.000,0.000,0.931,0.931
TCGA-ET-A25I-01A,0.055,0.000,0.000,0.000,0.001,0.000,0.000,0.166,0.000,0.039,0.038,0.000,0.000,0.000,0.000,0.701,0.701
TCGA-BJ-A2NA-01A,0.004,0.000,0.004,0.001,0.000,0.000,0.000,0.081,0.054,0.022,0.065,0.000,0.000,0.000,0.000,0.767,0.767
TCGA-DJ-A3V0-01A,0.000,0.000,0.003,0.000,0.001,0.000,0.005,0.116,0.135,0.060,0.045,0.000,0.001,0.000,0.000,0.633,0.633
TCGA-DJ-A3VB-01A,0.000,0.000,0.010,0.000,0.000,0.000,0.019,0.056,0.038,0.011,0.039,0.000,0.000,0.000,0.000,0.826,0.826
TCGA-DJ-A2PV-01A,0.002,0.001,0.009,0.000,0.003,0.000,0.005,0.229,0.092,0.097,0.082,0.000,0.001,0.004,0.000,0.475,0.475
TCGA-BJ-A3PR-01A,0.059,0.173,0.074,0.005,0.063,0.000,0.036,0.091,0.072,0.017,0.119,0.001,0.002,0.003,0.000,0.285,0.285
TCGA-EL-A3CR-01A,0.000,0.000,0.010,0.000,0.000,0.000,0.002,0.103,0.195,0.015,0.203,0.000,0.001,0.000,0.000,0.471,0.471
TCGA-ET-A25N-01A,0.000,0.001,0.002,0.000,0.001,0.000,0.000,0.163,0.057,0.025,0.050,0.003,0.000,0.003,0.000,0.694,0.694
TCGA-EM-A1CT-01A,0.000,0.000,0.004,0.000,0.000,0.000,0.009,0.070,0.010,0.026,0.071,0.000,0.000,0.000,0.000,0.809,0.809
TCGA-DE-A0Y3-01B,0.000,0.000,0.002,0.000,0.000,0.000,0.003,0.056,0.003,0.007,0.015,0.000,0.000,0.001,0.000,0.914,0.914
TCGA-DJ-A2Q0-01A,0.002,0.000,0.000,0.000,0.000,0.000,0.000,0.197,0.000,0.076,0.033,0.000,0.000,0.000,0.000,0.691,0.691
TCGA-FE-A239-01A,0.039,0.000,0.000,0.000,0.001,0.000,0.000,0.113,0.005,0.029,0.017,0.000,0.002,0.001,0.000,0.791,0.791
TCGA-EM-A2CQ-01A,0.024,0.000,0.000,0.000,0.000,0.000,0.003,0.154,0.000,0.070,0.016,0.000,0.001,0.000,0.000,0.731,0.731
TCGA-EL-A3T6-01A,0.033,0.001,0.023,0.001,0.015,0.000,0.008,0.062,0.006,0.006,0.127,0.000,0.000,0.000,0.000,0.717,0.717
TCGA-DE-A4M8-01A,0.135,0.028,0.033,0.013,0.040,0.001,0.019,0.120,0.074,0.053,0.152,0.001,0.007,0.008,0.001,0.314,0.314
TCGA-J8-A3YH-01A,0.002,0.000,0.004,0.000,0.000,0.000,0.000,0.156,0.056,0.047,0.044,0.003,0.003,0.003,0.000,0.680,0.680
TCGA-FE-A235-01A,0.016,0.002,0.004,0.000,0.004,0.000,0.003,0.130,0.081,0.029,0.041,0.000,0.001,0.001,0.000,0.687,0.687
TCGA-FE-A233-01A,0.000,0.000,0.001,0.000,0.000,0.000,0.000,0.085,0.014,0.010,0.021,0.000,0.000,0.000,0.000,0.868,0.868
TCGA-EM-A4FN-01A,0.000,0.000,0.003,0.000,0.000,0.000,0.009,0.068,0.005,0.021,0.080,0.000,0.000,0.000,0.000,0.813,0.813
TCGA-ET-A39N-01A,0.025,0.000,0.001,0.000,0.001,0.000,0.000,0.126,0.000,0.053,0.023,0.000,0.007,0.001,0.000,0.762,0.762
TCGA-ET-A4KN-01A,0.117,0.000,0.030,0.002,0.000,0.000,0.004,0.013,0.079,0.000,0.111,0.000,0.001,0.000,0.000,0.644,0.644
TCGA-BJ-A3EZ-01A,0.000,0.000,0.004,0.000,0.001,0.000,0.013,0.047,0.017,0.001,0.019,0.000,0.000,0.000,0.000,0.898,0.898
TCGA-DJ-A3UR-01A,0.001,0.000,0.002,0.000,0.000,0.000,0.000,0.164,0.014,0.063,0.046,0.000,0.003,0.004,0.000,0.704,0.704
TCGA-FE-A236-01A,0.001,0.001,0.002,0.000,0.001,0.000,0.001,0.126,0.017,0.034,0.019,0.000,0.002,0.000,0.000,0.797,0.797
TCGA-ET-A2N4-01A,0.001,0.000,0.002,0.000,0.000,0.000,0.000,0.178,0.001,0.055,0.060,0.000,0.005,0.006,0.000,0.694,0.694
TCGA-ET-A3BO-01A,0.026,0.002,0.026,0.008,0.005,0.000,0.022,0.099,0.061,0.031,0.097,0.000,0.001,0.002,0.000,0.619,0.619
TCGA-FK-A4UB-01A,0.000,0.000,0.001,0.000,0.000,0.000,0.000,0.123,0.012,0.087,0.010,0.000,0.002,0.000,0.000,0.763,0.763
TCGA-DJ-A13L-01A,0.020,0.009,0.030,0.002,0.011,0.000,0.049,0.069,0.152,0.007,0.120,0.001,0.000,0.000,0.001,0.528,0.528
TCGA-EL-A3ZQ-01A,0.063,0.000,0.003,0.000,0.002,0.000,0.007,0.050,0.018,0.026,0.038,0.000,0.004,0.000,0.000,0.788,0.788
TCGA-EL-A4K9-01A,0.000,0.000,0.010,0.000,0.001,0.000,0.007,0.223,0.042,0.064,0.071,0.002,0.003,0.001,0.000,0.575,0.575
TCGA-ET-A25P-01A,0.009,0.001,0.002,0.000,0.005,0.000,0.000,0.192,0.013,0.088,0.032,0.005,0.006,0.010,0.000,0.637,0.637
TCGA-EL-A3ZH-01A,0.028,0.000,0.001,0.000,0.001,0.000,0.000,0.121,0.000,0.055,0.035,0.000,0.005,0.001,0.000,0.753,0.753
TCGA-EM-A4FU-01A,0.010,0.000,0.000,0.000,0.002,0.000,0.000,0.166,0.002,0.092,0.041,0.000,0.001,0.000,0.000,0.684,0.684
TCGA-KS-A4IC-01A,0.006,0.000,0.003,0.000,0.000,0.000,0.001,0.083,0.023,0.028,0.052,0.000,0.003,0.000,0.000,0.800,0.800
TCGA-CE-A481-01A,0.023,0.012,0.016,0.000,0.029,0.000,0.009,0.173,0.091,0.043,0.063,0.000,0.002,0.007,0.000,0.528,0.528
TCGA-EL-A3CT-01A,0.002,0.000,0.004,0.000,0.000,0.000,0.003,0.129,0.113,0.035,0.089,0.000,0.000,0.000,0.000,0.624,0.624
TCGA-DJ-A2QA-01A,0.012,0.000,0.003,0.000,0.000,0.000,0.000,0.104,0.060,0.043,0.028,0.000,0.000,0.001,0.000,0.748,0.748
TCGA-FY-A40L-01A,0.000,0.000,0.003,0.001,0.000,0.000,0.008,0.071,0.064,0.010,0.077,0.000,0.000,0.000,0.000,0.766,0.766
TCGA-DO-A1K0-01A,0.000,0.000,0.001,0.000,0.000,0.000,0.002,0.102,0.015,0.020,0.037,0.000,0.000,0.002,0.000,0.820,0.820
TCGA-EL-A3GW-01A,0.017,0.000,0.001,0.000,0.001,0.000,0.002,0.115,0.022,0.021,0.033,0.000,0.000,0.001,0.000,0.787,0.787
TCGA-EM-A3SU-01A,0.042,0.000,0.012,0.000,0.001,0.000,0.010,0.035,0.008,0.014,0.169,0.000,0.000,0.000,0.000,0.707,0.707
TCGA-MK-A84Z-01A,0.013,0.000,0.000,0.000,0.002,0.000,0.000,0.217,0.006,0.103,0.015,0.000,0.001,0.001,0.000,0.642,0.642
TCGA-EL-A3H1-01A,0.035,0.000,0.000,0.000,0.004,0.000,0.000,0.177,0.000,0.046,0.032,0.000,0.000,0.000,0.000,0.704,0.704
TCGA-EL-A3ZK-01A,0.010,0.000,0.002,0.000,0.000,0.000,0.018,0.082,0.004,0.007,0.064,0.000,0.000,0.001,0.000,0.811,0.811
TCGA-EL-A3GP-01A,0.000,0.000,0.009,0.000,0.001,0.000,0.009,0.094,0.278,0.024,0.248,0.006,0.001,0.001,0.000,0.328,0.328
TCGA-ET-A40R-01A,0.030,0.021,0.014,0.000,0.003,0.000,0.007,0.139,0.026,0.057,0.056,0.000,0.006,0.002,0.000,0.639,0.639
TCGA-DJ-A3UX-01A,0.023,0.012,0.011,0.001,0.009,0.000,0.007,0.129,0.072,0.039,0.050,0.000,0.001,0.001,0.000,0.644,0.644
TCGA-DJ-A1QQ-01A,0.009,0.002,0.015,0.000,0.003,0.000,0.002,0.149,0.108,0.025,0.042,0.001,0.001,0.003,0.000,0.638,0.638
TCGA-EL-A3GY-01A,0.001,0.000,0.010,0.000,0.000,0.000,0.021,0.103,0.042,0.017,0.088,0.000,0.000,0.001,0.000,0.714,0.714
TCGA-EL-A4K0-01A,0.004,0.002,0.020,0.001,0.000,0.001,0.018,0.117,0.178,0.018,0.069,0.001,0.002,0.007,0.000,0.563,0.563
TCGA-IM-A3ED-01A,0.032,0.021,0.018,0.000,0.008,0.000,0.001,0.119,0.093,0.016,0.125,0.002,0.000,0.003,0.000,0.561,0.561
TCGA-EL-A3GZ-01A,0.000,0.000,0.010,0.001,0.000,0.000,0.017,0.111,0.095,0.029,0.020,0.000,0.001,0.001,0.000,0.714,0.714
TCGA-DJ-A1QL-01A,0.020,0.000,0.001,0.000,0.002,0.000,0.000,0.231,0.001,0.043,0.017,0.000,0.009,0.002,0.000,0.672,0.672
TCGA-DJ-A4V5-01A,0.009,0.006,0.039,0.001,0.017,0.000,0.046,0.124,0.087,0.028,0.063,0.002,0.002,0.003,0.000,0.573,0.573
TCGA-EL-A3T3-01A,0.000,0.000,0.004,0.000,0.000,0.000,0.000,0.099,0.041,0.020,0.053,0.000,0.000,0.000,0.000,0.782,0.782
TCGA-E3-A3E1-01A,0.004,0.000,0.005,0.000,0.000,0.000,0.004,0.072,0.024,0.021,0.073,0.000,0.001,0.000,0.000,0.796,0.796
TCGA-EL-A3ZN-01A,0.001,0.000,0.001,0.000,0.001,0.000,0.000,0.214,0.043,0.082,0.034,0.000,0.005,0.001,0.000,0.618,0.618
TCGA-EL-A4KI-01A,0.029,0.000,0.000,0.000,0.000,0.000,0.000,0.089,0.003,0.071,0.010,0.000,0.003,0.000,0.000,0.793,0.793
TCGA-DJ-A2Q4-01A,0.008,0.001,0.006,0.001,0.001,0.000,0.005,0.105,0.033,0.018,0.028,0.000,0.000,0.000,0.000,0.794,0.794
TCGA-IM-A4EB-01A,0.043,0.011,0.020,0.000,0.007,0.000,0.013,0.083,0.093,0.014,0.072,0.000,0.000,0.000,0.000,0.644,0.644
TCGA-ET-A39M-01A,0.097,0.001,0.029,0.001,0.018,0.000,0.006,0.079,0.061,0.025,0.161,0.000,0.001,0.000,0.000,0.519,0.519
TCGA-EM-A2CU-01A,0.013,0.001,0.014,0.000,0.015,0.000,0.004,0.163,0.045,0.069,0.092,0.000,0.005,0.002,0.000,0.578,0.578
TCGA-E3-A3DZ-01A,0.018,0.000,0.001,0.000,0.001,0.000,0.000,0.184,0.009,0.055,0.012,0.000,0.000,0.005,0.000,0.713,0.713
TCGA-ET-A3BW-01A,0.001,0.000,0.000,0.000,0.001,0.000,0.000,0.126,0.012,0.039,0.020,0.000,0.001,0.004,0.000,0.797,0.797
TCGA-DE-A0Y2-01A,0.000,0.000,0.001,0.000,0.000,0.000,0.000,0.075,0.016,0.007,0.035,0.000,0.000,0.002,0.000,0.863,0.863
TCGA-DJ-A3VF-01A,0.000,0.000,0.032,0.000,0.000,0.000,0.061,0.103,0.310,0.013,0.057,0.002,0.000,0.001,0.000,0.421,0.421
TCGA-DJ-A3VA-01A,0.012,0.001,0.006,0.002,0.001,0.000,0.003,0.115,0.030,0.023,0.036,0.000,0.002,0.001,0.000,0.767,0.767
TCGA-E3-A3E2-01A,0.023,0.099,0.034,0.008,0.013,0.000,0.024,0.125,0.066,0.024,0.057,0.001,0.001,0.001,0.000,0.524,0.524
TCGA-DJ-A1QD-01A,0.002,0.000,0.002,0.001,0.000,0.000,0.004,0.091,0.046,0.010,0.032,0.000,0.000,0.000,0.000,0.812,0.812
TCGA-J8-A3O1-01A,0.000,0.000,0.000,0.000,0.000,0.000,0.000,0.042,0.000,0.008,0.030,0.000,0.001,0.002,0.000,0.918,0.918
TCGA-DJ-A3V3-01A,0.043,0.003,0.012,0.001,0.014,0.000,0.001,0.146,0.040,0.045,0.073,0.000,0.005,0.001,0.000,0.614,0.614
TCGA-DJ-A2Q2-01A,0.020,0.002,0.003,0.000,0.004,0.000,0.000,0.213,0.002,0.069,0.076,0.000,0.004,0.000,0.000,0.607,0.607
TCGA-KS-A41F-01A,0.016,0.000,0.002,0.001,0.000,0.000,0.000,0.047,0.008,0.018,0.017,0.000,0.000,0.001,0.000,0.890,0.890
TCGA-EL-A3N3-01A,0.057,0.000,0.019,0.000,0.003,0.000,0.017,0.083,0.077,0.003,0.097,0.000,0.001,0.000,0.000,0.641,0.641
TCGA-GE-A2C6-01A,0.010,0.009,0.031,0.001,0.021,0.000,0.022,0.111,0.157,0.055,0.071,0.001,0.001,0.005,0.000,0.505,0.505
TCGA-EL-A3D6-01A,0.012,0.000,0.010,0.000,0.000,0.000,0.030,0.069,0.086,0.004,0.038,0.000,0.000,0.000,0.000,0.751,0.751
TCGA-DE-A7U5-01A,0.021,0.001,0.032,0.003,0.002,0.000,0.026,0.077,0.183,0.008,0.089,0.000,0.000,0.004,0.001,0.553,0.553
TCGA-DJ-A3VJ-01A,0.009,0.000,0.020,0.000,0.008,0.000,0.009,0.158,0.069,0.038,0.033,0.001,0.001,0.000,0.000,0.653,0.653
TCGA-EM-A4FQ-01A,0.014,0.000,0.004,0.000,0.000,0.000,0.006,0.056,0.020,0.022,0.061,0.000,0.000,0.000,0.000,0.816,0.816
TCGA-CE-A3MD-01A,0.001,0.000,0.003,0.000,0.004,0.000,0.006,0.167,0.044,0.052,0.048,0.000,0.005,0.000,0.000,0.668,0.668
TCGA-ET-A25R-01A,0.000,0.000,0.012,0.000,0.000,0.000,0.027,0.074,0.065,0.004,0.037,0.000,0.000,0.000,0.000,0.780,0.780
TCGA-EM-A3AP-01A,0.015,0.000,0.001,0.000,0.000,0.000,0.000,0.164,0.017,0.090,0.061,0.000,0.001,0.004,0.000,0.647,0.647
TCGA-EL-A4JZ-01A,0.010,0.000,0.030,0.002,0.020,0.000,0.023,0.128,0.126,0.058,0.129,0.000,0.000,0.002,0.001,0.468,0.468
TCGA-FE-A23A-01A,0.063,0.005,0.015,0.003,0.011,0.000,0.013,0.043,0.025,0.004,0.071,0.000,0.000,0.000,0.000,0.745,0.745
TCGA-BJ-A45K-01A,0.026,0.000,0.001,0.000,0.003,0.000,0.000,0.244,0.000,0.096,0.004,0.000,0.002,0.002,0.000,0.622,0.622
TCGA-DJ-A1QE-01A,0.000,0.002,0.009,0.000,0.000,0.000,0.017,0.067,0.111,0.000,0.018,0.000,0.000,0.001,0.000,0.775,0.775
TCGA-E8-A433-01A,0.006,0.001,0.012,0.000,0.000,0.000,0.020,0.082,0.107,0.024,0.045,0.000,0.000,0.000,0.000,0.703,0.703
TCGA-BJ-A18Z-01A,0.000,0.000,0.018,0.000,0.001,0.000,0.017,0.073,0.201,0.011,0.050,0.001,0.001,0.000,0.000,0.627,0.627
TCGA-EL-A4K7-01A,0.001,0.000,0.001,0.000,0.000,0.000,0.001,0.019,0.016,0.001,0.012,0.000,0.000,0.000,0.000,0.948,0.948
TCGA-FY-A3W9-01A,0.016,0.001,0.000,0.000,0.002,0.000,0.000,0.128,0.000,0.027,0.017,0.000,0.002,0.002,0.000,0.804,0.804
TCGA-EM-A22P-01A,0.013,0.087,0.039,0.001,0.030,0.005,0.040,0.154,0.169,0.057,0.073,0.004,0.003,0.010,0.001,0.314,0.314
TCGA-DJ-A2PX-01A,0.061,0.039,0.030,0.002,0.019,0.000,0.015,0.148,0.046,0.058,0.096,0.000,0.006,0.002,0.000,0.477,0.477
TCGA-J8-A3YD-01A,0.004,0.000,0.003,0.000,0.001,0.000,0.002,0.129,0.030,0.036,0.022,0.000,0.001,0.001,0.000,0.771,0.771
TCGA-EL-A3CV-01A,0.002,0.019,0.034,0.012,0.035,0.000,0.054,0.160,0.197,0.036,0.105,0.002,0.001,0.006,0.001,0.337,0.337
TCGA-EL-A3CM-01A,0.000,0.003,0.004,0.000,0.000,0.000,0.013,0.131,0.172,0.024,0.042,0.000,0.000,0.000,0.000,0.610,0.610
TCGA-ET-A40Q-01A,0.019,0.000,0.013,0.000,0.001,0.000,0.020,0.050,0.071,0.011,0.106,0.000,0.001,0.000,0.000,0.709,0.709
TCGA-FK-A3SE-01A,0.005,0.000,0.003,0.000,0.001,0.000,0.006,0.111,0.069,0.018,0.021,0.002,0.000,0.002,0.000,0.763,0.763
TCGA-EM-A2OZ-01A,0.001,0.000,0.004,0.000,0.003,0.000,0.001,0.107,0.000,0.028,0.056,0.000,0.002,0.000,0.000,0.798,0.798
TCGA-ET-A3DW-01A,0.000,0.000,0.008,0.000,0.000,0.000,0.015,0.024,0.000,0.000,0.024,0.000,0.000,0.000,0.000,0.927,0.927
TCGA-H2-A421-01A,0.054,0.001,0.022,0.005,0.009,0.000,0.008,0.093,0.066,0.014,0.093,0.000,0.000,0.000,0.000,0.633,0.633
TCGA-E8-A417-01A,0.031,0.001,0.005,0.003,0.002,0.000,0.002,0.058,0.000,0.020,0.086,0.000,0.003,0.000,0.000,0.789,0.789
TCGA-EL-A3T2-01A,0.011,0.001,0.000,0.000,0.001,0.000,0.000,0.187,0.005,0.036,0.035,0.000,0.002,0.006,0.000,0.716,0.716
TCGA-E3-A3E0-01A,0.009,0.000,0.008,0.001,0.005,0.000,0.000,0.130,0.017,0.030,0.062,0.000,0.002,0.001,0.000,0.734,0.734
TCGA-DJ-A3UW-01A,0.090,0.014,0.029,0.001,0.007,0.000,0.027,0.084,0.095,0.015,0.090,0.000,0.001,0.000,0.000,0.545,0.545
TCGA-DJ-A3VG-01A,0.015,0.000,0.000,0.000,0.003,0.000,0.000,0.175,0.012,0.092,0.021,0.000,0.002,0.001,0.000,0.678,0.678
TCGA-BJ-A28V-01A,0.022,0.000,0.001,0.000,0.001,0.000,0.000,0.207,0.000,0.073,0.004,0.000,0.002,0.002,0.000,0.688,0.688
TCGA-EM-A2CJ-01A,0.021,0.000,0.000,0.000,0.002,0.000,0.000,0.117,0.000,0.061,0.020,0.000,0.002,0.001,0.000,0.776,0.776
TCGA-EM-A22O-01A,0.000,0.000,0.000,0.001,0.000,0.000,0.000,0.059,0.000,0.007,0.028,0.000,0.001,0.000,0.000,0.902,0.902
TCGA-E3-A3DY-01A,0.020,0.003,0.010,0.001,0.002,0.000,0.003,0.085,0.025,0.019,0.096,0.000,0.000,0.000,0.000,0.733,0.733
TCGA-BJ-A0ZH-01A,0.005,0.000,0.007,0.000,0.000,0.000,0.004,0.115,0.006,0.034,0.068,0.000,0.001,0.000,0.000,0.760,0.760
TCGA-BJ-A45J-01A,0.004,0.001,0.006,0.000,0.000,0.000,0.004,0.138,0.048,0.018,0.027,0.002,0.001,0.000,0.000,0.751,0.751
TCGA-FY-A3I5-01B,0.027,0.043,0.002,0.000,0.004,0.000,0.000,0.079,0.012,0.045,0.035,0.000,0.000,0.000,0.000,0.751,0.751
TCGA-E8-A413-01A,0.000,0.001,0.018,0.000,0.003,0.000,0.028,0.111,0.227,0.028,0.064,0.000,0.001,0.001,0.000,0.517,0.517
TCGA-FY-A3NM-01A,0.018,0.000,0.001,0.000,0.001,0.000,0.000,0.156,0.000,0.038,0.004,0.000,0.000,0.000,0.000,0.783,0.783
TCGA-FY-A2QD-01A,0.032,0.000,0.000,0.000,0.001,0.000,0.000,0.065,0.000,0.031,0.002,0.000,0.000,0.002,0.000,0.867,0.867
TCGA-CE-A485-01A,0.000,0.000,0.022,0.000,0.011,0.000,0.017,0.206,0.153,0.063,0.065,0.001,0.004,0.005,0.000,0.452,0.452
TCGA-DJ-A13S-01A,0.004,0.000,0.000,0.000,0.000,0.000,0.000,0.138,0.000,0.044,0.036,0.000,0.000,0.003,0.000,0.774,0.774
TCGA-ET-A3DR-01A,0.006,0.000,0.004,0.000,0.000,0.000,0.000,0.156,0.075,0.021,0.016,0.000,0.001,0.008,0.000,0.712,0.712
TCGA-DJ-A13O-01A,0.033,0.023,0.021,0.001,0.016,0.000,0.016,0.063,0.067,0.015,0.062,0.000,0.001,0.000,0.000,0.682,0.682
TCGA-EM-A22N-01A,0.054,0.000,0.000,0.000,0.000,0.000,0.000,0.153,0.000,0.085,0.040,0.000,0.001,0.000,0.000,0.665,0.665
TCGA-E8-A414-01A,0.003,0.012,0.027,0.001,0.004,0.000,0.024,0.136,0.193,0.042,0.068,0.002,0.001,0.008,0.000,0.478,0.478
TCGA-ET-A3BU-01A,0.001,0.000,0.007,0.000,0.000,0.000,0.000,0.191,0.067,0.032,0.048,0.002,0.000,0.003,0.000,0.648,0.648
TCGA-EL-A3ZT-01A,0.001,0.000,0.004,0.001,0.000,0.000,0.000,0.141,0.037,0.024,0.031,0.000,0.000,0.001,0.000,0.759,0.759
TCGA-ET-A39S-01A,0.010,0.000,0.006,0.000,0.001,0.000,0.006,0.180,0.082,0.046,0.036,0.001,0.001,0.002,0.000,0.628,0.628
TCGA-EM-A3O6-01A,0.029,0.000,0.001,0.000,0.000,0.000,0.000,0.209,0.000,0.080,0.007,0.000,0.001,0.000,0.000,0.672,0.672
TCGA-ET-A3DU-01A,0.134,0.007,0.032,0.010,0.033,0.000,0.028,0.076,0.095,0.003,0.134,0.000,0.001,0.001,0.001,0.445,0.445
TCGA-DJ-A1QN-01A,0.000,0.000,0.016,0.000,0.001,0.000,0.014,0.136,0.047,0.035,0.077,0.001,0.004,0.002,0.000,0.666,0.666
TCGA-ET-A3DP-01A,0.001,0.001,0.012,0.000,0.001,0.000,0.022,0.146,0.074,0.033,0.064,0.000,0.002,0.005,0.000,0.638,0.638
TCGA-FY-A3NN-01A,0.000,0.000,0.000,0.000,0.000,0.000,0.003,0.054,0.000,0.029,0.074,0.000,0.000,0.000,0.000,0.838,0.838
TCGA-DJ-A3V9-01A,0.015,0.004,0.009,0.000,0.002,0.000,0.001,0.180,0.075,0.056,0.059,0.002,0.003,0.003,0.000,0.591,0.591
TCGA-E8-A2JQ-01A,0.076,0.010,0.039,0.027,0.040,0.000,0.034,0.069,0.103,0.011,0.097,0.000,0.001,0.000,0.001,0.493,0.493
TCGA-EM-A4FH-01A,0.035,0.000,0.000,0.000,0.000,0.000,0.000,0.181,0.001,0.076,0.002,0.000,0.002,0.001,0.000,0.701,0.701
TCGA-IM-A420-01A,0.043,0.003,0.021,0.005,0.010,0.000,0.002,0.064,0.035,0.004,0.095,0.000,0.000,0.000,0.000,0.718,0.718
TCGA-EM-A22K-01A,0.017,0.000,0.000,0.000,0.001,0.000,0.000,0.169,0.010,0.057,0.038,0.000,0.004,0.005,0.000,0.698,0.698
TCGA-EM-A2P0-01A,0.004,0.001,0.004,0.000,0.000,0.000,0.004,0.165,0.064,0.018,0.035,0.001,0.002,0.004,0.000,0.698,0.698
TCGA-BJ-A28R-01A,0.023,0.001,0.012,0.008,0.007,0.000,0.006,0.106,0.020,0.021,0.067,0.000,0.000,0.000,0.000,0.727,0.727
TCGA-ET-A3BX-01A,0.000,0.000,0.007,0.000,0.000,0.000,0.008,0.044,0.020,0.000,0.045,0.000,0.000,0.001,0.000,0.874,0.874
TCGA-FY-A4B4-01A,0.006,0.001,0.013,0.000,0.000,0.000,0.006,0.113,0.060,0.016,0.086,0.000,0.003,0.001,0.000,0.695,0.695
TCGA-ET-A3DQ-01A,0.043,0.048,0.028,0.001,0.030,0.001,0.017,0.164,0.122,0.066,0.066,0.001,0.001,0.009,0.000,0.403,0.403
TCGA-ET-A3DO-01A,0.072,0.009,0.032,0.008,0.014,0.000,0.024,0.073,0.058,0.007,0.099,0.000,0.000,0.001,0.001,0.603,0.603
TCGA-E8-A416-01A,0.015,0.009,0.007,0.000,0.015,0.000,0.004,0.129,0.117,0.041,0.021,0.000,0.003,0.003,0.000,0.636,0.636
TCGA-DJ-A1QG-01A,0.000,0.000,0.000,0.000,0.001,0.000,0.000,0.183,0.000,0.045,0.050,0.000,0.000,0.000,0.000,0.719,0.719
TCGA-EM-A2OY-01A,0.005,0.000,0.000,0.000,0.000,0.000,0.000,0.046,0.000,0.032,0.007,0.000,0.000,0.000,0.000,0.909,0.909
TCGA-EL-A3CP-01A,0.000,0.000,0.005,0.000,0.000,0.000,0.007,0.125,0.095,0.018,0.006,0.000,0.000,0.001,0.000,0.743,0.743
TCGA-BJ-A45F-01A,0.013,0.000,0.000,0.000,0.000,0.000,0.000,0.183,0.001,0.064,0.039,0.000,0.000,0.000,0.000,0.700,0.700
TCGA-EM-A4FV-01A,0.042,0.018,0.025,0.002,0.012,0.000,0.011,0.144,0.036,0.033,0.115,0.000,0.006,0.003,0.000,0.551,0.551
TCGA-EM-A2P1-01A,0.051,0.071,0.050,0.008,0.017,0.000,0.035,0.074,0.106,0.005,0.132,0.001,0.000,0.001,0.000,0.448,0.448
TCGA-EL-A4JW-01A,0.010,0.000,0.005,0.000,0.002,0.000,0.005,0.170,0.043,0.054,0.030,0.000,0.000,0.001,0.000,0.680,0.680
TCGA-EM-A3AI-01A,0.027,0.000,0.000,0.000,0.000,0.000,0.000,0.174,0.001,0.095,0.009,0.000,0.001,0.000,0.000,0.691,0.691
TCGA-EL-A3GX-01A,0.000,0.000,0.011,0.002,0.000,0.000,0.006,0.045,0.007,0.000,0.185,0.000,0.000,0.000,0.000,0.744,0.744
TCGA-FY-A3NP-01A,0.019,0.000,0.001,0.000,0.001,0.000,0.000,0.120,0.009,0.040,0.031,0.000,0.004,0.009,0.000,0.766,0.766
TCGA-FY-A4B3-01A,0.001,0.000,0.007,0.000,0.000,0.000,0.006,0.144,0.107,0.017,0.017,0.002,0.000,0.003,0.000,0.694,0.694
