,Plasma B cells,Non-plasma B cells,CD4 T,CD8 T effector,CD8 T (GZMK high),Double-neg-like T,DC,Endothelial Cells,CAFs,Myofibroblasts,Macrophages,Mast Cells,NK,Neutrophils,Monocytes,1-others,Cancer Cells
TCGA-C5-A7UI-01A,0.069,0.000,0.076,0.041,0.000,0.000,0.005,0.022,0.004,0.004,0.031,0.000,0.001,0.001,0.002,0.743,0.743
TCGA-C5-A902-01A,0.003,0.000,0.018,0.181,0.000,0.000,0.004,0.029,0.000,0.000,0.024,0.000,0.016,0.001,0.000,0.722,0.722
TCGA-DS-A1OB-01A,0.004,0.000,0.014,0.006,0.000,0.000,0.001,0.010,0.008,0.000,0.074,0.000,0.000,0.000,0.000,0.882,0.882
TCGA-Q1-A6DW-01A,0.000,0.000,0.006,0.043,0.000,0.000,0.017,0.054,0.011,0.008,0.008,0.000,0.001,0.011,0.000,0.841,0.841
TCGA-EK-A2R7-01A,0.030,0.000,0.032,0.043,0.007,0.000,0.018,0.028,0.029,0.001,0.025,0.000,0.000,0.001,0.000,0.784,0.784
TCGA-C5-A7X8-01A,0.054,0.000,0.028,0.013,0.012,0.000,0.010,0.042,0.191,0.020,0.021,0.001,0.001,0.003,0.000,0.604,0.604
TCGA-Q1-A5R3-01A,0.010,0.000,0.022,0.019,0.008,0.000,0.014,0.011,0.009,0.000,0.012,0.000,0.000,0.001,0.000,0.893,0.893
TCGA-C5-A7X5-01A,0.000,0.000,0.008,0.001,0.000,0.000,0.000,0.016,0.013,0.000,0.013,0.000,0.000,0.001,0.000,0.947,0.947
TCGA-ZJ-A8QR-01A,0.006,0.000,0.004,0.013,0.000,0.000,0.006,0.036,0.002,0.007,0.007,0.000,0.000,0.016,0.004,0.899,0.899
TCGA-HM-A3JK-01A,0.011,0.000,0.030,0.010,0.011,0.001,0.038,0.053,0.277,0.025,0.037,0.001,0.001,0.003,0.000,0.503,0.503
TCGA-EA-A556-01A,0.006,0.000,0.013,0.018,0.010,0.000,0.001,0.029,0.117,0.011,0.017,0.001,0.000,0.005,0.001,0.771,0.771
TCGA-VS-A9V4-01A,0.009,0.000,0.000,0.009,0.000,0.003,0.003,0.006,0.005,0.009,0.008,0.000,0.000,0.008,0.001,0.939,0.939
TCGA-IR-A3L7-01A,0.000,0.000,0.003,0.015,0.000,0.000,0.003,0.022,0.028,0.002,0.009,0.000,0.000,0.004,0.000,0.914,0.914
TCGA-EK-A2RL-01A,0.001,0.000,0.002,0.016,0.002,0.000,0.000,0.015,0.015,0.000,0.009,0.000,0.000,0.003,0.000,0.935,0.935
TCGA-VS-A94X-01A,0.000,0.000,0.011,0.018,0.000,0.000,0.001,0.013,0.000,0.000,0.019,0.000,0.000,0.010,0.000,0.926,0.926
TCGA-VS-A9V3-01A,0.005,0.000,0.032,0.071,0.001,0.000,0.008,0.047,0.011,0.009,0.054,0.001,0.001,0.017,0.000,0.742,0.742
TCGA-EK-A2RO-01A,0.000,0.000,0.001,0.006,0.000,0.000,0.002,0.016,0.109,0.008,0.012,0.000,0.000,0.000,0.000,0.845,0.845
TCGA-JW-A5VJ-01A,0.006,0.000,0.009,0.017,0.007,0.002,0.002,0.023,0.014,0.005,0.027,0.000,0.000,0.002,0.002,0.882,0.882
TCGA-MA-AA42-01A,0.035,0.002,0.102,0.089,0.056,0.000,0.040,0.013,0.009,0.000,0.153,0.001,0.001,0.003,0.001,0.495,0.495
TCGA-C5-A1MK-01A,0.000,0.000,0.017,0.014,0.001,0.000,0.001,0.029,0.098,0.005,0.044,0.001,0.000,0.009,0.007,0.774,0.774
TCGA-UC-A7PG-01A,0.000,0.000,0.007,0.005,0.005,0.003,0.010,0.031,0.029,0.007,0.009,0.000,0.000,0.016,0.003,0.875,0.875
TCGA-VS-A9UH-01A,0.038,0.000,0.052,0.076,0.024,0.001,0.011,0.035,0.064,0.009,0.181,0.001,0.000,0.003,0.001,0.505,0.505
TCGA-4J-AA1J-01A,0.000,0.000,0.015,0.015,0.001,0.002,0.007,0.047,0.078,0.024,0.012,0.000,0.001,0.015,0.004,0.780,0.780
TCGA-C5-A1ME-01A,0.013,0.000,0.014,0.011,0.012,0.000,0.015,0.021,0.016,0.002,0.019,0.006,0.000,0.000,0.000,0.872,0.872
TCGA-C5-A8YR-01A,0.000,0.000,0.002,0.083,0.000,0.000,0.000,0.014,0.002,0.004,0.108,0.000,0.000,0.004,0.000,0.782,0.782
TCGA-EA-A5FO-01A,0.000,0.000,0.004,0.006,0.000,0.000,0.001,0.015,0.000,0.000,0.000,0.000,0.000,0.002,0.000,0.972,0.972
TCGA-MA-AA3Z-01A,0.007,0.000,0.035,0.111,0.002,0.000,0.025,0.023,0.000,0.001,0.029,0.000,0.000,0.006,0.000,0.759,0.759
TCGA-C5-A8XJ-01A,0.007,0.000,0.038,0.050,0.022,0.001,0.002,0.060,0.088,0.022,0.057,0.004,0.000,0.007,0.000,0.641,0.641
TCGA-R2-A69V-01A,0.017,0.002,0.046,0.102,0.025,0.000,0.077,0.036,0.031,0.000,0.216,0.001,0.000,0.004,0.001,0.442,0.442
TCGA-C5-A1BM-01A,0.007,0.000,0.022,0.021,0.000,0.000,0.032,0.023,0.011,0.000,0.172,0.000,0.000,0.011,0.000,0.700,0.700
TCGA-ZJ-AAXD-01A,0.000,0.000,0.001,0.012,0.002,0.001,0.006,0.039,0.091,0.024,0.000,0.000,0.000,0.007,0.001,0.815,0.815
TCGA-HM-A4S6-01A,0.001,0.000,0.049,0.073,0.002,0.000,0.033,0.031,0.036,0.008,0.115,0.000,0.001,0.009,0.000,0.641,0.641
TCGA-EA-A5ZF-01A,0.005,0.000,0.006,0.001,0.010,0.000,0.000,0.030,0.096,0.007,0.035,0.000,0.000,0.003,0.000,0.805,0.805
TCGA-C5-A1M6-01A,0.000,0.000,0.008,0.003,0.016,0.000,0.002,0.020,0.042,0.006,0.011,0.000,0.000,0.004,0.000,0.887,0.887
TCGA-DG-A2KK-01A,0.002,0.000,0.008,0.025,0.016,0.000,0.018,0.015,0.011,0.000,0.032,0.000,0.000,0.004,0.000,0.866,0.866
TCGA-HG-A2PA-01A,0.022,0.000,0.029,0.043,0.003,0.000,0.008,0.036,0.066,0.004,0.016,0.001,0.001,0.010,0.003,0.757,0.757
TCGA-VS-A8EH-01A,0.000,0.000,0.014,0.009,0.000,0.000,0.004,0.019,0.004,0.000,0.017,0.000,0.005,0.005,0.000,0.922,0.922
TCGA-FU-A5XV-01A,0.004,0.000,0.011,0.013,0.006,0.002,0.007,0.042,0.013,0.000,0.012,0.001,0.000,0.017,0.006,0.866,0.866
TCGA-C5-A1MF-01A,0.013,0.000,0.007,0.022,0.000,0.000,0.004,0.004,0.022,0.002,0.035,0.000,0.000,0.000,0.000,0.891,0.891
TCGA-EX-A449-01A,0.087,0.000,0.004,0.017,0.000,0.000,0.000,0.013,0.003,0.001,0.019,0.000,0.000,0.001,0.000,0.853,0.853
TCGA-C5-A2LX-01A,0.040,0.000,0.081,0.029,0.044,0.000,0.094,0.011,0.042,0.000,0.058,0.001,0.000,0.000,0.000,0.598,0.598
TCGA-HM-A3JJ-01A,0.007,0.000,0.026,0.028,0.005,0.000,0.035,0.051,0.126,0.014,0.043,0.000,0.001,0.005,0.000,0.656,0.656
TCGA-LP-A4AW-01A,0.006,0.000,0.018,0.002,0.010,0.001,0.012,0.107,0.178,0.088,0.020,0.001,0.000,0.005,0.002,0.549,0.549
TCGA-C5-A8XH-01A,0.000,0.000,0.039,0.020,0.000,0.000,0.008,0.018,0.018,0.000,0.051,0.000,0.000,0.003,0.000,0.840,0.840
TCGA-EK-A2RE-01A,0.000,0.000,0.007,0.001,0.000,0.003,0.001,0.035,0.015,0.006,0.001,0.000,0.000,0.005,0.013,0.913,0.913
TCGA-EK-A2RC-01A,0.011,0.000,0.024,0.049,0.012,0.000,0.010,0.023,0.076,0.000,0.044,0.000,0.000,0.003,0.000,0.745,0.745
TCGA-EA-A3HU-01A,0.029,0.000,0.024,0.235,0.001,0.000,0.002,0.035,0.013,0.000,0.084,0.000,0.010,0.003,0.000,0.562,0.562
TCGA-EK-A2PI-01A,0.000,0.000,0.022,0.002,0.000,0.000,0.000,0.012,0.075,0.000,0.011,0.000,0.000,0.004,0.000,0.873,0.873
TCGA-EX-A8YF-01A,0.061,0.000,0.013,0.077,0.018,0.000,0.002,0.019,0.006,0.001,0.045,0.000,0.000,0.007,0.000,0.750,0.750
TCGA-C5-A7UC-01A,0.000,0.000,0.001,0.004,0.000,0.000,0.000,0.017,0.004,0.001,0.000,0.000,0.000,0.001,0.000,0.972,0.972
TCGA-EA-A3QE-01A,0.014,0.002,0.040,0.134,0.007,0.000,0.033,0.050,0.022,0.001,0.061,0.001,0.002,0.018,0.002,0.611,0.611
TCGA-EA-A4BA-01A,0.000,0.000,0.013,0.000,0.000,0.000,0.000,0.039,0.061,0.010,0.003,0.000,0.000,0.000,0.000,0.873,0.873
TCGA-EA-A411-01A,0.019,0.000,0.030,0.011,0.008,0.001,0.020,0.051,0.158,0.024,0.036,0.001,0.001,0.007,0.000,0.635,0.635
TCGA-IR-A3LL-01A,0.000,0.000,0.029,0.129,0.000,0.000,0.024,0.015,0.005,0.000,0.154,0.000,0.000,0.000,0.000,0.642,0.642
TCGA-IR-A3LF-01A,0.004,0.001,0.028,0.043,0.014,0.001,0.021,0.038,0.040,0.008,0.027,0.014,0.000,0.004,0.000,0.757,0.757
TCGA-EK-A3GJ-01A,0.000,0.000,0.006,0.076,0.000,0.000,0.003,0.006,0.000,0.000,0.078,0.000,0.000,0.003,0.000,0.828,0.828
TCGA-ZJ-AAXI-01A,0.000,0.000,0.000,0.007,0.000,0.000,0.009,0.003,0.000,0.000,0.001,0.000,0.005,0.000,0.000,0.975,0.975
TCGA-C5-A1BI-01B,0.018,0.000,0.041,0.060,0.001,0.001,0.017,0.046,0.039,0.007,0.058,0.001,0.001,0.010,0.015,0.687,0.687
TCGA-EK-A3GK-01A,0.002,0.000,0.008,0.073,0.000,0.000,0.001,0.016,0.000,0.000,0.031,0.000,0.000,0.004,0.000,0.865,0.865
TCGA-EA-A3HT-01A,0.000,0.000,0.027,0.002,0.000,0.000,0.022,0.035,0.163,0.001,0.058,0.000,0.000,0.023,0.000,0.667,0.667
TCGA-C5-A2M1-01A,0.010,0.000,0.042,0.052,0.001,0.000,0.012,0.013,0.008,0.000,0.056,0.000,0.000,0.002,0.000,0.804,0.804
TCGA-VS-AA62-01A,0.011,0.001,0.034,0.080,0.019,0.000,0.012,0.032,0.035,0.000,0.116,0.001,0.000,0.012,0.000,0.648,0.648
TCGA-JW-A5VL-01A,0.000,0.000,0.025,0.098,0.000,0.000,0.012,0.028,0.000,0.000,0.087,0.000,0.000,0.004,0.000,0.745,0.745
TCGA-EK-A2IR-01A,0.000,0.000,0.003,0.000,0.000,0.000,0.000,0.012,0.004,0.001,0.008,0.000,0.000,0.000,0.000,0.972,0.972
TCGA-VS-A9UD-01A,0.028,0.000,0.082,0.106,0.017,0.000,0.023,0.014,0.000,0.000,0.149,0.000,0.000,0.000,0.000,0.578,0.578
TCGA-VS-A9UR-01A,0.002,0.000,0.019,0.034,0.000,0.000,0.013,0.025,0.013,0.003,0.004,0.000,0.000,0.006,0.000,0.880,0.880
TCGA-FU-A3EO-01A,0.007,0.000,0.005,0.009,0.000,0.000,0.008,0.009,0.017,0.000,0.050,0.000,0.000,0.000,0.000,0.894,0.894
TCGA-JX-A3Q0-01A,0.005,0.000,0.050,0.029,0.014,0.000,0.006,0.017,0.001,0.000,0.093,0.000,0.000,0.005,0.000,0.779,0.779
TCGA-VS-A8QH-01A,0.000,0.000,0.001,0.005,0.000,0.000,0.002,0.010,0.008,0.000,0.007,0.000,0.000,0.004,0.000,0.963,0.963
TCGA-EK-A2RM-01A,0.005,0.000,0.027,0.004,0.000,0.000,0.001,0.016,0.106,0.007,0.030,0.000,0.000,0.004,0.000,0.800,0.800
TCGA-ZJ-AAX8-01A,0.005,0.000,0.040,0.045,0.013,0.001,0.016,0.054,0.150,0.008,0.043,0.001,0.001,0.019,0.000,0.604,0.604
TCGA-DR-A0ZL-01A,0.000,0.002,0.012,0.005,0.000,0.000,0.004,0.022,0.000,0.000,0.000,0.000,0.000,0.004,0.001,0.950,0.950
TCGA-2W-A8YY-01A,0.016,0.000,0.012,0.006,0.006,0.000,0.004,0.018,0.017,0.006,0.043,0.000,0.000,0.003,0.000,0.868,0.868
TCGA-BI-A0VR-01A,0.022,0.000,0.061,0.049,0.016,0.000,0.031,0.044,0.045,0.003,0.044,0.001,0.001,0.006,0.000,0.676,0.676
TCGA-FU-A23L-01A,0.013,0.000,0.036,0.048,0.037,0.001,0.032,0.023,0.021,0.014,0.031,0.001,0.001,0.007,0.000,0.735,0.735
TCGA-VS-A8EJ-01A,0.009,0.000,0.020,0.010,0.000,0.000,0.008,0.014,0.015,0.006,0.021,0.000,0.000,0.002,0.000,0.893,0.893
TCGA-DS-A0VK-01A,0.001,0.000,0.023,0.003,0.006,0.000,0.002,0.051,0.050,0.012,0.021,0.000,0.000,0.004,0.000,0.827,0.827
TCGA-LP-A4AX-01A,0.015,0.000,0.031,0.127,0.046,0.000,0.002,0.071,0.027,0.029,0.094,0.001,0.000,0.007,0.000,0.548,0.548
TCGA-EK-A2RJ-01A,0.034,0.000,0.004,0.061,0.001,0.000,0.000,0.016,0.000,0.009,0.067,0.000,0.000,0.009,0.000,0.798,0.798
TCGA-JW-A852-01A,0.007,0.000,0.033,0.002,0.000,0.000,0.014,0.009,0.000,0.001,0.010,0.000,0.001,0.000,0.004,0.920,0.920
TCGA-Q1-A73S-01A,0.000,0.000,0.003,0.005,0.000,0.004,0.000,0.008,0.014,0.005,0.023,0.000,0.000,0.000,0.000,0.937,0.937
TCGA-ZJ-AAXU-01A,0.056,0.005,0.045,0.043,0.010,0.000,0.010,0.028,0.010,0.000,0.014,0.000,0.000,0.002,0.000,0.777,0.777
TCGA-C5-A1MI-01A,0.009,0.000,0.042,0.041,0.025,0.000,0.014,0.040,0.049,0.007,0.043,0.001,0.000,0.004,0.000,0.725,0.725
TCGA-VS-A8QA-01A,0.003,0.000,0.029,0.060,0.000,0.000,0.006,0.009,0.000,0.000,0.016,0.000,0.000,0.005,0.000,0.872,0.872
TCGA-EA-A5ZD-01A,0.000,0.000,0.041,0.018,0.002,0.000,0.051,0.059,0.036,0.009,0.075,0.000,0.000,0.017,0.001,0.691,0.691
TCGA-XS-A8TJ-01A,0.000,0.000,0.034,0.004,0.009,0.000,0.028,0.053,0.028,0.006,0.030,0.000,0.000,0.012,0.000,0.795,0.795
TCGA-C5-A7CO-01A,0.000,0.000,0.002,0.023,0.000,0.000,0.017,0.020,0.003,0.000,0.016,0.000,0.000,0.000,0.000,0.918,0.918
TCGA-MY-A5BF-01A,0.000,0.000,0.014,0.057,0.002,0.000,0.022,0.024,0.000,0.000,0.038,0.000,0.000,0.002,0.000,0.843,0.843
TCGA-C5-A1BL-01A,0.004,0.000,0.018,0.076,0.004,0.000,0.006,0.021,0.001,0.000,0.065,0.000,0.000,0.011,0.000,0.795,0.795
TCGA-C5-A1M5-01A,0.003,0.006,0.057,0.044,0.007,0.001,0.043,0.052,0.031,0.000,0.022,0.000,0.000,0.005,0.000,0.730,0.730
TCGA-DS-A5RQ-01A,0.001,0.000,0.014,0.019,0.000,0.000,0.020,0.033,0.023,0.000,0.054,0.000,0.000,0.004,0.000,0.830,0.830
TCGA-JW-A5VG-01A,0.000,0.000,0.013,0.046,0.000,0.000,0.005,0.018,0.000,0.002,0.034,0.000,0.010,0.003,0.000,0.869,0.869
TCGA-WL-A834-01A,0.000,0.000,0.012,0.001,0.005,0.001,0.017,0.043,0.036,0.020,0.020,0.000,0.000,0.002,0.000,0.841,0.841
TCGA-DS-A1OD-01A,0.013,0.002,0.066,0.087,0.051,0.000,0.062,0.027,0.089,0.017,0.081,0.003,0.001,0.002,0.000,0.498,0.498
TCGA-Q1-A5R1-01A,0.015,0.000,0.009,0.017,0.002,0.000,0.016,0.030,0.015,0.000,0.025,0.003,0.000,0.002,0.000,0.864,0.864
TCGA-ZJ-AAXF-01A,0.008,0.010,0.050,0.024,0.033,0.006,0.044,0.059,0.096,0.016,0.021,0.000,0.001,0.007,0.000,0.623,0.623
TCGA-LP-A5U2-01A,0.000,0.000,0.012,0.028,0.005,0.000,0.007,0.011,0.004,0.000,0.014,0.000,0.000,0.000,0.000,0.919,0.919
TCGA-C5-A7CK-01A,0.007,0.000,0.004,0.008,0.002,0.000,0.000,0.039,0.094,0.010,0.011,0.000,0.000,0.006,0.000,0.817,0.817
TCGA-ZJ-AB0H-01A,0.040,0.001,0.054,0.029,0.038,0.001,0.028,0.035,0.046,0.001,0.097,0.001,0.000,0.013,0.006,0.612,0.612
TCGA-EK-A2R9-01A,0.004,0.000,0.065,0.022,0.030,0.000,0.067,0.030,0.146,0.019,0.028,0.000,0.000,0.001,0.000,0.587,0.587
TCGA-VS-A954-01A,0.003,0.000,0.017,0.001,0.018,0.000,0.001,0.015,0.041,0.005,0.028,0.000,0.000,0.000,0.000,0.871,0.871
TCGA-Q1-A73O-01A,0.003,0.000,0.012,0.052,0.000,0.000,0.000,0.028,0.014,0.000,0.017,0.000,0.000,0.014,0.000,0.858,0.858
TCGA-VS-A9U6-01A,0.009,0.000,0.035,0.048,0.017,0.001,0.027,0.033,0.055,0.007,0.049,0.005,0.001,0.017,0.000,0.696,0.696
TCGA-EK-A3GM-01A,0.009,0.000,0.000,0.013,0.000,0.000,0.000,0.010,0.000,0.000,0.006,0.000,0.000,0.005,0.000,0.957,0.957
TCGA-C5-A7CJ-01A,0.007,0.000,0.041,0.050,0.006,0.001,0.054,0.089,0.089,0.025,0.033,0.001,0.001,0.033,0.000,0.568,0.568
TCGA-FU-A3WB-01A,0.000,0.000,0.028,0.017,0.001,0.000,0.003,0.029,0.022,0.007,0.011,0.000,0.000,0.002,0.000,0.880,0.880
TCGA-VS-A9V1-01A,0.043,0.000,0.000,0.024,0.000,0.000,0.000,0.013,0.004,0.000,0.000,0.000,0.000,0.017,0.000,0.899,0.899
TCGA-C5-A1ML-01A,0.008,0.000,0.035,0.009,0.020,0.001,0.019,0.044,0.033,0.018,0.029,0.001,0.001,0.006,0.000,0.775,0.775
TCGA-IR-A3LB-01A,0.000,0.000,0.011,0.006,0.004,0.000,0.001,0.017,0.167,0.000,0.029,0.002,0.000,0.003,0.000,0.760,0.760
TCGA-VS-A9U7-01A,0.012,0.000,0.053,0.058,0.003,0.000,0.028,0.034,0.012,0.000,0.058,0.000,0.000,0.003,0.000,0.738,0.738
TCGA-EK-A2RK-01A,0.000,0.000,0.018,0.024,0.000,0.000,0.028,0.016,0.000,0.006,0.011,0.000,0.000,0.000,0.000,0.897,0.897
TCGA-C5-A905-01A,0.003,0.000,0.017,0.008,0.000,0.011,0.007,0.028,0.000,0.000,0.012,0.000,0.000,0.003,0.004,0.906,0.906
TCGA-C5-A3HL-01A,0.007,0.000,0.007,0.015,0.001,0.000,0.007,0.034,0.012,0.001,0.010,0.000,0.000,0.005,0.000,0.900,0.900
TCGA-C5-A1MH-01A,0.012,0.000,0.056,0.040,0.018,0.000,0.009,0.066,0.022,0.010,0.159,0.001,0.000,0.004,0.000,0.602,0.602
TCGA-Q1-A5R2-01A,0.011,0.000,0.034,0.030,0.014,0.000,0.007,0.013,0.030,0.003,0.082,0.000,0.000,0.001,0.000,0.774,0.774
TCGA-FU-A3HY-01A,0.000,0.000,0.003,0.012,0.000,0.000,0.000,0.024,0.008,0.005,0.000,0.000,0.000,0.005,0.004,0.938,0.938
TCGA-EA-A439-01A,0.000,0.000,0.009,0.044,0.004,0.000,0.001,0.021,0.152,0.008,0.026,0.000,0.000,0.003,0.000,0.731,0.731
TCGA-C5-A7UH-01A,0.016,0.000,0.017,0.022,0.015,0.000,0.001,0.039,0.012,0.010,0.041,0.001,0.000,0.008,0.006,0.812,0.812
TCGA-C5-A1M7-01A,0.014,0.001,0.033,0.003,0.002,0.000,0.033,0.038,0.011,0.000,0.000,0.000,0.000,0.020,0.006,0.839,0.839
TCGA-EA-A50E-01A,0.001,0.000,0.004,0.002,0.006,0.000,0.000,0.066,0.090,0.018,0.100,0.000,0.000,0.001,0.003,0.708,0.708
TCGA-VS-A9V5-01A,0.009,0.000,0.002,0.015,0.000,0.000,0.000,0.041,0.024,0.000,0.017,0.001,0.000,0.008,0.000,0.884,0.884
TCGA-BI-A20A-01A,0.014,0.000,0.035,0.028,0.018,0.000,0.068,0.033,0.041,0.003,0.044,0.000,0.000,0.002,0.000,0.713,0.713
TCGA-C5-A2LV-01A,0.001,0.000,0.008,0.019,0.000,0.000,0.024,0.015,0.010,0.001,0.048,0.000,0.000,0.000,0.000,0.873,0.873
TCGA-C5-A2LZ-01A,0.009,0.000,0.029,0.064,0.000,0.000,0.014,0.031,0.000,0.000,0.015,0.000,0.000,0.008,0.000,0.830,0.830
TCGA-Q1-A6DV-01A,0.006,0.000,0.018,0.021,0.005,0.000,0.031,0.030,0.010,0.000,0.001,0.009,0.000,0.010,0.002,0.856,0.856
TCGA-EK-A3GN-01A,0.000,0.000,0.001,0.007,0.000,0.000,0.000,0.016,0.000,0.000,0.006,0.000,0.000,0.000,0.000,0.970,0.970
TCGA-ZJ-A8QQ-01A,0.000,0.000,0.000,0.013,0.000,0.000,0.001,0.021,0.000,0.000,0.016,0.000,0.000,0.006,0.000,0.942,0.942
TCGA-LP-A5U3-01A,0.000,0.000,0.038,0.042,0.000,0.000,0.010,0.020,0.000,0.000,0.041,0.000,0.000,0.004,0.000,0.845,0.845
TCGA-VS-A94Z-01A,0.021,0.000,0.053,0.198,0.019,0.000,0.007,0.051,0.022,0.000,0.102,0.001,0.000,0.007,0.000,0.518,0.518
TCGA-EK-A2PG-01A,0.002,0.000,0.000,0.006,0.000,0.000,0.000,0.003,0.000,0.000,0.005,0.000,0.000,0.000,0.005,0.978,0.978
TCGA-DG-A2KL-01A,0.000,0.000,0.028,0.012,0.001,0.000,0.050,0.037,0.181,0.009,0.041,0.000,0.000,0.010,0.002,0.628,0.628
TCGA-EA-A6QX-01A,0.032,0.000,0.039,0.055,0.004,0.001,0.005,0.028,0.024,0.003,0.057,0.001,0.002,0.004,0.001,0.744,0.744
TCGA-VS-A9UT-01A,0.103,0.000,0.036,0.053,0.053,0.000,0.009,0.039,0.079,0.014,0.186,0.002,0.001,0.008,0.001,0.416,0.416
TCGA-C5-A8ZZ-01A,0.001,0.000,0.020,0.010,0.000,0.007,0.001,0.036,0.180,0.015,0.027,0.001,0.000,0.006,0.000,0.696,0.696
TCGA-VS-A959-01A,0.058,0.001,0.040,0.038,0.013,0.001,0.015,0.027,0.043,0.007,0.053,0.001,0.001,0.009,0.000,0.695,0.695
TCGA-VS-A950-01A,0.031,0.000,0.014,0.008,0.000,0.000,0.003,0.032,0.019,0.007,0.015,0.000,0.000,0.007,0.007,0.857,0.857
TCGA-VS-A9UM-01A,0.018,0.000,0.042,0.057,0.017,0.002,0.006,0.050,0.044,0.007,0.075,0.001,0.001,0.015,0.000,0.664,0.664
TCGA-DS-A0VM-01A,0.000,0.000,0.031,0.019,0.000,0.000,0.005,0.022,0.049,0.009,0.035,0.000,0.001,0.003,0.000,0.826,0.826
TCGA-VS-A957-01A,0.000,0.000,0.008,0.011,0.000,0.000,0.004,0.016,0.000,0.000,0.008,0.000,0.001,0.005,0.000,0.946,0.946
TCGA-EA-A3HR-01A,0.000,0.000,0.005,0.020,0.000,0.000,0.021,0.043,0.026,0.014,0.012,0.000,0.000,0.009,0.000,0.847,0.847
TCGA-C5-A2M2-01A,0.003,0.000,0.006,0.022,0.004,0.000,0.000,0.009,0.003,0.000,0.005,0.000,0.000,0.006,0.000,0.942,0.942
TCGA-VS-A9UV-01A,0.004,0.000,0.003,0.009,0.000,0.000,0.000,0.026,0.000,0.000,0.007,0.000,0.000,0.002,0.004,0.945,0.945
TCGA-EX-A3L1-01A,0.007,0.000,0.017,0.004,0.000,0.000,0.012,0.041,0.064,0.040,0.025,0.001,0.000,0.031,0.016,0.742,0.742
TCGA-VS-A9UU-01A,0.009,0.000,0.015,0.018,0.004,0.001,0.005,0.030,0.000,0.000,0.000,0.000,0.000,0.007,0.012,0.898,0.898
TCGA-MY-A5BE-01A,0.050,0.020,0.085,0.143,0.066,0.000,0.093,0.026,0.040,0.001,0.121,0.001,0.003,0.004,0.000,0.348,0.348
TCGA-VS-A94W-01A,0.011,0.000,0.090,0.031,0.031,0.000,0.065,0.037,0.022,0.002,0.076,0.001,0.000,0.007,0.000,0.626,0.626
TCGA-C5-A3HD-01B,0.000,0.000,0.004,0.007,0.000,0.000,0.000,0.016,0.000,0.000,0.000,0.000,0.000,0.002,0.000,0.971,0.971
TCGA-JX-A3PZ-01A,0.000,0.000,0.000,0.033,0.000,0.000,0.025,0.013,0.046,0.016,0.080,0.000,0.000,0.000,0.000,0.786,0.786
TCGA-IR-A3LA-01A,0.003,0.000,0.007,0.012,0.003,0.000,0.004,0.008,0.025,0.000,0.041,0.000,0.000,0.004,0.000,0.894,0.894
TCGA-C5-A3HE-01A,0.018,0.000,0.001,0.093,0.000,0.000,0.004,0.033,0.007,0.002,0.035,0.000,0.000,0.007,0.000,0.800,0.800
TCGA-Q1-A6DT-01A,0.000,0.000,0.004,0.006,0.000,0.000,0.000,0.019,0.000,0.000,0.023,0.000,0.000,0.006,0.005,0.935,0.935
TCGA-C5-A7CL-01A,0.001,0.000,0.009,0.011,0.000,0.000,0.000,0.034,0.025,0.017,0.024,0.001,0.000,0.015,0.000,0.863,0.863
TCGA-IR-A3LK-01A,0.000,0.000,0.001,0.033,0.000,0.000,0.007,0.016,0.000,0.000,0.050,0.000,0.000,0.000,0.000,0.892,0.892
TCGA-MA-AA3X-01A,0.000,0.000,0.010,0.001,0.000,0.009,0.000,0.041,0.011,0.008,0.166,0.000,0.000,0.010,0.002,0.740,0.740
TCGA-C5-A7XC-01A,0.033,0.000,0.017,0.054,0.020,0.001,0.026,0.058,0.082,0.002,0.023,0.002,0.019,0.009,0.006,0.648,0.648
TCGA-VS-A94Y-01A,0.000,0.000,0.005,0.019,0.000,0.000,0.005,0.021,0.049,0.003,0.025,0.000,0.001,0.009,0.000,0.862,0.862
TCGA-EK-A2PM-01A,0.000,0.000,0.000,0.000,0.002,0.000,0.000,0.005,0.011,0.000,0.005,0.000,0.000,0.000,0.001,0.976,0.976
TCGA-FU-A3TQ-01A,0.000,0.000,0.031,0.009,0.000,0.001,0.047,0.033,0.015,0.006,0.009,0.000,0.000,0.015,0.003,0.831,0.831
TCGA-EX-A69M-01A,0.021,0.000,0.014,0.055,0.004,0.000,0.005,0.022,0.000,0.000,0.064,0.000,0.000,0.008,0.000,0.805,0.805
TCGA-ZJ-AAX4-01A,0.001,0.000,0.044,0.026,0.032,0.001,0.023,0.041,0.017,0.000,0.135,0.001,0.000,0.008,0.000,0.671,0.671
TCGA-FU-A40J-01A,0.007,0.000,0.001,0.062,0.000,0.000,0.014,0.035,0.035,0.000,0.015,0.001,0.005,0.007,0.000,0.818,0.818
TCGA-VS-A8QF-01A,0.021,0.000,0.023,0.018,0.010,0.000,0.004,0.020,0.015,0.001,0.081,0.000,0.000,0.004,0.000,0.801,0.801
TCGA-Q1-A73R-01A,0.002,0.000,0.022,0.020,0.000,0.000,0.000,0.036,0.020,0.018,0.010,0.000,0.000,0.005,0.000,0.866,0.866
TCGA-VS-A9V0-01A,0.000,0.000,0.008,0.005,0.000,0.000,0.005,0.028,0.000,0.011,0.006,0.000,0.000,0.003,0.000,0.933,0.933
TCGA-UC-A7PF-01A,0.014,0.000,0.047,0.093,0.002,0.000,0.061,0.032,0.063,0.001,0.080,0.000,0.001,0.003,0.000,0.603,0.603
TCGA-C5-A1BQ-01C,0.000,0.000,0.016,0.103,0.000,0.000,0.000,0.016,0.002,0.000,0.058,0.000,0.000,0.000,0.000,0.804,0.804
TCGA-C5-A1MN-01A,0.001,0.000,0.012,0.008,0.000,0.000,0.001,0.024,0.008,0.000,0.012,0.000,0.000,0.006,0.007,0.919,0.919
TCGA-VS-A8EB-01A,0.000,0.000,0.001,0.047,0.000,0.000,0.006,0.014,0.013,0.000,0.013,0.000,0.009,0.001,0.000,0.897,0.897
TCGA-MY-A5BD-01A,0.005,0.000,0.030,0.024,0.000,0.000,0.020,0.015,0.008,0.008,0.008,0.001,0.002,0.001,0.000,0.878,0.878
TCGA-C5-A3HF-01A,0.016,0.000,0.023,0.024,0.009,0.000,0.019,0.041,0.067,0.001,0.016,0.000,0.000,0.002,0.000,0.781,0.781
TCGA-HM-A6W2-01A,0.019,0.000,0.015,0.000,0.000,0.000,0.000,0.022,0.060,0.000,0.048,0.000,0.000,0.000,0.000,0.835,0.835
TCGA-C5-A2LS-01A,0.005,0.000,0.002,0.008,0.000,0.000,0.008,0.011,0.000,0.000,0.001,0.000,0.000,0.002,0.000,0.962,0.962
TCGA-C5-A8YT-01A,0.001,0.000,0.009,0.023,0.005,0.000,0.002,0.063,0.251,0.002,0.014,0.000,0.020,0.004,0.000,0.604,0.604
TCGA-C5-A901-01A,0.005,0.000,0.016,0.007,0.000,0.005,0.012,0.048,0.027,0.003,0.013,0.000,0.000,0.032,0.002,0.827,0.827
TCGA-MU-A51Y-01A,0.010,0.000,0.055,0.063,0.005,0.001,0.062,0.077,0.061,0.011,0.086,0.000,0.001,0.006,0.000,0.561,0.561
TCGA-EA-A5ZE-01A,0.006,0.000,0.033,0.028,0.003,0.000,0.054,0.039,0.074,0.013,0.075,0.000,0.002,0.002,0.000,0.670,0.670
TCGA-IR-A3LI-01A,0.005,0.000,0.000,0.001,0.000,0.000,0.000,0.000,0.000,0.000,0.001,0.000,0.000,0.000,0.000,0.992,0.992
TCGA-ZJ-AAXA-01A,0.000,0.000,0.007,0.002,0.000,0.004,0.001,0.032,0.024,0.011,0.031,0.000,0.000,0.002,0.000,0.886,0.886
TCGA-FU-A3NI-01A,0.000,0.000,0.023,0.017,0.003,0.000,0.020,0.029,0.048,0.005,0.028,0.000,0.000,0.002,0.000,0.825,0.825
TCGA-DG-A2KM-01A,0.057,0.006,0.054,0.140,0.106,0.000,0.042,0.024,0.072,0.001,0.243,0.002,0.001,0.014,0.001,0.237,0.237
TCGA-EA-A97N-01A,0.000,0.000,0.019,0.006,0.001,0.004,0.021,0.052,0.093,0.016,0.012,0.000,0.000,0.024,0.000,0.749,0.749
TCGA-DG-A2KJ-01A,0.053,0.000,0.035,0.021,0.000,0.000,0.035,0.006,0.009,0.001,0.035,0.000,0.001,0.000,0.000,0.804,0.804
TCGA-VS-A8QM-01A,0.021,0.011,0.047,0.048,0.058,0.030,0.039,0.100,0.104,0.032,0.028,0.001,0.002,0.008,0.004,0.467,0.467
TCGA-VS-A8EL-01A,0.008,0.000,0.032,0.080,0.040,0.000,0.003,0.021,0.028,0.000,0.116,0.001,0.000,0.005,0.001,0.664,0.664
TCGA-Q1-A73P-01A,0.008,0.000,0.023,0.042,0.003,0.000,0.006,0.022,0.016,0.001,0.048,0.001,0.000,0.001,0.000,0.829,0.829
TCGA-PN-A8MA-01A,0.028,0.000,0.019,0.036,0.024,0.000,0.006,0.058,0.036,0.012,0.039,0.000,0.000,0.000,0.000,0.741,0.741
TCGA-C5-A1BN-01B,0.000,0.000,0.004,0.007,0.000,0.000,0.000,0.035,0.006,0.000,0.000,0.000,0.000,0.002,0.000,0.946,0.946
TCGA-DS-A1O9-01A,0.000,0.000,0.062,0.020,0.000,0.000,0.020,0.027,0.042,0.016,0.160,0.000,0.001,0.002,0.000,0.649,0.649
TCGA-DS-A7WH-01A,0.000,0.000,0.003,0.016,0.000,0.000,0.000,0.067,0.170,0.020,0.002,0.001,0.000,0.026,0.001,0.693,0.693
TCGA-VS-A9UL-01A,0.004,0.000,0.014,0.004,0.012,0.000,0.000,0.014,0.014,0.006,0.004,0.000,0.000,0.003,0.003,0.922,0.922
TCGA-VS-A953-01A,0.000,0.000,0.000,0.018,0.001,0.000,0.001,0.015,0.000,0.000,0.019,0.000,0.000,0.000,0.000,0.946,0.946
TCGA-FU-A770-01A,0.000,0.000,0.000,0.012,0.000,0.001,0.009,0.038,0.000,0.003,0.000,0.000,0.000,0.016,0.001,0.919,0.919
TCGA-C5-A7CM-01A,0.057,0.000,0.000,0.007,0.000,0.000,0.000,0.020,0.015,0.002,0.002,0.000,0.000,0.002,0.000,0.895,0.895
TCGA-ZJ-AAXT-01A,0.005,0.000,0.015,0.025,0.002,0.000,0.003,0.026,0.004,0.009,0.011,0.000,0.000,0.007,0.008,0.886,0.886
TCGA-EK-A2R8-01A,0.000,0.000,0.002,0.023,0.000,0.000,0.000,0.022,0.028,0.000,0.002,0.000,0.000,0.004,0.000,0.919,0.919
TCGA-C5-A1BJ-01A,0.001,0.000,0.043,0.021,0.031,0.002,0.027,0.050,0.075,0.014,0.012,0.001,0.001,0.012,0.016,0.695,0.695
TCGA-VS-A9UJ-01A,0.000,0.000,0.006,0.005,0.000,0.000,0.002,0.024,0.022,0.000,0.001,0.000,0.000,0.006,0.000,0.934,0.934
TCGA-EA-A3HQ-01A,0.000,0.000,0.031,0.023,0.010,0.000,0.028,0.038,0.034,0.001,0.126,0.001,0.000,0.007,0.000,0.700,0.700
TCGA-JX-A5QV-01A,0.000,0.000,0.025,0.026,0.000,0.000,0.026,0.022,0.004,0.000,0.042,0.000,0.000,0.001,0.000,0.853,0.853
TCGA-C5-A1M8-01A,0.002,0.000,0.018,0.006,0.004,0.006,0.001,0.018,0.017,0.006,0.017,0.000,0.000,0.002,0.001,0.901,0.901
TCGA-ZJ-AB0I-01A,0.000,0.000,0.001,0.031,0.000,0.000,0.006,0.025,0.008,0.000,0.019,0.000,0.000,0.004,0.000,0.906,0.906
TCGA-C5-A0TN-01A,0.000,0.000,0.008,0.009,0.000,0.000,0.000,0.013,0.007,0.004,0.017,0.000,0.000,0.000,0.000,0.941,0.941
TCGA-VS-A9UB-01A,0.000,0.000,0.015,0.084,0.022,0.000,0.038,0.036,0.000,0.011,0.095,0.001,0.001,0.015,0.019,0.663,0.663
TCGA-LP-A4AU-01A,0.030,0.000,0.007,0.040,0.000,0.000,0.001,0.059,0.012,0.014,0.001,0.000,0.000,0.014,0.003,0.818,0.818
TCGA-ZJ-AAXN-01A,0.000,0.000,0.000,0.042,0.000,0.000,0.007,0.026,0.018,0.006,0.014,0.000,0.009,0.005,0.004,0.868,0.868
TCGA-C5-A2LY-01A,0.011,0.000,0.046,0.109,0.000,0.000,0.053,0.010,0.005,0.000,0.108,0.000,0.001,0.000,0.000,0.656,0.656
TCGA-EK-A2GZ-01A,0.001,0.000,0.009,0.011,0.000,0.000,0.000,0.010,0.005,0.001,0.024,0.000,0.001,0.004,0.000,0.935,0.935
TCGA-ZJ-A8QO-01A,0.045,0.001,0.098,0.019,0.055,0.001,0.041,0.038,0.103,0.026,0.059,0.001,0.001,0.007,0.001,0.505,0.505
TCGA-FU-A2QG-01A,0.000,0.000,0.014,0.045,0.000,0.003,0.006,0.049,0.005,0.000,0.005,0.000,0.003,0.009,0.002,0.860,0.860
TCGA-BI-A0VS-01A,0.003,0.004,0.062,0.001,0.023,0.002,0.012,0.024,0.098,0.015,0.032,0.000,0.000,0.004,0.000,0.720,0.720
TCGA-DG-A2KH-01A,0.000,0.000,0.006,0.013,0.001,0.000,0.011,0.013,0.000,0.000,0.004,0.000,0.000,0.000,0.000,0.952,0.952
TCGA-EK-A2RB-01A,0.001,0.000,0.002,0.019,0.000,0.000,0.000,0.007,0.002,0.000,0.005,0.000,0.000,0.000,0.000,0.963,0.963
TCGA-VS-A8EI-01A,0.014,0.000,0.030,0.021,0.064,0.000,0.013,0.048,0.059,0.002,0.031,0.001,0.001,0.005,0.003,0.707,0.707
TCGA-EK-A2IP-01A,0.000,0.000,0.015,0.013,0.000,0.000,0.002,0.019,0.011,0.000,0.004,0.000,0.000,0.002,0.000,0.932,0.932
TCGA-JW-AAVH-01A,0.002,0.000,0.014,0.023,0.000,0.003,0.004,0.022,0.002,0.000,0.001,0.000,0.008,0.005,0.000,0.916,0.916
TCGA-MU-A5YI-01A,0.002,0.000,0.031,0.018,0.001,0.000,0.024,0.078,0.195,0.031,0.024,0.000,0.000,0.002,0.000,0.593,0.593
TCGA-C5-A7UE-01A,0.005,0.000,0.015,0.006,0.000,0.001,0.009,0.023,0.000,0.000,0.004,0.000,0.000,0.002,0.005,0.930,0.930
TCGA-UC-A7PD-01A,0.004,0.000,0.012,0.009,0.000,0.000,0.004,0.033,0.005,0.000,0.007,0.000,0.000,0.004,0.005,0.917,0.917
TCGA-DS-A1OC-01A,0.010,0.000,0.014,0.057,0.008,0.000,0.000,0.027,0.008,0.000,0.092,0.001,0.000,0.008,0.000,0.775,0.775
TCGA-EA-A1QT-01A,0.002,0.000,0.030,0.034,0.000,0.000,0.007,0.023,0.015,0.000,0.019,0.000,0.000,0.003,0.004,0.862,0.862
TCGA-FU-A3TX-01A,0.000,0.000,0.037,0.011,0.019,0.000,0.032,0.052,0.016,0.003,0.033,0.000,0.000,0.002,0.000,0.795,0.795
TCGA-VS-A9UQ-01A,0.010,0.000,0.020,0.028,0.019,0.000,0.011,0.032,0.071,0.000,0.017,0.001,0.000,0.006,0.000,0.784,0.784
TCGA-FU-A3YQ-01A,0.041,0.000,0.047,0.038,0.013,0.000,0.055,0.077,0.059,0.001,0.063,0.001,0.000,0.014,0.004,0.585,0.585
TCGA-EA-A5O9-01A,0.000,0.000,0.012,0.018,0.000,0.000,0.000,0.011,0.000,0.000,0.014,0.000,0.000,0.000,0.000,0.945,0.945
TCGA-MA-AA3W-01A,0.005,0.004,0.062,0.120,0.003,0.001,0.089,0.038,0.014,0.018,0.056,0.000,0.001,0.006,0.000,0.583,0.583
TCGA-VS-A8QC-01A,0.008,0.000,0.010,0.030,0.000,0.000,0.002,0.022,0.068,0.001,0.024,0.000,0.001,0.002,0.000,0.830,0.830
TCGA-VS-A9V2-01A,0.004,0.000,0.026,0.082,0.002,0.000,0.039,0.041,0.010,0.000,0.026,0.000,0.000,0.005,0.000,0.763,0.763
TCGA-MY-A913-01A,0.011,0.000,0.035,0.034,0.001,0.000,0.007,0.032,0.013,0.001,0.047,0.000,0.000,0.009,0.002,0.807,0.807
TCGA-JW-A5VK-01A,0.007,0.000,0.011,0.003,0.000,0.000,0.001,0.008,0.000,0.001,0.007,0.000,0.000,0.000,0.002,0.960,0.960
TCGA-VS-A9UO-01A,0.021,0.000,0.000,0.039,0.002,0.000,0.000,0.014,0.000,0.000,0.000,0.000,0.000,0.004,0.000,0.921,0.921
TCGA-C5-A7X3-01A,0.058,0.000,0.032,0.023,0.002,0.000,0.007,0.024,0.064,0.003,0.058,0.000,0.007,0.001,0.000,0.719,0.719
TCGA-C5-A1M9-01A,0.000,0.000,0.006,0.016,0.000,0.000,0.003,0.013,0.002,0.000,0.028,0.000,0.000,0.000,0.000,0.932,0.932
TCGA-EA-A44S-01A,0.002,0.000,0.033,0.033,0.007,0.003,0.013,0.018,0.014,0.001,0.059,0.000,0.002,0.002,0.002,0.810,0.810
TCGA-EA-A43B-01A,0.024,0.000,0.018,0.045,0.000,0.000,0.018,0.033,0.030,0.001,0.031,0.000,0.000,0.002,0.000,0.796,0.796
TCGA-FU-A3HZ-01A,0.006,0.000,0.012,0.016,0.015,0.000,0.000,0.013,0.013,0.002,0.038,0.000,0.000,0.000,0.000,0.885,0.885
TCGA-C5-A1MJ-01A,0.000,0.000,0.030,0.011,0.002,0.000,0.010,0.060,0.081,0.016,0.082,0.004,0.000,0.001,0.000,0.701,0.701
TCGA-JW-A69B-01A,0.014,0.000,0.023,0.010,0.000,0.000,0.001,0.017,0.027,0.001,0.113,0.000,0.000,0.003,0.000,0.790,0.790
TCGA-EA-A3QD-01A,0.022,0.008,0.059,0.075,0.043,0.003,0.026,0.041,0.063,0.003,0.150,0.001,0.001,0.002,0.000,0.501,0.501
TCGA-MU-A8JM-01A,0.001,0.000,0.032,0.014,0.000,0.000,0.048,0.031,0.017,0.001,0.004,0.000,0.000,0.014,0.000,0.837,0.837
TCGA-VS-A8EC-01A,0.000,0.000,0.005,0.004,0.000,0.006,0.000,0.016,0.005,0.001,0.007,0.000,0.000,0.001,0.003,0.952,0.952
TCGA-C5-A1BK-01B,0.013,0.001,0.081,0.090,0.003,0.000,0.075,0.037,0.013,0.005,0.063,0.000,0.000,0.003,0.000,0.614,0.614
TCGA-VS-A8EG-01A,0.002,0.000,0.019,0.015,0.000,0.000,0.009,0.041,0.000,0.000,0.004,0.000,0.000,0.009,0.000,0.901,0.901
TCGA-ZJ-AAXJ-01A,0.005,0.000,0.002,0.004,0.000,0.000,0.003,0.006,0.000,0.000,0.000,0.000,0.000,0.000,0.000,0.981,0.981
TCGA-EK-A2RN-01A,0.000,0.000,0.000,0.002,0.000,0.000,0.000,0.001,0.000,0.000,0.049,0.000,0.000,0.007,0.000,0.940,0.940
TCGA-MA-AA41-01A,0.000,0.000,0.000,0.048,0.000,0.000,0.017,0.016,0.006,0.000,0.011,0.000,0.000,0.002,0.002,0.897,0.897
TCGA-C5-A907-01A,0.004,0.000,0.002,0.058,0.000,0.000,0.001,0.016,0.009,0.000,0.021,0.000,0.000,0.006,0.000,0.883,0.883
TCGA-DS-A0VN-01A,0.000,0.000,0.037,0.082,0.039,0.000,0.011,0.046,0.026,0.003,0.089,0.001,0.000,0.003,0.007,0.655,0.655
TCGA-VS-A8Q8-01A,0.005,0.000,0.011,0.039,0.000,0.000,0.019,0.029,0.004,0.000,0.053,0.000,0.000,0.007,0.001,0.829,0.829
TCGA-FU-A23K-01A,0.038,0.000,0.032,0.019,0.007,0.000,0.010,0.015,0.025,0.006,0.043,0.000,0.000,0.000,0.000,0.803,0.803
TCGA-EA-A410-01A,0.009,0.000,0.017,0.020,0.018,0.000,0.003,0.037,0.107,0.002,0.030,0.000,0.000,0.003,0.000,0.754,0.754
TCGA-FU-A57G-01A,0.005,0.000,0.009,0.002,0.000,0.000,0.001,0.119,0.140,0.094,0.028,0.001,0.000,0.003,0.000,0.597,0.597
TCGA-ZJ-AAXB-01A,0.000,0.000,0.010,0.000,0.000,0.000,0.001,0.015,0.038,0.008,0.013,0.000,0.000,0.000,0.000,0.913,0.913
TCGA-EK-A2PK-01A,0.082,0.000,0.010,0.103,0.000,0.000,0.000,0.044,0.012,0.001,0.047,0.000,0.028,0.003,0.000,0.670,0.670
TCGA-C5-A1MQ-01A,0.063,0.000,0.034,0.023,0.000,0.001,0.010,0.004,0.058,0.000,0.123,0.000,0.000,0.000,0.000,0.682,0.682
TCGA-EA-A3HS-01A,0.001,0.000,0.030,0.047,0.003,0.002,0.003,0.061,0.042,0.008,0.041,0.000,0.002,0.013,0.000,0.747,0.747
TCGA-DS-A7WF-01A,0.004,0.000,0.051,0.029,0.001,0.000,0.003,0.039,0.062,0.019,0.017,0.000,0.000,0.004,0.000,0.770,0.770
TCGA-VS-A9U5-01A,0.029,0.002,0.027,0.033,0.058,0.000,0.012,0.038,0.006,0.000,0.038,0.000,0.000,0.005,0.000,0.750,0.750
TCGA-DR-A0ZM-01A,0.005,0.000,0.032,0.048,0.000,0.000,0.028,0.008,0.010,0.000,0.034,0.000,0.000,0.000,0.000,0.833,0.833
TCGA-VS-A9UZ-01A,0.043,0.000,0.041,0.035,0.014,0.000,0.011,0.036,0.025,0.013,0.039,0.001,0.001,0.005,0.000,0.736,0.736
TCGA-DS-A7WI-01A,0.005,0.000,0.000,0.013,0.000,0.000,0.001,0.009,0.000,0.000,0.035,0.000,0.001,0.001,0.000,0.935,0.935
TCGA-EX-A69L-01A,0.017,0.000,0.041,0.049,0.030,0.000,0.053,0.029,0.015,0.001,0.102,0.001,0.000,0.006,0.000,0.656,0.656
TCGA-Q1-A73Q-01A,0.005,0.000,0.034,0.006,0.000,0.000,0.022,0.028,0.013,0.000,0.003,0.000,0.000,0.005,0.000,0.883,0.883
TCGA-VS-A9UI-01A,0.005,0.000,0.045,0.038,0.000,0.000,0.017,0.015,0.000,0.000,0.027,0.000,0.000,0.009,0.000,0.844,0.844
TCGA-C5-A8XI-01A,0.007,0.000,0.043,0.030,0.010,0.000,0.013,0.041,0.023,0.028,0.004,0.000,0.000,0.006,0.000,0.795,0.795
TCGA-VS-A8Q9-01A,0.000,0.000,0.001,0.024,0.000,0.000,0.000,0.026,0.000,0.007,0.008,0.000,0.000,0.001,0.000,0.932,0.932
TCGA-C5-A2LT-01A,0.005,0.000,0.015,0.033,0.000,0.000,0.010,0.032,0.094,0.026,0.024,0.000,0.000,0.002,0.000,0.758,0.758
TCGA-ZX-AA5X-01A,0.007,0.001,0.028,0.024,0.001,0.006,0.035,0.131,0.151,0.028,0.050,0.002,0.008,0.012,0.004,0.512,0.512
TCGA-GH-A9DA-01A,0.000,0.000,0.006,0.019,0.000,0.000,0.022,0.016,0.020,0.001,0.013,0.000,0.000,0.005,0.000,0.898,0.898
TCGA-C5-A7CH-01A,0.001,0.000,0.015,0.005,0.002,0.003,0.007,0.032,0.030,0.007,0.015,0.000,0.000,0.009,0.011,0.864,0.864
TCGA-EA-A3Y4-01A,0.000,0.000,0.005,0.148,0.002,0.000,0.005,0.006,0.010,0.000,0.038,0.000,0.000,0.000,0.000,0.785,0.785
TCGA-EX-A1H6-01B,0.004,0.000,0.000,0.018,0.000,0.000,0.002,0.015,0.040,0.002,0.011,0.001,0.000,0.000,0.000,0.906,0.906
TCGA-C5-A1BE-01B,0.002,0.000,0.030,0.011,0.000,0.000,0.009,0.028,0.018,0.001,0.021,0.000,0.000,0.005,0.000,0.874,0.874
TCGA-C5-A8XK-01A,0.000,0.000,0.006,0.012,0.000,0.000,0.000,0.033,0.003,0.010,0.037,0.000,0.001,0.006,0.007,0.885,0.885
TCGA-RA-A741-01A,0.024,0.000,0.029,0.044,0.002,0.000,0.033,0.018,0.026,0.001,0.059,0.000,0.001,0.003,0.000,0.759,0.759
TCGA-VS-A958-01A,0.012,0.000,0.021,0.191,0.000,0.000,0.025,0.033,0.000,0.000,0.101,0.000,0.000,0.014,0.000,0.602,0.602
TCGA-MA-AA43-01A,0.005,0.000,0.020,0.007,0.000,0.001,0.011,0.057,0.120,0.039,0.010,0.000,0.000,0.005,0.005,0.718,0.718
TCGA-JW-A5VH-01A,0.000,0.000,0.003,0.001,0.004,0.000,0.000,0.049,0.020,0.014,0.004,0.000,0.000,0.000,0.003,0.900,0.900
TCGA-VS-A9UY-01A,0.002,0.000,0.016,0.042,0.000,0.000,0.000,0.058,0.000,0.000,0.061,0.000,0.000,0.015,0.000,0.806,0.806
TCGA-VS-A9UC-01A,0.008,0.000,0.016,0.082,0.000,0.000,0.001,0.022,0.025,0.000,0.048,0.000,0.000,0.011,0.000,0.786,0.786
TCGA-C5-A8YQ-01A,0.005,0.000,0.007,0.002,0.017,0.000,0.001,0.006,0.025,0.000,0.026,0.000,0.000,0.005,0.001,0.905,0.905
TCGA-MA-AA3Y-01A,0.005,0.000,0.030,0.057,0.001,0.000,0.007,0.049,0.015,0.001,0.072,0.001,0.000,0.006,0.020,0.737,0.737
TCGA-VS-A8EK-01A,0.014,0.000,0.017,0.015,0.000,0.000,0.001,0.031,0.000,0.000,0.023,0.000,0.002,0.010,0.004,0.884,0.884
TCGA-LP-A4AV-01A,0.032,0.000,0.058,0.022,0.000,0.000,0.011,0.010,0.044,0.005,0.108,0.000,0.001,0.000,0.000,0.707,0.707
TCGA-C5-A7CG-01A,0.013,0.027,0.057,0.140,0.041,0.000,0.045,0.037,0.025,0.001,0.090,0.001,0.001,0.006,0.001,0.513,0.513
TCGA-VS-A952-01A,0.022,0.000,0.013,0.023,0.000,0.000,0.001,0.024,0.007,0.000,0.014,0.000,0.000,0.003,0.000,0.892,0.892
TCGA-EK-A2PL-01A,0.000,0.000,0.005,0.013,0.000,0.000,0.000,0.017,0.000,0.000,0.006,0.000,0.000,0.001,0.000,0.957,0.957
TCGA-EK-A2H1-01A,0.008,0.000,0.030,0.027,0.001,0.000,0.008,0.042,0.071,0.024,0.079,0.001,0.001,0.002,0.003,0.703,0.703
TCGA-VS-A9UP-01A,0.014,0.000,0.018,0.012,0.021,0.001,0.001,0.017,0.059,0.010,0.009,0.001,0.000,0.004,0.000,0.831,0.831
TCGA-C5-A1BF-01B,0.001,0.000,0.004,0.018,0.000,0.000,0.008,0.065,0.105,0.069,0.043,0.000,0.001,0.005,0.001,0.680,0.680
TCGA-DS-A3LQ-01A,0.005,0.000,0.021,0.001,0.011,0.000,0.000,0.037,0.051,0.006,0.098,0.000,0.000,0.004,0.000,0.764,0.764
TCGA-C5-A1MP-01A,0.019,0.000,0.050,0.028,0.019,0.007,0.089,0.051,0.101,0.002,0.098,0.001,0.000,0.005,0.000,0.529,0.529
TCGA-EK-A2RA-01A,0.000,0.000,0.037,0.075,0.013,0.000,0.048,0.011,0.000,0.000,0.024,0.000,0.000,0.001,0.000,0.791,0.791
TCGA-EX-A1H5-01A,0.009,0.000,0.032,0.016,0.003,0.000,0.011,0.051,0.014,0.010,0.005,0.000,0.000,0.002,0.000,0.847,0.847
TCGA-JW-A5VI-01A,0.009,0.000,0.026,0.051,0.025,0.000,0.009,0.046,0.060,0.000,0.034,0.001,0.001,0.013,0.001,0.723,0.723
TCGA-JX-A3Q8-01A,0.027,0.000,0.005,0.061,0.000,0.000,0.002,0.023,0.001,0.000,0.052,0.000,0.000,0.000,0.000,0.828,0.828
TCGA-IR-A3LC-01A,0.000,0.000,0.002,0.017,0.000,0.000,0.006,0.024,0.003,0.000,0.015,0.000,0.009,0.002,0.000,0.921,0.921
TCGA-EK-A2H0-01A,0.000,0.000,0.000,0.021,0.000,0.000,0.001,0.008,0.000,0.000,0.019,0.000,0.000,0.004,0.000,0.947,0.947
TCGA-IR-A3LH-01A,0.032,0.001,0.050,0.084,0.026,0.000,0.029,0.029,0.127,0.004,0.186,0.001,0.001,0.004,0.000,0.426,0.426
TCGA-DS-A1OA-01A,0.014,0.000,0.041,0.039,0.015,0.001,0.030,0.041,0.066,0.010,0.053,0.000,0.000,0.003,0.000,0.684,0.684
TCGA-DS-A0VL-01A,0.004,0.000,0.017,0.054,0.000,0.000,0.011,0.043,0.013,0.002,0.018,0.000,0.001,0.006,0.000,0.832,0.832
TCGA-EA-A1QS-01A,0.004,0.000,0.017,0.001,0.009,0.000,0.015,0.061,0.367,0.038,0.042,0.009,0.000,0.005,0.000,0.431,0.431
TCGA-EA-A78R-01A,0.000,0.000,0.025,0.006,0.000,0.000,0.024,0.023,0.047,0.010,0.024,0.000,0.000,0.001,0.000,0.839,0.839
TCGA-LP-A7HU-01A,0.003,0.000,0.055,0.050,0.001,0.000,0.014,0.019,0.029,0.006,0.042,0.000,0.000,0.000,0.000,0.779,0.779
TCGA-UC-A7PI-01A,0.002,0.000,0.010,0.020,0.001,0.000,0.001,0.012,0.007,0.000,0.021,0.000,0.000,0.003,0.000,0.922,0.922
