"","cellFractions.B.Cells","cellFractions.CD4.T","cellFractions.CD8.T","cellFractions.DC","cellFractions.Endothelial.Cells","cellFractions.Fibroblasts","cellFractions.Macrophages","cellFractions.Mast.Cells","cellFractions.Monocytes","cellFractions.NK","cellFractions.Neutrophils","cellFractions.otherCells"
"TCGA.C5.A7UI.01A",0.0150645544152355,0.0819959311277614,6.09898885327993e-07,2.28603778523314e-08,0.0287508770030825,0.0102817200192992,0.0287761523235477,0.000492427432661667,1.29546803556391e-09,0.00718559243781751,2.67805081770973e-05,0.827425330677686
"TCGA.C5.A902.01A",2.29225294285974e-06,0.043511247253816,0.0255583281948497,0.29375294781119,0.00370816066415865,0.00249740232384239,0.00511673117041859,0.000128041207479561,9.24986780047859e-09,0.00655996582701104,0.61916415097087,7.23073553614848e-07
"TCGA.DS.A1OB.01A",0.00108435857475027,0.00532212364857418,0.000164164794304261,0.240325233503953,0.0130738697801203,0.00508440626765851,0.0118364819315725,4.98241097185814e-05,6.78221452666238e-09,0.0002613695034782,0.657686922077182,0.065111239026473
"TCGA.Q1.A6DW.01A",5.14368171134644e-09,1.12891213599411e-07,4.0541744986293e-07,0.303218070075244,0.0144545074836156,0.00807619932142566,0.00745429203170286,4.32622172385895e-05,4.32317668101725e-08,0.00068765685079373,0.666065324452635,1.2088323313057e-07
"TCGA.EK.A2R7.01A",0.00501125031378789,0.012959106403524,3.41058118629248e-08,0.306462834343779,0.00275830436225724,0.0112115597776263,0.00870014918925095,0.000192201978939766,6.92040374435121e-09,0.00192421051420161,0.650780331134466,1.09559512441562e-08
"TCGA.C5.A7X8.01A",0.045677282221804,0.00971271605387661,0.0115050372885055,0.239148779921461,0.141935947764996,0.043303604512968,0.00561351414949864,0.000841674354672391,1.30782222367347e-08,0.00042005954562006,0.501824231082922,1.71400254536421e-05
"TCGA.Q1.A5R3.01A",2.24184881636413e-07,0.00424771251933885,2.80573194237055e-07,0.262437917152799,0.0568793850080099,0.000560468662102479,0.0131415430535617,0.000917499742889445,1.04596707501253e-08,0.00210753603218546,0.659707380608831,4.20025361949287e-08
"TCGA.C5.A7X5.01A",2.40385844098218e-05,0.000342360570027426,3.50067900555836e-07,0.195708434907615,0.00268950663157927,0.0049839278007317,0.00154202432577196,1.96179978227251e-06,3.75074832445901e-09,1.09083447515202e-05,0.794695559992004,9.23224678675779e-07
"TCGA.ZJ.A8QR.01A",0.00572348274571414,5.9763235676415e-07,8.52054844673883e-07,0.508688764230665,0.0104540453315161,0.00272413251349328,0.00242898737803045,0.000188555818581468,0.000799906674426401,0.000375162715566717,0.468615492139919,2.07648853609183e-08
"TCGA.HM.A3JK.01A",7.75577603230998e-06,4.30469053689814e-06,7.97860388348535e-08,9.07015146680846e-05,0.888394416614464,0.0668917711817378,0.0425945738139046,0.00070434834726419,7.57990710499511e-06,0.00127789030166375,2.61103699355132e-05,4.67696648651777e-07
"TCGA.EA.A556.01A",5.99188256022495e-08,0.000745850755152984,0.000135801862014543,0.193217130552996,0.0180625811155305,0.0528795503165106,0.00431885842784124,0.000111330773811001,1.99988658512596e-08,0.000438070606224636,0.730088878445095,1.86722713227799e-06
"TCGA.VS.A9V4.01A",0.000762600521802246,0.00568755127522838,5.85304109018125e-09,0.138877584967543,0.0229034357529617,0.00136381514290706,0.00016037039014208,4.69690693171857e-05,9.50841482725665e-09,1.88585703295013e-05,0.427252394512478,0.402926404435835
"TCGA.IR.A3L7.01A",2.98635768944222e-07,8.04186074004801e-07,1.00740590248313e-08,0.281903124934463,0.0308426989476644,0.00798761411336647,0.00390605653220022,4.15703351953664e-05,2.18664413469922e-06,3.68436828712142e-06,0.675311950476178,7.52609196780524e-10
"TCGA.EK.A2RL.01A",6.17990474340818e-08,0.00150990052063532,2.59529816389703e-07,0.397633786216459,0.0180227852386731,0.00951366860540408,0.000526802473639357,6.36296464376819e-06,2.77236061324978e-07,0.000434561700947713,0.572350364356686,1.16935798691158e-06
"TCGA.VS.A94X.01A",1.43159006580229e-06,1.9315048879736e-07,8.90324613907226e-06,0.271923174415217,1.78090640904592e-05,0.000699986446830536,0.0255870905453411,3.27625196620218e-07,9.28755811056349e-08,9.54623772983125e-06,0.701751404154474,4.06488458983386e-08
"TCGA.VS.A9V3.01A",3.83452108738583e-06,0.00846032675949002,2.52094179334879e-06,0.220091836642176,3.59235945376963e-05,0.00727915711759167,0.017180522441326,0.000271755599828551,2.6155704569568e-08,0.000914775965124964,0.745759256726536,6.3534803801237e-08
"TCGA.EK.A2RO.01A",0.000157125450017436,0.00396338328514596,7.91977333927203e-06,0.171806196659564,0.0858342367027036,0.0377759732430611,0.00415429161519863,2.89815535585104e-05,5.93505598806301e-09,0.00109821331753173,0.481944414862548,0.213229257602275
"TCGA.JW.A5VJ.01A",5.82408551523879e-05,1.67008558150573e-08,3.39458725410692e-08,0.21527550219047,0.00744352078583204,0.00282960588581889,0.00555092101888922,6.1551021358926e-05,1.09277280730612e-08,0.000214285699524563,0.768566203303006,1.07665491092772e-07
"TCGA.MA.AA42.01A",0.050685242893263,0.117252096621167,0.434878070985736,5.34434413645077e-06,7.8548836469689e-05,0.0109667803499749,0.197214481521551,1.11810149775159e-05,5.89037437465111e-07,0.0256715655869969,2.17857201911806e-05,0.163214313088099
"TCGA.C5.A1MK.01A",0.000636881590291457,0.00579149467029702,0.00517433914816518,0.24239881086023,0.020629929677965,0.0363581432846101,0.00574325144861478,3.88159636355543e-05,4.08570725861919e-09,0.000320058054638178,0.680730629848151,0.00217764136769493
"TCGA.UC.A7PG.01A",1.87291692460421e-07,3.64436767304018e-05,3.43288853581289e-08,0.51869962416995,0.0206222833200546,0.00749744955926915,0.00512988259079522,0.000329606087124584,1.1706372202249e-06,0.000530122261988233,0.447152635093993,5.60982297035869e-07
"TCGA.VS.A9UH.01A",0.0201404383225461,0.134693553251282,2.38645177792641e-06,0.227833864847229,0.116197164686005,0.0266041355528024,0.216515435119342,0.000411122350248956,2.80428584781062e-06,0.0188120247122437,0.238752797519864,3.42729008113005e-05
"TCGA.4J.AA1J.01A",1.3793161148801e-06,2.15897200845645e-08,2.55718739857405e-07,0.222828733579398,0.152960960987718,0.0195072982040543,0.00387709471424856,0.000284608931973071,6.72425030243774e-07,0.000303626563388976,0.600234869526845,4.78442768625601e-07
"TCGA.C5.A1ME.01A",0.00148845186299649,0.0077982316323492,0.0131796110114077,0.368059927827271,0.00969788615691066,0.00506251783385313,0.00475007869353604,0.000809026968245647,4.16831206303756e-09,0.00116513981280854,0.58798875702248,3.67009830094846e-07
"TCGA.C5.A8YR.01A",0.000467496990444145,0.032166421509192,0.010355420096836,0.329891711666544,0.0041839316704073,0.0106922557885712,0.0475700492562121,0.000145429691574064,7.52586885185989e-07,0.00706378529700415,0.259393465705675,0.298069279740655
"TCGA.EA.A5FO.01A",2.93933405211076e-08,3.02278806206268e-07,3.88629116223751e-07,0.257013319046733,0.000743960203778046,0.00145915119844798,0.000987791547267818,2.03381011294275e-07,3.93227464678628e-09,7.38631276948359e-05,0.739720635870915,3.51390614667269e-07
"TCGA.MA.AA3Z.01A",2.55928418065426e-06,0.00774520421732417,0.0264078758783527,0.205823004422411,0.00151862803404896,0.0024204297669669,0.00895955622507568,3.40592374684684e-05,4.0117564952639e-07,0.00187426623535141,0.745214015485625,3.75460985698932e-11
"TCGA.C5.A8XJ.01A",0.00338414114553458,0.000244113079247761,0.0110676247540891,0.323207215250274,0.138355081596736,0.0185685716911349,0.0108491229137375,7.20652688723041e-05,1.36220252104133e-07,0.00201423743058912,0.49223766848549,2.21640430193826e-08
"TCGA.R2.A69V.01A",0.0407580675624902,0.226084835882824,0.162435591169132,1.17793815436181e-06,0.0521711183784999,0.0271982629000488,0.354614844660828,0.00184088743400758,5.87358799283399e-07,0.0348990497935912,1.2318926955828e-05,0.0999832579946689
"TCGA.C5.A1BM.01A",0.00043135823346974,0.00752132943284476,0.000321531592660174,0.232968659154274,0.0113262773068126,0.00329358032011283,0.0375953033949374,3.43500688974396e-05,3.97539018549781e-06,0.00117405055308838,0.705329303171621,2.81381096889953e-07
"TCGA.ZJ.AAXD.01A",7.75817196610873e-08,5.8528152436169e-06,5.13948853531761e-07,0.249398287541475,0.116960901569234,0.00957586949395009,0.00478439553929884,0.000204830771247118,8.27211890604705e-06,0.000134072347886944,0.618926662435268,2.63836917186969e-07
"TCGA.HM.A4S6.01A",1.24669802748423e-06,0.00340123048267304,2.92002664449253e-06,0.0646630780933728,0.0350373795352751,0.00540815288558858,0.0222881539786348,4.67814758483596e-05,4.7750033013076e-10,0.00313994641388387,0.866010727691241,3.82241310049164e-07
"TCGA.EA.A5ZF.01A",0.000315747686700589,3.37859918591665e-05,1.84146423759769e-07,0.193048543496327,0.0634718574869306,0.0306521820738212,0.00791054924527674,0.000110786740840401,2.81933837398635e-06,2.59865568200644e-08,0.704453126886832,3.90920057806069e-07
"TCGA.C5.A1M6.01A",1.74256444500791e-07,6.14184938614437e-09,1.94883788811849e-08,0.415032133509985,0.0194111200531748,0.0103709459001265,0.00498637118634604,7.13471528464207e-05,2.9614855351286e-10,5.79878709515772e-08,0.550127814111397,9.91543187773821e-09
"TCGA.DG.A2KK.01A",8.0736201896247e-07,2.28748763302607e-08,7.75447605707646e-06,0.232785935079679,0.00233870951039026,0.00384732924785792,0.0136970707181287,1.53994896682673e-05,2.23152770402224e-05,0.0013258298183135,0.74595870731941,1.18826559439383e-07
"TCGA.HG.A2PA.01A",9.60714812864884e-07,0.000163239168763902,9.62164190755035e-08,0.2343231672038,0.0125014592208434,0.0171327566972864,0.010032728948717,0.000918786467889283,9.6111625352063e-08,0.00131887470436611,0.723607671391915,1.63153561389049e-07
"TCGA.VS.A8EH.01A",2.34998012642203e-06,6.77838280155935e-07,4.39784924683198e-07,0.190273846993634,1.22895321343406e-07,0.000789178583915852,0.0158183888966532,0.000167832819460968,1.97504772164697e-07,4.74670391431439e-06,0.792942161126716,5.68722808534219e-08
"TCGA.FU.A5XV.01A",1.27912118510877e-06,1.12487867740668e-06,1.01164973543277e-08,0.16900491923988,6.44953240542366e-08,0.0150832279482179,0.00684662451240007,0.000449613733557931,2.68651033125651e-09,0.00011079474413085,0.808502275141386,6.33822328225437e-08
"TCGA.C5.A1MF.01A",0.00425077222155325,0.0211630421312942,1.07302208727552e-05,0.135221472328473,0.0558353513794751,0.0039332704818029,0.0131652908327636,0.000703680862894539,7.81912981591655e-08,0.0015933312417122,0.576835057653015,0.187287922454845
"TCGA.EX.A449.01A",2.02505709129245e-06,0.00109418634138361,1.28929874565449e-06,0.239397085795768,2.10095677133999e-07,0.00930671259040417,0.00183639672091528,2.70504610418835e-05,2.02365157566268e-06,0.000498408585245091,0.747834547683933,6.37182192690494e-08
"TCGA.C5.A2LX.01A",0.0216868122750173,0.073927534449421,0.232752822340064,5.51807230262092e-07,0.0638571335318973,0.0115492256903502,0.0499453383634771,0.00546580111016486,1.76286143405137e-07,0.000271551828953873,3.61545389259359e-06,0.540539436863388
"TCGA.HM.A3JJ.01A",1.55459316645007e-08,0.00108568548178561,3.79848435916465e-06,0.391566237475592,0.161342557221353,0.0373711862713103,0.0289387785131397,0.000514224023077065,4.46246029480071e-08,0.00163915080223828,0.377538317607014,3.94959589818124e-09
"TCGA.LP.A4AW.01A",7.96233590976562e-08,3.04312637434086e-08,4.060675752255e-08,6.86340674484294e-06,0.998653034428691,1.1886101208021e-06,0.00107707478773505,0.000256680552013655,1.51094490112137e-06,8.78573861377889e-07,2.7172235476314e-07,2.34631219721739e-06
"TCGA.C5.A8XH.01A",6.74794783740069e-05,0.00817565530135751,2.66882171738451e-05,0.24521753472939,0.0226358412678505,0.00217902761627393,0.0129944670335943,0.00014201081620964,1.25937830269548e-07,0.00163303427888206,0.706927941492585,1.93830478934435e-07
"TCGA.EK.A2RE.01A",7.52153159450189e-11,2.11932326568641e-06,1.84826649173899e-06,0.386711567089693,0.023846779672158,0.00390359235895405,0.0011979560083256,5.81080001711828e-06,1.51778133513471e-07,6.53305791151678e-08,0.584329897774107,2.11523060282935e-07
"TCGA.EK.A2RC.01A",4.41154824351899e-09,0.0256754179118109,4.89641143539566e-06,0.349545947309207,0.0268305283097361,0.0224753786982658,0.0184606859287366,0.000470981132604777,2.74639505804808e-08,0.00201904380972219,0.554517036329897,5.22830853873774e-08
"TCGA.EA.A3HU.01A",0.0233298337335757,0.099179334721065,0.0934307762980904,0.642624317829475,0.00163014811220206,0.0143436312799512,0.0706360082696741,8.52357712546932e-05,7.86931202779373e-08,0.0304863264089243,0.0242517139507464,2.59493192103769e-06
"TCGA.EK.A2PI.01A",3.52319651312063e-07,5.28319131053996e-07,3.06337444882463e-06,0.216015789513845,0.0188916213216771,0.0130372319113371,0.0021689999781648,0.000120959106547314,1.978829539954e-08,7.63726544522547e-05,0.749685049399902,1.23125475014265e-08
"TCGA.EX.A8YF.01A",0.0270819648629422,2.89040468883753e-07,0.0571389140180901,0.284425383993063,0.012691591083303,0.00503253805846367,0.0120833699068032,6.12873908067363e-09,9.78205722253292e-07,0.000924918817115616,0.6006200390409,6.84438916569778e-09
"TCGA.C5.A7UC.01A",4.34574949812561e-09,5.90666184838216e-07,4.0998900172726e-08,0.22347968820879,0.0977483469394174,0.000226406874232613,0.00483496127955791,4.32785962274636e-05,0.00207043550169175,6.24438811216458e-06,0.671589297914196,7.04286940898378e-07
"TCGA.EA.A3QE.01A",0.00734547660583253,0.0316762143530946,0.0352204011075069,0.265024144236716,0.00160031199458863,0.00730035422787995,0.0164345810073472,0.000216880411800448,1.08946723001608e-09,0.002946649564332,0.632234778496726,2.06904708515531e-07
"TCGA.EA.A4BA.01A",1.26743284536648e-06,2.40501620139576e-07,3.97471095301472e-07,0.268447796086229,0.0711511967104465,0.011792707076103,0.00123659377411578,0.000245366246828471,5.06621394605269e-07,1.93313356859895e-06,0.64712149483858,5.00107173496101e-07
"TCGA.EA.A411.01A",0.0093257346643751,0.00406299209240216,0.00142369487101219,0.410610734466774,0.192929728470487,0.0433029950548249,0.00757336121034175,0.000607975973748669,9.65693894670652e-08,0.000469924118917409,0.329688280112751,4.48239497633989e-06
"TCGA.IR.A3LL.01A",0.00538698482069657,0.0908022013108375,0.0134229253857171,1.1464999179172e-06,0.010946792596202,0.00194556723312267,0.0910203808263604,0.00651249310989671,1.73654543470469e-07,0.01362853473809,8.48642097961541e-07,0.766331951182518
"TCGA.IR.A3LF.01A",0.00388594478987207,0.0133816224411017,0.00896033532847375,0.261548407197264,0.0165177562497078,0.0114892486700408,0.00203213748389421,0.0003348747687427,1.88240021344347e-07,0.000446311570561252,0.68140314905551,2.42048099534336e-08
"TCGA.EK.A3GJ.01A",0.000373776078183314,0.0370697147116948,0.0374998848249424,0.317690531233516,0.00402887439155963,0.00443726429128313,0.0597612545573961,0.000105887326588909,2.15104165260028e-06,0.00654017870500975,5.25205345256864e-05,0.532437962303648
"TCGA.ZJ.AAXI.01A",5.72935563369615e-07,2.50241007129449e-07,3.45473759877599e-09,0.0914087060618664,0.000507558465725028,0.00061743289411296,0.00139746585483985,3.10573377311864e-09,1.19648123390106e-06,0.000179535107431653,0.905887268197864,7.1998846289392e-09
"TCGA.C5.A1BI.01B",0.00443980918297263,0.0188422279805295,1.13039146317651e-05,0.292290536758959,0.0137244797010365,0.0130846596979624,0.0154622025335945,0.000212802292729878,3.12617818791643e-07,0.00227065133517461,0.639660973108508,4.08760824095525e-08
"TCGA.EK.A3GK.01A",4.72591023901279e-08,0.00149601346220423,0.00733191336193951,0.375337104435808,0.00284365510464201,0.00347796114587615,0.00477522462339282,0.00014637891831412,7.36958545846892e-08,0.00150824841701921,0.603083341966726,3.76091211722705e-08
"TCGA.EA.A3HT.01A",1.06090783285398e-07,2.49761981969894e-07,5.77711465141112e-08,0.294414925385261,0.10915015628658,0.0354625059362714,0.0191491031269445,0.000335222024181366,2.49202408682565e-05,3.80042598308115e-10,0.54146250269363,2.50302309165882e-07
"TCGA.C5.A2M1.01A",3.18661390595759e-08,0.0116124335346403,0.000161947545289468,0.216776458854964,0.00067267612314562,0.0052754194349518,0.0254964389050092,9.20807628440773e-05,6.26796102638141e-07,0.00284344061384197,0.737068036522565,4.09040506676069e-07
"TCGA.VS.AA62.01A",4.2741454950794e-09,0.0145911110653151,5.38061418506009e-06,0.488359083649565,0.0175116157353245,0.00972276535445586,0.03690390800493,0.000286066452112037,2.4510880297959e-09,0.00525705980810917,0.427362830165068,1.72425701160254e-07
"TCGA.JW.A5VL.01A",0.000265615558912526,0.0402989017531768,0.00033189923171383,0.40271453912801,0.0240797644322169,0.00367510627601609,0.0410669756949458,1.05135687526355e-05,9.65610967697034e-08,0.00601008907031917,0.381943507343335,0.0996029913815043
"TCGA.EK.A2IR.01A",0.000430961612925155,0.000635110933843115,8.57090062134982e-05,0.137515677630867,0.0115241866791892,0.0033659893066882,0.00116544208557327,6.17547460293242e-06,6.67713068558064e-08,7.20379173207744e-06,0.430745239991469,0.41451823671559
"TCGA.VS.A9UD.01A",0.0129522252949231,0.046162142978275,0.326034702874363,2.51204298610704e-07,7.65356046734768e-06,0.00402380142149738,0.170640131297449,0.00081824759561383,7.3729875202896e-06,0.0112982051688333,1.03400936697534e-07,0.428055162215823
"TCGA.VS.A9UR.01A",8.64401835952606e-06,2.2600823196291e-07,2.40173104360764e-06,0.906199096884502,0.000371341567592541,0.00858459722475275,0.00499948644547234,6.3869455345794e-05,9.25988024006584e-05,0.000999915462828324,0.0786777565281235,6.58713469138012e-08
"TCGA.FU.A3EO.01A",8.53443718866762e-07,0.00267308553423116,0.000863074988350825,0.185199140959393,0.0187922324703422,0.00524237415797449,0.0121159395443198,0.000189645031028715,2.79664767579947e-07,0.000405420071959768,0.774516186988932,1.76714498125739e-06
"TCGA.JX.A3Q0.01A",0.00334303854578711,0.0150535310384893,0.0279592449088194,0.470040059236588,0.0104387369427234,0.00699658470432928,0.0287910117327228,1.59650898274784e-05,1.73616363132982e-07,0.00254026075367643,0.283598000193264,0.15122339323741
"TCGA.VS.A8QH.01A",0.000241894933735999,0.000718410296214168,0.00312765706104118,0.159969051874365,0.0165636562981681,0.00245186092117892,6.57663319699563e-09,4.04357967190271e-05,4.81304570741901e-09,1.4480570359369e-05,0.546976889354901,0.269895651503638
"TCGA.EK.A2RM.01A",3.61317078121565e-05,1.78645472408495e-05,5.9070818441595e-05,0.221623283573028,0.115492932732135,0.0247123389748582,0.00600039028434929,2.30238543530432e-05,5.35126591370178e-07,4.71718208352496e-06,0.632029159673946,5.51525161216275e-07
"TCGA.ZJ.AAX8.01A",2.78552085334643e-06,0.000124724710084009,7.67413695163222e-07,0.185736367505905,0.0431879750368498,0.0302247282747052,0.0149367463447347,0.00154664444972304,9.16520739488082e-08,0.00127709649212689,0.722961959535111,1.13064138259149e-07
"TCGA.DR.A0ZL.01A",0.00207461570228298,0.00170175389125549,0.000310165943142756,0.174402134072111,0.0306263039149774,0.000867999004532484,8.11557836094472e-12,4.50637078338163e-05,3.52401364938225e-09,0.000102610541740694,0.789868727336426,6.22353568884568e-07
"TCGA.2W.A8YY.01A",0.00028059546542896,4.31629347110808e-07,5.85447866658918e-07,0.31159203149745,0.0534245603898423,0.00351487136025198,0.0155203353033155,1.41107742312072e-05,3.35057877779983e-09,0.000915678417176527,0.614736398525009,3.97839502416269e-07
"TCGA.BI.A0VR.01A",0.0211637710878735,0.011064649340846,0.00590428698534684,0.457796732879606,0.0349724740744472,0.0149111538164044,0.0182356032192378,0.000463625601887302,1.72813666096349e-07,0.00426014392453053,0.431227384427713,1.82844153419846e-09
"TCGA.FU.A23L.01A",0.00188987857972317,0.0290090627269027,8.61154922279654e-05,0.215990328910999,0.0275877899873996,0.0177187579493319,0.0151902712590396,6.62320620091197e-05,3.45663189028056e-08,0.00269787941119749,0.689763599760391,4.92944598518449e-08
"TCGA.VS.A8EJ.01A",0.000111305815387776,0.000998512873354306,0.000338609795315366,0.220329695481371,0.114761922584483,8.36131781615458e-10,0.00334973075977664,2.75762758982254e-05,4.05313361338282e-08,0.000672817784750139,0.65940973117094,5.60912559764191e-08
"TCGA.DS.A0VK.01A",4.8347596924126e-10,8.51783218767355e-08,1.82042565105774e-08,0.29365886060858,0.0545951523005616,0.0134931309125301,0.00402096815931783,5.62935121255842e-05,1.39997069855794e-09,0.000132896220109892,0.634042587087406,5.93334395379385e-09
"TCGA.LP.A4AX.01A",7.83656460633975e-07,0.0470451698447463,0.00410341425639521,0.365200740928327,0.035735165331063,0.00671867451503482,0.0563165533993843,3.45233090182243e-07,4.49808672299575e-07,0.0187425271881297,0.46613373895318,2.43688551668076e-06
"TCGA.EK.A2RJ.01A",0.00770170285980657,0.0317707283815038,0.000851484868513834,0.247997611309712,0.0204308006201214,0.00159211949090796,0.0226343802823281,0.000134472693364582,2.19756203350355e-08,0.00753285084100446,0.288334641709663,0.371019184967454
"TCGA.JW.A852.01A",0.00123273765753327,0.0109743432506568,1.24944851552846e-05,0.356126682551799,0.00967799254797869,0.000856136609035647,0.00854267249803086,0.000808859618040704,3.16704335031704e-05,0.000986916980085455,0.610744985277856,4.50809032472993e-06
"TCGA.Q1.A73S.01A",0.000374482858524595,0.000425813160734986,0.000248758960357965,0.19300338603611,0.0339753209143058,0.00456184834080178,0.0045128838558461,4.2756637217936e-05,6.55316176406485e-08,1.69435307399018e-08,0.565642276095919,0.197212390665033
"TCGA.ZJ.AAXU.01A",0.0140690615744939,0.022115205711948,3.16705925483431e-05,0.0908275019590646,0.00189583221027396,0.00444673764142454,0.00430670331563727,0.000220450234624312,2.07819387323555e-07,0.00220636104020624,0.859879893824373,3.74076018219891e-07
"TCGA.C5.A1MI.01A",0.00926840647297702,0.0137893298217445,0.0495549359488277,0.294738624620559,0.211429171909642,0.0126215505657293,0.0164936392868387,0.000229482239464372,2.59935028003289e-06,3.51708221282114e-08,0.17956814573526,0.212304078877856
"TCGA.VS.A8QA.01A",1.7171791305769e-07,0.00467706654413107,2.72101703722043e-06,0.349736468209411,4.3497018253189e-06,0.00170063521734817,0.0027666224189339,6.73119085577339e-06,1.06052088371423e-08,0.00132530727405046,0.639778662095847,1.25400743898746e-06
"TCGA.EA.A5ZD.01A",2.66700182601076e-07,0.000753715324828324,4.42041625870499e-07,0.218298605878789,0.0216075775554639,0.00755373411380619,0.0244836448816108,0.000193525436760846,9.58210042680496e-09,0.00104769631950158,0.726060730330469,5.18348607444428e-08
"TCGA.XS.A8TJ.01A",3.58625845953991e-07,7.34405099396159e-07,5.30523908933495e-06,0.262615269329087,0.0262117186232419,0.00570592225351741,0.0112814373411432,0.000642806662832474,1.81103706082356e-07,0.000836069949525806,0.692699871433889,3.25033022091062e-07
"TCGA.C5.A7CO.01A",0.000546434788192164,0.00648865365781907,0.00962049205226565,0.242831472291292,0.0054418829461429,0.00218844541130298,0.00366949873825449,3.3359378117202e-05,1.96208524974243e-10,0.000104314540307624,0.692964038820157,0.036111407179941
"TCGA.MY.A5BF.01A",1.50449222697234e-08,0.0169152430257922,7.05314356756402e-05,0.199903709743648,0.00199687585488651,0.00260476040685619,0.00932738192164115,3.70300289878423e-08,9.65191636691235e-08,0.00318082255808385,0.766000176771642,3.49687659614458e-07
"TCGA.C5.A1BL.01A",0.00491743720091579,2.38571681694451e-05,0.047411448946908,0.384237356526876,0.0018920060214703,0.00660490566613241,0.0210843402945422,5.39336551175837e-05,1.25777277051852e-07,0.000503305086953228,0.522452108044054,0.0108191756115844
"TCGA.C5.A1M5.01A",0.0012752921196569,0.0130462609198379,0.0116722382860356,0.298577669136959,0.0175611719025939,0.00979077002690381,0.00935451400299199,0.000533958384505549,7.06974878912968e-11,0.00101019790131385,0.637177481983861,4.45264643052097e-07
"TCGA.DS.A5RQ.01A",8.42568831233525e-08,1.53004255017037e-06,3.58319328766486e-08,0.367489110762036,0.0100218904248749,0.00517999498186903,0.0147244637477099,9.6571727278419e-05,9.0386214024713e-08,0.000753888533472757,0.601732002971298,3.36333880573234e-07
"TCGA.JW.A5VG.01A",1.95199169315627e-09,1.98004796558888e-05,7.04361856631944e-07,0.237336524827235,0.0344390235688704,5.34852372572942e-06,0.0245820487962792,0.00062368173120408,1.92369340540426e-08,0.00467415576681175,0.698318662958478,2.77969573786247e-08
"TCGA.WL.A834.01A",1.84839256924e-07,3.17618532070762e-06,5.6233911069104e-07,0.282246789369963,0.0506935288103006,0.00397191544779709,0.0118577744441519,4.91306997986627e-05,0.000358648989092246,1.36196369125392e-07,0.650818112017729,4.06611102891493e-08
"TCGA.DS.A1OD.01A",0.0235316283598823,0.062728730129142,0.329378091796047,5.79101473176661e-06,0.291986198779902,0.0123015631737205,0.0714439760255265,0.000811866763249886,5.66633145347609e-07,6.92580985825434e-07,1.02295341201821e-06,0.207809871790255
"TCGA.Q1.A5R1.01A",4.59534183340139e-08,8.30924991639131e-08,1.86338998180565e-06,0.232537334613966,0.00317031507143969,0.00495112522310869,0.00570621171777004,0.000207904077977078,1.11601876652543e-06,0.000154148470096063,0.753269818256725,3.41142510143383e-08
"TCGA.ZJ.AAXF.01A",0.00647520972256078,0.00456759244276462,0.0135925897887479,0.129364583153946,0.0122565736557204,0.0103187986464139,0.00719687189887133,0.000205073957012192,6.11540344020252e-07,0.000380284044969101,0.815640588805723,1.22234292666496e-06
"TCGA.LP.A5U2.01A",0.00150694505746488,2.50555499644116e-05,0.0314292982741963,0.162841182033723,0.0212655395201652,0.00294555670156975,0.00880345743816032,9.17894126462719e-10,2.23255128836143e-08,0.00169507587271272,0.217501773054145,0.551986093254491
"TCGA.C5.A7CK.01A",0.00192082609696385,5.30251623885081e-07,1.25591324086163e-06,0.505878556403153,0.196930499980419,0.0229870537258171,0.00255451061379519,4.96019623270053e-05,1.71519527122145e-06,3.18419421832685e-07,0.269675116849546,1.45884213655831e-08
"TCGA.ZJ.AB0H.01A",0.0169807338612365,0.0234283826771375,1.03539094181233e-06,0.28512631535857,0.0470291337895877,0.0110215293420898,0.0246947716191066,0.000238515884338891,1.12644147946117e-06,0.00302593701060288,0.588452410107752,1.08517156369762e-07
"TCGA.EK.A2R9.01A",2.78206944066674e-08,0.0120779589485823,4.54138056395659e-05,0.356905175018059,0.122417045628852,0.0255147234117112,0.0199912558355574,2.31888775400421e-05,0.00132424606045886,0.00637803087004201,0.455321053008172,1.88071469084591e-06
"TCGA.VS.A954.01A",0.0040669925259958,0.0109551134554016,0.000759269266046574,0.261456578461131,0.0392617066189436,0.00661804502830672,0.00663129456284268,3.44469184406118e-05,5.66130692321798e-06,0.0012098386674824,0.668996672006172,4.38118231422281e-06
"TCGA.Q1.A73O.01A",3.91579404258106e-05,1.99995826915094e-05,4.618642651902e-06,0.462433985323354,1.16861312573157e-05,0.0105942768467762,0.0211707700783131,0.000203292040987924,3.30126349594561e-05,0.00295819097758664,0.502529224957689,1.78484330625579e-06
"TCGA.VS.A9U6.01A",1.85966550705351e-09,1.356408489444e-05,2.10987550182619e-05,0.185288988255358,0.00749781535233266,0.0104079111199057,0.00966774913703771,0.000172749109711456,9.32878275081996e-07,0.00122729370124281,0.785699930126729,1.96561982937019e-06
"TCGA.EK.A3GM.01A",0.000151000406905991,0.000515866452760852,0.00123716528685373,0.157219427537079,0.0141140156098518,0.00222872977052877,1.43779429960905e-08,0.000126160676667683,1.38062896065704e-08,0.000222023709780805,0.657580107804767,0.166605474560572
"TCGA.C5.A7CJ.01A",0.00123908068304168,0.0146677951594012,2.15060113066623e-05,0.427619370072827,0.0632530218992358,0.0361433897972302,0.0150401093324244,0.00050576268174133,0.000121178729821276,0.00214027190869815,0.439248480334364,3.33899083581326e-08
"TCGA.FU.A3WB.01A",0.00208370679102417,0.00450738420881827,0.00188162871432916,0.323941273864814,0.0168570411326177,0.0153076470633369,0.000521724432833416,6.95458462373623e-05,9.2313261682954e-08,0.000577562361382122,0.634247731373271,4.66189807403285e-06
"TCGA.VS.A9V1.01A",0.00045966664796539,1.18078021582308e-06,0.000546782749829446,0.541144803670439,0.00138222496194919,0.00672743048116377,0.000465995609384038,1.69414580734272e-05,8.37409584957375e-05,0.00110927119298873,0.448061547459984,4.14029511057842e-07
"TCGA.C5.A1ML.01A",6.22996266899316e-07,4.07654402105458e-06,0.00028217877925603,0.465073236036389,0.00175630945961362,0.00645069782145211,0.0296425260400993,4.45170677469394e-05,0.00468739181659127,0.000418205454983141,0.49163315658994,7.0813936413538e-06
"TCGA.IR.A3LB.01A",5.35013386059516e-06,0.00374025320349644,7.87287306847285e-07,0.324158627912537,0.000152546241929995,0.0601627545806581,0.00454613672709706,0.000253235726694439,1.13205036170374e-06,0.0010681296111504,0.605911041205145,5.31976160372486e-09
"TCGA.VS.A9U7.01A",5.98798120426335e-08,0.00866051349573642,9.63963267910329e-07,0.201502815804479,0.00405824077643466,0.00451657256502065,0.0170808897545156,0.000145740138664112,2.07563646871924e-08,0.00330214997599144,0.760731989204304,4.36854094827728e-08
"TCGA.EK.A2RK.01A",0.00303817815768773,0.0360615031572033,8.62297997917363e-08,0.349433468311037,0.0391224914404161,0.00248762040168138,0.0194276412147376,0.000175380953203539,4.77986259980423e-07,0.00262862178056826,0.0875006651397328,0.460123865227672
"TCGA.C5.A905.01A",1.02612496730716e-06,0.0028621108768436,7.85541302748283e-07,0.314336918885523,0.0021219448409148,0.00297882385260063,0.00186342082704947,6.24296984036559e-05,1.60389299155088e-09,0.000313229467059353,0.675459308183819,9.76233281186876e-11
"TCGA.C5.A3HL.01A",2.92263512382343e-06,1.79329887568048e-06,4.8443090191936e-06,0.178536145655594,0.00116531890653715,0.00463935621887119,0.0145202830222237,0.000280933289655476,0.0172118953242006,0.000279804944917602,0.783355012957751,1.68943723062881e-06
"TCGA.C5.A1MH.01A",0.00919419996715053,0.0384181986071539,0.00858302778691356,0.289860604845197,0.0171466333358148,0.0186654499540627,0.06918533017771,0.000123349506532563,2.66280441427988e-07,0.00387532663121298,0.54494420649124,3.40641657030806e-06
"TCGA.Q1.A5R2.01A",4.21100459772041e-07,0.00262143600419214,2.15039913622009e-07,0.352974983094594,0.0489810638814031,0.00478176997920016,0.0310612763438114,0.000662511484260904,7.99629817163195e-08,0.00441050559261819,0.554505737423531,9.30340245575691e-11
"TCGA.FU.A3HY.01A",6.73847886034559e-08,6.17448592948218e-06,0.00107322486450104,0.387690323709489,0.0228279162525427,0.00221944190967319,1.17021018616531e-08,3.70865439191476e-05,2.69534440425454e-06,0.000201187081355671,0.585941867423255,3.29803992487425e-09
"TCGA.EA.A439.01A",2.31866442897297e-06,0.000399809270988568,0.000304682821151519,0.212904170945236,0.194149437891061,0.0528697046901303,0.00953482802178655,8.85626715818414e-05,0.00549270757104849,0.000812617258118922,0.52342463280242,1.65273920480364e-05
"TCGA.C5.A7UH.01A",3.50578708815227e-05,2.87474085392018e-05,0.000756045342502072,0.13757397455145,0.0186526801173061,0.00390086102349327,0.0105508199230623,4.45078748339515e-05,1.06460435485086e-07,0.000761384106267922,0.827694513182983,1.30213824535591e-06
"TCGA.C5.A1M7.01A",0.0144265701961766,0.00525843395797603,0.00803427665349216,0.238189681150374,0.00464818531461044,0.0143493346432877,0.000953716044929053,0.000275889011241434,2.31209973558831e-09,3.46120672710649e-05,0.67149120159883,0.0423380970497124
"TCGA.EA.A50E.01A",2.51250036179355e-08,9.78738383771391e-05,2.00810240888237e-08,0.24461739471528,0.0503685503373357,0.0205909149983242,0.0122048854593406,5.05615179964173e-05,3.7507751823735e-07,0.000348112759721839,0.671721284593448,1.49662977222955e-09
"TCGA.VS.A9V5.01A",0.000120826928399855,0.000772219163487261,9.8533884991482e-07,0.51312434361254,0.0116419928948212,0.00812093170453675,0.00179603056560086,0.000244726904208924,1.30510881340072e-06,0.000150871134914082,0.464025755528227,1.11156012025741e-08
"TCGA.BI.A20A.01A",0.00177614395090571,0.0151277929342879,7.51143348592835e-06,0.314954252734464,0.0337917711076272,0.0118997546175386,0.0233420831278028,3.80358398770574e-05,6.8004918112538e-05,0.00242561038501998,0.596568143429399,8.95521479849474e-07
"TCGA.C5.A2LV.01A",7.36202652493401e-07,9.56108036818138e-06,2.20653708321358e-06,0.247658663606233,0.000270385944970221,0.0141909409765492,0.0384342358561371,0.000225412590249445,0.000374496219209386,0.00390507516560998,0.694925383968524,2.9018524142639e-06
"TCGA.C5.A2LZ.01A",0.00172381104870903,0.010342196482363,2.4248366825496e-06,0.241351780948534,6.22486283580248e-05,0.00418560350995468,0.00722627447738914,0.000325045950190216,1.91632800088861e-08,0.00180526432005168,0.732974981386322,3.49248165624402e-07
"TCGA.Q1.A6DV.01A",0.0015637079135342,7.4424999655731e-06,1.93078719861866e-07,0.459058656050124,0.00524423737706211,0.00828216406077836,0.001070285204366,0.000458154501826651,2.57058067720703e-09,0.000704895878015686,0.523610255619813,5.24521428827555e-09
"TCGA.EK.A3GN.01A",0.000164705573641092,0.000102440728141621,0.000970777359092459,0.147645580409011,0.00632288065253262,0.0119488890913901,0.000187353502642031,0.000129693458579473,1.59934125866508e-08,1.85914275762032e-06,0.445556344055485,0.386969460033314
"TCGA.ZJ.A8QQ.01A",1.22133170631681e-06,0.000429346287529342,4.55075088345891e-08,0.738278822289051,0.00885436399036336,0.00219696328930474,0.00648372282490793,0.000101765967127396,4.25014871066436e-05,0.000708488772714038,0.242902748429503,9.82317744730706e-09
"TCGA.LP.A5U3.01A",1.49452115627195e-06,0.0129318968227897,5.37107327922175e-06,0.404811974760549,0.00140612431251123,0.00401448230264953,0.00885845681535378,3.62415006411143e-05,5.51796799758332e-08,0.00233557581602236,0.565598123215781,2.03679586858866e-07
"TCGA.VS.A94Z.01A",0.029069700541394,0.0690310158499211,0.259999480772962,3.96490524321241e-07,0.0160829615765664,0.015582609319353,0.107714655519715,0.000258157205465498,4.37685138159817e-06,0.0185179901192597,2.42990871036214e-06,0.483736225844746
"TCGA.EK.A2PG.01A",1.18122500088778e-08,7.84555395790593e-08,1.16856627899155e-07,0.272980956742087,0.00125826020919051,0.000528554669346423,0.00504100768196976,8.59568337363803e-06,1.71971378037187e-07,0.000504709933515062,0.719677049419263,4.86565458926795e-07
"TCGA.DG.A2KL.01A",8.26180164456646e-07,2.86476332674065e-05,6.25008668064933e-07,0.306411915987273,0.0829528305300287,0.0867498241679804,0.0156901036287112,0.000199622514394644,7.50450026733429e-05,0.000671250509106044,0.507215264417155,4.04442057778455e-06
"TCGA.EA.A6QX.01A",0.00365196286056511,0.00810910033948052,1.17009103614309e-08,0.199664716619701,0.0137649718148371,0.00664198022715163,0.0119011818676745,0.000239663164659184,1.52317799980103e-09,0.00173419367126514,0.754291883289284,3.3292129340051e-07
"TCGA.VS.A9UT.01A",0.134622127353465,0.104623207443091,0.0610176546752545,0.079906337875612,0.126778942979138,0.00373051746542039,0.308051179633667,8.74707200174784e-05,0.0776080957965645,0.0431834783011624,0.060387544353112,3.44340349595471e-06
"TCGA.C5.A8ZZ.01A",0.000302988639407617,6.384482400379e-05,4.9694656276699e-06,0.266884707868045,0.250445645278187,0.0752975079650562,0.00904008656669225,0.000798628488411467,0.000347028208758557,9.36058696867997e-05,0.396720870971601,1.15854522263343e-07
"TCGA.VS.A959.01A",0.0285229367316076,0.0132826501614161,4.39703429439833e-08,0.501144374875164,0.0137727130614652,0.0137232873059371,0.0137535729796983,9.18460284359426e-05,3.49185015025789e-09,0.00137112848312121,0.414337442783157,1.27804599352191e-10
"TCGA.VS.A950.01A",0.00392624085856964,2.43606045713038e-08,1.90815285241632e-07,0.313637874757801,0.038096100641779,0.00759152985009534,0.00351977448478918,6.80065829146395e-05,3.87653417588121e-06,0.000443663670235768,0.632712711154403,6.28934747522677e-09
"TCGA.VS.A9UM.01A",0.00934822265757072,0.0101465428114684,0.0268952476034611,0.371902118797347,0.0108728665137255,0.0238101831530545,0.0171295973896768,0.000256444011892397,1.24601524059795e-09,0.000910584726618731,0.505371785770087,0.0233564053190821
"TCGA.DS.A0VM.01A",2.32679590895063e-07,0.00481514937822019,2.62167971393229e-07,0.313425598865079,0.0970515948176885,0.0109464487349035,0.00948896022154022,9.79333760037766e-05,8.32775351808588e-08,0.00116644559522804,0.5630066384017,6.52484539351267e-07
"TCGA.VS.A957.01A",2.07431528229029e-08,3.42186044857521e-06,6.47046382019668e-08,0.375010258246739,0.00131266253109343,0.00105638261984224,0.00176472255717449,5.24323985466215e-07,3.51130365956701e-08,0.000602849291305268,0.620249044595489,1.34130951383392e-08
"TCGA.EA.A3HR.01A",1.2300985006507e-05,0.00319213073495536,0.000204828293629537,0.19602392780559,0.026028015231819,0.00351863179328858,0.00156698272970511,8.04922135031504e-05,1.47186016678066e-08,0.000423227150974906,0.768949439727897,8.61502937189919e-09
"TCGA.C5.A2M2.01A",2.69895818667038e-06,1.22594248965825e-07,5.7112641429198e-07,0.190679442639527,5.4042044460947e-06,0.00314567605487613,0.00169140915714126,1.72189310837155e-05,1.95115767838849e-06,0.000230535387013619,0.804224966632624,3.15675978247767e-09
"TCGA.VS.A9UV.01A",0.00551654236894001,0.000503861726553044,0.00522307219155127,0.18568779337838,0.00972009946253189,0.00222562597061747,0.00217544028592462,0.000140397785561438,3.58708317090525e-08,1.90967191083535e-05,0.582367569671808,0.206420464568192
"TCGA.EX.A3L1.01A",2.07686361588093e-07,3.44750938912672e-07,1.07262476716647e-07,0.155279747788061,0.0782326095758456,0.00241773663781419,0.0121562495767419,4.75714848447571e-05,1.42162142086123e-07,4.02808997413129e-06,0.751861211982482,4.30023169313425e-08
"TCGA.VS.A9UU.01A",1.59309663768165e-06,4.2724745247282e-06,3.14031489812809e-08,0.313222402735317,1.22613622399217e-05,0.00887058326719907,0.00261307280745674,4.93211088457304e-05,5.9935312052503e-07,0.000338396718313165,0.674887464284223,1.38897336419223e-09
"TCGA.MY.A5BE.01A",0.119609084149277,0.498020782871553,0.0398874819414816,2.00463966654304e-06,0.0159930921671261,0.0336282612710517,0.217503985373992,0.00177583429622024,1.71930517868399e-06,0.0734551133124956,0.000121634385392762,1.0062865649784e-06
"TCGA.VS.A94W.01A",0.01090953475971,0.0381344932840504,0.0935004374037961,0.233559947958862,0.0207375527711681,0.01645038706124,0.0590396166658789,0.00062996342241792,3.6667912017103e-06,3.56920823023837e-05,2.0903269236442e-05,0.526977804530136
"TCGA.C5.A3HD.01B",1.43747051808638e-07,2.39948014405513e-08,2.13916863056418e-07,0.301518457485195,2.7982421241547e-05,0.00316609390704022,0.00347562302358522,0.0001250423581459,5.32443693441968e-07,7.44093430833812e-05,0.691611179526607,2.97832692057279e-07
"TCGA.JX.A3PZ.01A",1.56677377433333e-07,0.0003149596664324,1.7411768924619e-07,0.301463190845627,0.0663782193013166,0.0125585264715542,0.0258192499503572,4.43238933909655e-05,2.4915161224346e-09,0.0043085494929075,0.589112534006988,1.13084843089956e-07
"TCGA.IR.A3LA.01A",4.8024855508176e-06,0.00445804730882824,6.01365251316257e-06,0.303513138882303,0.0177397967988903,0.0111758750414659,0.00459383534390708,2.49404054478484e-05,1.44615403817655e-07,0.000418731838346698,0.658064648377499,2.52498433908055e-08
"TCGA.C5.A3HE.01A",0.00454150390593443,0.00031358200174652,0.0615838757672895,0.208362791440017,0.00860391089278554,0.00502229232335405,0.00685756895400652,0.000913128607372579,6.56464945411872e-08,0.000925626292609604,0.657136234823184,0.0457394193452064
"TCGA.Q1.A6DT.01A",1.53104827240668e-06,5.89917421909009e-08,1.40330697976951e-07,0.36518778529253,0.000464017504632859,0.00333882820861221,0.00613337280660319,1.04288302534031e-06,1.23608203998864e-05,6.7276684247833e-06,0.624853829517867,3.04927191723112e-07
"TCGA.C5.A7CL.01A",1.42253078418965e-07,3.07262713303649e-08,1.74335048514887e-09,0.194044436282037,0.0217214335848405,0.00923954289447985,0.00553229204804999,0.000337169778342622,9.7226628403817e-09,0.000199916523774634,0.768924809633755,2.14809357277358e-07
"TCGA.IR.A3LK.01A",0.000181402349673705,0.00635972973944824,2.32931575557394e-06,0.264836428633716,0.360689986493004,1.42168167648758e-09,0.0244597619345752,0.00021875664826812,3.1968760898627e-05,0.00258172677028983,0.340637896656943,1.12757457755585e-08
"TCGA.MA.AA3X.01A",1.05498518960271e-07,1.39519532356965e-05,0.000407612443456675,0.430431874741633,0.0162190553295293,0.00527830498031218,0.0311369606611276,7.00259510685583e-07,9.45423104054004e-06,0.00190427864665685,0.514597392438983,3.08815994876563e-07
