"","cellFractions.B.Cells","cellFractions.CD4.T","cellFractions.CD8.T","cellFractions.DC","cellFractions.Endothelial.Cells","cellFractions.Fibroblasts","cellFractions.Macrophages","cellFractions.Mast.Cells","cellFractions.Monocytes","cellFractions.NK","cellFractions.Neutrophils","cellFractions.otherCells"
"TCGA.CV.5442.01A",0.000374368246048942,3.89691387622065e-06,1.12679889764816e-06,0.297168089917731,1.87328484066219e-05,9.13223117261598e-05,0.00365671071207368,1.37683132102526e-05,1.95585684950601e-05,9.95635674424654e-06,0.698641780393544,6.88619246327466e-07
"TCGA.CR.7392.01A",0.0152237868708244,0.00798509046614091,5.09005096113001e-06,0.241322795490177,7.37732659960161e-05,0.0582644894250999,0.0185364021214944,0.00124331801409442,1.06152567505087e-06,0.00134848840039875,0.655995663640173,4.07289651959175e-08
"TCGA.UF.A71A.01A",2.5882580255228e-07,2.87786909713246e-05,6.71926761868342e-07,0.250825075470945,0.107164173630391,0.0133218814280472,0.0047525659454259,0.0001113965579219,2.12812589318532e-08,8.48995507033353e-06,0.623786003899776,6.82387628472929e-07
"TCGA.CN.A642.01A",4.63586611026887e-08,0.00611316790212088,2.06114356461895e-05,0.417861377607734,0.0207733475681286,0.0101178075294822,0.0303746298989057,0.000593624849908249,8.2733630714019e-06,0.00281873683527694,0.511318348413845,2.82372197472482e-08
"TCGA.CV.A45U.01A",7.20500226728308e-08,0.00253372398235455,1.20592176733634e-06,0.256069929250754,0.00100319904034126,0.00872324955700786,0.00798331732927156,0.000232936254493169,1.351970401125e-08,0.000848503650990216,0.722603468445484,3.80997809201457e-07
"TCGA.CN.6012.01A",0.0201802453244685,0.0110253475923206,3.75601030941371e-08,0.194339426198661,0.00937010574133187,0.0149873493988452,0.0156409430996035,0.000132909624267946,6.21567332839806e-09,0.00167627860907929,0.732646219221237,1.13141440856981e-06
"TCGA.CV.A45W.01A",0.134766556372695,0.0168107332176095,0.00256024466889392,0.273539581660653,0.0309834626196358,0.0175859111429793,0.0259297658479986,0.000517250543368999,2.45781570043965e-07,0.00289389309455212,0.49441013388449,2.22116555419874e-06
"TCGA.CV.A6K0.01B",0.00208245211841383,0.000626400233696404,0.0456737304176662,0.293870741738572,0.0357952067001116,0.0218128716440338,0.0100916733457249,0.000175189699165438,1.86721333433741e-08,1.73488624269058e-08,0.589869056033509,2.64204811182924e-06
"TCGA.QK.A6VB.01A",0.000247879227341059,1.70182666744695e-06,5.97121939619402e-08,0.367866067692917,0.0181160724356967,0.0119616446863348,0.000358153260881201,3.60158506630392e-06,1.27750751756393e-07,5.56205279385591e-06,0.601438780866648,3.48902707877319e-07
"TCGA.CV.6959.01A",0.00100523613372613,0.00184298571360605,2.66080806359132e-06,0.27508521693816,0.0228606076053477,0.00739711771072675,0.0088280381162802,0.000165760465082484,2.09157088840874e-08,0.000306292699576235,0.682504110439292,1.95245443001087e-06
"TCGA.HD.7832.01A",5.35118411505991e-09,0.00417509593603765,7.77084422402755e-05,0.249929693330929,0.00792256208318129,0.00638231448601703,0.0159703674350533,8.93158399398229e-06,6.13609920785249e-10,0.000876679347260372,0.71465648357593,1.57814563003976e-07
"TCGA.CV.7255.01A",8.14740867280937e-07,7.88927064172418e-08,3.13627295310452e-07,0.318281130921679,0.0227405728244859,0.00199757903752269,0.00219014866327277,7.09595639326388e-05,7.30963789985004e-05,1.89228601505278e-08,0.654645253429133,3.29972471836661e-08
"TCGA.CR.5243.01A",0.0263675605804682,0.0276628211956545,0.0133506567779411,0.271244324243542,0.0436017551928108,0.0231652640359779,0.00356860717577177,0.000684758725781342,3.65399856743722e-08,0.00122105615808816,0.589132993380138,1.65993840739452e-07
"TCGA.P3.A6T5.01A",7.61682620092309e-07,0.000854546777092279,0.000140658394411068,0.142738643888708,0.0149402338386876,0.00959421714428518,0.00277107284393264,8.47894223510325e-05,2.49770332236908e-08,6.6844941183561e-05,0.828808174963792,3.11259034243317e-08
"TCGA.CV.6952.01A",0.00147026491693572,0.00781597475798875,0.00211681170839432,0.271898388916389,0.00616615573593789,0.00451657769449011,0.00518558766097108,0.000160797844894495,9.62036661023644e-10,0.000458614628876129,0.636619225198794,0.0635915999742917
"TCGA.D6.A6ES.01A",1.10719980830262e-05,0.00443366047131012,6.87081309924269e-06,0.127433628994401,0.00837457030434346,0.00141639059386385,0.00216040544821704,8.01785900720584e-05,6.16771428862489e-09,0.000204056419110008,0.598038581536607,0.257840578663179
"TCGA.CN.5366.01A",2.60119750373991e-07,0.00356698201523581,2.80435658485476e-06,0.37948970547483,0.0323863625802499,0.0206977571103528,0.0149928010633925,0.000116512064521486,1.88474482043467e-06,0.00147416225477816,0.547270445536594,3.22678889467726e-07
"TCGA.CQ.6223.01A",2.01840509426641e-06,1.9804391439432e-05,9.67716195198485e-07,0.320312830559866,0.000202693873298828,0.00557219717839482,0.00965279830089555,0.000418829031213002,0.00513949162377887,1.40792017364422e-06,0.658676953031834,7.96781644111892e-09
"TCGA.F7.7848.01A",0.0208993804257761,0.00267958397866066,0.0266539397928823,0.33113076314633,0.00473865991041937,0.0196414681039317,0.00909590485376429,0.000201892927521469,9.38727554040796e-09,4.36947973384619e-05,0.570819591829267,0.0140951108468324
"TCGA.CV.A6JM.01A",7.47381080596275e-09,2.37861474497699e-06,4.0471170502474e-09,0.307451248275642,0.0259989654505136,0.00207549865805876,0.00752833440105139,0.000107113289328659,2.04856217856574e-08,8.92272850985605e-05,0.656747136703589,6.53154234548849e-08
"TCGA.CN.5359.01A",1.64207461204744e-06,0.00128628064391201,0.00138220475999681,0.428910949664587,0.0345376509659144,0.0687928001874493,0.0474432408209308,0.000312359051682648,1.25522999534567e-05,0.00122821691074554,0.416091633534904,4.6908531186874e-07
"TCGA.P3.A5QA.01A",5.13187656754844e-08,9.54659978662526e-07,3.7701556346238e-08,0.172505539397874,0.429211473086861,0.0143870652643361,0.0136614882265125,3.71756181379741e-06,9.82539330978417e-08,3.0347637106974e-06,0.370225962510797,5.77253861782096e-07
"TCGA.CN.4734.01A",1.22524602201533e-07,3.49908670395345e-08,4.0384803530199e-08,0.146990935510375,0.00264507165627314,0.00947225648954033,0.010908366353648,0.000109596143528959,5.08502383205247e-07,0.00118934747908903,0.828682640670832,1.07929405718398e-06
"TCGA.CV.6441.01A",1.99422408204196e-06,0.000642073857472956,3.18561851220297e-06,0.197864929611782,2.00399408004689e-08,0.0285924804380372,0.00228345070402934,4.14124176128629e-05,3.56073687242072e-08,3.49261315459105e-05,0.770534567862739,9.23486876961249e-07
"TCGA.CV.A6JY.01A",0.00125371236905817,3.51855378274691e-09,1.53255595960775e-08,0.27389470947452,1.92457159467415e-09,0.00464772437648974,0.000270516902997809,0.000295830553114237,4.48351551404634e-10,4.01337898680985e-07,0.719637010297102,7.34717831736994e-08
"TCGA.D6.6825.01A",0.0026542596905978,0.0349878355964724,0.0190443268450493,0.383070718905028,1.67746129393251e-05,0.0219066351829792,0.0210725547177712,0.00049905955677646,1.43017781969882e-05,0.0017592276416667,0.514966388713511,7.9167590119465e-06
"TCGA.CR.5247.01A",0.000944035434606071,0.000143618927770054,6.17195442884965e-05,0.131114610453822,0.0920376435499195,0.0480946080137417,0.00284533143642331,0.000221579775612622,4.23785956389136e-05,3.90575759142925e-06,0.724468553523016,2.20149875702031e-05
"TCGA.CV.7410.01A",0.168889361313521,0.0987823724578359,3.8471282419741e-06,0.60809097191277,0.0591522939221914,0.0263023482907009,0.0329815201817002,0.000381940411432373,5.09029584865846e-06,0.00277155486480407,0.00263630731981723,2.39190113593221e-06
"TCGA.CV.7091.01A",2.68508812595186e-08,2.52363712421707e-06,3.21611995997902e-07,0.22137952316905,0.0257235223680271,0.0147484461167887,0.00544443983040561,0.000107727638983872,3.94024280836093e-10,0.000244224257777236,0.732349120161536,1.23963406114801e-07
"TCGA.BA.5153.01A",0.0388748072537576,0.0171437234218747,0.125431786425693,0.342955490095211,0.013214057781303,0.0169049752903253,0.0144749793176258,0.000253275015451173,1.19811166608191e-06,0.000306491064963005,0.251315109811785,0.179124106410345
"TCGA.CV.7428.01A",5.71768208512334e-07,0.0125584393524564,4.25404226974425e-05,0.469591476187404,0.0337854417332389,0.00648076536141024,0.0140769181217753,0.000164675367460383,3.39662800540087e-08,0.00188947309511636,0.461409557527405,1.07096547382858e-07
"TCGA.CX.7086.01A",1.06453285111737e-06,5.25899361914279e-05,1.64606662360921e-08,0.237355245458678,2.90077759528541e-07,0.0114843836729129,0.00346321665213855,1.63109357578782e-05,1.81025871642737e-08,0.000109042521433652,0.747517515772547,3.05876477131363e-07
"TCGA.CN.5364.01A",4.75371552538799e-06,0.00145826893677093,0.00479618928265235,0.36616031459789,0.0122524796880546,0.00808834348581147,0.0107707788353481,0.000125589306822261,1.5047746809518e-07,0.000233283084676864,0.59610976171624,8.68727406948379e-08
"TCGA.BA.A6DB.01A",0.00216278672544491,0.0107848871615151,0.0435818151248481,0.326070783083247,0.00543363138745518,0.0232590817410852,0.0123225931823705,0.00123790270362152,6.88516954598075e-08,0.001486574219436,0.573659874035335,1.78394585929038e-09
"TCGA.CQ.5325.01A",0.111026930870296,0.0355024248267951,0.1158245008587,1.76472635439362e-07,0.00155287268357258,0.0616802465238376,0.0784006512816223,0.00134412685725336,1.04904503340139e-06,0.00154090938655172,0.000323487687495058,0.592802623506207
"TCGA.CN.4731.01A",3.67302552282825e-07,1.49069249062237e-06,2.05669077540836e-06,0.373213502891769,0.000971439857191236,0.0592063636259098,0.00691236797684513,8.05843938018511e-05,6.1443154113951e-08,4.24812939812601e-06,0.559607493654966,2.33411464724033e-08
"TCGA.CV.7427.01A",0.000898563803159949,0.029542780698749,0.0049348303717981,0.544950149797226,0.0133325544101247,0.00435156595340769,0.0227336497722012,9.4034271592427e-05,1.30706628634074e-07,0.0032249681750145,0.316514030371112,0.0594227416689854
"TCGA.CR.6467.01A",0.0581839867649833,0.00936354850775464,0.0913079594811487,0.23813302764961,0.0166393046320145,0.00835497425844235,0.0154346241476462,0.000305666260830942,1.14152151129201e-06,0.00239962893855061,0.559875912734086,2.25103421947873e-07
"TCGA.CV.7183.01A",0.000338269063718837,0.000123197703315298,0.000582796082988359,0.168342518909296,0.0038364527910966,0.00768498863190656,2.35031141024669e-08,3.2059090799031e-06,2.30677891549868e-08,0.000122631346474402,0.692785715695153,0.126180177296067
"TCGA.CV.A6JN.01A",0.000722214953695921,0.0161659008039065,1.01762568226605e-05,0.116557612603915,0.00566082316585376,0.00249417441356615,0.00850977372741471,0.00011884464427322,3.72201289596542e-08,0.000640447622033939,0.404951217882798,0.444168776705591
"TCGA.D6.A6EN.01A",0.00146116285532641,0.0048471442689705,0.175316595718829,0.0278260756964635,0.0171179593740675,0.00190030628676068,0.0848364154775345,0.000325164696294501,4.0545035943458e-08,0.0110853969083789,0.525889550927344,0.149394187244995
"TCGA.CQ.A4C7.01A",2.66886984754743e-07,5.47368800029565e-09,4.03405426237101e-06,0.287916641947602,0.0303943996751798,0.0260457442320046,0.0152968917595111,4.36859382055625e-06,1.41002766210041e-07,0.000313314108501596,0.640022643060094,1.54920558528361e-06
"TCGA.CV.5435.01A",6.52530983782823e-07,4.06123394803495e-07,1.39632306169757e-07,0.216756421654981,0.0357871795177704,0.00851224671097475,0.0149308184465515,0.000165816154788931,0.000861299361457908,1.47579398764885e-06,0.722983518444693,2.56281093878558e-08
"TCGA.CR.7370.01A",4.51154096624829e-07,1.0595053387052e-07,4.28822261099991e-07,0.249653792951259,0.00996377484480718,0.0220593467331314,0.00948818507780036,0.0002435990404491,1.6337409532706e-06,0.000692370963320666,0.707895382380684,9.28340703778982e-07
"TCGA.CN.4722.01A",0.00818594530415379,0.0032031269536455,0.000211159107311268,0.234117708737159,0.0203921733862354,0.0175544504869005,0.000709672160718323,9.82516308899361e-05,1.90785652104063e-09,0.000211366102556561,0.715316096097496,4.81250767921771e-08
"TCGA.F7.8489.01A",2.49325539287378e-06,0.000256569298719794,1.20780203124668e-06,0.778404751960769,2.37902690950941e-08,0.0133834597254362,0.0346983847895381,0.000200218977426332,0.00546827272548869,0.0016254426880155,0.165958512017098,6.62969815405826e-07
"TCGA.CV.A6K2.01A",2.40355817598722e-08,2.21746477184628e-07,6.36656084936536e-05,0.233704093016178,8.4444031436139e-09,0.0256196129181161,0.0099998729816148,6.24432782885485e-05,7.68899159297193e-09,0.0006316470973254,0.729918348843748,5.43407820116437e-08
"TCGA.HD.8634.01A",7.03075377240978e-07,0.000259917540346036,1.51879305630578e-06,0.262536584532068,0.00202572414953577,0.00189489930539091,0.00161479068094468,5.87605314981652e-05,4.27655207342679e-09,5.20155904632271e-05,0.731554951227595,1.30297172628043e-07
"TCGA.CN.6994.01A",1.73799676142135e-06,7.70974247822394e-08,1.24738587629656e-06,0.344342393896964,4.71123073208646e-05,0.0386828895997953,0.0510248821865136,0.000270926155418167,0.000158611029990459,2.34816104187035e-06,0.565464226384927,3.54779796670671e-06
"TCGA.D6.A4Z9.01A",1.29108918965843e-06,1.32448061359962e-07,6.09044033137908e-07,0.304363017681528,0.00253134421745662,0.00859657688828093,0.00555394672730829,0.000158337138246688,3.21122857217672e-06,0.000205212225624092,0.678586315762652,5.54904655778448e-09
"TCGA.CR.7376.01A",0.0113035097232822,0.0707045185082653,0.00176585351991315,0.448588204400379,0.0607738703363744,0.157062952800706,0.0921644054207437,0.00220870958145199,8.76232348395993e-06,0.00826096498018419,0.147156976252382,1.27215283334623e-06
"TCGA.CR.7391.01A",0.00537951624930815,0.0138773300280958,4.83826724622758e-08,0.243889944929392,0.00201984378273682,0.0233313125325903,0.00848201239608591,0.000553290836661252,1.07392216057901e-07,0.00149232041997104,0.700974088346074,1.84704196900063e-07
"TCGA.T2.A6X2.01A",1.5092875255296e-08,0.00823574643267573,0.000128324022436523,0.387731117204453,0.0277112685706426,0.0110606528710357,0.0129986196880326,2.77088285051212e-05,3.92002290064671e-11,0.0017482189144214,0.55035832398639,4.34933211974551e-09
"TCGA.BA.4074.01A",2.21094574817723e-06,0.00618875306645155,0.000383203194806173,0.336297458073928,0.134957116522434,0.117488071240824,0.00325467677058469,2.26847143858014e-05,1.57003610058806e-06,5.52511342040046e-05,0.401348287716765,7.16583768722303e-07
"TCGA.CN.6022.01A",2.86884578791538e-06,6.97340791321324e-07,3.52270855305991e-08,0.329881695687266,0.159947501958945,0.0302506655364921,0.0535646482040116,0.000389587309941373,0.00107557843135147,0.000134651452605612,0.424751844655176,2.25350544957182e-07
"TCGA.CN.A6V3.01A",0.00755535728837753,0.00401058344976397,0.000387168478602313,0.104464470687512,0.00278081964910853,0.00230082533625493,0.00472937783583098,0.000104614545097555,1.75405010056389e-08,0.00057494236903921,0.873091724516411,9.83035002269563e-08
"TCGA.QK.A8Z7.01A",0.0059482349064337,0.00565064351710043,3.68783789505962e-06,0.223363746366862,0.0219060584569309,0.00762739541723209,6.51907265818487e-05,0.000157974708299963,2.511501964223e-09,0.000105258862630747,0.717620428314072,0.01755137837446
"TCGA.CN.A497.01A",0.00500130479727129,0.00741234871604508,2.70773217574595e-06,0.313068962905131,0.00473621164875826,0.0218215141811235,0.00352519175760754,0.000594777153711453,2.57186678743048e-08,0.000387803761006251,0.643449048699,1.02929502107831e-07
"TCGA.F7.A50G.01A",0.00129232160745934,0.00763565132908012,0.00355892416418969,0.284608702893586,0.000218934291294184,0.00723039640514102,0.00877192057514847,0.000218076393410543,1.11909453121211e-08,0.000948855178998686,0.685515741759565,4.64211181451583e-07
"TCGA.IQ.A61I.01A",0.0161602490812953,0.0583637711268842,0.00359906370061894,1.03765256002413e-07,0.0129886853768349,0.00360272518948778,0.0211411668290676,7.78428255074013e-05,1.1204361462107e-07,0.00295602315338074,1.63461658154886e-07,0.881110093446394
"TCGA.CR.7373.01A",0.00338209483770797,0.0287221337553713,7.02994716224151e-07,0.45905441418597,0.0336764919937073,0.00146771204905333,0.0313100318906017,0.000133932146705759,1.45201408571277e-06,0.00312188080110478,0.439126757280947,2.39605002918094e-06
"TCGA.CN.A63T.01A",0.00299215121961017,0.0201383628704512,5.28809036744375e-06,0.280810542669009,0.00438670984131528,0.0136415636017694,0.0146330314353915,0.00015418335903605,1.51982681539896e-06,0.00143519255543004,0.66180028069873,1.17383207403621e-06
"TCGA.CN.6019.01A",4.76173072676271e-08,2.88980110824577e-05,2.30969764415931e-07,0.20955396110364,0.194851951607801,0.155657784303435,0.0581534863207684,0.000970188513759716,0.0128037120190429,0.00275856546660361,0.365220656330042,5.17736753220916e-07
"TCGA.CR.7386.01A",0.00139233293191071,0.00916892976173436,0.00831388554227445,0.208018110947431,0.00769225454076936,0.0929913632822486,0.0326201955809745,0.000873552868231692,2.70246517741467e-07,0.0015324078076557,0.637396541672573,1.54817679146453e-07
"TCGA.HD.A6HZ.01A",0.00943507910329429,0.00722266847559446,0.012907231368931,0.71316121916692,4.67251916131375e-07,0.0422001067127027,0.0210359888232578,0.000486707497668438,0.000297778973080931,0.000455279619370856,0.192797414308944,5.86983195328763e-08
"TCGA.QK.A6IH.01A",2.69547353315593e-06,3.214623846853e-06,3.8733693846496e-07,0.227493833043811,0.0122431792264824,0.0109930050290781,0.00607983896716303,1.81505624895143e-05,3.87107339057377e-07,5.80918199248415e-05,0.743106096886679,1.11992271500919e-06
"TCGA.CN.6011.01A",6.18366990762789e-05,0.000218335638055367,0.00280320565333545,0.184677403732659,0.0121984926679539,0.00328409635695193,0.0107770367992102,5.32539089825585e-05,1.00627617514899e-07,0.00106356741961762,0.784862650229797,2.02667432930737e-08
"TCGA.CR.6474.01A",7.50287310676686e-08,0.00108202578509368,3.46809150505935e-06,0.504180418626797,0.0285562021566392,0.0828256089031937,0.020883841248735,0.00095321689826767,0.0245751077508395,0.000177983523367979,0.336747544205698,1.45077811325573e-05
"TCGA.CV.6939.01A",0.0107021544758441,0.0135475660300549,0.00094010141313727,0.424932370093077,0.0317903098698779,0.0203388986195216,0.0152027097635647,0.000630482259731215,1.02342888560527e-06,0.00211650882917988,0.479797854023558,2.1193568018854e-08
"TCGA.D6.8568.01A",0.0133198681636551,0.0231920186721924,0.000142780602993013,0.208246271447319,0.0630248537521398,0.0282419871502344,0.0131663418429823,0.000503103401001729,0.0521278048011073,0.000524540692302796,0.597437038031856,7.33914422165215e-05
"TCGA.HD.A634.01A",0.0072149751331467,0.000287777510164888,2.68858028394544e-05,0.0884490909635763,0.0236272079017516,0.000341563402913346,0.00145959816446309,6.55684896715933e-07,5.52877099514268e-09,0.000106193518438949,0.34661234341311,0.531873702975927
"TCGA.CV.A45O.01A",0.000103501911053299,0.000513195239334625,0.00363079684032904,0.204125578241223,0.00310493206036321,0.00187660442031748,0.00277605016953997,1.2498485840535e-05,4.77449739391286e-09,1.90000210517752e-05,0.631024684553652,0.152813153282797
"TCGA.T3.A92N.01A",0.000485926881158693,0.000683860363907851,0.0159118723424205,0.259208471328701,0.0115553842508716,0.00486605407220098,0.0115127229378225,7.0144475081437e-05,6.36291493900948e-08,0.000773530016873778,0.543366910339487,0.151565059362325
"TCGA.CV.7438.01A",0.00170260896756015,6.38803159156759e-08,0.000615560563457639,0.123923258343777,0.0526401081406668,0.00743999014666013,0.0149802507510263,5.46839768288349e-05,0.000223098095218099,0.000124783856444092,0.798293771802009,1.82147603622909e-06
"TCGA.CV.A6K1.01A",0.000585310413703395,0.0138242159170288,8.44578702195421e-05,0.274907303332843,0.0265676583210694,0.00415672005718107,0.00738510081228556,0.000141861043301351,7.4146049382789e-11,0.000923971459204547,0.67142337419551,2.65035066728122e-08
"TCGA.CN.5363.01A",0.00184601614130593,0.0130321187669499,1.90348075291091e-05,0.439686443832611,0.0600360699001036,0.0217120205470883,0.0277187315699836,6.96512145871629e-05,5.95288706974176e-06,0.00236496872174156,0.433503732399435,5.25921159471625e-06
"TCGA.CV.6956.01A",4.39519473959776e-05,1.51963311212767e-06,9.09795276905603e-06,0.210636846590124,0.014549753095888,0.00387291060802024,1.35194183278716e-09,1.70399165601444e-05,3.40769510331887e-09,5.92679977464954e-07,0.770868113423473,1.69393042852679e-07
"TCGA.CV.7263.01A",0.00147817988913574,2.83357709503056e-05,2.30057745480416e-05,0.453782077544053,0.0267862927222118,0.0401268208343579,0.0134496510311219,0.000268492155537921,2.29862950316218e-06,0.00092585015739874,0.463125125827155,3.86966402662818e-06
"TCGA.CN.A49C.01A",0.00140313015857432,0.000752610898754817,4.97682876955572e-09,0.240000205723616,0.00110717804356382,0.00225434771720682,0.00558258833394953,6.28466361149497e-05,1.73668023383657e-09,0.000521315814728156,0.748315766367658,3.59232486353439e-09
"TCGA.CV.7097.01A",4.46370737082172e-07,0.00129112457943243,0.000174790173926011,0.375462741899777,0.0561703293438578,0.0280795160451728,0.0360965215413875,0.000157246839448351,1.49093427748265e-05,0.00122077514940379,0.501330114214767,1.48449931478116e-06
"TCGA.IQ.A6SG.01A",7.72184111424347e-08,6.30159598815313e-07,2.93115508288968e-08,0.422117935371601,0.0183915772189417,0.0070052370124081,0.00354917103199049,7.64379025047671e-05,5.53885167552194e-06,2.09224150762361e-06,0.548851200609732,7.30700782650302e-08
"TCGA.UF.A7JC.01A",3.56693876003569e-07,7.75323842987607e-08,3.12167199308158e-06,0.197428028890062,0.00687842591467178,0.0024270694128625,4.91451040264989e-09,1.63726120210707e-05,2.56738273821481e-08,2.47384716327575e-07,0.793245092363008,1.17693606773499e-06
"TCGA.QK.A6II.01A",0.000193558164319418,2.02258752535091e-05,0.00336297946943638,0.208407210972783,0.00251544642000172,0.000560093454289733,0.00123217623050509,1.49560874205266e-05,2.62201178457281e-09,6.51644678738094e-05,0.764274148036549,0.0193540381995563
"TCGA.CN.A49B.01A",0.00247388994646034,0.0506085579638607,0.00969155016695164,0.605070016148321,0.0289184405683342,0.0251074813196228,0.0870462628746833,0.000332271256806025,4.86083089823211e-05,0.00264581313550012,1.17334020322175e-06,0.188055934970275
"TCGA.IQ.A61E.01A",4.85569086392915e-08,0.00268153234098684,8.65343335287311e-07,0.42612175262833,0.0191397909572681,0.00828189386554372,0.0134470100711694,0.000161836091018146,5.02670326938422e-06,0.000916561038147595,0.529243465164971,2.17239052260994e-07
"TCGA.BA.A4IH.01A",0.00313653290334714,0.0101125961434292,1.11406622024959e-05,0.460585975794573,0.0184678312354647,0.0215122210250653,0.00945121025625787,5.1589663385208e-05,4.61025354746367e-08,0.00128474124028791,0.475385446812285,6.6816116666959e-07
"TCGA.H7.8502.01A",2.80580037985781e-05,0.000777566747426641,8.13323184761463e-05,0.339722943091701,0.0145189599700838,0.0119012691580954,0.00840375462398251,6.91150221826641e-05,3.56195882971818e-07,0.000169748308616705,0.624323594909741,3.30165001252018e-06
"TCGA.CV.7406.01A",4.12951242900226e-08,1.30697580091084e-06,1.12518941452451e-06,0.247576660976208,0.053677818830948,0.0198925496185886,0.00596637394103567,0.000294187808483461,0.000129385576427394,3.24785842316974e-06,0.672457293735575,8.19397154603957e-09
"TCGA.CV.7414.01A",0.000184596892465557,0.00436843807080463,2.06877890539693e-06,0.252455252842864,0.0298300007794613,0.013468811515499,0.00130648132690477,0.000451042952542576,8.75914553845008e-08,0.00120799856422839,0.696722683505971,2.53717889737024e-06
"TCGA.HD.7229.01A",0.00598827169888115,0.00829709077363547,7.4671466874746e-06,0.383986789904252,0.00505852594361138,0.00212044068291511,0.0058095077615239,0.000138869331610596,2.37324607150242e-06,0.00126501579839587,0.587325155553043,4.92159373208024e-07
"TCGA.CV.6961.01A",4.80851890738761e-06,9.51344408721429e-07,2.06706636045057e-08,0.130219892921598,0.00154824022073439,0.0139929112380182,0.0140160342235108,4.00603088402418e-06,3.38001752255662e-08,2.50475878381473e-05,0.840188042951934,1.04913264690512e-08
"TCGA.TN.A7HI.01A",0.101847399833443,0.0696996867382136,1.35053103549426e-06,0.218746379195807,0.0496691194409134,0.0126529022353978,0.0223427882589335,0.000879346448864993,3.17524751760615e-08,0.00635280892373955,0.332341824024399,0.185466362616777
"TCGA.CQ.5333.01A",2.20026304752335e-06,0.0935320496689367,2.46443933968247e-05,0.157249817049381,0.185175120068274,0.00800986037337722,0.507734087248829,0.000568816328121269,0.000163703445328569,0.0137354014440903,0.0338014405575658,2.85915965183594e-06
"TCGA.CN.4733.01A",0.123487208804906,0.027684781761544,0.0401087162275225,0.276708475936195,1.28072962861749e-06,0.0642061670312036,0.0600751346821066,0.00150120931712545,1.26317089868319e-06,0.00443451574458329,0.401791015681195,2.30913091049714e-07
"TCGA.CR.6488.01A",4.37538032077789e-09,3.21358319050144e-07,2.39199660820677e-05,0.344772548360716,0.0158482123758538,0.0217458809454359,0.0193934844385074,0.00116299869763925,4.04307677366483e-06,0.000312298382485587,0.596734751072264,1.53695054308426e-06
"TCGA.BB.4225.01A",0.0364659124149158,0.0337979045753523,0.102635852009342,0.315371686460552,0.0240495399635748,0.00745155967104028,0.019211952212422,9.15008352609832e-05,9.26173202153022e-08,1.70059294438001e-06,0.216263583421297,0.244658715225979
"TCGA.BA.A4IG.01A",0.010870827874975,0.00313785850597227,1.02351158934259e-06,0.384411671831157,8.83188913320196e-08,0.00580345225325373,0.00413871500367158,6.51985336322374e-05,1.03352084653669e-07,0.000483007664055798,0.591087773984139,2.79166577797057e-07
"TCGA.CR.7393.01A",0.00538317029509166,0.0235290625861923,0.00242645153564491,0.346623825776517,1.17631685950957e-06,0.0511416744778419,0.0124875282197434,0.00128523907310902,8.24496702595066e-07,0.00220853117343936,0.554909749482937,2.76656592161795e-06
"TCGA.T2.A6X0.01A",0.0135876577386241,0.00321494908369884,0.0235989975213092,0.17931328257966,0.0149704377903027,0.00756072713878304,0.0142610074168687,0.000430907996587135,2.1731247041323e-06,0.000143551381606832,0.74291573376496,5.74462895002338e-07
"TCGA.F7.A623.01A",0.000231118457374204,4.36488599834245e-09,9.1966760269538e-08,0.429145182282136,0.00597796179873206,0.00882168777375615,0.0105773291999876,6.40957011386228e-05,0.000525335189347471,0.000262197900893314,0.544394863716031,1.31648957478519e-07
"TCGA.IQ.7632.01A",0.00665698956140429,6.55382354600748e-07,9.08935363040886e-08,0.362104439728877,4.09254214432325e-05,0.00743674696161161,0.00113527706167651,8.19207210675637e-05,6.43883446355789e-09,1.16937825678665e-06,0.622541587473028,1.90977909351788e-07
"TCGA.QK.A652.01A",0.00035544296299676,0.0133400822230983,3.22663379034978e-05,0.340816152066952,0.0226231268293657,0.0130448164994742,0.00619403044934182,0.000398005785797295,8.33974300930705e-07,0.000602358593574442,0.602590284145618,2.60013157683636e-06
"TCGA.CR.7388.01A",0.0787697724320196,0.0148028141454958,2.95798058354708e-05,0.298888411781517,0.00420245287634752,0.0311044540857105,0.00665296649623511,0.00047673524862187,1.92431681230174e-07,0.0013389893605153,0.563727786155985,5.84518003585718e-06
"TCGA.BA.A6DG.01A",4.43587567331317e-08,3.77164685175389e-08,1.34503276158666e-07,0.247477751284508,0.0385726622621766,0.0755823084536221,0.0213554715721874,1.52999581053505e-05,7.43933029232015e-09,2.88526941047763e-05,0.616967237505072,1.92252391916644e-07
"TCGA.UF.A7JT.01A",0.00770166973290352,0.0412462038073332,0.110301154114204,3.18403107833298e-07,0.048103616915915,0.0214360826485014,0.128511730420209,7.25444455481587e-05,1.25606360243628e-06,0.0132004146308387,8.04353444325664e-06,0.629416965283393
"TCGA.CN.A6V6.01A",0.0456667174479558,0.0307135803282985,0.0708342494184689,0.397660842281496,0.00814622387960788,0.0110597392462382,0.0251434223904767,0.000628553730590992,3.65494960691571e-09,0.000989403370540518,0.409155355613022,1.90863835564289e-06
"TCGA.CR.6473.01A",8.23459018584043e-06,4.55583707514239e-08,1.67154277067833e-05,0.0994285248946549,0.0133222055175061,0.0019050000161596,0.0052163356466851,8.03265440463395e-06,1.25003541096152e-08,0.00012270926246867,0.87997186260645,3.21325053388925e-07
"TCGA.CQ.7069.01A",4.9916076855268e-06,7.1432298749983e-06,1.18827608881423e-07,0.436674828023922,0.0287832679651267,0.0170250762958305,0.00202155280717555,0.000300630258041416,0.000104299026662596,6.59785745607513e-05,0.515011235998024,8.77385487380505e-07
"TCGA.CQ.6219.01A",6.56283816172849e-08,0.0271409583366876,1.51335686479897e-05,0.234343690566839,0.043467374350455,0.0198264703890438,0.041264277615916,0.000371794383141487,1.21565001632029e-07,0.00465557892291761,0.628911579677518,2.95499545059805e-06
"TCGA.IQ.A6SH.01A",8.28211217837981e-06,0.00170350596607814,7.81464919764254e-06,0.370112741944375,0.00839316846177412,0.0112172499567466,0.0122680959756695,0.000225805960935131,1.96896694155516e-09,0.00149463912576543,0.594568225878685,4.67999627984453e-07
"TCGA.IQ.7631.01A",0.00123659205961907,0.000913420328851099,0.00022050124767356,0.206075977102678,0.0397171137904279,0.0205428506496435,2.9429683521168e-09,4.03531685349251e-05,3.23773588126505e-07,0.000103330274251879,0.697017771142281,0.0341317635194825
"TCGA.CR.7398.01A",1.42806534022412e-06,0.000543575600856289,4.88198546715544e-07,0.324381144572581,0.0229798514594377,0.0392193159087744,0.00393200754152471,0.00147188331507355,1.05383027881427e-08,0.000126873813769987,0.607343398845449,2.21403435842752e-08
"TCGA.UF.A71E.01A",1.05914015004373e-05,2.88836681326528e-05,1.62277973302695e-08,0.274810979943275,6.02813844158566e-05,0.0145306017803917,0.000714258670963319,2.05350906437403e-05,3.14369787006492e-10,3.16757390489882e-05,0.709791798257227,3.77522233346701e-07
"TCGA.UF.A719.01A",0.000132592007722385,0.00273881070815833,1.52582995109487e-07,0.151248141719068,2.50032166999612e-07,0.0205441892385564,0.00143012683899081,5.80387053606689e-06,4.69520110657955e-10,0.000223463521826779,0.823676447050208,2.19602503609206e-08
"TCGA.CN.6023.01A",0.0317969470030385,0.0438004380500538,0.0138753568279355,0.686796849538638,0.0125227058589665,0.00967862857118224,0.0599861696684604,0.000986979579884025,1.18366746855083e-06,0.0101702909211676,0.130384298994576,1.51318629790353e-07
"TCGA.CV.7422.01A",0.0074979425417992,0.00905442195595809,0.000450909613750375,0.30697865590017,9.36175512415805e-08,0.100151245916578,0.00647870208390259,0.00026632925633494,1.14516432820122e-06,0.000746670538296543,0.517834508818515,0.0505393745928156
"TCGA.CX.A4AQ.01A",0.074976175868786,0.0637849924274603,2.62904554424292e-06,0.298679662736154,0.0670017387598463,0.0102401059821344,0.0194823277920305,2.84162773437664e-05,2.10632085630758e-07,0.00220882618080274,0.463594528162885,3.86134926482868e-07
"TCGA.CQ.5330.01A",7.91019519096743e-07,2.18349848654779e-07,6.10641364681962e-06,0.306986778055628,0.121297511733719,0.033840615177212,0.10760064772711,0.000189756754787663,7.53233007704815e-08,0.00262303491652608,0.427451848931445,2.61559725711589e-06
"TCGA.P3.A6T3.01A",7.01228656618315e-08,3.05011651807924e-07,6.35116542959215e-06,0.317917944116541,0.00756551623256017,0.00417574474832543,0.00181524892818596,4.96268080021167e-06,0.000130069514299223,2.36895183948706e-07,0.668383479844991,7.0739165749386e-08
"TCGA.HD.A6I0.01A",0.000349733165925016,0.0145611770686962,0.0114752171933507,2.81147048633603e-07,0.0337135443679189,0.00241318380204724,0.0277083726452557,0.000234849004178819,1.52318445358364e-08,0.00270289865067478,1.07070731083414e-06,0.906839657015749
"TCGA.CV.6950.01A",8.14840487471749e-07,3.91167114323573e-06,5.84837897102233e-08,0.15722355721821,0.0281518817139927,0.00811860740811548,0.00653296704547786,7.15803802658727e-05,8.93132561205831e-08,0.000354832696728063,0.799541615843068,8.33854651134719e-08
"TCGA.CR.7380.01A",0.000558158440080444,1.33049475343206e-05,6.6117128750167e-07,0.470036515501174,0.0448902370242097,0.0272748118565933,0.00908289856697807,0.00143594824407061,3.16284337954594e-08,0.000418883077914415,0.446288489364239,6.01774846020608e-08
"TCGA.DQ.7588.01A",6.49263035552296e-09,1.28013284422767e-06,1.10684257407626e-06,0.368323126822185,1.38483464904153e-08,0.014894301087917,0.00222397118969769,1.95977140002483e-05,6.45609857390132e-05,4.5988948128607e-08,0.614471763629849,2.25265268883267e-07
"TCGA.BA.6873.01A",0.00086899388609855,0.0060338057752655,0.0037044675372097,0.2368322173224,0.0117196111501402,0.00483320171323067,0.0059116968170963,3.86740429926456e-05,5.93509295623817e-07,0.000491283683356239,0.729541600909751,2.38536531633681e-05
"TCGA.CR.6472.01A",0.00629224748477612,0.00169986426329615,0.00133843337209944,0.37824699447675,0.0185029236555049,0.0127336991755211,0.000430539910188404,0.000323732443194376,3.74889229735418e-06,0.000727372081129735,0.579698667569129,1.77667611327285e-06
"TCGA.UF.A7JH.01A",9.70518681273459e-08,0.00583139639999538,9.71038150975401e-05,0.526097528755238,0.0655981003551754,0.0428805392010942,0.020932856596517,7.00128575762555e-05,4.95078386427605e-05,0.00111455544587779,0.337324017262373,4.28442054393198e-06
"TCGA.BA.4077.01B",2.16724812772831e-05,6.41370754945676e-06,2.29331114643091e-06,0.367817141185088,0.0141633775490997,0.0121956657105073,0.0297328593478674,0.000532113047012354,0.00310637882894292,0.00179256755326979,0.570628618563001,8.98715238531509e-07
"TCGA.CV.7411.01A",0.00146068078421594,0.00148229119781928,1.95934894853224e-07,0.260732984939069,0.00998515608219158,0.0111105996317174,0.000483242148925157,0.000125070406400067,8.77094185812437e-09,0.000101129237521666,0.714518555049341,8.58169622378886e-08
"TCGA.MT.A67A.01A",0.000966916743345816,8.01011618288701e-06,0.010082275194785,0.172974266445723,0.00546947510504102,0.00133867773659485,0.00121998967988715,0.00028216106780733,1.71642136738447e-08,0.000798908498805826,0.557487366608502,0.249371935639112
"TCGA.D6.6826.01A",6.10001816387508e-08,1.72752488751437e-08,1.49840800488487e-09,0.688816219580519,0.0100743845256377,0.032378791447701,0.0505831295712984,0.00030766021649112,1.16255659153722e-06,0.00056485544150912,0.217273706993952,9.89246174023902e-09
"TCGA.CR.7404.01A",0.0181264880892749,0.00545612733200071,0.0148552316299645,0.38907337135731,0.0268349798059165,0.0132373905066873,0.0268261949370554,0.000583464593426278,4.03800838227762e-07,0.00234286321807839,0.50266330124495,1.83484497848384e-07
"TCGA.D6.A6EM.01A",0.0157078010839948,0.0537993815553578,0.0616971767756667,2.71734010571462e-07,0.0325126954668018,0.00508907427284318,0.0948804973739557,0.000705542248650703,1.70475439130304e-07,0.0069584585692808,0.000106607549020336,0.728542322894978
"TCGA.CR.7379.01A",0.000388678196055005,4.8496873595089e-07,0.000144693314939298,0.224501379002315,0.0297923636965033,0.0243365079010868,0.00994857212696651,0.000196318693799048,1.05042400808824e-06,5.22242884166351e-05,0.710637500204891,2.2718228325522e-07
"TCGA.CV.7236.01A",3.12235342136127e-06,1.03064391327272e-07,5.26789530278163e-08,0.65106997797615,0.0477336062433615,0.0243356770842993,0.0161631753602424,4.18240147340201e-05,0.00431871894950491,1.17608382360386e-05,0.256321928828855,5.26078511099825e-08
"TCGA.CN.4727.01A",3.79569132001398e-05,0.000247126501497648,0.000798957637758667,0.172534321699573,0.0285234659692446,0.0143147721377748,1.13006248597374e-06,2.26096798259864e-05,2.74411794218169e-08,7.8444746798023e-06,0.609434720672577,0.174077066810204
"TCGA.CQ.5327.01A",0.000328441732190319,0.0162681619621245,0.000193038079516069,0.257135594906158,0.0146506144060918,0.00388571276857771,0.0352708886645286,0.000155620329207379,2.72990487456615e-06,0.00329703879818581,0.668811642138989,5.16309556081724e-07
"TCGA.C9.A480.01A",0.000464313618681801,0.00327438768250675,0.00244927937772384,0.251806523697281,0.00661458896180482,0.00158458044557244,0.000563230107667751,2.77767282971659e-05,5.56838904240714e-09,0.000311685212169225,0.687738815918931,0.0451648126809744
"TCGA.CV.A6JO.01B",0.000328330821238129,0.00964061348404643,0.0117604478382797,0.268400572645619,0.00487457205634829,0.00286677997971212,0.0139866904415569,3.9890452545182e-05,1.05019716315111e-07,0.0021527956457506,0.639647939527782,0.0463012620874048
"TCGA.CR.6492.01A",0.002640687945793,2.03379383602795e-05,1.3664133765442e-05,0.228063683372847,0.0108889080551496,0.00561610081670521,0.00725774992597783,0.000345120328211628,7.6245043460434e-07,0.000364127752501676,0.744788693269615,1.64010639112036e-07
"TCGA.CV.6933.01A",6.07909538932124e-05,1.88262710242819e-08,3.256432832232e-06,0.369398662400299,0.0385550342513255,0.0155393246316495,0.0172829182777364,2.99803834402235e-05,1.3606187552961e-06,4.96317425016942e-06,0.559123220923417,4.69126130716179e-07
"TCGA.BA.6872.01A",0.000837761902791036,0.00217805034529467,4.46666963679028e-06,0.238591138444581,0.00623745566215122,0.0133739590485456,0.00236323873580323,0.00064449322638275,1.24355394107903e-06,0.000126406003159687,0.735639767919445,2.01848826811727e-06
"TCGA.BB.4223.01A",0.0234343456466569,0.0124085556397461,0.0510378578940186,0.214222685366604,0.0566411052649318,0.00370841615256952,0.0100375453268652,0.000107610416627651,4.35176473529371e-07,0.00012948491438514,0.628271849688598,1.08512524088999e-07
"TCGA.UF.A7JJ.01A",0.0261633919138243,0.0176164132723413,1.74042317797941e-05,0.167324601401488,0.082607654881739,0.0644531706909237,0.0262778552479712,0.000317273563412017,4.10130168284805e-06,0.00214171613638614,0.613065874758718,1.05425997335855e-05
"TCGA.RS.A6TO.01A",1.80055962868026e-07,4.29444384915873e-05,8.15121573203721e-05,0.32806514234061,0.0594862624803546,0.0258153020561606,0.0266767700298623,5.59308205903657e-06,0.00306776701756759,0.00173311260592929,0.555025409869712,3.86597004288488e-09
"TCGA.CR.7372.01A",3.36570465948351e-06,1.61611013461659e-07,2.48928363531546e-07,0.221265388263433,0.00107159956437875,0.020362777475547,0.00318175404813455,0.000541959237473068,2.18091838898211e-08,3.70295221784833e-05,0.753535615293256,7.85423792177129e-08
"TCGA.D6.6827.01A",0.00184500945907904,0.00358003750487308,8.63763842701701e-08,0.294496199989752,0.0193163133600877,0.00618643924923517,0.00139422529647745,7.10449981813578e-05,4.11192500857245e-08,0.000199929838967707,0.672910178924695,4.93883017161769e-07
"TCGA.CV.7437.01A",3.32156695018957e-05,0.00106584115896789,4.20798712454513e-06,0.125418433671213,0.000111467594619206,0.00552292091633837,0.0115065886734099,0.000116916783536423,4.28585178070244e-05,1.88087698618887e-05,0.856158043875298,6.9638232194892e-07
"TCGA.BA.5151.01A",5.85380208302783e-06,0.00301996828276486,4.07406510111223e-07,0.089202378049377,0.000872301882595252,0.0112616062637232,0.00361711272398957,0.000249957892963815,2.35874838681382e-07,0.000112035268370654,0.891658121450579,2.11022048456185e-08
"TCGA.CV.A461.01A",0.0137612234521777,0.0819633388039982,0.043008819081317,0.309562394530934,2.2534028885898e-07,0.0491972114676422,0.0490243316800236,0.00240556443681736,1.0486044414915e-06,0.00931691418391506,3.66250581943647e-06,0.441755265912625
"TCGA.BA.5559.01A",0.0256914315929398,0.108831982727357,0.0356258251298308,0.310487695750255,0.035405022120174,0.025823528038094,0.0747258718899007,0.000858656317499384,2.43882348218679e-05,0.00934057087095372,0.373184875509469,1.51818704135737e-07
"TCGA.CN.4723.01A",1.04180925517139e-05,9.09270812218945e-09,7.38460774937827e-08,0.404248916848853,0.00770383501048914,0.0244447347522776,0.0283315448492487,0.000333009902020937,6.98753736613912e-08,0.000128224525005161,0.534799152209911,1.09954835523676e-08
"TCGA.F7.A624.01A",0.0347764699849657,0.105930482914393,0.0508246695166581,0.412085899412014,0.193502555012754,1.03371309128349e-08,0.144075086298105,1.31750054427839e-05,2.6560857806897e-06,0.0254072044392145,8.43813670367187e-07,0.0333809471798712
"TCGA.CV.A463.01A",0.00117105557115349,3.08917842548978e-07,3.44579662860133e-06,0.284658311027082,0.00256266574090164,0.00349979981953531,0.000536020003557593,5.52415911219506e-05,5.03516659580012e-09,0.000286810711598242,0.707226221686536,1.14098876049783e-07
"TCGA.BB.4228.01A",0.00519718824381516,0.00354018161078966,0.0182331088546185,0.277973630100659,0.0555968221608022,0.0166882379556866,0.00481976016982357,0.00038844665743259,3.52743247254111e-07,6.18867270907361e-05,0.591881653997592,0.0256187307784437
