"","cellFractions.B.Cells","cellFractions.CD4.T","cellFractions.CD8.T","cellFractions.DC","cellFractions.Endothelial.Cells","cellFractions.Fibroblasts","cellFractions.Macrophages","cellFractions.Mast.Cells","cellFractions.Monocytes","cellFractions.NK","cellFractions.Neutrophils","cellFractions.otherCells"
"TCGA.BP.4766.01A",2.13634795930741e-05,3.17622992019454e-05,9.69918815731496e-05,0.441484044766472,0.090859057599639,2.32507294271472e-06,0.0162829834464403,0.000239510448065994,0.000155024221499008,0.00165674272780674,0.44916588946719,4.30458957610924e-06
"TCGA.A3.3352.01A",0.0040561342555228,0.00802823826740441,0.00150973053360862,0.777609206202475,0.0835541399221018,7.90016344701067e-07,0.0337906631301543,0.000217415650590088,0.0293353540121159,0.00487372040058729,0.0569796446736266,4.49629354681831e-05
"TCGA.G6.A8L7.01A",0.000913237880108682,0.00333122670106141,0.0136487872813543,0.112710605382225,0.039236814039319,1.55314669776186e-07,0.00779364354936345,1.16536677427649e-05,2.20827112798762e-07,0.00308633919533382,0.679731345820886,0.139535970340823
"TCGA.A3.A6NN.01A",0.000345014320514692,0.0291748146396601,0.0131829871762013,7.99544388190075e-07,0.148139123574545,0.00293501862153574,0.0600982204278094,0.000575652585190506,3.20680220215685e-05,0.0106640526157397,7.11524761093491e-05,0.734781095996284
"TCGA.T7.A92I.01A",8.19784182505682e-09,4.78863511160159e-08,6.82110270806834e-08,0.283247151924021,0.023664454069429,0.000800869417723206,0.012827558630685,1.21650069672339e-06,3.58418906341428e-08,8.73768089814575e-05,0.679370895186883,3.17324469598476e-07
"TCGA.B0.5713.01A",0.000735771204423945,6.72742305161849e-05,0.0424418981958038,2.88251777534245e-05,0.15395105835385,1.56998225894621e-07,0.0309494629360199,0.000283598210958533,0.00747479632331303,0.00524417186050366,5.8386130101846e-05,0.75876460037853
"TCGA.CZ.4860.01A",1.25626640720757e-05,1.62094790592344e-06,0.000603743308352927,0.431233660814787,0.0766402217443585,0.0261803478185783,0.0708657499592058,2.00040221126439e-05,0.00551074158145127,0.000227589615425435,0.388703749471838,8.05191246239146e-09
"TCGA.A3.3351.01A",0.00116235135394773,3.5295873604881e-05,0.183182568214769,0.315883477312906,0.154764637400938,3.60405627110268e-08,0.0699042594941403,0.000671225363990116,7.52381539698249e-06,0.00391609588899133,2.18990483613379e-06,0.270470339335917
"TCGA.B8.4148.01A",0.00496310630884856,0.000194532262504349,0.246127092135196,2.76912505214899e-05,0.0810122791804988,9.25136173768377e-05,0.0703395814451939,0.000307176098587743,7.1281739023163e-07,0.00798507587465256,4.64240347837736e-06,0.588945596605751
"TCGA.BP.4345.01A",1.10328253591899e-07,0.0122244011568625,0.00864456835559098,0.102864074781527,0.570048877739531,0.00479408705462391,0.0414210444221796,0.000554138526934917,0.0014504427564654,0.00276282553941606,0.255234951817607,4.77521007546995e-07
"TCGA.BP.5010.01A",0.000801683158509012,0.00458596992541911,0.0227824473446778,0.0542036262803391,0.344535428898518,1.06827133057817e-09,0.0103748291195957,4.08492138405504e-05,7.96024276454794e-07,0.000975372652560834,0.176802890223444,0.384896106090547
"TCGA.BP.4325.01A",4.87940368352593e-05,5.37261975058601e-06,0.092179918039321,0.426135636726533,0.060126550387245,2.11036868377114e-07,0.0286900748708863,9.76383007266242e-05,7.93309495809401e-05,0.00373477295358874,0.235028158033971,0.153873542044694
"TCGA.B0.5102.01A",0.00125172736683271,3.51927279878864e-06,0.0367453610008496,0.0601892860921441,0.0567701133226209,2.15290396969489e-07,0.0295401644325364,2.12670308781979e-05,5.11904109238498e-06,0.00252959917500368,1.22014863609211e-05,0.812931426488485
"TCGA.BP.5185.01A",0.000490155481662269,0.00193178931308945,0.0108789377032254,0.0751723171626428,0.0496171617148041,5.40669480802182e-08,0.00479880213814183,0.000115816961773018,7.69898709002904e-08,0.00168388862283806,0.397616194424207,0.457694805420797
"TCGA.CZ.5986.01A",0.000593481094288839,0.00173955016417678,0.0166680790674156,0.498213205185014,0.109042352120447,3.66120130863306e-07,0.016345996263476,0.000365219153840733,2.65998202290398e-05,0.000848484068589786,0.286466812678777,0.0696898542636139
"TCGA.CW.5590.01A",0.000817535643281866,0.00166121048610027,0.0667998322991582,0.169272345239,0.135586595543662,0.00168679535809461,0.0482015596889716,0.000521339571826786,2.59533956031696e-05,0.00296884036910437,4.1584768125247e-05,0.572416407637072
"TCGA.CJ.4904.01A",0.000217681724607561,4.68510310326475e-06,0.0468817703901558,0.410731675147703,0.144056039009832,9.41511423229907e-08,0.0330630601500979,0.000462631245563042,0.00510539548488891,0.00240110964766411,0.00333881621547404,0.353737041729768
"TCGA.BP.4987.01A",1.32767624832659e-05,1.49951630925702e-06,0.0383582036339625,0.362727502690656,0.0731951155194779,1.15404270123105e-07,0.0230194215853902,0.00037701670339092,7.49138118153457e-05,0.00253062179588174,0.44367874116871,0.0560235714076525
"TCGA.B0.4849.01A",0.00081259050326307,2.82027632797116e-05,0.0372519365593314,0.00891363370351179,0.15560844327849,2.85306851595572e-07,0.0307802030647992,0.000604475866675229,0.0091717908983669,0.00173488343480998,2.12566945781236e-05,0.755072297926043
"TCGA.BP.4329.01A",0.000328193765011556,1.19351247614179e-06,0.0418575064568739,0.0173039705834913,0.212749537960235,4.61796872427953e-05,0.0331739939892653,0.000457130794550858,0.00499579795718127,0.00164634377322545,4.73565847882675e-06,0.687435415861968
"TCGA.A3.3328.01A",9.85319377619016e-06,2.30580349872058e-08,2.26319342839039e-08,0.241979756205937,0.00491825181620116,1.49783710397299e-05,0.00170069607899357,4.19527533250894e-07,2.80067368422356e-06,5.67713867006695e-06,0.751366774497579,7.4680661674158e-07
"TCGA.CJ.5672.01A",0.00160037882803642,3.1422134664984e-06,0.185259388622281,1.36805674913739e-07,0.177105663374612,6.94571010210953e-06,0.104561009849454,0.000188884026367383,3.71255811566616e-06,0.0187220087471105,3.38514334974746e-05,0.512514877831282
"TCGA.B0.5104.01A",3.81630422704026e-06,0.000635377148019613,1.29162713121787e-06,0.15084001150547,0.0228842025528055,8.96211529834384e-07,0.00213384624765761,3.24187954117196e-05,3.62100169456257e-08,0.000439093843907941,0.823023217157081,5.79239674198788e-06
"TCGA.CW.6097.01A",0.0463368357537773,6.05845081680943e-07,0.174696215085914,0.117225296152146,0.489348161283547,0.0304116177165709,0.10047173810395,0.000515084042243306,2.01666825103149e-05,1.2278590225278e-05,3.79889957895719e-05,0.0409240117482444
"TCGA.B0.4700.01A",0.0168432949435016,9.3100607923883e-07,0.331379302407915,0.0622427851223578,0.304834417899908,0.0364094876240742,0.122160009666526,0.00014159944106317,0.000454586104779624,0.0255175016151963,0.000186434015717001,0.0998296501528817
"TCGA.B0.5095.01A",0.0037311583456784,0.0271843891004824,9.1155923530518e-05,0.273150793111304,0.601155654429349,0.0436521330680503,0.0329010733071762,0.000118976084671265,0.00823139129100938,0.00693847869260752,0.00232825210659775,0.000516544539542596
"TCGA.B0.4810.01A",0.00342479419060717,0.00101431913970186,0.20099325701487,8.93566497722195e-08,0.400986385505373,0.000269757104453418,0.120236484549905,0.00131207410074831,3.22900152846928e-06,0.0191787724662252,3.97840712725081e-06,0.252576859162811
"TCGA.CJ.4901.01A",0.0224470544408083,7.28702069431248e-08,0.219754660605017,2.894783854001e-05,0.0881975435766269,0.00381529945671647,0.078859793932508,2.57329121922571e-05,9.06978457369169e-07,0.00977586295981145,1.53704512487315e-08,0.577094109058664
"TCGA.CJ.4643.01A",0.000186620152819913,3.80122690094179e-05,0.0577976339584015,0.156184126946609,0.266759407306287,6.30960557897034e-10,0.0382042931641045,0.000178168376544434,0.0142786766617937,0.000889992898553387,8.04904236197029e-07,0.465482262730681
"TCGA.B8.A54H.01A",1.59730658502003e-05,0.000359432535777035,0.0570884336342237,0.247141155117444,0.114861200350235,2.90994376255348e-07,0.0156566613495183,9.52554968101794e-05,2.4465769003405e-05,0.00373651645882322,0.535994819544985,0.0250257956829536
"TCGA.AK.3429.01A",0.0059248905623278,9.53755071398748e-08,0.259084927480218,3.71421669949076e-06,0.0890786818278225,4.27610063163058e-07,0.0554294867550571,0.000719302640883452,2.10601263624267e-05,0.0123184491339867,3.03472320507617e-05,0.577388617039021
"TCGA.B0.4834.01A",1.21038376452e-06,0.00049866020703264,3.67981838591667e-05,0.155598687379084,0.0260441824894716,1.14151712284708e-05,0.00020906010694383,3.01137410411487e-06,6.16365000820463e-07,0.000152593332087627,0.498838676725906,0.318605088281517
"TCGA.B0.4843.01A",0.00026242326316136,0.000394840475704492,0.0146737692250123,0.100091126436839,0.294813843648417,6.75604066621329e-08,0.00880120707305408,0.000434282733615826,2.25183009307496e-07,0.000466991524686041,0.263988187395614,0.31607303548048
"TCGA.A3.3382.01A",0.000198204477978087,1.83344849763554e-06,0.0641974836195936,0.736261620990775,0.143085716820259,2.79274529659801e-08,0.0517900288235138,1.71467098034953e-05,3.41771198007742e-05,0.00272986506769429,0.00164188434393349,4.2010650697483e-05
"TCGA.BP.4338.01A",2.88096678578716e-06,0.000144143079452861,6.25980152008715e-07,0.343343696645723,0.016737753544371,0.000264237067812348,0.0334196566480331,3.41012563716168e-05,9.16548170110602e-07,0.000554981760111757,0.605495843431786,1.16307123096272e-06
"TCGA.B4.5832.01A",0.000495693951863077,0.0082807026488787,0.00992736057476459,0.137140983540874,0.0171337244380524,0.00586442895063722,0.00360944563855107,1.50071447297943e-05,5.28894309102023e-07,3.1546021830083e-08,0.307924602916143,0.509607489755175
"TCGA.CW.6088.01A",5.86707697759783e-07,6.47011628267784e-06,0.0222476041813965,0.307545305445255,0.142236954348075,0.000104291664399034,0.0113759641408573,0.000413295122275569,8.34419260943431e-06,0.00103483080577052,0.387289988524118,0.127736364751263
"TCGA.A3.A6NJ.01A",0.00346897590515857,4.74833505587815e-06,0.180398316327278,0.019536731185407,0.0670612282323118,0.0126961442888755,0.0911012548907697,0.000198871066087476,0.00676110007803071,0.018115946146164,5.64163017183638e-05,0.600600267243143
"TCGA.B0.5088.01A",0.00405320460573593,0.0067386107684739,0.0276032413881786,0.374192752407116,0.134619384446263,2.07985968983265e-08,0.0358531682140607,0.000612007728386068,1.04084265371422e-08,0.0017070635631973,0.414620210632099,3.25039465761142e-07
"TCGA.A3.3308.01A",0.00102942285368871,1.14855216372672e-05,0.0303193762511553,0.0110543976426622,0.24402600281827,0.00368179902384407,0.0456315715088194,0.000109273774693287,0.000660025581689327,0.000729769310429849,6.61782243937861e-05,0.662680697488716
"TCGA.CW.5589.01A",0.00039751227171668,0.000107672991738392,0.00398833887742644,0.38114247648406,0.226904045507088,3.21466878174758e-09,0.0495080402888767,0.000471500167545195,0.00190976046045482,0.00547044509822666,0.330099555300573,6.49337625760776e-07
"TCGA.B0.5702.01A",0.00184031432565741,0.0558142023957827,0.0106677294777012,6.7533578536437e-05,0.177517720540494,0.0103672940307252,0.207907039435443,0.00676121691742049,1.0952931020467e-06,0.019433588751162,1.19400484092419e-06,0.509621071249134
"TCGA.BP.4169.01A",0.0175538092721715,0.00372067042741388,0.0719437793947817,2.61514394829505e-06,0.507464479569737,0.00408571524665038,0.0730474256400297,0.000978819943622816,0.00935618402524281,2.00361209461769e-08,0.00115616895311667,0.310690312347164
"TCGA.CZ.5468.01A",0.000967222142246204,0.000133990725013425,0.0200472460563786,0.592162954424624,0.109560530974873,0.00258812794310137,0.0613520391651073,6.92552859006833e-05,0.00111139195976751,0.00282639539683023,0.209169605731403,1.12401947542469e-05
"TCGA.A3.3313.01A",1.1997199152055e-07,1.24104744816174e-07,1.04588198844395e-06,0.332929208465285,0.021143978128599,0.000353709480612269,0.00636941208527192,7.12438248296769e-06,3.6837641450492e-08,1.66995239438345e-05,0.639178541039535,9.79043889024611e-11
"TCGA.BP.4782.01A",7.77097139048651e-05,4.51989472529141e-06,0.0985981201284474,0.457154366729597,0.145168609075617,0.00264900955898526,0.0781484951925813,0.000264802615010049,2.5805931908921e-05,0.00587479285875031,0.000286436672520654,0.211747331627952
"TCGA.3Z.A93Z.01A",0.00213042433771681,0.00440023067978553,0.0195683453616529,0.162150955479812,0.192791474051229,0.000262542187546406,0.0299155176240132,0.000351047595056436,0.00125116218074426,0.00507760120315979,0.231891119189498,0.350209580109786
"TCGA.CZ.5454.01A",0.000571322025876096,0.000433155803340104,0.00131753326662524,0.512946320844981,0.0628277036584531,3.34429019551051e-06,0.14239555561813,5.72992926200751e-05,6.4906675274424e-08,0.00315943339941994,0.276286354006982,1.91288670148285e-06
"TCGA.A3.3358.01A",0.0107878502987594,5.49607068272172e-07,0.101923292413172,0.34273959591066,0.0446485288015031,0.00701693508361584,0.0624479032101014,0.000639629511206009,0.000232636887685066,0.00103092677121371,1.22426845317574e-06,0.428530927236562
"TCGA.CJ.6031.01A",0.0086198717458148,8.40281315717287e-07,0.116285190203584,0.143390103066069,0.534573850042627,0.011057197765978,0.110560305051745,0.00116361251120643,9.10714140459918e-07,0.00520858640933514,1.60105573470675e-05,0.0691235216508371
"TCGA.BP.4790.01A",2.85028705329827e-06,0.0370857753217729,0.0327170031882133,0.388196512486064,0.21224598494308,0.019732107750198,0.0425194395905513,0.00057416739729819,5.22227670686309e-06,0.00484590160181916,0.262071046672974,3.98848426872534e-06
"TCGA.B0.5699.01A",3.65432919823539e-05,0.0005324117806518,0.000714529354973399,0.31122382716637,0.0230706228231819,1.47863598080343e-05,0.0153477563913412,6.02929940431261e-05,3.30936930700049e-06,0.00297407067910369,0.646021849278567,5.10670498680081e-10
"TCGA.CJ.4635.01A",2.16084939291987e-06,0.00716486133547203,0.0467206504319625,0.296683775423061,0.0454872580163535,0.0039797392402232,0.0309589538871989,0.000104357469486107,1.30119476266225e-06,0.00355886738237647,0.565335430522628,2.64424708252323e-06
"TCGA.A3.A8CQ.01A",5.03139455389474e-06,0.00598262188993437,0.000126535192947508,0.260503965665924,0.092967033404028,5.27512189749367e-07,0.00956414315596308,0.000444030815836763,2.49616429843248e-08,0.00150817258083881,0.628897519029448,3.94396692555664e-07
"TCGA.AK.3447.01A",2.76919849877378e-05,0.000289904981563715,0.000305480217557419,0.125461718785827,0.004443678397528,3.27753355861899e-05,0.000368699894225304,3.16593721421334e-06,5.762498077187e-09,0.000576997426352442,0.464117671648538,0.404372209628122
"TCGA.BP.4159.01A",4.5323063796208e-05,0.000169511246358508,0.0114624979454157,0.136275977522765,0.221371053583339,2.12350951914294e-10,0.00950011653966248,0.00012875137741353,1.25329241101273e-06,0.00323729724321899,0.368538142938276,0.249270075034993
"TCGA.B0.5698.01A",0.000270847907406069,0.00304268200698552,0.0198692973010759,0.103733772301565,0.0168440952551468,7.71405307557545e-08,0.015411104225154,8.30487626692734e-05,2.71354401457294e-07,0.000838055959312037,0.839900713206491,6.0345792620745e-06
"TCGA.A3.A8OU.01A",0.00282709157085224,0.000454328093559972,0.0351333965197182,0.375917515884689,0.109253586139444,8.60521791790825e-08,0.0281742050671556,0.000315847902522233,9.43505035836279e-06,0.00260304007434521,0.249890545107371,0.195420922537805
"TCGA.A3.3380.01A",0.000267801784825619,0.0024009617378863,0.0114523787382754,0.201403439605279,0.112855936532265,7.07059855370535e-09,0.0156215366256534,0.000362668188226042,2.15175142603141e-06,0.00135479873315624,0.65427705981032,1.25942208823882e-06
"TCGA.BP.4998.01A",0.00257865417633273,1.68434501519432e-06,0.0839866010582539,2.19355107466338e-05,0.409668966278483,0.00549176785187124,0.0671851207575508,0.000963615773502435,2.94591260256522e-08,0.00318189890877862,2.70000518536991e-06,0.426917025875154
"TCGA.A3.3383.01A",0.0014376559108019,3.93617262186999e-05,0.123110119046162,1.69014477773759e-05,0.107237990568008,0.000129652849242194,0.119885003628221,0.00151315843677244,6.62814397237369e-07,0.00743752944258696,1.28317114210009e-06,0.63919068095867
"TCGA.BP.4353.01A",0.000452992230060644,0.000349297050282103,0.095401324349756,0.480226593537539,0.323697116321935,2.75862090971194e-07,0.0793638294418272,0.000500246048781142,4.5195196475617e-05,0.00316969587970075,8.6618644556662e-06,0.0167847722170951
"TCGA.CJ.5686.01A",0.000499390057286748,0.019005393516486,0.00895462210047541,0.247696659367154,0.0660914847243178,2.77388880316975e-07,0.0306947947523875,0.000113596609849395,2.58756946403372e-06,0.00366940915804079,0.623271427091105,3.57664552683715e-07
"TCGA.EU.5907.01A",1.08796930823976e-06,1.14528373915308e-07,1.87036617153184e-06,0.246716461880215,0.0381911932711158,0.0014379362026078,0.0259633381155693,9.86349385367988e-06,2.73386047239712e-09,0.000174543902724089,0.687502318540753,1.26899544753281e-06
"TCGA.B0.4703.01A",0.00118798009204464,0.0409939960407041,0.0482316372541485,1.90425434464478e-05,0.636079778517011,0.0547798647708587,0.070534844176861,0.000400668330453064,4.31757130533159e-05,0.00883610147016013,6.88421276288183e-05,0.13882406896363
"TCGA.B0.5119.01A",0.000171512148514978,0.00015171343254615,0.0277914987585645,0.369196340583656,0.091365448772437,4.06484038576873e-08,0.0209348176108598,0.000167351231033826,2.40117979606752e-06,0.00308783159110886,0.487130938054171,1.0598890813794e-07
"TCGA.B0.4822.01A",0.00413404331340097,0.00238408929923207,0.0505794729149157,1.85425637256093e-07,0.155605686364565,0.0021167265978652,0.0536635396780735,0.000738477992820123,5.79849590254808e-06,0.00365216904141369,5.74657680380403e-06,0.727114064299371
"TCGA.B4.5835.01A",4.52685010161414e-06,1.56720487481766e-06,0.000564838132136931,0.171546379965192,0.000677202708960966,0.00131345376590119,0.0278027746659392,3.80951913268882e-05,1.91325122083911e-06,0.000422010922292783,0.797627234969543,2.37250972268213e-09
"TCGA.CZ.5460.01A",0.00526744071997261,5.53886984731788e-08,0.099252259327121,0.316108416252577,0.0622369650077797,1.31051117596576e-05,0.0366323823813973,0.000312259556635468,0.00191950702503612,0.00133422810597287,6.04691169040989e-05,0.476862912006146
"TCGA.B2.3924.01A",0.00701336121736752,1.46943449075549e-07,0.444463745334265,1.96942615016227e-06,0.0623688866872184,0.000333600825095458,0.256754629107142,0.000284266194968821,6.97247451133004e-07,0.0290243397531814,0.000697755205889375,0.199056602057822
"TCGA.CJ.4870.01A",0.000439214978589218,0.0118265038750444,0.000132448715331597,0.187445862723001,0.125880456030269,8.54566138445654e-09,0.0191014916908333,0.00170704874916106,0.00669184821547133,0.00252638731258104,0.0489931406043918,0.595255588559664
"TCGA.B8.4619.01A",0.000215686771110968,0.000700121857951897,0.00038212781150591,0.156752524229926,0.0329145712317934,0.00229341761624463,0.00292610402162224,1.64919651777859e-05,2.55219954183498e-07,0.000186558522479413,0.401791549398514,0.40182059135372
"TCGA.BP.5201.01A",0.00175717299449226,8.62241716102996e-07,0.180103578899933,0.0310457529756492,0.0721218267325488,8.15487915427483e-06,0.0388809351419354,0.000275429177263883,8.19553574087297e-07,0.00685487873209878,1.35422667171665e-05,0.668937046404917
"TCGA.B8.A54J.01A",0.00109041629563702,0.000517472913261173,0.0634269680160367,0.182977253678446,0.116849885222614,6.91292034601117e-08,0.0236922726894772,0.000479780212468404,4.1448550292161e-05,0.00409648402016549,0.422151905296985,0.184676043975413
"TCGA.CZ.5456.01A",0.00822808463635303,0.000829832347276557,0.0236320060825397,0.108236167535482,0.041024407297132,0.00311977250002176,0.0368863675709456,1.2083621815872e-06,4.13689899122235e-07,0.000251456803716331,0.777790272246808,1.0927643911338e-08
"TCGA.B0.4688.01A",6.30248968313084e-07,0.00285220357518354,5.10491309930757e-07,0.275873292018331,0.0100547351547381,0.0479703289016946,0.0398394302153441,0.000207269774433736,3.13099140789935e-08,0.00180502402182659,0.621396321191993,2.23096263598633e-07
"TCGA.A3.3317.01A",0.000239957422424564,0.00607901268746433,0.0259725333388167,0.383276567940982,0.327552970414371,8.32362465538666e-09,0.0258890058931653,0.000168115824036569,0.000211512163957725,0.00340723857004498,0.227202186861748,8.90559364815428e-07
"TCGA.B0.5400.01A",7.53751625144534e-05,3.54350124493987e-05,0.000180005717152807,0.29156292799877,0.390953667873007,0.00883845711622542,0.107432517394168,2.02887338092055e-05,0.0464293220794566,0.00528560029059325,0.149179378059864,7.02456198957294e-06
"TCGA.G6.A5PC.01A",0.000644049716023621,0.00347258044432506,0.0694175410355635,7.14502791701691e-05,0.0488226249496022,5.04304865956936e-07,0.0299797370649391,5.00396120244082e-05,5.5510055956438e-06,0.00396958101889916,8.00354791583582e-06,0.843558337021075
"TCGA.B0.5100.01A",9.18978467861056e-08,5.64371577748077e-07,5.67267293589896e-06,2.64207412502353e-06,0.998771573982017,2.35382885793306e-05,3.95625185623787e-05,0.000799124185948149,1.52435044464179e-05,7.83489602196882e-06,0.000333632465218212,5.19142720764308e-07
"TCGA.CW.5585.01A",7.99247955597967e-05,9.87819560197018e-06,0.00756531731003849,0.275272520817186,0.0738765456534363,1.36147780672738e-05,0.00771691186267355,7.94075114738559e-05,0.000227298892773316,0.00192957057270592,0.633225155721812,3.85388867186647e-06
"TCGA.BP.4343.01A",0.00735900767543753,5.31806537605466e-07,0.113572635337397,0.426164774781882,0.231542308479266,0.0766178551380466,0.06269975130872,0.0003764666935765,8.71935898289852e-06,0.000888783567670171,1.67812598196179e-06,0.0807674877265018
"TCGA.B2.5636.01A",0.00744038098391454,0.00162492371915383,0.0111897757197685,4.62983164937946e-06,0.281981659152532,0.0115772186542689,0.0533107202073778,0.00123464315793882,1.37262544919786e-07,0.002330545349636,3.48321968432657e-06,0.629301882741531
"TCGA.B0.5081.01A",0.03623217105034,5.28768023005552e-05,0.228862645158488,1.82670889142635e-09,0.191176240801731,0.000830413034109804,0.0684646815430671,0.000566794141212889,3.33960129208325e-06,8.246521425235e-05,6.8337159396799e-06,0.473721537110557
"TCGA.CW.5580.01A",1.46735486734863e-05,1.57424517710138e-05,1.74593728034605e-05,0.247202083993223,0.0722857759349454,4.42222397592102e-06,0.0203183303582437,0.000113379217119902,4.04327099475344e-05,0.00119738964995121,0.65878962584484,6.84694505350342e-07
"TCGA.B2.3924.01A.1",0.00701336121736752,1.46943449075549e-07,0.444463745334265,1.96942615016227e-06,0.0623688866872184,0.000333600825095458,0.256754629107142,0.000284266194968821,6.97247451133004e-07,0.0290243397531814,0.000697755205889375,0.199056602057822
"TCGA.CJ.6027.01A",0.00505605750468649,1.23430183094908e-06,0.251487138537729,6.74865609816291e-06,0.0761722947640101,0.000374154346065632,0.115926497567857,1.97151869169333e-05,4.3711445896062e-08,0.0183371331101495,0.000151496448518495,0.532467485864692
"TCGA.B0.5075.01A",3.14439588587967e-06,0.000867340297354994,0.00944293381002416,0.199221357551757,0.0277229495028996,1.01971881191357e-07,0.0348556088137326,0.000214634133569291,3.94509778230951e-08,0.00229514492593115,0.725374502485521,2.24266046579571e-06
"TCGA.BP.5200.01A",0.00569754290351556,6.59793874296268e-08,0.0755107356116785,0.365042634783484,0.186206202305147,0.00246533085875784,0.0387139247709454,0.000810540497062258,0.00107389467870088,0.00367754745385684,3.49220088871277e-06,0.320798087956576
"TCGA.BP.4158.01A",0.000566135908744743,1.63497707129752e-05,0.0140710128244886,0.261409603112648,0.0453707981291004,4.58413315205219e-05,0.00672747782909566,0.000216706281807211,6.86177264525553e-06,0.00122555818920904,0.620994411697866,0.0493492431521614
"TCGA.BP.5173.01A",0.00213114581125517,0.000125712021465778,0.160820418543931,3.52862127511173e-05,0.151031163877497,3.93501875278231e-07,0.0648188484902659,0.00129818625113446,2.78106448425262e-06,0.00509289838354822,6.28843728463523e-05,0.614580281468946
"TCGA.B0.4710.01A",0.00794721428998965,1.63184655399699e-05,0.0311855035652665,0.220000595053593,0.0760227060711241,0.00441359293599771,0.0133667129469426,0.000197853244465553,5.57917698386366e-07,0.00277419798115502,0.544250134425716,0.0998246131025112
"TCGA.A3.3367.01A",0.000299792145735815,0.000538976228671121,0.0272036662729831,0.621842999606677,0.0460570818023809,0.00179204505797896,0.0292110151804932,0.000408415642833794,0.00116438774408162,0.000684453096583252,0.000143569670043755,0.270653597551537
"TCGA.BP.4344.01A",0.00128297435826776,0.000566147335128448,0.016697121620402,0.272273894611987,0.317239766894445,3.20206033034363e-07,0.0313757633297613,0.000188988778494564,0.0103717328474535,0.00143387321629966,3.70377566993513e-06,0.348565713026058
"TCGA.A3.3335.01A",2.45267325738161e-07,2.38991834352788e-07,5.78558419350892e-07,0.210972189026478,0.0157812440636478,1.61099381086792e-07,0.00840382166977429,2.83343722234591e-05,1.60739156429037e-07,0.000307917820898473,0.764505043729249,6.46616120555711e-08
"TCGA.B0.5099.01A",0.00104639974175214,7.65876573246051e-05,0.000761447411065835,0.24841966112808,0.0343125125733846,2.26656008679835e-06,0.00164437066979228,6.70466750579845e-05,7.96397498830341e-09,0.000469711854629961,0.713196358687353,3.6290774979297e-06
"TCGA.AK.3427.01A",0.000215982642569353,0.00021641237862441,7.50562789866066e-08,0.146638125494558,0.023174065095183,5.39846442416048e-07,0.000475773088617404,6.78831561548184e-06,4.86134156530689e-09,0.00011235946319003,0.523004967246478,0.306154906511101
"TCGA.DV.A4W0.01A",9.96076836975336e-06,0.000184771577219589,0.000434403207788655,0.547493205084514,0.268002139678229,4.58492736328748e-08,0.0158365067379243,0.000232821246172368,1.24359906147491e-06,0.00196731719647772,0.165836109333839,1.47572113037322e-06
"TCGA.B8.4143.01A",0.00989671180628395,0.000265581917389056,0.21057194572181,8.81724217865978e-05,0.0851318241546536,7.62266216985461e-07,0.152956788830024,0.000236049956470101,7.05748280737048e-08,0.0217176679634145,4.79249078146035e-07,0.519133945138046
"TCGA.B8.A54K.01A",7.9037228860365e-05,7.45328187601976e-05,0.00124179129421536,0.187414066080671,0.0766790432542171,6.86923752724999e-09,0.00272141168480318,8.95585810048438e-05,3.22425209881843e-08,0.00116763551087976,0.565495879609844,0.165037004824986
"TCGA.A3.3311.01A",0.0053151666977829,1.41134760178144e-07,0.0540119374433858,0.34315693664351,0.0532479197192329,0.00375454432150331,0.0485505944281691,0.000216289327149189,0.00414342951732807,0.00108323619238069,2.56314700475839e-07,0.486519548260098
"TCGA.CZ.4854.01A",0.00599193722429906,9.26683408246999e-06,0.0330208103777051,0.378181225084693,0.104462531538108,0.00142374934995857,0.0196014728300943,0.000124274771906881,2.98719692104168e-07,0.0013109375420059,0.288767563572081,0.167105932155375
"TCGA.B8.4153.01B",0.000377407467312487,0.00236039322682369,0.00588646121477928,0.207504077058173,0.0235511676901228,7.99725032280304e-06,0.00572384824735127,0.000163015761364586,3.5775219195561e-08,0.00123563044663848,0.542714071151207,0.210475894710685
"TCGA.B2.A4SR.01A",7.37491454855796e-05,0.000541996901518984,0.0517010508622129,0.57999978811572,0.172368406520488,4.33572390697258e-09,0.0228318975342702,0.000372307553834594,0.000892500564295761,0.000810476963704641,0.170393632515029,1.4188987717645e-05
"TCGA.CZ.5989.01A",0.00010784523994216,0.00352208361881257,0.0418793174804072,0.229589442370436,0.0093011280086378,3.48159228270439e-05,0.000856107655411786,1.85128024828564e-06,2.85901940927692e-08,1.56265375356405e-08,0.546711179796566,0.16799618440998
"TCGA.CZ.5470.01A",0.00708170764001156,1.26743015420809e-05,0.107294005147094,3.3672533217588e-06,0.0877783899796298,2.3690876252162e-07,0.0617849926846784,0.000159316341025003,3.92026207884227e-07,0.00322751904713274,5.9561079343795e-05,0.732597837591251
"TCGA.BP.4349.01A",0.00135041599565508,0.00978899166214031,0.00579700777939216,0.196892209562056,0.131992014978538,1.77786910678426e-07,0.00905413617569675,0.000107864941836583,2.6345297326842e-06,0.00185259744539412,0.427574416416492,0.215587532726156
"TCGA.A3.3307.01A",9.41825308353158e-06,0.0120703168894851,0.00744662789293318,0.309728777011652,0.0663190032688547,1.81344443093784e-09,0.0246602907060579,0.000117754268395854,2.0904579200096e-06,0.00413782012842474,0.575504033243321,3.86606642691208e-06
"TCGA.CJ.4641.01A",0.00997581589394831,5.25659300111308e-06,0.308609398341687,6.64264690404079e-07,0.157032110490152,0.0124371047186184,0.108179394054944,0.000237424516366649,1.85630612020202e-05,0.00404494582848363,3.61366700973427e-05,0.39942318556681
"TCGA.B0.5098.01A",1.79715910071645e-06,1.4582850931549e-06,1.268432324219e-07,0.191619298536736,0.0148677441914678,0.000925934939481598,0.000204374074653975,3.3234868098536e-06,2.71158853024742e-08,0.000240827628140955,0.792133559485577,1.52825382133088e-06
"TCGA.B0.4699.01A",0.00244465177879635,6.70536644822297e-06,0.138110789834734,0.415784741937392,0.131418153658598,0.0505486735998932,0.0804748747267276,3.43562968046749e-05,5.60670375200818e-05,0.0136963172301526,0.167388757758042,3.59107748916343e-05
"TCGA.BP.5199.01A",0.00182374861517387,1.24592245242372e-05,0.309727891517731,7.94521541043044e-05,0.582859003406098,9.31715432657689e-08,0.0757754691797467,0.00119158718224407,4.65651120237481e-05,0.0284097446935547,3.52877311834109e-06,7.04569701373843e-05
"TCGA.BP.4337.01A",0.0116872353752766,0.0179951628403616,0.00153733160165227,0.0262080287901462,0.674350806063979,1.45813148686075e-09,0.0208664155190291,0.000990158566240097,0.000671356200762351,0.00109441470271224,0.000271017916459435,0.244328070965249
"TCGA.CZ.4853.01A",0.000183467974975213,0.00395696848436664,0.0028127758598793,0.268360942635095,0.023236874391496,2.5429894130428e-06,0.0119178241993604,5.82134284992163e-05,1.01058633110337e-06,0.00104482071690487,0.688424162120533,3.96613146308115e-07
"TCGA.B0.5115.01A",0.000135658171513179,0.0157001001825482,0.00324788991001809,0.315476937693034,0.136453972772489,1.42707147355695e-08,0.0150022220683287,0.000130418064719798,2.14709219575833e-07,0.00292921823414501,0.510883365469636,3.99884536331716e-05
"TCGA.B8.A54G.01A",0.00326401170860894,1.48153157335641e-06,0.613547024615705,2.13727098669771e-07,0.024788215443189,3.75390378272309e-05,0.180957769319856,2.06824496735838e-07,2.2672790189489e-06,0.0036216916342731,9.12030735160845e-07,0.173778666847618
"TCGA.CZ.4861.01A",0.0026588962125177,0.0476302051815185,0.0121405872451611,0.415672417768472,0.05855310782961,6.61131584730386e-05,0.180547772797414,0.00026491045159293,0.00124707418288975,0.0055106563364729,4.31100536056188e-06,0.275703947830518
"TCGA.B8.5545.01A",0.00458619629607856,0.00478525564091991,0.0504041102126825,3.11987275240732e-08,0.571332483642116,0.000125847379945375,0.144000761399582,0.00132452536617226,1.42670449492539e-07,0.00243837274659484,6.35474661110341e-06,0.220995918700121
"TCGA.CJ.4892.01A",1.24315279384608e-05,1.6246579850402e-05,0.172804908367843,0.344413168105147,0.196907918654273,2.58250067423919e-08,0.0284701338257346,0.000253687054775469,1.56475552481846e-06,0.0123055581403446,0.244793121503712,2.12356598495514e-05
"TCGA.CJ.5678.01A",0.0185801710261308,1.77174335440322e-07,0.28108890816663,6.92181693522132e-06,0.0655108114726235,9.41806590031513e-06,0.0955447194082093,2.49287190956567e-05,1.04605198395918e-06,0.0161979289504116,2.85224019861556e-05,0.523006446745758
"TCGA.AK.3433.01A",0.000126477372460125,0.000139812244795179,4.62917972548293e-05,0.115310990050444,0.0136713545205428,1.9989432882439e-06,0.00266139208560533,1.02712067723643e-07,1.7497107732944e-10,0.000298794838814154,0.239759671851304,0.627983113408453
"TCGA.B8.4621.01A",1.77123004599243e-07,8.00319363445355e-09,1.23745232893798e-09,0.24094469833581,2.7731123690209e-06,3.54911963134344e-05,0.0175723792503035,7.32306781841534e-05,4.73390253943758e-06,0.000252346951593816,0.741114135208982,2.50002540005968e-08
"TCGA.BP.4967.01A",0.00260548634478759,0.000154933346402675,0.0105987438370222,0.299281478289436,0.048729286698199,0.000511551876011993,0.0130876354594061,0.000595925042429642,4.05298963027652e-08,0.000965255442605316,0.432244499284558,0.191225163849246
"TCGA.A3.3320.01A",1.17649986113935e-06,0.000251188557322737,0.00840731167543453,0.316836118694998,0.0739251097766086,1.0442167525059e-07,0.0183702034029104,0.00039773221557072,5.59712527502684e-07,0.00125711443211802,0.580553313728707,6.68822664102816e-08
"TCGA.B8.A54D.01A",0.00256805747459357,1.09179945963117e-06,0.185449399451753,0.251158210145922,0.0901188007852718,1.04262603715359e-07,0.0404200576392139,0.0001282321181782,6.15450239091642e-06,0.00777939113073165,3.3735074895839e-07,0.422370163339132
"TCGA.B2.4098.01A",3.02458003583026e-10,4.68596392077177e-08,1.00555650049075e-07,0.158298214995961,0.00194615541542607,0.00148322052389467,0.0168763582401756,3.38118132104955e-05,1.1548845832369e-08,6.31948304576048e-05,0.821298868336966,1.65773151238076e-08
"TCGA.A3.3374.01A",1.31314332216497e-10,4.11626815278733e-08,4.03621513840032e-08,0.283606327425101,0.00265606923761568,0.000733384087757421,0.0161528353877795,0.00011564021321651,2.75731295406456e-08,5.91046060295191e-05,0.696676522774306,7.03891729294338e-09
"TCGA.BP.5000.01A",0.00113656409564763,1.11513532197137e-05,0.0752848499422952,0.081418531427509,0.282159572483544,6.82509183900411e-07,0.0227327543380478,0.000341188095160972,0.000429956649857947,0.0013207466247446,0.0229269993781414,0.512237003102648
"TCGA.A3.A6NI.01A",0.00160054856473,0.002131028237124,0.015869046394151,0.168736637472864,0.141430470620466,6.96847279866749e-07,0.0808022719667484,0.000332876936338842,0.00102914833052952,0.00363584401003248,9.62488712785811e-06,0.584421805732608
"TCGA.B0.4824.01A",0.00163566183804469,1.12262079006616e-07,0.154049020246482,0.387018269761459,0.0856379826493982,0.00132252528995096,0.0757791186118592,0.000571334087406969,0.00437489640701205,0.0157300995095089,4.42997331816445e-06,0.273876549363481
"TCGA.BP.4975.01A",0.000179387973782832,0.00139773984615625,0.00277265284410739,0.263111428182956,0.0748491700440288,1.49412006551161e-06,0.0139649248266327,0.000284692579017667,8.78561102521942e-07,0.000925571292718314,0.642484431115294,2.76286141382251e-05
"TCGA.BP.4330.01A",0.0317087956298173,3.20478540095116e-05,0.235826139626171,0.106078288122942,0.324516655223896,1.69134840059152e-07,0.0743574410420403,0.000628802429582712,0.00588964839094199,0.0064082541014448,2.45506462384011e-05,0.214529207798077
"TCGA.B0.4841.01A",2.18787755339204e-07,0.00384288625487531,0.00610557330974591,0.0116764909440004,0.104160430074225,1.02558502255382e-08,0.00605286790333193,0.000198022192258816,0.000225302105071893,0.00243527530348777,0.0864560038834233,0.778846918985974
"TCGA.B8.5551.01A",2.29599792960043e-07,3.66507751604634e-06,0.000104581071202367,2.37974244097963e-05,5.16068773150527e-05,1.05319629887073e-05,0.970721796754848,8.36207302288056e-05,7.23416178411163e-06,0.0289861043892389,5.3606748613841e-06,1.47127581397008e-06
"TCGA.AK.3440.01A",0.000250428932760862,9.48874719026188e-05,0.000147060912669296,0.0933290656225788,0.0132278908335546,2.48977774863108e-08,0.00156838462934771,9.75811180144791e-06,1.10846006887069e-07,0.000115201837646136,0.275360040222121,0.615897145681834
"TCGA.BP.5169.01A",0.149072626585612,0.018978317785241,0.0487987113759486,1.49322603272044e-06,0.104050085599356,0.000847702058183098,0.048825416618363,0.000103881973157369,2.85611791128935e-06,0.00141491882568932,3.7707555047365e-06,0.627900219079001
"TCGA.BP.4770.01A",0.000609073352704457,0.000943715531906103,1.4322614562192e-05,0.558903815153544,2.68824721313635e-07,0.334007254897124,0.100803932030631,0.000271073382688124,0.000815104940970481,0.00311734515651895,0.000513922415041032,1.71699588465608e-07
"TCGA.B4.5838.01A",3.04611830918434e-05,3.20222614018124e-05,1.73909418657252e-06,0.151430322767073,0.0771255866975529,0.00894667415448248,0.0084272408068431,9.04307311634352e-05,4.04720730581286e-05,0.00126840774876579,0.752606102294134,5.40188246536381e-07
"TCGA.B0.4815.01A",0.123421696591489,3.87712501299753e-06,0.369226761974816,2.20138325132772e-06,0.248305488329177,0.00662779098981805,0.186437131556424,6.13777726772593e-05,1.57674171240298e-07,0.0319989909483157,0.000125698181242844,0.033788827473605
"TCGA.B0.4838.01A",0.00630891823357889,8.83718370969517e-08,0.286743286446304,3.76345300986706e-06,0.10566946188316,1.50464566624817e-05,0.0344196154430233,0.000286841155910533,7.83975173554856e-06,0.00486258750072751,0.000222235560305006,0.561460315743746
"TCGA.BP.5177.01A",0.000735283642822915,1.0971088915179e-07,0.0316153434121861,0.0676438176316019,0.401260938347612,4.65830115024523e-08,0.00805819559176259,3.45398124948946e-05,6.38624005092401e-08,0.000255452767776916,0.377582147354463,0.112814061282979
"TCGA.CJ.4639.01A",0.000925129707862898,2.07233015071577e-05,0.131539442902861,0.503427145345217,0.0679762847944325,7.9487779570815e-08,0.0239654821932111,0.000255227943096701,3.18830058771828e-05,0.00947828260328737,0.262379341799957,9.76914911622343e-07
"TCGA.CZ.4865.01A",0.00702184455600763,0.00022151913730263,0.0803165813953677,2.3922173290243e-05,0.31562110251479,3.54952952951757e-08,0.0660192817855887,0.000163789686795758,1.60675967661807e-05,0.00660028364124588,5.803169757595e-05,0.523937540319974
"TCGA.BP.5180.01A",0.00261006813980619,0.00221542263781157,0.066128889114849,0.569841197633514,0.0383078490506898,1.21548589842054e-07,0.0413406021532058,0.000110832784686517,0.000484672385129148,0.000138015163865982,0.000843438656758119,0.277978890731094
"TCGA.DV.5567.01A",2.05463962124275e-07,9.11388308020932e-05,0.000408154097339532,0.25265089815537,0.0676568875693654,2.34617253169935e-05,0.00449781352898054,0.00032588009136813,2.5763590743951e-05,0.0004589015078959,0.654445965787004,0.0194149296518517
"TCGA.BP.4992.01A",0.00188585963336257,1.18261914648111e-07,0.0965587682780221,0.0454953906222452,0.0367995680161644,3.33472604293496e-06,0.0116462606626408,9.50944648586589e-05,0.00143362723712109,0.000664520108863526,1.83345031727237e-06,0.805415624538447
"TCGA.B2.5633.01A",0.00186114882074362,0.000425523942196103,0.0702752511771322,0.511420386783847,0.211999514014383,1.33198054661635e-06,0.0719124003711459,0.000811079371048757,1.30907984192159e-05,0.00133101337790315,6.70902193552525e-05,0.129882169143278
"TCGA.CJ.5675.01A",0.00259615870605986,1.18395630676813e-07,0.41878425014289,8.11607745324923e-06,0.0770095896308551,0.000138661809725223,0.1398284782621,0.000295600829696528,1.3191529277855e-06,0.0347550763482544,5.75139766117953e-05,0.326525116667795
"TCGA.B0.4701.01A",0.00418156991957761,2.06929812681377e-06,0.0948853511975707,0.628419074582303,0.103565482883124,3.7323087441673e-06,0.0338677629138684,0.000721496728049296,0.00540989284623581,1.63069190733835e-06,9.73595191346794e-06,0.128932200678579
"TCGA.BP.4784.01A",0.00715905809986492,0.00166531329821075,1.03623331340875e-05,0.286259660354848,0.355573265782748,0.00584219243251033,0.0101802220003365,0.00111806132519756,0.000140652550076479,0.00102144322852498,0.331028132213602,1.63638094661785e-06
"TCGA.B4.5843.01A",3.45344748695046e-06,1.97665139340279e-05,4.85174295888192e-05,0.114128001142408,0.0700280486914732,0.00148558184138136,0.00933178365520972,1.03728327238008e-05,1.23502649503876e-05,0.000663270125472174,0.804268845245595,8.80977653890304e-09
"TCGA.B0.5705.01A",0.000901347579260811,9.92664885945108e-07,0.0561279084480556,0.500924671977834,0.0303248482725146,1.40493220340123e-05,0.0330776757959259,0.000383185111799428,1.81911668730136e-06,0.00244409789870511,0.225386473772331,0.150412930039966
"TCGA.BP.4965.01A",2.93836964476121e-06,0.002424864078056,0.0056367446787717,0.554929668798854,0.222222599622352,1.28253193089329e-08,0.0306016612762917,0.000827736075260262,7.372653820556e-06,0.00140385030133038,0.181941501824609,1.04949569018123e-06
"TCGA.B0.5085.01A",6.58910280263106e-05,3.56754006050069e-06,0.0104406465986044,0.217998904139474,0.0316502411765251,5.01779899919145e-06,0.00522502466375681,0.00023425345809115,1.01366542979461e-07,0.00127914125911361,0.629128345523707,0.103968865447099
"TCGA.B0.5113.01A",0.00621983469444025,1.08841210573098e-05,0.0830148597631852,0.378491400169427,0.182335742867071,0.00169776937561552,0.0382198562521993,0.000887481492398466,0.000120557604384986,3.45293807117552e-06,1.3066632743555e-05,0.308985094089406
