"","cellFractions.B.Cells","cellFractions.CD4.T","cellFractions.CD8.T","cellFractions.DC","cellFractions.Endothelial.Cells","cellFractions.Fibroblasts","cellFractions.Macrophages","cellFractions.Mast.Cells","cellFractions.Monocytes","cellFractions.NK","cellFractions.Neutrophils","cellFractions.otherCells"
"TCGA.BQ.7044.01A",0.000774908053313118,1.10824778208418e-09,6.27880399088697e-06,0.0923149250746684,0.00225354518837344,6.77018932327036e-05,0.00196953034077693,7.92230249219724e-06,1.54074439197225e-08,0.000194618412104405,0.902409887923178,6.65492177843849e-07
"TCGA.SX.A7SR.01A",1.49849218000271e-06,2.47725485944061e-06,3.5912196047391e-05,0.385799590619813,0.00608416638488674,7.05969680394701e-06,0.00695533054322565,0.00183833247673312,0.000173069478507328,0.000323228118513927,0.59877850881213,8.25926299563003e-07
"TCGA.MH.A854.01A",3.43364492756534e-05,0.00364451754914793,0.00303957758971491,0.344249078141601,0.0592703898820156,3.92275820227873e-06,0.00320354305918178,0.000333634858930364,1.79144558451772e-06,9.88649170539347e-05,0.586119244362317,1.09898697501435e-06
"TCGA.B3.8121.01A",2.69877790085726e-06,1.70027451917211e-05,1.07964693127538e-06,0.339507084709032,0.0589139795896956,0.0023960359220421,0.0569267395003466,0.000559475103090479,1.0675245113157e-05,0.0034987482948621,0.538165736239282,7.44226512217619e-07
"TCGA.2Z.A9JJ.01A",5.48989136299757e-06,0.000610501719849856,0.000108534345232987,0.0991072577932121,0.0416679966430716,0.00469793865272778,0.0155365046165878,0.000236265333470216,1.97483426365022e-06,1.34126307937656e-06,0.838026193758723,1.14841832787032e-09
"TCGA.B1.7332.01A",5.97333002536761e-08,5.90157720000445e-07,5.72574721196539e-08,0.305591035379541,0.0241127399473456,0.00163398632890313,0.010028461479316,0.000312400248692111,1.77225022530573e-07,0.000231726954576948,0.658088731267401,3.40207099917239e-08
"TCGA.WN.A9G9.01A",0.000101366967209734,0.137522859618303,0.568955666761389,9.88527870566056e-06,1.20715401300117e-05,1.28741028978306e-05,0.185590734538371,1.36500965707157e-05,1.13265687343462e-05,0.107726385415141,3.67519429751508e-05,6.42716957301602e-06
"TCGA.A4.8310.01A",1.79857771133904e-07,2.25353080705367e-08,7.87891979294764e-07,0.235257070542253,0.00834849336687337,0.00123716763943811,0.0133779182114888,2.71910143193312e-06,8.24640881999383e-09,2.54590979537614e-07,0.741774824151761,5.53864307050283e-07
"TCGA.2Z.A9JT.01A",0.000569075526887611,0.0103169631805154,0.0244476222677287,0.0769517482716125,0.0259365529830908,0.000784987387442125,0.0479431149335756,0.000735727018818658,0.001868627890883,0.00140514929462588,9.31738582801977e-07,0.809039499506237
"TCGA.5P.A9K2.01A",0.000234344460328025,0.000401166515568175,0.000175891781730684,0.119659722768029,0.0068594683113938,8.48202052879246e-06,0.00153796561147837,0.000251342181291889,7.19541865798209e-10,4.16597980479e-05,0.537895289420074,0.332934666411987
"TCGA.4A.A93W.01A",4.40964603137972e-05,9.67290623304657e-06,1.38570868869825e-06,0.416909096415851,0.0144778955675823,0.00473024741600024,0.0051375264420658,0.000220157256823843,4.40149722073374e-07,0.000398685373532463,0.558070321343661,4.74959525088253e-07
"TCGA.DW.7837.01A",8.93082683244803e-09,0.00306898823928205,0.00229249329622254,0.214551563565913,0.0194791546981833,0.00108828435605777,0.00863303508145832,0.000958696796886697,4.74151777158154e-11,0.000223323801304208,0.749704433305927,1.78805228792833e-08
"TCGA.A4.A5DU.01A",1.02991160246092e-05,0.000823218712756014,0.000349693415364088,0.204108854481286,0.00817184308323057,3.06704643922359e-06,0.00346558397963488,1.0693425012213e-05,1.20505801014043e-07,0.000126842022998421,0.782929636136564,1.48074889612289e-07
"TCGA.2Z.A9JI.01A",0.0333795717372275,0.00191192750842282,0.030103380695104,0.287739556880798,0.07541154627495,0.000157570736189705,0.039062523235426,0.000103844443956931,3.02694466850027e-08,0.00172711311940805,0.32646165328183,0.203941281817241
"TCGA.BQ.7050.01A",2.78333495194841e-06,9.40240519023993e-07,7.26102037473317e-07,0.824203830801482,0.0830920544546102,0.000121154721727724,0.0124811323266203,5.76616798140318e-06,9.92758063536247e-06,0.000479062219098415,0.0796003961526496,2.22589768639366e-06
"TCGA.BQ.5894.01A",0.011384057954806,0.0221699885260623,0.0298470113147694,0.11726006771579,0.316692931980624,0.0107265524484539,0.0782187708757046,0.00184357171215403,3.518118933565e-07,0.0069968361352033,0.000922425931876081,0.403937433592663
"TCGA.BQ.5879.01A",1.30455116180427e-05,0.000147977192225053,0.00845945974116763,0.244911625315724,0.0360138172166359,0.00500398093770302,0.0145558162870501,0.00200685078404945,0.000895414666510611,3.86772177970899e-05,0.687953334676434,4.53084803564266e-10
"TCGA.AL.3472.01A",0.000449097539763698,0.00101307002156557,0.00223650952020449,0.222038548567129,0.0123353143077428,0.00301651468840598,0.000198080420381441,0.000340985568883106,2.97947319427358e-08,3.95090848127747e-05,0.757951326360486,0.000381014125893078
"TCGA.MH.A560.01A",1.85911423058444e-07,3.80573105082496e-07,7.15407531630161e-07,0.315967324981647,0.00867415653524973,0.00039615961624227,0.00165717587565295,8.31696692854748e-06,1.54296669927647e-08,1.25444065830002e-07,0.673295431704229,1.15542573130997e-08
"TCGA.BQ.5891.01A",9.23423231258886e-09,1.75193263603997e-07,4.29993705670266e-07,0.223412287180658,0.0122782420258258,0.000112260819704833,0.00614964119021851,1.05296962993355e-08,2.25401006237039e-07,6.5194908946686e-06,0.758040140352455,5.85883387432984e-08
"TCGA.B9.A5W7.01A",1.62425283261184e-05,1.82353380051029e-06,6.94203761242473e-07,0.372829271317966,0.00331638798892085,0.000310501827205275,0.00765666299796861,0.00135438333949666,2.69342233828701e-07,0.000240683055040743,0.614272732736473,3.47128806793475e-07
"TCGA.UZ.A9PR.01A",1.71946333357522e-07,5.85477165374685e-09,1.64956965604739e-08,0.159603605173694,0.00328084797832791,0.000957281558263668,0.0107378919019531,0.000169097640304866,3.16626325452046e-09,8.23244850608328e-07,0.825250184121289,7.09182525093351e-08
"TCGA.B9.A69E.01A",0.00131851139793592,1.53261573079669e-06,0.032486287663677,0.538534234997603,0.0583722446676145,1.21013383821576e-06,0.0487500057429369,9.0442166204191e-05,0.000119821292143529,0.00161274578145751,0.143993278566256,0.174719684974603
"TCGA.B3.4104.01A",1.25803801443698e-05,0.00740525227060917,1.47931459999593e-05,0.185649935424797,0.0528724121074189,0.00435925069711661,0.00204329856158155,0.000123419297745031,4.04426313751682e-10,1.82627112560137e-05,0.509531964803723,0.237968830195182
"TCGA.SX.A71R.01A",2.4845969493465e-08,0.000181717972158402,0.000943409008317254,0.1557894885395,0.00858276347713424,3.07563959876059e-05,0.000411342305491038,0.000244698045956382,1.62055530671207e-08,0.000217434995203264,0.638913476391436,0.194684871817293
"TCGA.MH.A55Z.01A",0.000189323403416784,0.000148016397309255,0.00650724920521871,0.234517147933387,0.00787900179706797,1.96153044117216e-05,0.00677108286640855,0.000171524727584866,6.13309919015498e-09,0.000439263411729284,0.697503214852754,0.0458545539676127
"TCGA.UZ.A9PO.01A",0.000913157854065821,0.000266798411323082,1.11839459421884e-06,0.312664584168056,0.00378421433887418,9.54645563769846e-05,0.0193731757241829,1.39720367084218e-06,0.000798885319851904,3.53063518125893e-06,0.662097458703579,2.14690244256943e-07
"TCGA.G7.7501.01A",4.98537685713124e-05,1.36681609724951e-05,0.00524010773969115,0.258737463481484,0.0253503567178308,6.60021262068561e-05,0.0126055011430679,1.79347487207569e-07,1.12263156231846e-06,0.000490292031393554,0.697439031153642,6.42169808964301e-06
"TCGA.DW.7836.01A",9.24421833863215e-06,4.41767840219838e-06,7.78976519356418e-07,0.570281724943648,0.121338853959442,0.00223365576472568,0.00619988933985336,0.000432567452003136,8.51132631441368e-08,2.37146407342422e-06,0.299496320838144,9.02515875424219e-08
"TCGA.HE.A5NI.01A",1.89296310460253e-07,0.00134744259654898,0.000852222762117637,0.208198769602457,0.0132841832507699,0.000226117237031063,0.00289978897580554,0.00124295725751538,1.61904870495109e-08,0.000218901866841937,0.63475227600721,0.136977134956906
"TCGA.G7.A8LE.01A",1.37912386325661e-07,9.69046574837587e-08,2.98473225382575e-07,0.314900364072387,0.0835392234152194,0.0149914780365253,0.00678872457108618,0.000321773032315135,3.12799331632446e-08,5.30711656626469e-05,0.579403890510786,9.1062581546877e-07
"TCGA.Y8.A895.01A",2.88448611535487e-09,1.2550176637466e-07,7.74979362149742e-08,0.142177441835739,0.0031772137089918,2.7013565516612e-05,0.00111081445623468,0.000248174321693297,1.44006157082882e-09,9.63720083351173e-05,0.853162761489477,1.28976227935528e-09
"TCGA.UZ.A9PQ.01A",5.49548079175577e-05,1.56068594293995e-05,3.69290578752078e-07,0.190345236676078,0.0286725252683294,1.98617920433645e-08,3.02316808387241e-08,3.37746545905823e-05,2.65121350325811e-08,0.000128084209108114,0.766994980792492,0.0137543908358683
"TCGA.BQ.5884.01A",1.81200778308729e-08,2.0691080578365e-06,3.01583096426045e-06,0.553307263445505,0.0119216972083896,0.00370017820765472,0.0609399454342544,1.27893442884769e-07,2.21417237768878e-08,2.92710445516033e-08,0.370125592920528,4.0418357608324e-08
"TCGA.BQ.5893.01A",0.000298766839945466,0.000400954728477656,0.000203702408032177,0.218331254873499,0.0251085653281593,0.0034222147013971,0.00143633873839594,0.000262701204391515,1.09851719380683e-10,0.000766485160633637,0.749768499266267,5.16640949911494e-07
"TCGA.UZ.A9PV.01A",3.7654214469819e-07,7.46837672550145e-08,2.18532369776491e-07,0.597437026594998,0.0135606063818516,2.67542616887953e-06,0.0019346243599798,6.13410561383327e-05,5.74273826840668e-06,2.4552999190211e-06,0.3869947073086,1.51075794065912e-07
"TCGA.B9.4113.01A",2.98907169605192e-06,0.00131333417024625,1.23643389591876e-05,0.16899563130551,0.00888385282251222,0.000994729391864356,0.012871861503087,0.0010242138257136,3.00498159428800e-09,0.000621497280384397,0.805278911111629,6.12173416638215e-07
"TCGA.B3.3926.01A",0.000502151764231035,0.00279121750725029,0.00569487917884756,0.254014490819973,0.0425928021181935,0.00121421389548212,0.00688946118743437,0.000123396808969739,2.12669627276303e-08,0.000327168204921935,0.425225836486729,0.260624360761004
"TCGA.2Z.A9J3.01A",0.000113333230369508,0.000286561301549275,0.000285073224030689,0.135476544083931,0.00584244655785037,0.000482977636615852,1.92285773961817e-08,9.13689597011381e-05,3.4781847795401e-08,0.00017023964768014,0.496687417416093,0.360563983931754
"TCGA.Y8.A8RZ.01A",0.00010838439118153,0.000113895914045045,0.000877739273048544,0.263864297184046,0.00667513427498013,9.32156796869204e-05,0.00878174761356703,2.23913544836721e-09,1.86255927503758e-09,1.75202946501537e-05,0.503076669522296,0.216391391750804
"TCGA.AT.A5NU.01A",0.00168385541488682,0.000131249962093513,0.001922665804827,0.206489457703376,0.0269688240380737,0.00228370075516393,0.000874972519592979,0.000151739910360463,1.89950392204059e-08,7.29102874917027e-09,0.708753458113278,0.0507400494922792
"TCGA.G7.6792.01A",3.81189621631033e-07,7.35556427755839e-07,2.19420495302565e-06,0.324008687070183,0.0016435683398282,0.00188315403416792,0.00507394662682968,0.000581824660142241,1.79571809618869e-07,0.00139441130761288,0.665410772913521,1.44524903167645e-07
"TCGA.5P.A9KC.01A",1.04134986428793e-05,0.00708571531114371,3.95610136905428e-07,0.321381406558031,0.0412925928860161,4.46552579430717e-05,0.0622896865653068,3.98056867235024e-06,1.15980630420516e-05,6.2346832775124e-06,0.56787115545677,2.16554101844853e-06
"TCGA.Y8.A8S0.01A",9.46542548824292e-07,3.69875483673267e-08,3.0379345122329e-06,0.231488083418226,0.0134080693889574,0.00123390087223642,0.00588084217953005,0.000279862639496788,5.30863072952433e-09,6.85004493883326e-08,0.747704588344683,5.57883179942241e-07
"TCGA.B1.A655.01A",2.55491728576101e-08,7.94309983872314e-07,1.78320166251071e-07,0.0498352754779864,0.00143693831291828,6.69433957126843e-05,0.012354545953685,1.10621833494601e-07,5.89088360449039e-07,2.90980424186465e-08,0.936304353827399,2.16044739455696e-07
"TCGA.J7.8537.01A",0.0213942123962671,1.99298981376209e-06,0.142321140207917,0.06568640940156,0.063850662487784,0.00841428064281606,0.0659396266611947,7.11196735010013e-05,8.07928807691876e-06,0.00620336439089991,3.10792424778199e-06,0.626106003935922
"TCGA.KV.A6GD.01A",0.00108505116867698,2.58797873992241e-07,2.48617896990732e-06,0.0968015439343623,0.46672337768047,4.72422396973233e-07,0.0837313087710162,0.000117458667078256,1.43286775605081e-07,0.00195066397109264,0.349585852167777,1.38295350990601e-06
"TCGA.G7.A4TM.01A",0.00622380516493354,0.00136127523946006,0.010148071598435,0.392299089303682,0.0396658210876631,0.00480908516949123,0.0153823341755286,0.00224236640384548,3.83934327935629e-08,2.52378851186762e-07,0.454168532107955,0.0736993289767213
"TCGA.G7.6790.01A",2.22641702770131e-06,1.4375985693805e-06,8.45221815409387e-07,0.191299190773992,0.00782786435697922,0.00029735431237085,0.00561145103210476,9.15010885908502e-06,1.26712898949047e-05,0.000118736045985636,0.794818845708942,2.27133458595867e-07
"TCGA.A4.8515.01A",8.47528940986916e-08,1.51318293422178e-07,5.34807881072892e-07,0.373936623766072,0.0101259701185293,9.21166360139519e-05,0.00400199101695521,2.0816628671947e-06,6.67172861891518e-08,5.74314410373373e-05,0.611782881774589,6.59875819701156e-08
"TCGA.BQ.7049.01A",0.078506127887035,6.31637939361833e-06,2.13311923038308e-10,0.372178035304426,0.102335437052012,0.022773176214861,0.0159577085863173,0.000798349677867324,0.000125473806917629,0.000357025199276609,0.406962250647026,9.90315561686307e-08
"TCGA.SX.A7SL.01A",0.000255194616849824,0.00031927001257587,0.000348464499652951,0.161786453188124,0.0181448799195919,3.08951083691864e-08,4.66984048020612e-07,0.000536031808623352,2.44594267325881e-08,0.000204875901600346,0.761335100584155,0.0570692071302435
"TCGA.A4.7734.01A",3.50386421937175e-05,1.2564706785216e-06,6.07904734665153e-08,0.23935138680777,0.0364570424841872,0.00819414443879679,0.0128463815906542,0.000122004395118592,3.88354690248947e-07,6.5984004553138e-05,0.702925864697701,4.47323182393175e-07
"TCGA.BQ.7053.01A",0.000327314628669682,0.000766497219138715,5.68463638451393e-07,0.672299930586662,0.0282619426126019,0.004250939899058,0.0101074617904967,1.18320548133576e-06,0.00717527927462652,0.000834482190188677,0.275973954116394,4.46013043938075e-07
"TCGA.G7.6797.01A",3.22000585313277e-06,1.96919912896686e-07,3.82173316958079e-06,0.30110834290981,0.015990256068903,0.000416805539902569,0.00265086416995342,0.000474498132193021,3.33285929372911e-06,8.01972082354718e-05,0.679267937998024,5.26454749056381e-07
"TCGA.IZ.8196.01A",6.80844927484005e-05,0.000118963535532892,2.84360086026226e-05,0.298015654118186,0.0316593471865379,0.00139755558039174,0.00454785846645547,0.000261468910488253,1.39620093672729e-05,0.000209230074741776,0.663673724902168,5.71471477930922e-06
"TCGA.P4.A5EB.01A",1.19763661097598e-05,8.55328723851234e-07,8.26550477350684e-07,0.48247397979565,0.00803748929005082,3.68032716648159e-05,0.011103065675127,8.48130272645935e-07,5.04416247744634e-06,1.3633911039712e-08,0.498328931579875,1.66215659947312e-07
"TCGA.BQ.7058.01A",1.17068050249044e-08,3.74429053357999e-09,5.39513293701808e-09,0.411871695846033,0.0070647842357525,5.19596467948919e-05,0.00264424326917072,6.31761180948141e-08,1.71691979220583e-08,4.46862317395172e-06,0.578362681298331,6.58891995075499e-08
"TCGA.B9.A8YI.01A",8.98752373096643e-11,3.65045881991575e-08,4.94121706349166e-09,0.27185430099962,0.000551817198105131,3.34591516857689e-05,0.00430473606183104,3.09823129147557e-09,2.18372629506574e-08,2.67044151083407e-06,0.723252921989132,2.76869404420267e-08
"TCGA.HE.7128.01A",4.61106425375068e-06,0.000614670451044099,3.67851426708185e-06,0.267526810904334,0.00696492504215652,0.00179276199815695,0.0642006995185245,0.000663597202112276,7.96258447782754e-08,0.00112039512142148,0.657106576450461,1.19410742384765e-06
"TCGA.4A.A93Y.01A",0.00389083587541017,2.64519556971851e-05,1.33890876425764e-05,0.000161767390131482,0.642055539302215,0.0154758720525569,0.322783235723428,0.000289777402419875,0.00017462979351423,0.0151110125351511,1.53403547983091e-05,2.14852703462242e-06
"TCGA.HE.A5NF.01A",5.71052002734527e-07,0.000222666157486991,0.000234698040891724,0.653726347379901,0.0185660200710677,0.00205185111780077,0.0636920827747754,4.68875897759175e-05,7.31540140837148e-07,0.000748335475164126,0.260708477874995,1.33092599798925e-06
"TCGA.B1.A654.01A",0.00300957521917464,0.00261332347065168,0.00146393034331019,0.116593031005741,0.0296324362886611,0.00251408960894148,0.0110437834375228,0.000562634279805072,1.00530644803638e-09,0.000104642327231947,0.832461278132073,1.27488158124007e-06
"TCGA.DW.7834.01A",4.0013705419324e-07,8.27747525698984e-05,3.81915036425959e-09,0.690271758385602,0.0565374758554536,0.0102002814402724,0.0195896610468046,0.00131994758812142,0.000187081243803057,0.000455820896247372,0.221354752952593,4.18823288569152e-08
"TCGA.A4.8516.01A",2.06054733166622e-07,1.10590272996955e-06,8.35539058382944e-07,0.248753720617923,0.00299887698834906,3.37613495408136e-05,0.00695030987396461,0.000120969328136678,3.02881342193545e-07,0.000305832928819698,0.74083407818872,3.46681902795956e-10
"TCGA.P4.A5E7.01A",9.50822654130014e-07,0.00217114396593249,3.19853108256696e-08,0.331445430952999,0.0204604238475758,0.00583648740096699,0.00569593399089504,0.000401235428416162,1.60486660732191e-10,0.000253953841921933,0.633733459216507,9.48386334200519e-07
"TCGA.IA.A83T.01A",0.00240744645832483,9.03279205627775e-05,0.0589932216547703,0.111916529371683,0.0343868932520844,0.00118259545506241,0.251570794098304,0.00114652308407699,1.29249899985404e-06,0.000766590618895717,0.000933509419914915,0.536604276167321
"TCGA.G7.A8LC.01A",0.00043003039026067,0.00398033913081946,0.000981853693578209,0.0819158806960627,0.0393426779116534,1.59153229531687e-09,0.00221166868474317,0.00019925029489146,5.86312000887317e-08,0.00118291420508026,0.297678015584924,0.572077309185254
"TCGA.P4.AAVO.01A",1.11728671815048e-06,3.31547201937659e-06,8.43982664584643e-07,0.278210195361827,0.00187245408091271,0.000316348946739833,0.00402733687331013,2.62028332961258e-06,1.81318688500782e-06,3.29670424273958e-07,0.715563492569003,1.32286166362493e-07
"TCGA.A4.8311.01A",0.000273145779005302,0.000342804583918722,0.00128651780461023,0.178898946640212,0.00878390454999895,0.000285884260565086,0.000101338364846423,0.000183305413451959,5.86254107432321e-10,2.3426182860152e-05,0.645947348711127,0.16387337712315
"TCGA.Y8.A8RY.01A",0.000143115398154179,0.000837437351744153,0.011250851395452,0.315411688288874,0.0124795462541156,0.00150689089929809,0.0120399563442002,0.00191034764152873,8.71465599614247e-09,0.000455432759673544,0.620864312629752,0.0231004123225513
"TCGA.A4.A57E.01A",0.000492966482994833,0.000516768112997036,0.00067872516899865,0.277071263563214,0.0191624585015245,2.89795611788594e-06,0.00533672356202104,3.88945087064744e-06,2.55664583055636e-06,0.000162424555696482,0.696567595468168,1.73053156651596e-06
"TCGA.PJ.A5Z8.01A",0.00304606482165898,0.0028627558721572,0.0403825055991014,0.261465638946477,0.0331986022760071,0.00759292224548843,0.0300225697747036,1.66105863157172e-05,4.60389161491504e-08,0.00372211048837277,0.617683228544297,6.94480650465598e-06
"TCGA.KV.A74V.01A",6.05832225875859e-08,2.71192775757158e-07,1.27007819320006e-06,0.296689541188143,0.00960476774351029,0.000259539325121392,0.00449185691990969,0.000228929146290596,1.37414998063141e-07,0.000360223872929764,0.688363326975883,7.55590224905108e-08
"TCGA.2Z.A9JL.01A",0.00875492122276247,0.000979368957785423,1.87030253117179e-08,0.130705437291626,0.00782518363839708,0.00260495156833742,0.00924841439086014,0.000505955155807094,6.36704761467894e-10,0.000158602403863264,0.839217135123013,1.09078178635175e-08
"TCGA.DW.7963.01B",3.72643525954434e-06,0.000320373340277547,3.79753264214588e-07,0.250035064335785,0.00328808425924169,2.24773797033918e-05,0.00188425714986634,5.42048370728787e-05,4.08432584252374e-08,0.000139915314613968,0.744251434844994,4.15066634307065e-08
"TCGA.B1.A47N.01A",0.000432320559202646,0.0142773373382826,0.000908740450436555,0.0960198627818561,0.0292536292783996,0.00359929407395029,0.00690039848023258,0.000763538545985674,1.66076496171827e-09,0.000232127185915777,0.321416627090946,0.526196122554027
"TCGA.5P.A9KH.01A",5.64091288631312e-05,3.04391752767657e-07,0.00280037382421607,0.192328443401054,0.00810337771436471,4.63413392202131e-08,0.00397322092606844,3.52961144184706e-05,3.36157966492568e-08,2.03580260539343e-05,0.604969321022572,0.1877128154935
"TCGA.EV.5902.01A",4.11121762522465e-07,2.35766739317561e-06,1.80203438474114e-07,0.552088013396023,0.035569942838258,1.68475345918885e-07,0.000193080756974645,3.76914210319093e-05,4.25281274899556e-07,2.11898492552213e-08,0.412107586487167,1.2116148088499e-07
"TCGA.F9.A4JJ.01A",0.00174466964734755,0.000944418936722676,3.30268571228785e-05,0.307216302489685,0.0119279613705304,0.00256421309680128,0.00664304988550142,0.00145910790584439,1.01596539515294e-06,0.0036786916336066,0.663787541605882,6.05560430560721e-10
"TCGA.Y8.A8S1.01A",0.00088609156509817,0.000247093791459877,1.81761985901098e-05,0.467573148421653,0.200511088600439,0.00128316860104794,0.319979527523133,0.000340615754578744,3.15221638540906e-06,0.00166235001430131,0.00749354814298874,2.03917032432233e-06
"TCGA.GL.A9DC.01A",8.8166651085707e-08,1.08169522334885e-08,4.45170813256876e-08,0.281668113821435,0.00446273020292571,0.0003629854370868,0.00816801557950308,0.00145874758964106,1.28382448252344e-09,3.51136436658778e-05,0.703844141799658,7.14157583332021e-09
"TCGA.BQ.5889.01A",0.0298225113982808,0.0528393340809636,0.020530310328166,1.6770194941125e-06,0.285723163088261,0.0261679950522006,0.059592518084549,0.000821031239611911,1.63812879451629e-07,0.00773560066829825,5.71627474083019e-05,0.516708532479887
"TCGA.BQ.5882.01A",1.85078455999637e-06,5.56822721017062e-06,1.16822331471264e-05,0.284620528889307,0.0713533541831139,0.00022061838622139,0.0202361721449625,1.1347419347562e-05,1.89883732630771e-05,0.00595069685368255,0.617568875507244,3.16997940643171e-07
"TCGA.A4.7997.01A",1.88958102819724e-06,6.05385656049978e-05,3.59129328982841e-08,0.265199416369798,0.00149773685891692,0.00386192875817722,0.0217940091352026,0.000494233671194723,3.06932355479991e-05,0.000203922414744632,0.70685552084615,7.46507022728522e-08
"TCGA.IA.A40U.01A",5.52767095799849e-06,0.00481209369096973,7.08250747421529e-06,0.252322583242308,0.0168730233109478,0.000117524618437008,0.00673288709522457,0.00123694875816323,1.43582841252739e-12,0.000533419603314506,0.717358892948934,1.65518332659333e-08
"TCGA.DW.7838.01A",4.23109552436983e-07,0.000101657226477699,2.36094272667603e-07,0.410639694148155,0.0125237544489759,0.00963353170662788,0.0469596712250494,0.0002369282128252,0.00335186166964226,5.5344236300984e-05,0.516496844563144,5.33589765406175e-08
"TCGA.HE.7129.01A",1.3701639693748e-07,4.12309695055971e-08,3.12582971021528e-07,0.3814613489565,0.00779904850035562,4.69184094999847e-07,0.000972490878416816,0.00100547409762078,8.36667301588183e-08,7.04768311851055e-05,0.608689966258406,1.50796352942666e-07
"TCGA.BQ.5887.01A",7.4176976252787e-05,5.29426603242388e-05,2.63478172616254e-05,0.250029419820885,0.557799327406021,0.000562352418334883,0.0558575010867354,0.000136666961114283,0.00163003515266591,9.23867577800322e-05,0.133731150856567,7.6920860576965e-06
"TCGA.P4.A5EA.01A",0.084794541709673,0.0427691507830833,0.0829197119446757,0.176880825670586,0.0697043543382828,0.0101367568933033,0.0224823745404743,0.0020698885794474,4.24540742921818e-06,0.00225936691019594,0.505976442083397,2.34113945206189e-06
"TCGA.UZ.A9PL.01A",1.04741104493697e-06,2.90401343287263e-06,4.15192244845664e-08,0.280634458947688,0.0197551843996131,2.81723511028821e-08,0.00131210731807442,0.000163767505132128,6.22718696413639e-09,0.000264023781734331,0.69786552130818,9.09396336967906e-07
"TCGA.HE.A5NL.01A",0.000142772888820628,0.00295678341150748,0.00974012986326679,0.348569318668516,0.00582448608064957,0.00061497275356972,0.0110258070324978,0.000350889471811227,4.11981752929962e-10,0.000355951459233051,0.620277443604707,0.000141444353438256
"TCGA.J7.A8I2.01A",0.000127997043186777,0.00390538183999876,4.55315291400078e-07,0.0716503820914537,0.0263087498227783,0.000992388226162561,2.38929801886879e-07,4.682748669934e-06,2.09553861723353e-07,0.000262304348632349,0.288062076682109,0.608685133398054
"TCGA.G7.6793.01A",1.59387644678356e-06,2.58153212529665e-07,1.8265594330974e-05,0.287368257050996,0.244487654088852,0.00207480176911747,0.0275539796038446,0.00109852774398958,1.02851856592318e-05,0.000313481160147655,0.437072347474485,5.48298917560166e-07
"TCGA.UZ.A9PK.01A",1.08845125907181e-08,1.11004064032127e-08,4.47074222287692e-11,0.160986108996994,0.00783091688178211,0.000806460881783917,0.0084919998303093,0.000310242507600531,4.58495366122265e-09,4.47065414720742e-05,0.821529529255055,8.49042237441724e-09
"TCGA.GL.6846.01A",5.97854040655173e-09,7.13420414469604e-09,2.06575196967815e-07,0.382668723087946,0.00965713789093386,0.00281198003711054,0.00386450120165009,4.7570004336659e-05,3.85034697740468e-10,1.9433321554644e-06,0.600947923412829,9.60061887313312e-10
"TCGA.5P.A9JW.01A",5.513059000386e-09,2.58785002780769e-09,1.68665013504157e-07,0.16604293272156,0.000322784086930543,0.000184889319828662,0.00841836534118759,1.4664457945487e-07,8.43060826711014e-10,0.000101591965718098,0.824929100563048,1.17481643705754e-08
"TCGA.DW.7842.01A",2.70646693632985e-08,1.02440913264962e-09,1.03174350273739e-08,0.337549146785266,0.0122870305491772,0.00229316375153754,0.00393415474962935,0.000296055164545225,2.87853620461001e-07,2.82665911568688e-07,0.643639683866762,1.56207037438444e-07
"TCGA.UZ.A9Q0.01A",0.000257992430261066,0.000294186843488967,0.00068112589174652,0.171512029719812,0.00626495318051648,3.53514527054144e-05,0.000708543231191943,0.000308775527409535,3.06020921118094e-09,4.76416618929412e-05,0.629883821621051,0.190005575379715
"TCGA.UZ.A9PN.01A",1.71373965112557e-07,0.00646026865377585,4.52742335543961e-06,0.308025541189907,0.224748255855818,0.0106434551142979,0.0129168426536517,0.000276981635477482,3.24726422835613e-07,0.00067953240257148,0.436243957908205,1.41062552538725e-07
"TCGA.5P.A9JY.01A",0.000135013158939755,0.000714226096881951,0.000930277239166665,0.269394431635467,0.0101585565976295,3.69832694503627e-07,0.00282147605339557,3.87420021407331e-05,2.55057639413078e-08,0.000739312368534015,0.715067561529112,7.98027440253666e-09
"TCGA.P4.A5E6.01A",2.407831143985e-07,0.00189822953584951,1.76087214684492e-07,0.298029432484413,0.013038145255923,0.000730582524610394,0.00709930869186591,0.000279497538452717,3.13177369151591e-07,0.000864717252200667,0.678059160481501,1.9618748549948e-07
"TCGA.2Z.A9JO.01A",1.33515337414485e-07,2.79469234178341e-05,1.3222110395214e-06,0.164918556796666,0.0354465457326298,6.44237344162346e-07,0.00563936496459626,2.98938848838976e-05,1.91018217718728e-07,2.9887610012142e-05,0.793905507165692,5.94016367522251e-09
"TCGA.5P.A9K4.01A",7.02452740202643e-06,5.00685530753118e-08,4.47445755812217e-06,0.233438716358747,0.0058960893774534,0.000611445552763908,0.00570746305128412,0.000124643974826442,3.25962383298668e-08,9.23351423781473e-07,0.754208778870289,3.57813461484161e-07
"TCGA.UN.AAZ9.01A",5.76240212187631e-08,0.00014259747435851,0.00373112170265689,0.19541887732039,0.0476728837763403,2.27686142689249e-08,3.20359906306005e-06,0.000496659715280352,8.19431501565502e-08,0.000499273949370729,0.731475524227521,0.0205596958992335
"TCGA.SX.A71W.01A",4.44811292287797e-07,4.49643219885926e-05,0.000150989359857937,0.221967114718107,0.0229265675226251,0.000382847821227376,0.0038151872218743,0.000696917151860229,3.86657927340178e-10,0.000451870377747037,0.749563038190188,5.81165743653176e-08
"TCGA.MH.A855.01A",1.51113478926932e-08,0.00324024621304524,0.000108006967799531,0.264559262581944,0.0168041324332018,0.000225377285862426,0.0159901629539848,3.96371782324684e-05,3.3282429676043e-08,0.00119041344026936,0.697842693272933,1.92789504181332e-08
"TCGA.B1.A47M.01A",5.17239815170954e-07,0.00149925144640776,1.236363443829e-05,0.201193760413553,0.023725931554451,0.000258626537438971,0.00437573812065234,0.000184941557983735,1.72085217684205e-08,0.000631507966493672,0.768117190546642,1.53773602250325e-07
"TCGA.DZ.6133.01A",6.01188422167119e-07,9.21538463402558e-07,1.69575192235588e-07,0.307263518369659,0.0272174690208129,7.79131644431929e-05,0.00485738100199625,6.61109543274774e-05,1.87693434876723e-07,2.22974653446237e-06,0.66051349748331,2.63404797440694e-10
"TCGA.DW.7839.01A",8.55473024689255e-08,3.68763462068764e-07,1.10912277123567e-07,0.282358126588174,0.0239439915191864,0.000130061524365578,0.000895949475418858,9.29114784762705e-05,2.27701637301048e-09,1.78044007909019e-07,0.692578173904464,3.9965849021385e-08
"TCGA.5P.A9KF.01A",2.09697032475163e-07,9.00707444947488e-07,7.72891291564362e-08,0.165612529885964,0.0150360586996477,0.00148419812438366,0.0102900059091784,0.000155976548764265,1.02559972698975e-06,6.89685593776375e-09,0.807418902186499,1.08455373772658e-07
"TCGA.SX.A7SP.01A",5.89214168315328e-08,2.19494229417945e-05,1.76536270968442e-08,0.316926178407866,0.00699711812944371,0.000944233292909708,0.0196794722747264,0.000329824030661586,1.85186549187988e-08,0.000694440125275131,0.654406022209102,6.67013374895482e-07
"TCGA.G7.6795.01A",6.21312463732199e-06,4.84190329276331e-08,0.00269822016976106,0.192053476006987,0.015568504413368,3.63240328843377e-05,0.00159470300527609,0.000144772217897029,3.99306588255109e-08,0.00105626846799891,0.616336400079074,0.170505030132425
"TCGA.A4.A772.01A",1.20354794579212e-08,1.37481924443601e-06,3.70042021382701e-09,0.229447690250463,0.00314941743180792,0.00210222032831352,0.0158057107260824,0.000632095066182854,1.51850030788476e-08,0.000219101040908916,0.748642202181568,1.57234526456772e-07
"TCGA.BQ.5890.01A",2.19357315015885e-08,2.21235150381577e-07,3.3493655381422e-06,0.260766504873679,0.00200666159972581,3.6662466421918e-06,0.00750135211277936,9.41089044669608e-08,5.48500392351138e-07,0.000530023245367671,0.729187186207822,3.70568266807931e-07
"TCGA.B9.7268.01A",3.47281677696221e-08,7.1378507794896e-08,1.73276811768445e-06,0.437664900758763,0.015040353661851,5.68068027277413e-07,0.00351478711261698,3.04046240342661e-05,1.34350659217495e-07,1.38444204483532e-06,0.543745219645231,4.08461978665226e-07
"TCGA.AL.3466.01A",0.00103592790010781,0.00160472928572113,0.00404628222179617,0.183993436476395,0.0175496229083254,0.0029563347526922,2.01658718291599e-09,5.14620351826156e-06,4.92644835276522e-09,0.000195844358160362,0.518542897984698,0.27006977096555
"TCGA.GL.8500.01A",1.86619851917837e-07,2.70532263251007e-08,4.06504014484563e-08,0.266420372299573,0.00628700781208362,3.84802080024868e-05,0.000816731075919797,0.000118863125428157,1.34718009117771e-08,0.000242777223384113,0.726075242794822,2.57665506001377e-07
"TCGA.A4.8517.01A",8.80530260173266e-07,8.30446758048957e-10,1.40933238392558e-08,0.261230601756462,0.00198607839211068,0.000150995593979385,0.00668325035149847,9.59630139577693e-05,1.5055403800066e-07,5.38449328833044e-05,0.729798194157538,2.57935007475002e-08
"TCGA.2Z.A9JR.01A",6.25325582386335e-05,5.33355750014062e-06,7.20457656869981e-08,0.223977981929819,0.00433013672472407,0.000938452161239616,0.013903262352654,0.000107913199472971,8.29501511304575e-09,0.000294652782480511,0.756379588653363,6.57397273459318e-08
"TCGA.A4.A6HP.01A",0.000249597261509681,0.00651213371679266,0.0121582282512414,0.2154922082429,0.0224938295774133,7.83191313727525e-08,0.0452718568353217,0.00160125967555485,2.14695522802032e-09,0.000489883384403022,0.51194940324245,0.183781519346327
"TCGA.F9.A97G.01A",6.42366942717581e-08,4.97724629580733e-08,7.4792095164217e-07,0.0284585282131655,0.0154361375371629,0.000413856986032602,0.0171031433439892,5.58227512488095e-07,3.77553703780843e-08,0.000405469223509279,0.938180803003392,6.03779756698413e-07
"TCGA.2Z.A9J9.01A",0.00107736688774906,0.000220263643320308,0.00531665045637888,0.245497212618773,0.0645926810693846,3.32797404674295e-07,0.00445448069477125,0.000392631021903303,2.43113907329199e-06,0.0011336553787862,0.459861395172736,0.217450899119719
"TCGA.A4.A5Y0.01A",3.7830796874797e-06,5.53999935813541e-06,7.10421486243576e-09,0.306059506476181,0.00623576604263471,9.06520358451297e-06,0.0028618589149387,1.77535085370255e-08,0.000664525357218324,4.02706487769659e-06,0.684155821817947,8.11858489774668e-08
"TCGA.2Z.A9JD.01A",3.71896332670495e-07,0.000487204224865267,4.16775424049712e-07,0.52394699734811,0.00898807460030696,0.00105239482138581,0.00144168856879656,3.02272081496266e-07,3.78421109475016e-06,0.000210483099183426,0.463868217954211,6.42282085410349e-08
"TCGA.A4.7828.01A",0.000214141479370628,0.00312001678559693,0.0032422213439164,0.194612740106213,0.189873131045355,1.60805262476735e-06,0.00940866644001062,0.000901270426500401,0.0201426503436638,0.000635155828337511,0.577834690872478,1.37072759330362e-05
"TCGA.MH.A857.01A",3.73890114010463e-05,0.00117701722500537,0.000365403266647483,0.173367438465287,0.0137491602735008,0.00174364120501473,0.0035046596337933,0.000369670022532331,1.53009112352624e-07,0.000131513558548845,0.502154973841648,0.303398980487509
"TCGA.2Z.A9J2.01A",2.32630867117028e-07,6.33145226853702e-06,2.47703245315583e-06,0.195802839042248,0.00428374750158741,0.000407444467397874,0.0109045337557274,4.11840822745929e-08,0.00998865502802816,3.1468519505493e-06,0.778600526558852,2.4494537725073e-08
"TCGA.A4.8518.01A",3.40030688084734e-07,2.52599232234675e-05,3.43563731923649e-08,0.115988826149517,0.00548636973688482,0.00120949540421685,0.00646098371553431,2.28592098039993e-06,7.59393550870666e-06,1.48091096852918e-07,0.870817751410357,9.11325619242518e-07
"TCGA.A4.7585.01A",1.53882621645024e-07,5.64660032483213e-07,3.63734694261e-07,0.561977602075807,0.100999247392877,0.00327635350987704,0.0440122004296324,9.69282255481419e-07,3.06874983294475e-06,0.00142588945320006,0.288303459220147,1.2760902209684e-07
"TCGA.BQ.7046.01A",6.91259099481007e-06,1.93501506731923e-06,2.01269503277168e-06,0.192562580803327,0.0047684871417653,0.000959170712358912,0.0201977017805974,1.93787496109335e-05,0.00150698537358503,0.000129773550678069,0.779845055709271,5.87771090376661e-09
"TCGA.BQ.5886.01A",1.14121695220619e-07,2.76339238924551e-07,7.40309491277418e-05,0.210137431437388,0.0019857977135823,2.65397560398792e-05,0.00161151474288488,6.64004864965276e-07,5.62061616045011e-09,4.19794385777848e-05,0.786121262505754,3.83370230048135e-07
"TCGA.4A.A93X.01A",1.30298777435819e-07,2.03956587921253e-07,2.24913172463966e-07,0.185171653778248,9.78133112344722e-07,8.3906216614629e-08,0.00613666731488082,2.26961859077931e-08,2.0886125397907e-08,1.24381068068874e-07,0.808689838370688,5.13649377995248e-08
"TCGA.IA.A40X.01A",2.1100426319948e-09,0.000653128628944245,1.65969437531335e-06,0.294602414249289,0.00938180861948737,6.26033876388661e-06,0.00807391940704736,1.39184087158217e-09,2.67899997342228e-08,0.00062923663193261,0.686651510899494,3.12387827020104e-08
"TCGA.BQ.5888.01A",0.0185195037956244,0.0192560235170674,1.28183779199244e-07,0.061678328328518,0.0204418350263624,0.00019493742452179,0.0155582958467841,0.000358018800873648,2.27543296214534e-08,0.00207555987991551,0.361967314885218,0.499950031557006
"TCGA.A4.7915.01A",2.09486696986781e-07,5.79884992062366e-10,6.60638394449893e-06,0.177112144327761,0.0445235503121511,0.00637339085188777,0.00852641527811195,0.0001889272968835,1.92042569826323e-07,0.00120160611958929,0.76206690426286,5.30576598636572e-08
"TCGA.SX.A7SQ.01A",3.37902874242282e-08,6.21264614471764e-08,1.33698786364785e-08,0.299100201180396,0.014907749094197,0.000189074830520948,0.00443104449007657,0.000316785733569961,3.81505046937965e-10,9.57618107410744e-07,0.681053970600404,1.06784595338232e-07
"TCGA.F9.A8NY.01A",0.000581605705138158,0.000249831551779995,0.0163664695743573,0.200727769013312,0.055354981008171,3.4241504901184e-09,0.0024225944860134,0.000114241149766701,5.34717871897176e-09,4.85159102870114e-05,0.724010158370857,0.000123824458987897
"TCGA.2Z.A9JE.01A",3.83962214574832e-08,4.16494423357664e-07,4.15720763692443e-08,0.164806828106381,0.00699969136708583,0.000324776108836708,0.000949930887434297,6.3585904752404e-05,1.3987851171084e-08,4.52248811127622e-08,0.826854603177321,2.87727354166272e-08
"TCGA.IA.A83V.01A",1.99988230582717e-06,0.0041922839071739,0.00964390769630209,0.37409780421884,0.315849290339561,0.0185578643315458,0.112724872026841,0.000670544931911469,0.0109797409637559,0.0020516181250805,0.151230037367356,3.62093261307072e-08
"TCGA.2Z.A9JP.01A",0.000101751349456945,2.16542462498952e-05,2.48316242209567e-06,0.447680944799571,0.0102744962367304,0.00108709018491873,0.0263801904666968,9.4655764815216e-06,0.000104525128063409,5.5912026325219e-05,0.514281139218358,3.47604725302328e-07
"TCGA.2Z.A9J5.01A",5.53678784890672e-09,0.00504544421835268,4.38330830142995e-05,0.335699533286977,0.0263366586451315,1.96759597977734e-05,0.0539046196882245,0.000596343791499237,2.10569868735216e-08,0.00241326730263784,0.575940528356804,6.90737861328082e-08
"TCGA.B9.4617.01A",0.000152776343520385,0.000908300276801758,0.00391310428586613,0.155698565825593,0.0149071094746398,0.00011116353126974,0.00190970956441118,0.00163324906263082,5.92273116701627e-09,4.1718131005694e-05,0.400285750230434,0.420438547351096
"TCGA.A4.7288.01A",8.49097886849861e-07,3.86618950573838e-08,5.69615352108894e-09,0.200496885369717,0.0169339691355827,0.000207574738174744,0.00418067493448006,5.00294266481761e-05,1.83764870219695e-08,2.55787585392061e-08,0.778129405885399,5.23098818190153e-07
"TCGA.GL.7773.01A",6.33921599720919e-06,3.49640141829689e-06,0.000174667183732659,0.319624096304034,0.00897319847945652,0.00265486612025134,0.00622724829112308,0.000256770926081386,1.41944127131495e-06,0.000493565062752391,0.661583973318082,3.59255800236224e-07
"TCGA.B1.A47O.01A",6.0124845217934e-06,0.00175126451168578,1.98934933202698e-06,0.237202429955217,0.00607504177317246,0.000166442122562467,0.00418625132594067,0.000166010415845113,2.24261309559413e-09,0.000243073378547785,0.750201462513632,1.99269299046544e-08
"TCGA.GL.A4EM.01A",1.83211987243427e-06,6.56921361319608e-09,1.06874194785439e-09,0.267562861126713,0.0264902131694581,0.00134343207217828,0.0208143501157932,5.54035712767359e-06,1.16426822515377e-07,2.11017412620642e-05,0.683760455195369,9.00374478489397e-08
"TCGA.UZ.A9PZ.01A",4.11319828047675e-05,7.66644039564597e-07,0.00251868338678303,0.224412219155863,0.00890813894568323,0.000540407011936533,0.000232122925176746,0.000887936801788016,4.25088067680738e-10,3.07064066856332e-06,0.760763688123504,0.00169183395666427
"TCGA.B9.A5W9.01A",1.41118230839344e-06,6.2508753861949e-08,4.83496150521695e-07,0.190733620408655,0.00622987479551231,0.00206094700969668,0.00536870748746467,1.84526139129289e-06,2.04510357259459e-07,7.80257558908651e-06,0.795595040557976,2.06145381115165e-10
"TCGA.DZ.6132.01A",3.30776316215441e-07,0.0186202992917585,6.46727288506553e-06,0.548180935874752,0.0874914003708824,0.0325317230036536,0.287187924865401,0.000444164968600439,8.82911181412901e-06,0.0081739231231074,0.0173354606384464,1.85407023823733e-05
"TCGA.A4.7583.01A",2.19925600757885e-08,0.0141540087805765,0.000247919722573927,0.333977113000141,0.0105278087609971,4.70788174283055e-07,0.00564226837711259,0.00025108563435402,7.82839733137325e-09,0.00118827030771238,0.634010924861964,9.99454370952893e-08
"TCGA.UZ.A9PM.01A",6.98233016112304e-08,2.38437390711577e-07,4.2016800797715e-07,0.252716432945174,0.00118927308457885,0.000182814228610881,0.0277895908479083,0.000197414930549674,4.44677846774373e-07,0.00116024344753464,0.716762703024722,3.54384374937047e-07
"TCGA.SX.A71S.01A",4.89511158781042e-08,1.50103994851739e-08,2.7815773195454e-08,0.331416791973346,0.0221326915210802,0.00367661166018943,0.0086908043753069,0.000274605586114436,1.83310284366016e-07,3.76183213967434e-08,0.633808082807041,9.93710276989286e-08
