"","cellFractions.B.Cells","cellFractions.CD4.T","cellFractions.CD8.T","cellFractions.DC","cellFractions.Endothelial.Cells","cellFractions.Fibroblasts","cellFractions.Macrophages","cellFractions.Mast.Cells","cellFractions.Monocytes","cellFractions.NK","cellFractions.Neutrophils","cellFractions.otherCells"
"TCGA.94.7943.01A",0.00251709689621218,0.000368304225836566,2.0989527366533e-08,0.523745726052381,0.0278354292907659,0.0138407226626049,0.012258969400289,0.000172237371433313,7.44924066618673e-08,0.000533269305646946,0.418728148422992,8.89903833863616e-10
"TCGA.68.8251.01A",0.00486585097416473,0.0103240380606064,0.00315159994138824,0.252007108133158,0.125994512802116,0.0488550475887597,0.0189351983196595,0.000901169250221699,3.9664888451508e-07,0.00107689635793619,0.53388580644425,2.37547885429125e-06
"TCGA.33.A5GW.01A",4.27610094859359e-09,7.82115025233796e-09,4.91057669489607e-07,0.29920429460961,5.54533438080759e-05,0.00273991571457083,0.00906583881504225,0.000378276814532154,0.000351625796688679,1.18223708553971e-05,0.688191857673606,4.117063657343e-07
"TCGA.85.8070.01A",0.00158278711800596,2.54968241245209e-07,2.68765977092993e-08,0.420384419311402,0.016325253664047,0.00295323832312011,0.00169221817373202,3.27614591502859e-06,2.53229993132019e-10,0.000193541855952044,0.556864973942544,9.367212785553e-09
"TCGA.85.8479.01A",1.87158925931003e-07,2.13560360854821e-06,9.57922698603013e-10,0.214406427135006,0.00626045708103234,0.00481642916206127,0.00614017375906983,0.000129918931029203,1.47696237527847e-06,5.7868933654582e-06,0.768236944306214,6.20493897510724e-08
"TCGA.22.5482.01A",0.00226589573121622,7.61133723812069e-05,8.67408024563423e-06,0.322745289235837,0.0125579892293202,0.0326737636051867,0.0327735172667678,5.599315093777e-05,0.0245843321715972,0.00159991177451353,0.570655521007541,2.99937445632939e-06
"TCGA.21.1077.01A",0.0187049408510633,7.4537037585934e-07,1.25529636358025e-08,0.537279372205448,0.0370184891709734,0.0443662454014795,0.0226022612009517,0.000475993738146455,5.57123472082002e-07,8.01004937089793e-07,0.339550255545515,3.25834673813325e-07
"TCGA.43.6773.01A",0.274253393487928,0.0289480481390282,0.0771095848360098,0.0746557473512228,0.258119665624018,0.143203366123931,0.132786062496121,0.00276771653956404,9.13162038534437e-07,0.00815417279058693,1.08233629827849e-06,2.47113254037352e-07
"TCGA.34.8455.01A",0.000120490343445393,1.69074668844198e-05,2.46165384554937e-05,0.200234557869912,0.0689806020713273,0.0245633855928956,0.00991316454857785,0.000955093737604514,1.47420492375127e-06,0.00028724323809421,0.694901010023483,1.45436439679463e-06
"TCGA.85.7950.01A",0.00534192244473838,0.0520703859528177,1.61610482354283e-06,0.194415816709173,0.037627066964694,0.107176878192444,0.0116244138598082,0.000551004223070346,2.973628262005e-07,0.00395656611789544,0.456326971225438,0.130907060842271
"TCGA.60.2715.01A",0.023704114909722,0.0309293584396318,0.00739893571276722,0.430145543313288,0.233097518989302,0.167884158656269,0.0826669690038746,0.00236619739663753,0.00736390564319293,0.00282663383564679,0.0114111033136643,0.000205560786004068
"TCGA.85.A5B5.01A",0.000958521896864592,2.02441471298347e-05,2.88183466796173e-06,0.296975457329128,0.0377196615925225,0.0116082688257289,0.00547178518426312,5.88224759955873e-05,7.06299958073049e-06,0.000248423472218883,0.646928675268338,1.94973562665156e-07
"TCGA.33.4583.01A",2.68187472087567e-07,2.52954894505379e-06,4.96852677220497e-07,0.204617986991855,5.15061760698289e-06,0.0064279947829342,0.00746421933975478,0.000221776672844364,1.40804814361959e-07,0.00108547826450419,0.780173933485788,2.44508032631338e-08
"TCGA.60.2725.01A",0.0398157501159934,0.0236826358043175,0.00016814114779643,0.55323886876879,0.139030006466163,0.119788748095809,0.0887767057549623,0.00127096421077639,0.00650612866350146,0.00531274572027912,0.0223903594107711,1.89458408403298e-05
"TCGA.85.8072.01A",1.82416638786192e-07,8.87670495111513e-08,1.9497012113904e-06,0.390117433338594,5.12554612113163e-05,0.0196156060688076,0.0326494663848129,0.00050538942394181,1.38608063525852e-07,0.000498435677371347,0.556560050551093,3.60120446272814e-09
"TCGA.22.4601.01A",0.000388236802024208,0.00103218119965935,6.82580711654902e-06,0.301707557211123,0.0224868360260356,0.00905461097929359,0.0133268453581503,0.000264228484416775,3.64584336354524e-06,0.000345785242094289,0.651381694945771,1.55210095186377e-06
"TCGA.66.2781.01A",0.0236613958334392,0.000110976617510975,2.52297257146074e-05,0.240210520962646,6.2768303921472e-08,0.230139633889597,0.00967418988083259,0.000818732540270188,7.35073962775368e-06,0.000503724610231687,0.494847893465462,2.8896636363577e-07
"TCGA.22.0940.01A",0.00025320803835283,0.00185648339089418,1.02880535697083e-06,0.165263319791844,0.0998341443728526,0.0435427150236346,0.0473034427521982,0.000625666800322313,1.17638353629131e-07,0.00494741359416153,0.636372220230615,2.39561413846378e-07
"TCGA.43.6143.01A",0.0028310950179259,1.26016910495727e-06,1.92090555372056e-05,0.547053590603201,0.0635416493364221,0.0456663188825309,0.0118373875983205,0.000150329981584781,0.000677352604334279,0.000586354380039658,0.327635439265765,1.31052332216092e-08
"TCGA.39.5021.01A",0.0293988153784375,0.0150514297385388,2.22121267377845e-05,0.362865747261584,0.0265794677581845,0.042056238869388,0.0413907262170637,0.000612156840473544,1.09341362167503e-05,0.00201740282654867,0.479994847883001,2.09638253516776e-08
"TCGA.22.1012.01A",2.21987052159276e-07,1.61127269271162e-07,2.30467031514571e-07,0.308658376024625,0.0108649797836277,0.0183388562696374,0.0115006629975694,0.000504677713262581,4.06856658777431e-07,0.000673200472765328,0.649458172257794,5.4042707044554e-08
"TCGA.33.AASL.01A",0.00384198252415382,0.000323912132221454,0.0139046785420857,0.189601371478345,0.00206891857523303,0.0052631483619762,0.00556736357229433,0.000248134843442447,1.36532131354692e-08,0.000360476619955009,0.663292046873851,0.115527952823229
"TCGA.33.4533.01A",4.63679934655318e-06,4.97966408682305e-08,2.05740289030248e-06,0.23373206460311,1.16771861623077e-06,0.0346641033990168,0.00720452329453341,0.000110810743798972,3.81010954402821e-07,0.000231742394556998,0.724048457749782,5.08675390273169e-09
"TCGA.43.6647.01A",0.00550882279716205,4.31929084487506e-06,6.74721610699358e-07,0.0420066704228699,0.0227046051016528,0.257129508312894,0.0339996849372834,0.000506573921480239,1.49033763628896e-06,0.000548112299953943,0.637588425046599,1.11281001314103e-06
"TCGA.77.6845.01A",1.44648915674601e-08,3.70062738784266e-10,5.70356054604231e-11,0.223933410510647,0.00804835657752607,0.00622404969601258,0.00924912314957701,8.70624618310754e-05,0.000475671500822677,3.94317619575438e-05,0.75194284122337,3.82262662706715e-08
"TCGA.56.8504.01A",0.00168483584630915,0.000448240351486689,0.00180929327606052,0.237030391589612,0.0291561727078445,0.0254872480211981,0.0173128496211756,0.000318994720671444,2.7792323627983e-07,0.00124427436088605,0.685507183728331,2.37853188350646e-07
"TCGA.56.8629.01A",1.1585267226416e-08,7.11542029264177e-06,8.88360157985342e-08,0.30394105228406,0.000430133265621261,0.0206736541767177,0.035362485557217,0.000145803327677211,2.99434913393844e-05,2.91600751146193e-06,0.639406763215997,3.28322823517974e-08
"TCGA.63.A5MY.01A",0.00095164188771449,0.000341800318724958,0.000135260612643237,0.137903710062853,9.23314547359094e-09,0.0465975779650049,5.47950644472347e-09,4.64244576834689e-06,1.66607117528281e-07,2.56217050699518e-06,0.406287188589289,0.407775434627726
"TCGA.37.4130.01A",0.0557011402224522,0.0190133467805838,0.41737357249443,0.25251016756515,0.0277260437015376,0.0166540087172294,0.0840746157654938,0.000452077136205358,0.00466750867030282,0.0110384528238863,3.66170619662187e-05,0.110752449060762
"TCGA.22.1002.01A",0.0228541174427013,0.0060621399200788,0.00395943884508951,0.176093248421283,9.53925575348949e-06,0.283490662815308,0.0144658752918534,0.000745775218393722,6.73006105761773e-05,0.00122125743971337,0.491028755932775,1.88880647419794e-06
"TCGA.18.3410.01A",0.00986924884683905,0.028984114868869,0.00046823692542571,0.318221385405992,0.0230424198779753,0.014053583412168,0.0155009187145155,0.000567152779315415,1.80272738049224e-08,0.00427793926033358,0.585011793584725,3.18829656810182e-06
"TCGA.39.5011.01A",0.0115227413646224,0.0608117049088467,2.74518605409464e-05,0.21617479883833,0.0214326743598132,0.0173989073459363,0.0973011554254304,0.000192257406306519,1.4365092770901e-05,0.0096927902153155,0.565424485537732,6.66764435504886e-06
"TCGA.56.7580.01A",0.0192032347440498,7.42514992710048e-05,0.000419524951682262,0.306385222342483,0.0095448950546804,0.0461358805128457,0.00604364154220027,0.000368129039313302,2.74168600687323e-05,0.000528515892379496,0.611269285363988,2.19703863732247e-09
"TCGA.98.8023.01A",0.0383140078092429,0.032009117255878,0.00494920878392596,0.288258441372936,0.0865581340471252,0.0645154816766952,0.024626966825824,0.000811402438402933,1.17128588631473e-05,0.00362510198205191,0.456314465059784,5.95988927054722e-06
"TCGA.33.4586.01A",4.00766097245412e-08,4.31179811226903e-07,7.80135965825655e-10,0.398993740307441,7.66677280466496e-05,0.0477933397882843,0.0278852328849593,0.000364397379112394,4.95052375297129e-07,1.2845258761008e-05,0.524870598329728,2.21123473463853e-06
"TCGA.58.8388.01A",1.20125155514936e-05,0.00351266954833159,0.0147089261875105,0.397647215825539,0.0862203602622005,0.0490325258247906,0.0390786345335513,0.000397790844215461,5.81744114670776e-07,0.00250293429140076,0.406882725364054,3.6230587409694e-06
"TCGA.77.A5G3.01A",0.00180478992694575,0.00119977147800327,0.017472181181915,0.287865239420905,0.0107015904564175,0.0268596556117485,0.00765875711543536,0.000144139910729301,2.75502923170746e-09,0.000405607731796078,0.636714774590036,0.00917348982103946
"TCGA.85.8071.01A",2.66233529197596e-08,0.00065207806388223,0.000655559869491978,0.210437926868903,2.51124710765942e-07,0.0202103818716704,0.00225523374650782,0.000418780892164414,1.05236090763062e-06,0.00103922792231207,0.764329467487514,1.31685831892168e-08
"TCGA.33.A4WN.01A",0.0226623046388719,0.00349305369645322,2.03890737128688e-07,0.261697295199034,0.00925060894070088,0.0155598899433043,0.00380686931347686,0.000236804446552444,1.77297748844169e-08,0.000305251464291367,0.682987697317608,3.4191949364121e-09
"TCGA.77.7141.01A",0.000751050877352473,8.24564248956289e-06,0.00777033830064276,0.460725846262735,0.0288444063748062,0.0111417866845752,0.0150059204839539,0.000327024409549191,3.33833795235347e-05,0.000109137008197129,0.475282397243617,4.63332557925713e-07
"TCGA.60.2716.01A",6.46601244292218e-07,3.75448265971396e-09,5.93257660472352e-06,0.192727934854617,0.01302654260357,0.0354875952150434,0.000460830133684752,1.74075058267489e-05,8.80644295292618e-08,2.907984620089e-05,0.758243868244517,7.05997789986768e-08
"TCGA.85.7844.01A",7.25940496442794e-06,3.84103606280682e-06,1.99435385190182e-07,0.246104818290232,0.0455569405622424,0.0689478813204709,0.0354200565097325,0.00169900044539813,0.000223222357385015,0.000486213333629053,0.601550404730345,1.62574152475544e-07
"TCGA.98.A53H.01A",0.0681778489348761,0.0364465263440642,3.14480416345042e-05,0.235138896677413,0.207376442632103,0.0815762238930538,0.026641319950982,0.00112285738773135,1.59049715507985e-06,0.00265658946457105,0.340829123665603,1.13251081264629e-06
"TCGA.37.A5EM.01A",9.14267209082823e-06,1.00534345681839e-05,1.5021158907748e-06,0.251795915400099,0.020691910368375,0.0642539212470038,0.0337850493731724,0.000498586087634631,0.000393310473482097,0.000961053275158257,0.627599314980102,2.40572422596444e-07
"TCGA.63.A5MU.01A",0.000390416894345805,0.000153195306896464,8.77631377627981e-06,0.401424602640586,1.76851987748235e-07,0.285695670885291,0.00306378530169147,0.000930040090008979,6.7396865570919e-05,0.000186125816584172,0.307977132474894,0.000102680558366746
"TCGA.39.5016.01A",0.00757042726182315,0.0166054989224797,0.00471419951719512,0.201819405683863,0.00373479297982226,0.00695628359437973,0.0263202125275455,0.000208581180720428,5.7345511299439e-09,0.00179012878884964,0.730278986223326,1.47758544374979e-06
"TCGA.33.4582.01A",0.00402977896317949,0.000415997560544602,0.00249059752838988,0.328421610453728,7.29607585454874e-09,0.13203646032243,0.00349792056508586,1.04303666712168e-05,1.26228941628805e-09,0.000300470952392299,0.528795958693195,7.66036018818213e-07
"TCGA.85.8666.01A",1.02431508218084e-08,1.24393988670809e-07,1.09339813210436e-06,0.34525096668677,0.0124330499545777,0.0464863661712884,0.0573371850922189,0.000330842823296263,0.0139620248974054,3.26829222460659e-05,0.524164555884744,1.09753218128511e-06
"TCGA.66.2791.01A",0.0242392715611547,0.00831462568011491,8.02076395295476e-06,0.345512397185027,0.0393693806432634,0.0772053574119031,0.0549611963643595,0.00185314653041244,0.000130898953588783,0.00684150475166852,0.441561537089804,2.66306475042295e-06
"TCGA.6A.AB49.01A",0.000163953591700667,0.00112673627594436,0.00119923048352412,0.161507379578027,0.0392809356249897,9.5774805863854e-05,7.46823144317787e-10,8.02104947859339e-06,5.00806876129479e-08,0.000215100356616504,0.729455689649451,0.0669471277568935
"TCGA.66.2782.01A",0.0218049902979539,0.0083758326017596,0.035740279063406,3.59565610511019e-06,0.120066966353344,0.0770533381091604,0.0603967218899823,0.000595958219525653,8.52536258817588e-07,0.000673282138926412,4.49348749372775e-05,0.67524324825864
"TCGA.39.5036.01A",6.34402221164471e-07,4.71600314572001e-05,1.40900425139042e-07,0.135332843406802,0.00611275327901272,0.00273933620754883,0.00951751886426645,3.16555635968221e-06,2.04451624644144e-07,8.37382834892503e-05,0.846161914187081,5.90429712654918e-07
"TCGA.NK.A5CX.01A",1.03995071234769e-07,3.19259105386449e-05,7.94556463134213e-06,0.138640076462189,0.0972184706737279,0.0274072060810998,0.0305314378958836,0.000553889620983709,2.05786417749815e-08,0.00100859319064886,0.704598223003987,2.10702259788252e-06
"TCGA.77.8154.01A",0.000220395027035093,0.000726647613728881,0.000625681505969471,0.199932044365309,7.27148897445778e-08,0.496733031950635,0.00266016350457938,0.000325733043232536,4.0649959258105e-06,7.7490345064397e-05,0.298693865019018,8.09914611617504e-07
"TCGA.37.4132.01A",0.0488182480603427,2.67757282516272e-06,0.0932459746998709,0.378200457162926,0.0327679758149558,0.0455714966686801,0.0410232629132839,0.000111501743942255,0.000162112739081788,2.99118958975706e-08,8.50849696980112e-05,0.360011177742498
"TCGA.98.8020.01A",5.35827310628481e-05,7.36285419826107e-07,1.848254662904e-07,0.488914871166073,0.19646080838626,0.0339312814756837,0.0550174048274314,0.000220005943375431,2.04191069250775e-05,0.00218599254983408,0.223187933570156,6.77913231236467e-06
"TCGA.56.A5DS.01A",0.0268137908236466,0.0104547027322655,1.11074910068619e-05,0.323492568408441,0.0336013151209223,0.0235514471781406,0.00564008498685933,0.000535315863649114,9.01604237796726e-09,0.000759927359859595,0.575139727642273,3.3768936486773e-09
"TCGA.60.2707.01A",2.26530886132945e-06,2.24908633645577e-06,1.37441037943588e-06,0.243892005022922,0.138279051123475,0.0522427473818566,0.0292121889204403,0.000338163077690735,0.000188504366851896,3.40689171590143e-07,0.535838423147458,2.6874645561979e-06
"TCGA.66.2734.01A",4.71302835143015e-07,1.31756036927719e-06,1.64812124175334e-06,0.445262009069271,0.0554126594676278,0.0379422465137628,0.0435596868781068,0.000385052155571309,5.75696907902906e-07,2.15464639572056e-05,0.417411908745715,8.78024633722976e-07
"TCGA.66.2742.01A",0.000885332042634475,3.67605491394153e-06,2.79189135063653e-06,0.149033170006208,3.31058059320621e-05,0.0282733073872325,0.0506690057044987,0.000124478569497849,8.84253008855009e-06,7.74164025924402e-05,0.770888273848391,5.99756659566828e-07
"TCGA.22.5481.01A",0.0573963805493742,1.7033482438788e-07,0.0739282065405767,0.209971302748322,0.0547707010985448,0.0116105855830981,0.0233912684272895,1.35158829533387e-05,2.42030519163692e-06,0.0040853650009338,0.0381564532791415,0.52667363024975
"TCGA.21.5787.01A",0.0158521730460539,0.0739635992021092,0.00604140281713685,0.249187751862152,0.052663942767568,0.0212362018524691,0.041110343604937,0.000788999831075993,1.36180248599415e-07,0.0128805167487746,0.526264140182073,1.07919054025188e-05
"TCGA.66.2783.01A",0.0256417721763432,0.00148439600553776,9.35043668273469e-06,0.24426475634443,0.0214337326301548,0.016461791817044,0.011324453475806,0.000738982945273787,1.07950575998723e-09,0.000569117767032815,0.678071451566708,1.93755481292284e-07
"TCGA.92.8063.01A",7.344553042629e-06,8.54953917811563e-07,6.98701651414968e-06,0.3567833702053,0.0662548138519334,0.0333816581504893,0.0332049463550797,0.000396551604288992,0.00538533285949037,0.000111777269043005,0.504465644036798,7.19144102199977e-07
"TCGA.66.2757.01A",0.0135549496369919,0.0233009983853132,5.46321420614107e-06,0.467807038292492,0.0603456538246177,0.0328845923155585,0.0384076980427157,0.000113041847086416,5.40331833551708e-08,0.00441039169359811,0.359168643817608,1.47489662940738e-06
"TCGA.39.5022.01A",0.162642717697794,0.0401328607731369,0.0453061829339429,0.16233754834742,0.112763393021096,0.0828612064462263,0.0876865529536847,0.000728006153167731,2.30829713397441e-05,0.00716303229638457,0.29835537690257,3.95032371359263e-08
"TCGA.94.A5I6.01A",0.000314471960128315,1.44563474630125e-05,1.91282112575709e-07,0.265037637857231,0.0336357618106093,0.016066617507945,0.00835875496050673,0.000295733781676851,0.000938196000836042,0.000115300377686313,0.675222847383615,3.07301905406047e-08
"TCGA.85.7698.01A",0.0213733590481726,0.0254700604280528,0.000725534427984435,0.288689626901218,0.0621839350512364,0.0569490283453123,0.0192792267713436,0.000215367230383579,7.56153887094876e-08,0.00153742600482471,0.52357586471863,4.95457453180919e-07
"TCGA.37.4141.01A",0.0167774567499231,7.30395781711333e-06,0.0570847474057266,0.565614443621565,0.0352355004151152,0.0400778173613906,0.0307145416543914,0.00137790408486002,1.08068241123047e-06,6.54761009205248e-06,0.186795151103859,0.0663075053528488
"TCGA.66.2753.01A",0.00752053511934642,0.000752185338781431,5.14978958078828e-09,0.228806484357657,0.0286425070024953,0.0330099693322944,0.0103640298743011,0.000468660800618464,0.00367169192004062,0.000379044356454889,0.686383392926712,1.49382150905064e-06
"TCGA.43.A474.01A",2.33191626369921e-07,6.1296562256454e-07,1.48682476537326e-07,0.447426322579397,2.14165555461457e-07,0.0795202197115176,0.00423368452071227,0.000446053439716786,6.91558583485255e-07,1.54741624853375e-07,0.468371623627395,4.08157714032325e-08
"TCGA.63.5128.01A",0.000140041047358509,1.18853099485651e-05,8.02607959396238e-07,0.301424695306459,0.0217888496833999,0.0112383998519086,0.00298940728111821,6.53456620505755e-05,2.10804644740049e-09,3.98164648002878e-05,0.662298969808982,1.78486796848842e-06
"TCGA.56.8625.01A",0.0359735482417326,0.0624393458577962,1.39887243105604e-05,0.161586298358362,0.00725028228334797,0.164890019974361,0.207051015683923,0.00232267313986029,7.18555339229457e-07,0.0104655998138797,0.348006412892772,9.64743146999759e-08
"TCGA.63.A5MB.01A",6.86117978056176e-09,0.000790372669846264,3.7022800208693e-06,0.28284668713521,0.0336947700597719,0.00729419311045291,0.0132459410481681,8.24779847466418e-05,6.23473162755166e-08,0.000940931568919013,0.66110084894951,5.98485795060056e-09
"TCGA.22.5471.01A",0.0139395345527286,0.0310011969116137,0.0906830282535205,0.430020876815256,0.0590399372865999,0.0354093165044892,0.0423801433708125,0.000645478611522393,1.68298752701957e-05,0.0110193848809643,0.0249310258656121,0.260913247071611
"TCGA.56.A4BX.01A",2.69866142387288e-06,4.98230646179015e-05,1.57714701573999e-05,0.458961912538463,0.0125753820750838,0.00430253392498836,0.00246767718442162,2.9830210654683e-05,2.19874876397716e-06,4.66059313844696e-09,0.521591905304817,2.62156015184198e-07
"TCGA.63.7021.01A",0.0592291242646695,0.0158870129499094,3.34524919717177e-06,0.675338628392279,1.71832276271667e-06,0.0720585289838458,0.0233945736177682,0.000471030250126782,3.58517457271091e-06,0.00233434400535192,0.151269648306678,8.46048283945384e-06
"TCGA.85.A511.01A",0.0214012542986131,0.000231196000697706,8.5230528627911e-08,0.196685849144163,0.070523521495924,0.082034218694154,0.0202846581817762,0.000690338943228802,1.72235981987004e-07,0.00096293595552661,0.607185386166548,3.83652858120329e-07
"TCGA.66.2755.01A",0.000291020718797925,0.00840287902692438,0.000454370946808087,0.133386839841824,0.0176841897830511,0.0334107207292566,0.0238971449688396,8.34163968260771e-06,3.12756830505331e-07,0.00844629387868582,0.774017883387113,2.32218632475063e-09
"TCGA.46.3769.01A",0.00715028370619704,0.0241414780958481,0.0431617333254773,0.628942136415835,0.102818295460663,0.0727137289065688,0.118465968996088,0.000263771622623299,7.90268086300525e-08,0.00234044756102144,1.68281797782018e-08,2.06005469035518e-06
"TCGA.21.1070.01A",0.00261109147523318,0.00120782872122751,1.19059124544086e-05,0.315884203908105,0.0149624040775934,0.0191973738506377,0.0209776637582552,0.000267759259678617,6.6836249774995e-09,0.00109694928322859,0.6237828100003,3.06966177692825e-09
"TCGA.22.5477.01A",0.00630927976780787,0.0107784632801049,0.00553893277592509,0.373901902774533,0.0311631649102657,0.00859530358449492,0.0114175994373681,0.000362292551152104,3.21807910782443e-08,0.00114645241850762,0.365278824156407,0.185507752162642
"TCGA.18.3412.01A",8.02127960567497e-07,4.21953999451828e-07,2.07174602738835e-06,0.344451992688772,0.033837882697014,0.0244722108100962,0.00962638767757852,0.00079288190889328,1.37016519245835e-06,0.000613541392566289,0.586200294792884,1.4203901536019e-07
"TCGA.34.5929.01A",0.00271959039901984,0.0218854134081438,6.73258130266812e-08,0.175112181888758,0.0379817441549512,0.0297553879336761,0.0348832097902842,0.00107817375481011,1.86520513408207e-05,0.000930513378789063,0.11930031005444,0.576334755859973
"TCGA.NK.A5CT.01A",5.12078002791523e-06,9.08616909104601e-08,2.41145424450119e-05,0.31769223027139,0.00296616734521332,0.00263143287058636,0.019816023350025,0.000289427849307347,0.0241075630835132,8.63123693983702e-05,0.632379923084892,1.59359151062402e-06
"TCGA.46.6025.01A",6.09252777273297e-06,5.23603103605388e-07,3.37377319019729e-08,0.35499445483628,0.0190806644485828,0.0113290577146423,0.00677095812836274,0.000327507997316236,3.2577544067436e-08,0.000507504239580863,0.606983106398184,6.37908997415626e-08
"TCGA.NK.A7XE.01A",2.81566945570259e-07,2.23030568271065e-07,1.99889584828786e-06,0.340412758604813,0.00369096685458808,0.000986231066820374,0.014658227444795,5.24690930794067e-06,2.81928719066804e-05,0.000238312468086303,0.639977547103585,1.3182735627416e-08
"TCGA.33.AASI.01A",0.0271080534484193,0.0287619729410969,6.75600198606634e-07,0.145660107003019,0.0248032994489531,0.00511423627798579,0.0123774476966086,7.620770903228e-05,7.22674201527204e-07,0.00199761497119079,0.315968073155149,0.438131589074146
"TCGA.56.A4ZJ.01A",9.02734140414345e-08,5.63304411149505e-07,1.28141431369696e-08,0.296623225555675,0.209623718050483,0.0845731999379788,0.0856505537446073,0.00101873817217906,1.4915169001603e-05,0.000161381939623482,0.322333596607351,4.43113194468999e-09
"TCGA.34.5239.01A",0.0462549728049191,0.0323866276832776,3.36864003606882e-05,0.487029483418273,0.238786255234751,0.143919468324296,0.0384736262825058,0.00325776591580731,0.00176129714076611,0.00606495447614492,0.00202723361097751,4.62870792091876e-06
"TCGA.66.2754.01A",0.00222342294682312,0.00345527313563407,0.000906770921445605,0.275213023407561,0.023628930322259,0.0104185994275617,0.00862756483200309,6.15631460687553e-05,1.73281592856855e-08,0.000436961583672083,0.427580877596944,0.247446995351869
"TCGA.66.2756.01A",0.00636480148381967,0.00484810156470101,6.36519068782272e-05,0.336908945617329,0.0578593440501703,0.0169863532710821,0.00892371943935754,2.60727332331327e-05,8.1649140581517e-08,0.00127049861874342,0.566747634318487,7.95347058086193e-07
"TCGA.58.8390.01A",0.00220100779770404,0.00469137690707139,0.00128937554565123,0.292342048842207,3.55949470597412e-06,0.0661962839724747,0.0083231912377265,9.167686279485e-05,2.1604065603263e-06,0.00151412747620302,0.623337505524286,7.68593261495098e-06
"TCGA.77.A5GB.01B",0.0189845288247026,0.00504062824422418,7.24247586342728e-09,0.299086115607981,0.0565119021165288,0.0339193284049177,0.0255871661522445,0.000652334991757482,4.21213441388183e-05,0.00127483216566641,0.558892804629308,8.23027605494296e-06
"TCGA.O2.A52S.01A",0.0272081091871857,0.0126795168845291,0.0145383461094467,0.498864900266068,0.020434883540019,0.00969837903421545,0.0416878584105708,8.43121646065774e-05,4.31173752727278e-05,0.00124644045482833,0.373513983862885,1.52710373210496e-07
"TCGA.60.2713.01A",4.27879919584552e-05,3.50742393851571e-05,0.000628544440700214,0.450536308095644,0.137877454784377,0.108797697341447,0.102131122021704,0.000791762378217751,1.67700940271342e-07,0.00224335686863415,0.196915482396092,2.41740899657726e-07
"TCGA.37.A5EN.01A",0.0212961055014555,0.0185815623931209,0.0214233024249317,0.257778911418461,0.0300377560965749,0.0111870278670612,0.00610113189266435,0.000247271269270517,7.6969286793678e-08,9.4775939120235e-08,0.440446036226684,0.19290072316455
"TCGA.56.8626.01A",3.71514706854053e-06,9.80965199403665e-07,1.02973013948473e-08,0.613612417444923,0.117610415110465,0.0361125929292135,0.0472348606736075,0.000408927262157887,1.12343458900847e-05,1.38126355355044e-05,0.184990919094054,1.14094584479717e-07
"TCGA.L3.A4E7.01A",6.08285097803493e-06,1.1948220144282e-06,1.22782374771356e-07,0.102025558504339,0.0445566505698555,0.00810092573113135,0.0131097570382292,0.000599526979355434,1.09372149796543e-07,0.000414310433130709,0.831185262680793,4.98235648457303e-07
"TCGA.22.5472.01A",5.25248163707852e-07,3.68161159965258e-06,1.9188781099492e-06,0.3632371209015,0.0263864333587483,0.0318020304536517,0.0377633006373727,0.000349373448467561,3.66562778666389e-08,0.00120428443307484,0.5392510432107,2.51162333634554e-07
"TCGA.63.A5MW.01A",9.09604211248373e-06,0.000276499062432595,0.00411838037831374,0.103860546331101,2.05346350495228e-07,0.09186656190722,0.00492751131972093,0.000210210574729387,1.33689751799179e-06,0.000494325730500513,0.794211660418181,2.36659918194274e-05
"TCGA.63.A5M9.01A",0.000181828456615441,2.14699874818417e-07,4.75411932065132e-06,0.338736813827744,0.00865019176168842,0.0272329132515996,0.0163074453960228,0.000580004394008838,1.00454044568483e-05,0.000845300835971361,0.607450467573712,2.02789848288801e-08
"TCGA.60.2710.01A",0.0126039729383615,0.00213066952342717,8.33169813224836e-09,0.340658028969472,0.0499218590936322,0.0345213903964639,0.0300532344784252,0.00109404523538621,6.12843381303981e-07,0.00140928210434574,0.527606775409284,1.20676122497063e-07
"TCGA.77.6843.01A",7.89462761752431e-06,4.27757573411308e-07,8.27180798262468e-07,0.277398809862553,0.00783302256013428,0.00065929674979295,0.0232794730639133,0.000430402395347547,1.7951549126802e-05,2.12378580885401e-05,0.690350650021033,6.37402111590015e-09
"TCGA.21.5786.01A",0.0386343843025124,6.8158645596189e-05,2.92965452692195e-08,0.508531808316802,0.0484771275412842,0.0887217652774257,0.0145771785076257,0.000334989125123965,7.54861918077998e-08,0.000978066366380042,0.29967425584129,2.16129322282367e-06
"TCGA.68.7755.01A",0.00355898749468978,0.0039747333192301,0.00278603376942733,0.286235474339394,0.024879659819324,0.0217686957405597,0.00628722624167983,0.00104382647096178,2.74902110689941e-08,0.000335840770024611,0.620504317198525,0.0286251773459729
"TCGA.85.A50Z.01A",6.15036289323778e-06,2.38967001067619e-06,1.5339326369515e-05,0.216039875910271,2.2694639337225e-06,0.0597509742217625,0.0102310446248424,0.000376462541059169,9.10946486901486e-07,0.00081023665830276,0.712763411479386,9.34794682132028e-07
"TCGA.66.2737.01A",0.000470624183400076,1.84121294290394e-07,0.000172605584914397,0.171387152509215,0.120856268553111,0.128562476072997,0.0405828835111751,0.000544977279901121,0.000288967659871154,0.00184604010458431,0.535285851561178,1.96885835828966e-06
"TCGA.NC.A5HK.01A",4.94082719633164e-05,1.43914965408691e-06,0.000198824677386675,0.204924819053302,0.24834866898025,6.79481706499348e-05,0.00702421523649288,3.32154726279894e-05,4.20510862549656e-08,0.000951035286426943,0.538400311350968,7.22991909560089e-08
"TCGA.85.A4JC.01A",0.00161767087230179,0.00127623210761983,1.16102206371089e-07,0.271098144437744,0.0781172192096918,0.0305609197933089,0.0112248622765897,0.000313140484687777,0.000284741685554498,0.000225859562357145,0.605278339811942,2.75365599609296e-06
"TCGA.58.A46J.01A",0.00769455801742825,0.0166014022003619,1.50413407080234e-07,0.336827474781147,0.0488402486361409,0.0161119948228168,0.0261496528576102,0.000760949606503849,1.88684070790962e-07,0.00105605764477634,0.478395830583311,0.0675614917524255
"TCGA.46.6026.01A",0.000845858092819838,0.000141799859512914,3.40453774353905e-07,0.147421700201037,0.0176341806564079,0.00550108660190663,0.000906019651668036,6.95500162791781e-05,4.75198049761635e-09,7.54242760002384e-05,0.827401741970069,2.293468544662e-06
"TCGA.46.3765.01A",0.0486395870458704,0.00254833016778181,4.46305289965309e-05,0.412403082514114,0.0234337319418751,0.0515491273594945,0.0154613270760318,0.000179942290926834,2.12828669437434e-07,0.00093396089638277,0.44480603392779,3.34220672937693e-08
"TCGA.O2.A52V.01A",2.13108141090517e-05,7.29973105381251e-09,6.59776505752178e-09,0.207118300909556,0.0376038974597865,0.0174471503594027,0.0160153946559087,0.000196255444035608,1.52502700734475e-05,0.000272802394095944,0.721309402896923,2.20898613469607e-07
"TCGA.92.7341.01A",5.27341902749452e-06,1.56705889360666e-05,4.46615281393697e-05,0.299708245013193,0.0472266121802973,0.0401106829393047,0.0137436986229575,0.000494440310537849,1.27866123927399e-08,0.00014003300468644,0.598509711093216,9.58513092235497e-07
"TCGA.51.4080.01A",0.000498072372471826,0.000215143202796675,0.00260555377751305,0.283366224742076,0.0109338942993639,0.00542379573132131,0.00732691961064538,4.71092508012439e-05,2.11617187718681e-08,0.000346960950959739,0.605323064958136,0.0839132399421957
"TCGA.21.1076.01A",0.0142035534442676,0.0186262851632769,0.000462395985024849,0.319290142190906,0.0371332103655031,0.0855975958204229,0.0689689622083014,0.000451247494847584,2.81790738635949e-08,0.00119130048475744,0.454075108842106,1.69821512298875e-07
"TCGA.56.7730.01A",0.000298357308774339,7.92290275430232e-06,9.0373102261247e-06,0.335405287435742,0.00949683133969231,0.00331459033542539,0.0038891074304273,0.000126512950289811,2.94000433685799e-06,2.66347358257237e-05,0.647418737519502,4.04072700400145e-06
"TCGA.NC.A5HO.01A",8.52650113569295e-05,0.00626142891902326,8.57637817279329e-07,0.5227482088346,0.00497723160646858,0.0193513951912677,0.0059531629700212,0.00033184122708439,1.41643934156988e-07,0.00140584058882322,0.438883283658135,1.34271146885866e-06
"TCGA.21.1079.01A",9.40832613412753e-08,0.000161397468846735,6.76210700341169e-05,0.194651412741429,0.0575537021950095,0.0494589870213402,0.0206242657984396,0.000132017039004586,0.000886913690379252,8.7641202413553e-08,0.676460034471092,3.46677996140763e-06
"TCGA.21.1076.01A.1",0.0142035534442676,0.0186262851632769,0.000462395985024849,0.319290142190906,0.0371332103655031,0.0855975958204229,0.0689689622083014,0.000451247494847584,2.81790738635949e-08,0.00119130048475744,0.454075108842106,1.69821512298875e-07
"TCGA.NC.A5HT.01A",0.000478574394697596,0.00214850305712176,8.71772318556473e-08,0.157047704055056,0.0513568421100428,0.00455336524241555,4.91653092845361e-08,7.05392431974436e-05,4.88254868518198e-09,1.20520129975776e-05,0.627377107160309,0.156955171499073
"TCGA.56.6545.01A",0.00690159132450493,4.46987466442578e-06,0.000162644500647294,0.0761137294150197,0.527599715394189,0.125463612439359,0.0752572203306958,0.00276738262019181,0.0257287253690236,0.00159918132914582,0.15839950909712,2.21830543883453e-06
"TCGA.85.8582.01A",0.0153130754865669,2.10411907646241e-05,8.23250451161374e-05,0.292604220436439,0.143371533201782,0.177984056747321,0.0158328220192449,0.000595155916979254,0.000159215476260188,0.000267222906610055,0.353755964542334,1.33670305817618e-05
"TCGA.66.2787.01A",0.0344940451510068,1.46237920866471e-06,0.103505180024341,0.456010602414853,0.00146530459543163,0.0599007554545945,0.0626383006278881,0.000741655558873397,6.5335632137505e-06,0.00102316081668574,1.2538830646077e-05,0.280200460583257
"TCGA.60.2698.01A",2.67628064231395e-08,9.5494062536729e-06,6.94292875880942e-08,0.201042081496002,0.0414950926040952,0.0220378904861818,0.0647400259762604,0.000712802194273955,1.35551778552157e-07,0.00310223084540403,0.66685996888588,1.26361777253565e-07
"TCGA.O2.A5IB.01A",0.00104297415548933,0.002769659482807,2.0792149398159e-05,0.571580518837575,0.0497174938123539,0.00633274894939774,0.001394949377772,8.3694946593441e-06,6.11118234494376e-05,0.000112976361567228,0.366954190907965,4.21464756555133e-06
"TCGA.22.1000.01A",0.0548944493981379,0.0126425149306659,1.79831876857905e-06,0.227792008582318,0.236950068847808,0.158041666987026,0.0991775597774703,0.00113008073170068,1.75132054615952e-07,0.00287097983823459,0.206495609667962,3.08778785307337e-06
"TCGA.56.8083.01A",0.000418610440029695,0.000920444904365657,0.000322974275022057,0.203762378885836,0.024604610584497,0.0172520339184858,0.00214602800365049,8.99373988539228e-05,2.45706338124471e-07,3.24420774324018e-06,0.539496881782379,0.210982609892799
"TCGA.66.2763.01A",0.0181723614891299,0.00870926260202885,0.00139017871017569,0.320212228693661,0.0443316408829744,0.0192457245845659,0.0113242381607406,0.00085143492030094,1.89974648581146e-08,0.000912781958754695,0.519384797366973,0.0554653316332302
"TCGA.77.8153.01A",0.0112804974667082,1.05468189974833e-07,9.02357579248635e-08,0.838866690103853,0.0119959951939068,0.0134280073686648,0.00477178348349526,0.000699037258267445,0.00306822706662035,0.000249418662891365,0.115638475775506,1.67191613870028e-06
"TCGA.21.1083.01A",0.0127248680738921,0.0139239142407157,0.00203238387086901,0.193537873443165,0.035937272364504,0.0222122768280627,0.013630144279998,2.17396185342108e-05,1.79054549248065e-08,0.00157764828213686,0.704374787348741,2.70737439266879e-05
"TCGA.85.8049.01A",0.00404542287610622,6.93064285946191e-06,1.24378961195175e-08,0.244066830717015,0.0752633042937425,0.052522358379569,0.0687482385433225,0.000720853723200773,5.16038993751364e-07,0.00143698482174922,0.553176487390708,1.20601348372458e-05
"TCGA.34.8456.01A",0.0190128413460694,0.000882774823728976,0.000269412243344324,0.330108092214441,0.0685749305120541,0.0141135537158133,0.0102679614360812,0.000597908166916049,7.98297503593476e-08,0.000381212471546654,0.555791230430182,2.81007257002684e-09
"TCGA.33.6737.01A",0.000837583213916903,0.00526186361423234,0.00288373802720761,0.251894417811168,0.0306197525905883,0.0158532159966498,0.00719941495566189,0.000626822367854846,4.64663861229907e-09,0.000803944521272812,0.684019218795082,2.34597264544597e-08
"TCGA.77.8140.01A",0.00972564098626649,5.317795342494e-05,0.00787783027605239,0.201446354897208,0.00965815074437405,0.0106995583562337,0.000839449414753563,0.000542758676311799,2.11305247057236e-07,5.25560052333495e-05,0.611334521388454,0.147769789996441
"TCGA.39.5028.01A",0.0193681382325271,0.00531243566420039,4.7217398076997e-05,0.269349558119086,3.05141394969835e-06,0.457900738506387,0.0341576242946541,0.000563468754171466,4.14645409111575e-07,0.000804342494987632,0.212471316308903,2.1694167647096e-05
"TCGA.34.5240.01A",0.0025007290448929,8.45334720353454e-05,1.52391393451136e-06,0.202645129895972,0.0224694700862016,0.0627356160850587,0.0140500318909867,0.000186723447179811,2.43802309891702e-05,0.000279826000546295,0.695021259629016,7.76303186834409e-07
"TCGA.79.5596.01A",9.39253475314265e-05,1.16907168449493e-06,9.00782403408283e-07,0.266853195596967,0.00908424450430847,0.0203869979553614,0.00529464081794781,0.000105984802243367,4.80546371011283e-06,8.52448139449707e-06,0.698165261895428,3.49281019277286e-07
"TCGA.56.8308.01A",0.0226128474741445,4.16765431730961e-06,2.9480030179104e-06,0.235932082416497,0.0305122253741049,0.027062795176563,0.0115125312561898,0.00091459176053043,0.00825321556818655,0.0005341086460839,0.662657267472934,1.21919743057793e-06
"TCGA.90.7964.01A",3.15099982025262e-07,5.48151057327661e-06,3.65428140094554e-05,0.190167517445541,0.0209213425114371,0.016203595905997,0.0244954648955886,0.000258862046673916,3.98288453804304e-07,0.000174719560981499,0.747735178015012,5.81905750346846e-07
"TCGA.18.3408.01A",3.02612467718073e-07,1.88774369602047e-05,6.32823308096702e-06,0.320126772936586,0.0149283095081884,0.0218188010967892,0.0138584692488353,0.000199406516888624,0.00348394030600747,0.000116963438969525,0.62544179728253,3.13826961961699e-08
"TCGA.18.4721.01A",0.0545567140941247,0.0322437935902274,0.00014271732376805,0.270419723183505,0.0511415262755858,0.0663377773147083,0.048781720008287,0.00060433627895136,1.80733957512404e-05,0.00473774365681935,0.470998071006989,1.78038712827069e-05
"TCGA.22.5478.01A",0.0154871447947936,9.82555620833954e-07,9.64808597914537e-08,0.238892764009528,0.0548682664741634,0.0355820986872997,0.0147427405094385,0.000197574100874068,5.02379062555167e-07,0.000605663281864226,0.639622130025339,3.67011564054073e-08
"TCGA.66.2773.01A",2.05234197350415e-07,1.25209808331206e-06,7.92051924511848e-06,0.142276110861048,0.00821698248838931,0.0326345412101049,0.110933095544682,9.95523856605462e-05,1.25540695462804e-05,1.01122895458105e-05,0.705806309628256,1.36367124164272e-06
"TCGA.22.5479.01A",0.00903292997082356,0.00163994447529747,5.64810273141602e-06,0.113486514143747,0.0441124630140904,0.0111522083795551,0.0121888067861398,0.000109946650304776,2.11432883239244e-06,0.00106738193840624,0.807200991920346,1.05028972592772e-06
"TCGA.39.5019.01A",0.0109710500028874,0.0033928393028928,0.00508361053541684,0.140051142545993,0.0693423052592823,0.0282986349529255,0.00922578006473084,0.00133179954967702,2.20058638399797e-07,0.000486357162254028,0.7318156889442,5.71621102455474e-07
"TCGA.NK.A5CR.01A",0.00275764114936327,1.83901201785022e-07,5.03877528515827e-09,0.275799445670712,0.0178319769164992,0.00533760660255976,0.00368911998655745,7.89518903717035e-05,6.23802164096341e-06,5.67114586880929e-06,0.694492714155192,4.45521257606097e-07
"TCGA.39.5040.01A",0.018554271184588,0.00266609003418435,0.00783923632386661,0.217144127292903,0.00772354379348788,0.0163985660278781,0.00813716283822859,0.000126079340439216,1.59098000436253e-08,7.36239048607075e-05,0.567849459260014,0.15348782408975
"TCGA.77.A5G6.01A",0.00802813663686575,0.000775915505484579,0.00581006321722981,0.233012603482265,0.00637141654845488,0.0149998240641057,0.00571931235901473,0.000418225045168791,3.05412125893826e-08,0.000149981942307343,0.504742133937453,0.219972356720437
"TCGA.98.A539.01A",0.000620455159324374,4.72308996227235e-06,0.00095785633952743,0.139757343528902,0.0327480292526073,0.0090534161251142,0.0189852305692208,0.000122860050741599,0.00204027451835382,1.55969902187998e-06,0.795708249151444,2.51578027917215e-09
"TCGA.85.6175.01A",6.05666253855918e-09,2.10451790602433e-07,3.11415797303253e-06,0.289245922583766,0.180630862386397,0.163684836755982,0.0926544569181516,0.000822827082465153,4.11356298803689e-07,0.000355761279563164,0.272600206151195,1.3848197551071e-06
"TCGA.34.5927.01A",0.00488245863384751,0.00140473657289217,0.000716316585021209,0.320488010264296,0.0158088036477267,0.0122787972697554,0.0045241617074225,0.000190174707862762,8.38465700020333e-07,0.000470409509957961,0.639233111694896,2.18094062240839e-06
"TCGA.85.8350.01A",0.00197292844220523,4.37214078304447e-06,1.30651377787957e-05,0.230498538498141,0.085525208206903,0.0295161993070322,0.019210844449985,0.00137446931557846,3.06884966651674e-06,0.000819007816228655,0.631062285484848,1.23508503650922e-08
"TCGA.NC.A5HM.01A",6.6230464597288e-07,1.59210972077077e-07,1.34096231208889e-07,0.267374986081155,0.0171573005393511,0.00342259506432839,0.00752953181428932,1.66235538869956e-05,2.30547693580728e-07,0.000597049253729771,0.703900249151486,4.78382231408435e-07
