"","cellFractions.B.Cells","cellFractions.CD4.T","cellFractions.CD8.T","cellFractions.DC","cellFractions.Endothelial.Cells","cellFractions.Fibroblasts","cellFractions.Macrophages","cellFractions.Mast.Cells","cellFractions.Monocytes","cellFractions.NK","cellFractions.Neutrophils","cellFractions.otherCells"
"TCGA.AG.3896.01A",0.00678626623554539,0.00399819307748197,0.00555840351993863,0.30379252300769,0.0661967337002326,0.0109849394699013,0.00812250560895907,6.8018816775799e-05,1.33760202010375e-07,0.00012715450828035,0.484186127687684,0.110179000607308
"TCGA.DC.4745.01A",0.0021320380817999,0.00709600356599126,0.000789145819986116,0.250892609051727,0.0865792609006911,0.00688368594162626,0.00329658339829235,0.000129491002089131,7.34766521046933e-08,0.000116353078667694,0.505501510911429,0.136583244771049
"TCGA.AH.6903.01A",0.00137820349122635,0.0018025048185369,0.000400828287130004,0.215756494386047,0.0186588086494676,0.0032721813928874,1.01133523081546e-10,8.85760215906512e-05,8.97790635191018e-07,0.000380526014918935,0.743028232341748,0.0152327467046789
"TCGA.AG.3599.01A",0.00291379592194039,0.00469033148481489,0.00921539711873401,0.445505140576812,0.025894665789641,0.00578037595135487,0.00905598650845177,0.000167007830876216,9.43757471364273e-10,0.000879504633589795,0.495897721987533,7.12524945307728e-08
"TCGA.AG.3581.01A",1.04720292879581e-07,2.37425046949319e-05,5.24073299800574e-08,0.109705323188484,0.0337280003348478,0.00442056150084078,0.00563441156443334,0.000120502498396342,3.47430337540325e-07,0.000219067943335505,0.846147045957607,8.39949400429597e-07
"TCGA.AG.3881.01A",0.0027609162867454,7.13483447579557e-06,6.90706785833055e-05,0.375538441363455,0.55486354280229,1.55079014639756e-08,0.0377587902832564,0.000662150034586198,3.45056900855885e-05,0.00173975935364393,0.0265656612355326,1.19294444404222e-08
"TCGA.CL.5917.01A",5.50401967563575e-06,3.62177760138413e-06,2.43318582042358e-05,0.18557028299633,0.0301264540585245,0.0124821742183426,5.29351527042875e-09,1.93377549484156e-05,6.86906104697348e-09,7.40269372294087e-09,0.771767102447213,1.17130388962718e-06
"TCGA.AG.3902.01A",0.0121104008139125,0.037123868256508,0.0134538377822623,0.472414766322233,0.0436787759525221,0.00937896412292555,0.0325155897936578,0.000463273666895831,8.37516794026623e-07,0.00319565771193655,3.83925073054149e-05,0.375625635553047
"TCGA.CI.6624.01C",0.0101283645438364,0.014121791104855,0.00494814841331578,0.257682533354612,0.0776465370021109,0.0152737028838534,0.00709668215615219,0.000258833586890641,7.36163495023213e-09,0.000303033876762108,0.448246839255368,0.164293526460609
"TCGA.AF.2692.01A",0.00138087333458994,0.00278869112223234,0.00368193945993918,0.263364191010181,0.0431579573527133,0.0105712143697131,0.00154020380767957,0.000107975229387658,2.79308525152937e-07,4.79806582839556e-05,0.544393883513416,0.128964810833339
"TCGA.DC.6683.01A",0.00178040718049846,0.00245358282503718,0.00152591445686163,0.251246106052664,0.0304132147081352,0.0156746286876148,0.00196597387566169,8.38369155698009e-05,1.87536043593711e-08,8.22831164028598e-09,0.682790627846534,0.0120656804695067
"TCGA.DC.6682.01A",0.00212139494089357,0.00801724023408275,0.000445481104621783,0.133777653798542,0.0322696983960107,0.00409627660631816,0.00265327581121277,3.65204470310403e-05,6.1911779422358e-08,0.00037370369868193,0.249703151995918,0.566505541054908
"TCGA.F5.6702.01A",0.000361514162322333,2.06727242655266e-05,0.00237814839568896,0.230758732313091,0.306828742303991,0.160015744014963,0.0194248893278293,0.000374687782629044,0.000255613702611152,2.45650969818767e-05,0.279544272952029,1.24172235989785e-05
"TCGA.AF.4110.01A",0.0392288661393038,0.00617762117886771,2.06873649788566e-08,0.157806520855258,0.0885264843996964,0.0161678942964796,0.010897201746061,0.000268095626605321,2.50946186308026e-07,0.000684237509689591,0.680242422279627,3.84334859493544e-07
"TCGA.F5.6861.01A",1.86274718743697e-05,0.000323300559869237,2.21838985169589e-08,0.201995496760663,0.0819614300895149,0.00344167681506305,0.001952157751953,7.77328718161736e-06,1.11228052112717e-07,0.00014398851044456,0.710155375249593,4.00918925662249e-08
"TCGA.G5.6235.01A",0.00142598168970299,0.00156694848541067,2.3501176449254e-05,0.159947358919136,0.00528684489883883,0.00100692606263246,3.66538434421522e-11,8.0167586646342e-07,3.40515384855006e-09,5.91587343761085e-05,0.830682471682714,3.23306549177936e-09
"TCGA.AG.3999.01A",0.000926227834023916,0.00135885812018152,0.000775972917492836,0.212582664225706,0.0465522969628005,0.00659164358878398,0.00233272458816086,0.00036563923031946,7.96509681027342e-07,1.04776096687685e-05,0.728498508333976,4.19007920434084e-06
"TCGA.AG.A02N.01A",0.00140550545443421,0.000220729635988489,0.0157514846950989,0.240895642043553,0.00703583842470475,0.00222549756930621,0.00306927271463639,0.000214414669144638,6.19307464974592e-09,0.000483582961734838,0.615668772762543,0.113029252875781
"TCGA.AF.6136.01A",0.00739912158745821,0.0050986021403695,0.000157851306677513,0.220190345160025,0.0431643344322461,0.00884025749099872,0.00252145779800148,0.000283743001081229,5.80559576327762e-07,0.000215940962690723,0.427406295726637,0.284721469834238
"TCGA.AG.3580.01A",1.78905447801879e-05,0.00730794104485212,4.58519826905952e-06,0.214949265574907,0.0129103332967605,0.00473842214171742,0.00290636191851699,5.3148817889465e-05,2.31774622209133e-10,0.000650627443578692,0.756461410405735,1.33812186014526e-08
"TCGA.DY.A1H8.01A",0.000223543034034658,0.00312098049222101,0.00178237242310248,0.10491263511036,0.00720459573978053,0.000456593018660014,0.000559193183022602,2.29021982472974e-05,6.01235360602326e-08,2.07567903968208e-07,0.406218452196268,0.475498464912863
"TCGA.AG.A032.01A",0.00168426682373847,0.00346222580136773,4.66863803019653e-05,0.262330714438898,0.0195416875208378,0.00529176443570743,0.000647493558587635,8.31045895423004e-05,2.22802720311307e-07,0.00019159923000959,0.706719611708097,6.22710191755164e-07
"TCGA.EI.6512.01A",0.000563799469118433,0.00160252925621642,3.94157359781073e-07,0.732061526569156,0.0131996233602288,0.0166563822014378,0.00497056966486146,0.00021897907388118,3.60560946417148e-07,0.00048660116878686,0.230239230634727,3.88328061327293e-09
"TCGA.AG.3575.01A",7.19361952898963e-07,0.000878290951552968,9.01663996219619e-07,0.202118873611714,0.095415588204773,0.0605164814183594,0.0104642390431743,0.000100073268634459,2.0076173632062e-07,0.000590471309923942,0.629906918127191,7.24227699114107e-06
"TCGA.AF.6672.01A",0.00731963945777187,0.0050671954745094,0.00430471569383682,0.15245492841766,0.0259766377127142,0.00676832971065915,0.00174391393637345,9.78367615395285e-05,2.35977449699341e-08,1.08528358174912e-05,0.349293217605215,0.446962708796157
"TCGA.EI.6514.01A",8.32774065040324e-08,2.07289079345867e-06,1.49768752328214e-06,0.243062380674937,0.17416029773935,0.000101271580954567,0.004197893310649,4.23207897837517e-05,9.87038057438525e-08,1.39827123257364e-05,0.57841794526857,1.55363900611028e-07
"TCGA.AH.6644.01A",0.0025138519588486,0.00485807691369628,0.0055780975919467,0.282131346354052,0.0636017537858156,0.0304054827177789,0.00390554919339434,0.00030559494663262,1.61683800152003e-08,4.24041118603033e-05,0.606261599597273,0.000396226660322096
"TCGA.AF.6655.01A",0.00148005887381895,0.00401468038159757,0.00119388645167992,0.251581334044676,0.0438827262535078,0.0448328548423053,0.00216291070416721,0.000199929755693374,1.96245589779505e-07,1.11812874003296e-05,0.647725308669015,0.00291493249054832
"TCGA.AF.A56K.01A",0.00295610942863633,0.00595197836541803,2.233033988792e-07,0.339276296853917,0.0451750005184434,0.0178253725134853,0.00256889535140604,0.000146233102670358,7.96242417138465e-08,0.000472574988299973,0.585626118617106,1.11733297698724e-06
"TCGA.G5.6641.01A",0.00112630892376345,0.000588324758793419,0.000641016077689473,0.128409492736976,0.0124637208623741,0.000371611305090674,1.43217094651714e-09,7.42304015983015e-05,1.74597158380776e-09,9.05492689019186e-07,0.556513368423286,0.299811017839597
"TCGA.DY.A1DG.01A",0.000703872553188694,0.00047672955605122,0.000892176191437828,0.188195531964268,0.00968637947304024,0.000933912212336457,2.63462951354152e-09,1.68639539105793e-05,1.34712940318741e-08,1.25028765864759e-05,0.740856358366554,0.0582256567467031
"TCGA.AG.4001.01A",1.07670045706235e-05,1.05615774648596e-06,0.000336575459851392,0.189004255069503,0.109639085636562,0.0309161856595005,0.0114247137698661,0.000593577951259405,2.01106056352357e-05,0.000573875245730595,0.657479483253111,3.1418666279302e-07
"TCGA.AG.A026.01A",0.000852210680301258,0.000573072882297699,0.00140675475138009,0.125577432225758,0.305833042393643,6.46554222244324e-10,0.00238260657055262,1.26739614065395e-05,2.17562576104257e-07,3.47896317636903e-06,0.495025041402669,0.0683334679596846
"TCGA.EI.7004.01A",3.58985508160663e-05,3.31737753211299e-06,2.66894977825758e-06,0.00904874520820649,0.702493925113804,0.118568889925081,0.032666329517332,0.000630273451480869,2.31436583192719e-05,0.000514048057285337,0.135977987011779,3.47731785851335e-05
"TCGA.AG.3878.01A",0.00867124848890034,0.0126540353474695,5.10061664622977e-08,0.254704842937851,0.0828872622883088,0.0133571536984082,0.0167468137558581,0.000964991060093639,1.26003592420379e-05,0.00156668974447137,0.608434310542975,7.70254890159032e-10
"TCGA.AG.3611.01A",0.00438153960649552,0.0120725310984838,5.5552138986512e-07,0.219650544110888,0.0257109934241275,0.00430197668190371,0.00625220906214951,0.000232576085444863,3.97540128171401e-08,0.000243539937943157,0.35579847786073,0.371355016856431
"TCGA.AF.3400.01A",0.000294289150954647,2.28585474992706e-06,3.81730269662313e-07,0.135720346641024,0.139988709878897,0.0756702246716662,0.0262819772914974,6.17290663975177e-05,0.000141581554019338,0.00016230356130873,0.621676168369691,2.22952489073781e-09
"TCGA.G5.6572.01A",1.32650437306222e-07,1.58231749957285e-07,9.96127320157491e-08,0.237067288543199,0.000400750819473378,0.0390029392032013,0.00257892704836378,9.34718145902561e-05,3.70605359630185e-07,7.37828310010938e-08,0.720855184384332,6.03303730678597e-07
"TCGA.AG.3574.01A",1.83106724944418e-09,4.22258259857381e-10,1.71668805934402e-07,0.308138718240415,0.0402503231590591,0.00497303318939238,0.00685572832549682,2.24335415307637e-05,8.64975415741112e-09,0.000191788254090736,0.639567789153503,3.56462670602612e-09
"TCGA.AG.3605.01A",0.00476538548954421,0.00911475119499063,0.00862267723298669,0.234973675365265,0.0376797769798141,0.00557616073139353,0.00991091043241002,7.05837760198524e-05,1.03688139837882e-07,0.000422212258967839,0.104135596447083,0.584728166403386
"TCGA.AG.3731.01A",0.0115315369541983,0.0127523466234492,0.00254472220654575,0.369435336278074,0.12105925351922,0.0447863615401152,0.0208906180675399,0.000428564930515136,1.0819284607497e-07,0.00186657681379303,0.414704399165572,1.75708131031556e-07
"TCGA.AG.A01J.01A",0.00173146648872951,0.00380265960684838,0.00387504810978254,0.185016781593803,0.012883377743943,0.00159304453939212,0.000377714477499371,0.000113177195651366,1.08537061848831e-09,0.000309706819081813,0.565640518986273,0.224656503353626
"TCGA.AG.A01N.01A",0.000167978473526853,0.00141438875854063,0.00206490403515101,0.132534073270883,0.0610373639115485,0.00359585428044459,0.00220953521382172,6.83768306015588e-05,1.14912709989112e-08,6.49488975552057e-10,0.21391030536963,0.582997207715092
"TCGA.DT.5265.01A",0.000715668638456933,0.000331680609390062,8.21226481320594e-05,0.118745414471493,0.563075778824199,0.0148392110717432,0.0196108285729925,0.000145853926887035,0.00163198898479165,4.97483887517003e-05,0.28076305006368,8.65379948282036e-06
"TCGA.AG.A00Y.01A",0.00735751930459623,0.0125639127117076,6.09083845161576e-07,0.158101480639599,0.0108265343991263,0.00371472636676718,0.00572556878473202,0.000341521318467335,5.97627479236677e-08,0.000823390386822511,0.305792668448917,0.494752008792671
"TCGA.AH.6547.01A",0.0738801666591354,0.0266991277684612,0.000520053166812597,0.603769984136712,0.0811124262841265,0.0348583116661618,0.0194318145698754,0.000889988949070702,6.13733475759209e-08,0.00163064164069582,0.15719359873051,1.38250550904632e-05
"TCGA.AH.6549.01A",0.000639060690168567,0.00402084799699457,6.13958284911384e-05,0.288171778267462,0.0875968475770887,0.0110237781547275,0.00933547961457615,1.520725108009e-05,3.7311410014591e-08,5.00035297425819e-05,0.501119999794313,0.0979655639839459
"TCGA.AF.A56L.01A",0.00275241142509202,0.00417569935909942,0.00281476310162045,0.204690421201882,0.0563041612681029,0.0127870811325668,0.00290309786105969,0.000154853879158786,8.31308555467609e-08,0.000158943931903597,0.480057738945844,0.233200744762815
"TCGA.AG.A036.01A",0.00203315204049199,0.007771808894188,0.00853520342037018,0.185695635776067,0.0313677544860215,0.0123338802593038,0.00381157649236863,0.00010126080001428,5.3086381327294e-08,0.000166877896349275,0.392141747188926,0.356041049659518
"TCGA.DC.4749.01A",0.00174688457622614,0.00484753953861508,0.000236689003046257,0.209619354931721,0.0227445051774444,0.0131151183152926,0.00044057257885942,6.35546725466082e-05,3.27728997336297e-09,1.08902255596695e-08,0.660315238492794,0.0868705285459397
"TCGA.AF.2687.01A",8.15567470859061e-06,0.000217777795908237,2.51336203272094e-05,0.297390296022438,0.53767911734934,0.0961953876964955,0.042420812936751,0.000889252608715729,9.82245842011067e-06,0.00256949750831436,0.0225778764911548,1.68698374272128e-05
"TCGA.AG.3883.01A",0.00332222284248589,0.0211080403839243,3.42344552929617e-07,0.54522622497892,0.275442564491145,0.0325385904931835,0.0209190885047564,0.0011875658520584,2.81544516545355e-06,0.000998798010610919,0.00831935574214245,0.0909343909110556
"TCGA.CL.4957.01A",0.00208464949430789,0.00412534604616878,0.00119907863759735,0.176453999448712,0.0368318468214777,0.00950144225716643,0.000852338577931635,6.98250277267355e-05,6.98156191136951e-08,1.91575449151505e-08,0.477418900672865,0.291462484042882
"TCGA.AG.A01Y.01A",0.0211341510912657,0.000660519545688989,0.0128281167027916,0.505368569989483,0.0633643853720349,0.0149710362669197,0.0110140314982393,8.79611217289897e-05,6.21870905338102e-08,0.000411038057804428,0.370157521159493,2.60700746016405e-06
"TCGA.AG.3890.01A",0.0278980518799548,0.0150754922706738,0.00157888330332362,0.336444882788712,0.0443146456260424,0.0101194491870129,0.00837731836555365,0.000104923886946059,1.71907586216102e-07,0.00104233024144423,0.451313610489989,0.103730240052761
"TCGA.AG.A011.01A",0.00448022949889301,0.00570638606120849,0.00105506519221101,0.208494046636419,0.0208721419370352,0.00469020047393764,0.00230439264197551,4.23086690182058e-05,8.70354431660889e-09,2.8637944826824e-05,0.613328664301807,0.138997917939123
"TCGA.AG.3592.01A",0.00463291740398271,0.00599211777964229,0.00991069841808329,0.210600174708991,0.0347408513241757,0.00980949573169964,0.00567850907555463,0.000205054354506278,1.34028222909072e-06,7.60654448218323e-06,0.356827747012237,0.361593487364417
"TCGA.AG.3892.01A",0.00881167518573063,0.0256875155958479,0.00410703637723116,0.351640025992299,0.0227310776740729,0.00896128713045734,0.0101856601952149,8.86196094784321e-05,5.88280653806946e-09,0.00205005285140776,0.552521509200337,0.0132155343051169
"TCGA.AF.A56N.01A",9.86576978505373e-05,0.000852919549785626,1.42925188924005e-05,0.55110902119096,0.0800955403647111,0.0201419685241948,0.004787570420023,8.1534882992136e-05,3.19382182294144e-05,0.000176559878191832,0.342609963542933,3.32112367564341e-08
"TCGA.EI.6513.01A",0.00180549023510985,0.000747967817836399,0.00768543682812893,0.242887815329492,0.0548103806099126,0.0083574617805427,0.00308394679224118,1.60674521768875e-05,3.06889106671572e-07,4.79704892955129e-05,0.601431849372031,0.0791253064041264
"TCGA.EI.6882.01A",0.0039445883996837,0.00107650384662557,0.000165775988881354,0.315812980055065,0.01548473891976,0.00969187648988221,0.00514817239360316,0.000136373546943838,2.69366133680759e-06,0.000803871553802763,0.647731113132988,1.31201142748462e-06
"TCGA.F5.6812.01A",0.00830632929374426,0.00845024080619726,2.98783479230754e-05,0.26391625544593,0.49372827883055,0.00128267174017107,0.0106958816590721,9.81083576925318e-05,5.51133431482497e-08,0.000702282957269563,0.212789882581611,1.34866496125493e-07
"TCGA.AG.3726.01A",0.000200324617307821,0.00116108446494169,0.00156971132487031,0.305176008091615,0.0406403271252902,0.00163249656057718,0.00364218840282162,0.000114809195111981,1.16759459752413e-07,7.68681924137549e-05,0.645785840458121,2.24807468849794e-07
"TCGA.EI.6917.01A",2.91053733117013e-09,0.00125628767817709,0.000455143694516709,0.412063473518903,0.185670924491192,0.0332922718109885,0.0494894935591701,4.49891490211504e-05,1.22944525913141e-07,0.00106627330442883,0.316659213003638,1.80393490137636e-06
"TCGA.AG.A02X.01A",0.00111680894688876,0.00508894992168451,0.000147478356492887,0.160392714259297,0.00932045051823203,0.00181316563445118,0.0021658350292263,2.8732526481955e-05,1.01281442904454e-08,0.000362685160097416,0.362023298969504,0.4575398705495
"TCGA.AG.A015.01A",0.000105416179487863,0.00201872517877894,0.000205448193625578,0.203638351820454,0.0110269474690316,0.00240797676588551,4.75555660529459e-09,3.18116161781359e-07,3.86061951427767e-08,9.79300457549205e-07,0.67716109052037,0.103434703093995
"TCGA.AF.2693.01A",0.0116052548562828,0.00728492726392999,0.00451456596123512,0.277039928793326,0.0538123165066726,0.00837757779686242,0.00541660133901046,0.000671109133836244,1.09511691687486e-09,0.000263551922474679,0.473723377625023,0.15729078770623
"TCGA.AG.4022.01A",2.99420851782398e-07,6.84716152964301e-05,1.07438936131469e-06,0.274338462591747,0.067379040869421,0.0296155003683689,0.00927043561541603,0.00018682852691204,2.76768859237664e-05,8.43028944213861e-05,0.619027878922005,2.79002751279578e-08
"TCGA.AG.A008.01A",4.38438886889447e-06,0.00366492078299974,1.18001643584577e-06,0.231738550049213,0.00788925999835119,0.000365430324504757,0.000406570613885157,2.18350057931728e-06,4.79876038030908e-09,0.000141505509161696,0.755785931641905,7.83753351670763e-08
"TCGA.AG.3582.01A",0.00421461906404276,0.0076176549636889,0.00343474287644951,0.268363956994109,0.0579199749555177,0.0128714925580207,0.00653792351108312,0.00026366271970652,1.33587037266611e-08,6.85678900869971e-05,0.505657152299969,0.133050238808623
"TCGA.G5.6233.01A",0.00202781574659957,0.00392557228021054,8.65887947533647e-05,0.249245295592047,0.0319760427006274,0.0064721135734325,0.00400228525402556,0.000401836960020417,7.06549274178104e-08,7.31870003845085e-05,0.588617436473968,0.113171754969003
"TCGA.AG.3742.01A",4.19995138965925e-05,0.00155789579510113,0.000469447902574353,0.234696686396239,0.0266499186236681,0.0122819935853703,0.00151481436074097,2.9949457900719e-05,4.15057819622567e-09,2.89329170034598e-05,0.722728355215899,2.08102842825253e-09
"TCGA.EI.6509.01A",6.28375249446918e-07,5.67042651980668e-08,1.34850055606935e-06,0.291138362244871,0.0275716976804351,0.00873736245357987,0.0020556088995121,1.82562029854124e-05,1.06046643651066e-07,2.24470006556438e-06,0.670474326487916,1.70392063479417e-09
"TCGA.AG.3602.01A",0.000684029754222994,0.00177477395009865,0.00295264445629902,0.209048759287102,0.0152761325259075,0.0315841324307933,0.00432484697515567,6.5244098297598e-05,7.82644549377953e-08,0.000269932743719937,0.734012314545511,7.11096843776213e-06
"TCGA.EI.6506.01A",0.00940686252568078,0.00749300964419762,5.56367273619475e-08,0.248037532064297,0.0317097698452936,0.00362898779997526,0.0053414815527405,0.000494214798417358,2.99142264456407e-07,0.000507864659255414,0.693379542060616,3.80270534279291e-07
"TCGA.CI.6622.01A",2.35056228276882e-05,2.95460780249832e-07,7.11486148159022e-08,0.105369149032952,0.0136139901662247,0.00361766480362657,0.000654527910777348,8.85762307880768e-05,1.10229184726566e-10,1.42701285545523e-05,0.876617925449869,2.39347551218514e-08
"TCGA.AG.3901.01A",0.00215480851504703,0.00061388146865232,3.05052949602903e-06,0.123987695260098,0.299483042880351,0.0444835489813297,0.0226545238430027,0.00067583418958728,3.60543644981337e-06,0.000369168529948827,0.505570791486791,4.887924683673e-08
"TCGA.AG.3894.01A",2.44196446655973e-06,4.92398502680138e-08,3.15884656645383e-06,0.446338919716169,0.0417250066422841,0.0075640915602587,0.00459530262553987,8.56538737205407e-05,7.11708412861513e-09,0.000268812164722021,0.499413950434731,2.60581460782721e-06
"TCGA.AG.4015.01A",0.00409247193491866,0.00346417423683616,0.000105593479834659,0.266557490491522,0.0275957118261796,0.00476119061657636,0.00271188990227974,9.06758426355102e-05,5.74296475654778e-09,0.000310983447361989,0.635118670123515,0.0551911423553756
"TCGA.AG.3727.01A",0.00119851649147269,0.0019876791627315,0.000113979043391899,0.328665669408491,0.089390236338927,0.00112270125613542,0.00873323334144438,0.000228231170169218,1.23467589732385e-07,0.000330756728225909,0.355252969372531,0.212975904218891
"TCGA.CI.6623.01B",1.61287783174824e-05,8.62395224161313e-05,0.000330024292573537,0.246816446800188,0.0152319341747239,0.00785135518136022,0.0012859192416725,6.39797922931041e-05,1.90054577265722e-08,0.000170513148864493,0.728147436633946,3.42818695083853e-09
"TCGA.AG.A02G.01A",0.00267714052367661,0.00505307117427474,0.00138536400749416,0.186555596943426,0.0232838720033315,0.00126908230946211,0.00316919429352988,5.72122482581234e-05,2.75148126888555e-09,0.000640553453032598,0.494461136150249,0.281447774141785
"TCGA.AG.3578.01A",0.00199171815554206,0.00745361321131174,0.000324529398744877,0.298087073080619,0.0290277022023129,0.00958688194483769,0.00544468972235063,0.000166473075949453,1.16492582225488e-06,0.00040274908436763,0.560952429106827,0.0865609760913141
"TCGA.DC.6681.01A",0.000619020133405275,0.00243156036647234,4.69426638734802e-05,0.0600700047421649,0.234679140615575,0.0132826416022289,0.00417341149393723,8.49105168128372e-05,5.91959252092781e-06,2.37819276380987e-05,0.684576444358002,6.22198736883685e-06
"TCGA.AG.3732.01A",0.0431869486761452,0.0163130280627669,0.0218016853047851,0.177430576506458,0.0644157763660425,0.00417312083283026,0.00587890875450372,0.0009036915371746,7.59862909344915e-08,0.000246494605926249,0.26669702242038,0.398952670946696
"TCGA.EI.6885.01A",3.44294420408567e-06,0.00264110655524289,2.36315058958214e-05,0.164937311479978,0.074627833767584,0.019973969586177,0.00494680721791235,0.000120929261213609,6.04579355361269e-07,0.000389096912955664,0.732335265461082,7.28399959046754e-10
"TCGA.DC.5337.01A",0.0011616694501238,0.0159640643450125,0.00429917365704526,0.235079275189439,0.0201177510651159,0.0196003216687402,0.00166874940309137,4.77463347870246e-05,3.32007492564946e-09,1.55048010613933e-05,0.669945436492699,0.0321003042728095
"TCGA.F5.6863.01A",6.24838837451142e-08,9.4730357926955e-06,3.51013552946803e-07,0.153926697543621,0.653425803261368,8.39980561390057e-09,0.00345417677378916,8.16275006146165e-07,3.07849780313665e-06,4.23162608776211e-07,0.189179032608704,7.69440654115489e-08
"TCGA.EI.6510.01A",0.0119452356870589,0.00720817015953906,2.86085287240316e-08,0.223303952096961,0.00571601147362772,0.000795989049848809,0.00026695453298961,2.95223336322667e-05,1.1595769541481e-08,0.000312056971043784,0.693195853079297,0.0572262144117035
"TCGA.AG.3587.01A",0.00223769229886778,0.0204394637610827,0.000216097963146666,0.260542418606025,0.100366286886986,0.0116859721403836,0.00884832133397771,0.000227086135614544,1.50670600233597e-07,0.000623246069860776,0.0762737843578158,0.518539479775638
"TCGA.F5.6464.01A",0.000183088629091834,1.73637987037886e-05,1.75946934424974e-05,0.0107532070261892,0.811314139010108,0.0438296746360827,0.0417082844792263,0.000502574835645602,0.000112251862674098,0.00218759152402153,0.0893467812883229,2.74482164918389e-05
"TCGA.DC.6156.01A",6.22739588959365e-06,0.0034911912641732,0.00898663809994384,0.226673335492803,0.126599858256346,0.0883684155801564,0.0287534890054289,0.000301809454642467,1.47366835112921e-07,0.00191483268180815,0.514903543901815,5.11500158355181e-07
"TCGA.AG.A016.01A",8.76586508551947e-05,0.000331381747498107,1.62429121797094e-08,0.228807894971584,0.0211969743074924,0.00120963400714969,1.38390242144213e-05,2.34655917286715e-05,1.63421151264705e-08,1.1183717474414e-05,0.719389034207357,0.0289289011896192
"TCGA.F5.6810.01A",1.70802682560659e-08,0.00011853770115772,2.39874501943447e-05,0.219340305790777,0.579110013438949,0.0155655926991138,0.00602787889592214,6.15403025702933e-05,0.000335373409969528,0.000692605554728351,0.178724107597034,4.0079315420945e-08
"TCGA.F5.6811.01A",0.000503163680620823,0.000521778245115268,0.000228703075220299,0.571318763598393,0.0650020439976239,0.109268999870004,0.013139401846737,0.000132481303064629,2.82166095692962e-07,9.35716683804895e-05,0.239776044175151,1.47663735930314e-05
"TCGA.AG.3584.01A",0.00563679656405492,0.00196031909666613,0.00970330220902957,0.284616503799592,0.0652263084796977,0.00692173764208144,0.0102722936615485,0.000286198277007989,3.29609112366508e-09,9.92480375240325e-05,0.615277155211868,1.33724837987311e-07
"TCGA.AG.3898.01A",1.83885044519803e-06,0.00320004796826946,5.77129289430414e-06,0.126351132683136,0.0415061942987088,0.00939361801025071,0.00340202374472544,3.61047678227784e-05,1.26167032052203e-08,0.000169107013786257,0.815933670426978,4.78326280700612e-07
"TCGA.EI.6884.01A",0.010740497461798,0.0116982631295284,0.000252015050186603,0.3904364152769,0.0713037125324907,0.0237445629216061,0.00997570486246118,0.000463546685938815,4.52037936828117e-08,0.00106051052524637,0.480316524771336,8.20157871388202e-06
"TCGA.AG.A002.01A",5.31602408298783e-07,5.46762859707841e-08,9.39532484732879e-09,0.319738214506121,0.0106352885918567,0.00239503252835068,0.00219117578876938,2.73616362263432e-05,3.51225403105332e-09,4.81851157503893e-07,0.665011764066142,8.18451034878853e-08
"TCGA.AG.3725.01A",0.00146047652637818,0.00499689732862076,0.00106328532790787,0.219570450730676,0.0141953026978343,0.00123838061143485,0.000396805625266486,4.61956814993396e-05,1.47230039644528e-09,0.000284285686184004,0.75674774241346,1.75898437318686e-07
"TCGA.CI.6619.01B",0.00316226295114518,0.00735435665491337,1.26215904433169e-06,0.308161392557246,0.0274071236518335,0.00460506025146408,0.0030230230634861,0.000466884662477447,1.37154727019499e-07,0.000390828240246138,0.645425911261645,1.75739177235822e-06
"TCGA.AG.A00C.01A",0.00142423153845906,0.00490070343124523,6.72163792547163e-07,0.215912877145952,0.00815831223440425,0.00120590092978124,9.87155064540596e-09,4.09754886834561e-06,4.0482060790526e-09,0.000111619943892339,0.767859839941586,0.000421731202262016
"TCGA.DY.A0XA.01A",0.00257061611987274,0.000509249436136884,0.00476549881577389,0.162333366368014,0.0214886343595258,0.0133177103399179,0.00201196518956562,2.9420042371853e-05,7.74420635654524e-07,4.76502350964945e-07,0.509135860441421,0.283836427964414
"TCGA.F5.6814.01A",1.23156252178996e-05,0.00609544701722945,2.39875231672448e-06,0.26876843911962,0.0977801456082137,0.00199255107461909,0.0164627707105879,3.0471536196694e-05,2.86706184217764e-09,0.00211541324621377,0.606739875835415,1.68607307535296e-07
"TCGA.AG.3893.01A",3.02526545091829e-07,0.00124404814290235,0.000264185890198212,0.297606897846101,0.0652749181588971,0.015712880291227,0.00624122696235106,7.55888138836972e-05,3.85783138822583e-07,0.000364247929884545,0.613215290134781,2.75200898968108e-08
"TCGA.AG.3583.01A",0.00532879827216936,0.00849722091299709,0.00209969158686913,0.234222258386207,0.0248772396184104,0.00165063131953887,0.00304658246208329,3.89623840097045e-05,2.73904166428988e-09,7.16193430827924e-05,0.597761846124216,0.122405146851374
"TCGA.AG.A01W.01A",0.00605964930263829,0.00670657236851058,0.00418740704267644,0.268233696013093,0.0169183978659979,0.00362473574180529,0.00335566941163795,6.36040708857937e-05,1.24747559686751e-08,0.000257300669549536,0.545970905716529,0.14462204932192
"TCGA.AG.A025.01A",0.000382300922691966,0.00333293781553691,0.000286895735189988,0.253957223905844,0.0195575563219608,0.00487088953910575,0.000634321403604866,0.000104137876776897,1.80437379171828e-07,0.000217382175979036,0.705618621556799,0.0110375523091313
"TCGA.DC.6155.01A",0.00209245426196996,0.00889669843166973,9.88099020352987e-08,0.0699068665982642,0.0341631456629811,0.0041937011395207,0.00518299257523485,0.000253549069443108,1.191960336659e-08,0.000683072600985601,0.455242488717183,0.419384920213242
"TCGA.F5.6813.01A",0.0130060681262199,0.00318933907492428,0.00905303640610526,0.238707870226869,0.146123581836897,0.00631082604476892,0.00523855381964638,0.000149780785534782,1.17235670203746e-08,0.000406188178767678,0.577814471928698,2.71848000781317e-07
"TCGA.AG.A020.01A",0.000816554541841559,3.84445002761132e-06,0.00417347641035278,0.232805990902905,0.0077562909685951,0.00123774439924088,9.99401858114298e-07,1.07873536093325e-05,1.66032673410641e-08,5.62808358512463e-05,0.726407823092847,0.0267301910396045
"TCGA.EI.6511.01A",0.0302815527451497,0.00448314917634975,0.0544431827986236,0.426534056372017,0.0619494035722512,0.0207710134437696,0.0291681775386238,0.00010924552361474,1.76958595682211e-06,0.00201458484518321,0.304314578267793,0.065929286130668
"TCGA.AG.3608.01A",0.00401508092994965,0.00873718304818234,0.0078394866616234,0.39802723956124,0.0286021173822356,0.00840848668806965,0.00958516348908591,0.000296490143129928,6.93690543524859e-10,0.000974772270671357,0.517641492433174,0.0158724866989471
"TCGA.AG.A01L.01A",0.00115074521942009,0.00197997000216331,2.64746144402804e-06,0.260245666390503,0.0165420432184153,0.00260788648272749,0.00118800517935246,0.000173279526647648,6.33192746668713e-08,0.000330118743656017,0.715779568788536,5.66785929545094e-09
"TCGA.AG.3586.01A",0.00141797891398029,0.000688874188009445,0.0079297235537175,0.279630448945066,0.0182697576208318,0.00711250345208556,0.00319326891516894,0.0001497633828271,6.73421976143079e-08,6.71649561868244e-06,0.600174636502548,0.0814262606879484
"TCGA.AF.3911.01A",0.000889475878702723,0.0059929815270183,6.1218929491792e-05,0.30450928992914,0.136246652379266,0.0180877883230025,0.00394640727098725,0.000149475552309358,6.30255402734643e-07,0.00021669073015761,0.500493819207542,0.0294055700169795
"TCGA.DY.A1DF.01A",0.000229527909562411,0.0004849628945494,1.72099384834011e-06,0.153314511730948,0.111377445029105,1.10936014013305e-09,2.15509270800911e-05,5.82127480128042e-06,8.77579677525288e-09,8.30586006465613e-10,0.734562467134729,1.98138963394709e-06
"TCGA.AF.2690.01A",0.0676116109511775,0.0364726639394139,0.0331413333503877,0.103308558803328,0.552369392578626,0.115895466346773,0.0831382746802858,0.00314176007214084,0.00257961554766168,0.000930922514575005,0.00116433889359595,0.000246062322034353
"TCGA.EI.7002.01A",0.00141564946998567,0.00369311736480132,0.00101535292439735,0.243570301351119,0.130504465506779,0.0135789635665352,0.00616541530424767,0.000152150243551889,3.21253092988053e-06,0.000162082248854803,0.442272934613644,0.157466354875154
"TCGA.AG.3593.01A",0.00702276324926361,0.0172707375868969,0.0135689471863367,0.35411650810827,0.0403286220561448,0.00773819103280862,0.0130555018208925,7.37617948283318e-05,5.93706934178052e-07,8.92605257471379e-07,0.197935267561725,0.348888213290641
"TCGA.AG.3600.01A",0.00342779225412224,0.00670804889342934,0.00186596748740679,0.390952540963892,0.0361345968349061,0.00762792477278714,0.0126400290896324,0.000510305805673775,1.44713408992271e-08,0.000816324846513899,0.492627334914948,0.0466891196653482
"TCGA.DC.5869.01A",0.000454344418050452,0.0012205077864066,0.00287589126055146,0.252691220933157,0.0506755306609209,0.0352555853202189,0.00165409377947917,6.99078059874664e-05,2.61696145765175e-08,2.84200193088492e-05,0.655074454305103,1.75412018195469e-08
"TCGA.EF.5830.01A",8.37951746306848e-05,0.00362695607266359,0.00067864328323272,0.182524894131935,0.0276352553329928,0.0037289088696053,0.00507455814037923,0.000112332400334801,2.98292369672493e-08,0.000725971443108557,0.473512598025003,0.302296057296877
"TCGA.AG.3591.01A",0.00268473493061131,0.00481276791867598,0.00349020771332626,0.221950619908628,0.0422449604940046,0.00208220236053869,0.00394912059165701,5.78242878085583e-05,2.78111381372719e-08,4.93481010739568e-05,0.485793424699174,0.232884761183363
"TCGA.CI.6620.01A",0.00266903528632131,0.00167689622119762,2.94241469868948e-05,0.232810335841869,0.0472634147973589,0.00774888589013884,0.00197061751935059,0.000244852305708558,2.08908983986025e-08,6.37146286830215e-05,0.705522033321717,7.69149770087289e-07
"TCGA.DC.6158.01A",0.00466004693023567,0.0214626900018663,0.000115060527883069,0.507496408782504,0.0245927723971099,0.107837908799467,0.0149903985738863,0.00101763369810307,0.00472812400769985,0.000933551155599724,0.312127366523523,3.80386021221916e-05
"TCGA.F5.6465.01A",0.00535748491026105,0.0018273919543906,2.43297815465556e-05,0.182384316986532,0.0736855481008032,0.039297143187557,0.0131676300646147,0.00027517605281961,1.96778512600442e-06,0.000787574242667023,0.683184650134858,6.7867988244488e-06
"TCGA.DC.6157.01A",0.00203468305682669,0.00562345692226819,0.00377785199781375,0.23597037594849,0.026176184789106,0.0135453899451392,0.00249104087023833,0.000184939234660275,2.77432181781707e-08,1.168053629427e-05,0.459631534522479,0.250552834433466
"TCGA.AF.2691.01A",0.00145540084374265,0.0098731953974525,7.56167081903074e-06,0.265507023010822,0.0890389161314566,0.00850410453431402,0.00923365182136763,0.00016875013125642,6.16268480141081e-07,0.00107711365863307,0.615133559024693,1.07506963105085e-07
"TCGA.AH.6897.01A",0.00175744005687661,0.0033874406260652,0.000151021172597056,0.230052958008105,0.0203380611437352,0.00147308948366468,2.81553229274444e-10,6.30362219186633e-06,7.23584015016514e-10,2.75353979297159e-07,0.742833045451769,3.64075878369296e-07
"TCGA.CI.6621.01A",0.0019781135510283,0.0130966279174797,0.00106679339836689,0.286782308569152,0.0407916665425448,0.015346179798026,0.00805056936543092,0.000252230449747065,1.6302836995997e-08,0.000776387003983741,0.596084772144678,0.0357743349567258
"TCGA.AG.3909.01A",0.0100136090817881,0.0037902588680858,1.34796730068036e-08,0.419615028579406,0.0392762818058735,0.0060955785116505,0.00522848052701328,0.000162048851251735,7.83128496529599e-10,0.000354121767326369,0.515464385515608,1.92229194938447e-07
"TCGA.AG.3612.01A",0.00719216693850332,0.00806336677877148,0.000734827213191551,0.412008515553204,0.0524173029219731,0.0191317810367486,0.00986349187675169,0.000380891618154942,1.22892437526505e-07,0.000448952172461907,0.437742043640964,0.0520165373568378
"TCGA.AG.4005.01A",0.00240858478450884,0.00104194392307962,7.45157965750275e-08,0.246472252799849,0.05445052490967,0.0111850119781513,0.00341057864283982,0.00015033841762317,5.86383013032045e-09,8.20739987798751e-05,0.680798594133417,1.60324542736644e-08
"TCGA.EI.6883.01A",0.00383824097560493,0.00827495943730401,0.00320815077804874,0.344469655886303,0.065201749697643,0.00353913566642327,0.00167667724442208,1.48665857015024e-05,3.27176028261103e-08,0.000823041247534718,0.568953489200491,5.6292118084738e-10
"TCGA.EI.6508.01A",0.00093826970836002,0.002027820859826,4.60618951957739e-06,0.281974725935473,0.047397151869616,0.00800668585870921,0.00321200170466903,6.94425418086142e-05,9.36953476648348e-10,0.000127216691065675,0.656241033810712,1.0438932869335e-06
"TCGA.EI.6881.01A",9.75063899055482e-06,1.59398764154195e-06,1.08807539598327e-06,0.30166394955375,0.0120731314130274,0.00242294075021379,0.0021501664540308,2.90597212374732e-05,7.00086525251215e-07,7.32068321607628e-06,0.681639925674814,3.72961157013027e-07
"TCGA.AG.3598.01A",4.05469911807789e-07,0.000652682455850135,0.00124963551033744,0.196979306398274,0.0184656058799796,0.00467023978235756,0.00691607743670364,4.56686379758744e-05,1.84109934017422e-08,0.000635952470895737,0.770384306462465,1.01084255776759e-07
"TCGA.F5.6864.01A",0.00144697101198586,0.00804217291988547,7.43680338261224e-07,0.263749452177379,0.497746217698189,0.0328059399558356,0.0164983267284122,0.000269627401490714,0.000135411188009873,0.000870617120079124,0.178432535987476,1.98413091811394e-06
"TCGA.AG.4008.01A",0.000506306269593396,0.000372087445652834,1.32701695608931e-05,0.292841575296333,0.0679658692057651,0.0261326540361831,0.00593520464057419,0.000187621413113261,2.44626055921181e-06,0.00023881721593434,0.6058024268689,1.72117783112807e-06
"TCGA.F5.6571.01A",0.00333647066249401,0.00883989533015166,0.00190180449478868,0.342764593562206,0.0799412325840684,0.0273556097027648,0.0086088651074519,0.000145572555119175,5.19816164864845e-08,0.000476516112550931,0.526622866262086,6.52164470226282e-06
"TCGA.AG.3601.01A",0.000356247557605839,0.00086900885790805,0.000778945981265746,0.235941748452056,0.0484881413584631,0.00748478907259319,0.00332563407489237,4.93131174041769e-05,2.50524507506386e-08,4.80862812918153e-05,0.593250194366315,0.109407865827754
"TCGA.AG.3609.01A",0.000259170237342295,0.00506194003898149,0.000200137966855099,0.206074417880738,0.0612683775843556,0.0155086211645887,0.00826887423391738,0.000127334145949883,1.7851914012518e-08,0.00090167567030767,0.70232930709576,1.26129289672051e-07
"TCGA.AG.3887.01A",0.00170879224177114,0.00360708028483662,0.00486021128262085,0.215122146619665,0.0285928293240652,0.00495026278148601,0.00338721180677102,6.32891387361781e-05,4.89395239337524e-10,0.000505336205449689,0.737202787367695,5.24575088679979e-08
"TCGA.AG.4021.01A",2.39462055579616e-06,5.6971760423952e-05,4.59956676653525e-06,0.370792052454872,0.10142030467129,0.0268330576079955,0.0081971967176391,4.14462958126637e-05,7.78928690819331e-07,3.80263960269573e-06,0.49264732692469,6.78116620773209e-08
"TCGA.AG.A023.01A",0.0089935012452412,0.0116184145632651,3.37689208921004e-05,0.209855795559337,0.0888064122874583,0.0123016415758929,0.0015359578407478,0.000159851780109617,1.26369046099572e-06,0.0004284065961986,0.496540657014712,0.169724328925684
"TCGA.EF.5831.01A",0.00283355606844286,0.00360507827306686,0.00108771739683483,0.263937336048192,0.0200912217990742,0.0273421623936806,0.00437748009770044,4.17960715274713e-05,6.74607267448583e-08,8.55202765728877e-05,0.638757186084025,0.0378408780301568
"TCGA.CL.5918.01A",5.03127762531871e-08,6.69734187531865e-05,3.15548374880158e-07,0.229020960849814,0.00838637887921727,0.00212844178977308,3.19362710684048e-10,1.0615036724507e-05,4.06363271477454e-10,7.11777351949526e-05,0.760315075622231,1.0081415099468e-08
"TCGA.AG.3885.01A",0.00777112609616876,0.00656038713684679,7.89038677531387e-07,0.442787449028826,0.0299196412836082,0.00196840131279236,0.00868260962841317,0.000870587217017155,1.40715984687819e-06,0.000724825036861978,0.500712771746503,5.31443793403406e-09
"TCGA.AF.5654.01A",9.14595344753744e-05,0.00161717345553029,0.000552205931558191,0.202755949654392,0.0148164024850273,0.00273822022237161,0.000437584257782689,2.76609525788315e-05,1.08239255301426e-08,8.76842497530844e-08,0.625601044656302,0.151362200341807
"TCGA.BM.6198.01A",0.00571085922170405,2.94516755623343e-05,0.01518900620463,0.235263067388872,0.0244533501680568,0.0143402188868268,0.00541239270741691,0.000104604995156274,4.55288817604733e-09,6.08660395988058e-05,0.599676067749494,0.0997601104097939
"TCGA.AG.3728.01A",0.0462128221690644,0.0489566236999712,7.21859267884611e-05,0.206273232522756,0.253125971467638,0.0102917514539607,0.0438811918867271,0.00204030649019901,1.75912727497564e-08,0.00201059979186142,3.37181222001445e-05,0.387101578877561
"TCGA.DY.A1DC.01A",0.00361115412218739,0.00470456491650433,0.000223771790411992,0.196651790795866,0.0467714199993973,0.0129971333194322,0.00305534777274796,0.000131095708440518,1.43461162077081e-07,0.000212969308116429,0.517626073473673,0.214014535332061
"TCGA.EI.6507.01A",3.23831676691841e-08,0.00358523330186409,0.00142062015683641,0.241847919791659,0.0815576114414706,0.0207569326106043,0.0182365772881581,7.06872670821614e-06,3.60256133420266e-09,0.00295954156831519,0.629628252239425,2.06889229711862e-07
"TCGA.DY.A1DE.01A",0.00055290094533564,0.00743853256836337,0.00174094781033968,0.175176297814316,0.219552898258074,7.36537329084865e-07,0.00777851370036085,7.45090436641844e-05,1.93659046841215e-07,0.000257285283782619,0.38297442800637,0.204452756373018
