"","cellFractions.B.Cells","cellFractions.CD4.T","cellFractions.CD8.T","cellFractions.DC","cellFractions.Endothelial.Cells","cellFractions.Fibroblasts","cellFractions.Macrophages","cellFractions.Mast.Cells","cellFractions.Monocytes","cellFractions.NK","cellFractions.Neutrophils","cellFractions.otherCells"
"BT1160",0.0230181684642694,8.54881502205148e-08,3.99483800136328e-05,2.01796939841917e-05,0.00152271588194867,0.00107031388229986,2.1179164557257e-08,0.000159514410763929,0.0987356424430633,0.00109979558385562,0.0235607519201954,0.850772862672291
"BT1187",4.41440881240933e-05,0.00367639359956629,0.0666167681574487,0.318888428351584,2.25030334113986e-06,0.0015078260235524,0.183700617451615,0.122232753790062,0.0732828985054814,0.00126017804321556,0.228746406920448,4.13347655618593e-05
"BT749",0.0403228405836574,0.000298863996090634,9.36120952670298e-06,9.38966827393579e-07,8.49875390318687e-05,0.00201381567717858,2.74117511426538e-09,7.36177659323719e-05,0.0654153662274931,0.00102430451332708,0.00103846439586197,0.889717436383898
"BT771",0.0531742185826578,2.15927194152609e-06,8.46931183856375e-05,0.0242532986529133,0.00031180985093609,0.00573929553480828,1.0064688095796e-06,7.07473499024583e-08,0.132851689684814,0.0006164094710169,0.489351091226275,0.293614257390093
"BT786",0.033177729324117,0.00013423197941209,9.55031958619096e-07,5.67849574100401e-07,3.03836140804841e-05,0.00153732103306255,1.97886220748021e-09,1.59890658196524e-05,0.0616598531948265,0.000243418425216619,0.231298583984604,0.671900964518467
"BT830",0.0542826665303647,4.86819371729539e-07,1.15122991103978e-06,0.000131213975707276,0.00234633657163138,0.105454389226898,7.15767627118873e-06,0.000998858725090101,0.142364144166278,0.000692469098170418,0.0184022418230977,0.675318884157209
"BT85",0.0586463475180007,0.000180997721707998,0.000488576314422791,1.03075950301601e-05,4.40661701131769e-05,0.00039460236647483,1.06171122262408e-08,6.69245458517299e-05,0.0681868181656104,0.000759902146882675,0.000575595380030982,0.870645851458762
"BT920",0.0467107056818358,1.07727540816714e-06,0.000213012604671679,0.158316250390156,3.72079967928942e-05,0.0243740150679774,0.0015658673154954,2.71172164945497e-05,0.115954947456566,0.000382955935535332,0.551925970478911,0.100490872580156
"MGH100",0.0271027488372013,0.00230875234093119,4.54113952688729e-05,1.84281897909841e-06,0.000576053779139863,0.00545830172744772,4.73125845714193e-09,0.000758421570967247,0.0998416722395359,0.00153477869006901,0.0101031079434827,0.852268903925719
"MGH101",4.06662387223872e-09,1.58543369759128e-07,8.58447304170776e-08,1.98211426375142e-07,2.62997011322714e-08,4.7660362571744e-08,0.00751409753334419,9.94536668645077e-08,0.02746436126248,1.97687205129169e-07,0.96502071283553,1.06015595829287e-08
"MGH102",8.74942062598737e-09,1.62064242882638e-05,2.51990103796624e-06,0.150997658408115,3.43145785766988e-05,0.00142151792768433,0.0534684694899449,4.06968327416521e-05,0.0716787469672981,0.000509063054899924,0.721830738775659,5.8890333506132e-08
"MGH104",0.0497581349020175,3.49291529216107e-05,4.83892072685712e-08,3.95035014823497e-06,0.000160123000608192,0.000323366783258401,1.0331096135955e-05,1.48556712933064e-05,0.119290053070384,0.000491071798934808,0.0132004890263684,0.816712646758722
"MGH105",2.70447581694313e-06,2.80286687568926e-05,0.00513036879640151,0.00528900633611574,2.22399148312479e-06,0.00110836210257718,0.0398267018263264,6.47272975143274e-05,0.0754138457523934,0.000457525684896981,0.872676458942995,4.612472264681e-08
"MGH106",0.148883768137745,0.0762226451815785,0.263162902693189,0.13136334645913,1.6361970753997e-05,0.00236671110100394,0.00701215037100514,7.31078191820501e-05,0.215827738360456,0.052391161341389,0.10267986916526,2.37399306687249e-07
"MGH110",0.0316895642187465,0.0138198213283,0.00567354399154092,0.0726966172400165,0.000133097009769168,0.000339322796982941,2.53627123055187e-09,3.09627779630112e-05,0.0933290200063679,0.0119899722831742,6.95688762388046e-07,0.770297380122105
"MGH113",0.0191281603340512,0.0230676665577653,6.46255194635604e-08,0.434978750346049,2.62808393086491e-06,0.000225344337203851,0.0335161419490656,0.000255525242705332,0.15788050244747,0.00425637636576016,0.326678704343391,1.0135367088338e-05
"MGH115",0.0533532990402932,0.000218763842716986,0.00024501652181218,0.0833407963915313,0.00415914731775094,0.00324772826737995,0.00954062979785368,1.94406271075855e-09,0.187770289917177,0.00440733720543377,0.0032942962994336,0.650422693454555
"MGH121",0.0502226484718846,0.000427472397877055,1.08104190771272e-07,2.49680853063592e-06,7.50381023289577e-05,0.0202831669350347,3.12640771011512e-06,4.55476086961923e-06,0.114774342936056,0.000840633424702446,0.00507931175524562,0.80828709989557
"MGH122",0.022179214417499,0.0167019299776464,2.46018253391453e-06,0.666006715913173,2.50960263934613e-05,0.00147720959203383,0.0715520061840625,7.63357614855276e-05,0.154880970770816,0.00279615441370368,1.5404323278166e-06,0.0643003663283254
"MGH124",0.0231637675992085,0.000277696356743597,2.48327267783103e-07,0.752937567290732,6.57816399792133e-05,0.000988310740909188,0.0317842355912587,2.36431462558342e-06,0.108811146817503,0.00219951679324821,1.49181038286666e-08,0.0797693496104208
"MGH125",0.0178964374551995,0.000648989144951337,0.0125690449544406,0.786499436088857,0.0009853149955847,0.000911811290437045,0.0237639117198835,0.000128309503730045,0.04390184700326,0.00152637395229687,1.41925558298053e-06,0.111167104635777
"MGH128",0.0718166806314935,6.73045379991577e-08,3.39032323394953e-06,6.93364701446376e-06,0.00273971642724105,0.00216803762419233,7.58594901420973e-06,2.93429114216532e-05,0.0889294548414248,0.00150824614495159,0.0426708371986406,0.790119706996834
"MGH129",0.0522655141297999,0.000565495886942206,6.33654530285581e-05,1.15586887174496e-06,0.000292296841185894,0.00881314378005455,1.30236251607683e-08,9.68235841346429e-05,0.146179489904958,0.00114438031224488,0.00241649418348714,0.788161827031667
"MGH136",0.0212726342134568,0.000102519769006833,8.36703208833649e-09,8.34137128121974e-07,0.000435326595201886,0.000409967649334609,2.32875721657225e-06,1.95387167629969e-05,0.0414669308351351,0.00136268285951616,0.000226467064785906,0.934700761035423
"MGH143",0.0556154823746399,1.67520965577904e-08,0.000166949068208763,1.75439187089653e-06,1.61178071453925e-05,0.021007986832563,6.7727234539629e-09,4.44210139089257e-05,0.102930523115562,0.000597796219911578,0.0141818518859345,0.805437093765435
"MGH151",0.010993616613639,5.16020869368794e-05,0.000338819520395035,7.87086433802328e-06,0.000685539554903829,0.000848339307679005,5.80632107700715e-09,0.000131646218399289,0.0803186400982261,0.0011763926493522,0.00642564867461616,0.899021878605193
"MGH152",0.0109678681242277,0.000318346640216588,0.000497813016194638,9.42870654563059e-06,0.00553984149387641,0.00138239336509615,9.09913195752612e-11,0.000113882027442527,0.121084326335764,0.00123639853524824,0.060672825998097,0.7981768756663
"MGH66",0.0483289057523345,8.36473695345827e-08,0.000143475271234886,7.06491796954874e-06,1.16618494333106e-08,0.0548348023392398,3.16299302563078e-06,0.000126954435833312,0.115268528809816,0.000633311473599573,0.010435027577773,0.770218671119955
