"","cellFractions.B.Cells","cellFractions.CD4.T","cellFractions.CD8.T","cellFractions.DC","cellFractions.Endothelial.Cells","cellFractions.Fibroblasts","cellFractions.Macrophages","cellFractions.Mast.Cells","cellFractions.Monocytes","cellFractions.NK","cellFractions.Neutrophils","cellFractions.otherCells"
"lymph_node_20",0.0632659141931037,0.000531689068532738,0.000369335148333015,1.15004271015521e-06,0.00410980307302283,0.00672728181833853,8.74034880567207e-09,3.62395031306879e-05,0.190099971386406,0.000232695370255276,0.00635348309693014,0.728272428558888
"lymph_node_25",0.263210044528371,0.0288193054689415,0.0881406986601176,0.00808513374791525,2.95308017875355e-06,0.238035042558715,2.393517926053e-06,0.0233116026452556,0.000138436920954867,0.00713403684165411,0.343015571946559,0.000104780083412045
"lymph_node_26",0.116916761298781,0.0086836276904933,1.53062376570566e-05,0.0109233025672669,0.000589081743325263,0.327982521555649,4.0109302550139e-09,1.69728866152145e-05,0.323516752093278,2.08404396891322e-05,0.21127344736401,6.13821123057272e-05
"lymph_node_28",0.171961218970975,0.000933318064438148,0.000477614940888431,0.058372444197796,0.0168766305731271,0.193377144242171,0.000139594628954205,0.018872473631697,0.00021129332207694,0.00807210442706977,0.530574385244749,0.000131777756057276
"lymph_node_5",0.121723932292843,0.000154998971172942,1.92180858227505e-05,2.58445104208424e-05,0.152739320564218,0.103077556739518,8.64086803155462e-10,0.0894782369780195,0.167874440389304,6.7300121097996e-05,0.3648340707048,5.07977869580139e-06
"primary_10",3.88582222771002e-05,0.00340701682404892,8.450879124377e-06,0.00218274629315703,0.000749739814817678,0.970394184520585,7.42385330094212e-05,0.0139155610848766,3.84297573545553e-06,0.00249422919845872,0.0067264315642953,4.70008961434009e-06
"primary_12",1.40137414482204e-05,0.275703592534068,0.636352900114872,6.57092731615939e-08,1.04615551217446e-05,7.19711111400568e-06,6.12332397602115e-06,8.33996604510141e-06,3.2027950831239e-06,0.0740523785153466,0.0138415672632976,1.57370354579545e-07
"primary_13",0.257861251133928,0.0971055850845917,0.0691099921325954,3.43169846215203e-07,0.00508747722270126,0.220145853432792,0.00131425900962817,0.349317281813211,4.16934606367431e-05,6.29304035913066e-08,1.60093150083307e-05,1.91294657830291e-07
"primary_16",4.17514601134903e-08,0.0205122823011894,0.401212871272706,1.49881613281017e-06,0.00333356334410234,0.271063111249532,0.000806996061833763,0.292887756905327,5.25395713190368e-08,0.0101102431720222,7.15469676618653e-05,3.56184615814847e-08
"primary_17",7.95838454147804e-08,0.00225081628139015,0.144117172071838,1.58891384257941e-06,0.000443618243849661,0.226877230617521,1.61362930372966e-08,0.034320243915467,0.000377395945819403,0.015148373343038,0.576462773159961,6.91787135215454e-07
"primary_18",0.068443302115458,0.160209835724142,0.10343768944827,1.25479623194199e-07,0.00705067614971723,0.0876529083940863,2.47924222431987e-05,0.117740417980704,1.02020476580703e-06,0.0752506982003843,0.380187347987745,1.18589286110513e-06
"primary_20",0.0405904604973208,0.000877199922442914,0.000482788053713008,2.06824728770647e-05,0.0117534204240249,0.0672092950940336,1.95189817570469e-08,3.33765407616824e-05,0.185699328006191,0.000322529441591335,0.221109498337084,0.471901401690978
"primary_22",3.47553957429297e-05,6.56405243703259e-05,6.87274902588499e-05,5.55179838091303e-05,5.52054203377328e-05,0.238733700076148,0.00179505997702419,0.728845527750208,1.71890511108606e-05,0.000669481447889492,0.0296417247156508,1.7470167449368e-05
"primary_23",4.07435921499242e-06,0.249303608813871,0.395816572542286,8.9937182147149e-06,1.67443276128818e-05,7.13407766736926e-06,8.45585071217429e-07,7.04049237684307e-06,8.5709244109442e-07,0.354822159517778,1.04452396105072e-05,1.52423385495977e-06
"primary_24",1.06471598717117e-08,2.49069973304535e-06,9.89198100293475e-06,9.64088373695944e-05,6.1278606991147e-06,0.286876057525623,4.9236972858071e-06,0.712980188169603,1.19011726043403e-06,8.44335065274729e-07,2.07095972348444e-05,1.15653196218187e-06
"primary_25",0.00715646210372491,0.000214508408344987,0.162079349357716,0.00398214162511515,0.000796548272464944,0.293376346903458,7.15438645992417e-10,0.0940686880296022,0.0640971545537862,0.0402026153991554,0.333949552228124,7.66324030705155e-05
"primary_26",0.00762395637528973,0.00700228041039202,0.0064645993219171,0.0125979209057041,0.000538441714520266,0.493610870060068,3.91001197814517e-10,0.0112920730661697,0.00233392901813967,0.00100519752480199,0.45753045270573,2.78506266670023e-07
"primary_28",8.76323533828464e-06,0.000636295833178648,3.08267075853428e-06,5.01353204161125e-06,0.00777374105375791,0.742883749934596,5.90846925898307e-06,0.000203659494058449,0.0126211029296943,6.56127293655423e-07,0.235762862335914,9.51643841102348e-05
"primary_5",2.66404920246805e-08,0.00737068238445635,0.0417479423835367,1.82318493030648e-07,0.000463721192590519,0.159461693440939,0.036391542773193,0.0724173643446169,2.4121207352164e-05,0.00212548062265301,0.679997224575735,1.81159427138644e-08
"primary_6",0.0742865778954014,0.000108664662354724,0.000920735154853166,1.47348027220998e-05,0.0178458210842597,0.524830647531945,4.60876256036199e-09,0.016620341192469,0.048275070661763,9.69921775382764e-05,0.316973404583253,2.70056446777978e-05
"primary_7",0.000117485640827392,0.000291752757572874,0.000495870569987018,5.75050277110659e-05,2.56142746563818e-05,0.463967372744197,1.52073643646597e-05,0.000116180446458658,0.463780137514474,0.000113197095782648,5.6398494403633e-06,0.0710140367145284
"primary_8",1.91837904271261e-06,2.96936432449318e-07,4.55205462686574e-05,4.38005940531095e-09,0.00352025521615293,0.965764244929019,1.78664865738024e-05,0.0306407655144963,1.15112330618353e-06,4.775740618572e-06,1.20133217723888e-06,1.99941585237067e-06
