,Plasma B cells,Non-plasma B cells,CD4 T,CD8 T effector,CD8 T (GZMK high),Double-neg-like T,DC,Endothelial Cells,CAFs,Myofibroblasts,Macrophages,Mast Cells,NK,Neutrophils,Monocytes,1-others,Cancer Cells
TCGA-CV-5442-01A,0.000,0.000,0.000,0.000,0.000,0.000,0.011,0.013,0.000,0.000,0.006,0.000,0.000,0.002,0.001,0.967,0.967
TCGA-CR-7392-01A,0.039,0.001,0.052,0.007,0.035,0.000,0.032,0.081,0.187,0.028,0.067,0.001,0.001,0.024,0.002,0.442,0.442
TCGA-UF-A71A-01A,0.000,0.000,0.000,0.000,0.001,0.000,0.004,0.050,0.129,0.024,0.035,0.000,0.000,0.001,0.000,0.755,0.755
TCGA-CN-A642-01A,0.000,0.000,0.000,0.041,0.000,0.000,0.009,0.023,0.029,0.001,0.038,0.000,0.000,0.000,0.000,0.858,0.858
TCGA-CV-A45U-01A,0.000,0.000,0.032,0.030,0.010,0.000,0.005,0.033,0.050,0.000,0.017,0.000,0.000,0.004,0.000,0.816,0.816
TCGA-CN-6012-01A,0.031,0.000,0.031,0.011,0.012,0.000,0.020,0.067,0.066,0.001,0.056,0.000,0.000,0.012,0.000,0.693,0.693
TCGA-CV-A45W-01A,0.105,0.002,0.036,0.002,0.026,0.000,0.013,0.061,0.068,0.009,0.075,0.000,0.001,0.007,0.000,0.596,0.596
TCGA-CV-A6K0-01B,0.000,0.000,0.057,0.002,0.028,0.000,0.086,0.072,0.169,0.024,0.039,0.000,0.000,0.009,0.000,0.512,0.512
TCGA-QK-A6VB-01A,0.000,0.000,0.002,0.004,0.000,0.000,0.000,0.025,0.021,0.005,0.019,0.000,0.001,0.005,0.000,0.917,0.917
TCGA-CV-6959-01A,0.003,0.000,0.014,0.014,0.001,0.000,0.016,0.094,0.068,0.033,0.043,0.000,0.001,0.013,0.017,0.684,0.684
TCGA-HD-7832-01A,0.000,0.000,0.005,0.019,0.000,0.000,0.000,0.020,0.015,0.000,0.049,0.000,0.000,0.003,0.000,0.890,0.890
TCGA-CV-7255-01A,0.000,0.000,0.003,0.002,0.000,0.000,0.000,0.040,0.025,0.003,0.006,0.000,0.000,0.006,0.000,0.915,0.915
TCGA-CR-5243-01A,0.019,0.000,0.037,0.033,0.009,0.000,0.036,0.071,0.141,0.016,0.022,0.000,0.001,0.012,0.000,0.604,0.604
TCGA-P3-A6T5-01A,0.000,0.000,0.012,0.004,0.000,0.000,0.017,0.031,0.060,0.002,0.029,0.000,0.000,0.004,0.000,0.841,0.841
TCGA-CV-6952-01A,0.001,0.000,0.011,0.024,0.003,0.000,0.017,0.056,0.022,0.012,0.019,0.000,0.000,0.010,0.005,0.822,0.822
TCGA-D6-A6ES-01A,0.000,0.000,0.002,0.001,0.004,0.000,0.005,0.009,0.002,0.000,0.035,0.000,0.000,0.000,0.002,0.940,0.940
TCGA-CN-5366-01A,0.000,0.000,0.004,0.027,0.002,0.000,0.000,0.059,0.120,0.009,0.039,0.000,0.000,0.006,0.000,0.733,0.733
TCGA-CQ-6223-01A,0.000,0.000,0.012,0.006,0.006,0.000,0.005,0.033,0.011,0.000,0.030,0.000,0.000,0.015,0.000,0.882,0.882
TCGA-F7-7848-01A,0.012,0.000,0.035,0.011,0.023,0.000,0.034,0.078,0.070,0.003,0.028,0.000,0.001,0.015,0.008,0.680,0.680
TCGA-CV-A6JM-01A,0.013,0.000,0.012,0.009,0.005,0.000,0.000,0.012,0.040,0.001,0.043,0.000,0.000,0.000,0.001,0.865,0.865
TCGA-CN-5359-01A,0.000,0.000,0.051,0.028,0.028,0.000,0.027,0.067,0.190,0.012,0.099,0.001,0.001,0.030,0.020,0.446,0.446
TCGA-P3-A5QA-01A,0.000,0.000,0.001,0.003,0.000,0.000,0.005,0.027,0.302,0.014,0.005,0.000,0.001,0.002,0.000,0.639,0.639
TCGA-CN-4734-01A,0.000,0.000,0.012,0.042,0.000,0.000,0.025,0.053,0.051,0.002,0.044,0.000,0.000,0.009,0.005,0.758,0.758
TCGA-CV-6441-01A,0.000,0.000,0.000,0.002,0.000,0.000,0.008,0.014,0.001,0.004,0.007,0.000,0.000,0.001,0.000,0.964,0.964
TCGA-CV-A6JY-01A,0.000,0.000,0.007,0.003,0.001,0.004,0.006,0.062,0.007,0.001,0.008,0.000,0.000,0.006,0.002,0.891,0.891
TCGA-D6-6825-01A,0.000,0.000,0.049,0.051,0.016,0.000,0.042,0.076,0.077,0.009,0.098,0.001,0.001,0.035,0.001,0.544,0.544
TCGA-CR-5247-01A,0.000,0.000,0.001,0.004,0.000,0.000,0.000,0.020,0.266,0.000,0.017,0.000,0.001,0.000,0.000,0.692,0.692
TCGA-CV-7410-01A,0.005,0.148,0.094,0.014,0.017,0.009,0.057,0.084,0.101,0.020,0.067,0.002,0.002,0.024,0.001,0.354,0.354
TCGA-CV-7091-01A,0.000,0.000,0.030,0.008,0.004,0.000,0.017,0.050,0.095,0.000,0.020,0.000,0.000,0.006,0.000,0.768,0.768
TCGA-BA-5153-01A,0.014,0.000,0.039,0.092,0.001,0.000,0.043,0.073,0.040,0.007,0.041,0.000,0.000,0.026,0.000,0.623,0.623
TCGA-CV-7428-01A,0.000,0.000,0.016,0.045,0.010,0.000,0.020,0.060,0.057,0.011,0.040,0.000,0.000,0.010,0.000,0.729,0.729
TCGA-CX-7086-01A,0.000,0.000,0.015,0.019,0.009,0.000,0.011,0.057,0.009,0.001,0.008,0.000,0.000,0.014,0.009,0.849,0.849
TCGA-CN-5364-01A,0.000,0.000,0.011,0.013,0.000,0.000,0.018,0.058,0.074,0.004,0.059,0.000,0.000,0.007,0.000,0.755,0.755
TCGA-BA-A6DB-01A,0.003,0.000,0.053,0.005,0.042,0.000,0.071,0.054,0.119,0.028,0.053,0.002,0.001,0.005,0.001,0.561,0.561
TCGA-CQ-5325-01A,0.047,0.000,0.042,0.067,0.021,0.000,0.057,0.062,0.117,0.031,0.104,0.001,0.000,0.009,0.005,0.437,0.437
TCGA-CN-4731-01A,0.000,0.000,0.008,0.008,0.000,0.000,0.016,0.029,0.144,0.000,0.015,0.000,0.002,0.002,0.000,0.777,0.777
TCGA-CV-7427-01A,0.000,0.000,0.033,0.053,0.001,0.000,0.041,0.070,0.009,0.000,0.063,0.000,0.000,0.031,0.003,0.695,0.695
TCGA-CR-6467-01A,0.022,0.048,0.050,0.052,0.039,0.000,0.057,0.051,0.032,0.005,0.033,0.000,0.001,0.005,0.000,0.603,0.603
TCGA-CV-7183-01A,0.000,0.000,0.001,0.001,0.000,0.000,0.003,0.049,0.031,0.000,0.003,0.000,0.000,0.002,0.008,0.902,0.902
TCGA-CV-A6JN-01A,0.000,0.000,0.005,0.014,0.001,0.000,0.020,0.019,0.008,0.000,0.011,0.000,0.000,0.001,0.001,0.920,0.920
TCGA-D6-A6EN-01A,0.000,0.000,0.016,0.082,0.004,0.000,0.026,0.016,0.004,0.000,0.078,0.000,0.000,0.000,0.000,0.774,0.774
TCGA-CQ-A4C7-01A,0.000,0.000,0.018,0.003,0.000,0.000,0.003,0.065,0.194,0.026,0.024,0.000,0.001,0.005,0.000,0.662,0.662
TCGA-CV-5435-01A,0.000,0.000,0.001,0.001,0.000,0.000,0.007,0.042,0.131,0.011,0.017,0.000,0.000,0.004,0.000,0.784,0.784
TCGA-CR-7370-01A,0.002,0.000,0.018,0.016,0.001,0.000,0.003,0.059,0.132,0.009,0.027,0.000,0.001,0.011,0.000,0.721,0.721
TCGA-CN-4722-01A,0.006,0.000,0.016,0.000,0.009,0.000,0.012,0.087,0.115,0.021,0.014,0.000,0.000,0.002,0.010,0.708,0.708
TCGA-F7-8489-01A,0.004,0.000,0.039,0.034,0.005,0.000,0.054,0.079,0.073,0.001,0.032,0.000,0.000,0.009,0.000,0.670,0.670
TCGA-CV-A6K2-01A,0.000,0.000,0.001,0.005,0.000,0.000,0.000,0.022,0.047,0.000,0.032,0.000,0.000,0.009,0.001,0.883,0.883
TCGA-HD-8634-01A,0.000,0.000,0.011,0.006,0.000,0.000,0.016,0.048,0.007,0.002,0.005,0.000,0.000,0.011,0.010,0.884,0.884
TCGA-CN-6994-01A,0.000,0.000,0.021,0.001,0.000,0.000,0.011,0.046,0.146,0.000,0.056,0.000,0.000,0.012,0.000,0.707,0.707
TCGA-D6-A4Z9-01A,0.000,0.000,0.013,0.021,0.000,0.000,0.014,0.064,0.041,0.004,0.017,0.000,0.000,0.009,0.009,0.808,0.808
TCGA-CR-7376-01A,0.010,0.000,0.044,0.049,0.026,0.000,0.038,0.087,0.292,0.030,0.190,0.006,0.001,0.024,0.002,0.199,0.199
TCGA-CR-7391-01A,0.006,0.000,0.052,0.007,0.026,0.000,0.055,0.093,0.131,0.023,0.063,0.002,0.001,0.013,0.013,0.512,0.512
TCGA-T2-A6X2-01A,0.000,0.000,0.010,0.031,0.000,0.000,0.004,0.038,0.052,0.000,0.028,0.000,0.000,0.001,0.000,0.835,0.835
TCGA-BA-4074-01A,0.000,0.000,0.012,0.000,0.000,0.000,0.008,0.022,0.150,0.000,0.022,0.000,0.001,0.002,0.006,0.775,0.775
TCGA-CN-6022-01A,0.000,0.000,0.037,0.001,0.002,0.000,0.030,0.059,0.244,0.025,0.104,0.000,0.001,0.012,0.002,0.483,0.483
TCGA-CN-A6V3-01A,0.009,0.000,0.026,0.048,0.005,0.000,0.015,0.060,0.010,0.001,0.025,0.000,0.000,0.008,0.002,0.792,0.792
TCGA-QK-A8Z7-01A,0.008,0.000,0.020,0.001,0.009,0.000,0.004,0.049,0.060,0.001,0.024,0.000,0.000,0.004,0.000,0.820,0.820
TCGA-CN-A497-01A,0.005,0.000,0.034,0.016,0.013,0.000,0.016,0.062,0.071,0.004,0.019,0.001,0.000,0.009,0.000,0.751,0.751
TCGA-F7-A50G-01A,0.000,0.000,0.032,0.023,0.022,0.000,0.039,0.068,0.026,0.004,0.048,0.000,0.000,0.012,0.000,0.725,0.725
TCGA-IQ-A61I-01A,0.019,0.000,0.053,0.024,0.000,0.000,0.020,0.024,0.003,0.001,0.030,0.000,0.000,0.004,0.000,0.822,0.822
TCGA-CR-7373-01A,0.000,0.000,0.043,0.031,0.000,0.000,0.018,0.062,0.009,0.005,0.053,0.000,0.000,0.014,0.001,0.764,0.764
TCGA-CN-A63T-01A,0.006,0.000,0.039,0.019,0.010,0.000,0.013,0.047,0.053,0.006,0.034,0.000,0.002,0.004,0.016,0.751,0.751
TCGA-CN-6019-01A,0.008,0.000,0.022,0.001,0.023,0.000,0.026,0.060,0.344,0.012,0.176,0.003,0.000,0.008,0.000,0.316,0.316
TCGA-CR-7386-01A,0.000,0.000,0.033,0.005,0.021,0.000,0.047,0.050,0.343,0.013,0.130,0.000,0.001,0.009,0.000,0.347,0.347
TCGA-HD-A6HZ-01A,0.021,0.000,0.048,0.011,0.015,0.000,0.033,0.077,0.108,0.018,0.064,0.001,0.001,0.012,0.016,0.573,0.573
TCGA-QK-A6IH-01A,0.000,0.000,0.000,0.002,0.004,0.000,0.000,0.015,0.042,0.000,0.029,0.000,0.000,0.000,0.000,0.907,0.907
TCGA-CN-6011-01A,0.000,0.000,0.000,0.036,0.000,0.000,0.000,0.054,0.017,0.000,0.030,0.000,0.000,0.012,0.000,0.850,0.850
TCGA-CR-6474-01A,0.006,0.000,0.024,0.001,0.004,0.000,0.028,0.076,0.324,0.013,0.044,0.001,0.000,0.014,0.003,0.460,0.460
TCGA-CV-6939-01A,0.006,0.003,0.032,0.026,0.013,0.000,0.045,0.091,0.090,0.008,0.036,0.003,0.001,0.014,0.000,0.630,0.630
TCGA-D6-8568-01A,0.010,0.000,0.013,0.001,0.015,0.000,0.012,0.093,0.122,0.029,0.026,0.001,0.001,0.017,0.021,0.640,0.640
TCGA-HD-A634-01A,0.021,0.000,0.006,0.000,0.006,0.000,0.000,0.030,0.000,0.015,0.004,0.000,0.000,0.000,0.000,0.918,0.918
TCGA-CV-A45O-01A,0.000,0.000,0.008,0.005,0.001,0.000,0.003,0.025,0.008,0.000,0.016,0.000,0.000,0.035,0.014,0.885,0.885
TCGA-T3-A92N-01A,0.000,0.000,0.003,0.013,0.000,0.000,0.000,0.020,0.022,0.000,0.029,0.000,0.000,0.002,0.000,0.911,0.911
TCGA-CV-7438-01A,0.008,0.000,0.019,0.000,0.000,0.000,0.028,0.048,0.108,0.033,0.032,0.000,0.001,0.004,0.000,0.718,0.718
TCGA-CV-A6K1-01A,0.000,0.000,0.003,0.023,0.001,0.000,0.000,0.035,0.013,0.003,0.016,0.000,0.000,0.001,0.001,0.904,0.904
TCGA-CN-5363-01A,0.001,0.000,0.005,0.020,0.000,0.000,0.006,0.062,0.143,0.026,0.042,0.000,0.001,0.002,0.000,0.692,0.692
TCGA-CV-6956-01A,0.000,0.000,0.000,0.003,0.000,0.000,0.000,0.039,0.035,0.016,0.005,0.000,0.000,0.001,0.001,0.899,0.899
TCGA-CV-7263-01A,0.008,0.000,0.027,0.006,0.027,0.000,0.024,0.056,0.135,0.022,0.076,0.001,0.001,0.005,0.000,0.612,0.612
TCGA-CN-A49C-01A,0.001,0.000,0.028,0.012,0.000,0.000,0.012,0.036,0.000,0.000,0.020,0.000,0.000,0.002,0.000,0.889,0.889
TCGA-CV-7097-01A,0.000,0.000,0.009,0.012,0.000,0.000,0.000,0.032,0.100,0.014,0.100,0.000,0.002,0.008,0.005,0.716,0.716
TCGA-IQ-A6SG-01A,0.000,0.000,0.008,0.001,0.000,0.000,0.000,0.022,0.031,0.000,0.014,0.000,0.000,0.005,0.004,0.915,0.915
TCGA-UF-A7JC-01A,0.000,0.000,0.002,0.004,0.000,0.000,0.003,0.038,0.017,0.000,0.006,0.000,0.000,0.007,0.005,0.918,0.918
TCGA-QK-A6II-01A,0.000,0.000,0.000,0.004,0.000,0.000,0.002,0.013,0.003,0.000,0.004,0.000,0.000,0.000,0.007,0.966,0.966
TCGA-CN-A49B-01A,0.000,0.000,0.035,0.021,0.000,0.000,0.012,0.037,0.043,0.000,0.077,0.000,0.000,0.003,0.000,0.770,0.770
TCGA-IQ-A61E-01A,0.000,0.000,0.018,0.016,0.000,0.000,0.001,0.027,0.038,0.001,0.024,0.000,0.000,0.001,0.000,0.874,0.874
TCGA-BA-A4IH-01A,0.008,0.000,0.039,0.033,0.006,0.000,0.021,0.064,0.078,0.021,0.017,0.000,0.000,0.004,0.004,0.703,0.703
TCGA-H7-8502-01A,0.000,0.000,0.000,0.003,0.000,0.000,0.000,0.056,0.066,0.000,0.028,0.000,0.000,0.007,0.000,0.841,0.841
TCGA-CV-7406-01A,0.000,0.000,0.006,0.002,0.000,0.000,0.015,0.055,0.115,0.026,0.021,0.001,0.001,0.005,0.000,0.753,0.753
TCGA-CV-7414-01A,0.000,0.000,0.014,0.010,0.000,0.000,0.008,0.034,0.106,0.005,0.017,0.000,0.001,0.006,0.000,0.800,0.800
TCGA-HD-7229-01A,0.002,0.000,0.017,0.053,0.000,0.000,0.001,0.049,0.012,0.000,0.015,0.000,0.000,0.009,0.000,0.843,0.843
TCGA-CV-6961-01A,0.000,0.000,0.006,0.017,0.002,0.000,0.013,0.061,0.112,0.032,0.034,0.000,0.002,0.013,0.011,0.697,0.697
TCGA-TN-A7HI-01A,0.058,0.001,0.044,0.023,0.036,0.000,0.013,0.010,0.051,0.000,0.039,0.000,0.000,0.002,0.000,0.722,0.722
TCGA-CQ-5333-01A,0.001,0.000,0.057,0.029,0.001,0.000,0.059,0.024,0.039,0.024,0.221,0.000,0.001,0.002,0.000,0.541,0.541
TCGA-CN-4733-01A,0.070,0.000,0.074,0.006,0.052,0.000,0.075,0.089,0.172,0.026,0.079,0.003,0.000,0.012,0.001,0.340,0.340
TCGA-CR-6488-01A,0.000,0.000,0.039,0.001,0.014,0.000,0.024,0.073,0.178,0.038,0.151,0.003,0.000,0.013,0.001,0.464,0.464
TCGA-BB-4225-01A,0.013,0.005,0.085,0.020,0.030,0.000,0.061,0.045,0.021,0.008,0.035,0.000,0.001,0.002,0.000,0.673,0.673
TCGA-BA-A4IG-01A,0.001,0.016,0.023,0.013,0.002,0.000,0.021,0.031,0.004,0.000,0.015,0.000,0.001,0.005,0.000,0.868,0.868
TCGA-CR-7393-01A,0.004,0.000,0.046,0.003,0.043,0.011,0.102,0.105,0.200,0.028,0.051,0.010,0.001,0.016,0.001,0.380,0.380
TCGA-T2-A6X0-01A,0.018,0.000,0.033,0.040,0.003,0.000,0.008,0.037,0.033,0.001,0.039,0.000,0.000,0.001,0.000,0.786,0.786
TCGA-F7-A623-01A,0.004,0.000,0.013,0.004,0.016,0.000,0.007,0.048,0.016,0.000,0.015,0.000,0.000,0.009,0.003,0.864,0.864
TCGA-IQ-7632-01A,0.008,0.000,0.007,0.001,0.001,0.000,0.003,0.042,0.000,0.000,0.002,0.000,0.000,0.002,0.004,0.928,0.928
TCGA-QK-A652-01A,0.000,0.000,0.044,0.002,0.017,0.000,0.037,0.061,0.084,0.031,0.031,0.000,0.001,0.011,0.001,0.679,0.679
TCGA-CR-7388-01A,0.034,0.000,0.061,0.003,0.016,0.000,0.031,0.082,0.112,0.015,0.036,0.003,0.000,0.024,0.025,0.557,0.557
TCGA-BA-A6DG-01A,0.000,0.000,0.015,0.001,0.015,0.000,0.005,0.063,0.354,0.041,0.063,0.000,0.001,0.014,0.009,0.419,0.419
TCGA-UF-A7JT-01A,0.004,0.000,0.020,0.109,0.002,0.000,0.001,0.044,0.049,0.004,0.121,0.000,0.000,0.002,0.008,0.635,0.635
TCGA-CN-A6V6-01A,0.024,0.000,0.046,0.092,0.004,0.000,0.034,0.044,0.038,0.011,0.037,0.000,0.000,0.009,0.000,0.660,0.660
TCGA-CR-6473-01A,0.000,0.000,0.032,0.014,0.000,0.000,0.008,0.049,0.006,0.013,0.003,0.000,0.000,0.004,0.001,0.869,0.869
TCGA-CQ-7069-01A,0.000,0.000,0.006,0.000,0.003,0.000,0.009,0.098,0.103,0.008,0.010,0.000,0.000,0.013,0.002,0.748,0.748
TCGA-CQ-6219-01A,0.000,0.000,0.020,0.051,0.006,0.000,0.035,0.028,0.115,0.010,0.087,0.000,0.000,0.003,0.000,0.645,0.645
TCGA-IQ-A6SH-01A,0.003,0.000,0.044,0.011,0.016,0.000,0.007,0.033,0.029,0.000,0.035,0.000,0.000,0.002,0.000,0.818,0.818
TCGA-IQ-7631-01A,0.000,0.000,0.000,0.000,0.000,0.000,0.000,0.049,0.302,0.003,0.003,0.000,0.000,0.000,0.000,0.643,0.643
TCGA-CR-7398-01A,0.000,0.000,0.044,0.001,0.010,0.000,0.012,0.052,0.109,0.006,0.024,0.012,0.001,0.010,0.006,0.712,0.712
TCGA-UF-A71E-01A,0.001,0.000,0.004,0.005,0.000,0.000,0.000,0.039,0.028,0.000,0.013,0.000,0.000,0.005,0.002,0.903,0.903
TCGA-UF-A719-01A,0.000,0.000,0.025,0.034,0.002,0.000,0.007,0.049,0.011,0.001,0.016,0.000,0.000,0.010,0.008,0.838,0.838
TCGA-CN-6023-01A,0.006,0.000,0.043,0.033,0.038,0.000,0.014,0.038,0.020,0.001,0.072,0.000,0.000,0.007,0.000,0.727,0.727
TCGA-CV-7422-01A,0.000,0.004,0.015,0.011,0.001,0.000,0.008,0.057,0.077,0.006,0.037,0.000,0.000,0.009,0.000,0.776,0.776
TCGA-CX-A4AQ-01A,0.027,0.053,0.095,0.001,0.011,0.001,0.076,0.058,0.111,0.015,0.033,0.000,0.001,0.004,0.000,0.514,0.514
TCGA-CQ-5330-01A,0.000,0.000,0.040,0.019,0.000,0.000,0.039,0.077,0.182,0.038,0.102,0.000,0.002,0.008,0.000,0.492,0.492
TCGA-P3-A6T3-01A,0.000,0.000,0.001,0.000,0.000,0.000,0.000,0.007,0.043,0.000,0.005,0.000,0.000,0.003,0.000,0.940,0.940
TCGA-HD-A6I0-01A,0.000,0.000,0.005,0.013,0.001,0.000,0.000,0.020,0.005,0.004,0.028,0.000,0.000,0.000,0.012,0.912,0.912
TCGA-CV-6950-01A,0.000,0.000,0.011,0.009,0.004,0.000,0.004,0.041,0.157,0.012,0.036,0.000,0.001,0.004,0.000,0.722,0.722
TCGA-CR-7380-01A,0.000,0.000,0.024,0.001,0.009,0.000,0.017,0.071,0.120,0.012,0.046,0.010,0.000,0.010,0.000,0.679,0.679
TCGA-DQ-7588-01A,0.000,0.000,0.000,0.001,0.000,0.000,0.000,0.019,0.006,0.000,0.001,0.000,0.000,0.000,0.004,0.970,0.970
TCGA-BA-6873-01A,0.000,0.000,0.013,0.018,0.000,0.000,0.012,0.052,0.066,0.006,0.022,0.000,0.000,0.003,0.000,0.807,0.807
TCGA-CR-6472-01A,0.000,0.002,0.010,0.000,0.000,0.000,0.004,0.035,0.049,0.003,0.010,0.000,0.000,0.001,0.000,0.886,0.886
TCGA-UF-A7JH-01A,0.008,0.000,0.016,0.004,0.021,0.000,0.020,0.054,0.164,0.009,0.060,0.000,0.001,0.002,0.000,0.640,0.640
TCGA-BA-4077-01B,0.000,0.000,0.033,0.040,0.000,0.000,0.050,0.045,0.053,0.008,0.065,0.002,0.001,0.010,0.000,0.693,0.693
TCGA-CV-7411-01A,0.000,0.000,0.007,0.001,0.004,0.000,0.006,0.048,0.070,0.000,0.013,0.000,0.000,0.003,0.009,0.839,0.839
TCGA-MT-A67A-01A,0.000,0.000,0.000,0.015,0.000,0.000,0.004,0.013,0.005,0.003,0.009,0.000,0.000,0.000,0.005,0.947,0.947
TCGA-D6-6826-01A,0.004,0.000,0.038,0.004,0.008,0.000,0.009,0.085,0.097,0.009,0.137,0.000,0.001,0.026,0.033,0.548,0.548
TCGA-CR-7404-01A,0.018,0.006,0.062,0.022,0.019,0.000,0.021,0.080,0.040,0.014,0.071,0.000,0.001,0.010,0.001,0.636,0.636
TCGA-D6-A6EM-01A,0.014,0.000,0.038,0.052,0.004,0.000,0.023,0.033,0.012,0.015,0.073,0.000,0.000,0.001,0.003,0.731,0.731
TCGA-CR-7379-01A,0.007,0.000,0.010,0.000,0.008,0.000,0.007,0.061,0.133,0.014,0.047,0.000,0.000,0.013,0.020,0.678,0.678
TCGA-CV-7236-01A,0.000,0.000,0.010,0.003,0.000,0.000,0.013,0.084,0.136,0.007,0.026,0.000,0.000,0.008,0.000,0.712,0.712
TCGA-CN-4727-01A,0.000,0.000,0.001,0.001,0.000,0.000,0.000,0.045,0.034,0.018,0.002,0.000,0.000,0.011,0.000,0.889,0.889
TCGA-CQ-5327-01A,0.000,0.000,0.024,0.038,0.017,0.000,0.026,0.042,0.020,0.005,0.088,0.000,0.000,0.004,0.002,0.734,0.734
TCGA-C9-A480-01A,0.000,0.000,0.004,0.025,0.000,0.000,0.018,0.055,0.006,0.003,0.007,0.000,0.000,0.005,0.000,0.877,0.877
TCGA-CV-A6JO-01B,0.000,0.000,0.017,0.034,0.002,0.000,0.008,0.020,0.010,0.000,0.034,0.000,0.000,0.001,0.000,0.873,0.873
TCGA-CR-6492-01A,0.007,0.000,0.020,0.014,0.001,0.000,0.014,0.063,0.038,0.001,0.023,0.000,0.000,0.014,0.012,0.791,0.791
TCGA-CV-6933-01A,0.000,0.000,0.015,0.000,0.001,0.000,0.003,0.025,0.092,0.001,0.166,0.000,0.000,0.003,0.004,0.691,0.691
TCGA-BA-6872-01A,0.000,0.000,0.017,0.000,0.008,0.000,0.004,0.046,0.080,0.000,0.030,0.000,0.000,0.003,0.001,0.809,0.809
TCGA-BB-4223-01A,0.007,0.045,0.046,0.051,0.025,0.000,0.038,0.052,0.042,0.006,0.036,0.001,0.001,0.007,0.000,0.642,0.642
TCGA-UF-A7JJ-01A,0.039,0.000,0.044,0.003,0.045,0.000,0.028,0.049,0.240,0.004,0.107,0.000,0.000,0.009,0.000,0.431,0.431
TCGA-RS-A6TO-01A,0.000,0.000,0.014,0.042,0.001,0.000,0.009,0.026,0.136,0.000,0.055,0.000,0.000,0.004,0.000,0.712,0.712
TCGA-CR-7372-01A,0.004,0.000,0.020,0.002,0.008,0.000,0.018,0.085,0.132,0.035,0.026,0.002,0.001,0.005,0.009,0.653,0.653
TCGA-D6-6827-01A,0.000,0.000,0.016,0.000,0.000,0.003,0.036,0.046,0.096,0.000,0.019,0.002,0.000,0.004,0.000,0.778,0.778
TCGA-CV-7437-01A,0.000,0.000,0.007,0.000,0.000,0.000,0.008,0.014,0.036,0.000,0.031,0.000,0.000,0.001,0.000,0.902,0.902
TCGA-BA-5151-01A,0.000,0.000,0.026,0.008,0.001,0.000,0.009,0.083,0.031,0.007,0.035,0.001,0.000,0.028,0.027,0.745,0.745
TCGA-CV-A461-01A,0.004,0.000,0.069,0.069,0.036,0.000,0.050,0.032,0.068,0.001,0.047,0.000,0.000,0.004,0.000,0.618,0.618
TCGA-BA-5559-01A,0.022,0.000,0.069,0.077,0.040,0.000,0.044,0.059,0.105,0.021,0.106,0.001,0.001,0.010,0.000,0.444,0.444
TCGA-CN-4723-01A,0.011,0.000,0.033,0.022,0.005,0.000,0.014,0.064,0.125,0.008,0.040,0.001,0.000,0.011,0.004,0.659,0.659
TCGA-F7-A624-01A,0.050,0.000,0.000,0.151,0.000,0.000,0.000,0.011,0.006,0.000,0.146,0.000,0.000,0.000,0.000,0.635,0.635
TCGA-CV-A463-01A,0.000,0.000,0.000,0.005,0.000,0.000,0.003,0.033,0.013,0.000,0.007,0.000,0.000,0.000,0.004,0.935,0.935
TCGA-BB-4228-01A,0.002,0.000,0.027,0.013,0.001,0.000,0.023,0.030,0.089,0.001,0.043,0.000,0.000,0.004,0.000,0.767,0.767
TCGA-CV-6953-01A,0.015,0.000,0.006,0.002,0.004,0.000,0.006,0.028,0.007,0.000,0.015,0.000,0.000,0.003,0.020,0.894,0.894
TCGA-CV-7261-01A,0.003,0.000,0.011,0.004,0.001,0.000,0.014,0.047,0.158,0.001,0.037,0.000,0.000,0.010,0.001,0.712,0.712
TCGA-P3-A5QF-01A,0.000,0.000,0.007,0.006,0.000,0.000,0.005,0.022,0.005,0.000,0.036,0.000,0.000,0.001,0.000,0.919,0.919
TCGA-CR-6470-01A,0.036,0.038,0.078,0.005,0.023,0.000,0.062,0.073,0.138,0.016,0.046,0.001,0.002,0.009,0.000,0.473,0.473
TCGA-CV-5979-01A,0.000,0.000,0.003,0.003,0.000,0.000,0.006,0.028,0.049,0.000,0.021,0.000,0.000,0.004,0.000,0.885,0.885
TCGA-CR-6471-01A,0.000,0.000,0.037,0.054,0.012,0.000,0.041,0.079,0.101,0.003,0.041,0.000,0.000,0.024,0.003,0.605,0.605
TCGA-CV-7430-01A,0.000,0.000,0.005,0.005,0.000,0.000,0.002,0.045,0.020,0.001,0.006,0.000,0.000,0.007,0.006,0.903,0.903
TCGA-CV-7099-01A,0.000,0.000,0.015,0.028,0.007,0.000,0.009,0.026,0.010,0.000,0.064,0.000,0.000,0.005,0.002,0.834,0.834
TCGA-CQ-6221-01A,0.000,0.000,0.000,0.000,0.000,0.000,0.000,0.070,0.646,0.011,0.089,0.000,0.000,0.002,0.000,0.180,0.180
TCGA-CN-6992-01A,0.000,0.000,0.021,0.003,0.000,0.000,0.016,0.061,0.110,0.002,0.033,0.000,0.000,0.009,0.000,0.745,0.745
TCGA-BA-5556-01A,0.000,0.000,0.050,0.072,0.007,0.000,0.081,0.077,0.017,0.000,0.039,0.000,0.000,0.030,0.001,0.625,0.625
TCGA-CV-7245-01A,0.000,0.000,0.012,0.002,0.004,0.000,0.005,0.047,0.084,0.013,0.011,0.000,0.000,0.004,0.004,0.814,0.814
TCGA-UF-A7JV-01A,0.000,0.000,0.014,0.005,0.000,0.000,0.002,0.023,0.126,0.000,0.115,0.000,0.000,0.002,0.000,0.712,0.712
TCGA-CV-5440-01A,0.000,0.000,0.004,0.000,0.003,0.000,0.001,0.043,0.068,0.024,0.021,0.000,0.000,0.003,0.000,0.832,0.832
TCGA-UF-A7JO-01A,0.000,0.000,0.045,0.041,0.008,0.000,0.048,0.019,0.034,0.000,0.161,0.000,0.000,0.004,0.000,0.638,0.638
TCGA-CV-A45V-01A,0.000,0.000,0.014,0.017,0.001,0.000,0.011,0.072,0.056,0.005,0.030,0.000,0.000,0.008,0.005,0.780,0.780
TCGA-H7-7774-01A,0.000,0.000,0.015,0.018,0.002,0.000,0.042,0.020,0.001,0.000,0.019,0.000,0.000,0.006,0.000,0.878,0.878
TCGA-CQ-A4CG-01A,0.000,0.000,0.002,0.001,0.000,0.000,0.000,0.030,0.116,0.001,0.015,0.000,0.000,0.005,0.000,0.831,0.831
TCGA-CV-5970-01A,0.008,0.000,0.012,0.001,0.005,0.000,0.025,0.070,0.108,0.015,0.031,0.000,0.000,0.009,0.002,0.712,0.712
TCGA-BB-4217-01A,0.030,0.123,0.067,0.003,0.004,0.056,0.038,0.087,0.065,0.008,0.021,0.001,0.002,0.009,0.005,0.483,0.483
TCGA-CR-5248-01A,0.055,0.012,0.066,0.116,0.048,0.000,0.031,0.033,0.014,0.001,0.133,0.000,0.002,0.003,0.001,0.484,0.484
TCGA-CR-7394-01A,0.034,0.000,0.037,0.073,0.042,0.000,0.049,0.087,0.114,0.021,0.085,0.001,0.001,0.043,0.008,0.406,0.406
TCGA-CV-7421-01A,0.000,0.000,0.007,0.000,0.000,0.000,0.000,0.071,0.205,0.002,0.025,0.000,0.000,0.003,0.000,0.687,0.687
TCGA-CN-4729-01A,0.013,0.000,0.025,0.001,0.006,0.000,0.017,0.081,0.089,0.001,0.011,0.005,0.000,0.010,0.008,0.731,0.731
TCGA-F7-A61V-01A,0.002,0.000,0.005,0.010,0.005,0.000,0.015,0.028,0.013,0.011,0.014,0.000,0.000,0.001,0.000,0.896,0.896
TCGA-BA-A6D8-01A,0.016,0.000,0.016,0.001,0.005,0.000,0.010,0.030,0.079,0.005,0.028,0.000,0.000,0.002,0.000,0.809,0.809
TCGA-CV-5971-01A,0.007,0.000,0.038,0.003,0.021,0.000,0.038,0.145,0.218,0.138,0.078,0.006,0.005,0.009,0.004,0.291,0.291
TCGA-CQ-6220-01A,0.000,0.000,0.007,0.027,0.003,0.000,0.015,0.035,0.005,0.001,0.014,0.000,0.000,0.006,0.001,0.886,0.886
TCGA-IQ-A61J-01A,0.000,0.000,0.022,0.003,0.010,0.000,0.032,0.076,0.156,0.021,0.043,0.003,0.001,0.007,0.000,0.626,0.626
TCGA-BA-7269-01A,0.013,0.000,0.008,0.002,0.007,0.000,0.000,0.018,0.123,0.000,0.022,0.000,0.000,0.000,0.000,0.807,0.807
TCGA-CV-7178-01A,0.000,0.000,0.026,0.009,0.034,0.000,0.022,0.056,0.186,0.021,0.086,0.000,0.001,0.003,0.000,0.555,0.555
TCGA-BB-A6UO-01A,0.000,0.000,0.000,0.003,0.000,0.000,0.000,0.046,0.083,0.006,0.024,0.000,0.000,0.000,0.005,0.832,0.832
TCGA-CV-A468-01A,0.012,0.000,0.035,0.068,0.032,0.000,0.050,0.057,0.184,0.014,0.052,0.001,0.000,0.005,0.000,0.491,0.491
TCGA-CV-6960-01A,0.000,0.000,0.015,0.000,0.003,0.000,0.011,0.035,0.073,0.000,0.008,0.000,0.000,0.007,0.000,0.848,0.848
TCGA-CV-7252-01A,0.000,0.000,0.010,0.001,0.002,0.000,0.007,0.080,0.061,0.006,0.037,0.000,0.000,0.004,0.000,0.791,0.791
TCGA-CV-A45X-01A,0.000,0.000,0.013,0.002,0.002,0.000,0.006,0.036,0.013,0.000,0.006,0.000,0.000,0.008,0.008,0.905,0.905
TCGA-CN-A6UY-01A,0.031,0.000,0.073,0.038,0.033,0.000,0.059,0.019,0.000,0.000,0.039,0.000,0.000,0.002,0.000,0.705,0.705
TCGA-CQ-6222-01A,0.000,0.000,0.023,0.012,0.041,0.000,0.036,0.040,0.034,0.043,0.170,0.000,0.001,0.006,0.001,0.592,0.592
TCGA-MZ-A7D7-01A,0.000,0.000,0.002,0.002,0.000,0.000,0.002,0.003,0.021,0.000,0.002,0.000,0.000,0.001,0.007,0.961,0.961
TCGA-CQ-5329-01A,0.000,0.000,0.032,0.023,0.000,0.000,0.018,0.047,0.157,0.007,0.084,0.000,0.001,0.003,0.000,0.627,0.627
TCGA-CV-5973-01A,0.000,0.000,0.009,0.000,0.000,0.000,0.000,0.009,0.000,0.000,0.008,0.000,0.000,0.000,0.006,0.968,0.968
TCGA-BA-5555-01A,0.003,0.000,0.034,0.016,0.001,0.000,0.011,0.070,0.025,0.007,0.024,0.000,0.000,0.003,0.000,0.806,0.806
TCGA-UF-A7JS-01A,0.000,0.000,0.014,0.016,0.000,0.000,0.008,0.018,0.017,0.010,0.049,0.000,0.000,0.001,0.000,0.866,0.866
TCGA-CV-A45Q-01A,0.000,0.000,0.000,0.003,0.000,0.000,0.001,0.006,0.004,0.000,0.015,0.000,0.000,0.000,0.002,0.969,0.969
TCGA-QK-A6VC-01A,0.006,0.000,0.041,0.019,0.020,0.000,0.042,0.045,0.048,0.000,0.016,0.000,0.000,0.006,0.002,0.756,0.756
TCGA-BA-A6DL-01A,0.003,0.000,0.017,0.012,0.000,0.000,0.005,0.028,0.006,0.000,0.001,0.000,0.000,0.006,0.006,0.914,0.914
TCGA-CR-7365-01A,0.000,0.000,0.005,0.006,0.000,0.000,0.002,0.052,0.145,0.007,0.025,0.000,0.000,0.006,0.011,0.741,0.741
TCGA-P3-A6SW-01A,0.048,0.000,0.017,0.051,0.021,0.000,0.008,0.039,0.024,0.001,0.050,0.001,0.000,0.003,0.000,0.737,0.737
TCGA-HD-8314-01A,0.007,0.000,0.039,0.009,0.006,0.000,0.025,0.059,0.062,0.022,0.102,0.001,0.001,0.008,0.000,0.661,0.661
TCGA-CN-4742-01A,0.012,0.000,0.015,0.009,0.003,0.000,0.017,0.057,0.211,0.005,0.042,0.000,0.001,0.011,0.014,0.604,0.604
TCGA-IQ-A61H-01A,0.000,0.000,0.003,0.002,0.006,0.000,0.002,0.054,0.098,0.018,0.033,0.000,0.000,0.004,0.001,0.779,0.779
TCGA-CX-7085-01A,0.040,0.000,0.055,0.012,0.035,0.000,0.047,0.102,0.208,0.031,0.066,0.002,0.001,0.033,0.064,0.304,0.304
TCGA-CV-7235-01A,0.000,0.000,0.017,0.039,0.002,0.000,0.044,0.091,0.205,0.002,0.035,0.000,0.000,0.012,0.000,0.552,0.552
TCGA-CV-7434-01A,0.000,0.000,0.000,0.011,0.000,0.000,0.000,0.035,0.016,0.000,0.037,0.000,0.000,0.004,0.001,0.896,0.896
TCGA-CR-6480-01A,0.007,0.000,0.016,0.027,0.000,0.000,0.017,0.054,0.003,0.002,0.010,0.000,0.000,0.015,0.000,0.847,0.847
TCGA-CR-7385-01A,0.006,0.017,0.053,0.035,0.002,0.000,0.057,0.035,0.010,0.000,0.076,0.000,0.001,0.011,0.000,0.696,0.696
TCGA-T2-A6WZ-01A,0.038,0.000,0.010,0.009,0.002,0.000,0.012,0.019,0.046,0.000,0.013,0.000,0.000,0.001,0.000,0.848,0.848
TCGA-CV-6436-01A,0.000,0.000,0.000,0.040,0.022,0.000,0.003,0.011,0.000,0.000,0.036,0.000,0.000,0.000,0.018,0.869,0.869
TCGA-UF-A7JA-01A,0.000,0.000,0.012,0.008,0.014,0.000,0.006,0.048,0.122,0.007,0.022,0.000,0.000,0.006,0.000,0.755,0.755
TCGA-CQ-A4CB-01A,0.000,0.000,0.016,0.007,0.000,0.000,0.020,0.086,0.177,0.000,0.040,0.000,0.001,0.012,0.008,0.632,0.632
TCGA-CX-7219-01A,0.006,0.000,0.035,0.018,0.017,0.000,0.010,0.062,0.139,0.001,0.076,0.000,0.001,0.015,0.012,0.608,0.608
TCGA-IQ-A61G-01A,0.000,0.000,0.003,0.000,0.000,0.000,0.000,0.005,0.000,0.000,0.012,0.000,0.000,0.000,0.001,0.980,0.980
TCGA-CV-5434-01A,0.000,0.000,0.031,0.001,0.006,0.000,0.019,0.074,0.200,0.021,0.120,0.000,0.001,0.006,0.000,0.520,0.520
TCGA-DQ-5625-01A,0.000,0.000,0.002,0.098,0.000,0.000,0.049,0.048,0.038,0.032,0.052,0.000,0.000,0.006,0.000,0.673,0.673
TCGA-BB-A6UM-01A,0.000,0.000,0.024,0.082,0.000,0.000,0.012,0.022,0.000,0.001,0.013,0.000,0.000,0.001,0.000,0.845,0.845
TCGA-C9-A47Z-01A,0.000,0.000,0.006,0.006,0.000,0.000,0.003,0.038,0.007,0.006,0.010,0.000,0.000,0.010,0.008,0.905,0.905
TCGA-P3-A6T7-01A,0.000,0.000,0.001,0.016,0.000,0.000,0.002,0.044,0.035,0.000,0.007,0.000,0.000,0.005,0.000,0.889,0.889
TCGA-CN-6998-01A,0.000,0.000,0.002,0.001,0.000,0.000,0.001,0.025,0.011,0.000,0.016,0.000,0.000,0.005,0.006,0.932,0.932
TCGA-MZ-A6I9-01A,0.032,0.000,0.015,0.015,0.001,0.000,0.018,0.055,0.009,0.001,0.013,0.000,0.000,0.002,0.000,0.837,0.837
TCGA-F7-A50I-01A,0.000,0.000,0.010,0.001,0.005,0.000,0.018,0.040,0.071,0.000,0.012,0.000,0.000,0.003,0.000,0.839,0.839
TCGA-T2-A6WX-01A,0.003,0.000,0.034,0.091,0.068,0.000,0.032,0.032,0.001,0.001,0.074,0.000,0.000,0.003,0.000,0.659,0.659
TCGA-CN-4741-01A,0.002,0.000,0.012,0.029,0.017,0.000,0.017,0.045,0.037,0.003,0.022,0.000,0.000,0.006,0.000,0.809,0.809
TCGA-CV-6948-01A,0.000,0.000,0.014,0.032,0.002,0.001,0.013,0.028,0.034,0.001,0.040,0.000,0.000,0.003,0.000,0.833,0.833
TCGA-QK-A64Z-01A,0.000,0.000,0.000,0.009,0.000,0.000,0.000,0.033,0.047,0.003,0.018,0.000,0.000,0.004,0.000,0.885,0.885
TCGA-CQ-6228-01A,0.000,0.004,0.006,0.000,0.001,0.000,0.000,0.026,0.070,0.001,0.031,0.000,0.000,0.004,0.000,0.857,0.857
TCGA-CN-6996-01A,0.007,0.000,0.064,0.031,0.009,0.000,0.048,0.080,0.076,0.037,0.093,0.002,0.001,0.024,0.004,0.524,0.524
TCGA-CN-4737-01A,0.000,0.000,0.011,0.003,0.008,0.000,0.018,0.080,0.176,0.044,0.050,0.004,0.001,0.010,0.005,0.588,0.588
TCGA-QK-A6V9-01A,0.001,0.019,0.032,0.062,0.008,0.000,0.041,0.028,0.006,0.000,0.029,0.000,0.001,0.007,0.000,0.767,0.767
TCGA-DQ-7591-01A,0.014,0.015,0.073,0.047,0.026,0.000,0.054,0.047,0.022,0.003,0.034,0.000,0.001,0.007,0.000,0.655,0.655
TCGA-CN-5358-01A,0.039,0.000,0.052,0.008,0.043,0.000,0.050,0.104,0.215,0.032,0.110,0.007,0.001,0.020,0.022,0.294,0.294
TCGA-CV-6945-01A,0.000,0.000,0.004,0.000,0.002,0.000,0.000,0.012,0.067,0.000,0.012,0.000,0.000,0.001,0.000,0.901,0.901
TCGA-CQ-6218-01A,0.000,0.000,0.014,0.008,0.006,0.000,0.007,0.049,0.050,0.002,0.030,0.000,0.000,0.006,0.008,0.818,0.818
TCGA-CV-7413-01A,0.000,0.000,0.036,0.000,0.002,0.000,0.020,0.038,0.160,0.000,0.060,0.000,0.000,0.006,0.000,0.677,0.677
TCGA-CR-7377-01A,0.004,0.000,0.049,0.016,0.033,0.000,0.070,0.088,0.201,0.024,0.060,0.002,0.001,0.007,0.000,0.444,0.444
TCGA-D6-6823-01A,0.000,0.000,0.015,0.014,0.005,0.000,0.009,0.055,0.027,0.008,0.015,0.000,0.001,0.010,0.006,0.833,0.833
TCGA-CV-7253-01A,0.000,0.000,0.000,0.002,0.000,0.000,0.000,0.016,0.000,0.002,0.003,0.000,0.000,0.001,0.000,0.976,0.976
TCGA-CV-6942-01A,0.048,0.000,0.033,0.046,0.001,0.000,0.027,0.092,0.128,0.011,0.080,0.000,0.000,0.007,0.004,0.524,0.524
TCGA-BA-A6DA-01A,0.003,0.000,0.014,0.001,0.009,0.000,0.000,0.014,0.009,0.000,0.018,0.000,0.000,0.002,0.004,0.925,0.925
TCGA-MT-A67D-01A,0.028,0.000,0.028,0.001,0.017,0.000,0.018,0.062,0.089,0.008,0.030,0.001,0.000,0.005,0.014,0.697,0.697
TCGA-CQ-5323-01A,0.011,0.000,0.030,0.035,0.011,0.000,0.015,0.065,0.026,0.004,0.023,0.000,0.000,0.010,0.005,0.765,0.765
TCGA-CR-7390-01A,0.000,0.000,0.018,0.004,0.002,0.000,0.000,0.059,0.098,0.010,0.020,0.000,0.000,0.015,0.016,0.757,0.757
TCGA-UF-A7JK-01A,0.000,0.000,0.000,0.000,0.000,0.000,0.001,0.035,0.039,0.000,0.005,0.000,0.000,0.001,0.000,0.917,0.917
TCGA-CV-A45Y-01A,0.040,0.000,0.066,0.002,0.016,0.000,0.036,0.055,0.230,0.002,0.061,0.001,0.001,0.006,0.000,0.484,0.484
TCGA-P3-A6T0-01A,0.000,0.000,0.000,0.000,0.000,0.000,0.000,0.024,0.060,0.000,0.009,0.000,0.000,0.001,0.000,0.906,0.906
TCGA-CN-4740-01A,0.011,0.000,0.019,0.018,0.022,0.000,0.025,0.069,0.260,0.031,0.154,0.004,0.002,0.010,0.013,0.362,0.362
TCGA-CN-5370-01A,0.000,0.000,0.027,0.029,0.003,0.000,0.033,0.075,0.207,0.029,0.139,0.001,0.001,0.019,0.015,0.421,0.421
TCGA-CN-6024-01A,0.000,0.000,0.000,0.000,0.005,0.000,0.006,0.023,0.143,0.012,0.015,0.000,0.000,0.003,0.000,0.792,0.792
TCGA-CR-7397-01A,0.000,0.000,0.034,0.001,0.011,0.000,0.039,0.069,0.303,0.013,0.046,0.002,0.000,0.009,0.000,0.472,0.472
TCGA-QK-AA3J-01A,0.004,0.000,0.020,0.018,0.000,0.000,0.004,0.073,0.017,0.000,0.008,0.000,0.000,0.006,0.000,0.850,0.850
TCGA-BA-A6DI-01A,0.004,0.000,0.009,0.003,0.002,0.000,0.007,0.063,0.016,0.000,0.005,0.000,0.000,0.004,0.002,0.885,0.885
TCGA-CV-5443-01A,0.053,0.000,0.047,0.040,0.001,0.000,0.039,0.041,0.086,0.017,0.075,0.000,0.000,0.010,0.000,0.590,0.590
TCGA-P3-A5Q5-01A,0.015,0.000,0.053,0.053,0.056,0.000,0.033,0.014,0.012,0.000,0.248,0.000,0.000,0.001,0.000,0.513,0.513
TCGA-CN-A498-01A,0.009,0.000,0.010,0.007,0.000,0.000,0.015,0.037,0.043,0.000,0.019,0.000,0.000,0.005,0.000,0.855,0.855
TCGA-CX-7082-01A,0.001,0.000,0.010,0.012,0.008,0.000,0.004,0.035,0.059,0.011,0.035,0.000,0.000,0.004,0.000,0.819,0.819
TCGA-CV-7432-01A,0.000,0.000,0.001,0.002,0.000,0.000,0.000,0.027,0.009,0.000,0.012,0.000,0.000,0.001,0.001,0.948,0.948
TCGA-CV-7248-01A,0.028,0.001,0.040,0.002,0.021,0.000,0.016,0.097,0.090,0.020,0.041,0.000,0.000,0.005,0.004,0.634,0.634
TCGA-KU-A66T-01A,0.000,0.000,0.000,0.000,0.000,0.000,0.000,0.016,0.015,0.000,0.005,0.000,0.000,0.003,0.000,0.960,0.960
TCGA-P3-A5Q6-01A,0.000,0.000,0.016,0.000,0.001,0.000,0.006,0.021,0.146,0.001,0.040,0.000,0.000,0.000,0.000,0.770,0.770
TCGA-CN-5374-01A,0.007,0.034,0.036,0.041,0.014,0.007,0.050,0.037,0.032,0.004,0.030,0.000,0.002,0.002,0.001,0.702,0.702
TCGA-CQ-A4CI-01A,0.000,0.000,0.006,0.000,0.000,0.000,0.000,0.047,0.121,0.002,0.018,0.000,0.000,0.004,0.000,0.800,0.800
TCGA-BB-4224-01A,0.000,0.000,0.010,0.001,0.001,0.000,0.020,0.020,0.013,0.000,0.028,0.000,0.000,0.004,0.000,0.902,0.902
TCGA-CN-6997-01A,0.000,0.000,0.009,0.000,0.000,0.000,0.001,0.056,0.111,0.000,0.029,0.000,0.000,0.004,0.000,0.789,0.789
TCGA-CV-7101-01A,0.036,0.000,0.011,0.005,0.007,0.000,0.019,0.058,0.056,0.002,0.063,0.000,0.000,0.005,0.004,0.733,0.733
TCGA-CV-6937-01A,0.000,0.000,0.013,0.000,0.007,0.000,0.008,0.017,0.119,0.000,0.053,0.000,0.000,0.002,0.000,0.781,0.781
TCGA-CQ-5326-01A,0.000,0.000,0.010,0.011,0.000,0.000,0.000,0.033,0.063,0.000,0.070,0.000,0.000,0.017,0.031,0.764,0.764
TCGA-P3-A6SX-01A,0.000,0.000,0.001,0.002,0.000,0.000,0.000,0.022,0.074,0.003,0.014,0.000,0.000,0.003,0.000,0.881,0.881
TCGA-D6-A6EQ-01A,0.000,0.000,0.022,0.013,0.008,0.000,0.029,0.031,0.104,0.001,0.040,0.000,0.000,0.001,0.000,0.749,0.749
TCGA-CN-6995-01A,0.000,0.000,0.016,0.053,0.000,0.000,0.018,0.027,0.020,0.000,0.080,0.000,0.000,0.003,0.000,0.783,0.783
TCGA-D6-A6EO-01A,0.002,0.000,0.016,0.007,0.006,0.000,0.007,0.064,0.021,0.006,0.008,0.000,0.000,0.009,0.000,0.855,0.855
TCGA-KU-A6H8-01A,0.000,0.000,0.001,0.028,0.008,0.000,0.019,0.065,0.072,0.100,0.032,0.001,0.000,0.003,0.003,0.668,0.668
TCGA-CN-6010-01A,0.014,0.000,0.018,0.019,0.004,0.000,0.018,0.064,0.086,0.003,0.024,0.001,0.000,0.004,0.000,0.743,0.743
TCGA-BA-A8YP-01A,0.006,0.000,0.009,0.004,0.001,0.000,0.000,0.049,0.185,0.017,0.047,0.000,0.000,0.003,0.000,0.678,0.678
TCGA-CV-6936-01A,0.003,0.000,0.000,0.040,0.000,0.000,0.007,0.034,0.025,0.003,0.021,0.000,0.000,0.005,0.000,0.861,0.861
TCGA-D6-A4ZB-01A,0.030,0.000,0.014,0.001,0.006,0.000,0.007,0.051,0.067,0.005,0.018,0.000,0.000,0.011,0.008,0.782,0.782
TCGA-QK-A6IG-01A,0.000,0.000,0.001,0.021,0.000,0.000,0.003,0.024,0.058,0.005,0.026,0.000,0.000,0.004,0.000,0.859,0.859
TCGA-UF-A7JD-01A,0.016,0.000,0.015,0.014,0.002,0.000,0.003,0.061,0.349,0.028,0.031,0.001,0.002,0.006,0.007,0.465,0.465
TCGA-QK-A6IJ-01A,0.000,0.000,0.039,0.008,0.001,0.000,0.025,0.013,0.001,0.000,0.018,0.000,0.000,0.004,0.001,0.890,0.890
TCGA-HD-8635-01A,0.007,0.000,0.009,0.010,0.012,0.000,0.009,0.053,0.073,0.033,0.031,0.000,0.002,0.009,0.011,0.741,0.741
TCGA-CV-7250-01A,0.001,0.000,0.023,0.025,0.001,0.000,0.000,0.043,0.012,0.000,0.028,0.000,0.000,0.007,0.010,0.850,0.850
TCGA-CR-6487-01A,0.051,0.021,0.076,0.076,0.051,0.000,0.061,0.045,0.052,0.013,0.103,0.001,0.001,0.007,0.001,0.440,0.440
TCGA-CN-6018-01A,0.016,0.000,0.018,0.012,0.010,0.000,0.010,0.082,0.146,0.023,0.101,0.000,0.002,0.013,0.019,0.546,0.546
TCGA-CR-6484-01A,0.023,0.000,0.034,0.027,0.017,0.000,0.052,0.075,0.108,0.011,0.180,0.000,0.001,0.020,0.000,0.451,0.451
TCGA-CR-7382-01A,0.001,0.000,0.055,0.025,0.003,0.000,0.058,0.139,0.248,0.053,0.088,0.002,0.002,0.023,0.021,0.282,0.282
TCGA-CN-4726-01A,0.000,0.000,0.006,0.000,0.001,0.000,0.005,0.023,0.111,0.000,0.031,0.000,0.000,0.012,0.023,0.787,0.787
TCGA-BB-A5HY-01A,0.000,0.000,0.006,0.005,0.000,0.000,0.000,0.020,0.047,0.004,0.000,0.000,0.000,0.002,0.004,0.911,0.911
TCGA-CV-A45R-01A,0.000,0.000,0.026,0.001,0.006,0.000,0.013,0.060,0.097,0.024,0.047,0.000,0.001,0.009,0.000,0.716,0.716
TCGA-P3-A6T4-01A,0.000,0.000,0.017,0.001,0.009,0.000,0.010,0.041,0.031,0.000,0.010,0.000,0.000,0.008,0.001,0.872,0.872
TCGA-CV-6962-01A,0.000,0.000,0.001,0.000,0.000,0.002,0.001,0.039,0.010,0.012,0.017,0.000,0.000,0.001,0.000,0.915,0.915
TCGA-MT-A51W-01A,0.000,0.000,0.002,0.032,0.000,0.000,0.010,0.040,0.009,0.000,0.006,0.000,0.000,0.007,0.000,0.895,0.895
TCGA-CQ-7068-01A,0.000,0.000,0.033,0.082,0.000,0.000,0.043,0.026,0.012,0.000,0.060,0.000,0.000,0.008,0.001,0.736,0.736
TCGA-4P-AA8J-01A,0.017,0.000,0.033,0.010,0.004,0.000,0.018,0.053,0.268,0.019,0.050,0.000,0.001,0.003,0.000,0.523,0.523
TCGA-CV-A45P-01A,0.000,0.000,0.009,0.007,0.000,0.000,0.008,0.051,0.006,0.004,0.002,0.000,0.000,0.006,0.006,0.901,0.901
TCGA-CV-7429-01A,0.000,0.000,0.003,0.029,0.001,0.000,0.000,0.065,0.172,0.023,0.072,0.000,0.001,0.005,0.000,0.629,0.629
TCGA-HD-A633-01A,0.000,0.000,0.000,0.003,0.000,0.000,0.000,0.030,0.039,0.000,0.012,0.000,0.000,0.004,0.007,0.904,0.904
TCGA-DQ-5631-01A,0.003,0.000,0.012,0.000,0.000,0.000,0.016,0.069,0.108,0.014,0.013,0.000,0.000,0.003,0.000,0.761,0.761
TCGA-CV-5436-01A,0.000,0.000,0.004,0.005,0.007,0.000,0.008,0.040,0.077,0.015,0.015,0.000,0.001,0.002,0.000,0.826,0.826
TCGA-DQ-5630-01A,0.002,0.000,0.035,0.038,0.000,0.000,0.035,0.046,0.194,0.017,0.070,0.000,0.007,0.004,0.001,0.549,0.549
TCGA-CR-6482-01A,0.033,0.057,0.088,0.003,0.014,0.001,0.075,0.072,0.093,0.027,0.076,0.000,0.001,0.008,0.001,0.454,0.454
TCGA-P3-A6T6-01A,0.000,0.000,0.000,0.004,0.000,0.000,0.002,0.040,0.006,0.000,0.001,0.000,0.000,0.000,0.000,0.947,0.947
TCGA-DQ-7592-01A,0.000,0.000,0.014,0.023,0.004,0.000,0.010,0.047,0.087,0.006,0.026,0.000,0.000,0.009,0.000,0.772,0.772
TCGA-BA-A4II-01A,0.005,0.000,0.031,0.018,0.011,0.000,0.010,0.053,0.038,0.004,0.034,0.000,0.000,0.010,0.014,0.772,0.772
TCGA-HL-7533-01A,0.000,0.000,0.000,0.073,0.000,0.000,0.016,0.022,0.017,0.000,0.028,0.000,0.000,0.000,0.000,0.844,0.844
TCGA-CV-7435-01A,0.005,0.000,0.034,0.002,0.001,0.000,0.013,0.054,0.289,0.014,0.081,0.001,0.001,0.008,0.001,0.495,0.495
TCGA-CV-7446-01A,0.000,0.000,0.015,0.012,0.029,0.000,0.010,0.071,0.097,0.007,0.021,0.001,0.000,0.010,0.007,0.720,0.720
TCGA-BA-6870-01A,0.052,0.000,0.027,0.000,0.001,0.000,0.027,0.079,0.037,0.001,0.003,0.000,0.000,0.006,0.002,0.765,0.765
TCGA-MZ-A5BI-01A,0.065,0.002,0.096,0.011,0.019,0.000,0.080,0.056,0.024,0.008,0.053,0.001,0.001,0.009,0.011,0.564,0.564
TCGA-CQ-A4CE-01A,0.001,0.000,0.027,0.021,0.012,0.000,0.016,0.062,0.012,0.001,0.005,0.000,0.000,0.007,0.009,0.825,0.825
TCGA-CV-A460-01A,0.013,0.000,0.048,0.008,0.003,0.000,0.046,0.057,0.118,0.000,0.054,0.000,0.000,0.007,0.000,0.646,0.646
TCGA-CV-7104-01A,0.004,0.000,0.036,0.001,0.006,0.000,0.044,0.047,0.117,0.023,0.070,0.001,0.001,0.012,0.000,0.638,0.638
TCGA-UF-A7JF-01A,0.015,0.000,0.019,0.004,0.002,0.000,0.035,0.016,0.025,0.001,0.037,0.000,0.000,0.003,0.001,0.843,0.843
TCGA-HD-7753-01A,0.003,0.000,0.021,0.008,0.002,0.000,0.006,0.059,0.146,0.002,0.022,0.000,0.000,0.009,0.008,0.713,0.713
TCGA-F7-A61S-01A,0.000,0.000,0.026,0.050,0.002,0.000,0.009,0.027,0.006,0.000,0.022,0.000,0.000,0.001,0.008,0.848,0.848
TCGA-CQ-A4C9-01A,0.009,0.000,0.017,0.006,0.001,0.000,0.001,0.066,0.082,0.003,0.033,0.000,0.000,0.006,0.003,0.774,0.774
TCGA-CQ-A4CA-01A,0.001,0.000,0.032,0.054,0.023,0.001,0.043,0.062,0.084,0.048,0.064,0.000,0.001,0.007,0.000,0.580,0.580
TCGA-IQ-A61O-01A,0.000,0.000,0.012,0.000,0.000,0.000,0.001,0.045,0.697,0.000,0.105,0.000,0.000,0.001,0.000,0.137,0.137
TCGA-CQ-A4CD-01A,0.000,0.000,0.003,0.024,0.000,0.000,0.004,0.027,0.024,0.000,0.050,0.000,0.000,0.006,0.000,0.862,0.862
TCGA-CN-A499-01A,0.000,0.000,0.036,0.077,0.001,0.000,0.023,0.043,0.007,0.004,0.032,0.000,0.000,0.014,0.008,0.754,0.754
TCGA-CN-6013-01A,0.005,0.000,0.060,0.050,0.016,0.000,0.037,0.044,0.022,0.004,0.171,0.000,0.000,0.030,0.000,0.559,0.559
TCGA-CN-5356-01A,0.010,0.000,0.013,0.007,0.007,0.000,0.008,0.104,0.089,0.009,0.021,0.000,0.000,0.009,0.006,0.716,0.716
TCGA-CN-6017-01A,0.051,0.000,0.043,0.049,0.034,0.000,0.072,0.098,0.196,0.085,0.085,0.002,0.001,0.012,0.002,0.269,0.269
TCGA-CR-7369-01A,0.001,0.000,0.018,0.007,0.014,0.000,0.014,0.073,0.082,0.008,0.019,0.001,0.000,0.013,0.001,0.748,0.748
TCGA-P3-A6T8-01A,0.000,0.000,0.015,0.001,0.000,0.000,0.004,0.072,0.291,0.031,0.009,0.000,0.001,0.004,0.000,0.572,0.572
TCGA-F7-A50J-01A,0.000,0.000,0.014,0.002,0.023,0.000,0.009,0.034,0.050,0.001,0.011,0.000,0.000,0.002,0.010,0.844,0.844
TCGA-UF-A71D-01A,0.001,0.000,0.010,0.012,0.001,0.000,0.007,0.049,0.016,0.000,0.005,0.000,0.000,0.009,0.005,0.885,0.885
TCGA-CV-A464-01A,0.000,0.000,0.026,0.001,0.008,0.000,0.031,0.084,0.231,0.043,0.025,0.000,0.003,0.004,0.000,0.542,0.542
TCGA-CV-A6JD-01A,0.000,0.000,0.033,0.024,0.002,0.000,0.074,0.015,0.118,0.008,0.047,0.000,0.000,0.003,0.000,0.677,0.677
TCGA-CQ-7071-01A,0.001,0.000,0.010,0.019,0.000,0.000,0.017,0.043,0.063,0.000,0.033,0.000,0.000,0.003,0.006,0.805,0.805
TCGA-UF-A7J9-01A,0.000,0.000,0.016,0.008,0.000,0.000,0.008,0.048,0.277,0.010,0.056,0.000,0.000,0.006,0.000,0.569,0.569
TCGA-CQ-6225-01A,0.000,0.000,0.003,0.001,0.005,0.001,0.005,0.018,0.006,0.000,0.013,0.000,0.000,0.003,0.004,0.942,0.942
TCGA-MT-A51X-01A,0.000,0.000,0.017,0.001,0.006,0.000,0.012,0.057,0.065,0.009,0.008,0.000,0.000,0.005,0.004,0.816,0.816
TCGA-BA-5152-01A,0.000,0.000,0.068,0.006,0.014,0.000,0.040,0.056,0.020,0.000,0.051,0.000,0.001,0.003,0.003,0.738,0.738
TCGA-CQ-7065-01A,0.000,0.000,0.001,0.000,0.001,0.000,0.002,0.021,0.029,0.007,0.004,0.000,0.000,0.002,0.000,0.933,0.933
TCGA-CQ-6229-01A,0.000,0.000,0.018,0.023,0.012,0.000,0.014,0.049,0.053,0.020,0.031,0.000,0.001,0.007,0.000,0.773,0.773
TCGA-CN-A63U-01A,0.000,0.000,0.005,0.001,0.000,0.000,0.003,0.024,0.011,0.000,0.004,0.000,0.000,0.003,0.000,0.950,0.950
TCGA-CV-6940-01A,0.000,0.000,0.008,0.007,0.000,0.000,0.011,0.022,0.091,0.007,0.028,0.000,0.000,0.002,0.000,0.823,0.823
TCGA-H7-8501-01A,0.000,0.000,0.026,0.098,0.000,0.000,0.023,0.038,0.057,0.000,0.125,0.000,0.000,0.002,0.002,0.627,0.627
TCGA-QK-A8ZB-01A,0.029,0.000,0.017,0.000,0.005,0.000,0.008,0.063,0.113,0.003,0.029,0.001,0.000,0.013,0.001,0.719,0.719
TCGA-CR-6481-01A,0.034,0.053,0.084,0.011,0.030,0.000,0.071,0.069,0.034,0.014,0.156,0.000,0.002,0.005,0.001,0.434,0.434
TCGA-BB-8596-01A,0.000,0.000,0.041,0.001,0.009,0.000,0.031,0.100,0.278,0.024,0.099,0.002,0.000,0.008,0.000,0.406,0.406
TCGA-CR-6493-01A,0.000,0.000,0.007,0.004,0.000,0.000,0.000,0.034,0.014,0.000,0.009,0.000,0.000,0.003,0.005,0.924,0.924
TCGA-CV-A6JT-01A,0.000,0.000,0.016,0.023,0.005,0.000,0.030,0.019,0.145,0.012,0.036,0.000,0.001,0.003,0.000,0.711,0.711
TCGA-BA-A4IF-01A,0.000,0.000,0.012,0.020,0.001,0.000,0.010,0.037,0.036,0.008,0.009,0.000,0.000,0.005,0.001,0.861,0.861
TCGA-CN-4725-01A,0.000,0.000,0.006,0.000,0.002,0.000,0.004,0.063,0.025,0.033,0.013,0.000,0.000,0.004,0.011,0.840,0.840
TCGA-WA-A7H4-01A,0.007,0.000,0.026,0.003,0.002,0.000,0.024,0.059,0.152,0.029,0.020,0.002,0.000,0.004,0.000,0.673,0.673
TCGA-CV-5441-01A,0.000,0.000,0.005,0.007,0.023,0.000,0.014,0.039,0.062,0.007,0.019,0.000,0.001,0.005,0.000,0.819,0.819
TCGA-CR-7367-01A,0.008,0.000,0.018,0.017,0.029,0.000,0.008,0.069,0.211,0.005,0.051,0.002,0.001,0.011,0.014,0.555,0.555
TCGA-CR-5249-01A,0.020,0.061,0.061,0.011,0.015,0.000,0.061,0.070,0.045,0.010,0.031,0.000,0.003,0.026,0.000,0.585,0.585
TCGA-F7-A620-01A,0.007,0.000,0.018,0.074,0.001,0.000,0.036,0.033,0.024,0.011,0.020,0.000,0.000,0.003,0.006,0.766,0.766
TCGA-QK-A8Z9-01B,0.000,0.000,0.032,0.001,0.017,0.000,0.026,0.040,0.329,0.004,0.063,0.000,0.000,0.005,0.000,0.483,0.483
TCGA-IQ-7630-01A,0.000,0.000,0.013,0.005,0.000,0.000,0.008,0.019,0.054,0.000,0.032,0.000,0.000,0.003,0.000,0.865,0.865
TCGA-CN-4738-01A,0.004,0.000,0.038,0.021,0.006,0.000,0.035,0.064,0.037,0.000,0.041,0.001,0.000,0.021,0.005,0.726,0.726
TCGA-CQ-5331-01A,0.003,0.000,0.037,0.065,0.001,0.000,0.046,0.087,0.014,0.005,0.059,0.000,0.000,0.014,0.023,0.645,0.645
TCGA-CV-7418-01A,0.000,0.000,0.020,0.026,0.004,0.000,0.012,0.045,0.030,0.002,0.036,0.000,0.000,0.003,0.000,0.821,0.821
TCGA-D6-6516-01A,0.000,0.000,0.016,0.030,0.007,0.000,0.013,0.061,0.012,0.000,0.020,0.000,0.000,0.012,0.000,0.828,0.828
TCGA-CV-5444-01A,0.001,0.000,0.038,0.022,0.003,0.000,0.030,0.063,0.287,0.036,0.097,0.000,0.004,0.009,0.000,0.409,0.409
TCGA-CN-A6V7-01A,0.000,0.000,0.013,0.019,0.002,0.000,0.003,0.013,0.000,0.000,0.025,0.000,0.000,0.000,0.000,0.926,0.926
TCGA-CV-A45Z-01A,0.000,0.000,0.036,0.030,0.002,0.000,0.017,0.040,0.060,0.000,0.040,0.000,0.001,0.003,0.003,0.768,0.768
TCGA-CR-6478-01A,0.009,0.000,0.045,0.048,0.005,0.000,0.064,0.063,0.065,0.006,0.122,0.000,0.001,0.014,0.013,0.544,0.544
TCGA-CN-6021-01A,0.016,0.000,0.012,0.000,0.005,0.000,0.009,0.076,0.013,0.001,0.017,0.000,0.000,0.011,0.001,0.837,0.837
TCGA-CQ-6224-01A,0.000,0.000,0.023,0.000,0.001,0.000,0.047,0.052,0.337,0.023,0.064,0.000,0.001,0.006,0.000,0.445,0.445
TCGA-HD-7754-01A,0.002,0.000,0.014,0.002,0.000,0.000,0.002,0.055,0.140,0.000,0.074,0.000,0.000,0.017,0.002,0.692,0.692
TCGA-F7-A622-01A,0.000,0.000,0.006,0.000,0.002,0.000,0.000,0.027,0.009,0.000,0.014,0.000,0.000,0.001,0.006,0.936,0.936
TCGA-P3-A6T2-01A,0.000,0.000,0.005,0.001,0.000,0.000,0.000,0.028,0.043,0.000,0.014,0.000,0.000,0.001,0.001,0.906,0.906
TCGA-CR-7383-01A,0.004,0.000,0.041,0.016,0.003,0.000,0.037,0.076,0.180,0.020,0.087,0.000,0.001,0.004,0.000,0.529,0.529
TCGA-CN-A49A-01A,0.000,0.000,0.007,0.003,0.002,0.000,0.000,0.049,0.203,0.021,0.018,0.000,0.000,0.003,0.002,0.691,0.691
TCGA-TN-A7HJ-01A,0.002,0.000,0.011,0.000,0.000,0.000,0.006,0.057,0.004,0.000,0.007,0.000,0.000,0.002,0.005,0.905,0.905
TCGA-CN-4736-01A,0.001,0.000,0.032,0.045,0.018,0.000,0.024,0.063,0.143,0.057,0.139,0.000,0.002,0.009,0.000,0.465,0.465
TCGA-CN-4730-01A,0.000,0.000,0.000,0.000,0.002,0.000,0.001,0.025,0.014,0.004,0.008,0.000,0.000,0.000,0.000,0.945,0.945
TCGA-CV-7433-01A,0.000,0.000,0.050,0.033,0.032,0.000,0.028,0.059,0.213,0.009,0.137,0.000,0.001,0.005,0.000,0.432,0.432
TCGA-CV-6934-01A,0.001,0.000,0.036,0.003,0.028,0.000,0.023,0.100,0.367,0.039,0.093,0.002,0.001,0.008,0.000,0.299,0.299
TCGA-CV-6941-01A,0.003,0.000,0.033,0.013,0.002,0.000,0.013,0.059,0.168,0.008,0.034,0.001,0.004,0.008,0.003,0.649,0.649
TCGA-RS-A6TP-01A,0.000,0.000,0.014,0.037,0.000,0.000,0.000,0.030,0.000,0.000,0.007,0.000,0.000,0.001,0.000,0.910,0.910
TCGA-CV-5978-01A,0.005,0.000,0.030,0.000,0.000,0.000,0.003,0.039,0.211,0.001,0.197,0.002,0.000,0.009,0.000,0.501,0.501
TCGA-CV-5977-01A,0.000,0.000,0.001,0.000,0.000,0.000,0.001,0.016,0.016,0.000,0.013,0.000,0.000,0.003,0.000,0.951,0.951
TCGA-CV-A6JU-01A,0.009,0.000,0.030,0.001,0.002,0.000,0.011,0.041,0.060,0.012,0.026,0.000,0.001,0.001,0.000,0.805,0.805
TCGA-CV-7102-01A,0.000,0.000,0.013,0.000,0.000,0.000,0.003,0.076,0.161,0.016,0.087,0.000,0.000,0.004,0.000,0.640,0.640
TCGA-CR-7368-01A,0.005,0.000,0.024,0.037,0.000,0.000,0.014,0.058,0.020,0.006,0.042,0.000,0.000,0.035,0.000,0.759,0.759
TCGA-D6-A74Q-01A,0.023,0.000,0.022,0.030,0.003,0.000,0.009,0.044,0.072,0.000,0.019,0.002,0.000,0.006,0.003,0.767,0.767
TCGA-D6-6824-01A,0.013,0.000,0.034,0.020,0.008,0.000,0.036,0.093,0.152,0.010,0.083,0.004,0.001,0.015,0.004,0.526,0.526
TCGA-CV-7440-01A,0.007,0.000,0.004,0.005,0.001,0.000,0.003,0.066,0.040,0.002,0.015,0.000,0.000,0.005,0.006,0.847,0.847
TCGA-CR-6477-01A,0.003,0.000,0.044,0.003,0.009,0.000,0.037,0.063,0.143,0.017,0.136,0.000,0.000,0.008,0.000,0.536,0.536
TCGA-UF-A71B-01A,0.012,0.000,0.019,0.003,0.006,0.000,0.011,0.053,0.094,0.008,0.041,0.000,0.000,0.010,0.004,0.738,0.738
TCGA-QK-A6IF-01A,0.009,0.137,0.086,0.014,0.021,0.001,0.060,0.035,0.084,0.001,0.028,0.001,0.001,0.009,0.000,0.514,0.514
TCGA-CQ-5332-01A,0.000,0.000,0.019,0.000,0.005,0.000,0.004,0.041,0.151,0.000,0.040,0.000,0.000,0.004,0.000,0.736,0.736
TCGA-HD-8224-01A,0.000,0.000,0.005,0.018,0.000,0.000,0.003,0.075,0.127,0.032,0.062,0.000,0.003,0.008,0.000,0.667,0.667
TCGA-BB-8601-01A,0.000,0.000,0.003,0.000,0.000,0.000,0.000,0.012,0.011,0.000,0.001,0.000,0.000,0.001,0.004,0.967,0.967
TCGA-CN-5355-01A,0.014,0.000,0.015,0.002,0.007,0.000,0.012,0.098,0.170,0.027,0.018,0.002,0.001,0.010,0.014,0.608,0.608
TCGA-H7-A76A-01A,0.044,0.017,0.075,0.022,0.011,0.000,0.102,0.038,0.164,0.001,0.109,0.000,0.003,0.005,0.001,0.408,0.408
TCGA-D6-A6EP-01A,0.021,0.000,0.022,0.000,0.024,0.000,0.003,0.046,0.277,0.003,0.028,0.000,0.000,0.001,0.000,0.574,0.574
TCGA-CN-5369-01A,0.019,0.000,0.025,0.060,0.002,0.000,0.040,0.095,0.077,0.010,0.066,0.000,0.001,0.022,0.027,0.556,0.556
TCGA-CN-6988-01A,0.000,0.000,0.006,0.011,0.000,0.000,0.001,0.046,0.017,0.005,0.004,0.000,0.000,0.006,0.003,0.899,0.899
TCGA-BA-A6DE-01A,0.000,0.000,0.014,0.025,0.001,0.000,0.004,0.066,0.014,0.005,0.008,0.000,0.002,0.007,0.003,0.853,0.853
TCGA-D6-8569-01A,0.000,0.000,0.022,0.020,0.000,0.000,0.030,0.068,0.052,0.008,0.013,0.000,0.000,0.016,0.005,0.766,0.766
TCGA-CR-7401-01A,0.000,0.000,0.025,0.000,0.007,0.000,0.035,0.063,0.187,0.021,0.020,0.000,0.000,0.005,0.000,0.635,0.635
TCGA-CV-7177-01A,0.000,0.000,0.014,0.001,0.001,0.000,0.013,0.047,0.238,0.001,0.041,0.001,0.000,0.005,0.000,0.638,0.638
TCGA-CV-7238-01A,0.005,0.000,0.031,0.002,0.047,0.000,0.024,0.074,0.085,0.046,0.048,0.000,0.000,0.005,0.000,0.631,0.631
TCGA-CV-7247-01A,0.000,0.000,0.003,0.000,0.002,0.000,0.000,0.064,0.073,0.038,0.012,0.000,0.000,0.002,0.000,0.806,0.806
TCGA-CQ-7072-01A,0.000,0.000,0.027,0.000,0.000,0.000,0.018,0.055,0.411,0.005,0.029,0.000,0.001,0.002,0.000,0.450,0.450
TCGA-CV-A45T-01A,0.020,0.015,0.065,0.025,0.027,0.000,0.054,0.062,0.059,0.020,0.037,0.001,0.003,0.008,0.018,0.586,0.586
TCGA-KU-A6H7-01A,0.003,0.000,0.027,0.085,0.001,0.000,0.038,0.022,0.011,0.000,0.069,0.000,0.000,0.001,0.000,0.741,0.741
TCGA-BA-4075-01A,0.000,0.000,0.003,0.000,0.000,0.000,0.003,0.018,0.052,0.000,0.036,0.000,0.000,0.005,0.013,0.870,0.870
TCGA-DQ-5624-01A,0.005,0.000,0.029,0.000,0.001,0.000,0.037,0.053,0.153,0.021,0.014,0.000,0.000,0.004,0.000,0.682,0.682
TCGA-BA-A6DD-01A,0.020,0.000,0.033,0.039,0.017,0.000,0.023,0.041,0.085,0.001,0.026,0.000,0.000,0.002,0.000,0.712,0.712
TCGA-KU-A66S-01A,0.005,0.000,0.037,0.001,0.009,0.000,0.013,0.038,0.061,0.009,0.011,0.005,0.000,0.002,0.001,0.807,0.807
TCGA-CV-7254-01A,0.020,0.026,0.037,0.006,0.011,0.000,0.054,0.080,0.242,0.013,0.087,0.001,0.001,0.004,0.001,0.418,0.418
TCGA-CV-5976-01A,0.000,0.000,0.007,0.000,0.000,0.000,0.001,0.034,0.067,0.012,0.023,0.000,0.000,0.004,0.000,0.852,0.852
TCGA-CR-7374-01A,0.036,0.000,0.071,0.002,0.021,0.000,0.039,0.071,0.063,0.008,0.012,0.003,0.000,0.011,0.000,0.661,0.661
TCGA-CR-5250-01A,0.024,0.012,0.057,0.004,0.001,0.000,0.040,0.074,0.091,0.005,0.015,0.001,0.001,0.013,0.000,0.661,0.661
TCGA-CV-A6JZ-01A,0.000,0.000,0.027,0.069,0.015,0.000,0.030,0.027,0.082,0.000,0.139,0.000,0.000,0.002,0.000,0.609,0.609
TCGA-CV-6935-01A,0.000,0.000,0.006,0.000,0.001,0.000,0.002,0.023,0.123,0.003,0.030,0.000,0.000,0.001,0.000,0.810,0.810
TCGA-CV-6954-01A,0.000,0.000,0.013,0.002,0.005,0.000,0.020,0.035,0.088,0.000,0.038,0.000,0.001,0.004,0.000,0.794,0.794
TCGA-CQ-A4CH-01A,0.000,0.000,0.008,0.000,0.001,0.000,0.001,0.074,0.045,0.014,0.035,0.000,0.000,0.017,0.005,0.798,0.798
TCGA-CN-6020-01A,0.000,0.000,0.015,0.007,0.000,0.000,0.007,0.061,0.119,0.001,0.042,0.000,0.000,0.018,0.017,0.712,0.712
TCGA-CV-7425-01A,0.000,0.000,0.024,0.010,0.001,0.000,0.036,0.061,0.012,0.003,0.014,0.000,0.000,0.005,0.003,0.832,0.832
TCGA-BB-A5HU-01A,0.000,0.000,0.021,0.000,0.001,0.000,0.014,0.021,0.182,0.000,0.021,0.000,0.000,0.006,0.006,0.727,0.727
TCGA-HD-7831-01A,0.007,0.000,0.016,0.000,0.001,0.000,0.012,0.052,0.495,0.021,0.045,0.002,0.000,0.003,0.000,0.346,0.346
TCGA-CR-7364-01A,0.010,0.000,0.038,0.001,0.000,0.000,0.035,0.062,0.062,0.001,0.009,0.005,0.000,0.016,0.004,0.758,0.758
TCGA-CN-A63W-01A,0.000,0.000,0.012,0.020,0.001,0.000,0.003,0.044,0.017,0.005,0.009,0.000,0.003,0.002,0.006,0.878,0.878
TCGA-D6-A6EK-01A,0.006,0.000,0.064,0.023,0.011,0.000,0.042,0.020,0.008,0.000,0.020,0.000,0.000,0.001,0.007,0.798,0.798
TCGA-BA-5557-01A,0.000,0.000,0.021,0.000,0.005,0.000,0.010,0.044,0.179,0.001,0.196,0.000,0.000,0.032,0.054,0.456,0.456
TCGA-BA-6869-01A,0.011,0.000,0.019,0.021,0.008,0.000,0.009,0.051,0.009,0.001,0.004,0.000,0.000,0.005,0.002,0.860,0.860
TCGA-CV-7090-01A,0.000,0.000,0.021,0.012,0.001,0.000,0.010,0.068,0.156,0.006,0.157,0.000,0.001,0.011,0.000,0.556,0.556
TCGA-T3-A92M-01A,0.016,0.000,0.045,0.016,0.039,0.000,0.019,0.033,0.163,0.000,0.057,0.000,0.000,0.003,0.000,0.607,0.607
TCGA-MT-A67F-01A,0.000,0.000,0.064,0.090,0.016,0.000,0.041,0.061,0.014,0.000,0.084,0.002,0.000,0.027,0.035,0.565,0.565
TCGA-CN-A63V-01A,0.000,0.000,0.006,0.000,0.004,0.000,0.000,0.043,0.225,0.000,0.035,0.000,0.000,0.003,0.001,0.682,0.682
TCGA-CV-7415-01A,0.005,0.000,0.028,0.017,0.015,0.000,0.007,0.049,0.144,0.001,0.053,0.000,0.000,0.003,0.000,0.677,0.677
TCGA-CV-6003-01A,0.000,0.000,0.008,0.000,0.000,0.000,0.004,0.021,0.019,0.003,0.010,0.000,0.000,0.003,0.000,0.931,0.931
TCGA-CN-6016-01A,0.000,0.000,0.033,0.005,0.005,0.000,0.014,0.059,0.397,0.035,0.102,0.000,0.006,0.007,0.000,0.336,0.336
TCGA-H7-A6C4-01A,0.006,0.000,0.016,0.005,0.009,0.000,0.024,0.053,0.049,0.026,0.020,0.002,0.000,0.006,0.006,0.778,0.778
TCGA-CV-5966-01A,0.000,0.000,0.009,0.017,0.000,0.000,0.004,0.021,0.031,0.006,0.070,0.000,0.001,0.001,0.000,0.841,0.841
TCGA-BA-4076-01A,0.000,0.000,0.010,0.000,0.001,0.000,0.006,0.026,0.015,0.000,0.005,0.000,0.000,0.003,0.001,0.933,0.933
TCGA-CN-4735-01A,0.007,0.000,0.050,0.009,0.003,0.000,0.065,0.054,0.147,0.000,0.062,0.000,0.000,0.007,0.000,0.594,0.594
TCGA-CV-6955-01A,0.000,0.000,0.015,0.010,0.000,0.000,0.047,0.024,0.000,0.000,0.015,0.000,0.000,0.011,0.000,0.877,0.877
TCGA-CR-6491-01A,0.000,0.000,0.008,0.016,0.001,0.000,0.003,0.043,0.022,0.003,0.011,0.000,0.000,0.002,0.005,0.887,0.887
TCGA-BA-5558-01A,0.000,0.000,0.024,0.013,0.008,0.000,0.014,0.082,0.013,0.008,0.055,0.001,0.001,0.023,0.020,0.738,0.738
TCGA-CN-4728-01A,0.001,0.000,0.034,0.001,0.021,0.000,0.029,0.057,0.336,0.014,0.184,0.001,0.000,0.007,0.000,0.315,0.315
TCGA-BB-A5HZ-01A,0.000,0.000,0.011,0.002,0.003,0.000,0.004,0.050,0.061,0.002,0.013,0.000,0.000,0.004,0.007,0.843,0.843
TCGA-UP-A6WW-01A,0.011,0.000,0.046,0.004,0.001,0.000,0.046,0.017,0.066,0.000,0.056,0.000,0.000,0.003,0.000,0.748,0.748
TCGA-CV-7407-01A,0.000,0.000,0.013,0.009,0.000,0.000,0.051,0.035,0.020,0.001,0.046,0.000,0.000,0.007,0.000,0.819,0.819
TCGA-CV-7416-01A,0.000,0.000,0.008,0.001,0.000,0.000,0.002,0.057,0.125,0.014,0.066,0.000,0.000,0.006,0.000,0.721,0.721
TCGA-CN-5361-01A,0.000,0.000,0.014,0.015,0.000,0.000,0.004,0.060,0.250,0.000,0.054,0.000,0.001,0.007,0.000,0.594,0.594
TCGA-CV-7100-01A,0.000,0.000,0.011,0.051,0.000,0.000,0.011,0.063,0.079,0.001,0.032,0.000,0.000,0.009,0.000,0.743,0.743
TCGA-TN-A7HL-01A,0.016,0.001,0.032,0.108,0.030,0.000,0.065,0.019,0.014,0.000,0.094,0.000,0.000,0.002,0.000,0.619,0.619
TCGA-UF-A718-01A,0.011,0.000,0.023,0.002,0.024,0.000,0.016,0.049,0.100,0.004,0.016,0.000,0.000,0.003,0.000,0.750,0.750
TCGA-CQ-5324-01A,0.000,0.000,0.004,0.012,0.000,0.000,0.004,0.030,0.079,0.000,0.027,0.000,0.000,0.005,0.000,0.840,0.840
TCGA-DQ-5629-01A,0.000,0.000,0.006,0.001,0.002,0.000,0.000,0.041,0.056,0.000,0.010,0.000,0.000,0.002,0.000,0.880,0.880
TCGA-BA-A6DJ-01A,0.000,0.000,0.013,0.034,0.001,0.000,0.005,0.030,0.015,0.000,0.018,0.000,0.000,0.001,0.014,0.870,0.870
TCGA-CV-6938-01A,0.000,0.000,0.020,0.027,0.003,0.000,0.026,0.016,0.011,0.000,0.148,0.000,0.000,0.002,0.000,0.748,0.748
TCGA-CR-7395-01A,0.004,0.000,0.056,0.031,0.008,0.000,0.051,0.078,0.075,0.007,0.059,0.000,0.001,0.013,0.018,0.598,0.598
TCGA-CV-7423-01A,0.000,0.000,0.004,0.001,0.001,0.000,0.003,0.051,0.047,0.001,0.007,0.000,0.000,0.006,0.005,0.873,0.873
TCGA-P3-A5QE-01A,0.000,0.008,0.085,0.042,0.029,0.000,0.076,0.027,0.011,0.000,0.020,0.000,0.001,0.013,0.000,0.687,0.687
TCGA-QK-A8Z8-01A,0.005,0.000,0.028,0.024,0.000,0.000,0.009,0.058,0.008,0.005,0.009,0.000,0.000,0.009,0.000,0.846,0.846
TCGA-CV-A465-01A,0.000,0.000,0.000,0.000,0.004,0.000,0.004,0.037,0.006,0.006,0.007,0.000,0.000,0.004,0.004,0.926,0.926
TCGA-CV-5431-01A,0.050,0.000,0.042,0.022,0.038,0.000,0.052,0.021,0.211,0.000,0.059,0.000,0.000,0.007,0.000,0.495,0.495
TCGA-F7-A61W-01A,0.000,0.000,0.003,0.000,0.000,0.000,0.007,0.030,0.013,0.004,0.010,0.000,0.000,0.003,0.000,0.930,0.930
TCGA-CV-5439-01A,0.000,0.000,0.010,0.017,0.003,0.000,0.016,0.052,0.013,0.000,0.009,0.000,0.000,0.003,0.000,0.877,0.877
TCGA-HD-A4C1-01A,0.000,0.000,0.002,0.007,0.000,0.000,0.000,0.069,0.038,0.001,0.008,0.000,0.000,0.007,0.013,0.855,0.855
TCGA-D6-6517-01A,0.011,0.000,0.032,0.000,0.002,0.000,0.034,0.057,0.040,0.001,0.033,0.000,0.000,0.005,0.003,0.781,0.781
TCGA-CQ-6227-01A,0.000,0.000,0.010,0.001,0.006,0.000,0.016,0.098,0.148,0.111,0.027,0.001,0.001,0.003,0.006,0.572,0.572
TCGA-CV-7089-01A,0.000,0.000,0.016,0.013,0.000,0.000,0.021,0.072,0.006,0.000,0.011,0.000,0.000,0.007,0.000,0.853,0.853
TCGA-QK-AA3K-01A,0.006,0.000,0.028,0.001,0.044,0.000,0.006,0.069,0.421,0.004,0.072,0.000,0.000,0.002,0.000,0.348,0.348
TCGA-CN-5367-01A,0.000,0.000,0.010,0.000,0.000,0.000,0.034,0.036,0.070,0.019,0.058,0.000,0.000,0.005,0.000,0.768,0.768
TCGA-WA-A7GZ-01A,0.000,0.000,0.012,0.005,0.001,0.000,0.010,0.039,0.058,0.013,0.012,0.000,0.000,0.005,0.000,0.845,0.845
TCGA-CN-5365-01A,0.000,0.000,0.000,0.015,0.000,0.000,0.007,0.019,0.006,0.000,0.071,0.000,0.000,0.002,0.000,0.879,0.879
TCGA-CV-7095-01A,0.001,0.000,0.007,0.002,0.003,0.000,0.015,0.028,0.046,0.008,0.031,0.000,0.000,0.002,0.000,0.858,0.858
TCGA-QK-A8ZA-01A,0.000,0.000,0.007,0.006,0.000,0.000,0.001,0.026,0.007,0.000,0.011,0.000,0.000,0.006,0.000,0.935,0.935
TCGA-CV-A6JE-01A,0.001,0.000,0.006,0.065,0.001,0.000,0.012,0.013,0.067,0.000,0.036,0.000,0.000,0.001,0.000,0.798,0.798
TCGA-CQ-7063-01A,0.000,0.000,0.048,0.048,0.001,0.000,0.069,0.064,0.013,0.000,0.069,0.000,0.000,0.017,0.000,0.671,0.671
TCGA-BB-4227-01A,0.000,0.000,0.001,0.001,0.000,0.000,0.000,0.024,0.000,0.000,0.019,0.000,0.000,0.001,0.004,0.950,0.950
TCGA-CV-6433-01A,0.007,0.000,0.052,0.076,0.042,0.000,0.050,0.027,0.003,0.000,0.058,0.000,0.000,0.001,0.000,0.683,0.683
TCGA-CN-5373-01A,0.000,0.000,0.047,0.025,0.005,0.000,0.048,0.074,0.148,0.012,0.066,0.001,0.001,0.038,0.001,0.534,0.534
TCGA-CV-7103-01A,0.000,0.000,0.022,0.000,0.003,0.000,0.016,0.048,0.320,0.021,0.044,0.002,0.000,0.003,0.000,0.520,0.520
TCGA-CV-7568-01A,0.000,0.000,0.002,0.010,0.000,0.000,0.003,0.049,0.234,0.012,0.021,0.000,0.000,0.002,0.000,0.667,0.667
TCGA-CN-6989-01A,0.000,0.000,0.057,0.001,0.001,0.000,0.029,0.071,0.261,0.014,0.143,0.001,0.000,0.007,0.000,0.414,0.414
TCGA-CV-6943-01A,0.012,0.000,0.044,0.055,0.043,0.000,0.060,0.089,0.228,0.010,0.104,0.001,0.001,0.016,0.001,0.337,0.337
TCGA-CV-7424-01A,0.026,0.000,0.022,0.003,0.021,0.000,0.003,0.027,0.245,0.000,0.046,0.000,0.000,0.004,0.000,0.601,0.601
TCGA-BA-4078-01A,0.000,0.000,0.033,0.001,0.010,0.000,0.029,0.068,0.205,0.005,0.034,0.001,0.000,0.006,0.000,0.607,0.607
TCGA-CN-4739-01A,0.021,0.002,0.028,0.035,0.023,0.000,0.031,0.062,0.047,0.007,0.013,0.000,0.002,0.023,0.013,0.694,0.694
TCGA-CV-5430-01A,0.010,0.000,0.040,0.005,0.016,0.000,0.060,0.044,0.088,0.000,0.033,0.000,0.000,0.010,0.000,0.692,0.692
TCGA-CR-7399-01A,0.000,0.000,0.048,0.017,0.025,0.000,0.043,0.017,0.077,0.000,0.090,0.000,0.000,0.006,0.000,0.676,0.676
TCGA-CQ-5334-01A,0.000,0.000,0.056,0.039,0.008,0.000,0.026,0.093,0.119,0.010,0.089,0.000,0.001,0.011,0.001,0.546,0.546
TCGA-CR-7402-01A,0.030,0.000,0.034,0.028,0.003,0.000,0.022,0.062,0.069,0.004,0.013,0.000,0.000,0.009,0.000,0.724,0.724
TCGA-CR-7389-01A,0.035,0.000,0.021,0.000,0.003,0.000,0.027,0.092,0.135,0.007,0.033,0.001,0.000,0.013,0.005,0.627,0.627
TCGA-BA-6868-01B,0.000,0.000,0.011,0.001,0.002,0.000,0.000,0.043,0.094,0.004,0.004,0.000,0.000,0.009,0.004,0.828,0.828
TCGA-CV-6951-01A,0.000,0.000,0.010,0.000,0.003,0.000,0.003,0.017,0.057,0.005,0.012,0.000,0.000,0.002,0.000,0.893,0.893
TCGA-F7-8298-01A,0.000,0.000,0.011,0.007,0.000,0.000,0.004,0.066,0.117,0.001,0.033,0.000,0.001,0.005,0.000,0.755,0.755
TCGA-D6-6515-01A,0.001,0.000,0.056,0.043,0.004,0.000,0.120,0.055,0.207,0.023,0.095,0.001,0.001,0.018,0.000,0.376,0.376
TCGA-CV-7180-01A,0.000,0.000,0.008,0.003,0.004,0.000,0.006,0.019,0.000,0.000,0.002,0.000,0.000,0.001,0.003,0.954,0.954
TCGA-CV-7242-01A,0.030,0.000,0.047,0.029,0.019,0.000,0.037,0.057,0.040,0.002,0.019,0.001,0.001,0.009,0.000,0.709,0.709
TCGA-BA-6871-01A,0.000,0.000,0.032,0.031,0.001,0.000,0.008,0.077,0.221,0.006,0.035,0.000,0.000,0.009,0.000,0.580,0.580
TCGA-CR-7371-01A,0.006,0.000,0.049,0.020,0.021,0.000,0.027,0.069,0.105,0.006,0.038,0.002,0.001,0.018,0.018,0.621,0.621
TCGA-CV-5432-01A,0.006,0.000,0.008,0.016,0.003,0.000,0.007,0.026,0.060,0.000,0.029,0.000,0.000,0.001,0.000,0.844,0.844
TCGA-CN-5360-01A,0.022,0.000,0.058,0.026,0.031,0.001,0.045,0.072,0.115,0.021,0.073,0.002,0.001,0.015,0.002,0.515,0.515
TCGA-CQ-A4C6-01A,0.000,0.000,0.026,0.022,0.001,0.000,0.020,0.041,0.068,0.018,0.027,0.000,0.000,0.011,0.001,0.765,0.765
TCGA-MT-A7BN-01A,0.033,0.000,0.014,0.006,0.029,0.000,0.015,0.017,0.094,0.002,0.062,0.000,0.000,0.000,0.000,0.727,0.727
TCGA-CN-A641-01A,0.003,0.000,0.010,0.001,0.004,0.002,0.010,0.050,0.006,0.002,0.010,0.000,0.000,0.005,0.007,0.889,0.889
