,Plasma B cells,Non-plasma B cells,CD4 T,CD8 T effector,CD8 T (GZMK high),Double-neg-like T,DC,Endothelial Cells,CAFs,Myofibroblasts,Macrophages,Mast Cells,NK,Neutrophils,Monocytes,1-others,Cancer Cells
TCGA-EL-A3D0-01A,0.000,0.000,0.001,0.000,0.000,0.000,0.000,0.156,0.187,0.020,0.018,0.000,0.000,0.000,0.000,0.617,0.617
TCGA-J8-A4HY-01A,0.006,0.000,0.006,0.006,0.000,0.000,0.005,0.117,0.003,0.020,0.048,0.001,0.000,0.000,0.000,0.787,0.787
TCGA-L6-A4ET-01A,0.003,0.000,0.003,0.006,0.001,0.000,0.002,0.149,0.010,0.011,0.011,0.002,0.000,0.000,0.000,0.803,0.803
TCGA-DE-A4MC-01A,0.000,0.000,0.025,0.009,0.000,0.000,0.017,0.080,0.035,0.004,0.022,0.000,0.000,0.000,0.000,0.807,0.807
TCGA-ET-A25K-01A,0.000,0.000,0.004,0.004,0.001,0.000,0.000,0.256,0.069,0.058,0.031,0.021,0.000,0.001,0.000,0.555,0.555
TCGA-DJ-A3UU-01A,0.013,0.000,0.021,0.020,0.004,0.000,0.019,0.142,0.156,0.014,0.051,0.001,0.000,0.002,0.000,0.556,0.556
TCGA-EM-A1YA-01A,0.007,0.000,0.002,0.003,0.000,0.000,0.000,0.170,0.000,0.073,0.036,0.001,0.000,0.000,0.000,0.706,0.706
TCGA-CE-A483-01A,0.000,0.000,0.001,0.003,0.000,0.000,0.000,0.152,0.007,0.006,0.030,0.001,0.000,0.001,0.000,0.799,0.799
TCGA-DJ-A3VD-01A,0.034,0.053,0.057,0.022,0.005,0.000,0.055,0.092,0.177,0.009,0.094,0.001,0.001,0.005,0.000,0.394,0.394
TCGA-BJ-A28S-01A,0.004,0.000,0.000,0.001,0.000,0.000,0.000,0.204,0.000,0.074,0.019,0.006,0.000,0.002,0.000,0.691,0.691
TCGA-FY-A3R9-01A,0.007,0.000,0.000,0.000,0.000,0.000,0.001,0.144,0.000,0.055,0.012,0.001,0.000,0.000,0.000,0.779,0.779
TCGA-FY-A3R8-01A,0.000,0.000,0.011,0.004,0.000,0.000,0.012,0.103,0.070,0.001,0.072,0.001,0.000,0.001,0.000,0.726,0.726
TCGA-DJ-A3V2-01A,0.040,0.012,0.046,0.038,0.028,0.000,0.015,0.106,0.061,0.011,0.121,0.001,0.000,0.001,0.000,0.518,0.518
TCGA-ET-A25L-01A,0.000,0.000,0.019,0.004,0.000,0.000,0.008,0.104,0.206,0.001,0.050,0.003,0.000,0.001,0.000,0.604,0.604
TCGA-EL-A3D1-01A,0.015,0.000,0.018,0.002,0.008,0.000,0.006,0.139,0.079,0.020,0.050,0.009,0.000,0.001,0.000,0.653,0.653
TCGA-FY-A3I4-01A,0.005,0.000,0.018,0.008,0.002,0.000,0.010,0.178,0.183,0.029,0.065,0.002,0.000,0.003,0.000,0.498,0.498
TCGA-DJ-A3UV-01A,0.009,0.000,0.020,0.011,0.011,0.000,0.013,0.156,0.127,0.059,0.048,0.002,0.001,0.002,0.000,0.540,0.540
TCGA-BJ-A28T-01A,0.086,0.036,0.055,0.039,0.048,0.001,0.045,0.114,0.125,0.028,0.106,0.001,0.002,0.004,0.001,0.310,0.310
TCGA-EM-A3FQ-01A,0.008,0.008,0.046,0.004,0.021,0.000,0.058,0.068,0.096,0.010,0.076,0.001,0.001,0.002,0.000,0.602,0.602
TCGA-J8-A4HW-01A,0.000,0.000,0.004,0.004,0.000,0.000,0.000,0.167,0.054,0.007,0.021,0.020,0.000,0.002,0.000,0.723,0.723
TCGA-MK-A4N6-01A,0.000,0.000,0.012,0.007,0.000,0.000,0.001,0.079,0.094,0.006,0.070,0.000,0.000,0.001,0.000,0.730,0.730
TCGA-DJ-A3V8-01A,0.004,0.000,0.004,0.003,0.000,0.000,0.003,0.085,0.051,0.005,0.035,0.002,0.000,0.000,0.000,0.806,0.806
TCGA-DJ-A1QI-01A,0.000,0.000,0.011,0.008,0.001,0.000,0.008,0.116,0.112,0.008,0.052,0.006,0.000,0.001,0.000,0.677,0.677
TCGA-EL-A3H8-01A,0.000,0.000,0.006,0.007,0.000,0.000,0.002,0.158,0.091,0.004,0.020,0.020,0.000,0.001,0.000,0.690,0.690
TCGA-EM-A3O3-01A,0.033,0.000,0.041,0.001,0.009,0.000,0.028,0.013,0.071,0.000,0.097,0.001,0.000,0.001,0.000,0.706,0.706
TCGA-IM-A3U3-01A,0.004,0.000,0.017,0.005,0.000,0.000,0.011,0.097,0.065,0.008,0.050,0.001,0.000,0.001,0.000,0.739,0.739
TCGA-BJ-A191-01A,0.028,0.000,0.015,0.008,0.021,0.002,0.002,0.085,0.001,0.012,0.018,0.000,0.000,0.001,0.000,0.806,0.806
TCGA-E8-A3X7-01A,0.000,0.000,0.009,0.004,0.000,0.000,0.006,0.092,0.134,0.000,0.029,0.000,0.000,0.000,0.000,0.724,0.724
TCGA-FY-A3YR-01A,0.000,0.000,0.006,0.002,0.000,0.000,0.004,0.085,0.098,0.001,0.027,0.000,0.000,0.000,0.000,0.776,0.776
TCGA-KS-A41I-01A,0.007,0.000,0.000,0.002,0.000,0.000,0.002,0.184,0.003,0.071,0.054,0.000,0.000,0.000,0.000,0.676,0.676
TCGA-EL-A3CS-01A,0.000,0.000,0.001,0.001,0.000,0.000,0.001,0.102,0.026,0.037,0.017,0.000,0.000,0.000,0.000,0.814,0.814
TCGA-EL-A3GU-01A,0.000,0.000,0.004,0.002,0.000,0.000,0.014,0.110,0.219,0.042,0.021,0.000,0.000,0.001,0.000,0.587,0.587
TCGA-EM-A1CU-01A,0.000,0.000,0.010,0.005,0.000,0.000,0.001,0.152,0.077,0.000,0.032,0.001,0.000,0.001,0.000,0.721,0.721
TCGA-H2-A26U-01A,0.012,0.000,0.067,0.025,0.022,0.000,0.037,0.080,0.167,0.006,0.140,0.000,0.000,0.002,0.000,0.440,0.440
TCGA-DJ-A2PT-01A,0.000,0.000,0.021,0.002,0.001,0.000,0.036,0.061,0.122,0.000,0.110,0.001,0.000,0.001,0.000,0.644,0.644
TCGA-DJ-A3V6-01A,0.000,0.000,0.013,0.005,0.000,0.000,0.005,0.099,0.090,0.007,0.043,0.001,0.000,0.000,0.000,0.736,0.736
TCGA-DJ-A2Q7-01A,0.013,0.000,0.021,0.015,0.002,0.000,0.008,0.171,0.078,0.028,0.059,0.002,0.000,0.002,0.000,0.600,0.600
TCGA-ET-A3BV-01A,0.000,0.000,0.062,0.000,0.000,0.000,0.055,0.058,0.297,0.000,0.019,0.013,0.000,0.003,0.000,0.491,0.491
TCGA-EL-A3ZL-01A,0.000,0.000,0.002,0.001,0.000,0.000,0.002,0.208,0.075,0.120,0.019,0.000,0.000,0.000,0.000,0.573,0.573
TCGA-CE-A13K-01A,0.001,0.000,0.012,0.008,0.011,0.000,0.002,0.217,0.053,0.089,0.033,0.013,0.000,0.005,0.000,0.556,0.556
TCGA-DJ-A3UQ-01A,0.000,0.000,0.028,0.008,0.000,0.000,0.029,0.089,0.249,0.001,0.040,0.002,0.000,0.002,0.000,0.552,0.552
TCGA-BJ-A45H-01A,0.011,0.000,0.013,0.009,0.007,0.000,0.004,0.152,0.120,0.013,0.053,0.006,0.000,0.001,0.000,0.611,0.611
TCGA-L6-A4EU-01A,0.000,0.000,0.010,0.003,0.000,0.000,0.016,0.071,0.099,0.001,0.058,0.001,0.000,0.000,0.000,0.739,0.739
TCGA-DJ-A3VM-01A,0.001,0.000,0.001,0.002,0.000,0.000,0.000,0.183,0.001,0.048,0.036,0.001,0.000,0.001,0.000,0.725,0.725
TCGA-H2-A3RH-01A,0.005,0.000,0.004,0.006,0.001,0.000,0.000,0.130,0.010,0.034,0.054,0.016,0.000,0.004,0.000,0.734,0.734
TCGA-EL-A3ZR-01A,0.012,0.000,0.000,0.001,0.001,0.000,0.000,0.164,0.000,0.041,0.016,0.011,0.000,0.001,0.000,0.752,0.752
TCGA-BJ-A291-01A,0.010,0.000,0.000,0.000,0.009,0.000,0.001,0.261,0.008,0.074,0.013,0.000,0.000,0.000,0.000,0.622,0.622
TCGA-MK-A4N9-01A,0.000,0.000,0.006,0.008,0.000,0.000,0.001,0.162,0.075,0.031,0.015,0.001,0.000,0.001,0.000,0.700,0.700
TCGA-EL-A3MZ-01A,0.000,0.000,0.004,0.003,0.000,0.000,0.001,0.113,0.122,0.001,0.039,0.000,0.000,0.000,0.000,0.716,0.716
TCGA-EM-A2CP-01A,0.108,0.002,0.073,0.049,0.044,0.000,0.016,0.160,0.000,0.053,0.152,0.001,0.003,0.006,0.000,0.333,0.333
TCGA-DJ-A2PZ-01A,0.000,0.000,0.007,0.003,0.000,0.000,0.010,0.101,0.100,0.002,0.070,0.000,0.000,0.001,0.000,0.705,0.705
TCGA-EL-A3ZG-01A,0.001,0.000,0.000,0.003,0.000,0.000,0.000,0.144,0.005,0.065,0.020,0.001,0.000,0.000,0.000,0.759,0.759
TCGA-FE-A3PC-01A,0.010,0.000,0.002,0.002,0.000,0.000,0.000,0.119,0.058,0.039,0.045,0.000,0.000,0.000,0.000,0.725,0.725
TCGA-BJ-A0YZ-01A,0.010,0.000,0.003,0.000,0.000,0.000,0.000,0.201,0.000,0.127,0.046,0.000,0.000,0.001,0.000,0.611,0.611
TCGA-DJ-A13M-01A,0.019,0.000,0.000,0.004,0.001,0.000,0.000,0.130,0.000,0.016,0.021,0.004,0.000,0.000,0.000,0.804,0.804
TCGA-EM-A3OA-01A,0.032,0.000,0.000,0.000,0.000,0.000,0.000,0.135,0.000,0.016,0.007,0.000,0.000,0.000,0.000,0.810,0.810
TCGA-J8-A3YE-01A,0.000,0.000,0.000,0.002,0.000,0.000,0.000,0.064,0.003,0.006,0.016,0.000,0.000,0.000,0.000,0.910,0.910
TCGA-BJ-A0Z9-01A,0.000,0.000,0.010,0.000,0.000,0.000,0.003,0.042,0.026,0.000,0.059,0.000,0.000,0.001,0.000,0.858,0.858
TCGA-EL-A3CW-01A,0.056,0.081,0.046,0.002,0.043,0.019,0.018,0.102,0.084,0.041,0.058,0.002,0.001,0.003,0.000,0.445,0.445
TCGA-FY-A3R6-01A,0.061,0.009,0.052,0.025,0.041,0.000,0.021,0.126,0.109,0.032,0.076,0.001,0.001,0.002,0.000,0.442,0.442
TCGA-H2-A2K9-01A,0.005,0.000,0.002,0.004,0.000,0.000,0.000,0.202,0.002,0.024,0.018,0.025,0.000,0.004,0.000,0.714,0.714
TCGA-DJ-A2PO-01A,0.017,0.000,0.018,0.041,0.029,0.000,0.002,0.153,0.045,0.022,0.112,0.002,0.000,0.003,0.000,0.554,0.554
TCGA-FY-A40N-01A,0.029,0.000,0.012,0.021,0.009,0.000,0.001,0.130,0.026,0.005,0.046,0.003,0.000,0.001,0.000,0.715,0.715
TCGA-EM-A1YD-01A,0.016,0.000,0.004,0.000,0.012,0.000,0.003,0.285,0.078,0.124,0.025,0.001,0.000,0.002,0.000,0.450,0.450
TCGA-DE-A69J-01A,0.000,0.000,0.016,0.005,0.000,0.000,0.006,0.096,0.063,0.000,0.027,0.001,0.000,0.000,0.000,0.784,0.784
TCGA-EL-A3MX-01A,0.016,0.000,0.006,0.006,0.001,0.007,0.006,0.031,0.109,0.000,0.015,0.003,0.000,0.000,0.000,0.801,0.801
TCGA-J8-A3YG-01A,0.000,0.000,0.016,0.004,0.000,0.000,0.005,0.103,0.066,0.008,0.065,0.005,0.000,0.003,0.000,0.723,0.723
TCGA-BJ-A0ZC-01A,0.022,0.000,0.004,0.000,0.009,0.000,0.000,0.192,0.000,0.053,0.016,0.001,0.000,0.001,0.000,0.704,0.704
TCGA-FY-A40K-01A,0.002,0.000,0.018,0.010,0.004,0.009,0.008,0.175,0.067,0.014,0.142,0.002,0.000,0.003,0.000,0.545,0.545
TCGA-EL-A4K6-01A,0.010,0.000,0.000,0.000,0.002,0.000,0.001,0.062,0.000,0.002,0.010,0.010,0.000,0.000,0.000,0.902,0.902
TCGA-EL-A3H3-01A,0.000,0.000,0.022,0.004,0.002,0.000,0.026,0.070,0.048,0.003,0.092,0.000,0.000,0.001,0.000,0.730,0.730
TCGA-BJ-A290-01A,0.000,0.000,0.012,0.004,0.000,0.000,0.000,0.145,0.073,0.072,0.021,0.000,0.000,0.000,0.000,0.673,0.673
TCGA-BJ-A28Z-01A,0.073,0.014,0.065,0.029,0.032,0.000,0.031,0.100,0.133,0.015,0.153,0.001,0.001,0.003,0.001,0.350,0.350
TCGA-CE-A484-01A,0.007,0.000,0.000,0.000,0.009,0.000,0.001,0.183,0.015,0.110,0.021,0.001,0.000,0.001,0.000,0.650,0.650
TCGA-EM-A3FL-01A,0.048,0.006,0.003,0.000,0.001,0.000,0.000,0.088,0.000,0.031,0.017,0.001,0.000,0.000,0.000,0.804,0.804
TCGA-EL-A3GO-01A,0.002,0.000,0.000,0.004,0.008,0.000,0.000,0.317,0.000,0.088,0.035,0.012,0.000,0.004,0.000,0.529,0.529
TCGA-ET-A39T-01A,0.000,0.000,0.000,0.003,0.000,0.000,0.000,0.084,0.003,0.012,0.035,0.000,0.000,0.000,0.000,0.862,0.862
TCGA-EM-A2CK-01A,0.017,0.000,0.001,0.005,0.001,0.000,0.000,0.196,0.000,0.060,0.016,0.006,0.000,0.001,0.000,0.698,0.698
TCGA-DJ-A4UQ-01A,0.010,0.000,0.015,0.003,0.012,0.000,0.004,0.146,0.125,0.032,0.045,0.003,0.000,0.002,0.000,0.603,0.603
TCGA-DJ-A3UO-01A,0.001,0.000,0.007,0.006,0.000,0.000,0.001,0.113,0.073,0.016,0.040,0.005,0.000,0.001,0.000,0.737,0.737
TCGA-DJ-A1QM-01A,0.008,0.000,0.019,0.002,0.001,0.000,0.013,0.132,0.204,0.026,0.043,0.003,0.000,0.002,0.000,0.546,0.546
TCGA-ET-A3BS-01A,0.097,0.000,0.043,0.025,0.012,0.000,0.005,0.099,0.053,0.012,0.137,0.001,0.000,0.002,0.000,0.511,0.511
TCGA-EM-A3AO-01A,0.023,0.000,0.017,0.007,0.005,0.000,0.007,0.195,0.007,0.066,0.060,0.002,0.000,0.000,0.000,0.611,0.611
TCGA-DJ-A3UN-01A,0.007,0.000,0.007,0.009,0.000,0.000,0.000,0.165,0.018,0.039,0.084,0.005,0.000,0.002,0.000,0.664,0.664
TCGA-DJ-A13W-01A,0.000,0.000,0.000,0.000,0.000,0.000,0.000,0.246,0.000,0.079,0.005,0.000,0.000,0.000,0.000,0.669,0.669
TCGA-DJ-A3VE-01A,0.000,0.000,0.003,0.005,0.000,0.000,0.002,0.192,0.096,0.015,0.035,0.003,0.000,0.001,0.000,0.649,0.649
TCGA-DJ-A3VI-01A,0.007,0.000,0.002,0.003,0.000,0.000,0.000,0.069,0.005,0.001,0.022,0.000,0.000,0.000,0.000,0.891,0.891
TCGA-EM-A2CO-01A,0.004,0.000,0.000,0.000,0.000,0.000,0.000,0.096,0.000,0.095,0.025,0.000,0.000,0.000,0.000,0.781,0.781
TCGA-ET-A39L-01A,0.008,0.000,0.002,0.003,0.010,0.000,0.000,0.256,0.010,0.071,0.038,0.005,0.000,0.002,0.000,0.594,0.594
TCGA-EM-A3FO-01A,0.000,0.000,0.002,0.000,0.001,0.000,0.001,0.029,0.064,0.000,0.010,0.008,0.000,0.001,0.000,0.884,0.884
TCGA-E8-A418-01A,0.000,0.000,0.007,0.007,0.000,0.000,0.001,0.050,0.001,0.001,0.053,0.002,0.000,0.000,0.000,0.879,0.879
TCGA-DE-A4M9-01A,0.009,0.000,0.004,0.001,0.002,0.000,0.000,0.103,0.005,0.065,0.029,0.001,0.000,0.002,0.000,0.779,0.779
TCGA-BJ-A28W-01A,0.100,0.164,0.102,0.010,0.053,0.047,0.070,0.065,0.044,0.021,0.083,0.000,0.006,0.002,0.001,0.230,0.230
TCGA-DJ-A2Q6-01A,0.002,0.000,0.020,0.006,0.000,0.000,0.012,0.195,0.186,0.031,0.032,0.003,0.000,0.002,0.000,0.511,0.511
TCGA-EL-A3N2-01A,0.000,0.000,0.004,0.002,0.000,0.000,0.001,0.140,0.057,0.001,0.026,0.000,0.000,0.001,0.000,0.767,0.767
TCGA-FK-A3SG-01A,0.001,0.000,0.004,0.002,0.000,0.000,0.000,0.170,0.052,0.051,0.030,0.007,0.000,0.000,0.000,0.682,0.682
TCGA-DJ-A3UM-01A,0.006,0.000,0.009,0.005,0.000,0.000,0.003,0.158,0.098,0.005,0.056,0.002,0.000,0.001,0.000,0.656,0.656
TCGA-BJ-A45E-01A,0.246,0.000,0.040,0.080,0.046,0.000,0.027,0.075,0.073,0.031,0.214,0.000,0.001,0.001,0.000,0.165,0.165
TCGA-E8-A415-01A,0.004,0.000,0.005,0.007,0.001,0.000,0.002,0.126,0.063,0.001,0.052,0.004,0.000,0.001,0.000,0.733,0.733
TCGA-DJ-A4UP-01A,0.029,0.033,0.040,0.015,0.048,0.001,0.018,0.132,0.110,0.040,0.057,0.005,0.001,0.004,0.000,0.467,0.467
TCGA-ET-A39J-01A,0.000,0.000,0.005,0.005,0.000,0.000,0.000,0.234,0.083,0.061,0.033,0.007,0.000,0.001,0.000,0.571,0.571
TCGA-KS-A41J-01A,0.014,0.000,0.015,0.007,0.001,0.000,0.006,0.076,0.021,0.001,0.069,0.001,0.000,0.000,0.000,0.789,0.789
TCGA-BJ-A4O9-01A,0.003,0.000,0.000,0.004,0.000,0.000,0.000,0.100,0.000,0.003,0.013,0.001,0.000,0.000,0.000,0.876,0.876
TCGA-EM-A2CM-01A,0.000,0.000,0.000,0.001,0.000,0.000,0.002,0.065,0.000,0.018,0.037,0.000,0.000,0.000,0.000,0.877,0.877
TCGA-EM-A2OW-01A,0.007,0.000,0.000,0.000,0.000,0.000,0.000,0.255,0.000,0.060,0.047,0.000,0.000,0.000,0.000,0.631,0.631
TCGA-FE-A3PA-01A,0.000,0.000,0.004,0.000,0.006,0.000,0.007,0.171,0.082,0.009,0.028,0.001,0.000,0.000,0.000,0.693,0.693
TCGA-QD-A8IV-01A,0.033,0.000,0.001,0.012,0.014,0.000,0.000,0.183,0.000,0.029,0.028,0.004,0.000,0.002,0.000,0.693,0.693
TCGA-IM-A3U2-01A,0.000,0.000,0.008,0.000,0.000,0.000,0.006,0.071,0.107,0.000,0.021,0.000,0.000,0.000,0.000,0.787,0.787
TCGA-EL-A3H5-01A,0.000,0.000,0.007,0.002,0.000,0.000,0.013,0.144,0.489,0.012,0.052,0.000,0.000,0.000,0.000,0.280,0.280
TCGA-DJ-A13R-01A,0.019,0.000,0.000,0.005,0.135,0.000,0.000,0.038,0.000,0.014,0.192,0.000,0.000,0.000,0.000,0.596,0.596
TCGA-ET-A2MY-01A,0.000,0.000,0.003,0.002,0.000,0.000,0.002,0.072,0.022,0.008,0.035,0.000,0.000,0.000,0.000,0.857,0.857
TCGA-IM-A3EB-01A,0.018,0.000,0.019,0.009,0.007,0.000,0.002,0.066,0.045,0.000,0.070,0.006,0.000,0.001,0.000,0.757,0.757
TCGA-DJ-A1QF-01A,0.000,0.000,0.001,0.004,0.000,0.000,0.000,0.185,0.089,0.034,0.060,0.002,0.000,0.002,0.000,0.623,0.623
TCGA-EL-A3T1-01A,0.007,0.002,0.028,0.017,0.001,0.000,0.010,0.082,0.095,0.001,0.057,0.001,0.000,0.002,0.000,0.697,0.697
TCGA-FE-A237-01A,0.002,0.000,0.018,0.007,0.000,0.000,0.010,0.143,0.113,0.015,0.041,0.003,0.000,0.001,0.000,0.645,0.645
TCGA-EM-A3FJ-01A,0.000,0.000,0.007,0.007,0.000,0.000,0.011,0.157,0.096,0.006,0.035,0.001,0.000,0.000,0.000,0.679,0.679
TCGA-EL-A3D4-01A,0.002,0.000,0.004,0.000,0.007,0.000,0.001,0.255,0.087,0.108,0.034,0.011,0.000,0.002,0.000,0.489,0.489
TCGA-FE-A234-01A,0.000,0.000,0.013,0.003,0.000,0.000,0.009,0.100,0.047,0.001,0.048,0.004,0.000,0.001,0.000,0.774,0.774
TCGA-FY-A40M-01A,0.006,0.000,0.000,0.000,0.001,0.009,0.003,0.108,0.021,0.018,0.019,0.001,0.000,0.001,0.000,0.812,0.812
TCGA-EM-A2OX-01A,0.000,0.000,0.008,0.008,0.001,0.000,0.005,0.159,0.106,0.051,0.048,0.000,0.000,0.001,0.000,0.615,0.615
TCGA-EM-A4FR-01A,0.004,0.000,0.000,0.001,0.001,0.000,0.000,0.169,0.000,0.033,0.028,0.002,0.000,0.000,0.000,0.762,0.762
TCGA-EM-A22I-01A,0.000,0.000,0.005,0.001,0.000,0.000,0.008,0.081,0.103,0.002,0.022,0.003,0.000,0.000,0.000,0.774,0.774
TCGA-FY-A3ON-01A,0.011,0.000,0.025,0.009,0.002,0.000,0.004,0.172,0.061,0.012,0.051,0.013,0.000,0.003,0.000,0.637,0.637
TCGA-EM-A1YC-01A,0.005,0.000,0.000,0.001,0.000,0.000,0.001,0.083,0.000,0.027,0.027,0.001,0.000,0.000,0.000,0.855,0.855
TCGA-EL-A3TA-01A,0.018,0.000,0.022,0.001,0.019,0.000,0.016,0.195,0.075,0.063,0.083,0.003,0.000,0.001,0.000,0.503,0.503
TCGA-CE-A27D-01A,0.037,0.050,0.059,0.023,0.034,0.000,0.034,0.121,0.130,0.025,0.060,0.001,0.002,0.003,0.000,0.421,0.421
TCGA-ET-A3BT-01A,0.002,0.001,0.018,0.007,0.000,0.000,0.008,0.104,0.083,0.001,0.040,0.002,0.000,0.001,0.000,0.733,0.733
TCGA-DJ-A13U-01A,0.000,0.000,0.002,0.002,0.000,0.000,0.002,0.111,0.008,0.021,0.025,0.000,0.000,0.000,0.000,0.828,0.828
TCGA-EM-A3O8-01A,0.013,0.000,0.000,0.001,0.000,0.000,0.000,0.188,0.000,0.052,0.015,0.011,0.000,0.001,0.000,0.718,0.718
TCGA-H2-A422-01A,0.000,0.000,0.001,0.002,0.000,0.000,0.001,0.082,0.000,0.001,0.037,0.001,0.000,0.001,0.000,0.874,0.874
TCGA-EL-A3CL-01A,0.000,0.000,0.005,0.007,0.000,0.000,0.001,0.163,0.079,0.002,0.040,0.027,0.000,0.002,0.000,0.674,0.674
TCGA-DJ-A13V-01A,0.003,0.000,0.009,0.011,0.000,0.000,0.002,0.155,0.086,0.020,0.024,0.001,0.000,0.001,0.000,0.688,0.688
TCGA-EM-A22Q-01A,0.042,0.000,0.003,0.009,0.009,0.000,0.000,0.132,0.003,0.067,0.020,0.000,0.000,0.000,0.000,0.714,0.714
TCGA-EM-A22J-01A,0.006,0.000,0.000,0.000,0.000,0.000,0.000,0.151,0.000,0.033,0.024,0.000,0.000,0.001,0.000,0.783,0.783
TCGA-BJ-A0Z2-01A,0.015,0.000,0.012,0.012,0.001,0.000,0.002,0.100,0.000,0.009,0.018,0.010,0.000,0.001,0.000,0.819,0.819
TCGA-E3-A3E3-01A,0.000,0.000,0.003,0.003,0.000,0.000,0.007,0.085,0.033,0.006,0.036,0.001,0.000,0.000,0.000,0.826,0.826
TCGA-IM-A41Y-01A,0.000,0.000,0.001,0.001,0.000,0.000,0.000,0.067,0.034,0.004,0.014,0.000,0.000,0.000,0.000,0.878,0.878
TCGA-EM-A3AN-01A,0.000,0.000,0.004,0.003,0.000,0.000,0.010,0.153,0.074,0.014,0.033,0.003,0.000,0.001,0.000,0.704,0.704
TCGA-EL-A3ZP-01A,0.020,0.002,0.043,0.021,0.032,0.000,0.017,0.108,0.116,0.008,0.056,0.001,0.000,0.001,0.000,0.573,0.573
TCGA-BJ-A3F0-01A,0.022,0.000,0.005,0.000,0.001,0.000,0.000,0.295,0.000,0.064,0.025,0.000,0.000,0.001,0.000,0.586,0.586
TCGA-L6-A4EQ-01A,0.001,0.000,0.005,0.007,0.000,0.000,0.004,0.150,0.031,0.000,0.038,0.000,0.000,0.001,0.000,0.762,0.762
TCGA-FE-A3PB-01A,0.009,0.000,0.023,0.009,0.001,0.000,0.056,0.084,0.284,0.003,0.024,0.000,0.000,0.001,0.000,0.507,0.507
TCGA-BJ-A0ZB-01A,0.000,0.000,0.002,0.002,0.000,0.000,0.001,0.097,0.029,0.006,0.025,0.000,0.000,0.000,0.000,0.838,0.838
TCGA-BJ-A0ZJ-01A,0.040,0.047,0.053,0.019,0.038,0.001,0.016,0.119,0.069,0.055,0.090,0.002,0.001,0.003,0.000,0.447,0.447
TCGA-EM-A4G1-01A,0.002,0.000,0.000,0.000,0.000,0.000,0.013,0.149,0.000,0.031,0.038,0.001,0.000,0.000,0.000,0.766,0.766
TCGA-DJ-A3V7-01A,0.000,0.000,0.006,0.003,0.000,0.000,0.004,0.085,0.014,0.006,0.043,0.002,0.000,0.000,0.000,0.835,0.835
TCGA-KS-A4I3-01A,0.000,0.000,0.002,0.005,0.000,0.000,0.002,0.145,0.031,0.030,0.021,0.001,0.000,0.000,0.000,0.761,0.761
TCGA-EL-A3GR-01A,0.000,0.000,0.015,0.002,0.004,0.000,0.003,0.168,0.141,0.020,0.052,0.014,0.000,0.003,0.000,0.578,0.578
TCGA-EM-A3AQ-01A,0.002,0.000,0.004,0.004,0.004,0.000,0.003,0.199,0.029,0.050,0.035,0.002,0.000,0.001,0.000,0.666,0.666
TCGA-BJ-A45C-01A,0.013,0.000,0.001,0.000,0.005,0.001,0.000,0.168,0.001,0.096,0.007,0.003,0.000,0.001,0.000,0.704,0.704
TCGA-DJ-A2PN-01A,0.000,0.000,0.005,0.005,0.000,0.000,0.000,0.170,0.021,0.028,0.035,0.009,0.000,0.001,0.000,0.725,0.725
TCGA-ET-A2MX-01A,0.000,0.000,0.000,0.000,0.000,0.000,0.000,0.027,0.000,0.000,0.039,0.000,0.000,0.000,0.000,0.933,0.933
TCGA-DJ-A4V2-01A,0.001,0.000,0.014,0.005,0.001,0.000,0.005,0.088,0.051,0.001,0.052,0.012,0.000,0.001,0.000,0.769,0.769
TCGA-ET-A39P-01A,0.000,0.000,0.004,0.003,0.000,0.000,0.003,0.115,0.062,0.009,0.041,0.000,0.000,0.000,0.000,0.761,0.761
TCGA-DJ-A2Q3-01A,0.020,0.018,0.028,0.022,0.006,0.000,0.020,0.100,0.124,0.010,0.087,0.008,0.001,0.002,0.000,0.555,0.555
TCGA-DJ-A2QC-01A,0.012,0.000,0.006,0.009,0.006,0.000,0.000,0.204,0.015,0.057,0.070,0.004,0.000,0.001,0.000,0.616,0.616
TCGA-KS-A4IB-01A,0.000,0.000,0.001,0.001,0.000,0.000,0.000,0.076,0.000,0.012,0.039,0.000,0.000,0.001,0.000,0.870,0.870
TCGA-EM-A3AK-01A,0.001,0.000,0.011,0.007,0.001,0.000,0.003,0.200,0.045,0.084,0.078,0.009,0.000,0.002,0.000,0.559,0.559
TCGA-EM-A3ST-01A,0.013,0.000,0.000,0.006,0.000,0.000,0.001,0.114,0.000,0.009,0.017,0.003,0.004,0.001,0.000,0.832,0.832
TCGA-FK-A3SD-01A,0.017,0.000,0.000,0.000,0.002,0.000,0.000,0.170,0.000,0.063,0.018,0.000,0.000,0.000,0.000,0.728,0.728
TCGA-DJ-A2PQ-01A,0.000,0.000,0.001,0.004,0.000,0.000,0.001,0.153,0.035,0.048,0.029,0.002,0.000,0.001,0.000,0.728,0.728
TCGA-DJ-A13P-01A,0.002,0.000,0.004,0.006,0.000,0.000,0.000,0.206,0.004,0.030,0.041,0.004,0.000,0.001,0.000,0.702,0.702
TCGA-EM-A2CL-01A,0.013,0.000,0.000,0.001,0.001,0.000,0.000,0.201,0.000,0.067,0.006,0.004,0.000,0.002,0.000,0.703,0.703
TCGA-EL-A3MW-01A,0.000,0.000,0.003,0.005,0.000,0.000,0.000,0.152,0.037,0.017,0.092,0.000,0.000,0.001,0.000,0.693,0.693
TCGA-J8-A3NZ-01A,0.000,0.000,0.008,0.006,0.000,0.000,0.009,0.093,0.046,0.002,0.053,0.003,0.000,0.001,0.000,0.779,0.779
TCGA-DE-A4MD-01A,0.000,0.000,0.000,0.001,0.000,0.000,0.000,0.022,0.000,0.000,0.033,0.000,0.000,0.000,0.000,0.943,0.943
TCGA-DJ-A3UY-01A,0.000,0.000,0.017,0.004,0.000,0.000,0.024,0.124,0.160,0.013,0.073,0.002,0.000,0.002,0.000,0.582,0.582
TCGA-ET-A25O-01A,0.000,0.000,0.000,0.001,0.000,0.000,0.000,0.083,0.000,0.005,0.013,0.001,0.000,0.001,0.000,0.896,0.896
TCGA-EL-A3ZM-01A,0.000,0.000,0.010,0.000,0.000,0.000,0.004,0.026,0.090,0.000,0.038,0.000,0.000,0.000,0.000,0.833,0.833
TCGA-EM-A1YE-01A,0.025,0.000,0.002,0.000,0.000,0.000,0.000,0.151,0.001,0.071,0.020,0.000,0.000,0.000,0.000,0.729,0.729
TCGA-J8-A42S-01A,0.001,0.000,0.006,0.005,0.000,0.000,0.006,0.181,0.140,0.023,0.014,0.005,0.000,0.001,0.000,0.619,0.619
TCGA-ET-A2MZ-01A,0.003,0.000,0.006,0.001,0.000,0.000,0.000,0.237,0.006,0.075,0.076,0.012,0.000,0.001,0.000,0.583,0.583
TCGA-CE-A3ME-01A,0.000,0.000,0.001,0.011,0.000,0.000,0.000,0.106,0.032,0.010,0.038,0.000,0.000,0.001,0.000,0.799,0.799
TCGA-EM-A3AR-01A,0.003,0.000,0.008,0.001,0.010,0.004,0.008,0.150,0.155,0.027,0.027,0.003,0.000,0.001,0.000,0.602,0.602
TCGA-FY-A3BL-01A,0.000,0.000,0.000,0.002,0.000,0.000,0.003,0.057,0.010,0.003,0.012,0.000,0.000,0.000,0.000,0.913,0.913
TCGA-EM-A3FM-01A,0.000,0.000,0.006,0.003,0.000,0.000,0.009,0.053,0.085,0.000,0.061,0.000,0.000,0.000,0.000,0.783,0.783
TCGA-BJ-A4O8-01A,0.003,0.000,0.035,0.006,0.000,0.000,0.042,0.101,0.150,0.026,0.065,0.001,0.000,0.002,0.000,0.567,0.567
TCGA-H2-A3RI-01A,0.001,0.000,0.005,0.006,0.000,0.000,0.015,0.101,0.020,0.006,0.046,0.002,0.000,0.001,0.000,0.795,0.795
TCGA-ET-A3BQ-01B,0.000,0.000,0.006,0.010,0.000,0.000,0.001,0.234,0.086,0.032,0.053,0.008,0.000,0.001,0.000,0.568,0.568
TCGA-CE-A482-01A,0.000,0.000,0.017,0.001,0.000,0.000,0.004,0.161,0.041,0.069,0.048,0.010,0.000,0.003,0.000,0.646,0.646
TCGA-DJ-A4UT-01A,0.015,0.000,0.055,0.035,0.038,0.000,0.022,0.184,0.135,0.052,0.074,0.001,0.000,0.001,0.000,0.387,0.387
TCGA-BJ-A3PU-01A,0.003,0.000,0.008,0.003,0.000,0.000,0.006,0.040,0.020,0.000,0.035,0.000,0.000,0.000,0.000,0.884,0.884
TCGA-ET-A25I-01A,0.030,0.000,0.000,0.003,0.000,0.000,0.000,0.174,0.000,0.029,0.042,0.000,0.000,0.000,0.000,0.721,0.721
TCGA-BJ-A2NA-01A,0.003,0.000,0.006,0.008,0.000,0.000,0.000,0.130,0.076,0.016,0.065,0.006,0.000,0.001,0.000,0.689,0.689
TCGA-DJ-A3V0-01A,0.000,0.000,0.004,0.005,0.000,0.000,0.004,0.150,0.165,0.060,0.046,0.000,0.000,0.000,0.000,0.565,0.565
TCGA-DJ-A3VB-01A,0.001,0.000,0.013,0.004,0.000,0.000,0.009,0.074,0.077,0.002,0.043,0.001,0.000,0.000,0.000,0.776,0.776
TCGA-DJ-A2PV-01A,0.000,0.000,0.012,0.007,0.002,0.000,0.005,0.235,0.115,0.092,0.074,0.002,0.000,0.004,0.000,0.450,0.450
TCGA-BJ-A3PR-01A,0.060,0.154,0.083,0.032,0.055,0.000,0.023,0.083,0.068,0.017,0.108,0.001,0.002,0.003,0.001,0.312,0.312
TCGA-EL-A3CR-01A,0.001,0.000,0.017,0.005,0.000,0.000,0.002,0.117,0.215,0.006,0.187,0.002,0.000,0.001,0.000,0.447,0.447
TCGA-ET-A25N-01A,0.000,0.000,0.003,0.000,0.001,0.000,0.000,0.180,0.062,0.017,0.043,0.019,0.000,0.004,0.000,0.670,0.670
TCGA-EM-A1CT-01A,0.000,0.000,0.003,0.001,0.000,0.000,0.007,0.105,0.026,0.013,0.064,0.000,0.000,0.001,0.000,0.779,0.779
TCGA-DE-A0Y3-01B,0.000,0.000,0.002,0.002,0.000,0.000,0.000,0.070,0.032,0.000,0.019,0.000,0.000,0.001,0.000,0.874,0.874
TCGA-DJ-A2Q0-01A,0.000,0.000,0.000,0.000,0.000,0.000,0.000,0.196,0.000,0.075,0.039,0.000,0.000,0.000,0.000,0.689,0.689
TCGA-FE-A239-01A,0.032,0.000,0.000,0.000,0.003,0.000,0.000,0.133,0.000,0.021,0.021,0.000,0.000,0.001,0.000,0.789,0.789
TCGA-EM-A2CQ-01A,0.011,0.000,0.000,0.000,0.000,0.000,0.003,0.178,0.000,0.072,0.017,0.002,0.000,0.001,0.000,0.714,0.714
TCGA-EL-A3T6-01A,0.024,0.000,0.037,0.015,0.023,0.000,0.008,0.063,0.015,0.000,0.094,0.001,0.000,0.001,0.000,0.718,0.718
TCGA-DE-A4M8-01A,0.125,0.013,0.046,0.043,0.038,0.001,0.016,0.107,0.088,0.044,0.125,0.001,0.001,0.004,0.001,0.348,0.348
TCGA-J8-A3YH-01A,0.000,0.000,0.009,0.005,0.000,0.000,0.001,0.171,0.066,0.039,0.051,0.012,0.000,0.001,0.000,0.643,0.643
TCGA-FE-A235-01A,0.017,0.000,0.014,0.004,0.017,0.000,0.003,0.152,0.113,0.020,0.042,0.003,0.000,0.001,0.000,0.613,0.613
TCGA-FE-A233-01A,0.000,0.000,0.001,0.004,0.000,0.000,0.000,0.117,0.031,0.006,0.027,0.001,0.000,0.001,0.000,0.813,0.813
TCGA-EM-A4FN-01A,0.000,0.000,0.004,0.002,0.000,0.000,0.007,0.088,0.035,0.005,0.068,0.000,0.000,0.000,0.000,0.790,0.790
TCGA-ET-A39N-01A,0.018,0.000,0.004,0.000,0.002,0.000,0.000,0.152,0.000,0.061,0.028,0.000,0.001,0.001,0.000,0.733,0.733
TCGA-ET-A4KN-01A,0.125,0.000,0.053,0.018,0.001,0.000,0.005,0.013,0.101,0.000,0.113,0.000,0.000,0.000,0.000,0.571,0.571
TCGA-BJ-A3EZ-01A,0.000,0.000,0.003,0.002,0.000,0.000,0.005,0.069,0.047,0.000,0.031,0.000,0.000,0.000,0.000,0.843,0.843
TCGA-DJ-A3UR-01A,0.002,0.000,0.003,0.006,0.000,0.000,0.001,0.197,0.021,0.052,0.052,0.000,0.000,0.001,0.000,0.665,0.665
TCGA-FE-A236-01A,0.000,0.000,0.002,0.007,0.000,0.000,0.000,0.147,0.030,0.026,0.024,0.000,0.000,0.001,0.000,0.764,0.764
TCGA-ET-A2N4-01A,0.000,0.000,0.003,0.005,0.000,0.000,0.000,0.211,0.001,0.059,0.068,0.005,0.000,0.002,0.000,0.646,0.646
TCGA-ET-A3BO-01A,0.018,0.000,0.038,0.023,0.002,0.000,0.016,0.105,0.086,0.020,0.069,0.004,0.000,0.002,0.000,0.617,0.617
TCGA-FK-A4UB-01A,0.001,0.000,0.001,0.003,0.000,0.000,0.000,0.191,0.074,0.090,0.012,0.003,0.000,0.000,0.000,0.625,0.625
TCGA-DJ-A13L-01A,0.023,0.000,0.041,0.018,0.007,0.000,0.038,0.076,0.172,0.001,0.110,0.001,0.000,0.001,0.000,0.511,0.511
TCGA-EL-A3ZQ-01A,0.066,0.000,0.012,0.012,0.009,0.000,0.006,0.055,0.058,0.009,0.043,0.001,0.000,0.000,0.000,0.729,0.729
TCGA-EL-A4K9-01A,0.000,0.000,0.015,0.007,0.000,0.000,0.009,0.234,0.043,0.070,0.072,0.012,0.000,0.002,0.000,0.534,0.534
TCGA-ET-A25P-01A,0.004,0.000,0.004,0.007,0.001,0.000,0.000,0.218,0.002,0.085,0.028,0.031,0.000,0.005,0.000,0.616,0.616
TCGA-EL-A3ZH-01A,0.015,0.000,0.003,0.001,0.001,0.000,0.001,0.152,0.000,0.046,0.025,0.008,0.000,0.001,0.000,0.745,0.745
TCGA-EM-A4FU-01A,0.010,0.000,0.000,0.001,0.002,0.000,0.000,0.207,0.001,0.099,0.044,0.007,0.000,0.001,0.000,0.628,0.628
TCGA-KS-A4IC-01A,0.006,0.000,0.006,0.007,0.000,0.000,0.003,0.120,0.053,0.004,0.059,0.003,0.000,0.001,0.000,0.740,0.740
TCGA-CE-A481-01A,0.020,0.000,0.038,0.009,0.045,0.000,0.007,0.176,0.120,0.027,0.055,0.002,0.000,0.003,0.000,0.497,0.497
TCGA-EL-A3CT-01A,0.001,0.000,0.005,0.001,0.000,0.000,0.000,0.153,0.132,0.022,0.068,0.014,0.000,0.001,0.000,0.602,0.602
TCGA-DJ-A2QA-01A,0.015,0.000,0.007,0.007,0.001,0.000,0.000,0.141,0.096,0.031,0.037,0.000,0.000,0.000,0.000,0.664,0.664
TCGA-FY-A40L-01A,0.001,0.000,0.005,0.006,0.000,0.000,0.005,0.094,0.096,0.001,0.057,0.003,0.000,0.000,0.000,0.732,0.732
TCGA-DO-A1K0-01A,0.000,0.000,0.001,0.003,0.000,0.000,0.001,0.156,0.025,0.011,0.037,0.005,0.000,0.004,0.000,0.757,0.757
TCGA-EL-A3GW-01A,0.011,0.000,0.002,0.004,0.001,0.000,0.003,0.145,0.016,0.008,0.038,0.017,0.000,0.002,0.000,0.753,0.753
TCGA-EM-A3SU-01A,0.039,0.000,0.021,0.006,0.000,0.000,0.010,0.044,0.037,0.004,0.142,0.001,0.000,0.000,0.000,0.697,0.697
TCGA-MK-A84Z-01A,0.011,0.000,0.000,0.001,0.002,0.000,0.000,0.276,0.001,0.103,0.019,0.008,0.000,0.001,0.000,0.577,0.577
TCGA-EL-A3H1-01A,0.021,0.000,0.000,0.000,0.005,0.000,0.000,0.208,0.001,0.041,0.038,0.003,0.000,0.001,0.000,0.682,0.682
TCGA-EL-A3ZK-01A,0.004,0.000,0.004,0.002,0.000,0.000,0.014,0.102,0.028,0.000,0.052,0.006,0.000,0.001,0.000,0.787,0.787
TCGA-EL-A3GP-01A,0.000,0.000,0.009,0.001,0.001,0.000,0.006,0.093,0.280,0.014,0.228,0.009,0.000,0.003,0.000,0.357,0.357
TCGA-ET-A40R-01A,0.030,0.011,0.023,0.003,0.002,0.000,0.007,0.166,0.041,0.060,0.058,0.001,0.000,0.001,0.000,0.595,0.595
TCGA-DJ-A3UX-01A,0.017,0.002,0.016,0.014,0.015,0.000,0.007,0.156,0.092,0.032,0.047,0.002,0.000,0.001,0.000,0.599,0.599
TCGA-DJ-A1QQ-01A,0.005,0.000,0.015,0.007,0.000,0.000,0.002,0.156,0.118,0.009,0.045,0.008,0.000,0.004,0.000,0.629,0.629
TCGA-EL-A3GY-01A,0.001,0.000,0.015,0.008,0.001,0.000,0.016,0.121,0.053,0.009,0.065,0.007,0.000,0.002,0.000,0.701,0.701
TCGA-EL-A4K0-01A,0.000,0.000,0.025,0.015,0.001,0.001,0.016,0.120,0.204,0.005,0.059,0.004,0.000,0.005,0.000,0.545,0.545
TCGA-IM-A3ED-01A,0.027,0.011,0.024,0.013,0.005,0.000,0.001,0.118,0.107,0.006,0.099,0.009,0.000,0.003,0.000,0.576,0.576
TCGA-EL-A3GZ-01A,0.000,0.000,0.011,0.010,0.000,0.000,0.013,0.140,0.119,0.017,0.025,0.001,0.000,0.002,0.000,0.661,0.661
TCGA-DJ-A1QL-01A,0.011,0.000,0.005,0.003,0.003,0.000,0.000,0.252,0.000,0.034,0.016,0.001,0.002,0.001,0.000,0.672,0.672
TCGA-DJ-A4V5-01A,0.009,0.000,0.057,0.011,0.018,0.000,0.036,0.114,0.088,0.024,0.056,0.005,0.000,0.003,0.000,0.579,0.579
TCGA-EL-A3T3-01A,0.003,0.000,0.006,0.002,0.001,0.000,0.002,0.119,0.072,0.006,0.049,0.003,0.000,0.000,0.000,0.738,0.738
TCGA-E3-A3E1-01A,0.003,0.000,0.009,0.005,0.000,0.000,0.003,0.089,0.034,0.006,0.058,0.001,0.000,0.000,0.000,0.790,0.790
TCGA-EL-A3ZN-01A,0.003,0.000,0.003,0.001,0.004,0.000,0.001,0.252,0.057,0.087,0.031,0.006,0.000,0.002,0.000,0.555,0.555
TCGA-EL-A4KI-01A,0.022,0.000,0.002,0.004,0.000,0.000,0.000,0.123,0.005,0.065,0.020,0.000,0.000,0.000,0.000,0.760,0.760
TCGA-DJ-A2Q4-01A,0.004,0.000,0.009,0.006,0.001,0.000,0.002,0.123,0.044,0.007,0.031,0.002,0.000,0.001,0.000,0.769,0.769
TCGA-IM-A4EB-01A,0.042,0.001,0.028,0.006,0.011,0.000,0.007,0.091,0.107,0.004,0.065,0.002,0.000,0.000,0.000,0.635,0.635
TCGA-ET-A39M-01A,0.096,0.000,0.046,0.007,0.041,0.000,0.007,0.081,0.068,0.021,0.135,0.000,0.000,0.001,0.000,0.496,0.496
TCGA-EM-A2CU-01A,0.012,0.000,0.033,0.001,0.034,0.000,0.002,0.170,0.060,0.074,0.080,0.003,0.000,0.003,0.000,0.528,0.528
TCGA-E3-A3DZ-01A,0.012,0.000,0.004,0.006,0.000,0.000,0.001,0.210,0.000,0.054,0.011,0.009,0.000,0.001,0.000,0.691,0.691
TCGA-ET-A3BW-01A,0.000,0.000,0.001,0.004,0.000,0.000,0.000,0.162,0.017,0.031,0.021,0.001,0.000,0.003,0.000,0.760,0.760
TCGA-DE-A0Y2-01A,0.000,0.000,0.001,0.001,0.000,0.000,0.000,0.099,0.029,0.004,0.037,0.000,0.000,0.001,0.000,0.827,0.827
TCGA-DJ-A3VF-01A,0.000,0.000,0.031,0.003,0.000,0.000,0.042,0.115,0.331,0.005,0.052,0.003,0.000,0.003,0.000,0.416,0.416
TCGA-DJ-A3VA-01A,0.007,0.000,0.010,0.012,0.000,0.000,0.003,0.150,0.039,0.007,0.039,0.008,0.000,0.001,0.000,0.724,0.724
TCGA-E3-A3E2-01A,0.025,0.076,0.038,0.036,0.010,0.000,0.020,0.127,0.072,0.018,0.055,0.001,0.001,0.002,0.000,0.518,0.518
TCGA-DJ-A1QD-01A,0.000,0.000,0.002,0.004,0.000,0.000,0.001,0.130,0.066,0.002,0.034,0.007,0.000,0.001,0.000,0.752,0.752
TCGA-J8-A3O1-01A,0.000,0.000,0.001,0.001,0.000,0.000,0.000,0.046,0.001,0.005,0.029,0.000,0.000,0.000,0.000,0.917,0.917
TCGA-DJ-A3V3-01A,0.042,0.000,0.027,0.018,0.023,0.000,0.003,0.156,0.058,0.033,0.070,0.002,0.000,0.001,0.000,0.567,0.567
TCGA-DJ-A2Q2-01A,0.011,0.000,0.004,0.004,0.002,0.000,0.000,0.229,0.000,0.059,0.072,0.001,0.000,0.000,0.000,0.617,0.617
TCGA-KS-A41F-01A,0.021,0.000,0.006,0.007,0.000,0.000,0.000,0.075,0.025,0.005,0.029,0.000,0.000,0.000,0.000,0.832,0.832
TCGA-EL-A3N3-01A,0.043,0.000,0.020,0.009,0.000,0.000,0.011,0.088,0.107,0.000,0.080,0.002,0.000,0.001,0.000,0.639,0.639
TCGA-GE-A2C6-01A,0.008,0.000,0.041,0.016,0.030,0.000,0.015,0.108,0.173,0.054,0.069,0.001,0.000,0.003,0.000,0.482,0.482
TCGA-EL-A3D6-01A,0.006,0.000,0.015,0.001,0.000,0.000,0.017,0.076,0.102,0.000,0.043,0.001,0.000,0.000,0.000,0.738,0.738
TCGA-DE-A7U5-01A,0.020,0.000,0.032,0.013,0.001,0.000,0.016,0.080,0.194,0.003,0.078,0.001,0.000,0.003,0.000,0.557,0.557
TCGA-DJ-A3VJ-01A,0.008,0.000,0.026,0.004,0.012,0.000,0.007,0.170,0.090,0.027,0.032,0.007,0.000,0.001,0.000,0.616,0.616
TCGA-EM-A4FQ-01A,0.012,0.000,0.008,0.003,0.000,0.000,0.003,0.083,0.053,0.007,0.060,0.001,0.000,0.000,0.000,0.772,0.772
TCGA-CE-A3MD-01A,0.001,0.000,0.009,0.010,0.004,0.000,0.006,0.201,0.077,0.057,0.046,0.005,0.001,0.001,0.000,0.581,0.581
TCGA-ET-A25R-01A,0.000,0.000,0.017,0.005,0.000,0.000,0.014,0.089,0.090,0.000,0.040,0.000,0.000,0.001,0.000,0.744,0.744
TCGA-EM-A3AP-01A,0.009,0.000,0.003,0.005,0.000,0.000,0.000,0.219,0.009,0.101,0.068,0.021,0.000,0.001,0.000,0.564,0.564
TCGA-EL-A4JZ-01A,0.011,0.000,0.048,0.020,0.023,0.000,0.022,0.144,0.151,0.052,0.102,0.000,0.000,0.002,0.000,0.423,0.423
TCGA-FE-A23A-01A,0.052,0.000,0.027,0.019,0.016,0.000,0.010,0.045,0.044,0.000,0.064,0.000,0.000,0.001,0.000,0.722,0.722
TCGA-BJ-A45K-01A,0.016,0.000,0.001,0.000,0.006,0.000,0.000,0.270,0.000,0.084,0.007,0.003,0.000,0.001,0.000,0.611,0.611
TCGA-DJ-A1QE-01A,0.000,0.000,0.010,0.005,0.000,0.000,0.008,0.075,0.112,0.000,0.021,0.000,0.000,0.002,0.000,0.766,0.766
TCGA-E8-A433-01A,0.013,0.000,0.022,0.004,0.002,0.000,0.012,0.092,0.128,0.007,0.045,0.000,0.000,0.000,0.000,0.674,0.674
TCGA-BJ-A18Z-01A,0.000,0.000,0.020,0.002,0.000,0.000,0.012,0.082,0.226,0.001,0.051,0.002,0.000,0.002,0.000,0.602,0.602
TCGA-EL-A4K7-01A,0.004,0.000,0.002,0.004,0.000,0.000,0.002,0.036,0.056,0.000,0.021,0.000,0.000,0.000,0.000,0.875,0.875
TCGA-FY-A3W9-01A,0.009,0.000,0.000,0.001,0.001,0.000,0.001,0.156,0.000,0.015,0.019,0.003,0.000,0.001,0.000,0.793,0.793
TCGA-EM-A22P-01A,0.015,0.072,0.053,0.010,0.039,0.003,0.033,0.158,0.185,0.054,0.068,0.008,0.001,0.005,0.001,0.295,0.295
TCGA-DJ-A2PX-01A,0.054,0.022,0.042,0.027,0.019,0.000,0.013,0.160,0.058,0.056,0.079,0.001,0.001,0.002,0.000,0.465,0.465
TCGA-J8-A3YD-01A,0.002,0.000,0.005,0.003,0.001,0.000,0.002,0.154,0.031,0.021,0.021,0.004,0.000,0.001,0.000,0.754,0.754
TCGA-EL-A3CV-01A,0.004,0.010,0.039,0.038,0.027,0.001,0.043,0.165,0.218,0.032,0.092,0.005,0.001,0.004,0.000,0.321,0.321
TCGA-EL-A3CM-01A,0.000,0.000,0.005,0.003,0.000,0.000,0.008,0.164,0.212,0.008,0.039,0.000,0.000,0.001,0.000,0.560,0.560
TCGA-ET-A40Q-01A,0.015,0.000,0.020,0.007,0.000,0.000,0.014,0.063,0.107,0.002,0.085,0.001,0.000,0.000,0.000,0.685,0.685
TCGA-FK-A3SE-01A,0.000,0.000,0.004,0.000,0.001,0.000,0.004,0.143,0.084,0.006,0.024,0.018,0.000,0.001,0.000,0.715,0.715
TCGA-EM-A2OZ-01A,0.001,0.000,0.006,0.009,0.001,0.000,0.002,0.127,0.000,0.027,0.052,0.006,0.000,0.001,0.000,0.769,0.769
TCGA-ET-A3DW-01A,0.000,0.000,0.008,0.002,0.000,0.000,0.006,0.038,0.008,0.000,0.030,0.000,0.000,0.000,0.000,0.907,0.907
TCGA-H2-A421-01A,0.045,0.000,0.036,0.020,0.010,0.000,0.006,0.099,0.080,0.005,0.077,0.001,0.000,0.001,0.000,0.620,0.620
TCGA-E8-A417-01A,0.017,0.000,0.008,0.013,0.000,0.000,0.003,0.088,0.007,0.007,0.065,0.002,0.000,0.000,0.000,0.789,0.789
TCGA-EL-A3T2-01A,0.001,0.000,0.000,0.005,0.000,0.000,0.002,0.215,0.001,0.024,0.029,0.039,0.000,0.005,0.000,0.679,0.679
TCGA-E3-A3E0-01A,0.007,0.000,0.011,0.016,0.003,0.000,0.001,0.146,0.013,0.027,0.052,0.008,0.000,0.001,0.000,0.714,0.714
TCGA-DJ-A3UW-01A,0.078,0.002,0.048,0.013,0.009,0.000,0.019,0.082,0.120,0.007,0.080,0.001,0.000,0.001,0.000,0.540,0.540
TCGA-DJ-A3VG-01A,0.014,0.000,0.000,0.000,0.002,0.000,0.000,0.214,0.003,0.095,0.026,0.003,0.000,0.001,0.000,0.642,0.642
TCGA-BJ-A28V-01A,0.010,0.000,0.001,0.000,0.000,0.000,0.000,0.228,0.000,0.070,0.007,0.002,0.000,0.001,0.000,0.680,0.680
TCGA-EM-A2CJ-01A,0.012,0.000,0.001,0.000,0.007,0.000,0.000,0.155,0.000,0.050,0.023,0.000,0.000,0.001,0.000,0.751,0.751
TCGA-EM-A22O-01A,0.000,0.000,0.000,0.005,0.000,0.000,0.000,0.080,0.001,0.001,0.035,0.000,0.000,0.000,0.000,0.878,0.878
TCGA-E3-A3DY-01A,0.013,0.000,0.013,0.011,0.002,0.000,0.003,0.117,0.044,0.002,0.072,0.002,0.000,0.001,0.000,0.720,0.720
TCGA-BJ-A0ZH-01A,0.006,0.000,0.010,0.003,0.000,0.000,0.003,0.145,0.016,0.028,0.059,0.001,0.000,0.000,0.000,0.729,0.729
TCGA-BJ-A45J-01A,0.003,0.000,0.009,0.001,0.001,0.000,0.003,0.158,0.054,0.008,0.026,0.011,0.000,0.001,0.000,0.727,0.727
TCGA-FY-A3I5-01B,0.015,0.020,0.001,0.000,0.013,0.020,0.001,0.101,0.014,0.032,0.037,0.000,0.000,0.001,0.000,0.744,0.744
TCGA-E8-A413-01A,0.000,0.000,0.024,0.005,0.005,0.000,0.024,0.123,0.248,0.010,0.054,0.001,0.000,0.002,0.000,0.503,0.503
TCGA-FY-A3NM-01A,0.005,0.000,0.002,0.000,0.000,0.000,0.000,0.176,0.000,0.044,0.010,0.001,0.000,0.001,0.000,0.761,0.761
TCGA-FY-A2QD-01A,0.009,0.000,0.000,0.000,0.000,0.000,0.000,0.106,0.000,0.027,0.005,0.007,0.000,0.001,0.000,0.845,0.845
TCGA-CE-A485-01A,0.000,0.000,0.032,0.002,0.014,0.000,0.016,0.209,0.178,0.055,0.054,0.005,0.000,0.003,0.000,0.430,0.430
TCGA-DJ-A13S-01A,0.001,0.000,0.000,0.002,0.000,0.000,0.000,0.186,0.000,0.030,0.034,0.014,0.000,0.001,0.000,0.730,0.730
TCGA-ET-A3DR-01A,0.001,0.000,0.006,0.001,0.000,0.000,0.000,0.173,0.082,0.006,0.015,0.016,0.000,0.002,0.000,0.696,0.696
TCGA-DJ-A13O-01A,0.035,0.009,0.028,0.008,0.026,0.000,0.012,0.064,0.068,0.006,0.058,0.001,0.000,0.001,0.000,0.682,0.682
TCGA-EM-A22N-01A,0.024,0.000,0.000,0.000,0.000,0.000,0.000,0.163,0.000,0.070,0.052,0.000,0.000,0.000,0.000,0.690,0.690
TCGA-E8-A414-01A,0.001,0.005,0.032,0.012,0.002,0.000,0.020,0.151,0.216,0.040,0.055,0.008,0.000,0.006,0.000,0.450,0.450
TCGA-ET-A3BU-01A,0.000,0.000,0.012,0.004,0.000,0.000,0.001,0.196,0.065,0.018,0.047,0.018,0.000,0.002,0.000,0.637,0.637
TCGA-EL-A3ZT-01A,0.002,0.000,0.007,0.006,0.000,0.000,0.001,0.168,0.046,0.015,0.037,0.026,0.000,0.001,0.000,0.691,0.691
TCGA-ET-A39S-01A,0.007,0.000,0.014,0.001,0.002,0.000,0.006,0.191,0.094,0.035,0.037,0.019,0.000,0.002,0.000,0.592,0.592
TCGA-EM-A3O6-01A,0.014,0.000,0.001,0.000,0.000,0.000,0.000,0.255,0.000,0.083,0.015,0.000,0.000,0.000,0.000,0.631,0.631
TCGA-ET-A3DU-01A,0.121,0.000,0.050,0.030,0.036,0.000,0.020,0.061,0.093,0.001,0.116,0.000,0.000,0.002,0.000,0.469,0.469
TCGA-DJ-A1QN-01A,0.000,0.000,0.025,0.012,0.000,0.000,0.014,0.160,0.036,0.024,0.076,0.005,0.000,0.004,0.000,0.642,0.642
TCGA-ET-A3DP-01A,0.000,0.000,0.015,0.008,0.002,0.000,0.018,0.174,0.077,0.019,0.056,0.001,0.000,0.005,0.000,0.625,0.625
TCGA-FY-A3NN-01A,0.000,0.000,0.000,0.001,0.000,0.000,0.002,0.076,0.010,0.008,0.062,0.001,0.000,0.000,0.000,0.839,0.839
TCGA-DJ-A3V9-01A,0.008,0.000,0.014,0.002,0.001,0.000,0.001,0.188,0.087,0.046,0.064,0.006,0.000,0.002,0.000,0.580,0.580
TCGA-E8-A2JQ-01A,0.064,0.000,0.060,0.070,0.025,0.000,0.024,0.060,0.116,0.003,0.087,0.000,0.000,0.001,0.000,0.488,0.488
TCGA-EM-A4FH-01A,0.016,0.000,0.001,0.000,0.000,0.000,0.000,0.225,0.000,0.070,0.006,0.005,0.000,0.000,0.000,0.677,0.677
TCGA-IM-A420-01A,0.034,0.000,0.027,0.025,0.008,0.000,0.001,0.072,0.055,0.000,0.072,0.001,0.000,0.001,0.000,0.703,0.703
TCGA-EM-A22K-01A,0.014,0.000,0.001,0.005,0.002,0.000,0.000,0.203,0.001,0.064,0.032,0.004,0.000,0.003,0.000,0.671,0.671
TCGA-EM-A2P0-01A,0.000,0.000,0.004,0.007,0.000,0.000,0.005,0.179,0.068,0.003,0.035,0.025,0.000,0.002,0.000,0.671,0.671
TCGA-BJ-A28R-01A,0.014,0.000,0.016,0.022,0.009,0.000,0.004,0.125,0.039,0.011,0.052,0.002,0.000,0.001,0.000,0.704,0.704
TCGA-ET-A3BX-01A,0.000,0.000,0.009,0.001,0.000,0.000,0.002,0.045,0.017,0.000,0.042,0.002,0.000,0.002,0.000,0.880,0.880
TCGA-FY-A4B4-01A,0.003,0.000,0.017,0.009,0.000,0.000,0.004,0.125,0.079,0.002,0.066,0.009,0.000,0.002,0.000,0.683,0.683
TCGA-ET-A3DQ-01A,0.039,0.024,0.040,0.015,0.031,0.001,0.013,0.161,0.143,0.063,0.056,0.008,0.001,0.004,0.000,0.400,0.400
TCGA-ET-A3DO-01A,0.059,0.000,0.050,0.030,0.009,0.000,0.013,0.071,0.073,0.001,0.084,0.001,0.000,0.001,0.000,0.608,0.608
TCGA-E8-A416-01A,0.015,0.002,0.014,0.002,0.035,0.001,0.004,0.155,0.153,0.027,0.017,0.002,0.000,0.001,0.000,0.573,0.573
TCGA-DJ-A1QG-01A,0.000,0.000,0.000,0.000,0.000,0.000,0.000,0.217,0.000,0.047,0.055,0.000,0.000,0.000,0.000,0.680,0.680
TCGA-EM-A2OY-01A,0.000,0.000,0.000,0.000,0.000,0.000,0.000,0.058,0.000,0.029,0.020,0.000,0.000,0.000,0.000,0.893,0.893
TCGA-EL-A3CP-01A,0.000,0.000,0.006,0.004,0.000,0.000,0.004,0.163,0.115,0.007,0.009,0.002,0.000,0.002,0.000,0.689,0.689
TCGA-BJ-A45F-01A,0.010,0.000,0.000,0.000,0.000,0.000,0.001,0.214,0.000,0.048,0.045,0.000,0.000,0.000,0.000,0.681,0.681
TCGA-EM-A4FV-01A,0.041,0.008,0.043,0.028,0.013,0.000,0.011,0.154,0.037,0.026,0.089,0.004,0.000,0.003,0.000,0.544,0.544
TCGA-EM-A2P1-01A,0.046,0.052,0.054,0.025,0.013,0.000,0.029,0.082,0.125,0.001,0.107,0.002,0.001,0.002,0.000,0.462,0.462
TCGA-EL-A4JW-01A,0.006,0.000,0.005,0.007,0.001,0.000,0.002,0.169,0.059,0.058,0.027,0.001,0.000,0.002,0.000,0.663,0.663
TCGA-EM-A3AI-01A,0.012,0.000,0.000,0.000,0.000,0.000,0.000,0.207,0.000,0.087,0.015,0.000,0.000,0.000,0.000,0.679,0.679
TCGA-EL-A3GX-01A,0.000,0.000,0.014,0.009,0.000,0.000,0.007,0.058,0.029,0.000,0.138,0.007,0.000,0.001,0.000,0.736,0.736
TCGA-FY-A3NP-01A,0.011,0.000,0.002,0.003,0.000,0.000,0.000,0.153,0.002,0.032,0.026,0.006,0.000,0.002,0.000,0.763,0.763
TCGA-FY-A4B3-01A,0.003,0.000,0.014,0.001,0.003,0.000,0.004,0.167,0.125,0.002,0.016,0.020,0.000,0.004,0.000,0.640,0.640
