,Plasma B cells,Non-plasma B cells,CD4 T,CD8 T effector,CD8 T (GZMK high),Double-neg-like T,DC,Endothelial Cells,CAFs,Myofibroblasts,Macrophages,Mast Cells,NK,Neutrophils,Monocytes,1-others,Cancer Cells
TCGA-BC-A10Z-01A,0.010,0.000,0.002,0.000,0.000,0.000,0.000,0.015,0.000,0.000,0.034,0.000,0.000,0.002,0.000,0.938,0.938
TCGA-DD-AAEK-01A,0.018,0.000,0.019,0.000,0.002,0.000,0.003,0.045,0.000,0.021,0.129,0.000,0.000,0.000,0.000,0.761,0.761
TCGA-G3-A3CK-01A,0.014,0.000,0.003,0.000,0.000,0.000,0.000,0.020,0.000,0.002,0.064,0.000,0.000,0.000,0.000,0.897,0.897
TCGA-DD-A1EJ-01A,0.014,0.000,0.003,0.000,0.000,0.000,0.000,0.003,0.000,0.000,0.120,0.000,0.000,0.000,0.000,0.859,0.859
TCGA-DD-AACU-01A,0.009,0.000,0.003,0.000,0.000,0.000,0.000,0.029,0.000,0.000,0.061,0.000,0.000,0.000,0.000,0.896,0.896
TCGA-ZS-A9CE-01A,0.017,0.000,0.002,0.000,0.000,0.000,0.000,0.013,0.000,0.000,0.034,0.000,0.000,0.000,0.000,0.934,0.934
TCGA-2Y-A9H2-01A,0.001,0.000,0.003,0.000,0.002,0.000,0.017,0.021,0.001,0.009,0.040,0.000,0.001,0.004,0.000,0.902,0.902
TCGA-CC-5261-01A,0.016,0.018,0.030,0.009,0.001,0.001,0.017,0.095,0.101,0.024,0.077,0.001,0.001,0.008,0.000,0.601,0.601
TCGA-DD-AADP-01A,0.013,0.000,0.002,0.000,0.000,0.000,0.000,0.041,0.000,0.000,0.042,0.000,0.000,0.000,0.000,0.902,0.902
TCGA-2Y-A9H4-01A,0.011,0.000,0.001,0.000,0.000,0.000,0.000,0.028,0.000,0.000,0.067,0.000,0.000,0.000,0.000,0.893,0.893
TCGA-DD-A1EA-01A,0.035,0.000,0.004,0.000,0.000,0.000,0.000,0.035,0.000,0.000,0.093,0.000,0.000,0.003,0.000,0.829,0.829
TCGA-CC-A3MC-01A,0.009,0.000,0.003,0.000,0.000,0.000,0.000,0.030,0.003,0.012,0.069,0.000,0.000,0.000,0.000,0.874,0.874
TCGA-FV-A2QR-01A,0.024,0.000,0.000,0.000,0.000,0.000,0.000,0.049,0.005,0.009,0.086,0.000,0.000,0.000,0.000,0.826,0.826
TCGA-EP-A26S-01A,0.005,0.000,0.000,0.000,0.000,0.000,0.000,0.030,0.000,0.000,0.035,0.000,0.000,0.000,0.000,0.930,0.930
TCGA-K7-AAU7-01A,0.003,0.000,0.007,0.000,0.000,0.000,0.002,0.023,0.069,0.005,0.058,0.000,0.000,0.008,0.000,0.823,0.823
TCGA-G3-A25T-01A,0.000,0.000,0.000,0.000,0.000,0.000,0.000,0.021,0.004,0.000,0.048,0.000,0.002,0.000,0.000,0.924,0.924
TCGA-DD-AADB-01A,0.028,0.000,0.030,0.002,0.000,0.000,0.000,0.021,0.000,0.000,0.086,0.000,0.000,0.000,0.000,0.834,0.834
TCGA-UB-A7MA-01A,0.003,0.000,0.004,0.000,0.000,0.000,0.000,0.029,0.007,0.044,0.043,0.000,0.000,0.002,0.000,0.867,0.867
TCGA-DD-AAD0-01A,0.006,0.000,0.000,0.000,0.000,0.000,0.000,0.000,0.000,0.000,0.062,0.000,0.000,0.000,0.000,0.932,0.932
TCGA-BC-4072-01B,0.012,0.000,0.035,0.006,0.011,0.000,0.003,0.039,0.009,0.020,0.122,0.001,0.000,0.004,0.000,0.740,0.740
TCGA-DD-AACD-01A,0.028,0.000,0.000,0.000,0.000,0.000,0.000,0.018,0.000,0.004,0.067,0.000,0.000,0.000,0.000,0.882,0.882
TCGA-DD-A3A5-01A,0.014,0.000,0.003,0.000,0.000,0.000,0.000,0.029,0.000,0.009,0.039,0.000,0.000,0.000,0.000,0.907,0.907
TCGA-ZP-A9D1-01A,0.013,0.000,0.005,0.000,0.000,0.000,0.000,0.082,0.004,0.023,0.053,0.000,0.000,0.002,0.000,0.818,0.818
TCGA-ZP-A9D0-01A,0.011,0.000,0.000,0.000,0.000,0.000,0.000,0.026,0.000,0.000,0.036,0.000,0.000,0.000,0.000,0.926,0.926
TCGA-CC-A7IK-01A,0.003,0.000,0.000,0.000,0.000,0.000,0.000,0.023,0.000,0.005,0.016,0.000,0.000,0.000,0.000,0.952,0.952
TCGA-WQ-AB4B-01A,0.013,0.000,0.001,0.000,0.000,0.000,0.000,0.023,0.000,0.002,0.048,0.000,0.000,0.000,0.000,0.913,0.913
TCGA-FV-A4ZQ-01A,0.070,0.000,0.020,0.032,0.019,0.000,0.000,0.005,0.000,0.000,0.119,0.000,0.000,0.000,0.000,0.734,0.734
TCGA-G3-A25S-01A,0.018,0.000,0.003,0.000,0.000,0.000,0.000,0.005,0.000,0.000,0.073,0.000,0.000,0.000,0.000,0.901,0.901
TCGA-NI-A4U2-01A,0.016,0.000,0.000,0.000,0.000,0.000,0.000,0.047,0.000,0.000,0.038,0.000,0.000,0.000,0.000,0.899,0.899
TCGA-RC-A7SK-01A,0.011,0.000,0.002,0.000,0.000,0.000,0.000,0.022,0.000,0.000,0.029,0.000,0.000,0.000,0.000,0.936,0.936
TCGA-DD-AADS-01A,0.020,0.000,0.003,0.000,0.000,0.000,0.000,0.015,0.000,0.000,0.076,0.000,0.000,0.000,0.000,0.886,0.886
TCGA-DD-A73F-01A,0.045,0.000,0.007,0.038,0.001,0.000,0.000,0.025,0.000,0.006,0.161,0.000,0.000,0.000,0.000,0.718,0.718
TCGA-DD-A11C-01A,0.009,0.000,0.001,0.000,0.000,0.000,0.000,0.111,0.000,0.032,0.079,0.000,0.000,0.000,0.000,0.767,0.767
TCGA-FV-A23B-01A,0.007,0.000,0.003,0.000,0.000,0.000,0.007,0.059,0.000,0.000,0.059,0.000,0.000,0.000,0.000,0.866,0.866
TCGA-DD-AADD-01A,0.005,0.000,0.001,0.000,0.000,0.000,0.000,0.008,0.000,0.000,0.075,0.000,0.000,0.000,0.000,0.910,0.910
TCGA-DD-AACO-01A,0.016,0.000,0.001,0.000,0.000,0.000,0.000,0.019,0.000,0.000,0.075,0.000,0.000,0.000,0.000,0.889,0.889
TCGA-RC-A6M3-01A,0.012,0.000,0.000,0.000,0.000,0.000,0.000,0.009,0.000,0.005,0.022,0.000,0.000,0.000,0.000,0.952,0.952
TCGA-DD-AAED-01A,0.007,0.000,0.000,0.000,0.000,0.000,0.000,0.000,0.000,0.000,0.027,0.000,0.000,0.000,0.000,0.966,0.966
TCGA-BC-A10X-01A,0.008,0.000,0.000,0.000,0.000,0.000,0.000,0.055,0.038,0.121,0.113,0.000,0.000,0.000,0.000,0.665,0.665
TCGA-DD-AAVP-01A,0.018,0.000,0.001,0.000,0.000,0.000,0.000,0.036,0.000,0.013,0.040,0.000,0.000,0.000,0.000,0.892,0.892
TCGA-MI-A75C-01A,0.012,0.000,0.005,0.000,0.000,0.000,0.000,0.003,0.000,0.000,0.040,0.000,0.000,0.000,0.000,0.939,0.939
TCGA-DD-A39W-01A,0.008,0.000,0.001,0.000,0.000,0.000,0.000,0.030,0.000,0.000,0.027,0.000,0.000,0.000,0.000,0.934,0.934
TCGA-DD-A4NA-01A,0.010,0.000,0.002,0.000,0.000,0.000,0.000,0.025,0.007,0.008,0.066,0.000,0.000,0.017,0.000,0.865,0.865
TCGA-DD-AAVY-01A,0.006,0.000,0.000,0.000,0.000,0.000,0.000,0.022,0.000,0.000,0.028,0.000,0.000,0.000,0.000,0.943,0.943
TCGA-DD-A1EC-01A,0.040,0.000,0.025,0.017,0.029,0.000,0.013,0.041,0.000,0.019,0.149,0.000,0.024,0.002,0.000,0.640,0.640
TCGA-5C-AAPD-01A,0.095,0.000,0.026,0.011,0.000,0.000,0.002,0.023,0.011,0.010,0.151,0.000,0.000,0.000,0.000,0.672,0.672
TCGA-BC-4073-01B,0.047,0.000,0.032,0.013,0.002,0.000,0.001,0.025,0.013,0.001,0.187,0.000,0.000,0.013,0.000,0.665,0.665
TCGA-WQ-A9G7-01A,0.014,0.000,0.000,0.000,0.000,0.000,0.000,0.007,0.002,0.000,0.036,0.000,0.000,0.000,0.000,0.941,0.941
TCGA-CC-A7II-01A,0.003,0.000,0.000,0.000,0.000,0.000,0.000,0.022,0.009,0.008,0.030,0.000,0.000,0.000,0.000,0.929,0.929
TCGA-CC-A8HS-01A,0.007,0.000,0.000,0.003,0.000,0.000,0.003,0.036,0.000,0.009,0.017,0.000,0.000,0.000,0.000,0.924,0.924
TCGA-DD-AAEA-01A,0.019,0.000,0.002,0.000,0.002,0.000,0.000,0.005,0.000,0.000,0.079,0.000,0.000,0.000,0.000,0.894,0.894
TCGA-DD-A4ND-01A,0.017,0.000,0.006,0.005,0.001,0.000,0.000,0.098,0.116,0.072,0.134,0.001,0.000,0.003,0.000,0.546,0.546
TCGA-ZP-A9D2-01A,0.023,0.000,0.007,0.001,0.000,0.000,0.000,0.051,0.039,0.006,0.060,0.000,0.000,0.003,0.000,0.809,0.809
TCGA-DD-AADI-01A,0.017,0.000,0.002,0.000,0.000,0.004,0.015,0.028,0.019,0.000,0.068,0.000,0.000,0.000,0.000,0.845,0.845
TCGA-2Y-A9GX-01A,0.014,0.000,0.022,0.001,0.005,0.000,0.010,0.079,0.154,0.032,0.198,0.000,0.000,0.003,0.000,0.482,0.482
TCGA-DD-AACY-01A,0.016,0.000,0.000,0.000,0.000,0.000,0.000,0.026,0.000,0.003,0.042,0.000,0.000,0.000,0.000,0.912,0.912
TCGA-DD-A73D-01A,0.006,0.000,0.000,0.000,0.000,0.000,0.000,0.012,0.000,0.000,0.009,0.000,0.000,0.000,0.000,0.973,0.973
TCGA-DD-AAE9-01A,0.014,0.000,0.003,0.000,0.000,0.000,0.000,0.004,0.000,0.000,0.044,0.000,0.000,0.000,0.000,0.934,0.934
TCGA-ED-A7XO-01A,0.032,0.000,0.003,0.000,0.000,0.000,0.000,0.039,0.003,0.017,0.112,0.000,0.000,0.000,0.000,0.793,0.793
TCGA-DD-AADM-01A,0.019,0.000,0.002,0.000,0.000,0.000,0.000,0.012,0.000,0.000,0.052,0.000,0.000,0.000,0.000,0.914,0.914
TCGA-FV-A3R3-01A,0.008,0.000,0.001,0.000,0.000,0.000,0.001,0.143,0.072,0.033,0.104,0.000,0.000,0.000,0.000,0.638,0.638
TCGA-DD-AACL-01A,0.039,0.000,0.016,0.001,0.000,0.000,0.000,0.013,0.000,0.000,0.210,0.000,0.000,0.002,0.000,0.718,0.718
TCGA-DD-A4NJ-01A,0.017,0.000,0.004,0.001,0.000,0.000,0.000,0.061,0.003,0.025,0.164,0.001,0.000,0.002,0.000,0.722,0.722
TCGA-DD-AADU-01A,0.010,0.000,0.000,0.000,0.000,0.000,0.000,0.006,0.000,0.000,0.021,0.000,0.000,0.000,0.000,0.962,0.962
TCGA-CC-A7IF-01A,0.018,0.000,0.001,0.000,0.000,0.000,0.000,0.023,0.000,0.000,0.045,0.000,0.000,0.000,0.000,0.913,0.913
TCGA-CC-A5UE-01A,0.009,0.000,0.005,0.000,0.000,0.000,0.000,0.012,0.000,0.000,0.057,0.000,0.000,0.000,0.000,0.916,0.916
TCGA-DD-AAVW-01A,0.017,0.000,0.015,0.000,0.000,0.000,0.002,0.090,0.050,0.032,0.100,0.000,0.000,0.000,0.000,0.694,0.694
TCGA-CC-A9FW-01A,0.031,0.000,0.003,0.000,0.000,0.000,0.000,0.000,0.000,0.000,0.041,0.000,0.000,0.000,0.000,0.924,0.924
TCGA-DD-A4NQ-01A,0.004,0.000,0.000,0.000,0.000,0.000,0.000,0.004,0.000,0.006,0.087,0.000,0.000,0.003,0.000,0.896,0.896
TCGA-DD-A3A7-01A,0.027,0.000,0.002,0.000,0.000,0.000,0.000,0.006,0.000,0.000,0.020,0.000,0.000,0.000,0.000,0.945,0.945
TCGA-EP-A2KA-01A,0.028,0.000,0.011,0.014,0.000,0.000,0.001,0.006,0.000,0.000,0.070,0.000,0.000,0.000,0.000,0.868,0.868
TCGA-ED-A7PZ-01A,0.020,0.000,0.000,0.000,0.000,0.000,0.000,0.003,0.000,0.000,0.030,0.000,0.000,0.000,0.000,0.947,0.947
TCGA-G3-A25U-01A,0.007,0.000,0.000,0.000,0.000,0.000,0.000,0.039,0.000,0.000,0.026,0.000,0.000,0.000,0.000,0.928,0.928
TCGA-RC-A7SH-01A,0.016,0.000,0.001,0.000,0.000,0.000,0.000,0.012,0.000,0.000,0.017,0.000,0.000,0.000,0.000,0.955,0.955
TCGA-G3-AAV1-01A,0.002,0.000,0.001,0.000,0.000,0.000,0.000,0.035,0.000,0.005,0.038,0.000,0.000,0.000,0.000,0.919,0.919
TCGA-2Y-A9GZ-01A,0.016,0.000,0.001,0.000,0.000,0.000,0.000,0.064,0.000,0.000,0.051,0.000,0.000,0.000,0.000,0.867,0.867
TCGA-DD-AA3A-01A,0.005,0.000,0.003,0.001,0.000,0.000,0.006,0.014,0.001,0.005,0.007,0.000,0.000,0.000,0.000,0.959,0.959
TCGA-2Y-A9HA-01A,0.014,0.000,0.001,0.000,0.000,0.000,0.000,0.035,0.000,0.003,0.067,0.000,0.000,0.000,0.000,0.880,0.880
TCGA-DD-AADK-01A,0.046,0.000,0.008,0.000,0.000,0.000,0.000,0.028,0.025,0.017,0.071,0.000,0.000,0.000,0.000,0.805,0.805
TCGA-G3-A5SI-01A,0.011,0.000,0.000,0.000,0.000,0.000,0.000,0.022,0.000,0.000,0.024,0.000,0.000,0.000,0.000,0.943,0.943
TCGA-DD-A4NI-01A,0.014,0.000,0.001,0.000,0.000,0.000,0.000,0.040,0.000,0.005,0.076,0.000,0.000,0.000,0.000,0.863,0.863
TCGA-DD-A73A-01A,0.011,0.000,0.001,0.000,0.000,0.000,0.000,0.016,0.000,0.000,0.061,0.000,0.000,0.000,0.000,0.911,0.911
TCGA-MR-A8JO-01A,0.015,0.000,0.004,0.000,0.000,0.000,0.000,0.199,0.008,0.212,0.093,0.000,0.000,0.000,0.000,0.468,0.468
TCGA-5R-AA1C-01A,0.008,0.000,0.000,0.000,0.000,0.000,0.000,0.010,0.000,0.000,0.066,0.000,0.000,0.000,0.000,0.915,0.915
TCGA-ZS-A9CG-01A,0.012,0.000,0.000,0.000,0.000,0.000,0.000,0.047,0.000,0.009,0.050,0.000,0.000,0.000,0.000,0.882,0.882
TCGA-DD-A4NH-01A,0.019,0.000,0.006,0.000,0.000,0.000,0.000,0.022,0.006,0.003,0.093,0.000,0.000,0.026,0.000,0.825,0.825
TCGA-FV-A4ZP-01A,0.015,0.000,0.004,0.002,0.000,0.000,0.000,0.007,0.000,0.005,0.058,0.000,0.000,0.000,0.000,0.909,0.909
TCGA-DD-AACJ-01A,0.013,0.000,0.000,0.000,0.000,0.000,0.000,0.009,0.000,0.000,0.033,0.000,0.000,0.000,0.000,0.944,0.944
TCGA-DD-AAVZ-01A,0.007,0.000,0.002,0.000,0.000,0.000,0.000,0.031,0.000,0.000,0.038,0.000,0.000,0.000,0.000,0.921,0.921
TCGA-DD-AAVR-01A,0.016,0.000,0.008,0.000,0.000,0.000,0.005,0.090,0.006,0.025,0.118,0.000,0.000,0.000,0.000,0.732,0.732
TCGA-RC-A7SB-01A,0.012,0.000,0.003,0.000,0.000,0.000,0.000,0.012,0.000,0.000,0.060,0.000,0.000,0.000,0.000,0.912,0.912
TCGA-3K-AAZ8-01A,0.021,0.000,0.001,0.000,0.000,0.000,0.000,0.011,0.000,0.000,0.028,0.000,0.000,0.000,0.000,0.938,0.938
TCGA-DD-AADA-01A,0.018,0.000,0.000,0.000,0.000,0.000,0.000,0.053,0.000,0.000,0.041,0.000,0.000,0.000,0.000,0.888,0.888
TCGA-G3-A25X-01A,0.024,0.000,0.010,0.004,0.000,0.000,0.000,0.036,0.026,0.027,0.126,0.000,0.000,0.000,0.000,0.745,0.745
TCGA-EP-A3RK-01A,0.060,0.000,0.040,0.001,0.003,0.000,0.000,0.030,0.000,0.013,0.175,0.000,0.000,0.001,0.000,0.676,0.676
TCGA-2Y-A9H5-01A,0.014,0.000,0.004,0.000,0.000,0.000,0.000,0.051,0.022,0.000,0.051,0.000,0.000,0.000,0.000,0.858,0.858
TCGA-UB-A7MF-01A,0.043,0.000,0.019,0.010,0.002,0.000,0.000,0.016,0.000,0.000,0.129,0.000,0.000,0.000,0.000,0.780,0.780
TCGA-BC-A10R-01A,0.010,0.000,0.000,0.000,0.000,0.000,0.000,0.060,0.009,0.016,0.049,0.000,0.000,0.000,0.000,0.856,0.856
TCGA-ED-A459-01A,0.016,0.000,0.006,0.000,0.000,0.000,0.000,0.016,0.000,0.000,0.126,0.000,0.000,0.000,0.000,0.835,0.835
TCGA-KR-A7K7-01A,0.042,0.000,0.012,0.000,0.000,0.000,0.000,0.008,0.000,0.000,0.075,0.000,0.000,0.000,0.000,0.863,0.863
TCGA-XR-A8TC-01A,0.009,0.000,0.001,0.000,0.000,0.000,0.000,0.035,0.000,0.002,0.031,0.000,0.000,0.000,0.000,0.922,0.922
TCGA-G3-A3CG-01A,0.011,0.000,0.001,0.000,0.000,0.000,0.000,0.050,0.000,0.006,0.042,0.000,0.000,0.001,0.000,0.888,0.888
TCGA-BC-A112-01A,0.000,0.000,0.001,0.000,0.000,0.000,0.000,0.037,0.007,0.019,0.045,0.000,0.000,0.000,0.000,0.891,0.891
TCGA-ED-A4XI-01A,0.010,0.000,0.001,0.000,0.002,0.000,0.000,0.060,0.035,0.046,0.128,0.000,0.000,0.000,0.000,0.718,0.718
TCGA-2Y-A9GT-01A,0.049,0.000,0.012,0.001,0.010,0.000,0.000,0.083,0.000,0.020,0.094,0.000,0.000,0.001,0.000,0.731,0.731
TCGA-DD-AACX-01A,0.005,0.000,0.000,0.000,0.000,0.000,0.000,0.006,0.000,0.000,0.073,0.000,0.000,0.000,0.000,0.915,0.915
TCGA-DD-A1EB-01A,0.010,0.000,0.001,0.000,0.000,0.000,0.000,0.038,0.000,0.003,0.028,0.000,0.000,0.001,0.000,0.920,0.920
TCGA-DD-AACE-01A,0.012,0.000,0.001,0.000,0.000,0.000,0.000,0.019,0.000,0.000,0.027,0.000,0.000,0.000,0.000,0.942,0.942
TCGA-2Y-A9H9-01A,0.020,0.000,0.000,0.000,0.000,0.000,0.000,0.035,0.000,0.000,0.044,0.000,0.000,0.000,0.000,0.901,0.901
TCGA-CC-5262-01A,0.010,0.000,0.007,0.000,0.000,0.000,0.000,0.060,0.049,0.020,0.117,0.000,0.000,0.003,0.000,0.732,0.732
TCGA-G3-AAV2-01A,0.013,0.000,0.000,0.000,0.000,0.000,0.000,0.040,0.000,0.000,0.042,0.000,0.000,0.000,0.000,0.903,0.903
TCGA-DD-A4NN-01A,0.004,0.000,0.000,0.000,0.000,0.000,0.000,0.031,0.006,0.000,0.034,0.000,0.000,0.000,0.000,0.925,0.925
TCGA-DD-AACZ-01A,0.017,0.000,0.021,0.000,0.000,0.000,0.007,0.022,0.000,0.000,0.274,0.000,0.000,0.000,0.000,0.659,0.659
TCGA-DD-AAE0-01A,0.007,0.000,0.002,0.000,0.000,0.000,0.000,0.014,0.011,0.004,0.028,0.000,0.000,0.000,0.000,0.932,0.932
TCGA-YA-A8S7-01A,0.005,0.000,0.012,0.001,0.000,0.000,0.000,0.037,0.017,0.040,0.309,0.000,0.000,0.004,0.000,0.574,0.574
TCGA-2Y-A9GY-01A,0.078,0.000,0.021,0.003,0.002,0.000,0.000,0.000,0.000,0.000,0.124,0.000,0.000,0.000,0.000,0.772,0.772
TCGA-UB-A7ME-01A,0.049,0.000,0.024,0.001,0.001,0.000,0.001,0.032,0.010,0.007,0.078,0.000,0.000,0.000,0.000,0.797,0.797
TCGA-ED-A8O6-01A,0.019,0.000,0.006,0.000,0.000,0.000,0.000,0.012,0.000,0.004,0.058,0.000,0.000,0.000,0.000,0.900,0.900
TCGA-ZP-A9D4-01A,0.003,0.000,0.000,0.000,0.000,0.000,0.000,0.022,0.000,0.000,0.040,0.000,0.000,0.000,0.000,0.935,0.935
TCGA-DD-A1EH-01A,0.008,0.000,0.000,0.000,0.000,0.000,0.000,0.053,0.004,0.000,0.044,0.000,0.000,0.000,0.000,0.891,0.891
TCGA-DD-A11A-01A,0.009,0.000,0.001,0.000,0.000,0.000,0.000,0.033,0.000,0.004,0.036,0.000,0.000,0.000,0.000,0.916,0.916
TCGA-RC-A7SF-01A,0.011,0.000,0.001,0.000,0.000,0.000,0.000,0.007,0.000,0.000,0.026,0.000,0.000,0.000,0.000,0.955,0.955
TCGA-HP-A5N0-01A,0.017,0.000,0.003,0.000,0.000,0.000,0.000,0.146,0.003,0.036,0.079,0.000,0.003,0.001,0.000,0.714,0.714
TCGA-DD-A73E-01A,0.009,0.000,0.000,0.000,0.000,0.000,0.000,0.036,0.000,0.016,0.020,0.000,0.000,0.000,0.000,0.918,0.918
TCGA-G3-A5SL-01A,0.006,0.000,0.000,0.000,0.000,0.000,0.000,0.031,0.000,0.006,0.024,0.000,0.000,0.000,0.000,0.932,0.932
TCGA-2Y-A9H6-01A,0.028,0.000,0.005,0.000,0.000,0.000,0.004,0.090,0.032,0.027,0.088,0.000,0.000,0.001,0.000,0.725,0.725
TCGA-WX-AA47-01A,0.015,0.000,0.000,0.000,0.000,0.000,0.000,0.006,0.000,0.003,0.006,0.000,0.000,0.000,0.000,0.970,0.970
TCGA-MR-A520-01A,0.014,0.000,0.000,0.000,0.000,0.000,0.000,0.026,0.000,0.000,0.057,0.000,0.000,0.000,0.000,0.903,0.903
TCGA-DD-A3A1-01A,0.020,0.000,0.001,0.000,0.000,0.000,0.000,0.000,0.000,0.000,0.093,0.000,0.000,0.000,0.000,0.885,0.885
TCGA-DD-AADF-01A,0.064,0.000,0.000,0.001,0.000,0.000,0.000,0.004,0.000,0.000,0.034,0.000,0.000,0.000,0.000,0.898,0.898
TCGA-G3-A7M7-01A,0.013,0.000,0.000,0.000,0.000,0.000,0.000,0.023,0.000,0.006,0.034,0.000,0.000,0.000,0.000,0.924,0.924
TCGA-DD-AADQ-01A,0.016,0.000,0.000,0.000,0.000,0.000,0.000,0.014,0.000,0.000,0.030,0.000,0.000,0.000,0.000,0.939,0.939
TCGA-DD-AAVX-01A,0.005,0.000,0.001,0.000,0.000,0.000,0.000,0.049,0.000,0.004,0.047,0.000,0.000,0.000,0.000,0.893,0.893
TCGA-MI-A75E-01A,0.015,0.000,0.005,0.000,0.000,0.000,0.000,0.043,0.004,0.009,0.074,0.000,0.000,0.000,0.000,0.849,0.849
TCGA-GJ-A3OU-01A,0.019,0.000,0.052,0.001,0.001,0.000,0.017,0.099,0.084,0.023,0.389,0.000,0.000,0.002,0.000,0.312,0.312
TCGA-DD-A11B-01A,0.005,0.000,0.001,0.000,0.000,0.000,0.000,0.033,0.000,0.000,0.032,0.000,0.000,0.000,0.000,0.929,0.929
TCGA-LG-A6GG-01A,0.019,0.000,0.002,0.000,0.000,0.000,0.000,0.022,0.000,0.000,0.047,0.000,0.000,0.000,0.000,0.911,0.911
TCGA-CC-A7IJ-01A,0.003,0.000,0.063,0.002,0.060,0.000,0.011,0.041,0.207,0.037,0.175,0.001,0.000,0.002,0.000,0.399,0.399
TCGA-DD-AACA-01A,0.010,0.000,0.000,0.000,0.000,0.000,0.000,0.035,0.000,0.007,0.029,0.000,0.000,0.000,0.000,0.918,0.918
TCGA-DD-A39V-01A,0.012,0.000,0.002,0.000,0.000,0.000,0.000,0.013,0.000,0.004,0.074,0.000,0.000,0.000,0.000,0.894,0.894
TCGA-2Y-A9GS-01A,0.010,0.000,0.008,0.000,0.000,0.000,0.000,0.031,0.001,0.007,0.124,0.000,0.000,0.000,0.000,0.817,0.817
TCGA-DD-AACW-01A,0.000,0.000,0.003,0.000,0.000,0.000,0.002,0.018,0.000,0.000,0.045,0.000,0.000,0.000,0.000,0.932,0.932
TCGA-FV-A3R2-01A,0.006,0.000,0.001,0.000,0.000,0.000,0.000,0.023,0.000,0.000,0.061,0.000,0.000,0.000,0.000,0.909,0.909
TCGA-ZP-A9CY-01A,0.010,0.000,0.000,0.000,0.000,0.000,0.000,0.040,0.001,0.013,0.110,0.000,0.000,0.000,0.000,0.825,0.825
TCGA-NI-A8LF-01A,0.014,0.000,0.000,0.000,0.000,0.000,0.000,0.085,0.000,0.014,0.037,0.000,0.000,0.000,0.000,0.850,0.850
TCGA-DD-AAE2-01A,0.033,0.000,0.006,0.001,0.000,0.000,0.000,0.072,0.000,0.000,0.118,0.000,0.000,0.000,0.000,0.769,0.769
TCGA-5C-A9VG-01A,0.018,0.000,0.000,0.000,0.000,0.000,0.000,0.054,0.006,0.027,0.037,0.000,0.000,0.000,0.000,0.858,0.858
TCGA-KR-A7K8-01A,0.049,0.000,0.024,0.001,0.003,0.000,0.000,0.034,0.000,0.033,0.140,0.000,0.000,0.000,0.000,0.716,0.716
TCGA-ZP-A9CZ-01A,0.045,0.000,0.008,0.006,0.000,0.000,0.001,0.031,0.003,0.013,0.127,0.000,0.000,0.000,0.000,0.766,0.766
TCGA-EP-A12J-01A,0.010,0.000,0.000,0.000,0.000,0.000,0.000,0.044,0.000,0.000,0.042,0.000,0.001,0.001,0.000,0.901,0.901
TCGA-DD-A4NV-01A,0.027,0.000,0.001,0.000,0.000,0.000,0.000,0.074,0.010,0.025,0.086,0.000,0.000,0.001,0.000,0.775,0.775
TCGA-BC-A3KF-01A,0.008,0.000,0.000,0.000,0.000,0.000,0.000,0.033,0.000,0.000,0.064,0.000,0.000,0.000,0.000,0.895,0.895
TCGA-XR-A8TD-01A,0.063,0.000,0.004,0.027,0.001,0.000,0.000,0.051,0.008,0.024,0.225,0.000,0.000,0.000,0.000,0.598,0.598
TCGA-DD-A4NK-01A,0.005,0.000,0.002,0.000,0.000,0.000,0.000,0.038,0.000,0.004,0.062,0.000,0.000,0.000,0.000,0.888,0.888
TCGA-DD-AACP-01A,0.010,0.000,0.004,0.000,0.000,0.000,0.000,0.007,0.000,0.000,0.023,0.000,0.000,0.000,0.000,0.955,0.955
TCGA-G3-A7M5-01A,0.021,0.000,0.002,0.000,0.000,0.000,0.000,0.015,0.000,0.000,0.054,0.000,0.000,0.000,0.000,0.909,0.909
TCGA-DD-A4NS-01A,0.010,0.000,0.006,0.001,0.016,0.000,0.003,0.113,0.166,0.068,0.121,0.000,0.001,0.003,0.000,0.490,0.490
TCGA-WX-AA46-01A,0.006,0.000,0.000,0.000,0.000,0.000,0.000,0.054,0.000,0.003,0.051,0.000,0.000,0.000,0.000,0.886,0.886
TCGA-O8-A75V-01A,0.015,0.000,0.002,0.000,0.000,0.000,0.000,0.033,0.000,0.000,0.108,0.000,0.000,0.000,0.000,0.842,0.842
TCGA-DD-AACH-01A,0.002,0.000,0.007,0.002,0.000,0.000,0.000,0.047,0.000,0.033,0.087,0.000,0.000,0.004,0.000,0.818,0.818
TCGA-DD-AAVQ-01A,0.062,0.014,0.038,0.004,0.001,0.001,0.040,0.031,0.012,0.005,0.100,0.000,0.000,0.000,0.000,0.691,0.691
TCGA-RC-A7S9-01A,0.040,0.000,0.001,0.001,0.000,0.000,0.000,0.011,0.000,0.000,0.040,0.000,0.000,0.000,0.000,0.907,0.907
TCGA-BC-A8YO-01A,0.004,0.000,0.028,0.030,0.000,0.000,0.000,0.013,0.000,0.000,0.137,0.000,0.000,0.003,0.000,0.784,0.784
TCGA-DD-A4NR-01A,0.023,0.000,0.038,0.035,0.017,0.000,0.000,0.035,0.000,0.004,0.235,0.000,0.000,0.002,0.000,0.610,0.610
TCGA-CC-A8HU-01A,0.005,0.000,0.000,0.001,0.000,0.000,0.000,0.008,0.000,0.000,0.071,0.000,0.000,0.001,0.000,0.914,0.914
TCGA-DD-AAVS-01A,0.006,0.000,0.002,0.000,0.000,0.000,0.000,0.026,0.000,0.015,0.052,0.000,0.000,0.000,0.000,0.900,0.900
TCGA-CC-A7IH-01A,0.011,0.000,0.000,0.000,0.000,0.000,0.000,0.049,0.000,0.003,0.026,0.000,0.000,0.000,0.000,0.910,0.910
TCGA-FV-A3I0-01A,0.007,0.000,0.000,0.000,0.000,0.000,0.000,0.016,0.019,0.000,0.028,0.000,0.000,0.000,0.000,0.929,0.929
TCGA-MI-A75H-01A,0.024,0.000,0.001,0.000,0.000,0.000,0.000,0.039,0.000,0.005,0.056,0.000,0.001,0.000,0.000,0.875,0.875
TCGA-CC-A9FV-01A,0.003,0.000,0.006,0.000,0.005,0.000,0.000,0.056,0.187,0.310,0.290,0.021,0.004,0.001,0.000,0.117,0.117
TCGA-BC-A217-01A,0.039,0.000,0.012,0.000,0.000,0.000,0.000,0.002,0.000,0.000,0.078,0.000,0.000,0.000,0.000,0.869,0.869
TCGA-DD-AAD5-01A,0.009,0.000,0.000,0.000,0.000,0.000,0.000,0.019,0.000,0.008,0.119,0.000,0.000,0.000,0.000,0.844,0.844
TCGA-2Y-A9H0-01A,0.039,0.000,0.006,0.014,0.000,0.000,0.000,0.000,0.000,0.000,0.115,0.000,0.000,0.000,0.000,0.827,0.827
TCGA-DD-AAD8-01A,0.012,0.000,0.000,0.000,0.000,0.000,0.000,0.011,0.000,0.000,0.046,0.000,0.000,0.000,0.000,0.930,0.930
TCGA-CC-A3MB-01A,0.009,0.000,0.001,0.000,0.000,0.000,0.000,0.025,0.000,0.000,0.043,0.000,0.000,0.000,0.000,0.922,0.922
TCGA-DD-A4NE-01A,0.007,0.000,0.000,0.000,0.000,0.000,0.000,0.035,0.000,0.007,0.050,0.000,0.000,0.000,0.000,0.900,0.900
TCGA-5R-AAAM-01A,0.015,0.000,0.001,0.000,0.000,0.000,0.000,0.087,0.041,0.075,0.156,0.000,0.000,0.000,0.000,0.626,0.626
TCGA-DD-AADY-01A,0.015,0.000,0.001,0.000,0.000,0.000,0.000,0.070,0.000,0.000,0.022,0.000,0.000,0.000,0.000,0.892,0.892
TCGA-MI-A75I-01A,0.018,0.000,0.001,0.000,0.000,0.000,0.000,0.011,0.000,0.000,0.069,0.000,0.000,0.000,0.000,0.901,0.901
TCGA-G3-A3CI-01A,0.027,0.000,0.000,0.000,0.000,0.000,0.000,0.042,0.000,0.001,0.089,0.000,0.000,0.001,0.000,0.840,0.840
TCGA-CC-A5UC-01A,0.012,0.000,0.004,0.000,0.000,0.000,0.000,0.037,0.000,0.005,0.057,0.000,0.000,0.000,0.000,0.885,0.885
TCGA-FV-A496-01A,0.022,0.000,0.000,0.000,0.000,0.000,0.000,0.019,0.000,0.000,0.024,0.000,0.000,0.000,0.000,0.935,0.935
TCGA-DD-AACK-01A,0.008,0.000,0.003,0.000,0.000,0.000,0.000,0.025,0.000,0.000,0.055,0.000,0.000,0.000,0.000,0.909,0.909
TCGA-XR-A8TE-01A,0.008,0.000,0.000,0.000,0.000,0.000,0.000,0.050,0.000,0.009,0.021,0.000,0.000,0.000,0.000,0.910,0.910
TCGA-DD-A3A4-01A,0.011,0.000,0.000,0.000,0.000,0.000,0.000,0.029,0.000,0.004,0.020,0.000,0.000,0.000,0.000,0.936,0.936
TCGA-RC-A6M4-01A,0.007,0.000,0.001,0.000,0.000,0.000,0.000,0.003,0.000,0.000,0.024,0.000,0.000,0.000,0.000,0.965,0.965
TCGA-ED-A7PY-01A,0.006,0.000,0.001,0.000,0.000,0.000,0.000,0.010,0.000,0.000,0.023,0.000,0.000,0.000,0.000,0.960,0.960
TCGA-DD-AADL-01A,0.010,0.000,0.000,0.000,0.000,0.000,0.000,0.017,0.000,0.000,0.054,0.000,0.000,0.000,0.000,0.919,0.919
TCGA-UB-A7MC-01A,0.005,0.000,0.000,0.000,0.000,0.000,0.000,0.024,0.000,0.000,0.025,0.000,0.000,0.000,0.000,0.945,0.945
TCGA-ED-A82E-01A,0.000,0.000,0.002,0.000,0.000,0.000,0.000,0.035,0.027,0.000,0.026,0.000,0.000,0.001,0.000,0.909,0.909
TCGA-CC-A9FS-01A,0.010,0.000,0.000,0.000,0.000,0.000,0.000,0.028,0.000,0.001,0.059,0.000,0.000,0.000,0.000,0.902,0.902
TCGA-T1-A6J8-01A,0.006,0.000,0.003,0.000,0.000,0.000,0.000,0.019,0.000,0.000,0.061,0.000,0.000,0.000,0.000,0.911,0.911
TCGA-DD-AAW0-01A,0.013,0.000,0.008,0.000,0.000,0.000,0.002,0.047,0.040,0.002,0.141,0.000,0.000,0.000,0.000,0.746,0.746
TCGA-BC-A216-01A,0.019,0.000,0.000,0.052,0.000,0.000,0.000,0.004,0.000,0.022,0.055,0.000,0.000,0.002,0.000,0.845,0.845
TCGA-DD-AACG-01A,0.006,0.000,0.002,0.000,0.000,0.000,0.000,0.002,0.000,0.000,0.070,0.000,0.000,0.000,0.000,0.920,0.920
TCGA-CC-A123-01A,0.016,0.000,0.001,0.000,0.000,0.000,0.000,0.007,0.000,0.000,0.039,0.000,0.000,0.000,0.000,0.937,0.937
TCGA-DD-A1EE-01A,0.004,0.000,0.000,0.000,0.000,0.000,0.000,0.029,0.000,0.003,0.060,0.000,0.000,0.002,0.000,0.902,0.902
TCGA-FV-A3I1-01A,0.018,0.000,0.025,0.000,0.000,0.000,0.000,0.035,0.008,0.000,0.117,0.000,0.000,0.002,0.000,0.794,0.794
TCGA-G3-A5SJ-01A,0.031,0.000,0.012,0.000,0.002,0.000,0.003,0.017,0.000,0.000,0.072,0.000,0.000,0.000,0.000,0.863,0.863
TCGA-BC-A3KG-01A,0.005,0.000,0.000,0.001,0.000,0.000,0.000,0.009,0.000,0.003,0.029,0.000,0.000,0.001,0.000,0.953,0.953
TCGA-ZS-A9CF-01A,0.013,0.000,0.000,0.001,0.000,0.000,0.000,0.047,0.000,0.017,0.067,0.000,0.000,0.001,0.000,0.852,0.852
TCGA-RC-A6M6-01A,0.015,0.000,0.007,0.000,0.000,0.000,0.000,0.012,0.000,0.000,0.041,0.000,0.000,0.000,0.000,0.924,0.924
TCGA-DD-AACI-01A,0.035,0.000,0.007,0.003,0.001,0.000,0.000,0.025,0.000,0.015,0.128,0.000,0.000,0.000,0.000,0.787,0.787
TCGA-EP-A3JL-01A,0.016,0.000,0.008,0.000,0.000,0.000,0.000,0.029,0.000,0.006,0.115,0.000,0.000,0.000,0.000,0.825,0.825
TCGA-CC-A5UD-01A,0.000,0.000,0.002,0.000,0.000,0.000,0.000,0.028,0.000,0.009,0.043,0.000,0.000,0.000,0.000,0.917,0.917
TCGA-ES-A2HS-01A,0.015,0.000,0.000,0.000,0.000,0.000,0.000,0.030,0.000,0.001,0.041,0.000,0.000,0.000,0.000,0.913,0.913
TCGA-BC-A10U-01A,0.010,0.000,0.001,0.000,0.000,0.000,0.000,0.000,0.000,0.000,0.056,0.000,0.000,0.002,0.000,0.931,0.931
TCGA-DD-A119-01A,0.021,0.000,0.000,0.000,0.000,0.000,0.000,0.017,0.000,0.001,0.045,0.000,0.000,0.000,0.000,0.915,0.915
TCGA-2Y-A9H1-01A,0.030,0.000,0.004,0.000,0.000,0.000,0.000,0.011,0.000,0.000,0.037,0.000,0.000,0.000,0.000,0.918,0.918
TCGA-G3-A5SK-01A,0.018,0.000,0.000,0.000,0.000,0.000,0.000,0.019,0.000,0.000,0.080,0.000,0.002,0.000,0.000,0.881,0.881
TCGA-BC-A10Y-01A,0.018,0.000,0.005,0.002,0.000,0.000,0.000,0.038,0.000,0.005,0.059,0.000,0.000,0.000,0.000,0.872,0.872
TCGA-DD-AAE1-01A,0.007,0.000,0.001,0.000,0.000,0.000,0.001,0.016,0.000,0.000,0.027,0.000,0.000,0.000,0.000,0.947,0.947
TCGA-DD-AADN-01A,0.067,0.000,0.003,0.006,0.000,0.000,0.000,0.000,0.000,0.000,0.079,0.000,0.001,0.000,0.000,0.845,0.845
TCGA-CC-A3M9-01A,0.002,0.000,0.070,0.039,0.055,0.000,0.007,0.041,0.167,0.009,0.346,0.001,0.000,0.001,0.000,0.261,0.261
TCGA-DD-A73C-01A,0.015,0.000,0.000,0.000,0.000,0.000,0.000,0.102,0.000,0.011,0.082,0.000,0.002,0.000,0.000,0.787,0.787
TCGA-BW-A5NP-01A,0.007,0.000,0.000,0.000,0.000,0.000,0.000,0.015,0.000,0.000,0.016,0.000,0.000,0.000,0.000,0.961,0.961
TCGA-CC-A7IL-01A,0.013,0.000,0.001,0.000,0.000,0.000,0.000,0.005,0.000,0.000,0.021,0.000,0.000,0.000,0.000,0.960,0.960
TCGA-DD-AACV-01A,0.007,0.000,0.002,0.000,0.000,0.000,0.000,0.017,0.000,0.000,0.036,0.000,0.000,0.000,0.000,0.938,0.938
TCGA-DD-AAD1-01A,0.019,0.014,0.022,0.011,0.003,0.000,0.009,0.108,0.105,0.049,0.070,0.000,0.001,0.006,0.000,0.582,0.582
TCGA-DD-AAVV-01A,0.031,0.000,0.014,0.000,0.000,0.000,0.001,0.075,0.020,0.035,0.126,0.000,0.000,0.001,0.000,0.695,0.695
TCGA-ED-A8O5-01A,0.006,0.000,0.001,0.000,0.000,0.000,0.000,0.079,0.000,0.003,0.011,0.000,0.000,0.000,0.000,0.900,0.900
TCGA-ED-A97K-01A,0.006,0.000,0.009,0.000,0.007,0.000,0.000,0.043,0.086,0.012,0.084,0.001,0.000,0.006,0.000,0.744,0.744
TCGA-2V-A95S-01A,0.066,0.000,0.036,0.035,0.017,0.000,0.000,0.014,0.002,0.001,0.100,0.000,0.000,0.002,0.000,0.727,0.727
TCGA-UB-A7MB-01A,0.011,0.000,0.003,0.000,0.000,0.000,0.000,0.039,0.000,0.000,0.045,0.000,0.000,0.001,0.000,0.900,0.900
TCGA-CC-5264-01A,0.001,0.000,0.008,0.002,0.000,0.000,0.000,0.017,0.000,0.000,0.068,0.000,0.000,0.003,0.000,0.900,0.900
TCGA-ED-A66Y-01A,0.000,0.000,0.000,0.000,0.000,0.000,0.000,0.025,0.000,0.000,0.012,0.000,0.000,0.000,0.000,0.962,0.962
TCGA-ED-A627-01A,0.028,0.000,0.011,0.000,0.033,0.000,0.002,0.096,0.163,0.040,0.163,0.000,0.000,0.004,0.001,0.459,0.459
TCGA-DD-AACC-01A,0.053,0.000,0.027,0.001,0.046,0.000,0.014,0.028,0.003,0.000,0.231,0.000,0.000,0.000,0.000,0.595,0.595
TCGA-DD-A4NB-01A,0.007,0.000,0.001,0.000,0.000,0.000,0.000,0.101,0.250,0.062,0.092,0.000,0.000,0.001,0.000,0.485,0.485
TCGA-ED-A66X-01A,0.013,0.000,0.008,0.000,0.000,0.000,0.000,0.043,0.066,0.014,0.165,0.000,0.000,0.000,0.000,0.690,0.690
TCGA-DD-A114-01A,0.023,0.001,0.048,0.030,0.009,0.000,0.027,0.062,0.065,0.032,0.158,0.001,0.000,0.003,0.000,0.540,0.540
TCGA-DD-A3A9-01A,0.013,0.000,0.002,0.000,0.000,0.000,0.000,0.079,0.018,0.024,0.039,0.000,0.000,0.000,0.000,0.824,0.824
TCGA-XR-A8TG-01A,0.016,0.000,0.000,0.000,0.000,0.000,0.000,0.030,0.002,0.034,0.058,0.000,0.000,0.003,0.000,0.857,0.857
TCGA-ES-A2HT-01A,0.038,0.000,0.001,0.000,0.000,0.000,0.000,0.024,0.000,0.000,0.061,0.000,0.000,0.000,0.000,0.876,0.876
TCGA-2Y-A9H3-01A,0.104,0.000,0.015,0.000,0.000,0.000,0.000,0.044,0.000,0.013,0.125,0.009,0.000,0.000,0.000,0.689,0.689
TCGA-2Y-A9HB-01A,0.014,0.000,0.001,0.000,0.000,0.000,0.000,0.026,0.000,0.003,0.079,0.000,0.000,0.000,0.000,0.876,0.876
TCGA-FV-A495-01A,0.026,0.000,0.011,0.000,0.000,0.000,0.000,0.031,0.029,0.002,0.106,0.000,0.000,0.000,0.000,0.795,0.795
TCGA-G3-AAV4-01A,0.007,0.000,0.000,0.000,0.000,0.000,0.000,0.059,0.000,0.000,0.037,0.000,0.000,0.000,0.000,0.896,0.896
TCGA-BC-A10W-01A,0.002,0.000,0.009,0.000,0.000,0.000,0.004,0.050,0.000,0.032,0.103,0.000,0.000,0.001,0.000,0.798,0.798
TCGA-DD-A1EK-01A,0.021,0.000,0.002,0.000,0.000,0.000,0.000,0.013,0.000,0.003,0.178,0.000,0.000,0.001,0.000,0.782,0.782
TCGA-DD-AAD6-01A,0.004,0.000,0.000,0.000,0.000,0.000,0.000,0.000,0.000,0.000,0.031,0.000,0.000,0.000,0.000,0.965,0.965
TCGA-G3-A3CH-01A,0.012,0.000,0.001,0.000,0.000,0.000,0.000,0.080,0.000,0.020,0.088,0.000,0.000,0.000,0.000,0.799,0.799
TCGA-KR-A7K2-01A,0.013,0.000,0.001,0.000,0.000,0.000,0.000,0.023,0.000,0.003,0.028,0.000,0.000,0.000,0.000,0.931,0.931
TCGA-DD-AAEG-01A,0.018,0.000,0.000,0.000,0.000,0.000,0.000,0.039,0.000,0.017,0.039,0.000,0.000,0.000,0.000,0.886,0.886
TCGA-ZS-A9CD-01A,0.011,0.000,0.001,0.000,0.000,0.000,0.000,0.064,0.000,0.019,0.064,0.000,0.000,0.000,0.000,0.840,0.840
TCGA-2Y-A9GV-01A,0.028,0.000,0.003,0.000,0.000,0.000,0.000,0.090,0.000,0.004,0.170,0.000,0.000,0.001,0.000,0.703,0.703
TCGA-BC-A10T-01A,0.006,0.000,0.001,0.000,0.000,0.000,0.000,0.058,0.014,0.037,0.048,0.000,0.000,0.000,0.000,0.836,0.836
TCGA-DD-AAEI-01A,0.008,0.000,0.002,0.000,0.000,0.000,0.000,0.011,0.000,0.000,0.101,0.000,0.000,0.000,0.000,0.878,0.878
TCGA-FV-A2QQ-01A,0.015,0.000,0.007,0.000,0.000,0.000,0.000,0.029,0.000,0.000,0.083,0.000,0.000,0.000,0.000,0.866,0.866
TCGA-PD-A5DF-01A,0.012,0.000,0.004,0.000,0.000,0.000,0.000,0.037,0.032,0.024,0.126,0.000,0.000,0.000,0.000,0.762,0.762
TCGA-EP-A2KC-01A,0.013,0.000,0.002,0.000,0.000,0.000,0.000,0.026,0.000,0.002,0.049,0.000,0.000,0.000,0.000,0.908,0.908
TCGA-CC-A7IG-01A,0.009,0.000,0.005,0.000,0.000,0.000,0.000,0.013,0.004,0.000,0.072,0.000,0.000,0.000,0.000,0.896,0.896
TCGA-DD-A3A3-01A,0.037,0.000,0.001,0.000,0.000,0.000,0.000,0.003,0.000,0.003,0.038,0.000,0.000,0.000,0.000,0.918,0.918
TCGA-4R-AA8I-01A,0.018,0.000,0.005,0.000,0.000,0.000,0.000,0.033,0.000,0.006,0.100,0.000,0.001,0.001,0.000,0.836,0.836
TCGA-G3-AAV3-01A,0.079,0.000,0.026,0.000,0.002,0.000,0.000,0.027,0.000,0.002,0.104,0.000,0.000,0.000,0.000,0.758,0.758
TCGA-G3-A3CJ-01A,0.008,0.000,0.000,0.000,0.000,0.000,0.000,0.015,0.000,0.000,0.029,0.000,0.000,0.000,0.000,0.948,0.948
TCGA-DD-A4NG-01A,0.003,0.000,0.001,0.000,0.000,0.000,0.000,0.020,0.000,0.000,0.047,0.000,0.000,0.000,0.000,0.928,0.928
TCGA-DD-A4NP-01A,0.014,0.000,0.000,0.000,0.000,0.000,0.000,0.027,0.000,0.005,0.041,0.000,0.000,0.000,0.000,0.912,0.912
TCGA-5R-AA1D-01A,0.011,0.000,0.003,0.000,0.000,0.000,0.000,0.236,0.179,0.087,0.096,0.000,0.000,0.000,0.000,0.388,0.388
TCGA-ED-A5KG-01A,0.041,0.143,0.093,0.028,0.038,0.078,0.040,0.065,0.060,0.026,0.107,0.001,0.006,0.008,0.001,0.265,0.265
TCGA-DD-AAW2-01A,0.005,0.000,0.000,0.000,0.000,0.000,0.000,0.040,0.000,0.000,0.016,0.000,0.000,0.000,0.000,0.939,0.939
TCGA-2Y-A9GW-01A,0.011,0.000,0.008,0.000,0.000,0.000,0.000,0.035,0.006,0.022,0.189,0.000,0.000,0.001,0.000,0.726,0.726
TCGA-DD-A116-01A,0.013,0.000,0.001,0.000,0.000,0.000,0.000,0.019,0.000,0.010,0.074,0.000,0.000,0.000,0.000,0.882,0.882
TCGA-CC-A1HT-01A,0.004,0.000,0.030,0.040,0.000,0.000,0.014,0.042,0.015,0.031,0.206,0.000,0.003,0.005,0.001,0.607,0.607
TCGA-DD-AAC8-01A,0.003,0.000,0.002,0.000,0.000,0.000,0.000,0.029,0.000,0.000,0.049,0.000,0.001,0.000,0.000,0.916,0.916
TCGA-G3-AAUZ-01A,0.033,0.000,0.002,0.000,0.000,0.000,0.000,0.033,0.000,0.000,0.089,0.000,0.000,0.000,0.000,0.843,0.843
TCGA-DD-AAD2-01A,0.012,0.000,0.006,0.000,0.000,0.000,0.000,0.048,0.064,0.021,0.116,0.000,0.000,0.000,0.000,0.732,0.732
TCGA-BD-A3EP-01A,0.050,0.013,0.029,0.000,0.000,0.000,0.009,0.094,0.021,0.043,0.116,0.000,0.000,0.002,0.000,0.622,0.622
TCGA-DD-AADR-01A,0.010,0.000,0.002,0.000,0.000,0.000,0.000,0.023,0.000,0.000,0.059,0.000,0.000,0.000,0.000,0.905,0.905
TCGA-DD-AAVU-01A,0.009,0.000,0.001,0.000,0.000,0.000,0.000,0.000,0.000,0.000,0.052,0.000,0.000,0.000,0.000,0.938,0.938
TCGA-QA-A7B7-01A,0.023,0.000,0.004,0.013,0.000,0.000,0.000,0.010,0.000,0.000,0.042,0.000,0.000,0.002,0.000,0.906,0.906
TCGA-UB-AA0U-01A,0.012,0.000,0.004,0.001,0.000,0.000,0.000,0.056,0.032,0.004,0.115,0.000,0.000,0.001,0.000,0.774,0.774
TCGA-CC-A9FU-01A,0.021,0.000,0.003,0.000,0.000,0.000,0.000,0.000,0.000,0.000,0.032,0.000,0.000,0.000,0.000,0.943,0.943
TCGA-DD-A113-01A,0.013,0.000,0.002,0.001,0.000,0.000,0.000,0.027,0.000,0.015,0.081,0.000,0.000,0.001,0.000,0.860,0.860
TCGA-KR-A7K0-01A,0.009,0.000,0.000,0.000,0.000,0.000,0.000,0.035,0.000,0.015,0.064,0.000,0.000,0.000,0.000,0.876,0.876
TCGA-DD-A4NL-01A,0.010,0.000,0.000,0.000,0.000,0.000,0.000,0.080,0.000,0.024,0.068,0.000,0.000,0.000,0.000,0.818,0.818
TCGA-DD-AADW-01A,0.005,0.000,0.004,0.000,0.000,0.000,0.000,0.076,0.009,0.017,0.043,0.000,0.000,0.001,0.000,0.846,0.846
TCGA-DD-A39X-01A,0.018,0.000,0.002,0.000,0.000,0.000,0.000,0.028,0.000,0.006,0.064,0.000,0.000,0.000,0.000,0.881,0.881
TCGA-DD-AAEE-01A,0.006,0.000,0.001,0.000,0.000,0.000,0.000,0.024,0.000,0.000,0.033,0.000,0.000,0.000,0.000,0.936,0.936
TCGA-2Y-A9GU-01A,0.032,0.000,0.000,0.000,0.000,0.000,0.000,0.017,0.000,0.001,0.037,0.000,0.000,0.000,0.000,0.913,0.913
TCGA-CC-A7IE-01A,0.027,0.000,0.010,0.000,0.000,0.000,0.001,0.021,0.000,0.001,0.054,0.000,0.000,0.000,0.000,0.886,0.886
TCGA-WX-AA44-01A,0.009,0.000,0.007,0.000,0.000,0.000,0.000,0.023,0.005,0.000,0.067,0.000,0.000,0.002,0.000,0.885,0.885
TCGA-G3-A7M8-01A,0.023,0.000,0.000,0.000,0.000,0.000,0.000,0.062,0.000,0.004,0.077,0.000,0.000,0.000,0.000,0.834,0.834
TCGA-ED-A7XP-01A,0.013,0.000,0.002,0.000,0.000,0.000,0.000,0.037,0.000,0.011,0.075,0.000,0.000,0.000,0.000,0.861,0.861
TCGA-BW-A5NQ-01A,0.016,0.000,0.045,0.001,0.014,0.000,0.000,0.020,0.000,0.000,0.113,0.000,0.000,0.000,0.000,0.791,0.791
TCGA-DD-A73G-01A,0.037,0.000,0.000,0.000,0.000,0.000,0.000,0.011,0.000,0.000,0.071,0.000,0.000,0.000,0.000,0.880,0.880
TCGA-RG-A7D4-01A,0.095,0.000,0.031,0.005,0.000,0.000,0.000,0.005,0.000,0.000,0.081,0.000,0.000,0.000,0.000,0.784,0.784
TCGA-DD-A3A6-01A,0.007,0.000,0.001,0.000,0.000,0.000,0.000,0.085,0.136,0.454,0.098,0.012,0.003,0.000,0.000,0.203,0.203
TCGA-BW-A5NO-01A,0.031,0.000,0.006,0.000,0.000,0.000,0.000,0.021,0.000,0.000,0.090,0.000,0.000,0.001,0.000,0.851,0.851
TCGA-CC-A3MA-01A,0.000,0.000,0.001,0.000,0.000,0.000,0.000,0.078,0.015,0.047,0.027,0.000,0.000,0.003,0.000,0.829,0.829
TCGA-DD-AADC-01A,0.008,0.000,0.005,0.000,0.000,0.000,0.000,0.025,0.000,0.006,0.048,0.000,0.000,0.000,0.000,0.907,0.907
TCGA-G3-AAV0-01A,0.036,0.000,0.000,0.000,0.000,0.000,0.000,0.026,0.000,0.000,0.038,0.000,0.000,0.000,0.000,0.900,0.900
TCGA-DD-AAE3-01A,0.006,0.000,0.000,0.000,0.000,0.000,0.000,0.063,0.000,0.015,0.069,0.000,0.000,0.000,0.000,0.847,0.847
TCGA-DD-A118-01A,0.016,0.000,0.000,0.000,0.000,0.000,0.000,0.063,0.000,0.008,0.051,0.000,0.000,0.000,0.000,0.862,0.862
TCGA-DD-A1EF-01A,0.017,0.000,0.009,0.000,0.000,0.000,0.002,0.026,0.002,0.000,0.077,0.000,0.000,0.000,0.000,0.867,0.867
TCGA-DD-A11D-01A,0.013,0.000,0.001,0.000,0.000,0.000,0.000,0.042,0.000,0.001,0.045,0.000,0.000,0.000,0.000,0.897,0.897
TCGA-G3-A6UC-01A,0.008,0.000,0.000,0.000,0.000,0.000,0.000,0.032,0.000,0.000,0.037,0.000,0.000,0.000,0.000,0.923,0.923
TCGA-WJ-A86L-01A,0.036,0.000,0.000,0.000,0.000,0.000,0.000,0.005,0.000,0.000,0.062,0.000,0.000,0.003,0.000,0.894,0.894
TCGA-CC-5263-01A,0.003,0.000,0.009,0.000,0.000,0.000,0.006,0.022,0.003,0.000,0.113,0.000,0.000,0.005,0.000,0.839,0.839
TCGA-DD-AAE6-01A,0.006,0.000,0.000,0.000,0.000,0.000,0.000,0.000,0.000,0.000,0.034,0.000,0.000,0.000,0.000,0.959,0.959
TCGA-K7-A6G5-01A,0.021,0.000,0.002,0.000,0.000,0.000,0.000,0.025,0.000,0.000,0.082,0.000,0.000,0.000,0.000,0.870,0.870
TCGA-DD-A1EL-01A,0.007,0.000,0.005,0.000,0.000,0.000,0.000,0.017,0.000,0.000,0.066,0.000,0.000,0.000,0.000,0.905,0.905
TCGA-G3-A7M6-01A,0.007,0.000,0.007,0.006,0.000,0.001,0.001,0.089,0.019,0.040,0.046,0.000,0.000,0.005,0.000,0.780,0.780
TCGA-DD-AAE4-01A,0.039,0.000,0.005,0.000,0.000,0.000,0.000,0.044,0.000,0.006,0.129,0.000,0.000,0.000,0.000,0.777,0.777
TCGA-MI-A75G-01A,0.007,0.000,0.001,0.000,0.000,0.000,0.000,0.018,0.000,0.000,0.030,0.000,0.000,0.000,0.000,0.944,0.944
TCGA-DD-AACQ-01A,0.012,0.000,0.000,0.000,0.000,0.000,0.000,0.009,0.000,0.000,0.030,0.000,0.000,0.000,0.000,0.949,0.949
TCGA-DD-AADV-01A,0.008,0.000,0.003,0.000,0.000,0.000,0.000,0.042,0.000,0.001,0.082,0.000,0.000,0.000,0.000,0.864,0.864
TCGA-LG-A9QD-01A,0.017,0.000,0.000,0.000,0.000,0.000,0.000,0.019,0.000,0.000,0.034,0.000,0.000,0.000,0.000,0.929,0.929
TCGA-DD-A3A2-01A,0.012,0.000,0.001,0.000,0.000,0.000,0.000,0.011,0.000,0.000,0.050,0.000,0.000,0.000,0.000,0.925,0.925
TCGA-DD-A115-01A,0.018,0.000,0.003,0.000,0.000,0.000,0.000,0.038,0.000,0.010,0.063,0.000,0.000,0.000,0.000,0.868,0.868
TCGA-DD-A1EG-01A,0.017,0.000,0.014,0.000,0.000,0.000,0.000,0.032,0.007,0.004,0.128,0.000,0.000,0.000,0.000,0.798,0.798
TCGA-DD-AADO-01A,0.031,0.000,0.016,0.000,0.000,0.000,0.000,0.004,0.000,0.000,0.060,0.000,0.000,0.000,0.000,0.888,0.888
TCGA-5C-A9VH-01A,0.009,0.000,0.002,0.000,0.000,0.000,0.000,0.073,0.013,0.023,0.023,0.000,0.000,0.000,0.000,0.857,0.857
TCGA-DD-AACS-01A,0.005,0.000,0.000,0.000,0.000,0.000,0.000,0.022,0.000,0.000,0.038,0.000,0.000,0.001,0.000,0.933,0.933
TCGA-DD-AAE7-01A,0.012,0.000,0.000,0.000,0.000,0.000,0.000,0.036,0.000,0.016,0.076,0.000,0.000,0.000,0.000,0.860,0.860
TCGA-DD-AADJ-01A,0.012,0.000,0.002,0.000,0.000,0.000,0.003,0.018,0.000,0.000,0.020,0.000,0.000,0.000,0.000,0.946,0.946
TCGA-UB-A7MD-01A,0.014,0.000,0.006,0.000,0.000,0.000,0.000,0.071,0.000,0.017,0.124,0.000,0.000,0.001,0.000,0.765,0.765
TCGA-CC-5259-01A,0.010,0.000,0.000,0.000,0.000,0.000,0.000,0.003,0.000,0.000,0.031,0.000,0.000,0.000,0.000,0.956,0.956
TCGA-HP-A5MZ-01A,0.018,0.000,0.011,0.000,0.000,0.000,0.000,0.100,0.087,0.037,0.149,0.000,0.000,0.000,0.000,0.597,0.597
TCGA-EP-A2KB-01A,0.002,0.000,0.000,0.000,0.000,0.000,0.000,0.016,0.000,0.000,0.027,0.000,0.000,0.000,0.000,0.955,0.955
TCGA-ED-A7PX-01A,0.005,0.000,0.002,0.001,0.000,0.000,0.000,0.042,0.043,0.020,0.057,0.000,0.000,0.001,0.000,0.828,0.828
TCGA-G3-A5SM-01A,0.025,0.000,0.005,0.000,0.000,0.000,0.000,0.059,0.020,0.007,0.119,0.000,0.000,0.000,0.000,0.766,0.766
TCGA-DD-AAEB-01A,0.010,0.000,0.000,0.000,0.000,0.000,0.000,0.026,0.000,0.000,0.027,0.000,0.000,0.000,0.000,0.937,0.937
TCGA-BC-A5W4-01A,0.010,0.000,0.001,0.000,0.000,0.000,0.000,0.000,0.000,0.000,0.027,0.000,0.000,0.000,0.000,0.963,0.963
TCGA-DD-A73B-01A,0.004,0.000,0.001,0.000,0.000,0.000,0.000,0.016,0.000,0.000,0.058,0.000,0.000,0.000,0.000,0.921,0.921
TCGA-DD-A1EI-01A,0.009,0.000,0.006,0.000,0.000,0.000,0.000,0.078,0.035,0.023,0.082,0.000,0.000,0.000,0.000,0.767,0.767
TCGA-K7-A5RF-01A,0.042,0.000,0.005,0.000,0.000,0.000,0.000,0.040,0.044,0.091,0.149,0.000,0.000,0.000,0.000,0.628,0.628
TCGA-DD-AACT-01A,0.033,0.000,0.000,0.000,0.000,0.000,0.000,0.026,0.000,0.000,0.098,0.000,0.000,0.000,0.000,0.843,0.843
TCGA-DD-A4NO-01A,0.007,0.000,0.000,0.000,0.000,0.000,0.000,0.045,0.005,0.001,0.044,0.000,0.000,0.000,0.000,0.896,0.896
TCGA-2Y-A9H8-01A,0.036,0.000,0.009,0.008,0.000,0.000,0.000,0.004,0.000,0.000,0.114,0.000,0.000,0.000,0.000,0.828,0.828
TCGA-DD-A3A8-01A,0.012,0.000,0.000,0.000,0.000,0.000,0.000,0.035,0.000,0.000,0.030,0.000,0.000,0.000,0.000,0.923,0.923
TCGA-LG-A9QC-01A,0.011,0.000,0.000,0.000,0.000,0.000,0.000,0.050,0.000,0.015,0.030,0.000,0.000,0.000,0.000,0.894,0.894
TCGA-BC-A10S-01A,0.007,0.000,0.001,0.000,0.000,0.000,0.000,0.060,0.000,0.003,0.142,0.000,0.000,0.000,0.000,0.787,0.787
TCGA-DD-AACN-01A,0.010,0.000,0.001,0.000,0.000,0.000,0.000,0.073,0.021,0.016,0.052,0.000,0.000,0.000,0.000,0.827,0.827
