,Plasma B cells,Non-plasma B cells,CD4 T,CD8 T effector,CD8 T (GZMK high),Double-neg-like T,DC,Endothelial Cells,CAFs,Myofibroblasts,Macrophages,Mast Cells,NK,Neutrophils,Monocytes,1-others,Cancer Cells
TCGA-A5-A0R8-01A,0.013,0.000,0.006,0.001,0.002,0.000,0.026,0.059,0.030,0.012,0.038,0.000,0.001,0.002,0.000,0.809,0.809
TCGA-A5-A0G3-01A,0.014,0.003,0.000,0.000,0.002,0.000,0.003,0.039,0.054,0.021,0.018,0.000,0.004,0.000,0.000,0.840,0.840
TCGA-AP-A054-01A,0.000,0.000,0.005,0.000,0.028,0.000,0.000,0.032,0.037,0.014,0.003,0.001,0.000,0.000,0.000,0.879,0.879
TCGA-A5-A0GX-01A,0.019,0.000,0.007,0.001,0.007,0.000,0.007,0.078,0.142,0.025,0.027,0.000,0.001,0.000,0.000,0.685,0.685
TCGA-DI-A2QY-01A,0.012,0.000,0.000,0.002,0.000,0.000,0.002,0.025,0.048,0.000,0.005,0.000,0.000,0.000,0.000,0.905,0.905
TCGA-EY-A1GC-01A,0.047,0.001,0.025,0.009,0.001,0.000,0.004,0.025,0.001,0.000,0.131,0.000,0.000,0.000,0.000,0.757,0.757
TCGA-A5-A0GI-01A,0.010,0.000,0.006,0.004,0.000,0.000,0.008,0.023,0.022,0.011,0.010,0.000,0.001,0.000,0.000,0.905,0.905
TCGA-D1-A17S-01A,0.026,0.000,0.000,0.000,0.000,0.000,0.002,0.016,0.003,0.000,0.010,0.000,0.002,0.000,0.000,0.941,0.941
TCGA-EY-A5W2-01A,0.015,0.000,0.002,0.003,0.001,0.000,0.000,0.014,0.017,0.008,0.022,0.000,0.000,0.000,0.000,0.917,0.917
TCGA-D1-A1NU-01A,0.012,0.001,0.001,0.005,0.000,0.000,0.000,0.033,0.019,0.000,0.023,0.000,0.000,0.000,0.000,0.905,0.905
TCGA-BG-A18A-01A,0.011,0.000,0.004,0.001,0.001,0.000,0.009,0.092,0.089,0.038,0.023,0.000,0.006,0.000,0.000,0.726,0.726
TCGA-AX-A06B-01A,0.021,0.000,0.011,0.003,0.016,0.000,0.007,0.069,0.095,0.018,0.036,0.000,0.000,0.000,0.000,0.725,0.725
TCGA-E6-A2P9-01A,0.013,0.000,0.006,0.014,0.015,0.000,0.007,0.023,0.003,0.004,0.014,0.000,0.000,0.002,0.000,0.899,0.899
TCGA-PG-A917-01A,0.014,0.000,0.009,0.027,0.006,0.000,0.013,0.040,0.017,0.001,0.060,0.000,0.000,0.000,0.000,0.812,0.812
TCGA-AX-A3FS-01A,0.000,0.000,0.003,0.001,0.001,0.000,0.000,0.046,0.091,0.027,0.006,0.000,0.000,0.000,0.002,0.820,0.820
TCGA-A5-A2K4-01A,0.010,0.003,0.003,0.001,0.001,0.000,0.005,0.074,0.067,0.003,0.021,0.000,0.000,0.005,0.000,0.805,0.805
TCGA-D1-A1O0-01A,0.016,0.000,0.000,0.004,0.000,0.000,0.000,0.035,0.015,0.007,0.015,0.000,0.001,0.000,0.000,0.906,0.906
TCGA-B5-A0JS-01A,0.020,0.000,0.010,0.000,0.000,0.000,0.014,0.048,0.026,0.001,0.023,0.000,0.011,0.000,0.000,0.847,0.847
TCGA-AX-A1CE-01A,0.003,0.000,0.001,0.001,0.005,0.000,0.000,0.012,0.003,0.000,0.013,0.000,0.000,0.000,0.000,0.961,0.961
TCGA-D1-A17F-01A,0.014,0.000,0.004,0.006,0.000,0.000,0.017,0.033,0.001,0.000,0.053,0.000,0.000,0.000,0.000,0.873,0.873
TCGA-EO-A3AV-01A,0.037,0.000,0.020,0.035,0.000,0.000,0.003,0.022,0.016,0.006,0.041,0.000,0.000,0.006,0.000,0.812,0.812
TCGA-D1-A17B-01A,0.030,0.003,0.031,0.001,0.001,0.000,0.031,0.084,0.072,0.003,0.106,0.000,0.010,0.027,0.000,0.601,0.601
TCGA-E6-A8L9-01A,0.001,0.000,0.005,0.015,0.006,0.000,0.001,0.055,0.057,0.021,0.025,0.001,0.012,0.001,0.000,0.801,0.801
TCGA-EY-A547-01A,0.013,0.000,0.002,0.001,0.005,0.000,0.000,0.024,0.007,0.007,0.021,0.000,0.003,0.002,0.000,0.914,0.914
TCGA-AJ-A3OJ-01A,0.002,0.000,0.004,0.008,0.000,0.000,0.000,0.028,0.027,0.000,0.048,0.000,0.000,0.000,0.000,0.883,0.883
TCGA-BS-A0TJ-01A,0.006,0.000,0.005,0.009,0.007,0.000,0.004,0.030,0.041,0.012,0.014,0.000,0.000,0.000,0.000,0.871,0.871
TCGA-BG-A0VV-01A,0.014,0.001,0.006,0.001,0.000,0.000,0.011,0.043,0.022,0.000,0.019,0.000,0.001,0.000,0.000,0.882,0.882
TCGA-D1-A16V-01A,0.017,0.000,0.007,0.016,0.000,0.000,0.008,0.029,0.007,0.004,0.028,0.000,0.000,0.000,0.000,0.883,0.883
TCGA-EO-A22R-01A,0.005,0.000,0.006,0.008,0.002,0.000,0.001,0.030,0.025,0.000,0.044,0.000,0.000,0.001,0.000,0.877,0.877
TCGA-BG-A0MH-01A,0.031,0.011,0.016,0.009,0.013,0.000,0.029,0.065,0.115,0.012,0.058,0.000,0.001,0.001,0.000,0.639,0.639
TCGA-EO-A3KX-01A,0.001,0.000,0.001,0.006,0.001,0.000,0.001,0.025,0.008,0.000,0.003,0.000,0.000,0.000,0.000,0.954,0.954
TCGA-AX-A0IS-01A,0.006,0.000,0.000,0.000,0.000,0.000,0.003,0.024,0.037,0.000,0.002,0.000,0.000,0.000,0.000,0.927,0.927
TCGA-EY-A1G8-01A,0.004,0.000,0.000,0.002,0.000,0.000,0.000,0.022,0.002,0.000,0.006,0.000,0.001,0.000,0.000,0.963,0.963
TCGA-EY-A1GW-01A,0.027,0.000,0.000,0.000,0.000,0.000,0.000,0.034,0.000,0.000,0.003,0.000,0.000,0.000,0.000,0.936,0.936
TCGA-BG-A0RY-01A,0.002,0.000,0.001,0.000,0.000,0.000,0.041,0.016,0.005,0.000,0.027,0.000,0.000,0.004,0.000,0.903,0.903
TCGA-D1-A1NY-01A,0.006,0.000,0.003,0.005,0.000,0.000,0.012,0.039,0.067,0.005,0.017,0.000,0.001,0.001,0.000,0.845,0.845
TCGA-B5-A3S1-01A,0.006,0.004,0.008,0.005,0.004,0.000,0.003,0.024,0.031,0.000,0.027,0.000,0.000,0.000,0.000,0.885,0.885
TCGA-A5-A2K5-01A,0.004,0.000,0.007,0.001,0.005,0.000,0.000,0.013,0.010,0.001,0.044,0.000,0.000,0.000,0.000,0.913,0.913
TCGA-AX-A062-01A,0.000,0.000,0.000,0.002,0.000,0.000,0.000,0.028,0.050,0.000,0.000,0.000,0.000,0.000,0.000,0.920,0.920
TCGA-A5-A0G5-01A,0.101,0.000,0.028,0.041,0.026,0.000,0.023,0.045,0.013,0.025,0.151,0.000,0.001,0.001,0.000,0.545,0.545
TCGA-AP-A0LH-01A,0.002,0.000,0.000,0.000,0.000,0.002,0.008,0.014,0.011,0.000,0.012,0.000,0.000,0.000,0.000,0.950,0.950
TCGA-BS-A0WQ-01A,0.000,0.000,0.000,0.001,0.001,0.000,0.000,0.022,0.009,0.001,0.007,0.000,0.000,0.000,0.000,0.959,0.959
TCGA-FI-A2EY-01A,0.001,0.000,0.000,0.000,0.000,0.000,0.000,0.008,0.000,0.007,0.000,0.000,0.000,0.000,0.000,0.983,0.983
TCGA-EY-A549-01A,0.015,0.000,0.005,0.006,0.005,0.000,0.009,0.027,0.010,0.003,0.018,0.001,0.000,0.000,0.000,0.901,0.901
TCGA-FI-A2D0-01A,0.000,0.000,0.004,0.008,0.000,0.000,0.002,0.060,0.041,0.001,0.000,0.000,0.000,0.008,0.000,0.876,0.876
TCGA-BS-A0V7-01A,0.024,0.000,0.004,0.000,0.001,0.010,0.008,0.075,0.330,0.060,0.038,0.000,0.004,0.000,0.000,0.445,0.445
TCGA-B5-A1MW-01A,0.000,0.000,0.000,0.003,0.000,0.000,0.001,0.044,0.003,0.000,0.003,0.000,0.000,0.003,0.000,0.943,0.943
TCGA-D1-A17D-01A,0.013,0.000,0.001,0.000,0.000,0.000,0.010,0.026,0.009,0.000,0.028,0.000,0.000,0.002,0.000,0.910,0.910
TCGA-BS-A0TA-01A,0.026,0.000,0.009,0.109,0.070,0.000,0.020,0.024,0.019,0.007,0.107,0.000,0.000,0.000,0.000,0.607,0.607
TCGA-AX-A05Z-01A,0.021,0.000,0.012,0.024,0.006,0.000,0.021,0.016,0.021,0.000,0.048,0.000,0.000,0.000,0.000,0.831,0.831
TCGA-D1-A17L-01A,0.031,0.001,0.000,0.001,0.005,0.000,0.017,0.040,0.006,0.001,0.027,0.000,0.001,0.000,0.000,0.869,0.869
TCGA-A5-A0GQ-01A,0.023,0.005,0.006,0.000,0.003,0.000,0.029,0.049,0.005,0.000,0.039,0.000,0.000,0.007,0.000,0.832,0.832
TCGA-AX-A3G1-01A,0.096,0.000,0.009,0.011,0.014,0.000,0.001,0.051,0.009,0.003,0.028,0.000,0.000,0.002,0.000,0.775,0.775
TCGA-BK-A0CC-01A,0.005,0.000,0.000,0.005,0.000,0.000,0.000,0.066,0.049,0.027,0.028,0.007,0.000,0.028,0.011,0.772,0.772
TCGA-D1-A1O8-01A,0.089,0.000,0.032,0.034,0.042,0.000,0.019,0.027,0.069,0.012,0.120,0.000,0.000,0.001,0.000,0.555,0.555
TCGA-DI-A1NN-01A,0.000,0.009,0.018,0.008,0.003,0.001,0.036,0.042,0.027,0.003,0.077,0.000,0.000,0.000,0.000,0.775,0.775
TCGA-B5-A0K9-01A,0.009,0.000,0.012,0.009,0.006,0.000,0.013,0.026,0.027,0.003,0.034,0.000,0.000,0.008,0.000,0.852,0.852
TCGA-FI-A2CY-01A,0.000,0.000,0.014,0.010,0.000,0.000,0.031,0.030,0.006,0.001,0.134,0.000,0.000,0.003,0.000,0.771,0.771
TCGA-AP-A1DR-01A,0.000,0.000,0.001,0.003,0.000,0.000,0.003,0.013,0.007,0.001,0.002,0.000,0.000,0.000,0.000,0.969,0.969
TCGA-B5-A11Q-01A,0.000,0.000,0.000,0.000,0.000,0.000,0.000,0.013,0.000,0.000,0.000,0.000,0.000,0.000,0.000,0.987,0.987
TCGA-BS-A0U7-01A,0.016,0.000,0.013,0.008,0.005,0.000,0.004,0.052,0.046,0.028,0.035,0.000,0.000,0.004,0.000,0.787,0.787
TCGA-A5-A0VQ-01A,0.013,0.000,0.002,0.000,0.000,0.000,0.014,0.030,0.016,0.013,0.000,0.000,0.000,0.001,0.000,0.911,0.911
TCGA-BS-A0TE-01A,0.003,0.000,0.007,0.009,0.006,0.000,0.009,0.020,0.009,0.008,0.021,0.000,0.000,0.000,0.000,0.908,0.908
TCGA-BS-A0T9-01A,0.008,0.000,0.003,0.004,0.005,0.000,0.008,0.030,0.172,0.001,0.017,0.000,0.000,0.000,0.000,0.751,0.751
TCGA-AW-A1PO-01A,0.006,0.000,0.001,0.002,0.000,0.000,0.001,0.030,0.003,0.001,0.012,0.000,0.000,0.003,0.000,0.941,0.941
TCGA-AJ-A3I9-01A,0.004,0.000,0.002,0.000,0.000,0.000,0.000,0.014,0.008,0.000,0.017,0.000,0.000,0.000,0.000,0.955,0.955
TCGA-AJ-A8CV-01A,0.007,0.000,0.011,0.021,0.004,0.000,0.010,0.038,0.019,0.008,0.050,0.000,0.000,0.001,0.000,0.831,0.831
TCGA-B5-A121-01A,0.010,0.000,0.004,0.000,0.008,0.000,0.006,0.053,0.026,0.000,0.020,0.000,0.002,0.000,0.000,0.869,0.869
TCGA-AX-A1CN-01A,0.000,0.000,0.002,0.001,0.000,0.000,0.001,0.028,0.051,0.006,0.010,0.000,0.000,0.000,0.000,0.901,0.901
TCGA-BK-A139-01A,0.009,0.005,0.017,0.045,0.001,0.001,0.004,0.077,0.002,0.007,0.121,0.001,0.000,0.024,0.001,0.684,0.684
TCGA-EY-A1G7-01A,0.000,0.000,0.000,0.002,0.000,0.000,0.000,0.028,0.018,0.000,0.017,0.001,0.000,0.003,0.000,0.930,0.930
TCGA-BK-A6W3-01A,0.011,0.000,0.013,0.024,0.002,0.000,0.015,0.060,0.018,0.000,0.048,0.000,0.000,0.004,0.000,0.803,0.803
TCGA-FI-A2CX-01A,0.085,0.016,0.070,0.001,0.064,0.000,0.047,0.044,0.000,0.011,0.542,0.000,0.005,0.020,0.001,0.092,0.092
TCGA-DI-A2QU-01A,0.006,0.000,0.000,0.001,0.000,0.000,0.004,0.019,0.008,0.000,0.016,0.000,0.000,0.000,0.000,0.945,0.945
TCGA-AP-A0LT-01A,0.004,0.000,0.002,0.004,0.000,0.000,0.000,0.004,0.000,0.001,0.006,0.000,0.000,0.000,0.000,0.979,0.979
TCGA-EO-A3AS-01A,0.035,0.000,0.003,0.000,0.001,0.000,0.010,0.048,0.075,0.000,0.032,0.000,0.000,0.001,0.000,0.794,0.794
TCGA-E6-A1LZ-01A,0.017,0.000,0.003,0.004,0.000,0.000,0.000,0.024,0.000,0.012,0.023,0.000,0.000,0.000,0.000,0.916,0.916
TCGA-AP-A1DO-01A,0.001,0.000,0.002,0.005,0.002,0.000,0.000,0.010,0.000,0.004,0.000,0.000,0.000,0.000,0.000,0.975,0.975
TCGA-AX-A2HC-01A,0.001,0.000,0.000,0.000,0.000,0.000,0.000,0.021,0.001,0.006,0.012,0.000,0.000,0.000,0.000,0.959,0.959
TCGA-EC-A1QX-01A,0.007,0.000,0.003,0.027,0.000,0.000,0.005,0.040,0.035,0.000,0.027,0.000,0.000,0.006,0.000,0.849,0.849
TCGA-A5-A0GB-01A,0.000,0.000,0.002,0.005,0.003,0.000,0.000,0.014,0.000,0.004,0.002,0.000,0.000,0.000,0.000,0.970,0.970
TCGA-B5-A11Y-01A,0.022,0.000,0.017,0.031,0.012,0.000,0.009,0.062,0.008,0.000,0.099,0.000,0.000,0.004,0.000,0.735,0.735
TCGA-AJ-A3IA-01A,0.002,0.004,0.010,0.008,0.009,0.000,0.018,0.051,0.094,0.022,0.051,0.000,0.000,0.004,0.000,0.726,0.726
TCGA-D1-A1NS-01A,0.011,0.000,0.001,0.000,0.000,0.000,0.017,0.034,0.003,0.000,0.015,0.000,0.000,0.002,0.000,0.917,0.917
TCGA-AX-A2H2-01A,0.031,0.001,0.015,0.012,0.004,0.000,0.012,0.029,0.010,0.014,0.026,0.000,0.000,0.000,0.000,0.844,0.844
TCGA-D1-A162-01A,0.011,0.000,0.002,0.000,0.001,0.000,0.011,0.042,0.026,0.003,0.042,0.000,0.001,0.003,0.000,0.857,0.857
TCGA-AP-A0LG-01A,0.001,0.000,0.001,0.001,0.000,0.000,0.007,0.022,0.000,0.005,0.000,0.000,0.000,0.000,0.000,0.964,0.964
TCGA-DF-A2KN-01A,0.008,0.000,0.016,0.019,0.019,0.000,0.008,0.051,0.032,0.006,0.112,0.000,0.000,0.003,0.000,0.724,0.724
TCGA-AX-A1C4-01A,0.000,0.000,0.000,0.000,0.000,0.000,0.000,0.012,0.001,0.000,0.000,0.000,0.000,0.000,0.000,0.987,0.987
TCGA-AJ-A3EJ-01A,0.007,0.001,0.011,0.000,0.000,0.000,0.000,0.043,0.095,0.004,0.064,0.000,0.000,0.002,0.000,0.771,0.771
TCGA-BK-A26L-01C,0.003,0.007,0.016,0.026,0.004,0.020,0.001,0.104,0.136,0.034,0.040,0.005,0.000,0.029,0.001,0.573,0.573
TCGA-A5-A2K3-01A,0.214,0.009,0.061,0.074,0.041,0.000,0.015,0.024,0.017,0.003,0.220,0.000,0.003,0.000,0.001,0.316,0.316
TCGA-AP-A05H-01A,0.019,0.000,0.001,0.000,0.000,0.000,0.000,0.009,0.101,0.033,0.004,0.000,0.003,0.000,0.000,0.828,0.828
TCGA-AX-A3FV-01A,0.000,0.000,0.001,0.003,0.008,0.000,0.000,0.031,0.000,0.008,0.018,0.000,0.000,0.001,0.000,0.928,0.928
TCGA-D1-A16F-01A,0.005,0.000,0.003,0.001,0.002,0.000,0.028,0.083,0.059,0.019,0.015,0.000,0.002,0.009,0.000,0.774,0.774
TCGA-JU-AAVI-01A,0.019,0.000,0.001,0.031,0.003,0.000,0.003,0.019,0.022,0.001,0.039,0.000,0.000,0.000,0.000,0.862,0.862
TCGA-AX-A06L-01A,0.019,0.010,0.011,0.017,0.003,0.003,0.029,0.054,0.102,0.011,0.032,0.010,0.007,0.003,0.002,0.687,0.687
TCGA-BG-A3PP-01A,0.001,0.000,0.002,0.000,0.001,0.000,0.000,0.015,0.054,0.004,0.018,0.000,0.000,0.000,0.000,0.905,0.905
TCGA-B5-A1MU-01A,0.005,0.001,0.014,0.008,0.011,0.000,0.001,0.057,0.195,0.001,0.110,0.001,0.000,0.006,0.000,0.591,0.591
TCGA-A5-A0RA-01A,0.013,0.001,0.002,0.001,0.000,0.000,0.021,0.042,0.011,0.001,0.012,0.000,0.000,0.001,0.000,0.895,0.895
TCGA-BG-A0MK-01A,0.009,0.000,0.010,0.000,0.003,0.000,0.011,0.064,0.052,0.012,0.020,0.000,0.001,0.002,0.000,0.816,0.816
TCGA-EO-A3L0-01A,0.005,0.000,0.003,0.002,0.000,0.000,0.003,0.051,0.029,0.006,0.001,0.000,0.000,0.000,0.000,0.898,0.898
TCGA-B5-A3F9-01A,0.010,0.000,0.003,0.002,0.004,0.000,0.000,0.038,0.057,0.000,0.041,0.000,0.000,0.000,0.000,0.844,0.844
TCGA-AJ-A2QO-01A,0.010,0.000,0.002,0.003,0.000,0.000,0.000,0.016,0.002,0.006,0.026,0.000,0.000,0.001,0.000,0.934,0.934
TCGA-D1-A0ZO-01A,0.007,0.000,0.024,0.008,0.007,0.000,0.017,0.078,0.084,0.035,0.024,0.000,0.000,0.003,0.000,0.711,0.711
TCGA-AP-A1DM-01A,0.008,0.000,0.004,0.006,0.001,0.000,0.000,0.019,0.029,0.013,0.000,0.000,0.000,0.000,0.000,0.920,0.920
TCGA-SL-A6JA-01A,0.016,0.000,0.001,0.000,0.000,0.000,0.001,0.013,0.000,0.004,0.012,0.000,0.000,0.000,0.000,0.952,0.952
TCGA-EO-A22T-01A,0.007,0.000,0.014,0.023,0.009,0.000,0.002,0.059,0.035,0.025,0.057,0.000,0.000,0.013,0.000,0.754,0.754
TCGA-B5-A11V-01A,0.013,0.000,0.003,0.003,0.004,0.000,0.003,0.044,0.041,0.013,0.003,0.000,0.000,0.000,0.000,0.871,0.871
TCGA-AP-A051-01A,0.008,0.003,0.011,0.000,0.009,0.000,0.001,0.028,0.021,0.012,0.039,0.000,0.000,0.002,0.000,0.866,0.866
TCGA-AJ-A2QL-01A,0.011,0.000,0.002,0.008,0.000,0.000,0.019,0.042,0.016,0.000,0.072,0.000,0.010,0.000,0.000,0.820,0.820
TCGA-BS-A0TC-01A,0.014,0.000,0.001,0.000,0.001,0.000,0.004,0.020,0.000,0.000,0.011,0.000,0.000,0.000,0.000,0.948,0.948
TCGA-B5-A1MS-01B,0.003,0.002,0.000,0.003,0.003,0.000,0.001,0.048,0.032,0.005,0.010,0.000,0.006,0.003,0.000,0.883,0.883
TCGA-A5-A0R9-01A,0.013,0.000,0.004,0.000,0.005,0.000,0.008,0.040,0.074,0.001,0.023,0.000,0.002,0.000,0.000,0.830,0.830
TCGA-A5-A0GV-01A,0.008,0.000,0.000,0.000,0.000,0.000,0.002,0.017,0.001,0.001,0.000,0.000,0.000,0.000,0.000,0.971,0.971
TCGA-B5-A1MZ-01A,0.009,0.000,0.010,0.000,0.000,0.000,0.030,0.036,0.070,0.000,0.022,0.000,0.002,0.000,0.000,0.821,0.821
TCGA-D1-A1NW-01A,0.013,0.001,0.005,0.008,0.004,0.000,0.007,0.026,0.036,0.005,0.017,0.000,0.003,0.000,0.000,0.873,0.873
TCGA-AX-A2HF-01A,0.007,0.003,0.010,0.006,0.010,0.000,0.000,0.019,0.012,0.000,0.031,0.000,0.000,0.001,0.000,0.900,0.900
TCGA-A5-A2K2-01A,0.000,0.000,0.000,0.002,0.000,0.000,0.000,0.031,0.000,0.000,0.020,0.001,0.000,0.001,0.000,0.945,0.945
TCGA-D1-A102-01A,0.010,0.000,0.012,0.008,0.011,0.000,0.006,0.052,0.065,0.001,0.044,0.000,0.000,0.001,0.000,0.789,0.789
TCGA-BS-A0UL-01A,0.017,0.001,0.021,0.001,0.022,0.000,0.021,0.123,0.198,0.072,0.030,0.000,0.000,0.000,0.000,0.492,0.492
TCGA-BG-A0MA-01A,0.012,0.000,0.004,0.005,0.005,0.000,0.006,0.053,0.071,0.015,0.014,0.001,0.000,0.000,0.000,0.814,0.814
TCGA-EO-A1Y5-01A,0.004,0.000,0.012,0.017,0.008,0.000,0.022,0.033,0.030,0.011,0.065,0.000,0.000,0.000,0.000,0.797,0.797
TCGA-EY-A1GL-01A,0.000,0.000,0.001,0.000,0.003,0.000,0.002,0.020,0.084,0.000,0.005,0.000,0.000,0.000,0.000,0.884,0.884
TCGA-A5-A2K7-01A,0.005,0.000,0.000,0.003,0.000,0.000,0.001,0.019,0.022,0.016,0.032,0.000,0.000,0.000,0.000,0.900,0.900
TCGA-EO-A2CH-01A,0.001,0.000,0.000,0.003,0.000,0.000,0.005,0.023,0.000,0.000,0.014,0.000,0.000,0.000,0.000,0.954,0.954
TCGA-A5-A3LO-01A,0.000,0.000,0.004,0.003,0.000,0.000,0.003,0.029,0.020,0.012,0.007,0.000,0.000,0.006,0.000,0.916,0.916
TCGA-EO-A3B1-01A,0.008,0.004,0.024,0.009,0.011,0.000,0.015,0.089,0.066,0.007,0.058,0.000,0.001,0.007,0.000,0.701,0.701
TCGA-AJ-A3NC-01A,0.004,0.000,0.003,0.000,0.001,0.000,0.001,0.043,0.015,0.005,0.020,0.000,0.002,0.006,0.000,0.898,0.898
TCGA-B5-A11U-01A,0.000,0.000,0.003,0.000,0.001,0.000,0.001,0.169,0.220,0.055,0.014,0.000,0.000,0.002,0.000,0.534,0.534
TCGA-D1-A168-01A,0.001,0.000,0.002,0.000,0.000,0.000,0.003,0.036,0.160,0.011,0.014,0.000,0.000,0.001,0.000,0.772,0.772
TCGA-AP-A0LV-01A,0.005,0.000,0.003,0.005,0.000,0.000,0.010,0.051,0.102,0.001,0.021,0.000,0.001,0.000,0.000,0.800,0.800
TCGA-A5-A0VP-01A,0.015,0.000,0.000,0.006,0.001,0.000,0.004,0.036,0.000,0.000,0.012,0.000,0.000,0.003,0.000,0.923,0.923
TCGA-BK-A0C9-01A,0.012,0.000,0.010,0.009,0.001,0.000,0.007,0.030,0.024,0.013,0.023,0.000,0.000,0.000,0.000,0.870,0.870
TCGA-D1-A16N-01A,0.007,0.000,0.003,0.005,0.009,0.000,0.000,0.041,0.031,0.007,0.042,0.000,0.000,0.005,0.000,0.848,0.848
TCGA-K6-A3WQ-01A,0.015,0.000,0.001,0.003,0.000,0.000,0.001,0.014,0.060,0.014,0.011,0.000,0.002,0.000,0.000,0.880,0.880
TCGA-D1-A3JP-01A,0.007,0.008,0.027,0.000,0.013,0.000,0.025,0.036,0.043,0.002,0.079,0.005,0.000,0.003,0.000,0.751,0.751
TCGA-QS-A744-01A,0.000,0.000,0.000,0.001,0.000,0.000,0.000,0.038,0.056,0.001,0.000,0.000,0.000,0.003,0.000,0.902,0.902
TCGA-BK-A4ZD-01A,0.000,0.002,0.000,0.000,0.000,0.000,0.000,0.014,0.012,0.000,0.006,0.000,0.000,0.000,0.000,0.966,0.966
TCGA-AJ-A2QM-01A,0.005,0.000,0.002,0.002,0.000,0.000,0.003,0.039,0.049,0.000,0.019,0.000,0.000,0.005,0.000,0.875,0.875
TCGA-FI-A2F8-01A,0.002,0.000,0.003,0.001,0.000,0.000,0.006,0.055,0.032,0.024,0.014,0.000,0.000,0.003,0.000,0.859,0.859
TCGA-AX-A1CA-01A,0.014,0.008,0.007,0.011,0.007,0.000,0.008,0.033,0.038,0.016,0.021,0.000,0.002,0.001,0.000,0.835,0.835
TCGA-EY-A1GQ-01A,0.000,0.000,0.000,0.000,0.000,0.000,0.000,0.066,0.015,0.053,0.013,0.000,0.000,0.000,0.000,0.852,0.852
TCGA-DI-A1BY-01A,0.033,0.000,0.006,0.007,0.001,0.000,0.009,0.053,0.117,0.016,0.006,0.000,0.000,0.000,0.000,0.752,0.752
TCGA-BG-A2AD-01A,0.000,0.000,0.002,0.000,0.000,0.000,0.000,0.033,0.039,0.000,0.007,0.000,0.000,0.004,0.000,0.913,0.913
TCGA-EO-A3B0-01A,0.016,0.000,0.015,0.002,0.011,0.000,0.000,0.022,0.040,0.016,0.077,0.000,0.000,0.000,0.000,0.800,0.800
TCGA-D1-A16X-01A,0.037,0.000,0.023,0.018,0.012,0.000,0.026,0.044,0.027,0.001,0.059,0.000,0.000,0.002,0.000,0.750,0.750
TCGA-EY-A1H0-01A,0.009,0.000,0.002,0.003,0.000,0.000,0.003,0.022,0.006,0.000,0.000,0.000,0.000,0.001,0.000,0.954,0.954
TCGA-B5-A3FD-01A,0.001,0.000,0.003,0.001,0.001,0.001,0.001,0.038,0.030,0.007,0.026,0.000,0.000,0.000,0.000,0.891,0.891
TCGA-BG-A0YU-01A,0.016,0.000,0.002,0.003,0.000,0.000,0.004,0.044,0.027,0.011,0.006,0.000,0.000,0.000,0.000,0.887,0.887
TCGA-EO-A3AY-01A,0.013,0.000,0.004,0.009,0.000,0.000,0.007,0.016,0.010,0.000,0.024,0.000,0.000,0.000,0.000,0.915,0.915
TCGA-EY-A548-01A,0.020,0.000,0.001,0.001,0.000,0.000,0.001,0.024,0.006,0.000,0.024,0.000,0.001,0.000,0.000,0.922,0.922
TCGA-D1-A16E-01A,0.009,0.000,0.005,0.003,0.001,0.000,0.012,0.053,0.025,0.007,0.062,0.000,0.003,0.004,0.000,0.817,0.817
TCGA-AJ-A3NE-01A,0.000,0.000,0.008,0.017,0.003,0.000,0.012,0.038,0.026,0.000,0.018,0.000,0.000,0.003,0.000,0.874,0.874
TCGA-BS-A0TD-01A,0.008,0.000,0.000,0.000,0.000,0.000,0.012,0.042,0.007,0.000,0.008,0.000,0.002,0.000,0.000,0.920,0.920
TCGA-EY-A2ON-01A,0.005,0.000,0.000,0.002,0.000,0.000,0.000,0.054,0.001,0.008,0.040,0.000,0.000,0.002,0.000,0.886,0.886
TCGA-D1-A0ZP-01A,0.001,0.000,0.009,0.007,0.001,0.000,0.010,0.052,0.045,0.006,0.020,0.000,0.000,0.002,0.000,0.845,0.845
TCGA-EY-A1GT-01A,0.000,0.000,0.002,0.000,0.000,0.000,0.001,0.090,0.028,0.042,0.012,0.000,0.002,0.004,0.000,0.819,0.819
TCGA-BK-A0CC-01B,0.011,0.001,0.011,0.012,0.001,0.003,0.000,0.100,0.159,0.034,0.036,0.038,0.000,0.056,0.014,0.525,0.525
TCGA-KP-A3W4-01A,0.000,0.001,0.006,0.000,0.011,0.000,0.002,0.088,0.102,0.007,0.025,0.000,0.001,0.004,0.000,0.753,0.753
TCGA-FI-A2D6-01A,0.001,0.000,0.010,0.008,0.017,0.000,0.000,0.018,0.016,0.006,0.058,0.000,0.000,0.000,0.000,0.866,0.866
TCGA-BG-A0MQ-01A,0.011,0.000,0.000,0.001,0.000,0.000,0.007,0.032,0.005,0.011,0.012,0.000,0.001,0.000,0.000,0.920,0.920
TCGA-D1-A16Y-01A,0.000,0.000,0.003,0.001,0.003,0.000,0.003,0.020,0.048,0.009,0.009,0.000,0.002,0.000,0.000,0.902,0.902
TCGA-A5-A0R7-01A,0.016,0.001,0.005,0.002,0.006,0.000,0.016,0.071,0.130,0.020,0.012,0.000,0.000,0.000,0.000,0.722,0.722
TCGA-BG-A186-01A,0.025,0.001,0.002,0.000,0.003,0.000,0.012,0.044,0.032,0.002,0.022,0.000,0.000,0.000,0.000,0.857,0.857
TCGA-AP-A05O-01A,0.007,0.000,0.003,0.013,0.001,0.000,0.014,0.014,0.009,0.000,0.054,0.000,0.000,0.000,0.000,0.885,0.885
TCGA-AJ-A3BF-01A,0.003,0.002,0.006,0.004,0.005,0.000,0.009,0.038,0.023,0.011,0.009,0.000,0.000,0.001,0.002,0.886,0.886
TCGA-BG-A0VT-01A,0.010,0.000,0.000,0.000,0.000,0.001,0.001,0.055,0.067,0.009,0.009,0.000,0.000,0.000,0.000,0.848,0.848
TCGA-AP-A0L9-01A,0.015,0.000,0.000,0.001,0.001,0.000,0.000,0.021,0.006,0.004,0.017,0.000,0.000,0.002,0.000,0.934,0.934
TCGA-AX-A1C9-01A,0.020,0.002,0.015,0.012,0.013,0.000,0.020,0.032,0.022,0.002,0.027,0.000,0.000,0.000,0.000,0.833,0.833
TCGA-D1-A16R-01A,0.009,0.000,0.007,0.007,0.006,0.000,0.007,0.067,0.093,0.001,0.030,0.000,0.000,0.000,0.000,0.772,0.772
TCGA-BG-A3EW-01A,0.008,0.000,0.002,0.003,0.000,0.000,0.002,0.033,0.004,0.018,0.013,0.000,0.001,0.005,0.000,0.911,0.911
TCGA-AX-A2HD-01A,0.009,0.000,0.007,0.009,0.016,0.000,0.008,0.046,0.021,0.010,0.035,0.000,0.000,0.010,0.000,0.829,0.829
TCGA-AJ-A3TW-01A,0.006,0.000,0.001,0.006,0.000,0.000,0.002,0.018,0.000,0.002,0.162,0.000,0.000,0.000,0.000,0.801,0.801
TCGA-AJ-A3OK-01A,0.006,0.000,0.006,0.000,0.011,0.000,0.027,0.135,0.158,0.025,0.044,0.002,0.000,0.000,0.000,0.584,0.584
TCGA-FI-A2EW-01A,0.018,0.000,0.000,0.002,0.000,0.000,0.000,0.026,0.005,0.003,0.007,0.001,0.000,0.000,0.000,0.938,0.938
TCGA-BG-A0M2-01A,0.018,0.000,0.005,0.004,0.000,0.000,0.005,0.041,0.011,0.007,0.007,0.000,0.000,0.000,0.000,0.902,0.902
TCGA-AX-A1CI-01A,0.011,0.000,0.000,0.000,0.000,0.000,0.003,0.004,0.003,0.000,0.002,0.000,0.000,0.000,0.000,0.977,0.977
TCGA-A5-A0GR-01A,0.173,0.003,0.016,0.000,0.008,0.000,0.004,0.106,0.018,0.010,0.045,0.000,0.006,0.000,0.000,0.611,0.611
TCGA-D1-A0ZN-01A,0.002,0.000,0.005,0.004,0.009,0.000,0.006,0.063,0.051,0.019,0.028,0.000,0.000,0.002,0.000,0.810,0.810
TCGA-BS-A0TG-01A,0.001,0.000,0.003,0.002,0.000,0.000,0.018,0.035,0.161,0.000,0.020,0.000,0.000,0.000,0.000,0.760,0.760
TCGA-BG-A0MO-01A,0.011,0.000,0.003,0.000,0.006,0.000,0.005,0.019,0.000,0.000,0.025,0.000,0.000,0.000,0.000,0.931,0.931
TCGA-D1-A15X-01A,0.025,0.000,0.007,0.037,0.000,0.000,0.005,0.024,0.000,0.000,0.010,0.000,0.000,0.001,0.000,0.892,0.892
TCGA-B5-A0K8-01A,0.003,0.004,0.001,0.006,0.001,0.000,0.005,0.041,0.026,0.002,0.017,0.000,0.004,0.000,0.000,0.888,0.888
TCGA-DI-A1BU-01A,0.006,0.000,0.003,0.009,0.005,0.000,0.005,0.021,0.034,0.003,0.020,0.000,0.000,0.000,0.000,0.893,0.893
TCGA-EY-A1GI-01A,0.014,0.000,0.004,0.010,0.000,0.000,0.001,0.023,0.034,0.000,0.034,0.000,0.000,0.000,0.000,0.879,0.879
TCGA-EY-A215-01A,0.007,0.000,0.015,0.034,0.004,0.000,0.001,0.016,0.001,0.005,0.003,0.000,0.000,0.005,0.000,0.910,0.910
TCGA-D1-A3DG-01A,0.000,0.000,0.003,0.000,0.011,0.000,0.000,0.042,0.014,0.004,0.028,0.000,0.000,0.000,0.000,0.897,0.897
TCGA-EO-A22U-01A,0.014,0.000,0.000,0.005,0.003,0.000,0.001,0.014,0.011,0.002,0.009,0.000,0.000,0.000,0.000,0.941,0.941
TCGA-AX-A3FW-01A,0.000,0.000,0.000,0.002,0.000,0.000,0.000,0.007,0.000,0.000,0.003,0.000,0.000,0.000,0.000,0.988,0.988
TCGA-AP-A1DP-01A,0.014,0.000,0.002,0.000,0.000,0.001,0.016,0.021,0.008,0.007,0.011,0.004,0.004,0.003,0.000,0.907,0.907
TCGA-A5-A0GG-01A,0.018,0.001,0.017,0.001,0.013,0.000,0.012,0.091,0.069,0.033,0.046,0.000,0.000,0.000,0.000,0.698,0.698
TCGA-AP-A05D-01A,0.000,0.000,0.003,0.001,0.002,0.000,0.031,0.011,0.017,0.001,0.067,0.000,0.000,0.000,0.000,0.864,0.864
TCGA-KP-A3W3-01A,0.009,0.000,0.008,0.001,0.007,0.000,0.017,0.044,0.026,0.002,0.049,0.000,0.000,0.000,0.000,0.836,0.836
TCGA-B5-A5OC-01A,0.023,0.005,0.020,0.026,0.027,0.000,0.013,0.075,0.084,0.024,0.070,0.000,0.000,0.008,0.001,0.623,0.623
TCGA-BG-A0MU-01A,0.033,0.000,0.001,0.000,0.007,0.000,0.003,0.041,0.000,0.002,0.031,0.000,0.000,0.000,0.000,0.882,0.882
TCGA-D1-A0ZV-01A,0.026,0.000,0.009,0.007,0.010,0.000,0.028,0.057,0.038,0.001,0.116,0.000,0.008,0.000,0.000,0.698,0.698
TCGA-EO-A22X-01A,0.002,0.000,0.004,0.003,0.001,0.000,0.000,0.038,0.074,0.000,0.052,0.000,0.000,0.000,0.000,0.825,0.825
TCGA-B5-A11O-01A,0.006,0.000,0.014,0.000,0.003,0.000,0.023,0.080,0.078,0.021,0.029,0.000,0.004,0.007,0.000,0.734,0.734
TCGA-QS-A5YQ-01A,0.027,0.000,0.010,0.005,0.008,0.000,0.004,0.032,0.021,0.002,0.051,0.000,0.002,0.000,0.000,0.837,0.837
TCGA-EY-A54A-01A,0.001,0.003,0.008,0.010,0.004,0.000,0.011,0.058,0.031,0.007,0.081,0.000,0.000,0.003,0.000,0.784,0.784
TCGA-D1-A3DH-01A,0.005,0.001,0.000,0.000,0.001,0.000,0.000,0.027,0.012,0.000,0.009,0.000,0.000,0.000,0.000,0.945,0.945
TCGA-B5-A0JX-01A,0.012,0.000,0.018,0.014,0.004,0.000,0.017,0.060,0.046,0.006,0.053,0.000,0.000,0.002,0.000,0.766,0.766
TCGA-AX-A3G4-01A,0.012,0.000,0.000,0.000,0.000,0.000,0.000,0.071,0.102,0.046,0.009,0.000,0.000,0.000,0.000,0.760,0.760
TCGA-B5-A0K3-01A,0.011,0.000,0.001,0.002,0.000,0.000,0.011,0.015,0.000,0.000,0.020,0.000,0.000,0.001,0.000,0.940,0.940
TCGA-B5-A11R-01A,0.013,0.000,0.006,0.005,0.006,0.000,0.003,0.032,0.014,0.005,0.013,0.000,0.000,0.001,0.000,0.901,0.901
TCGA-D1-A17K-01A,0.008,0.000,0.003,0.000,0.000,0.000,0.000,0.023,0.001,0.002,0.022,0.000,0.000,0.000,0.000,0.940,0.940
TCGA-D1-A17T-01A,0.011,0.000,0.005,0.002,0.001,0.000,0.014,0.034,0.011,0.001,0.023,0.000,0.003,0.000,0.000,0.897,0.897
TCGA-5B-A90C-01A,0.004,0.002,0.003,0.005,0.000,0.000,0.000,0.039,0.018,0.004,0.016,0.000,0.000,0.001,0.000,0.908,0.908
TCGA-A5-A0G1-01A,0.014,0.009,0.059,0.165,0.001,0.000,0.033,0.045,0.005,0.000,0.086,0.000,0.000,0.000,0.000,0.581,0.581
TCGA-DF-A2KZ-01A,0.014,0.000,0.003,0.000,0.002,0.000,0.000,0.032,0.059,0.004,0.020,0.000,0.000,0.001,0.001,0.863,0.863
TCGA-B5-A11P-01B,0.014,0.000,0.000,0.000,0.000,0.000,0.003,0.020,0.001,0.000,0.008,0.000,0.000,0.002,0.000,0.951,0.951
TCGA-A5-A0GW-01A,0.040,0.001,0.033,0.011,0.018,0.000,0.016,0.067,0.120,0.004,0.050,0.000,0.000,0.000,0.000,0.638,0.638
TCGA-D1-A160-01A,0.009,0.000,0.008,0.005,0.001,0.000,0.006,0.033,0.011,0.012,0.029,0.000,0.000,0.000,0.000,0.886,0.886
TCGA-A5-A3LP-01A,0.000,0.000,0.001,0.002,0.007,0.000,0.000,0.034,0.009,0.004,0.059,0.000,0.000,0.000,0.000,0.883,0.883
TCGA-AX-A2HA-01A,0.008,0.000,0.000,0.003,0.000,0.000,0.007,0.027,0.001,0.000,0.000,0.002,0.000,0.000,0.000,0.951,0.951
TCGA-EY-A1GH-01A,0.001,0.000,0.000,0.000,0.000,0.001,0.009,0.032,0.009,0.000,0.027,0.000,0.000,0.000,0.000,0.921,0.921
TCGA-AJ-A3EL-01A,0.035,0.003,0.010,0.029,0.011,0.000,0.000,0.033,0.060,0.003,0.026,0.000,0.000,0.000,0.000,0.789,0.789
TCGA-EY-A3QX-01A,0.009,0.000,0.005,0.002,0.005,0.000,0.000,0.025,0.009,0.012,0.035,0.000,0.003,0.001,0.000,0.893,0.893
TCGA-B5-A11F-01A,0.008,0.000,0.002,0.001,0.000,0.000,0.006,0.042,0.046,0.000,0.009,0.000,0.000,0.000,0.000,0.886,0.886
TCGA-EY-A1GX-01A,0.015,0.000,0.000,0.000,0.000,0.000,0.000,0.027,0.000,0.000,0.000,0.000,0.000,0.001,0.000,0.956,0.956
TCGA-D1-A15V-01A,0.000,0.000,0.005,0.005,0.010,0.000,0.004,0.050,0.013,0.000,0.019,0.000,0.000,0.002,0.000,0.892,0.892
TCGA-AP-A0LO-01A,0.004,0.000,0.000,0.001,0.000,0.004,0.007,0.021,0.027,0.004,0.004,0.000,0.000,0.000,0.000,0.927,0.927
TCGA-D1-A1NX-01A,0.005,0.000,0.001,0.004,0.000,0.000,0.010,0.037,0.022,0.010,0.015,0.000,0.001,0.000,0.000,0.894,0.894
TCGA-B5-A0JV-01A,0.007,0.000,0.003,0.004,0.000,0.000,0.005,0.027,0.010,0.010,0.009,0.000,0.000,0.000,0.000,0.925,0.925
TCGA-AP-A5FX-01A,0.035,0.001,0.002,0.005,0.008,0.000,0.003,0.028,0.000,0.010,0.020,0.000,0.000,0.001,0.000,0.887,0.887
TCGA-AJ-A3EK-01A,0.020,0.000,0.020,0.019,0.009,0.000,0.000,0.030,0.042,0.007,0.090,0.000,0.000,0.002,0.000,0.759,0.759
TCGA-AX-A1C8-01A,0.009,0.000,0.000,0.001,0.000,0.000,0.000,0.013,0.027,0.010,0.019,0.000,0.003,0.000,0.000,0.917,0.917
TCGA-AX-A0IU-01A,0.016,0.000,0.000,0.003,0.000,0.001,0.000,0.033,0.016,0.001,0.009,0.001,0.004,0.001,0.000,0.913,0.913
TCGA-A5-A0R6-01A,0.001,0.000,0.003,0.001,0.002,0.000,0.006,0.061,0.045,0.019,0.011,0.000,0.002,0.000,0.000,0.850,0.850
TCGA-BG-A0LX-01A,0.006,0.000,0.006,0.012,0.002,0.000,0.012,0.055,0.088,0.017,0.011,0.000,0.000,0.000,0.000,0.790,0.790
TCGA-B5-A11E-01A,0.011,0.000,0.005,0.005,0.011,0.000,0.004,0.029,0.023,0.003,0.010,0.000,0.000,0.002,0.000,0.896,0.896
TCGA-BG-A0W1-01A,0.008,0.000,0.000,0.000,0.000,0.000,0.000,0.046,0.000,0.006,0.026,0.000,0.007,0.000,0.000,0.906,0.906
TCGA-AP-A05N-01A,0.009,0.000,0.000,0.002,0.000,0.000,0.001,0.036,0.057,0.017,0.007,0.000,0.000,0.000,0.000,0.871,0.871
TCGA-BS-A0U5-01A,0.007,0.001,0.000,0.003,0.001,0.000,0.010,0.037,0.031,0.000,0.004,0.000,0.000,0.000,0.000,0.904,0.904
TCGA-QF-A5YT-01A,0.009,0.000,0.000,0.003,0.002,0.000,0.001,0.036,0.024,0.001,0.006,0.000,0.000,0.001,0.000,0.916,0.916
TCGA-AJ-A5DV-01A,0.023,0.000,0.002,0.000,0.000,0.000,0.014,0.030,0.000,0.000,0.060,0.000,0.000,0.007,0.000,0.863,0.863
TCGA-AX-A3G3-01A,0.011,0.000,0.020,0.034,0.007,0.000,0.017,0.034,0.025,0.013,0.124,0.000,0.000,0.000,0.000,0.713,0.713
TCGA-EY-A210-01A,0.022,0.011,0.029,0.003,0.015,0.000,0.022,0.018,0.022,0.007,0.076,0.000,0.008,0.000,0.001,0.766,0.766
TCGA-EY-A1GO-01A,0.006,0.000,0.000,0.001,0.000,0.000,0.000,0.022,0.010,0.000,0.000,0.000,0.000,0.000,0.000,0.961,0.961
TCGA-QS-A8F1-01A,0.025,0.000,0.001,0.004,0.000,0.000,0.000,0.021,0.046,0.005,0.020,0.000,0.001,0.001,0.000,0.877,0.877
TCGA-AJ-A2QK-01A,0.030,0.011,0.023,0.019,0.018,0.002,0.012,0.055,0.085,0.012,0.039,0.001,0.000,0.003,0.000,0.690,0.690
TCGA-AJ-A3BI-01A,0.026,0.000,0.005,0.003,0.000,0.000,0.001,0.021,0.000,0.004,0.022,0.000,0.002,0.000,0.000,0.914,0.914
TCGA-BK-A0CA-01A,0.008,0.000,0.002,0.010,0.001,0.003,0.010,0.067,0.027,0.001,0.055,0.000,0.000,0.025,0.000,0.790,0.790
TCGA-AX-A064-01A,0.000,0.000,0.000,0.000,0.000,0.000,0.006,0.027,0.020,0.001,0.015,0.000,0.000,0.001,0.000,0.930,0.930
TCGA-AP-A053-01A,0.009,0.000,0.002,0.005,0.001,0.000,0.007,0.034,0.018,0.004,0.005,0.000,0.000,0.000,0.000,0.914,0.914
TCGA-DI-A1NO-01A,0.001,0.001,0.000,0.002,0.001,0.000,0.000,0.015,0.000,0.009,0.006,0.000,0.000,0.001,0.000,0.964,0.964
TCGA-FI-A3PX-01A,0.005,0.000,0.000,0.001,0.001,0.000,0.000,0.034,0.003,0.010,0.000,0.000,0.000,0.000,0.000,0.945,0.945
TCGA-BS-A0V4-01A,0.018,0.000,0.001,0.000,0.000,0.000,0.000,0.042,0.009,0.013,0.000,0.000,0.000,0.000,0.000,0.916,0.916
TCGA-AP-A1DQ-01A,0.000,0.001,0.006,0.003,0.022,0.000,0.012,0.070,0.074,0.002,0.017,0.000,0.000,0.000,0.000,0.791,0.791
TCGA-AP-A1E0-01A,0.000,0.000,0.006,0.004,0.000,0.000,0.005,0.040,0.048,0.001,0.000,0.000,0.000,0.000,0.000,0.897,0.897
TCGA-A5-A0GM-01A,0.011,0.000,0.000,0.002,0.000,0.000,0.003,0.044,0.033,0.016,0.004,0.000,0.000,0.000,0.000,0.887,0.887
TCGA-AX-A0J0-01A,0.000,0.000,0.005,0.003,0.001,0.000,0.001,0.015,0.022,0.000,0.018,0.000,0.000,0.000,0.000,0.935,0.935
TCGA-BS-A0VI-01A,0.001,0.000,0.000,0.000,0.000,0.000,0.000,0.021,0.120,0.022,0.000,0.000,0.000,0.000,0.000,0.837,0.837
TCGA-FI-A3PV-01A,0.002,0.000,0.000,0.000,0.000,0.000,0.000,0.027,0.010,0.000,0.006,0.000,0.000,0.000,0.000,0.953,0.953
TCGA-D1-A17N-01A,0.013,0.000,0.019,0.003,0.008,0.000,0.021,0.093,0.132,0.041,0.031,0.000,0.005,0.000,0.000,0.633,0.633
TCGA-PG-A916-01A,0.022,0.000,0.001,0.003,0.000,0.000,0.005,0.037,0.009,0.000,0.015,0.000,0.000,0.000,0.000,0.907,0.907
TCGA-BS-A0U9-01B,0.004,0.000,0.001,0.006,0.000,0.000,0.001,0.019,0.013,0.012,0.013,0.000,0.000,0.002,0.000,0.929,0.929
TCGA-BG-A0VZ-01A,0.007,0.001,0.011,0.021,0.011,0.000,0.017,0.065,0.027,0.012,0.024,0.000,0.000,0.001,0.000,0.802,0.802
TCGA-BG-A0M9-01A,0.011,0.000,0.000,0.000,0.000,0.000,0.005,0.035,0.012,0.007,0.009,0.000,0.000,0.001,0.000,0.920,0.920
TCGA-AP-A0LM-01A,0.006,0.031,0.020,0.008,0.012,0.000,0.001,0.125,0.227,0.058,0.020,0.000,0.000,0.003,0.000,0.488,0.488
TCGA-D1-A101-01A,0.009,0.000,0.021,0.024,0.003,0.000,0.011,0.104,0.095,0.045,0.024,0.000,0.000,0.001,0.000,0.662,0.662
TCGA-EC-A24G-01A,0.010,0.000,0.014,0.009,0.011,0.000,0.011,0.065,0.076,0.016,0.031,0.000,0.000,0.000,0.000,0.755,0.755
TCGA-AJ-A3EM-01A,0.000,0.000,0.000,0.000,0.000,0.000,0.000,0.039,0.026,0.014,0.002,0.000,0.000,0.000,0.000,0.919,0.919
TCGA-AJ-A3NG-01A,0.006,0.001,0.003,0.000,0.007,0.000,0.002,0.052,0.039,0.014,0.005,0.000,0.000,0.003,0.001,0.864,0.864
TCGA-A5-A7WK-01A,0.001,0.000,0.000,0.001,0.000,0.000,0.000,0.043,0.008,0.000,0.024,0.000,0.001,0.000,0.000,0.921,0.921
TCGA-B5-A0K2-01A,0.028,0.001,0.012,0.001,0.004,0.000,0.008,0.022,0.020,0.000,0.093,0.000,0.005,0.000,0.000,0.807,0.807
TCGA-BG-A0MI-01A,0.004,0.000,0.002,0.005,0.000,0.000,0.007,0.042,0.013,0.001,0.050,0.000,0.003,0.000,0.000,0.873,0.873
TCGA-BG-A18C-01A,0.007,0.000,0.005,0.001,0.001,0.000,0.000,0.043,0.017,0.007,0.020,0.000,0.003,0.002,0.000,0.893,0.893
TCGA-AX-A05S-01A,0.008,0.000,0.000,0.000,0.001,0.000,0.008,0.064,0.022,0.011,0.030,0.000,0.004,0.003,0.000,0.848,0.848
TCGA-BG-A0W2-01A,0.014,0.000,0.004,0.000,0.001,0.000,0.007,0.049,0.086,0.000,0.025,0.000,0.002,0.000,0.000,0.810,0.810
TCGA-AP-A0LD-01A,0.013,0.000,0.003,0.003,0.000,0.000,0.002,0.030,0.037,0.018,0.005,0.000,0.000,0.000,0.000,0.889,0.889
TCGA-AX-A2HG-01A,0.001,0.000,0.001,0.016,0.000,0.000,0.001,0.022,0.010,0.005,0.015,0.000,0.000,0.000,0.000,0.928,0.928
TCGA-H5-A2HR-01A,0.000,0.000,0.001,0.004,0.000,0.004,0.000,0.011,0.001,0.002,0.039,0.000,0.000,0.001,0.000,0.938,0.938
TCGA-D1-A169-01A,0.017,0.000,0.016,0.008,0.002,0.000,0.012,0.035,0.048,0.010,0.079,0.000,0.001,0.000,0.000,0.772,0.772
TCGA-EC-A1NJ-01A,0.057,0.000,0.009,0.027,0.002,0.000,0.006,0.087,0.043,0.013,0.032,0.000,0.000,0.000,0.000,0.723,0.723
TCGA-AJ-A23M-01A,0.006,0.004,0.007,0.003,0.007,0.000,0.020,0.056,0.039,0.016,0.018,0.000,0.000,0.007,0.000,0.818,0.818
TCGA-AX-A1CC-01A,0.001,0.013,0.040,0.003,0.039,0.001,0.048,0.151,0.203,0.082,0.045,0.001,0.000,0.014,0.001,0.358,0.358
TCGA-SL-A6J9-01A,0.020,0.001,0.011,0.026,0.010,0.000,0.006,0.015,0.002,0.001,0.124,0.000,0.000,0.000,0.000,0.782,0.782
TCGA-D1-A16O-01A,0.002,0.000,0.000,0.000,0.000,0.000,0.000,0.042,0.020,0.001,0.004,0.000,0.000,0.000,0.000,0.931,0.931
TCGA-FI-A2D5-01A,0.012,0.000,0.003,0.000,0.002,0.000,0.000,0.030,0.043,0.014,0.037,0.000,0.000,0.000,0.000,0.858,0.858
TCGA-D1-A167-01A,0.000,0.000,0.000,0.005,0.001,0.000,0.002,0.027,0.000,0.000,0.000,0.000,0.000,0.001,0.000,0.965,0.965
TCGA-EO-A3AU-01A,0.000,0.000,0.009,0.012,0.005,0.000,0.010,0.041,0.046,0.008,0.017,0.000,0.000,0.003,0.001,0.847,0.847
TCGA-EY-A214-01A,0.022,0.000,0.001,0.001,0.000,0.000,0.005,0.050,0.010,0.009,0.033,0.000,0.000,0.020,0.000,0.848,0.848
TCGA-D1-A17Q-01A,0.001,0.000,0.002,0.004,0.001,0.000,0.000,0.056,0.021,0.001,0.010,0.000,0.000,0.002,0.000,0.904,0.904
TCGA-A5-A0GH-01A,0.003,0.000,0.000,0.009,0.005,0.000,0.000,0.020,0.018,0.013,0.008,0.000,0.000,0.000,0.000,0.924,0.924
TCGA-AX-A2HJ-01A,0.001,0.000,0.005,0.004,0.001,0.000,0.007,0.066,0.077,0.019,0.018,0.000,0.002,0.000,0.000,0.801,0.801
TCGA-QF-A5YS-01A,0.013,0.000,0.008,0.005,0.000,0.000,0.018,0.030,0.007,0.000,0.019,0.000,0.004,0.001,0.000,0.895,0.895
TCGA-AX-A05Y-01A,0.009,0.000,0.000,0.002,0.001,0.000,0.006,0.025,0.018,0.001,0.012,0.000,0.000,0.000,0.000,0.925,0.925
TCGA-DF-A2KY-01A,0.023,0.000,0.004,0.000,0.013,0.000,0.000,0.027,0.006,0.009,0.059,0.000,0.004,0.000,0.000,0.853,0.853
TCGA-FI-A2F4-01A,0.007,0.000,0.005,0.026,0.007,0.000,0.001,0.029,0.001,0.000,0.073,0.000,0.000,0.000,0.000,0.851,0.851
TCGA-AX-A3G7-01A,0.000,0.001,0.000,0.000,0.000,0.000,0.010,0.034,0.006,0.005,0.043,0.000,0.000,0.000,0.000,0.900,0.900
TCGA-BS-A0UV-01A,0.008,0.000,0.009,0.008,0.011,0.000,0.000,0.029,0.019,0.007,0.023,0.000,0.000,0.002,0.000,0.883,0.883
TCGA-DF-A2KS-01A,0.030,0.000,0.007,0.026,0.000,0.000,0.001,0.023,0.006,0.002,0.025,0.000,0.000,0.000,0.000,0.880,0.880
TCGA-AP-A05J-01A,0.000,0.000,0.000,0.000,0.000,0.000,0.000,0.009,0.007,0.003,0.008,0.000,0.000,0.000,0.000,0.972,0.972
TCGA-AJ-A8CW-01A,0.011,0.000,0.008,0.011,0.000,0.000,0.001,0.038,0.032,0.003,0.033,0.000,0.000,0.000,0.000,0.863,0.863
TCGA-A5-A1OF-01A,0.024,0.000,0.022,0.023,0.018,0.000,0.006,0.016,0.001,0.003,0.107,0.000,0.000,0.001,0.000,0.779,0.779
TCGA-AX-A1C5-01A,0.001,0.000,0.000,0.006,0.000,0.000,0.005,0.022,0.014,0.001,0.008,0.000,0.000,0.001,0.000,0.941,0.941
TCGA-D1-A176-01A,0.014,0.000,0.004,0.005,0.001,0.000,0.007,0.027,0.008,0.000,0.025,0.000,0.000,0.000,0.000,0.907,0.907
TCGA-AJ-A3BG-01A,0.014,0.000,0.001,0.001,0.003,0.000,0.000,0.018,0.000,0.004,0.020,0.000,0.000,0.000,0.000,0.938,0.938
TCGA-AX-A3FT-01A,0.013,0.000,0.001,0.062,0.020,0.000,0.007,0.037,0.016,0.010,0.043,0.000,0.002,0.000,0.000,0.788,0.788
TCGA-BG-A2AE-01A,0.005,0.000,0.013,0.010,0.018,0.000,0.013,0.046,0.000,0.011,0.039,0.000,0.000,0.003,0.000,0.842,0.842
TCGA-5S-A9Q8-01A,0.011,0.000,0.001,0.002,0.003,0.000,0.002,0.021,0.015,0.006,0.004,0.000,0.000,0.000,0.000,0.935,0.935
TCGA-AP-A0LS-01A,0.014,0.000,0.001,0.004,0.000,0.000,0.000,0.012,0.010,0.000,0.006,0.000,0.000,0.000,0.000,0.953,0.953
TCGA-D1-A1O5-01A,0.011,0.000,0.002,0.000,0.000,0.000,0.005,0.041,0.017,0.000,0.048,0.000,0.000,0.000,0.000,0.876,0.876
TCGA-EY-A2OQ-01A,0.000,0.001,0.001,0.003,0.002,0.000,0.003,0.026,0.035,0.000,0.018,0.000,0.004,0.000,0.000,0.905,0.905
TCGA-PG-A915-01A,0.000,0.004,0.001,0.005,0.001,0.000,0.000,0.025,0.010,0.001,0.013,0.000,0.001,0.000,0.000,0.938,0.938
TCGA-PG-A5BC-01A,0.006,0.002,0.000,0.000,0.005,0.000,0.004,0.075,0.080,0.021,0.005,0.000,0.000,0.000,0.000,0.801,0.801
TCGA-E6-A1M0-01A,0.000,0.000,0.005,0.004,0.004,0.000,0.003,0.017,0.028,0.000,0.012,0.000,0.000,0.000,0.000,0.926,0.926
TCGA-AJ-A3NH-01A,0.007,0.000,0.001,0.000,0.007,0.000,0.005,0.030,0.050,0.001,0.012,0.000,0.000,0.001,0.000,0.885,0.885
TCGA-EO-A1Y7-01A,0.020,0.000,0.001,0.004,0.003,0.000,0.000,0.008,0.000,0.000,0.013,0.000,0.000,0.000,0.000,0.951,0.951
TCGA-B5-A11S-01A,0.008,0.000,0.004,0.000,0.000,0.000,0.004,0.052,0.033,0.000,0.030,0.000,0.001,0.000,0.000,0.867,0.867
TCGA-AP-A059-01A,0.024,0.007,0.028,0.074,0.034,0.000,0.025,0.042,0.024,0.009,0.082,0.000,0.000,0.000,0.001,0.650,0.650
TCGA-PG-A6IB-01A,0.020,0.000,0.001,0.055,0.015,0.000,0.008,0.023,0.032,0.014,0.102,0.000,0.001,0.000,0.000,0.729,0.729
TCGA-BG-A0M4-01A,0.000,0.000,0.001,0.000,0.000,0.000,0.000,0.035,0.008,0.010,0.084,0.000,0.000,0.001,0.000,0.859,0.859
TCGA-AX-A1CJ-01A,0.026,0.000,0.001,0.000,0.000,0.002,0.002,0.025,0.008,0.000,0.057,0.000,0.006,0.000,0.000,0.873,0.873
TCGA-AX-A2H4-01A,0.038,0.000,0.005,0.016,0.023,0.000,0.001,0.052,0.012,0.005,0.123,0.000,0.000,0.001,0.000,0.724,0.724
TCGA-BS-A0TI-01A,0.020,0.000,0.005,0.007,0.004,0.000,0.005,0.042,0.027,0.007,0.055,0.000,0.004,0.000,0.000,0.824,0.824
TCGA-AX-A3G8-01A,0.009,0.000,0.002,0.000,0.000,0.000,0.002,0.012,0.000,0.000,0.001,0.000,0.000,0.000,0.000,0.975,0.975
TCGA-A5-A0G9-01A,0.014,0.000,0.002,0.001,0.000,0.000,0.006,0.019,0.010,0.004,0.049,0.000,0.003,0.000,0.000,0.892,0.892
TCGA-BG-A0MG-01A,0.000,0.000,0.000,0.002,0.000,0.000,0.030,0.031,0.005,0.000,0.019,0.000,0.001,0.001,0.000,0.911,0.911
TCGA-B5-A0K4-01A,0.006,0.000,0.001,0.000,0.001,0.000,0.001,0.034,0.000,0.018,0.013,0.000,0.000,0.000,0.000,0.926,0.926
TCGA-D1-A163-01A,0.008,0.000,0.008,0.010,0.010,0.000,0.007,0.039,0.047,0.007,0.020,0.000,0.000,0.002,0.000,0.843,0.843
TCGA-B5-A3FA-01A,0.018,0.000,0.005,0.003,0.006,0.000,0.006,0.040,0.007,0.001,0.020,0.000,0.000,0.001,0.000,0.892,0.892
TCGA-AP-A1DV-01A,0.009,0.000,0.005,0.003,0.000,0.000,0.000,0.012,0.010,0.000,0.012,0.000,0.000,0.000,0.000,0.950,0.950
TCGA-BG-A0MT-01A,0.009,0.000,0.002,0.000,0.000,0.000,0.001,0.035,0.019,0.000,0.105,0.000,0.001,0.000,0.000,0.828,0.828
TCGA-E6-A2P8-01A,0.008,0.000,0.012,0.010,0.015,0.000,0.010,0.040,0.092,0.005,0.082,0.000,0.000,0.000,0.000,0.725,0.725
TCGA-4E-A92E-01A,0.010,0.000,0.019,0.011,0.016,0.000,0.002,0.057,0.057,0.001,0.059,0.000,0.000,0.010,0.000,0.757,0.757
TCGA-AP-A1DK-01A,0.021,0.029,0.024,0.018,0.033,0.000,0.012,0.041,0.091,0.025,0.022,0.000,0.001,0.005,0.001,0.678,0.678
TCGA-AP-A05P-01A,0.005,0.000,0.003,0.000,0.000,0.000,0.010,0.057,0.078,0.000,0.010,0.000,0.004,0.000,0.000,0.832,0.832
TCGA-FI-A2EX-01A,0.008,0.000,0.000,0.002,0.000,0.000,0.005,0.020,0.015,0.000,0.019,0.000,0.000,0.000,0.000,0.931,0.931
TCGA-AP-A05A-01A,0.005,0.000,0.000,0.002,0.000,0.000,0.002,0.006,0.014,0.001,0.001,0.000,0.000,0.000,0.000,0.969,0.969
TCGA-EY-A1GE-01A,0.024,0.000,0.008,0.008,0.012,0.000,0.008,0.066,0.036,0.014,0.052,0.005,0.002,0.009,0.000,0.756,0.756
TCGA-A5-A7WJ-01A,0.000,0.000,0.000,0.002,0.000,0.000,0.000,0.027,0.000,0.001,0.003,0.000,0.000,0.001,0.000,0.965,0.965
