,Plasma B cells,Non-plasma B cells,CD4 T,CD8 T effector,CD8 T (GZMK high),Double-neg-like T,DC,Endothelial Cells,CAFs,Myofibroblasts,Macrophages,Mast Cells,NK,Neutrophils,Monocytes,1-others,Cancer Cells
TCGA-C8-A278-01A,0.057,0.006,0.027,0.002,0.023,0.000,0.001,0.044,0.141,0.004,0.147,0.010,0.000,0.001,0.001,0.536,0.536
TCGA-A7-A425-01A,0.001,0.000,0.007,0.000,0.007,0.000,0.015,0.085,0.179,0.034,0.095,0.002,0.005,0.005,0.000,0.564,0.564
TCGA-E2-A15H-01A,0.011,0.000,0.001,0.006,0.000,0.000,0.001,0.025,0.160,0.005,0.026,0.000,0.000,0.001,0.000,0.763,0.763
TCGA-A8-A06N-01A,0.000,0.000,0.000,0.001,0.000,0.000,0.000,0.016,0.000,0.007,0.032,0.000,0.000,0.003,0.000,0.940,0.940
TCGA-E2-A570-01A,0.003,0.000,0.006,0.001,0.003,0.000,0.000,0.045,0.300,0.014,0.038,0.004,0.000,0.002,0.000,0.584,0.584
TCGA-BH-A1FL-01A,0.001,0.012,0.007,0.000,0.011,0.000,0.000,0.069,0.145,0.017,0.035,0.007,0.000,0.008,0.000,0.690,0.690
TCGA-E2-A56Z-01A,0.008,0.000,0.006,0.004,0.000,0.000,0.000,0.034,0.064,0.023,0.015,0.000,0.000,0.000,0.000,0.845,0.845
TCGA-E9-A1RI-01A,0.005,0.000,0.008,0.001,0.007,0.000,0.000,0.040,0.334,0.008,0.089,0.007,0.000,0.004,0.000,0.497,0.497
TCGA-BH-A0DP-01A,0.005,0.003,0.016,0.001,0.017,0.000,0.020,0.065,0.275,0.009,0.085,0.005,0.000,0.005,0.000,0.492,0.492
TCGA-AR-A0U3-01A,0.001,0.000,0.009,0.007,0.000,0.000,0.009,0.034,0.050,0.004,0.044,0.000,0.000,0.003,0.000,0.838,0.838
TCGA-BH-A18L-01A,0.000,0.000,0.002,0.000,0.003,0.000,0.000,0.044,0.004,0.020,0.042,0.000,0.000,0.001,0.000,0.884,0.884
TCGA-A7-A3J1-01A,0.008,0.023,0.028,0.023,0.033,0.001,0.045,0.102,0.195,0.026,0.084,0.002,0.001,0.016,0.001,0.411,0.411
TCGA-AC-A6IW-01A,0.000,0.010,0.038,0.003,0.016,0.000,0.100,0.022,0.031,0.003,0.189,0.000,0.000,0.000,0.000,0.587,0.587
TCGA-AC-A3YI-01A,0.001,0.000,0.006,0.000,0.012,0.000,0.018,0.119,0.347,0.020,0.035,0.006,0.000,0.011,0.007,0.418,0.418
TCGA-D8-A1XG-01A,0.000,0.000,0.002,0.000,0.000,0.000,0.001,0.024,0.137,0.040,0.066,0.000,0.000,0.008,0.000,0.721,0.721
TCGA-A8-A082-01A,0.000,0.000,0.004,0.000,0.000,0.000,0.000,0.033,0.126,0.012,0.111,0.001,0.000,0.001,0.000,0.712,0.712
TCGA-OL-A5RU-01A,0.050,0.038,0.030,0.003,0.036,0.001,0.051,0.070,0.139,0.026,0.035,0.002,0.001,0.009,0.000,0.511,0.511
TCGA-BH-A0HA-01A,0.012,0.000,0.032,0.001,0.011,0.000,0.025,0.074,0.290,0.019,0.048,0.003,0.000,0.001,0.000,0.483,0.483
TCGA-A2-A3XS-01A,0.009,0.013,0.019,0.001,0.012,0.000,0.026,0.062,0.112,0.019,0.030,0.000,0.001,0.002,0.000,0.693,0.693
TCGA-A2-A0ES-01A,0.001,0.000,0.012,0.001,0.012,0.000,0.027,0.116,0.249,0.048,0.050,0.005,0.000,0.010,0.000,0.467,0.467
TCGA-B6-A0RN-01A,0.000,0.001,0.004,0.000,0.004,0.000,0.003,0.029,0.329,0.000,0.021,0.002,0.000,0.001,0.000,0.606,0.606
TCGA-BH-A2L8-01A,0.008,0.017,0.047,0.020,0.039,0.000,0.055,0.042,0.231,0.009,0.100,0.007,0.001,0.003,0.001,0.422,0.422
TCGA-E2-A108-01A,0.010,0.012,0.040,0.010,0.057,0.001,0.047,0.127,0.251,0.048,0.157,0.010,0.001,0.012,0.002,0.216,0.216
TCGA-AN-A046-01A,0.000,0.000,0.014,0.001,0.018,0.000,0.010,0.027,0.184,0.008,0.088,0.000,0.000,0.000,0.000,0.649,0.649
TCGA-E2-A576-01A,0.013,0.000,0.005,0.006,0.005,0.000,0.002,0.038,0.088,0.017,0.018,0.001,0.000,0.000,0.000,0.807,0.807
TCGA-A2-A3XX-01A,0.016,0.014,0.020,0.001,0.012,0.000,0.012,0.047,0.091,0.027,0.048,0.000,0.001,0.002,0.000,0.708,0.708
TCGA-C8-A137-01A,0.000,0.000,0.001,0.000,0.002,0.000,0.000,0.027,0.133,0.000,0.019,0.000,0.000,0.000,0.000,0.817,0.817
TCGA-A7-A4SC-01A,0.006,0.001,0.009,0.001,0.022,0.000,0.018,0.101,0.236,0.034,0.046,0.007,0.000,0.010,0.000,0.508,0.508
TCGA-E2-A15M-01A,0.004,0.018,0.042,0.008,0.036,0.001,0.038,0.121,0.210,0.021,0.129,0.002,0.000,0.012,0.001,0.357,0.357
TCGA-A8-A08I-01A,0.031,0.000,0.024,0.062,0.063,0.000,0.029,0.015,0.052,0.001,0.192,0.000,0.000,0.011,0.000,0.520,0.520
TCGA-AC-A2FF-01A,0.019,0.014,0.026,0.003,0.026,0.001,0.037,0.132,0.292,0.044,0.070,0.009,0.000,0.007,0.001,0.321,0.321
TCGA-E2-A1L6-01A,0.001,0.002,0.009,0.005,0.007,0.000,0.022,0.063,0.200,0.018,0.062,0.004,0.000,0.009,0.000,0.598,0.598
TCGA-A7-A13E-01B,0.014,0.053,0.008,0.025,0.021,0.058,0.029,0.072,0.174,0.023,0.090,0.008,0.001,0.036,0.004,0.383,0.383
TCGA-AR-A24S-01A,0.000,0.001,0.020,0.014,0.001,0.001,0.011,0.064,0.222,0.019,0.225,0.000,0.000,0.005,0.000,0.417,0.417
TCGA-E2-A155-01A,0.003,0.000,0.000,0.001,0.000,0.000,0.000,0.018,0.038,0.010,0.010,0.000,0.000,0.001,0.002,0.917,0.917
TCGA-C8-A12M-01A,0.011,0.000,0.007,0.000,0.015,0.000,0.000,0.083,0.016,0.031,0.012,0.002,0.000,0.003,0.000,0.820,0.820
TCGA-E2-A14W-01A,0.001,0.000,0.000,0.000,0.000,0.000,0.000,0.005,0.086,0.000,0.014,0.000,0.000,0.000,0.000,0.894,0.894
TCGA-B6-A0RQ-01A,0.000,0.000,0.003,0.000,0.005,0.000,0.009,0.079,0.131,0.031,0.020,0.002,0.003,0.002,0.000,0.715,0.715
TCGA-EW-A1IW-01A,0.000,0.008,0.019,0.001,0.022,0.000,0.021,0.070,0.189,0.030,0.054,0.003,0.000,0.009,0.000,0.573,0.573
TCGA-A1-A0SM-01A,0.000,0.000,0.005,0.000,0.000,0.000,0.000,0.039,0.287,0.007,0.078,0.004,0.000,0.003,0.000,0.575,0.575
TCGA-E9-A1R6-01A,0.002,0.000,0.002,0.001,0.001,0.000,0.000,0.025,0.126,0.015,0.041,0.000,0.000,0.002,0.000,0.785,0.785
TCGA-A2-A0CQ-01A,0.000,0.000,0.002,0.000,0.000,0.000,0.000,0.024,0.075,0.009,0.118,0.000,0.000,0.000,0.000,0.771,0.771
TCGA-OL-A5D7-01A,0.007,0.032,0.034,0.037,0.035,0.000,0.032,0.021,0.037,0.000,0.080,0.000,0.000,0.000,0.000,0.683,0.683
TCGA-D8-A143-01A,0.015,0.001,0.028,0.001,0.018,0.000,0.009,0.053,0.042,0.014,0.043,0.000,0.000,0.004,0.000,0.772,0.772
TCGA-C8-A138-01A,0.016,0.000,0.013,0.021,0.032,0.000,0.016,0.063,0.203,0.035,0.090,0.004,0.000,0.001,0.001,0.503,0.503
TCGA-E2-A14Q-01A,0.000,0.000,0.009,0.007,0.009,0.000,0.015,0.055,0.139,0.015,0.015,0.001,0.000,0.001,0.000,0.734,0.734
TCGA-A2-A0YL-01A,0.000,0.001,0.013,0.012,0.020,0.001,0.025,0.095,0.267,0.022,0.039,0.003,0.000,0.007,0.000,0.494,0.494
TCGA-PL-A8LY-01A,0.005,0.000,0.005,0.000,0.009,0.000,0.018,0.058,0.068,0.029,0.024,0.000,0.003,0.002,0.000,0.779,0.779
TCGA-GM-A2DK-01A,0.000,0.000,0.002,0.000,0.005,0.000,0.010,0.136,0.144,0.041,0.085,0.000,0.000,0.001,0.000,0.576,0.576
TCGA-B6-A0RO-01A,0.015,0.000,0.002,0.000,0.006,0.000,0.000,0.028,0.056,0.008,0.029,0.000,0.000,0.000,0.000,0.855,0.855
TCGA-D8-A142-01A,0.028,0.001,0.006,0.000,0.014,0.000,0.007,0.066,0.247,0.015,0.082,0.000,0.000,0.003,0.000,0.531,0.531
TCGA-C8-A8HP-01A,0.041,0.001,0.026,0.014,0.026,0.000,0.025,0.040,0.090,0.035,0.097,0.000,0.000,0.003,0.001,0.601,0.601
TCGA-E9-A24A-01A,0.000,0.000,0.011,0.000,0.009,0.000,0.000,0.055,0.192,0.009,0.227,0.003,0.000,0.006,0.000,0.488,0.488
TCGA-AO-A0JE-01A,0.016,0.000,0.039,0.002,0.037,0.000,0.016,0.058,0.267,0.010,0.107,0.000,0.000,0.006,0.005,0.437,0.437
TCGA-AR-A1AU-01A,0.008,0.000,0.004,0.003,0.003,0.000,0.000,0.066,0.250,0.031,0.040,0.007,0.000,0.006,0.000,0.582,0.582
TCGA-E9-A1QZ-01A,0.005,0.040,0.022,0.013,0.033,0.002,0.044,0.088,0.184,0.032,0.071,0.007,0.001,0.010,0.001,0.447,0.447
TCGA-AR-A1AQ-01A,0.062,0.014,0.037,0.027,0.019,0.000,0.049,0.036,0.116,0.005,0.102,0.000,0.000,0.002,0.000,0.530,0.530
TCGA-A2-A25A-01A,0.005,0.001,0.014,0.005,0.021,0.003,0.027,0.200,0.259,0.050,0.059,0.012,0.000,0.008,0.001,0.336,0.336
TCGA-E2-A10E-01A,0.000,0.000,0.009,0.001,0.013,0.000,0.016,0.041,0.174,0.013,0.039,0.000,0.000,0.009,0.000,0.685,0.685
TCGA-C8-A3M7-01A,0.023,0.000,0.008,0.000,0.016,0.000,0.007,0.224,0.126,0.123,0.027,0.008,0.000,0.003,0.000,0.433,0.433
TCGA-AQ-A1H3-01A,0.002,0.001,0.017,0.002,0.020,0.001,0.028,0.084,0.224,0.031,0.046,0.000,0.000,0.013,0.000,0.528,0.528
TCGA-E9-A247-01A,0.000,0.001,0.002,0.000,0.004,0.000,0.001,0.020,0.095,0.014,0.011,0.000,0.000,0.000,0.000,0.853,0.853
TCGA-AN-A0FF-01A,0.007,0.000,0.020,0.001,0.013,0.000,0.006,0.065,0.124,0.025,0.127,0.001,0.000,0.003,0.000,0.606,0.606
TCGA-A2-A0YH-01A,0.016,0.000,0.029,0.004,0.022,0.000,0.000,0.029,0.179,0.008,0.185,0.001,0.000,0.011,0.001,0.515,0.515
TCGA-E9-A1RH-01A,0.005,0.000,0.001,0.003,0.000,0.000,0.000,0.011,0.190,0.000,0.067,0.000,0.000,0.004,0.000,0.717,0.717
TCGA-AR-A2LE-01A,0.000,0.000,0.000,0.000,0.000,0.002,0.004,0.062,0.079,0.010,0.026,0.000,0.000,0.000,0.000,0.817,0.817
TCGA-E9-A1N3-01A,0.010,0.000,0.002,0.000,0.001,0.000,0.000,0.035,0.038,0.020,0.031,0.000,0.000,0.001,0.000,0.862,0.862
TCGA-MS-A51U-01A,0.015,0.000,0.011,0.013,0.020,0.001,0.020,0.077,0.287,0.021,0.037,0.000,0.000,0.007,0.000,0.492,0.492
TCGA-A8-A07F-01A,0.000,0.000,0.011,0.001,0.020,0.000,0.001,0.046,0.181,0.010,0.087,0.005,0.000,0.014,0.000,0.623,0.623
TCGA-A8-A08A-01A,0.000,0.000,0.011,0.001,0.006,0.000,0.024,0.028,0.166,0.001,0.113,0.000,0.000,0.002,0.000,0.648,0.648
TCGA-D8-A1JE-01A,0.000,0.000,0.006,0.000,0.009,0.000,0.000,0.032,0.303,0.000,0.145,0.001,0.000,0.004,0.000,0.499,0.499
TCGA-LL-A6FR-01A,0.000,0.000,0.001,0.000,0.000,0.000,0.000,0.015,0.243,0.000,0.040,0.000,0.001,0.001,0.000,0.699,0.699
TCGA-E9-A22D-01A,0.010,0.009,0.039,0.092,0.076,0.000,0.056,0.026,0.098,0.001,0.121,0.000,0.001,0.001,0.001,0.470,0.470
TCGA-A2-A0SX-01A,0.020,0.024,0.049,0.003,0.041,0.001,0.048,0.052,0.201,0.009,0.098,0.000,0.000,0.015,0.000,0.440,0.440
TCGA-EW-A1PH-01A,0.010,0.004,0.005,0.000,0.013,0.000,0.011,0.018,0.141,0.002,0.023,0.000,0.000,0.003,0.000,0.769,0.769
TCGA-AN-A0FK-01A,0.010,0.000,0.001,0.001,0.000,0.000,0.000,0.044,0.082,0.034,0.036,0.000,0.000,0.000,0.000,0.791,0.791
TCGA-A2-A0CX-01A,0.000,0.000,0.007,0.000,0.008,0.000,0.000,0.044,0.216,0.006,0.097,0.000,0.000,0.000,0.000,0.622,0.622
TCGA-E2-A158-01A,0.000,0.002,0.004,0.000,0.007,0.000,0.002,0.016,0.030,0.008,0.009,0.000,0.000,0.000,0.000,0.923,0.923
TCGA-D8-A1X6-01A,0.000,0.000,0.004,0.000,0.001,0.000,0.000,0.016,0.060,0.004,0.187,0.000,0.000,0.001,0.000,0.727,0.727
TCGA-EW-A1P7-01A,0.020,0.135,0.052,0.003,0.058,0.002,0.067,0.080,0.240,0.016,0.053,0.001,0.001,0.014,0.000,0.258,0.258
TCGA-B6-A0IG-01A,0.016,0.000,0.003,0.002,0.007,0.000,0.004,0.027,0.117,0.007,0.013,0.000,0.000,0.000,0.000,0.803,0.803
TCGA-A7-A4SA-01A,0.005,0.001,0.024,0.011,0.040,0.000,0.042,0.065,0.195,0.019,0.076,0.001,0.000,0.010,0.000,0.511,0.511
TCGA-D8-A1JP-01A,0.000,0.000,0.012,0.001,0.021,0.000,0.011,0.056,0.273,0.015,0.108,0.000,0.000,0.004,0.000,0.499,0.499
TCGA-C8-A1HN-01A,0.000,0.000,0.002,0.000,0.006,0.000,0.000,0.025,0.064,0.017,0.064,0.000,0.000,0.001,0.000,0.820,0.820
TCGA-D8-A1XK-01A,0.008,0.000,0.006,0.009,0.015,0.000,0.000,0.013,0.041,0.000,0.096,0.000,0.000,0.003,0.000,0.808,0.808
TCGA-E9-A22A-01A,0.002,0.000,0.020,0.001,0.021,0.000,0.004,0.046,0.367,0.013,0.115,0.004,0.000,0.001,0.001,0.404,0.404
TCGA-AO-A12H-01A,0.000,0.000,0.002,0.000,0.002,0.000,0.000,0.043,0.026,0.028,0.068,0.003,0.000,0.000,0.000,0.828,0.828
TCGA-D8-A1Y2-01A,0.013,0.005,0.024,0.000,0.029,0.000,0.000,0.043,0.286,0.004,0.262,0.002,0.000,0.001,0.001,0.330,0.330
TCGA-D8-A1XW-01A,0.004,0.000,0.015,0.001,0.004,0.000,0.005,0.076,0.094,0.038,0.237,0.000,0.000,0.005,0.000,0.521,0.521
TCGA-OL-A5RZ-01A,0.000,0.000,0.000,0.000,0.003,0.000,0.002,0.028,0.030,0.009,0.023,0.000,0.000,0.000,0.000,0.905,0.905
TCGA-BH-A42V-01A,0.012,0.005,0.019,0.002,0.015,0.001,0.035,0.121,0.213,0.039,0.029,0.005,0.002,0.003,0.000,0.498,0.498
TCGA-BH-A0B7-01A,0.008,0.014,0.023,0.010,0.026,0.001,0.030,0.101,0.184,0.019,0.078,0.003,0.000,0.012,0.003,0.489,0.489
TCGA-C8-A1HO-01A,0.018,0.000,0.002,0.003,0.002,0.000,0.000,0.030,0.074,0.005,0.021,0.000,0.000,0.001,0.000,0.844,0.844
TCGA-A8-A09A-01A,0.001,0.000,0.007,0.002,0.024,0.000,0.015,0.056,0.218,0.019,0.064,0.000,0.000,0.004,0.000,0.590,0.590
TCGA-AO-A129-01A,0.017,0.023,0.023,0.011,0.019,0.000,0.033,0.036,0.130,0.005,0.060,0.000,0.001,0.001,0.000,0.641,0.641
TCGA-AO-A03O-01A,0.007,0.000,0.016,0.016,0.016,0.000,0.005,0.025,0.053,0.007,0.054,0.000,0.000,0.002,0.001,0.799,0.799
TCGA-E2-A10A-01A,0.001,0.000,0.005,0.000,0.000,0.000,0.000,0.038,0.153,0.010,0.086,0.000,0.000,0.011,0.000,0.694,0.694
TCGA-A8-A09E-01A,0.001,0.000,0.001,0.000,0.000,0.000,0.000,0.028,0.072,0.006,0.022,0.000,0.000,0.000,0.000,0.870,0.870
TCGA-AC-A3YJ-01A,0.003,0.000,0.007,0.000,0.005,0.000,0.001,0.034,0.032,0.024,0.126,0.000,0.000,0.000,0.000,0.768,0.768
TCGA-EW-A1IX-01A,0.006,0.000,0.028,0.000,0.003,0.000,0.027,0.072,0.327,0.016,0.083,0.009,0.000,0.012,0.001,0.415,0.415
TCGA-A8-A09N-01A,0.001,0.000,0.005,0.006,0.014,0.000,0.000,0.031,0.120,0.003,0.037,0.007,0.000,0.002,0.000,0.773,0.773
TCGA-AO-A0J6-01A,0.000,0.000,0.005,0.036,0.005,0.000,0.007,0.008,0.029,0.000,0.058,0.000,0.000,0.002,0.000,0.849,0.849
TCGA-AN-A0FJ-01A,0.000,0.002,0.017,0.000,0.011,0.000,0.022,0.059,0.098,0.021,0.026,0.000,0.000,0.003,0.000,0.741,0.741
TCGA-BH-A1ES-01A,0.000,0.000,0.006,0.000,0.000,0.000,0.002,0.022,0.214,0.002,0.015,0.000,0.000,0.004,0.000,0.735,0.735
TCGA-BH-A0E1-01A,0.007,0.000,0.002,0.000,0.000,0.000,0.000,0.067,0.138,0.039,0.029,0.001,0.000,0.000,0.000,0.716,0.716
TCGA-4H-AAAK-01A,0.000,0.001,0.029,0.000,0.008,0.000,0.011,0.035,0.350,0.002,0.060,0.007,0.000,0.002,0.001,0.493,0.493
TCGA-EW-A6S9-01A,0.005,0.000,0.010,0.000,0.001,0.000,0.000,0.036,0.205,0.014,0.068,0.008,0.000,0.005,0.000,0.648,0.648
TCGA-D8-A1JM-01A,0.000,0.000,0.006,0.000,0.019,0.000,0.002,0.012,0.012,0.013,0.011,0.000,0.000,0.002,0.000,0.923,0.923
TCGA-A7-A4SF-01A,0.003,0.001,0.004,0.014,0.010,0.000,0.004,0.013,0.052,0.010,0.046,0.006,0.000,0.000,0.000,0.837,0.837
TCGA-A8-A08R-01A,0.023,0.004,0.021,0.001,0.029,0.000,0.001,0.047,0.144,0.011,0.136,0.000,0.000,0.010,0.001,0.572,0.572
TCGA-D8-A146-01A,0.009,0.015,0.014,0.002,0.012,0.000,0.022,0.072,0.291,0.018,0.078,0.015,0.000,0.009,0.001,0.443,0.443
TCGA-D8-A1X5-01A,0.017,0.000,0.003,0.001,0.002,0.000,0.000,0.022,0.179,0.003,0.141,0.001,0.000,0.004,0.000,0.628,0.628
TCGA-A2-A1FV-01A,0.000,0.000,0.000,0.000,0.000,0.000,0.000,0.084,0.130,0.031,0.012,0.009,0.000,0.004,0.000,0.730,0.730
TCGA-A2-A0CK-01A,0.003,0.000,0.005,0.000,0.015,0.000,0.012,0.091,0.205,0.026,0.045,0.000,0.000,0.001,0.000,0.597,0.597
TCGA-E2-A1IL-01A,0.005,0.000,0.004,0.000,0.008,0.000,0.001,0.067,0.209,0.025,0.054,0.000,0.000,0.014,0.000,0.612,0.612
TCGA-B6-A0X7-01A,0.001,0.000,0.004,0.000,0.002,0.000,0.002,0.097,0.255,0.021,0.025,0.006,0.000,0.002,0.000,0.584,0.584
TCGA-B6-A2IU-01A,0.002,0.000,0.002,0.000,0.001,0.000,0.006,0.058,0.076,0.031,0.027,0.001,0.000,0.002,0.000,0.795,0.795
TCGA-B6-A0WS-01A,0.010,0.005,0.045,0.002,0.031,0.000,0.043,0.059,0.208,0.011,0.060,0.000,0.001,0.009,0.000,0.516,0.516
TCGA-E2-A1IO-01A,0.005,0.001,0.028,0.003,0.037,0.000,0.039,0.068,0.339,0.009,0.042,0.003,0.000,0.013,0.001,0.412,0.412
TCGA-AC-A5EH-01A,0.000,0.000,0.011,0.000,0.012,0.000,0.000,0.035,0.233,0.007,0.109,0.000,0.000,0.001,0.000,0.592,0.592
TCGA-AC-A3BB-01A,0.009,0.015,0.033,0.007,0.027,0.002,0.056,0.096,0.278,0.026,0.075,0.005,0.002,0.006,0.001,0.363,0.363
TCGA-AR-A0TQ-01A,0.015,0.001,0.018,0.022,0.025,0.000,0.021,0.059,0.097,0.016,0.073,0.000,0.000,0.005,0.001,0.648,0.648
TCGA-D8-A1JK-01A,0.022,0.000,0.018,0.014,0.000,0.000,0.004,0.036,0.158,0.012,0.141,0.000,0.001,0.004,0.000,0.588,0.588
TCGA-D8-A1X7-01A,0.007,0.000,0.004,0.000,0.003,0.000,0.000,0.054,0.151,0.024,0.077,0.000,0.000,0.004,0.000,0.676,0.676
TCGA-AO-A1KQ-01A,0.007,0.003,0.004,0.019,0.031,0.000,0.006,0.023,0.113,0.009,0.045,0.001,0.000,0.000,0.000,0.737,0.737
TCGA-PL-A8LX-01A,0.004,0.000,0.004,0.000,0.001,0.000,0.000,0.064,0.009,0.053,0.092,0.000,0.000,0.000,0.000,0.773,0.773
TCGA-AR-A2LH-01A,0.015,0.020,0.037,0.004,0.025,0.001,0.060,0.117,0.121,0.032,0.057,0.001,0.002,0.012,0.001,0.496,0.496
TCGA-BH-A0B8-01A,0.000,0.000,0.001,0.000,0.004,0.000,0.001,0.037,0.140,0.018,0.036,0.005,0.000,0.001,0.000,0.756,0.756
TCGA-A2-A3KD-01A,0.022,0.000,0.005,0.000,0.005,0.000,0.001,0.065,0.149,0.018,0.063,0.001,0.000,0.002,0.000,0.669,0.669
TCGA-A2-A0D4-01A,0.000,0.000,0.000,0.001,0.000,0.000,0.000,0.059,0.022,0.040,0.021,0.000,0.000,0.000,0.000,0.857,0.857
TCGA-D8-A27R-01A,0.012,0.002,0.005,0.007,0.028,0.000,0.008,0.047,0.123,0.015,0.091,0.000,0.000,0.002,0.001,0.660,0.660
TCGA-E2-A1IE-01A,0.001,0.000,0.000,0.000,0.003,0.000,0.000,0.060,0.062,0.023,0.018,0.000,0.000,0.001,0.000,0.833,0.833
TCGA-EW-A1J3-01A,0.000,0.000,0.001,0.001,0.001,0.000,0.000,0.023,0.115,0.012,0.045,0.007,0.000,0.002,0.000,0.793,0.793
TCGA-BH-A18Q-01A,0.006,0.001,0.010,0.019,0.012,0.000,0.027,0.079,0.088,0.026,0.040,0.000,0.000,0.007,0.000,0.685,0.685
TCGA-B6-A1KI-01A,0.000,0.000,0.003,0.000,0.002,0.000,0.001,0.136,0.159,0.058,0.020,0.001,0.000,0.002,0.000,0.619,0.619
TCGA-A7-A26G-01A,0.018,0.010,0.029,0.002,0.022,0.000,0.031,0.074,0.296,0.001,0.103,0.002,0.000,0.013,0.001,0.398,0.398
TCGA-AO-A03M-01B,0.011,0.006,0.024,0.031,0.028,0.000,0.037,0.042,0.090,0.007,0.073,0.000,0.000,0.005,0.001,0.645,0.645
TCGA-A2-A0CS-01A,0.000,0.000,0.009,0.000,0.000,0.000,0.036,0.022,0.223,0.000,0.059,0.009,0.000,0.000,0.000,0.641,0.641
TCGA-C8-A12W-01A,0.038,0.000,0.008,0.002,0.014,0.000,0.000,0.041,0.217,0.009,0.129,0.000,0.000,0.004,0.000,0.537,0.537
TCGA-E2-A1IU-01A,0.017,0.013,0.012,0.000,0.010,0.000,0.005,0.057,0.086,0.018,0.057,0.003,0.000,0.006,0.000,0.714,0.714
TCGA-B6-A0I9-01A,0.014,0.000,0.003,0.000,0.008,0.000,0.000,0.026,0.054,0.006,0.050,0.000,0.000,0.004,0.000,0.833,0.833
TCGA-AO-A128-01A,0.022,0.010,0.041,0.133,0.050,0.000,0.033,0.035,0.062,0.001,0.238,0.001,0.001,0.024,0.000,0.350,0.350
TCGA-A7-A3J0-01A,0.010,0.001,0.023,0.000,0.015,0.000,0.007,0.028,0.016,0.033,0.048,0.000,0.000,0.001,0.000,0.817,0.817
TCGA-E9-A1NE-01A,0.011,0.022,0.028,0.054,0.066,0.000,0.060,0.079,0.197,0.012,0.074,0.002,0.001,0.016,0.001,0.376,0.376
TCGA-AC-A2FB-01A,0.006,0.023,0.047,0.004,0.063,0.001,0.106,0.101,0.154,0.019,0.045,0.012,0.001,0.015,0.001,0.405,0.405
TCGA-AR-A5QP-01A,0.013,0.000,0.014,0.001,0.010,0.000,0.022,0.066,0.244,0.017,0.046,0.000,0.000,0.003,0.000,0.563,0.563
TCGA-A2-A0T4-01A,0.001,0.000,0.013,0.002,0.017,0.000,0.024,0.094,0.281,0.023,0.090,0.015,0.000,0.003,0.001,0.436,0.436
TCGA-BH-A0BL-01A,0.002,0.010,0.035,0.013,0.021,0.000,0.040,0.076,0.278,0.037,0.098,0.000,0.000,0.016,0.001,0.372,0.372
TCGA-BH-A0HY-01A,0.000,0.000,0.001,0.000,0.001,0.000,0.000,0.043,0.164,0.011,0.018,0.000,0.000,0.001,0.000,0.760,0.760
TCGA-E9-A2JT-01A,0.013,0.290,0.082,0.009,0.097,0.017,0.037,0.106,0.118,0.025,0.055,0.001,0.003,0.019,0.001,0.130,0.130
TCGA-A7-A3IY-01A,0.000,0.000,0.009,0.000,0.006,0.000,0.009,0.054,0.151,0.028,0.161,0.000,0.001,0.000,0.000,0.581,0.581
TCGA-A8-A085-01A,0.000,0.000,0.001,0.000,0.000,0.000,0.000,0.049,0.121,0.013,0.027,0.000,0.000,0.000,0.000,0.788,0.788
TCGA-AO-A12B-01A,0.026,0.000,0.001,0.000,0.002,0.000,0.000,0.024,0.018,0.044,0.025,0.000,0.000,0.000,0.000,0.860,0.860
TCGA-A8-A06Y-01A,0.014,0.000,0.000,0.000,0.000,0.000,0.000,0.031,0.016,0.021,0.005,0.000,0.000,0.000,0.000,0.912,0.912
TCGA-A8-A09I-01A,0.002,0.000,0.006,0.022,0.001,0.000,0.000,0.021,0.105,0.000,0.106,0.000,0.000,0.005,0.000,0.732,0.732
TCGA-A8-A0A2-01A,0.010,0.000,0.005,0.000,0.013,0.000,0.000,0.045,0.218,0.003,0.067,0.003,0.000,0.005,0.001,0.629,0.629
TCGA-AC-A2FE-01A,0.002,0.000,0.031,0.005,0.053,0.002,0.044,0.082,0.246,0.015,0.091,0.001,0.001,0.010,0.000,0.417,0.417
TCGA-A7-A13D-01B,0.009,0.011,0.014,0.020,0.008,0.007,0.002,0.069,0.197,0.039,0.039,0.016,0.009,0.033,0.009,0.520,0.520
TCGA-A8-A08J-01A,0.010,0.000,0.005,0.000,0.009,0.000,0.000,0.032,0.148,0.007,0.098,0.000,0.000,0.002,0.000,0.687,0.687
TCGA-5T-A9QA-01A,0.002,0.000,0.002,0.000,0.001,0.000,0.000,0.013,0.002,0.007,0.039,0.000,0.000,0.000,0.000,0.934,0.934
TCGA-A1-A0SQ-01A,0.009,0.000,0.008,0.000,0.004,0.000,0.001,0.062,0.040,0.029,0.070,0.000,0.000,0.000,0.000,0.777,0.777
TCGA-AC-A3QP-01A,0.011,0.001,0.010,0.000,0.007,0.000,0.028,0.059,0.243,0.008,0.108,0.002,0.000,0.001,0.000,0.521,0.521
TCGA-D8-A1JB-01A,0.018,0.035,0.039,0.006,0.054,0.000,0.050,0.084,0.162,0.016,0.064,0.004,0.001,0.010,0.002,0.457,0.457
TCGA-BH-A18S-01A,0.015,0.000,0.002,0.000,0.005,0.000,0.000,0.032,0.034,0.018,0.080,0.000,0.000,0.000,0.000,0.814,0.814
TCGA-A2-A0CW-01A,0.000,0.000,0.004,0.013,0.013,0.000,0.010,0.028,0.036,0.010,0.042,0.000,0.000,0.001,0.000,0.843,0.843
TCGA-A8-A09K-01A,0.029,0.000,0.005,0.019,0.029,0.000,0.003,0.009,0.018,0.006,0.038,0.010,0.000,0.005,0.001,0.829,0.829
TCGA-E9-A22G-01A,0.000,0.000,0.003,0.000,0.007,0.000,0.020,0.016,0.039,0.000,0.016,0.000,0.000,0.000,0.000,0.898,0.898
TCGA-E2-A573-01A,0.026,0.005,0.023,0.037,0.011,0.000,0.061,0.037,0.079,0.013,0.064,0.000,0.001,0.007,0.000,0.634,0.634
TCGA-AR-A0TP-01A,0.000,0.000,0.000,0.000,0.000,0.000,0.000,0.023,0.075,0.035,0.031,0.000,0.000,0.002,0.000,0.834,0.834
TCGA-AO-A1KT-01A,0.001,0.000,0.007,0.001,0.002,0.000,0.000,0.034,0.241,0.007,0.094,0.001,0.000,0.002,0.000,0.608,0.608
TCGA-BH-A203-01A,0.008,0.000,0.013,0.000,0.019,0.000,0.013,0.032,0.121,0.012,0.083,0.000,0.000,0.002,0.000,0.695,0.695
TCGA-B6-A0RM-01A,0.000,0.000,0.002,0.000,0.009,0.000,0.003,0.019,0.068,0.030,0.028,0.007,0.000,0.001,0.000,0.833,0.833
TCGA-A1-A0SP-01A,0.002,0.006,0.021,0.000,0.009,0.000,0.036,0.034,0.086,0.013,0.090,0.000,0.000,0.000,0.001,0.703,0.703
TCGA-A1-A0SB-01A,0.000,0.002,0.000,0.000,0.002,0.000,0.004,0.034,0.184,0.007,0.010,0.000,0.000,0.002,0.000,0.755,0.755
TCGA-AC-A6IV-01A,0.002,0.000,0.026,0.002,0.031,0.002,0.022,0.128,0.294,0.051,0.152,0.007,0.001,0.010,0.001,0.272,0.272
TCGA-OL-A5RY-01A,0.027,0.051,0.037,0.005,0.023,0.001,0.063,0.088,0.221,0.018,0.086,0.001,0.001,0.005,0.001,0.374,0.374
TCGA-LL-A7SZ-01A,0.163,0.001,0.043,0.004,0.014,0.000,0.012,0.031,0.099,0.012,0.124,0.000,0.001,0.000,0.000,0.496,0.496
TCGA-AO-A03R-01A,0.001,0.000,0.006,0.000,0.007,0.000,0.016,0.050,0.026,0.038,0.028,0.000,0.000,0.000,0.000,0.828,0.828
TCGA-EW-A1PD-01A,0.000,0.000,0.002,0.000,0.004,0.000,0.004,0.128,0.217,0.033,0.073,0.000,0.000,0.003,0.000,0.535,0.535
TCGA-BH-A1FG-01A,0.016,0.000,0.000,0.000,0.001,0.000,0.000,0.017,0.043,0.009,0.022,0.005,0.000,0.000,0.000,0.888,0.888
TCGA-AO-A0JA-01A,0.003,0.000,0.012,0.001,0.013,0.000,0.002,0.049,0.288,0.009,0.104,0.000,0.000,0.006,0.000,0.512,0.512
TCGA-A2-A04T-01A,0.001,0.001,0.019,0.006,0.024,0.000,0.026,0.017,0.046,0.005,0.055,0.000,0.000,0.000,0.000,0.799,0.799
TCGA-BH-A0DH-01A,0.042,0.000,0.004,0.000,0.004,0.000,0.000,0.035,0.094,0.019,0.079,0.000,0.000,0.003,0.000,0.719,0.719
TCGA-D8-A1XF-01A,0.023,0.000,0.001,0.000,0.005,0.000,0.000,0.022,0.015,0.039,0.021,0.000,0.000,0.001,0.000,0.872,0.872
TCGA-A8-A06T-01A,0.008,0.000,0.009,0.002,0.017,0.000,0.006,0.032,0.120,0.013,0.035,0.000,0.000,0.003,0.000,0.754,0.754
TCGA-LL-A50Y-01A,0.015,0.005,0.009,0.000,0.008,0.000,0.037,0.034,0.091,0.013,0.085,0.001,0.000,0.001,0.000,0.700,0.700
TCGA-E9-A3QA-01A,0.014,0.040,0.055,0.031,0.024,0.000,0.073,0.037,0.110,0.005,0.097,0.001,0.001,0.012,0.000,0.501,0.501
TCGA-EW-A2FW-01A,0.005,0.000,0.002,0.000,0.006,0.000,0.000,0.051,0.072,0.035,0.033,0.002,0.000,0.000,0.000,0.793,0.793
TCGA-AR-A2LN-01A,0.011,0.007,0.015,0.001,0.013,0.003,0.026,0.150,0.329,0.035,0.063,0.023,0.001,0.018,0.001,0.303,0.303
TCGA-E9-A22B-01A,0.001,0.000,0.002,0.000,0.000,0.000,0.000,0.062,0.193,0.022,0.060,0.001,0.000,0.000,0.000,0.658,0.658
TCGA-A8-A07P-01A,0.000,0.000,0.002,0.000,0.002,0.000,0.009,0.023,0.116,0.008,0.067,0.005,0.000,0.000,0.000,0.767,0.767
TCGA-A8-A06Z-01A,0.001,0.000,0.000,0.000,0.000,0.000,0.000,0.024,0.009,0.013,0.040,0.000,0.000,0.000,0.000,0.914,0.914
TCGA-LL-A740-01A,0.000,0.000,0.016,0.000,0.002,0.000,0.027,0.070,0.187,0.020,0.096,0.000,0.001,0.002,0.000,0.579,0.579
TCGA-A7-A0CE-01A,0.000,0.000,0.004,0.004,0.000,0.000,0.002,0.049,0.069,0.024,0.031,0.000,0.000,0.001,0.000,0.815,0.815
TCGA-A8-A08L-01A,0.001,0.002,0.020,0.018,0.026,0.000,0.029,0.055,0.081,0.009,0.054,0.000,0.000,0.003,0.001,0.700,0.700
TCGA-A8-A06Q-01A,0.000,0.000,0.000,0.000,0.002,0.000,0.000,0.005,0.006,0.000,0.022,0.000,0.000,0.000,0.000,0.965,0.965
TCGA-B6-A0IK-01A,0.009,0.000,0.005,0.000,0.014,0.000,0.011,0.047,0.068,0.016,0.027,0.000,0.000,0.001,0.000,0.802,0.802
TCGA-BH-A1EW-01A,0.005,0.000,0.011,0.001,0.026,0.000,0.021,0.096,0.150,0.024,0.026,0.006,0.000,0.020,0.006,0.607,0.607
TCGA-A8-A090-01A,0.011,0.000,0.006,0.001,0.011,0.000,0.000,0.043,0.143,0.012,0.147,0.001,0.000,0.010,0.000,0.614,0.614
TCGA-BH-A28Q-01A,0.000,0.000,0.008,0.005,0.005,0.000,0.013,0.054,0.230,0.007,0.036,0.000,0.000,0.008,0.000,0.633,0.633
TCGA-A8-A07L-01A,0.000,0.000,0.002,0.000,0.010,0.000,0.000,0.044,0.141,0.016,0.038,0.000,0.000,0.003,0.000,0.746,0.746
TCGA-BH-A0AZ-01A,0.008,0.000,0.011,0.001,0.007,0.000,0.009,0.080,0.449,0.018,0.059,0.000,0.000,0.005,0.000,0.353,0.353
TCGA-A8-A076-01A,0.005,0.000,0.007,0.000,0.009,0.000,0.000,0.039,0.171,0.005,0.126,0.001,0.000,0.004,0.000,0.634,0.634
TCGA-D8-A1JI-01A,0.022,0.000,0.003,0.000,0.002,0.000,0.000,0.036,0.030,0.017,0.058,0.000,0.000,0.000,0.000,0.833,0.833
TCGA-GM-A2DC-01A,0.001,0.000,0.002,0.000,0.005,0.000,0.000,0.049,0.045,0.010,0.027,0.000,0.000,0.000,0.000,0.860,0.860
TCGA-A8-A09T-01A,0.000,0.000,0.003,0.000,0.001,0.000,0.000,0.020,0.169,0.002,0.106,0.000,0.000,0.001,0.000,0.698,0.698
TCGA-AC-A5XS-01A,0.027,0.007,0.020,0.003,0.018,0.000,0.013,0.087,0.135,0.018,0.143,0.002,0.000,0.003,0.001,0.523,0.523
TCGA-A2-A0YJ-01A,0.000,0.000,0.000,0.000,0.000,0.000,0.000,0.012,0.056,0.005,0.048,0.000,0.000,0.001,0.000,0.878,0.878
TCGA-A2-A0SW-01A,0.095,0.001,0.013,0.009,0.050,0.000,0.001,0.041,0.138,0.003,0.120,0.000,0.000,0.000,0.000,0.527,0.527
TCGA-AR-A1AI-01A,0.039,0.003,0.033,0.038,0.030,0.000,0.041,0.013,0.044,0.001,0.124,0.000,0.000,0.010,0.000,0.624,0.624
TCGA-BH-AB28-01A,0.002,0.021,0.029,0.002,0.010,0.000,0.028,0.059,0.194,0.011,0.064,0.000,0.000,0.006,0.000,0.572,0.572
TCGA-E2-A1LA-01A,0.030,0.002,0.013,0.019,0.029,0.000,0.037,0.015,0.182,0.005,0.116,0.001,0.000,0.000,0.001,0.549,0.549
TCGA-A8-A09V-01A,0.000,0.000,0.004,0.000,0.000,0.000,0.000,0.052,0.259,0.000,0.036,0.010,0.000,0.015,0.000,0.624,0.624
TCGA-WT-AB44-01A,0.000,0.000,0.001,0.000,0.001,0.000,0.000,0.020,0.341,0.000,0.030,0.000,0.000,0.000,0.000,0.607,0.607
TCGA-E9-A1R5-01A,0.000,0.000,0.003,0.000,0.003,0.000,0.000,0.028,0.308,0.006,0.032,0.001,0.000,0.003,0.000,0.616,0.616
TCGA-A2-A25B-01A,0.000,0.000,0.003,0.006,0.005,0.000,0.000,0.026,0.117,0.005,0.098,0.000,0.000,0.007,0.000,0.732,0.732
TCGA-AN-A03Y-01A,0.001,0.000,0.003,0.001,0.016,0.000,0.001,0.019,0.088,0.007,0.026,0.000,0.000,0.000,0.000,0.838,0.838
TCGA-LQ-A4E4-01A,0.000,0.000,0.002,0.000,0.005,0.000,0.000,0.051,0.089,0.022,0.042,0.002,0.000,0.001,0.000,0.786,0.786
TCGA-A7-A0DC-01A,0.001,0.000,0.000,0.004,0.001,0.000,0.000,0.047,0.022,0.036,0.017,0.010,0.000,0.008,0.001,0.851,0.851
TCGA-OL-A97C-01A,0.000,0.000,0.024,0.001,0.021,0.000,0.011,0.063,0.300,0.002,0.043,0.000,0.000,0.001,0.000,0.532,0.532
TCGA-BH-A0DX-01A,0.000,0.000,0.006,0.000,0.010,0.000,0.008,0.086,0.255,0.019,0.165,0.007,0.000,0.002,0.000,0.439,0.439
TCGA-AC-A4ZE-01A,0.002,0.000,0.002,0.005,0.015,0.000,0.000,0.121,0.055,0.052,0.036,0.007,0.000,0.005,0.000,0.700,0.700
TCGA-D8-A27I-01A,0.006,0.007,0.019,0.001,0.021,0.002,0.036,0.111,0.296,0.032,0.071,0.012,0.001,0.011,0.001,0.372,0.372
TCGA-A8-A09X-01A,0.010,0.002,0.021,0.001,0.030,0.000,0.002,0.070,0.121,0.016,0.140,0.000,0.000,0.000,0.000,0.586,0.586
TCGA-OL-A6VR-01A,0.011,0.000,0.005,0.002,0.000,0.000,0.004,0.034,0.037,0.024,0.018,0.000,0.000,0.001,0.000,0.862,0.862
TCGA-A2-A0D3-01A,0.001,0.009,0.014,0.000,0.017,0.000,0.011,0.023,0.104,0.001,0.022,0.000,0.000,0.003,0.000,0.794,0.794
TCGA-S3-AA14-01A,0.006,0.000,0.006,0.004,0.002,0.000,0.004,0.052,0.274,0.008,0.040,0.006,0.000,0.001,0.000,0.595,0.595
TCGA-B6-A40C-01A,0.001,0.000,0.009,0.000,0.008,0.000,0.001,0.064,0.234,0.023,0.083,0.000,0.000,0.004,0.000,0.573,0.573
TCGA-E9-A1RD-01A,0.001,0.000,0.002,0.000,0.004,0.000,0.000,0.060,0.137,0.013,0.075,0.005,0.000,0.003,0.000,0.699,0.699
TCGA-PL-A8LV-01A,0.021,0.018,0.010,0.001,0.005,0.000,0.019,0.040,0.109,0.010,0.029,0.000,0.000,0.000,0.000,0.736,0.736
TCGA-A7-A6VX-01A,0.000,0.000,0.005,0.000,0.008,0.000,0.000,0.037,0.228,0.011,0.066,0.000,0.000,0.005,0.000,0.640,0.640
TCGA-C8-A8HR-01A,0.001,0.009,0.015,0.011,0.027,0.000,0.033,0.128,0.286,0.051,0.084,0.000,0.001,0.005,0.000,0.347,0.347
TCGA-EW-A1PB-01A,0.000,0.000,0.023,0.045,0.024,0.000,0.008,0.013,0.051,0.003,0.213,0.000,0.001,0.008,0.000,0.611,0.611
TCGA-BH-A0DL-01A,0.008,0.001,0.043,0.004,0.013,0.000,0.039,0.029,0.039,0.003,0.161,0.000,0.000,0.013,0.000,0.645,0.645
TCGA-GM-A2DF-01A,0.080,0.001,0.018,0.001,0.000,0.000,0.034,0.057,0.124,0.018,0.121,0.000,0.000,0.000,0.000,0.543,0.543
TCGA-C8-A131-01A,0.003,0.000,0.004,0.000,0.005,0.000,0.001,0.033,0.160,0.010,0.060,0.000,0.000,0.000,0.000,0.723,0.723
TCGA-B6-A409-01A,0.009,0.000,0.004,0.000,0.000,0.000,0.009,0.029,0.077,0.017,0.031,0.000,0.000,0.000,0.000,0.824,0.824
TCGA-A2-A0SY-01A,0.004,0.034,0.021,0.001,0.012,0.001,0.017,0.074,0.266,0.012,0.080,0.007,0.000,0.002,0.000,0.468,0.468
TCGA-AO-A12A-01A,0.001,0.001,0.015,0.006,0.017,0.000,0.033,0.081,0.217,0.029,0.048,0.000,0.000,0.012,0.000,0.541,0.541
TCGA-A2-A0CY-01A,0.000,0.000,0.000,0.000,0.002,0.000,0.000,0.012,0.036,0.000,0.006,0.000,0.000,0.000,0.000,0.943,0.943
TCGA-AN-A0G0-01A,0.012,0.000,0.004,0.000,0.010,0.000,0.000,0.026,0.057,0.000,0.061,0.000,0.000,0.002,0.000,0.828,0.828
TCGA-A2-A3XT-01A,0.000,0.000,0.012,0.001,0.012,0.000,0.018,0.035,0.069,0.009,0.205,0.000,0.000,0.000,0.000,0.639,0.639
TCGA-AQ-A1H2-01A,0.005,0.000,0.003,0.000,0.002,0.000,0.000,0.015,0.086,0.013,0.086,0.000,0.000,0.000,0.000,0.789,0.789
TCGA-E2-A1L8-01A,0.000,0.000,0.004,0.000,0.009,0.000,0.023,0.056,0.268,0.013,0.046,0.000,0.000,0.001,0.000,0.579,0.579
TCGA-C8-A26V-01A,0.000,0.000,0.005,0.007,0.002,0.000,0.000,0.022,0.100,0.001,0.064,0.000,0.000,0.000,0.000,0.798,0.798
TCGA-A8-A08B-01A,0.007,0.000,0.005,0.032,0.001,0.000,0.000,0.012,0.048,0.007,0.030,0.002,0.000,0.001,0.000,0.855,0.855
TCGA-D8-A1XJ-01A,0.000,0.000,0.002,0.001,0.000,0.000,0.000,0.028,0.121,0.007,0.053,0.000,0.000,0.000,0.000,0.788,0.788
TCGA-AO-A0JC-01A,0.012,0.278,0.092,0.019,0.080,0.128,0.071,0.072,0.076,0.013,0.046,0.004,0.002,0.014,0.008,0.084,0.084
TCGA-AR-A0U0-01A,0.027,0.000,0.030,0.038,0.033,0.000,0.018,0.030,0.037,0.013,0.098,0.000,0.000,0.009,0.000,0.666,0.666
TCGA-A7-A6VV-01A,0.004,0.000,0.013,0.001,0.007,0.000,0.007,0.060,0.258,0.022,0.115,0.000,0.000,0.006,0.000,0.505,0.505
TCGA-B6-A3ZX-01A,0.026,0.120,0.086,0.004,0.065,0.022,0.065,0.062,0.101,0.009,0.034,0.000,0.007,0.010,0.000,0.386,0.386
TCGA-AR-A24L-01A,0.001,0.000,0.000,0.000,0.014,0.000,0.000,0.064,0.279,0.025,0.064,0.006,0.000,0.007,0.000,0.539,0.539
TCGA-EW-A1OW-01A,0.002,0.001,0.011,0.004,0.008,0.000,0.017,0.053,0.212,0.023,0.045,0.000,0.000,0.006,0.000,0.617,0.617
TCGA-EW-A1P3-01A,0.010,0.000,0.003,0.003,0.002,0.000,0.003,0.051,0.177,0.030,0.037,0.007,0.000,0.001,0.000,0.675,0.675
TCGA-LL-A7T0-01A,0.012,0.000,0.007,0.012,0.020,0.000,0.010,0.023,0.093,0.010,0.053,0.000,0.000,0.001,0.000,0.758,0.758
TCGA-B6-A0I8-01A,0.004,0.000,0.000,0.000,0.002,0.000,0.000,0.045,0.109,0.011,0.026,0.000,0.000,0.004,0.000,0.799,0.799
TCGA-BH-A0AV-01A,0.000,0.000,0.004,0.000,0.001,0.000,0.000,0.045,0.450,0.007,0.081,0.000,0.000,0.009,0.000,0.401,0.401
TCGA-E2-A156-01A,0.000,0.000,0.001,0.000,0.000,0.000,0.000,0.026,0.025,0.019,0.046,0.002,0.000,0.005,0.000,0.873,0.873
TCGA-BH-A5IZ-01A,0.000,0.000,0.002,0.000,0.000,0.000,0.006,0.029,0.075,0.002,0.064,0.000,0.000,0.001,0.002,0.819,0.819
TCGA-BH-A1EN-01A,0.000,0.000,0.001,0.000,0.000,0.000,0.000,0.038,0.079,0.003,0.049,0.000,0.000,0.000,0.000,0.830,0.830
TCGA-A1-A0SN-01A,0.000,0.000,0.017,0.005,0.030,0.000,0.014,0.051,0.210,0.009,0.092,0.000,0.000,0.007,0.000,0.563,0.563
TCGA-E2-A150-01A,0.000,0.002,0.026,0.000,0.008,0.000,0.023,0.053,0.138,0.007,0.103,0.000,0.000,0.009,0.000,0.632,0.632
TCGA-PL-A8LZ-01A,0.011,0.001,0.035,0.038,0.023,0.000,0.035,0.153,0.126,0.064,0.107,0.000,0.000,0.015,0.001,0.392,0.392
TCGA-A2-A0CO-01A,0.006,0.026,0.045,0.002,0.036,0.005,0.033,0.207,0.193,0.052,0.061,0.002,0.001,0.013,0.001,0.318,0.318
TCGA-HN-A2NL-01A,0.007,0.012,0.015,0.000,0.023,0.000,0.019,0.020,0.034,0.001,0.027,0.000,0.000,0.000,0.000,0.844,0.844
TCGA-E2-A14X-01A,0.053,0.039,0.024,0.001,0.018,0.000,0.025,0.079,0.079,0.011,0.027,0.000,0.000,0.008,0.000,0.635,0.635
TCGA-BH-A0B2-01A,0.006,0.016,0.035,0.016,0.020,0.000,0.026,0.077,0.279,0.018,0.105,0.000,0.000,0.007,0.001,0.393,0.393
TCGA-A2-A4RX-01A,0.003,0.032,0.022,0.001,0.022,0.002,0.029,0.089,0.277,0.037,0.028,0.000,0.004,0.017,0.000,0.436,0.436
TCGA-E2-A572-01A,0.028,0.000,0.003,0.001,0.000,0.000,0.000,0.022,0.011,0.024,0.016,0.000,0.000,0.000,0.000,0.895,0.895
TCGA-C8-A12V-01A,0.044,0.021,0.047,0.074,0.040,0.000,0.096,0.064,0.098,0.005,0.153,0.000,0.001,0.013,0.001,0.343,0.343
TCGA-BH-A0BQ-01A,0.007,0.000,0.021,0.007,0.009,0.000,0.038,0.056,0.334,0.012,0.036,0.001,0.000,0.002,0.000,0.477,0.477
TCGA-C8-A12T-01A,0.000,0.000,0.010,0.008,0.000,0.000,0.000,0.025,0.266,0.004,0.069,0.005,0.000,0.000,0.000,0.613,0.613
TCGA-EW-A1OX-01A,0.002,0.000,0.001,0.000,0.000,0.000,0.000,0.024,0.000,0.030,0.004,0.000,0.000,0.000,0.000,0.938,0.938
TCGA-BH-A0BW-01A,0.010,0.006,0.038,0.050,0.012,0.000,0.023,0.052,0.084,0.011,0.135,0.000,0.001,0.034,0.001,0.543,0.543
TCGA-A8-A084-01A,0.000,0.000,0.003,0.000,0.002,0.000,0.000,0.015,0.174,0.000,0.035,0.000,0.000,0.012,0.000,0.758,0.758
TCGA-A2-A0SV-01A,0.000,0.000,0.011,0.003,0.000,0.000,0.000,0.029,0.189,0.003,0.146,0.000,0.000,0.001,0.000,0.617,0.617
TCGA-C8-A275-01A,0.013,0.005,0.020,0.004,0.036,0.000,0.016,0.047,0.085,0.003,0.125,0.000,0.000,0.005,0.001,0.641,0.641
TCGA-S3-A6ZH-01A,0.001,0.000,0.006,0.001,0.008,0.000,0.011,0.033,0.039,0.010,0.030,0.001,0.000,0.000,0.000,0.862,0.862
TCGA-D8-A1JD-01A,0.000,0.000,0.027,0.001,0.007,0.000,0.000,0.022,0.233,0.000,0.135,0.004,0.000,0.004,0.000,0.567,0.567
TCGA-A2-A0CV-01A,0.008,0.004,0.010,0.000,0.013,0.000,0.034,0.077,0.259,0.019,0.044,0.000,0.000,0.004,0.000,0.527,0.527
TCGA-E2-A14V-01A,0.000,0.000,0.002,0.002,0.003,0.000,0.001,0.018,0.114,0.007,0.019,0.003,0.000,0.002,0.000,0.830,0.830
TCGA-E2-A153-01A,0.000,0.000,0.005,0.000,0.000,0.000,0.000,0.068,0.385,0.024,0.109,0.001,0.000,0.004,0.000,0.405,0.405
TCGA-AR-A24R-01A,0.006,0.000,0.010,0.017,0.016,0.000,0.012,0.021,0.120,0.005,0.079,0.000,0.000,0.004,0.000,0.710,0.710
TCGA-AR-A1AV-01A,0.000,0.000,0.001,0.000,0.001,0.000,0.000,0.046,0.148,0.010,0.080,0.005,0.000,0.006,0.000,0.702,0.702
TCGA-OL-A66H-01A,0.014,0.000,0.021,0.000,0.011,0.000,0.000,0.075,0.077,0.032,0.162,0.000,0.000,0.001,0.000,0.605,0.605
TCGA-AR-A251-01A,0.009,0.000,0.010,0.001,0.023,0.000,0.010,0.052,0.124,0.018,0.075,0.000,0.000,0.008,0.002,0.668,0.668
TCGA-AC-A7VB-01A,0.001,0.000,0.001,0.000,0.003,0.000,0.000,0.037,0.019,0.016,0.012,0.000,0.000,0.002,0.000,0.907,0.907
TCGA-A8-A08C-01A,0.000,0.000,0.002,0.000,0.003,0.000,0.004,0.027,0.125,0.005,0.040,0.000,0.000,0.006,0.000,0.789,0.789
TCGA-A2-A259-01A,0.006,0.017,0.023,0.001,0.010,0.001,0.037,0.096,0.181,0.028,0.024,0.020,0.000,0.014,0.003,0.540,0.540
TCGA-AO-A03P-01A,0.000,0.000,0.000,0.000,0.000,0.000,0.000,0.035,0.061,0.015,0.019,0.000,0.000,0.000,0.000,0.869,0.869
TCGA-A7-A4SE-01A,0.000,0.000,0.016,0.000,0.006,0.000,0.015,0.064,0.271,0.047,0.047,0.000,0.000,0.014,0.000,0.518,0.518
TCGA-C8-A132-01A,0.010,0.008,0.034,0.005,0.045,0.000,0.045,0.063,0.261,0.009,0.042,0.001,0.000,0.012,0.001,0.464,0.464
TCGA-B6-A0RS-01A,0.010,0.000,0.004,0.005,0.008,0.000,0.000,0.039,0.122,0.019,0.119,0.000,0.000,0.000,0.000,0.674,0.674
TCGA-BH-A0BV-01A,0.005,0.000,0.016,0.000,0.020,0.000,0.002,0.057,0.196,0.010,0.119,0.001,0.000,0.005,0.000,0.569,0.569
TCGA-BH-A0B1-01A,0.005,0.000,0.005,0.000,0.001,0.000,0.001,0.072,0.180,0.032,0.024,0.001,0.000,0.005,0.000,0.672,0.672
TCGA-AN-A0FZ-01A,0.000,0.000,0.000,0.000,0.000,0.000,0.000,0.061,0.162,0.007,0.035,0.000,0.000,0.003,0.000,0.731,0.731
TCGA-EW-A1PC-01B,0.000,0.000,0.004,0.005,0.000,0.000,0.000,0.020,0.079,0.004,0.027,0.000,0.000,0.003,0.000,0.857,0.857
TCGA-D8-A147-01A,0.002,0.002,0.031,0.009,0.025,0.002,0.021,0.016,0.138,0.008,0.080,0.001,0.000,0.011,0.000,0.653,0.653
TCGA-BH-A1FE-01A,0.002,0.024,0.026,0.033,0.020,0.001,0.059,0.075,0.254,0.014,0.030,0.009,0.000,0.011,0.001,0.442,0.442
TCGA-AN-A0XV-01A,0.014,0.001,0.012,0.001,0.018,0.000,0.014,0.108,0.235,0.027,0.028,0.001,0.000,0.001,0.001,0.541,0.541
TCGA-XX-A89A-01A,0.007,0.000,0.039,0.001,0.019,0.001,0.024,0.099,0.353,0.016,0.139,0.000,0.000,0.008,0.000,0.293,0.293
TCGA-LL-A441-01A,0.014,0.143,0.047,0.009,0.033,0.008,0.057,0.067,0.143,0.017,0.037,0.001,0.004,0.017,0.001,0.401,0.401
TCGA-E2-A15O-01A,0.000,0.000,0.012,0.008,0.000,0.000,0.008,0.027,0.062,0.014,0.036,0.004,0.000,0.003,0.000,0.827,0.827
TCGA-C8-A12P-01A,0.009,0.000,0.005,0.008,0.001,0.000,0.000,0.029,0.152,0.009,0.106,0.000,0.000,0.001,0.000,0.680,0.680
TCGA-BH-A1F0-01A,0.031,0.036,0.035,0.004,0.043,0.000,0.045,0.117,0.141,0.036,0.191,0.004,0.001,0.013,0.002,0.301,0.301
TCGA-OL-A66K-01A,0.011,0.000,0.003,0.000,0.007,0.000,0.007,0.064,0.243,0.018,0.036,0.002,0.000,0.003,0.001,0.605,0.605
TCGA-BH-A0GY-01A,0.000,0.003,0.010,0.000,0.013,0.000,0.016,0.040,0.149,0.012,0.069,0.002,0.000,0.009,0.001,0.676,0.676
TCGA-GM-A2DD-01A,0.010,0.003,0.039,0.014,0.019,0.000,0.053,0.053,0.221,0.013,0.114,0.000,0.000,0.000,0.000,0.460,0.460
TCGA-A1-A0SE-01A,0.002,0.000,0.004,0.003,0.008,0.000,0.012,0.056,0.247,0.018,0.015,0.002,0.000,0.003,0.000,0.629,0.629
TCGA-LL-A73Y-01A,0.008,0.013,0.036,0.001,0.011,0.001,0.044,0.091,0.265,0.021,0.052,0.000,0.000,0.010,0.000,0.448,0.448
TCGA-A2-A0CM-01A,0.006,0.000,0.028,0.032,0.029,0.000,0.017,0.047,0.135,0.006,0.125,0.000,0.000,0.004,0.000,0.571,0.571
TCGA-A8-A09G-01A,0.021,0.001,0.021,0.001,0.028,0.000,0.011,0.052,0.069,0.008,0.075,0.000,0.000,0.003,0.000,0.710,0.710
TCGA-E2-A14T-01A,0.001,0.000,0.000,0.000,0.006,0.000,0.000,0.027,0.060,0.011,0.082,0.000,0.000,0.003,0.000,0.809,0.809
TCGA-E9-A1N8-01A,0.000,0.003,0.002,0.000,0.007,0.000,0.000,0.014,0.091,0.000,0.020,0.000,0.000,0.002,0.000,0.860,0.860
TCGA-AN-A0AT-01A,0.000,0.012,0.008,0.003,0.013,0.000,0.011,0.012,0.046,0.004,0.050,0.000,0.000,0.000,0.000,0.841,0.841
TCGA-A8-A08Z-01A,0.000,0.000,0.016,0.000,0.006,0.000,0.000,0.061,0.351,0.012,0.198,0.005,0.000,0.012,0.000,0.338,0.338
TCGA-AR-A24N-01A,0.019,0.000,0.003,0.004,0.000,0.000,0.000,0.031,0.240,0.011,0.041,0.000,0.000,0.004,0.000,0.648,0.648
TCGA-BH-A0B6-01A,0.028,0.037,0.048,0.031,0.041,0.000,0.089,0.061,0.183,0.010,0.065,0.000,0.010,0.001,0.001,0.394,0.394
TCGA-EW-A1PA-01A,0.020,0.006,0.013,0.001,0.019,0.000,0.009,0.085,0.114,0.014,0.029,0.010,0.000,0.005,0.001,0.673,0.673
TCGA-AR-A24Q-01A,0.017,0.005,0.012,0.001,0.029,0.000,0.017,0.044,0.222,0.023,0.068,0.000,0.000,0.003,0.001,0.561,0.561
TCGA-BH-A8FY-01A,0.015,0.000,0.001,0.000,0.000,0.000,0.000,0.045,0.001,0.025,0.078,0.000,0.000,0.000,0.000,0.834,0.834
TCGA-E9-A2JS-01A,0.000,0.000,0.004,0.000,0.009,0.000,0.000,0.021,0.125,0.005,0.054,0.006,0.000,0.000,0.000,0.775,0.775
TCGA-AN-A0AR-01A,0.000,0.000,0.000,0.000,0.005,0.000,0.000,0.015,0.032,0.011,0.028,0.000,0.000,0.000,0.000,0.907,0.907
TCGA-A2-A04U-01A,0.003,0.000,0.000,0.000,0.005,0.000,0.000,0.019,0.103,0.005,0.023,0.000,0.000,0.000,0.000,0.842,0.842
TCGA-A7-A56D-01A,0.028,0.000,0.005,0.000,0.001,0.000,0.000,0.023,0.278,0.004,0.063,0.000,0.000,0.000,0.000,0.596,0.596
TCGA-B6-A0X4-01A,0.005,0.000,0.002,0.000,0.000,0.000,0.000,0.010,0.009,0.032,0.011,0.000,0.000,0.000,0.000,0.932,0.932
TCGA-AQ-A7U7-01A,0.039,0.034,0.060,0.006,0.070,0.001,0.061,0.116,0.257,0.030,0.089,0.004,0.001,0.018,0.001,0.215,0.215
TCGA-D8-A1XT-01A,0.000,0.000,0.012,0.002,0.000,0.000,0.000,0.066,0.231,0.024,0.129,0.000,0.000,0.014,0.001,0.520,0.520
TCGA-BH-A1FJ-01A,0.000,0.000,0.003,0.000,0.000,0.000,0.000,0.045,0.085,0.012,0.028,0.000,0.000,0.002,0.000,0.823,0.823
TCGA-A2-A0ET-01A,0.000,0.000,0.005,0.003,0.013,0.000,0.006,0.030,0.012,0.019,0.064,0.000,0.000,0.002,0.000,0.847,0.847
TCGA-AR-A0TR-01A,0.016,0.011,0.007,0.000,0.007,0.000,0.011,0.021,0.001,0.008,0.014,0.000,0.000,0.006,0.000,0.898,0.898
TCGA-A8-A095-01A,0.000,0.000,0.020,0.001,0.011,0.001,0.017,0.059,0.148,0.016,0.056,0.003,0.000,0.006,0.000,0.662,0.662
TCGA-A2-A25E-01A,0.007,0.004,0.003,0.006,0.001,0.000,0.004,0.046,0.104,0.014,0.045,0.000,0.000,0.001,0.000,0.764,0.764
TCGA-A8-A08S-01A,0.000,0.000,0.007,0.003,0.006,0.000,0.002,0.018,0.129,0.009,0.060,0.000,0.000,0.004,0.000,0.763,0.763
