,Plasma B cells,Non-plasma B cells,CD4 T,CD8 T effector,CD8 T (GZMK high),Double-neg-like T,DC,Endothelial Cells,CAFs,Myofibroblasts,Macrophages,Mast Cells,NK,Neutrophils,Monocytes,1-others,Cancer Cells
TCGA-C5-A7UI-01A,0.039,0.000,0.043,0.038,0.000,0.000,0.011,0.010,0.005,0.010,0.005,0.000,0.001,0.010,0.004,0.822,0.822
TCGA-C5-A902-01A,0.000,0.000,0.000,0.110,0.000,0.000,0.021,0.033,0.004,0.008,0.002,0.000,0.013,0.011,0.002,0.797,0.797
TCGA-DS-A1OB-01A,0.001,0.000,0.016,0.001,0.000,0.000,0.000,0.019,0.001,0.004,0.049,0.000,0.000,0.018,0.009,0.882,0.882
TCGA-Q1-A6DW-01A,0.000,0.000,0.004,0.019,0.000,0.000,0.016,0.047,0.004,0.011,0.000,0.000,0.000,0.035,0.003,0.860,0.860
TCGA-EK-A2R7-01A,0.027,0.000,0.014,0.029,0.001,0.000,0.036,0.020,0.031,0.004,0.021,0.000,0.001,0.000,0.001,0.816,0.816
TCGA-C5-A7X8-01A,0.045,0.000,0.013,0.008,0.007,0.000,0.012,0.049,0.208,0.008,0.006,0.003,0.001,0.004,0.001,0.635,0.635
TCGA-Q1-A5R3-01A,0.000,0.000,0.010,0.018,0.004,0.000,0.009,0.008,0.005,0.001,0.001,0.002,0.001,0.006,0.002,0.934,0.934
TCGA-C5-A7X5-01A,0.000,0.000,0.002,0.001,0.000,0.000,0.000,0.026,0.000,0.001,0.001,0.000,0.000,0.011,0.000,0.958,0.958
TCGA-ZJ-A8QR-01A,0.006,0.000,0.002,0.007,0.000,0.000,0.009,0.051,0.013,0.008,0.003,0.002,0.000,0.040,0.001,0.858,0.858
TCGA-HM-A3JK-01A,0.011,0.000,0.020,0.001,0.009,0.001,0.048,0.062,0.228,0.031,0.036,0.005,0.003,0.005,0.001,0.538,0.538
TCGA-EA-A556-01A,0.000,0.000,0.003,0.006,0.002,0.000,0.003,0.015,0.108,0.010,0.005,0.004,0.000,0.000,0.000,0.843,0.843
TCGA-VS-A9V4-01A,0.003,0.000,0.000,0.005,0.000,0.001,0.002,0.014,0.006,0.012,0.004,0.002,0.000,0.007,0.004,0.941,0.941
TCGA-IR-A3L7-01A,0.000,0.000,0.000,0.004,0.000,0.000,0.004,0.011,0.038,0.008,0.000,0.000,0.001,0.020,0.001,0.912,0.912
TCGA-EK-A2RL-01A,0.000,0.000,0.000,0.018,0.000,0.000,0.004,0.018,0.015,0.000,0.008,0.000,0.000,0.000,0.000,0.936,0.936
TCGA-VS-A94X-01A,0.002,0.000,0.009,0.017,0.000,0.000,0.003,0.016,0.000,0.003,0.014,0.000,0.000,0.037,0.000,0.900,0.900
TCGA-VS-A9V3-01A,0.003,0.000,0.029,0.038,0.000,0.000,0.011,0.054,0.000,0.012,0.026,0.002,0.001,0.055,0.000,0.768,0.768
TCGA-EK-A2RO-01A,0.000,0.000,0.000,0.007,0.000,0.000,0.008,0.027,0.085,0.012,0.001,0.000,0.002,0.005,0.002,0.851,0.851
TCGA-JW-A5VJ-01A,0.002,0.000,0.004,0.009,0.005,0.002,0.000,0.023,0.002,0.005,0.022,0.001,0.000,0.036,0.005,0.881,0.881
TCGA-MA-AA42-01A,0.020,0.002,0.035,0.061,0.033,0.000,0.065,0.018,0.001,0.001,0.107,0.000,0.000,0.031,0.012,0.613,0.613
TCGA-C5-A1MK-01A,0.000,0.000,0.024,0.008,0.000,0.000,0.000,0.038,0.082,0.010,0.021,0.001,0.000,0.040,0.002,0.775,0.775
TCGA-UC-A7PG-01A,0.000,0.001,0.013,0.001,0.002,0.010,0.004,0.022,0.019,0.011,0.001,0.002,0.000,0.043,0.001,0.871,0.871
TCGA-VS-A9UH-01A,0.026,0.000,0.024,0.053,0.016,0.000,0.006,0.050,0.055,0.010,0.126,0.001,0.000,0.014,0.007,0.611,0.611
TCGA-4J-AA1J-01A,0.000,0.000,0.011,0.004,0.000,0.000,0.007,0.051,0.057,0.025,0.000,0.002,0.001,0.027,0.005,0.810,0.810
TCGA-C5-A1ME-01A,0.009,0.000,0.003,0.009,0.008,0.000,0.017,0.020,0.016,0.001,0.009,0.004,0.000,0.010,0.003,0.891,0.891
TCGA-C5-A8YR-01A,0.000,0.000,0.007,0.041,0.000,0.000,0.000,0.034,0.024,0.007,0.099,0.000,0.003,0.000,0.001,0.783,0.783
TCGA-EA-A5FO-01A,0.000,0.000,0.001,0.003,0.000,0.000,0.010,0.009,0.000,0.004,0.000,0.000,0.000,0.008,0.000,0.966,0.966
TCGA-MA-AA3Z-01A,0.000,0.000,0.022,0.075,0.000,0.000,0.053,0.036,0.001,0.006,0.008,0.000,0.002,0.025,0.004,0.768,0.768
TCGA-C5-A8XJ-01A,0.006,0.000,0.023,0.022,0.012,0.000,0.002,0.062,0.074,0.024,0.022,0.001,0.001,0.014,0.000,0.736,0.736
TCGA-R2-A69V-01A,0.007,0.004,0.023,0.066,0.020,0.000,0.059,0.020,0.022,0.004,0.126,0.003,0.001,0.025,0.026,0.594,0.594
TCGA-C5-A1BM-01A,0.006,0.000,0.027,0.019,0.000,0.000,0.043,0.030,0.000,0.004,0.094,0.000,0.000,0.060,0.000,0.718,0.718
TCGA-ZJ-AAXD-01A,0.001,0.001,0.000,0.006,0.004,0.008,0.003,0.036,0.073,0.030,0.000,0.000,0.002,0.027,0.001,0.807,0.807
TCGA-HM-A4S6-01A,0.000,0.000,0.025,0.056,0.001,0.000,0.036,0.044,0.015,0.019,0.064,0.000,0.000,0.045,0.003,0.692,0.692
TCGA-EA-A5ZF-01A,0.001,0.000,0.000,0.000,0.001,0.000,0.005,0.026,0.071,0.011,0.030,0.000,0.000,0.000,0.000,0.855,0.855
TCGA-C5-A1M6-01A,0.000,0.000,0.001,0.002,0.002,0.000,0.000,0.007,0.035,0.006,0.011,0.000,0.000,0.000,0.002,0.932,0.932
TCGA-DG-A2KK-01A,0.000,0.000,0.002,0.013,0.003,0.000,0.038,0.009,0.010,0.006,0.021,0.000,0.001,0.014,0.002,0.880,0.880
TCGA-HG-A2PA-01A,0.021,0.000,0.009,0.039,0.000,0.000,0.018,0.037,0.055,0.006,0.002,0.005,0.000,0.050,0.004,0.754,0.754
TCGA-VS-A8EH-01A,0.000,0.000,0.003,0.005,0.000,0.000,0.015,0.029,0.000,0.003,0.009,0.000,0.002,0.037,0.000,0.896,0.896
TCGA-FU-A5XV-01A,0.003,0.000,0.013,0.009,0.000,0.000,0.007,0.052,0.024,0.004,0.000,0.004,0.001,0.057,0.008,0.817,0.817
TCGA-C5-A1MF-01A,0.001,0.000,0.002,0.016,0.000,0.000,0.000,0.005,0.005,0.002,0.012,0.000,0.000,0.000,0.000,0.956,0.956
TCGA-EX-A449-01A,0.057,0.000,0.000,0.011,0.000,0.000,0.001,0.009,0.011,0.002,0.011,0.000,0.002,0.000,0.000,0.895,0.895
TCGA-C5-A2LX-01A,0.029,0.001,0.058,0.020,0.041,0.000,0.061,0.005,0.035,0.001,0.026,0.001,0.000,0.000,0.001,0.722,0.722
TCGA-HM-A3JJ-01A,0.008,0.000,0.024,0.013,0.000,0.000,0.067,0.070,0.120,0.013,0.015,0.003,0.006,0.008,0.000,0.653,0.653
TCGA-LP-A4AW-01A,0.004,0.000,0.011,0.001,0.003,0.000,0.011,0.102,0.101,0.078,0.002,0.003,0.001,0.010,0.008,0.665,0.665
TCGA-C5-A8XH-01A,0.000,0.000,0.034,0.023,0.000,0.000,0.015,0.036,0.013,0.001,0.023,0.001,0.002,0.013,0.001,0.837,0.837
TCGA-EK-A2RE-01A,0.000,0.000,0.004,0.000,0.000,0.000,0.001,0.035,0.006,0.011,0.000,0.002,0.000,0.040,0.003,0.897,0.897
TCGA-EK-A2RC-01A,0.008,0.000,0.022,0.041,0.004,0.000,0.023,0.036,0.064,0.000,0.024,0.001,0.001,0.028,0.001,0.748,0.748
TCGA-EA-A3HU-01A,0.028,0.000,0.017,0.164,0.000,0.000,0.025,0.049,0.017,0.002,0.038,0.000,0.009,0.028,0.002,0.620,0.620
TCGA-EK-A2PI-01A,0.000,0.000,0.013,0.001,0.000,0.000,0.000,0.009,0.068,0.001,0.005,0.000,0.004,0.011,0.002,0.886,0.886
TCGA-EX-A8YF-01A,0.058,0.000,0.008,0.052,0.007,0.000,0.013,0.021,0.000,0.005,0.046,0.000,0.000,0.002,0.000,0.787,0.787
TCGA-C5-A7UC-01A,0.000,0.000,0.003,0.003,0.000,0.000,0.000,0.031,0.000,0.001,0.000,0.001,0.000,0.012,0.000,0.949,0.949
TCGA-EA-A3QE-01A,0.013,0.007,0.031,0.098,0.001,0.000,0.028,0.039,0.013,0.007,0.011,0.001,0.005,0.072,0.006,0.667,0.667
TCGA-EA-A4BA-01A,0.000,0.000,0.005,0.000,0.000,0.000,0.000,0.023,0.057,0.007,0.000,0.003,0.000,0.000,0.000,0.904,0.904
TCGA-EA-A411-01A,0.016,0.000,0.019,0.001,0.002,0.000,0.021,0.061,0.135,0.029,0.013,0.003,0.006,0.003,0.003,0.688,0.688
TCGA-IR-A3LL-01A,0.000,0.000,0.001,0.087,0.000,0.000,0.053,0.007,0.001,0.000,0.038,0.001,0.003,0.021,0.015,0.771,0.771
TCGA-IR-A3LF-01A,0.000,0.004,0.016,0.039,0.006,0.000,0.038,0.027,0.042,0.009,0.002,0.003,0.000,0.001,0.000,0.811,0.811
TCGA-EK-A3GJ-01A,0.000,0.000,0.006,0.075,0.000,0.000,0.003,0.020,0.000,0.000,0.038,0.000,0.000,0.036,0.000,0.822,0.822
TCGA-ZJ-AAXI-01A,0.000,0.000,0.000,0.002,0.000,0.000,0.020,0.010,0.000,0.003,0.000,0.000,0.002,0.011,0.000,0.952,0.952
TCGA-C5-A1BI-01B,0.019,0.000,0.041,0.041,0.000,0.000,0.017,0.031,0.034,0.011,0.027,0.002,0.004,0.058,0.027,0.688,0.688
TCGA-EK-A3GK-01A,0.000,0.000,0.001,0.048,0.000,0.000,0.011,0.008,0.000,0.002,0.028,0.000,0.000,0.017,0.000,0.884,0.884
TCGA-EA-A3HT-01A,0.001,0.000,0.032,0.001,0.000,0.000,0.029,0.042,0.146,0.002,0.019,0.003,0.000,0.066,0.002,0.657,0.657
TCGA-C5-A2M1-01A,0.003,0.000,0.013,0.043,0.000,0.000,0.041,0.006,0.007,0.000,0.031,0.000,0.000,0.000,0.000,0.854,0.854
TCGA-VS-AA62-01A,0.014,0.000,0.027,0.064,0.004,0.000,0.019,0.040,0.028,0.002,0.059,0.002,0.000,0.041,0.000,0.697,0.697
TCGA-JW-A5VL-01A,0.000,0.000,0.015,0.045,0.000,0.000,0.023,0.049,0.000,0.006,0.016,0.000,0.000,0.040,0.000,0.804,0.804
TCGA-EK-A2IR-01A,0.000,0.000,0.001,0.000,0.000,0.000,0.000,0.012,0.000,0.006,0.000,0.000,0.000,0.000,0.000,0.981,0.981
TCGA-VS-A9UD-01A,0.014,0.000,0.018,0.071,0.011,0.000,0.050,0.015,0.001,0.004,0.076,0.001,0.001,0.000,0.004,0.735,0.735
TCGA-VS-A9UR-01A,0.000,0.001,0.001,0.026,0.000,0.000,0.038,0.011,0.030,0.006,0.000,0.001,0.000,0.019,0.000,0.867,0.867
TCGA-FU-A3EO-01A,0.000,0.000,0.001,0.009,0.000,0.000,0.015,0.009,0.023,0.000,0.025,0.001,0.000,0.009,0.005,0.902,0.902
TCGA-JX-A3Q0-01A,0.004,0.000,0.035,0.032,0.003,0.000,0.010,0.026,0.000,0.004,0.046,0.000,0.000,0.035,0.000,0.807,0.807
TCGA-VS-A8QH-01A,0.000,0.000,0.000,0.005,0.000,0.000,0.008,0.004,0.000,0.002,0.008,0.001,0.000,0.000,0.000,0.972,0.972
TCGA-EK-A2RM-01A,0.000,0.000,0.008,0.005,0.000,0.000,0.003,0.010,0.073,0.011,0.043,0.001,0.000,0.012,0.003,0.829,0.829
TCGA-ZJ-AAX8-01A,0.006,0.000,0.043,0.040,0.003,0.000,0.015,0.042,0.122,0.012,0.023,0.005,0.001,0.049,0.003,0.637,0.637
TCGA-DR-A0ZL-01A,0.000,0.006,0.012,0.000,0.000,0.000,0.004,0.018,0.000,0.005,0.000,0.000,0.000,0.009,0.000,0.946,0.946
TCGA-2W-A8YY-01A,0.006,0.000,0.005,0.002,0.002,0.000,0.003,0.008,0.029,0.006,0.052,0.000,0.000,0.000,0.001,0.885,0.885
TCGA-BI-A0VR-01A,0.025,0.000,0.038,0.048,0.004,0.000,0.046,0.050,0.029,0.005,0.018,0.000,0.007,0.036,0.002,0.692,0.692
TCGA-FU-A23L-01A,0.010,0.000,0.022,0.036,0.023,0.000,0.057,0.022,0.025,0.011,0.012,0.000,0.001,0.015,0.000,0.764,0.764
TCGA-VS-A8EJ-01A,0.006,0.000,0.004,0.009,0.000,0.000,0.020,0.012,0.000,0.005,0.015,0.001,0.000,0.000,0.000,0.928,0.928
TCGA-DS-A0VK-01A,0.000,0.000,0.010,0.001,0.001,0.000,0.000,0.063,0.036,0.008,0.033,0.001,0.000,0.006,0.000,0.839,0.839
TCGA-LP-A4AX-01A,0.018,0.001,0.022,0.091,0.028,0.000,0.012,0.070,0.042,0.016,0.054,0.000,0.000,0.006,0.001,0.639,0.639
TCGA-EK-A2RJ-01A,0.025,0.000,0.010,0.039,0.005,0.000,0.000,0.028,0.000,0.020,0.038,0.001,0.002,0.033,0.000,0.799,0.799
TCGA-JW-A852-01A,0.000,0.000,0.010,0.006,0.000,0.000,0.018,0.006,0.001,0.002,0.001,0.001,0.001,0.010,0.006,0.937,0.937
TCGA-Q1-A73S-01A,0.000,0.000,0.002,0.000,0.000,0.000,0.000,0.004,0.008,0.006,0.011,0.000,0.000,0.000,0.002,0.966,0.966
TCGA-ZJ-AAXU-01A,0.041,0.012,0.035,0.036,0.011,0.000,0.015,0.024,0.003,0.001,0.003,0.002,0.000,0.014,0.003,0.799,0.799
TCGA-C5-A1MI-01A,0.007,0.004,0.018,0.016,0.033,0.000,0.021,0.023,0.029,0.009,0.023,0.001,0.000,0.001,0.000,0.815,0.815
TCGA-VS-A8QA-01A,0.000,0.000,0.000,0.055,0.000,0.000,0.020,0.010,0.000,0.003,0.001,0.000,0.000,0.000,0.000,0.911,0.911
TCGA-EA-A5ZD-01A,0.000,0.000,0.040,0.006,0.000,0.000,0.063,0.058,0.016,0.008,0.028,0.001,0.000,0.056,0.006,0.717,0.717
TCGA-XS-A8TJ-01A,0.000,0.000,0.021,0.003,0.000,0.000,0.093,0.054,0.013,0.010,0.006,0.001,0.001,0.035,0.004,0.759,0.759
TCGA-C5-A7CO-01A,0.000,0.000,0.000,0.012,0.000,0.000,0.022,0.010,0.000,0.002,0.007,0.000,0.000,0.019,0.000,0.928,0.928
TCGA-MY-A5BF-01A,0.000,0.000,0.000,0.046,0.000,0.000,0.052,0.028,0.000,0.003,0.007,0.000,0.000,0.032,0.000,0.831,0.831
TCGA-C5-A1BL-01A,0.003,0.001,0.013,0.059,0.000,0.000,0.016,0.026,0.001,0.004,0.031,0.000,0.000,0.063,0.012,0.773,0.773
TCGA-C5-A1M5-01A,0.002,0.011,0.039,0.039,0.000,0.000,0.082,0.037,0.022,0.001,0.004,0.000,0.001,0.031,0.003,0.725,0.725
TCGA-DS-A5RQ-01A,0.000,0.000,0.018,0.017,0.000,0.000,0.035,0.038,0.014,0.000,0.012,0.000,0.001,0.041,0.002,0.822,0.822
TCGA-JW-A5VG-01A,0.000,0.000,0.007,0.034,0.000,0.000,0.000,0.030,0.000,0.001,0.026,0.002,0.015,0.000,0.000,0.887,0.887
TCGA-WL-A834-01A,0.000,0.001,0.010,0.000,0.000,0.000,0.010,0.041,0.020,0.018,0.007,0.001,0.000,0.010,0.002,0.880,0.880
TCGA-DS-A1OD-01A,0.010,0.005,0.041,0.054,0.034,0.000,0.088,0.026,0.027,0.008,0.051,0.002,0.002,0.001,0.000,0.652,0.652
TCGA-Q1-A5R1-01A,0.010,0.000,0.010,0.013,0.000,0.000,0.032,0.025,0.003,0.001,0.003,0.005,0.000,0.009,0.000,0.888,0.888
TCGA-ZJ-AAXF-01A,0.008,0.017,0.044,0.014,0.026,0.001,0.035,0.030,0.060,0.021,0.012,0.003,0.002,0.039,0.003,0.686,0.686
TCGA-LP-A5U2-01A,0.000,0.000,0.000,0.015,0.001,0.000,0.009,0.006,0.000,0.004,0.002,0.000,0.000,0.000,0.000,0.962,0.962
TCGA-C5-A7CK-01A,0.010,0.000,0.002,0.000,0.000,0.000,0.000,0.025,0.081,0.011,0.011,0.000,0.000,0.002,0.000,0.857,0.857
TCGA-ZJ-AB0H-01A,0.027,0.000,0.038,0.017,0.016,0.000,0.028,0.027,0.030,0.009,0.060,0.001,0.000,0.052,0.013,0.682,0.682
TCGA-EK-A2R9-01A,0.000,0.000,0.020,0.027,0.014,0.000,0.105,0.028,0.118,0.007,0.009,0.001,0.000,0.000,0.000,0.670,0.670
TCGA-VS-A954-01A,0.004,0.002,0.011,0.000,0.012,0.001,0.001,0.014,0.017,0.008,0.027,0.000,0.000,0.003,0.001,0.900,0.900
TCGA-Q1-A73O-01A,0.003,0.000,0.018,0.041,0.000,0.000,0.001,0.037,0.017,0.000,0.004,0.002,0.000,0.033,0.001,0.841,0.841
TCGA-VS-A9U6-01A,0.006,0.001,0.019,0.031,0.001,0.000,0.054,0.021,0.041,0.012,0.035,0.002,0.000,0.045,0.001,0.731,0.731
TCGA-EK-A3GM-01A,0.006,0.000,0.000,0.007,0.000,0.000,0.000,0.003,0.000,0.000,0.001,0.001,0.000,0.000,0.000,0.981,0.981
TCGA-C5-A7CJ-01A,0.011,0.000,0.041,0.033,0.000,0.000,0.039,0.087,0.067,0.035,0.010,0.003,0.001,0.053,0.003,0.616,0.616
TCGA-FU-A3WB-01A,0.000,0.000,0.004,0.013,0.000,0.000,0.005,0.026,0.016,0.012,0.000,0.000,0.000,0.005,0.001,0.918,0.918
TCGA-VS-A9V1-01A,0.034,0.000,0.000,0.017,0.000,0.000,0.000,0.014,0.012,0.000,0.007,0.000,0.000,0.020,0.001,0.894,0.894
TCGA-C5-A1ML-01A,0.004,0.000,0.020,0.002,0.010,0.000,0.027,0.045,0.021,0.011,0.014,0.000,0.006,0.024,0.001,0.813,0.813
TCGA-IR-A3LB-01A,0.002,0.000,0.004,0.013,0.001,0.000,0.002,0.017,0.196,0.001,0.022,0.001,0.000,0.013,0.000,0.730,0.730
TCGA-VS-A9U7-01A,0.006,0.000,0.030,0.042,0.001,0.000,0.050,0.026,0.004,0.002,0.022,0.000,0.001,0.036,0.005,0.775,0.775
TCGA-EK-A2RK-01A,0.000,0.000,0.016,0.018,0.000,0.000,0.053,0.017,0.000,0.008,0.001,0.000,0.004,0.005,0.000,0.878,0.878
TCGA-C5-A905-01A,0.000,0.000,0.016,0.000,0.000,0.000,0.008,0.028,0.001,0.001,0.006,0.001,0.000,0.018,0.008,0.913,0.913
TCGA-C5-A3HL-01A,0.008,0.000,0.002,0.015,0.000,0.000,0.011,0.035,0.000,0.007,0.000,0.000,0.000,0.044,0.000,0.877,0.877
TCGA-C5-A1MH-01A,0.011,0.000,0.040,0.027,0.023,0.000,0.001,0.048,0.017,0.016,0.138,0.000,0.000,0.036,0.006,0.635,0.635
TCGA-Q1-A5R2-01A,0.001,0.000,0.012,0.023,0.008,0.000,0.009,0.008,0.011,0.005,0.040,0.000,0.000,0.009,0.008,0.865,0.865
TCGA-FU-A3HY-01A,0.000,0.000,0.004,0.004,0.000,0.000,0.001,0.026,0.006,0.009,0.000,0.001,0.001,0.031,0.005,0.912,0.912
TCGA-EA-A439-01A,0.000,0.000,0.000,0.032,0.000,0.000,0.014,0.021,0.138,0.012,0.010,0.000,0.000,0.000,0.000,0.772,0.772
TCGA-C5-A7UH-01A,0.013,0.000,0.013,0.008,0.005,0.000,0.000,0.053,0.010,0.016,0.023,0.000,0.001,0.011,0.007,0.840,0.840
TCGA-C5-A1M7-01A,0.019,0.005,0.042,0.001,0.000,0.000,0.029,0.039,0.007,0.002,0.000,0.003,0.000,0.042,0.002,0.809,0.809
TCGA-EA-A50E-01A,0.001,0.000,0.005,0.000,0.001,0.000,0.000,0.055,0.084,0.020,0.071,0.000,0.000,0.011,0.007,0.745,0.745
TCGA-VS-A9V5-01A,0.004,0.000,0.001,0.008,0.000,0.000,0.000,0.027,0.029,0.001,0.006,0.001,0.000,0.011,0.000,0.912,0.912
TCGA-BI-A20A-01A,0.012,0.000,0.016,0.022,0.010,0.000,0.121,0.028,0.007,0.007,0.013,0.000,0.001,0.003,0.000,0.759,0.759
TCGA-C5-A2LV-01A,0.000,0.000,0.002,0.011,0.000,0.000,0.018,0.028,0.001,0.000,0.011,0.001,0.000,0.000,0.000,0.928,0.928
TCGA-C5-A2LZ-01A,0.005,0.000,0.027,0.036,0.000,0.000,0.035,0.044,0.000,0.004,0.007,0.001,0.000,0.035,0.000,0.805,0.805
TCGA-Q1-A6DV-01A,0.005,0.003,0.002,0.018,0.001,0.000,0.045,0.026,0.002,0.004,0.000,0.005,0.001,0.016,0.000,0.873,0.873
TCGA-EK-A3GN-01A,0.000,0.000,0.000,0.002,0.000,0.000,0.002,0.008,0.022,0.000,0.000,0.001,0.000,0.000,0.001,0.964,0.964
TCGA-ZJ-A8QQ-01A,0.000,0.000,0.003,0.006,0.000,0.000,0.001,0.033,0.000,0.000,0.002,0.000,0.000,0.018,0.000,0.937,0.937
TCGA-LP-A5U3-01A,0.000,0.000,0.017,0.024,0.000,0.000,0.034,0.027,0.000,0.003,0.005,0.000,0.000,0.020,0.000,0.868,0.868
TCGA-VS-A94Z-01A,0.019,0.000,0.026,0.165,0.005,0.000,0.015,0.060,0.020,0.003,0.078,0.001,0.000,0.030,0.000,0.578,0.578
TCGA-EK-A2PG-01A,0.000,0.000,0.000,0.003,0.000,0.000,0.001,0.019,0.000,0.001,0.002,0.000,0.000,0.013,0.001,0.959,0.959
TCGA-DG-A2KL-01A,0.000,0.000,0.025,0.005,0.000,0.000,0.049,0.039,0.181,0.016,0.015,0.002,0.000,0.035,0.008,0.624,0.624
TCGA-EA-A6QX-01A,0.025,0.000,0.026,0.032,0.000,0.000,0.007,0.038,0.020,0.009,0.040,0.001,0.002,0.030,0.004,0.767,0.767
TCGA-VS-A9UT-01A,0.092,0.000,0.025,0.033,0.048,0.000,0.010,0.034,0.050,0.020,0.242,0.001,0.000,0.000,0.004,0.441,0.441
TCGA-C5-A8ZZ-01A,0.001,0.000,0.011,0.000,0.000,0.000,0.000,0.024,0.169,0.015,0.018,0.004,0.000,0.007,0.000,0.752,0.752
TCGA-VS-A959-01A,0.040,0.000,0.029,0.023,0.004,0.000,0.027,0.019,0.035,0.007,0.045,0.003,0.001,0.030,0.002,0.737,0.737
TCGA-VS-A950-01A,0.024,0.000,0.011,0.000,0.000,0.000,0.001,0.047,0.017,0.015,0.001,0.001,0.000,0.009,0.002,0.873,0.873
TCGA-VS-A9UM-01A,0.018,0.000,0.039,0.038,0.001,0.000,0.007,0.048,0.038,0.011,0.040,0.002,0.010,0.069,0.003,0.676,0.676
TCGA-DS-A0VM-01A,0.000,0.000,0.016,0.017,0.000,0.000,0.001,0.022,0.034,0.010,0.008,0.001,0.001,0.009,0.000,0.882,0.882
TCGA-VS-A957-01A,0.000,0.000,0.001,0.003,0.000,0.000,0.014,0.012,0.000,0.003,0.001,0.000,0.001,0.021,0.000,0.945,0.945
TCGA-EA-A3HR-01A,0.000,0.000,0.008,0.011,0.000,0.000,0.021,0.041,0.000,0.019,0.001,0.001,0.000,0.044,0.000,0.854,0.854
TCGA-C5-A2M2-01A,0.000,0.000,0.001,0.023,0.000,0.000,0.001,0.009,0.011,0.000,0.005,0.000,0.000,0.003,0.000,0.948,0.948
TCGA-VS-A9UV-01A,0.004,0.000,0.002,0.007,0.000,0.000,0.003,0.027,0.000,0.001,0.000,0.001,0.000,0.030,0.011,0.913,0.913
TCGA-EX-A3L1-01A,0.005,0.000,0.014,0.003,0.000,0.000,0.006,0.043,0.059,0.002,0.009,0.002,0.000,0.039,0.002,0.814,0.814
TCGA-VS-A9UU-01A,0.010,0.002,0.009,0.008,0.000,0.000,0.009,0.033,0.001,0.003,0.000,0.001,0.001,0.023,0.005,0.895,0.895
TCGA-MY-A5BE-01A,0.040,0.019,0.043,0.090,0.080,0.000,0.101,0.018,0.026,0.001,0.078,0.001,0.001,0.000,0.000,0.502,0.502
TCGA-VS-A94W-01A,0.009,0.000,0.067,0.013,0.023,0.000,0.087,0.029,0.015,0.002,0.028,0.002,0.001,0.022,0.001,0.698,0.698
TCGA-C5-A3HD-01B,0.000,0.000,0.002,0.001,0.000,0.000,0.000,0.016,0.000,0.000,0.000,0.001,0.000,0.001,0.000,0.978,0.978
TCGA-JX-A3PZ-01A,0.000,0.000,0.000,0.024,0.000,0.000,0.025,0.024,0.053,0.005,0.030,0.000,0.003,0.000,0.001,0.837,0.837
TCGA-IR-A3LA-01A,0.002,0.001,0.002,0.007,0.000,0.000,0.006,0.004,0.037,0.001,0.023,0.000,0.000,0.000,0.000,0.916,0.916
TCGA-C5-A3HE-01A,0.007,0.000,0.000,0.059,0.000,0.000,0.007,0.017,0.001,0.000,0.031,0.003,0.001,0.000,0.000,0.873,0.873
TCGA-Q1-A6DT-01A,0.000,0.000,0.010,0.004,0.000,0.000,0.000,0.029,0.000,0.004,0.001,0.000,0.000,0.025,0.000,0.925,0.925
TCGA-C5-A7CL-01A,0.000,0.000,0.008,0.002,0.000,0.000,0.001,0.053,0.038,0.015,0.006,0.002,0.000,0.064,0.001,0.810,0.810
TCGA-IR-A3LK-01A,0.000,0.000,0.001,0.021,0.000,0.000,0.009,0.017,0.000,0.005,0.029,0.000,0.000,0.015,0.000,0.902,0.902
TCGA-MA-AA3X-01A,0.000,0.000,0.009,0.000,0.000,0.011,0.000,0.038,0.001,0.013,0.102,0.000,0.000,0.060,0.005,0.760,0.760
TCGA-C5-A7XC-01A,0.030,0.000,0.013,0.043,0.000,0.000,0.027,0.058,0.070,0.002,0.013,0.005,0.018,0.038,0.011,0.672,0.672
TCGA-VS-A94Y-01A,0.000,0.000,0.007,0.018,0.000,0.000,0.002,0.030,0.067,0.003,0.008,0.001,0.003,0.026,0.001,0.834,0.834
TCGA-EK-A2PM-01A,0.000,0.000,0.000,0.000,0.000,0.000,0.000,0.007,0.022,0.002,0.000,0.000,0.000,0.010,0.009,0.950,0.950
TCGA-FU-A3TQ-01A,0.000,0.004,0.025,0.005,0.000,0.000,0.047,0.039,0.013,0.010,0.000,0.001,0.000,0.066,0.001,0.788,0.788
TCGA-EX-A69M-01A,0.021,0.000,0.002,0.049,0.002,0.000,0.042,0.021,0.000,0.001,0.026,0.000,0.000,0.055,0.000,0.780,0.780
TCGA-ZJ-AAX4-01A,0.000,0.000,0.034,0.016,0.022,0.000,0.024,0.036,0.009,0.003,0.098,0.001,0.000,0.047,0.003,0.705,0.705
TCGA-FU-A40J-01A,0.002,0.000,0.000,0.044,0.000,0.000,0.030,0.020,0.052,0.002,0.004,0.002,0.007,0.004,0.000,0.832,0.832
TCGA-VS-A8QF-01A,0.020,0.000,0.020,0.007,0.007,0.000,0.007,0.017,0.004,0.006,0.036,0.001,0.001,0.036,0.003,0.835,0.835
TCGA-Q1-A73R-01A,0.000,0.000,0.011,0.016,0.000,0.000,0.000,0.035,0.051,0.012,0.000,0.000,0.000,0.000,0.002,0.872,0.872
TCGA-VS-A9V0-01A,0.000,0.000,0.000,0.007,0.000,0.000,0.009,0.024,0.001,0.012,0.000,0.000,0.000,0.006,0.000,0.940,0.940
TCGA-UC-A7PF-01A,0.017,0.001,0.022,0.072,0.000,0.000,0.102,0.023,0.056,0.004,0.032,0.001,0.003,0.035,0.002,0.629,0.629
TCGA-C5-A1BQ-01C,0.000,0.000,0.001,0.075,0.000,0.000,0.001,0.031,0.000,0.001,0.022,0.000,0.001,0.032,0.000,0.836,0.836
TCGA-C5-A1MN-01A,0.000,0.000,0.010,0.005,0.000,0.000,0.001,0.048,0.018,0.000,0.001,0.000,0.001,0.024,0.001,0.890,0.890
TCGA-VS-A8EB-01A,0.000,0.000,0.000,0.035,0.000,0.000,0.011,0.022,0.008,0.002,0.010,0.000,0.008,0.001,0.001,0.902,0.902
TCGA-MY-A5BD-01A,0.000,0.000,0.006,0.014,0.000,0.000,0.034,0.012,0.005,0.002,0.000,0.003,0.002,0.000,0.000,0.921,0.921
TCGA-C5-A3HF-01A,0.017,0.000,0.021,0.022,0.002,0.000,0.037,0.029,0.062,0.000,0.011,0.003,0.001,0.012,0.002,0.779,0.779
TCGA-HM-A6W2-01A,0.013,0.000,0.014,0.000,0.000,0.000,0.006,0.024,0.086,0.008,0.036,0.001,0.000,0.000,0.000,0.812,0.812
TCGA-C5-A2LS-01A,0.001,0.000,0.000,0.008,0.000,0.000,0.023,0.009,0.004,0.000,0.000,0.000,0.000,0.000,0.001,0.954,0.954
TCGA-C5-A8YT-01A,0.000,0.000,0.000,0.018,0.000,0.000,0.003,0.046,0.273,0.000,0.002,0.004,0.021,0.000,0.000,0.630,0.630
TCGA-C5-A901-01A,0.006,0.001,0.025,0.001,0.000,0.002,0.008,0.040,0.014,0.008,0.003,0.001,0.000,0.058,0.003,0.830,0.830
TCGA-MU-A51Y-01A,0.001,0.001,0.046,0.044,0.001,0.000,0.101,0.062,0.048,0.010,0.035,0.000,0.007,0.045,0.003,0.595,0.595
TCGA-EA-A5ZE-01A,0.004,0.000,0.021,0.009,0.000,0.000,0.114,0.057,0.000,0.011,0.027,0.000,0.007,0.006,0.000,0.743,0.743
TCGA-IR-A3LI-01A,0.000,0.000,0.000,0.004,0.000,0.000,0.001,0.002,0.006,0.000,0.000,0.000,0.000,0.009,0.000,0.977,0.977
TCGA-ZJ-AAXA-01A,0.000,0.000,0.003,0.000,0.000,0.000,0.001,0.043,0.000,0.012,0.024,0.000,0.000,0.005,0.000,0.911,0.911
TCGA-FU-A3NI-01A,0.000,0.000,0.022,0.009,0.000,0.000,0.021,0.026,0.034,0.009,0.026,0.001,0.000,0.009,0.002,0.840,0.840
TCGA-DG-A2KM-01A,0.039,0.010,0.029,0.088,0.073,0.000,0.053,0.019,0.054,0.003,0.212,0.000,0.001,0.032,0.000,0.386,0.386
TCGA-EA-A97N-01A,0.000,0.000,0.015,0.000,0.000,0.000,0.022,0.048,0.078,0.021,0.001,0.001,0.000,0.035,0.001,0.778,0.778
TCGA-DG-A2KJ-01A,0.023,0.001,0.011,0.015,0.000,0.000,0.036,0.010,0.013,0.000,0.015,0.003,0.005,0.000,0.002,0.866,0.866
TCGA-VS-A8QM-01A,0.016,0.014,0.041,0.014,0.046,0.029,0.033,0.074,0.063,0.029,0.017,0.002,0.009,0.033,0.009,0.570,0.570
TCGA-VS-A8EL-01A,0.005,0.000,0.023,0.058,0.010,0.000,0.010,0.016,0.061,0.002,0.081,0.000,0.001,0.049,0.005,0.680,0.680
TCGA-Q1-A73P-01A,0.004,0.000,0.011,0.039,0.000,0.000,0.017,0.016,0.027,0.004,0.034,0.001,0.000,0.009,0.000,0.836,0.836
TCGA-PN-A8MA-01A,0.026,0.000,0.022,0.018,0.029,0.000,0.019,0.049,0.026,0.013,0.026,0.000,0.000,0.000,0.000,0.772,0.772
TCGA-C5-A1BN-01B,0.000,0.000,0.003,0.001,0.000,0.000,0.000,0.041,0.000,0.000,0.000,0.002,0.000,0.007,0.000,0.945,0.945
TCGA-DS-A1O9-01A,0.000,0.000,0.031,0.018,0.000,0.000,0.002,0.063,0.060,0.013,0.090,0.001,0.002,0.031,0.000,0.690,0.690
TCGA-DS-A7WH-01A,0.000,0.000,0.000,0.012,0.000,0.000,0.000,0.066,0.170,0.014,0.010,0.002,0.000,0.010,0.001,0.715,0.715
TCGA-VS-A9UL-01A,0.001,0.000,0.001,0.000,0.001,0.000,0.000,0.007,0.065,0.005,0.000,0.000,0.000,0.000,0.001,0.918,0.918
TCGA-VS-A953-01A,0.000,0.000,0.000,0.022,0.000,0.000,0.000,0.024,0.000,0.000,0.017,0.000,0.000,0.000,0.000,0.936,0.936
TCGA-FU-A770-01A,0.000,0.000,0.002,0.005,0.000,0.000,0.007,0.020,0.011,0.001,0.001,0.001,0.000,0.001,0.001,0.949,0.949
TCGA-C5-A7CM-01A,0.047,0.000,0.000,0.002,0.000,0.000,0.000,0.026,0.013,0.001,0.006,0.000,0.000,0.009,0.000,0.896,0.896
TCGA-ZJ-AAXT-01A,0.004,0.000,0.018,0.010,0.004,0.000,0.000,0.027,0.000,0.016,0.010,0.001,0.000,0.040,0.000,0.870,0.870
TCGA-EK-A2R8-01A,0.000,0.000,0.003,0.018,0.000,0.000,0.000,0.031,0.039,0.000,0.003,0.001,0.000,0.002,0.000,0.901,0.901
TCGA-C5-A1BJ-01A,0.000,0.002,0.042,0.014,0.019,0.001,0.018,0.049,0.058,0.015,0.000,0.003,0.001,0.040,0.008,0.730,0.730
TCGA-VS-A9UJ-01A,0.000,0.000,0.001,0.000,0.000,0.000,0.002,0.018,0.040,0.000,0.000,0.000,0.000,0.016,0.001,0.921,0.921
TCGA-EA-A3HQ-01A,0.000,0.000,0.030,0.006,0.005,0.000,0.025,0.042,0.027,0.008,0.101,0.000,0.000,0.032,0.001,0.722,0.722
TCGA-JX-A5QV-01A,0.000,0.000,0.022,0.016,0.000,0.000,0.046,0.021,0.002,0.000,0.027,0.003,0.002,0.014,0.001,0.845,0.845
TCGA-C5-A1M8-01A,0.000,0.000,0.001,0.000,0.001,0.005,0.001,0.018,0.002,0.009,0.001,0.000,0.001,0.014,0.004,0.943,0.943
TCGA-ZJ-AB0I-01A,0.000,0.000,0.000,0.018,0.000,0.000,0.012,0.027,0.007,0.001,0.000,0.000,0.001,0.021,0.000,0.911,0.911
TCGA-C5-A0TN-01A,0.000,0.000,0.011,0.008,0.000,0.000,0.000,0.033,0.020,0.003,0.002,0.000,0.000,0.000,0.000,0.921,0.921
TCGA-VS-A9UB-01A,0.000,0.000,0.008,0.074,0.013,0.000,0.023,0.033,0.003,0.003,0.069,0.001,0.001,0.016,0.010,0.747,0.747
TCGA-LP-A4AU-01A,0.018,0.000,0.008,0.027,0.000,0.000,0.002,0.063,0.003,0.018,0.000,0.001,0.001,0.032,0.001,0.826,0.826
TCGA-ZJ-AAXN-01A,0.000,0.000,0.006,0.032,0.000,0.000,0.008,0.039,0.032,0.003,0.001,0.003,0.010,0.018,0.001,0.845,0.845
TCGA-C5-A2LY-01A,0.004,0.000,0.008,0.079,0.000,0.000,0.099,0.008,0.002,0.001,0.022,0.001,0.004,0.005,0.005,0.762,0.762
TCGA-EK-A2GZ-01A,0.000,0.000,0.018,0.005,0.000,0.000,0.000,0.019,0.000,0.004,0.013,0.001,0.004,0.030,0.000,0.905,0.905
TCGA-ZJ-A8QO-01A,0.039,0.000,0.077,0.002,0.048,0.000,0.046,0.025,0.107,0.011,0.059,0.000,0.000,0.007,0.002,0.575,0.575
TCGA-FU-A2QG-01A,0.000,0.000,0.012,0.021,0.000,0.000,0.010,0.052,0.003,0.002,0.000,0.002,0.012,0.025,0.008,0.856,0.856
TCGA-BI-A0VS-01A,0.008,0.010,0.047,0.000,0.019,0.000,0.016,0.030,0.062,0.002,0.031,0.001,0.000,0.001,0.001,0.771,0.771
TCGA-DG-A2KH-01A,0.000,0.000,0.000,0.014,0.000,0.000,0.021,0.005,0.000,0.000,0.000,0.000,0.000,0.000,0.000,0.959,0.959
TCGA-EK-A2RB-01A,0.000,0.000,0.000,0.012,0.000,0.000,0.001,0.010,0.000,0.002,0.002,0.000,0.001,0.019,0.000,0.952,0.952
TCGA-VS-A8EI-01A,0.014,0.000,0.015,0.015,0.038,0.000,0.015,0.048,0.034,0.009,0.022,0.003,0.002,0.009,0.003,0.774,0.774
TCGA-EK-A2IP-01A,0.000,0.000,0.014,0.012,0.000,0.000,0.002,0.033,0.000,0.000,0.000,0.000,0.000,0.007,0.000,0.930,0.930
TCGA-JW-AAVH-01A,0.000,0.000,0.009,0.014,0.000,0.000,0.005,0.022,0.004,0.003,0.000,0.001,0.006,0.026,0.002,0.909,0.909
TCGA-MU-A5YI-01A,0.000,0.000,0.030,0.010,0.000,0.000,0.056,0.089,0.156,0.025,0.006,0.000,0.001,0.000,0.000,0.627,0.627
TCGA-C5-A7UE-01A,0.001,0.000,0.011,0.001,0.000,0.000,0.011,0.013,0.001,0.000,0.000,0.002,0.000,0.026,0.007,0.926,0.926
TCGA-UC-A7PD-01A,0.002,0.000,0.012,0.004,0.000,0.000,0.004,0.045,0.000,0.001,0.000,0.001,0.002,0.011,0.000,0.917,0.917
TCGA-DS-A1OC-01A,0.009,0.000,0.017,0.035,0.006,0.000,0.000,0.031,0.003,0.002,0.066,0.001,0.002,0.048,0.005,0.777,0.777
TCGA-EA-A1QT-01A,0.000,0.000,0.012,0.017,0.000,0.000,0.002,0.024,0.013,0.002,0.000,0.000,0.002,0.010,0.021,0.897,0.897
TCGA-FU-A3TX-01A,0.000,0.000,0.014,0.003,0.023,0.000,0.031,0.033,0.022,0.012,0.011,0.001,0.000,0.009,0.001,0.842,0.842
TCGA-VS-A9UQ-01A,0.008,0.000,0.004,0.025,0.002,0.000,0.025,0.031,0.081,0.001,0.016,0.003,0.000,0.000,0.000,0.803,0.803
TCGA-FU-A3YQ-01A,0.039,0.000,0.054,0.025,0.012,0.001,0.053,0.055,0.064,0.002,0.016,0.003,0.001,0.061,0.004,0.611,0.611
TCGA-EA-A5O9-01A,0.000,0.000,0.004,0.017,0.000,0.000,0.014,0.016,0.000,0.000,0.001,0.000,0.000,0.026,0.000,0.922,0.922
TCGA-MA-AA3W-01A,0.006,0.009,0.035,0.091,0.001,0.000,0.116,0.036,0.000,0.013,0.016,0.001,0.002,0.020,0.000,0.653,0.653
TCGA-VS-A8QC-01A,0.002,0.000,0.013,0.012,0.000,0.000,0.003,0.022,0.062,0.008,0.013,0.001,0.004,0.019,0.003,0.837,0.837
TCGA-VS-A9V2-01A,0.001,0.000,0.017,0.069,0.000,0.000,0.086,0.034,0.007,0.000,0.008,0.003,0.001,0.033,0.002,0.739,0.739
TCGA-MY-A913-01A,0.010,0.000,0.033,0.020,0.000,0.000,0.002,0.044,0.019,0.001,0.032,0.002,0.001,0.018,0.000,0.817,0.817
TCGA-JW-A5VK-01A,0.000,0.000,0.002,0.000,0.000,0.000,0.003,0.008,0.000,0.003,0.000,0.000,0.000,0.003,0.000,0.981,0.981
TCGA-VS-A9UO-01A,0.005,0.000,0.000,0.033,0.000,0.000,0.001,0.012,0.005,0.000,0.002,0.000,0.000,0.008,0.000,0.933,0.933
TCGA-C5-A7X3-01A,0.044,0.000,0.021,0.017,0.001,0.000,0.007,0.032,0.056,0.004,0.044,0.002,0.003,0.000,0.000,0.766,0.766
TCGA-C5-A1M9-01A,0.000,0.000,0.001,0.015,0.000,0.000,0.002,0.011,0.009,0.001,0.026,0.002,0.000,0.017,0.001,0.914,0.914
TCGA-EA-A44S-01A,0.000,0.000,0.026,0.022,0.008,0.001,0.015,0.019,0.002,0.007,0.040,0.002,0.004,0.039,0.010,0.806,0.806
TCGA-EA-A43B-01A,0.011,0.000,0.010,0.027,0.000,0.000,0.016,0.034,0.019,0.003,0.005,0.002,0.003,0.007,0.003,0.860,0.860
TCGA-FU-A3HZ-01A,0.000,0.000,0.011,0.011,0.004,0.000,0.000,0.006,0.033,0.000,0.023,0.001,0.000,0.000,0.000,0.910,0.910
TCGA-C5-A1MJ-01A,0.000,0.000,0.020,0.005,0.001,0.000,0.003,0.037,0.075,0.017,0.058,0.003,0.000,0.000,0.000,0.781,0.781
TCGA-JW-A69B-01A,0.011,0.000,0.013,0.002,0.000,0.000,0.005,0.029,0.029,0.004,0.082,0.001,0.000,0.014,0.000,0.810,0.810
TCGA-EA-A3QD-01A,0.012,0.017,0.052,0.040,0.060,0.001,0.034,0.014,0.054,0.004,0.113,0.000,0.000,0.010,0.002,0.586,0.586
TCGA-MU-A8JM-01A,0.003,0.000,0.028,0.017,0.000,0.000,0.045,0.043,0.000,0.001,0.000,0.003,0.001,0.054,0.000,0.805,0.805
TCGA-VS-A8EC-01A,0.000,0.000,0.001,0.000,0.000,0.000,0.000,0.009,0.002,0.002,0.001,0.001,0.000,0.000,0.002,0.982,0.982
TCGA-C5-A1BK-01B,0.005,0.006,0.055,0.058,0.005,0.000,0.124,0.025,0.004,0.006,0.009,0.000,0.000,0.022,0.003,0.677,0.677
TCGA-VS-A8EG-01A,0.001,0.000,0.008,0.006,0.000,0.000,0.015,0.033,0.000,0.006,0.000,0.000,0.000,0.040,0.000,0.891,0.891
TCGA-ZJ-AAXJ-01A,0.008,0.000,0.013,0.003,0.000,0.000,0.020,0.010,0.000,0.001,0.000,0.000,0.000,0.024,0.001,0.919,0.919
TCGA-EK-A2RN-01A,0.000,0.000,0.003,0.000,0.000,0.000,0.010,0.007,0.000,0.002,0.003,0.000,0.000,0.056,0.000,0.918,0.918
TCGA-MA-AA41-01A,0.000,0.000,0.000,0.034,0.000,0.000,0.022,0.018,0.001,0.007,0.002,0.001,0.001,0.016,0.009,0.888,0.888
TCGA-C5-A907-01A,0.000,0.000,0.002,0.028,0.000,0.000,0.004,0.020,0.000,0.006,0.013,0.001,0.001,0.001,0.000,0.924,0.924
TCGA-DS-A0VN-01A,0.000,0.000,0.020,0.064,0.038,0.000,0.024,0.038,0.042,0.010,0.025,0.001,0.000,0.015,0.004,0.719,0.719
TCGA-VS-A8Q8-01A,0.002,0.000,0.016,0.029,0.000,0.000,0.043,0.057,0.000,0.000,0.005,0.002,0.001,0.053,0.000,0.792,0.792
TCGA-FU-A23K-01A,0.016,0.000,0.012,0.011,0.010,0.000,0.011,0.009,0.020,0.004,0.022,0.001,0.000,0.000,0.001,0.882,0.882
TCGA-EA-A410-01A,0.002,0.000,0.004,0.014,0.003,0.000,0.000,0.033,0.120,0.000,0.021,0.000,0.000,0.000,0.000,0.803,0.803
TCGA-FU-A57G-01A,0.000,0.000,0.010,0.000,0.000,0.000,0.000,0.135,0.133,0.109,0.004,0.005,0.001,0.000,0.000,0.604,0.604
TCGA-ZJ-AAXB-01A,0.000,0.000,0.010,0.000,0.000,0.000,0.001,0.005,0.046,0.007,0.003,0.000,0.000,0.000,0.004,0.923,0.923
TCGA-EK-A2PK-01A,0.065,0.000,0.008,0.059,0.000,0.000,0.010,0.041,0.001,0.003,0.052,0.000,0.018,0.000,0.000,0.743,0.743
TCGA-C5-A1MQ-01A,0.036,0.000,0.027,0.016,0.000,0.000,0.016,0.005,0.039,0.001,0.089,0.004,0.001,0.003,0.001,0.761,0.761
TCGA-EA-A3HS-01A,0.000,0.003,0.026,0.038,0.000,0.000,0.002,0.058,0.040,0.007,0.024,0.002,0.005,0.036,0.002,0.755,0.755
TCGA-DS-A7WF-01A,0.003,0.000,0.013,0.016,0.000,0.000,0.015,0.030,0.058,0.021,0.004,0.001,0.000,0.000,0.000,0.838,0.838
TCGA-VS-A9U5-01A,0.027,0.008,0.013,0.026,0.045,0.000,0.021,0.028,0.004,0.002,0.035,0.000,0.000,0.013,0.001,0.777,0.777
TCGA-DR-A0ZM-01A,0.003,0.000,0.047,0.043,0.000,0.000,0.067,0.009,0.000,0.004,0.002,0.000,0.000,0.026,0.002,0.795,0.795
TCGA-VS-A9UZ-01A,0.032,0.000,0.014,0.033,0.004,0.000,0.025,0.033,0.023,0.010,0.017,0.002,0.001,0.009,0.000,0.797,0.797
TCGA-DS-A7WI-01A,0.000,0.000,0.000,0.015,0.000,0.000,0.000,0.015,0.000,0.000,0.012,0.001,0.002,0.017,0.000,0.938,0.938
TCGA-EX-A69L-01A,0.018,0.000,0.025,0.041,0.018,0.000,0.089,0.037,0.011,0.005,0.018,0.001,0.000,0.022,0.000,0.714,0.714
TCGA-Q1-A73Q-01A,0.005,0.000,0.015,0.000,0.000,0.000,0.031,0.015,0.024,0.006,0.000,0.003,0.000,0.017,0.001,0.882,0.882
TCGA-VS-A9UI-01A,0.002,0.000,0.043,0.028,0.000,0.000,0.024,0.022,0.000,0.003,0.003,0.000,0.001,0.047,0.000,0.826,0.826
TCGA-C5-A8XI-01A,0.008,0.005,0.029,0.031,0.005,0.000,0.022,0.036,0.026,0.007,0.000,0.000,0.002,0.015,0.001,0.812,0.812
TCGA-VS-A8Q9-01A,0.000,0.000,0.000,0.016,0.000,0.000,0.000,0.032,0.000,0.018,0.002,0.000,0.000,0.003,0.000,0.929,0.929
TCGA-C5-A2LT-01A,0.005,0.001,0.012,0.020,0.000,0.000,0.001,0.050,0.087,0.002,0.010,0.004,0.002,0.000,0.000,0.806,0.806
TCGA-ZX-AA5X-01A,0.005,0.001,0.028,0.005,0.000,0.001,0.035,0.105,0.118,0.038,0.024,0.005,0.014,0.025,0.005,0.592,0.592
TCGA-GH-A9DA-01A,0.000,0.000,0.013,0.014,0.000,0.000,0.014,0.026,0.020,0.001,0.016,0.001,0.000,0.021,0.001,0.873,0.873
TCGA-C5-A7CH-01A,0.000,0.000,0.014,0.001,0.000,0.000,0.005,0.034,0.028,0.010,0.000,0.001,0.000,0.031,0.005,0.870,0.870
TCGA-EA-A3Y4-01A,0.000,0.000,0.000,0.085,0.001,0.000,0.019,0.009,0.016,0.001,0.007,0.000,0.002,0.000,0.000,0.859,0.859
TCGA-EX-A1H6-01B,0.001,0.000,0.000,0.015,0.000,0.000,0.000,0.008,0.056,0.003,0.003,0.004,0.000,0.000,0.000,0.910,0.910
TCGA-C5-A1BE-01B,0.000,0.000,0.018,0.003,0.000,0.000,0.021,0.035,0.006,0.009,0.008,0.000,0.000,0.023,0.005,0.872,0.872
TCGA-C5-A8XK-01A,0.000,0.000,0.000,0.006,0.000,0.000,0.000,0.035,0.005,0.011,0.037,0.000,0.000,0.011,0.004,0.890,0.890
TCGA-RA-A741-01A,0.024,0.000,0.018,0.036,0.000,0.000,0.074,0.021,0.025,0.005,0.023,0.005,0.002,0.024,0.000,0.743,0.743
TCGA-VS-A958-01A,0.011,0.000,0.015,0.139,0.000,0.000,0.027,0.035,0.000,0.001,0.038,0.000,0.003,0.043,0.000,0.689,0.689
TCGA-MA-AA43-01A,0.006,0.000,0.015,0.002,0.000,0.000,0.010,0.042,0.105,0.054,0.000,0.001,0.001,0.013,0.004,0.749,0.749
TCGA-JW-A5VH-01A,0.000,0.000,0.004,0.000,0.000,0.000,0.000,0.030,0.048,0.005,0.000,0.001,0.000,0.000,0.000,0.912,0.912
TCGA-VS-A9UY-01A,0.002,0.000,0.015,0.021,0.000,0.000,0.000,0.064,0.000,0.003,0.027,0.000,0.000,0.062,0.000,0.805,0.805
TCGA-VS-A9UC-01A,0.000,0.000,0.009,0.048,0.000,0.000,0.000,0.023,0.034,0.004,0.012,0.000,0.001,0.049,0.001,0.817,0.817
TCGA-C5-A8YQ-01A,0.000,0.001,0.002,0.000,0.007,0.001,0.001,0.003,0.009,0.003,0.030,0.003,0.000,0.026,0.006,0.908,0.908
TCGA-MA-AA3Y-01A,0.010,0.000,0.026,0.054,0.000,0.000,0.014,0.056,0.015,0.002,0.034,0.001,0.000,0.022,0.008,0.757,0.757
TCGA-VS-A8EK-01A,0.013,0.000,0.021,0.010,0.000,0.000,0.000,0.031,0.001,0.006,0.014,0.001,0.003,0.041,0.013,0.846,0.846
TCGA-LP-A4AV-01A,0.012,0.000,0.015,0.015,0.000,0.000,0.016,0.007,0.043,0.005,0.056,0.002,0.004,0.000,0.001,0.822,0.822
TCGA-C5-A7CG-01A,0.012,0.033,0.043,0.117,0.048,0.000,0.069,0.026,0.025,0.002,0.054,0.001,0.001,0.007,0.000,0.561,0.561
TCGA-VS-A952-01A,0.020,0.000,0.000,0.014,0.000,0.000,0.008,0.015,0.014,0.000,0.002,0.000,0.000,0.004,0.000,0.922,0.922
TCGA-EK-A2PL-01A,0.000,0.000,0.008,0.012,0.000,0.000,0.002,0.019,0.000,0.000,0.001,0.000,0.000,0.026,0.000,0.931,0.931
TCGA-EK-A2H1-01A,0.004,0.000,0.023,0.019,0.000,0.000,0.000,0.045,0.065,0.005,0.034,0.002,0.002,0.000,0.003,0.796,0.796
TCGA-VS-A9UP-01A,0.007,0.000,0.009,0.001,0.013,0.000,0.000,0.005,0.054,0.014,0.000,0.004,0.002,0.001,0.000,0.889,0.889
TCGA-C5-A1BF-01B,0.000,0.000,0.006,0.016,0.000,0.000,0.013,0.060,0.124,0.041,0.016,0.000,0.004,0.001,0.001,0.717,0.717
TCGA-DS-A3LQ-01A,0.004,0.000,0.011,0.000,0.005,0.000,0.000,0.016,0.044,0.009,0.122,0.001,0.001,0.003,0.002,0.783,0.783
TCGA-C5-A1MP-01A,0.021,0.000,0.043,0.005,0.021,0.005,0.078,0.056,0.075,0.003,0.077,0.003,0.002,0.056,0.001,0.555,0.555
TCGA-EK-A2RA-01A,0.000,0.000,0.022,0.062,0.003,0.000,0.104,0.016,0.000,0.001,0.005,0.000,0.004,0.018,0.000,0.765,0.765
TCGA-EX-A1H5-01A,0.007,0.000,0.014,0.014,0.000,0.000,0.014,0.044,0.016,0.010,0.000,0.003,0.000,0.007,0.001,0.869,0.869
TCGA-JW-A5VI-01A,0.012,0.000,0.025,0.033,0.011,0.000,0.009,0.048,0.055,0.006,0.013,0.001,0.001,0.032,0.007,0.747,0.747
TCGA-JX-A3Q8-01A,0.008,0.000,0.000,0.044,0.000,0.000,0.018,0.025,0.000,0.000,0.037,0.001,0.000,0.000,0.000,0.867,0.867
TCGA-IR-A3LC-01A,0.000,0.000,0.001,0.009,0.000,0.000,0.007,0.035,0.004,0.007,0.008,0.001,0.009,0.028,0.003,0.889,0.889
TCGA-EK-A2H0-01A,0.000,0.000,0.000,0.008,0.000,0.000,0.002,0.016,0.000,0.000,0.004,0.000,0.001,0.015,0.000,0.954,0.954
TCGA-IR-A3LH-01A,0.023,0.000,0.031,0.052,0.027,0.000,0.039,0.038,0.109,0.004,0.191,0.000,0.000,0.004,0.000,0.483,0.483
TCGA-DS-A1OA-01A,0.012,0.000,0.035,0.028,0.001,0.000,0.044,0.061,0.043,0.013,0.048,0.000,0.002,0.019,0.001,0.694,0.694
TCGA-DS-A0VL-01A,0.001,0.000,0.008,0.037,0.000,0.000,0.033,0.055,0.002,0.007,0.002,0.000,0.000,0.028,0.001,0.827,0.827
TCGA-EA-A1QS-01A,0.007,0.000,0.012,0.000,0.003,0.000,0.029,0.089,0.318,0.043,0.026,0.004,0.001,0.000,0.001,0.467,0.467
TCGA-EA-A78R-01A,0.000,0.000,0.016,0.005,0.000,0.000,0.020,0.024,0.030,0.012,0.005,0.000,0.000,0.014,0.002,0.873,0.873
TCGA-LP-A7HU-01A,0.000,0.000,0.017,0.030,0.000,0.000,0.026,0.011,0.026,0.006,0.028,0.000,0.000,0.000,0.000,0.855,0.855
TCGA-UC-A7PI-01A,0.000,0.000,0.002,0.019,0.000,0.000,0.004,0.008,0.000,0.003,0.023,0.001,0.000,0.015,0.000,0.926,0.926
