,Plasma B cells,Non-plasma B cells,CD4 T,CD8 T effector,CD8 T (GZMK high),Double-neg-like T,DC,Endothelial Cells,CAFs,Myofibroblasts,Macrophages,Mast Cells,NK,Neutrophils,Monocytes,1-others,Cancer Cells
TCGA-C8-A278-01A,0.062,0.007,0.029,0.004,0.018,0.000,0.006,0.037,0.140,0.004,0.137,0.003,0.000,0.001,0.000,0.551,0.551
TCGA-A7-A425-01A,0.007,0.000,0.004,0.001,0.007,0.000,0.023,0.081,0.192,0.027,0.094,0.000,0.000,0.009,0.000,0.551,0.551
TCGA-E2-A15H-01A,0.007,0.000,0.000,0.008,0.001,0.000,0.006,0.022,0.159,0.008,0.035,0.000,0.000,0.004,0.000,0.749,0.749
TCGA-A8-A06N-01A,0.001,0.000,0.001,0.006,0.000,0.000,0.000,0.021,0.000,0.004,0.048,0.000,0.000,0.009,0.000,0.911,0.911
TCGA-E2-A570-01A,0.002,0.000,0.006,0.002,0.002,0.000,0.006,0.040,0.299,0.016,0.041,0.001,0.000,0.004,0.000,0.581,0.581
TCGA-BH-A1FL-01A,0.000,0.009,0.005,0.000,0.007,0.000,0.006,0.065,0.132,0.025,0.039,0.005,0.000,0.009,0.000,0.696,0.696
TCGA-E2-A56Z-01A,0.012,0.000,0.004,0.008,0.001,0.000,0.001,0.031,0.063,0.022,0.019,0.000,0.000,0.001,0.000,0.838,0.838
TCGA-E9-A1RI-01A,0.005,0.000,0.008,0.001,0.003,0.000,0.003,0.035,0.324,0.010,0.081,0.005,0.000,0.005,0.000,0.519,0.519
TCGA-BH-A0DP-01A,0.006,0.002,0.009,0.001,0.012,0.001,0.024,0.056,0.280,0.013,0.084,0.004,0.000,0.005,0.000,0.501,0.501
TCGA-AR-A0U3-01A,0.006,0.000,0.012,0.009,0.001,0.000,0.012,0.035,0.050,0.006,0.042,0.000,0.000,0.007,0.000,0.819,0.819
TCGA-BH-A18L-01A,0.002,0.000,0.005,0.000,0.004,0.000,0.000,0.053,0.002,0.022,0.052,0.000,0.000,0.006,0.000,0.855,0.855
TCGA-A7-A3J1-01A,0.010,0.020,0.020,0.015,0.031,0.001,0.057,0.102,0.192,0.040,0.078,0.002,0.001,0.010,0.001,0.419,0.419
TCGA-AC-A6IW-01A,0.001,0.004,0.034,0.000,0.019,0.000,0.100,0.021,0.028,0.008,0.180,0.000,0.000,0.000,0.000,0.603,0.603
TCGA-AC-A3YI-01A,0.003,0.001,0.003,0.001,0.008,0.000,0.024,0.125,0.358,0.027,0.037,0.003,0.000,0.009,0.002,0.400,0.400
TCGA-D8-A1XG-01A,0.004,0.000,0.001,0.000,0.000,0.000,0.007,0.026,0.133,0.055,0.052,0.000,0.000,0.010,0.000,0.711,0.711
TCGA-A8-A082-01A,0.000,0.000,0.004,0.001,0.000,0.000,0.000,0.028,0.131,0.010,0.095,0.001,0.000,0.004,0.000,0.723,0.723
TCGA-OL-A5RU-01A,0.064,0.033,0.023,0.001,0.039,0.005,0.053,0.065,0.125,0.038,0.031,0.001,0.001,0.006,0.000,0.518,0.518
TCGA-BH-A0HA-01A,0.014,0.000,0.028,0.001,0.010,0.000,0.028,0.076,0.304,0.019,0.051,0.001,0.000,0.001,0.000,0.465,0.465
TCGA-A2-A3XS-01A,0.015,0.010,0.015,0.001,0.008,0.001,0.021,0.060,0.113,0.020,0.032,0.000,0.001,0.003,0.000,0.700,0.700
TCGA-A2-A0ES-01A,0.001,0.000,0.009,0.000,0.011,0.001,0.031,0.115,0.256,0.056,0.048,0.004,0.000,0.006,0.000,0.461,0.461
TCGA-B6-A0RN-01A,0.000,0.000,0.002,0.000,0.003,0.000,0.010,0.028,0.293,0.004,0.025,0.001,0.000,0.004,0.000,0.630,0.630
TCGA-BH-A2L8-01A,0.011,0.011,0.041,0.010,0.033,0.000,0.057,0.034,0.232,0.008,0.085,0.004,0.001,0.003,0.000,0.469,0.469
TCGA-E2-A108-01A,0.011,0.007,0.034,0.009,0.051,0.000,0.053,0.130,0.284,0.036,0.153,0.009,0.002,0.006,0.001,0.213,0.213
TCGA-AN-A046-01A,0.005,0.000,0.011,0.002,0.023,0.000,0.030,0.029,0.161,0.008,0.080,0.000,0.000,0.000,0.000,0.649,0.649
TCGA-E2-A576-01A,0.017,0.001,0.004,0.006,0.001,0.000,0.008,0.034,0.090,0.015,0.022,0.001,0.000,0.000,0.000,0.802,0.802
TCGA-A2-A3XX-01A,0.021,0.013,0.017,0.002,0.006,0.000,0.013,0.040,0.093,0.025,0.047,0.000,0.001,0.002,0.000,0.718,0.718
TCGA-C8-A137-01A,0.000,0.000,0.001,0.000,0.003,0.000,0.000,0.023,0.129,0.000,0.021,0.000,0.000,0.003,0.000,0.819,0.819
TCGA-A7-A4SC-01A,0.007,0.001,0.002,0.003,0.020,0.001,0.019,0.106,0.248,0.035,0.041,0.005,0.000,0.007,0.000,0.504,0.504
TCGA-E2-A15M-01A,0.003,0.014,0.039,0.006,0.034,0.003,0.041,0.132,0.214,0.022,0.121,0.001,0.000,0.005,0.001,0.365,0.365
TCGA-A8-A08I-01A,0.037,0.001,0.020,0.050,0.056,0.000,0.041,0.013,0.048,0.002,0.165,0.000,0.001,0.010,0.001,0.555,0.555
TCGA-AC-A2FF-01A,0.020,0.010,0.023,0.002,0.019,0.001,0.041,0.151,0.315,0.037,0.066,0.009,0.000,0.005,0.001,0.300,0.300
TCGA-E2-A1L6-01A,0.005,0.001,0.005,0.006,0.001,0.000,0.028,0.058,0.197,0.025,0.056,0.004,0.000,0.009,0.000,0.604,0.604
TCGA-A7-A13E-01B,0.014,0.067,0.010,0.033,0.021,0.048,0.028,0.063,0.172,0.009,0.078,0.003,0.000,0.025,0.001,0.426,0.426
TCGA-AR-A24S-01A,0.000,0.001,0.023,0.002,0.001,0.000,0.019,0.058,0.212,0.022,0.211,0.000,0.000,0.006,0.000,0.445,0.445
TCGA-E2-A155-01A,0.004,0.000,0.001,0.000,0.002,0.000,0.001,0.021,0.040,0.002,0.019,0.000,0.000,0.006,0.000,0.903,0.903
TCGA-C8-A12M-01A,0.010,0.000,0.008,0.001,0.013,0.000,0.003,0.093,0.017,0.023,0.021,0.000,0.000,0.006,0.000,0.806,0.806
TCGA-E2-A14W-01A,0.007,0.000,0.000,0.000,0.000,0.000,0.000,0.001,0.075,0.000,0.020,0.000,0.000,0.001,0.000,0.894,0.894
TCGA-B6-A0RQ-01A,0.000,0.000,0.001,0.000,0.003,0.000,0.014,0.074,0.124,0.038,0.025,0.003,0.000,0.004,0.000,0.712,0.712
TCGA-EW-A1IW-01A,0.000,0.006,0.013,0.001,0.013,0.000,0.022,0.062,0.192,0.029,0.053,0.001,0.000,0.008,0.000,0.599,0.599
TCGA-A1-A0SM-01A,0.001,0.000,0.001,0.004,0.000,0.000,0.002,0.041,0.272,0.010,0.078,0.003,0.000,0.004,0.000,0.584,0.584
TCGA-E9-A1R6-01A,0.005,0.000,0.003,0.003,0.000,0.000,0.002,0.024,0.128,0.017,0.045,0.000,0.000,0.007,0.000,0.766,0.766
TCGA-A2-A0CQ-01A,0.001,0.000,0.000,0.001,0.000,0.000,0.013,0.025,0.077,0.018,0.098,0.000,0.000,0.003,0.000,0.763,0.763
TCGA-OL-A5D7-01A,0.013,0.025,0.036,0.031,0.026,0.000,0.042,0.018,0.040,0.001,0.079,0.000,0.001,0.001,0.000,0.685,0.685
TCGA-D8-A143-01A,0.020,0.001,0.025,0.001,0.012,0.000,0.012,0.048,0.047,0.009,0.044,0.000,0.000,0.004,0.000,0.777,0.777
TCGA-C8-A138-01A,0.016,0.000,0.014,0.026,0.027,0.000,0.033,0.055,0.204,0.035,0.081,0.002,0.000,0.003,0.000,0.504,0.504
TCGA-E2-A14Q-01A,0.005,0.000,0.012,0.002,0.007,0.001,0.018,0.053,0.141,0.023,0.020,0.002,0.000,0.003,0.000,0.714,0.714
TCGA-A2-A0YL-01A,0.001,0.001,0.012,0.002,0.017,0.001,0.029,0.099,0.285,0.031,0.040,0.002,0.000,0.006,0.000,0.474,0.474
TCGA-PL-A8LY-01A,0.003,0.000,0.003,0.000,0.005,0.000,0.026,0.053,0.041,0.034,0.029,0.000,0.000,0.003,0.000,0.802,0.802
TCGA-GM-A2DK-01A,0.003,0.000,0.002,0.000,0.006,0.000,0.011,0.133,0.145,0.045,0.078,0.000,0.000,0.001,0.000,0.574,0.574
TCGA-B6-A0RO-01A,0.019,0.000,0.001,0.000,0.008,0.000,0.001,0.026,0.061,0.006,0.034,0.000,0.000,0.001,0.000,0.842,0.842
TCGA-D8-A142-01A,0.025,0.001,0.012,0.000,0.013,0.000,0.013,0.061,0.245,0.013,0.077,0.000,0.000,0.001,0.000,0.538,0.538
TCGA-C8-A8HP-01A,0.055,0.001,0.024,0.013,0.025,0.000,0.021,0.033,0.090,0.031,0.093,0.000,0.002,0.003,0.001,0.609,0.609
TCGA-E9-A24A-01A,0.000,0.000,0.012,0.001,0.005,0.000,0.004,0.062,0.183,0.015,0.186,0.003,0.000,0.009,0.000,0.519,0.519
TCGA-AO-A0JE-01A,0.018,0.000,0.027,0.005,0.029,0.000,0.023,0.061,0.274,0.004,0.099,0.000,0.001,0.006,0.001,0.453,0.453
TCGA-AR-A1AU-01A,0.008,0.000,0.003,0.001,0.001,0.000,0.003,0.062,0.252,0.032,0.045,0.003,0.000,0.007,0.000,0.582,0.582
TCGA-E9-A1QZ-01A,0.008,0.028,0.025,0.005,0.032,0.007,0.048,0.090,0.175,0.036,0.062,0.006,0.001,0.006,0.000,0.470,0.470
TCGA-AR-A1AQ-01A,0.062,0.014,0.041,0.020,0.017,0.001,0.042,0.030,0.104,0.007,0.095,0.000,0.001,0.002,0.001,0.565,0.565
TCGA-A2-A25A-01A,0.007,0.003,0.012,0.005,0.015,0.002,0.032,0.210,0.287,0.052,0.055,0.010,0.001,0.006,0.001,0.302,0.302
TCGA-E2-A10E-01A,0.001,0.000,0.008,0.000,0.009,0.000,0.017,0.033,0.159,0.016,0.039,0.000,0.000,0.009,0.000,0.708,0.708
TCGA-C8-A3M7-01A,0.027,0.000,0.003,0.000,0.010,0.000,0.008,0.231,0.142,0.120,0.027,0.007,0.000,0.005,0.000,0.417,0.417
TCGA-AQ-A1H3-01A,0.004,0.003,0.014,0.001,0.018,0.001,0.033,0.083,0.225,0.043,0.043,0.000,0.000,0.008,0.000,0.523,0.523
TCGA-E9-A247-01A,0.000,0.000,0.003,0.000,0.002,0.000,0.001,0.019,0.089,0.014,0.021,0.000,0.000,0.002,0.000,0.850,0.850
TCGA-AN-A0FF-01A,0.010,0.000,0.019,0.003,0.012,0.000,0.022,0.061,0.121,0.023,0.104,0.001,0.000,0.006,0.000,0.615,0.615
TCGA-A2-A0YH-01A,0.017,0.000,0.024,0.008,0.017,0.000,0.002,0.022,0.165,0.011,0.172,0.000,0.000,0.006,0.000,0.555,0.555
TCGA-E9-A1RH-01A,0.004,0.000,0.000,0.008,0.001,0.000,0.000,0.014,0.175,0.000,0.059,0.000,0.000,0.005,0.000,0.734,0.734
TCGA-AR-A2LE-01A,0.000,0.000,0.000,0.000,0.001,0.004,0.009,0.068,0.091,0.016,0.026,0.001,0.000,0.001,0.000,0.784,0.784
TCGA-E9-A1N3-01A,0.010,0.000,0.004,0.000,0.002,0.000,0.000,0.033,0.043,0.018,0.045,0.000,0.000,0.005,0.000,0.840,0.840
TCGA-MS-A51U-01A,0.019,0.000,0.004,0.008,0.018,0.001,0.023,0.070,0.303,0.024,0.035,0.000,0.000,0.007,0.001,0.487,0.487
TCGA-A8-A07F-01A,0.000,0.000,0.010,0.001,0.014,0.000,0.007,0.036,0.159,0.014,0.081,0.003,0.000,0.011,0.000,0.663,0.663
TCGA-A8-A08A-01A,0.001,0.000,0.015,0.000,0.009,0.000,0.032,0.021,0.154,0.013,0.100,0.000,0.000,0.006,0.000,0.647,0.647
TCGA-D8-A1JE-01A,0.000,0.000,0.010,0.002,0.003,0.000,0.001,0.026,0.287,0.003,0.124,0.001,0.000,0.003,0.000,0.540,0.540
TCGA-LL-A6FR-01A,0.001,0.000,0.000,0.000,0.000,0.000,0.000,0.015,0.266,0.000,0.041,0.000,0.000,0.000,0.000,0.675,0.675
TCGA-E9-A22D-01A,0.018,0.001,0.039,0.106,0.061,0.000,0.059,0.022,0.090,0.004,0.105,0.000,0.001,0.003,0.000,0.491,0.491
TCGA-A2-A0SX-01A,0.022,0.026,0.042,0.002,0.036,0.001,0.053,0.047,0.203,0.012,0.088,0.000,0.001,0.005,0.001,0.461,0.461
TCGA-EW-A1PH-01A,0.013,0.000,0.009,0.000,0.009,0.000,0.008,0.019,0.133,0.002,0.025,0.000,0.000,0.004,0.000,0.778,0.778
TCGA-AN-A0FK-01A,0.010,0.000,0.000,0.001,0.000,0.000,0.000,0.037,0.086,0.036,0.038,0.000,0.000,0.001,0.000,0.792,0.792
TCGA-A2-A0CX-01A,0.000,0.000,0.013,0.001,0.008,0.000,0.000,0.040,0.211,0.004,0.091,0.000,0.000,0.001,0.000,0.630,0.630
TCGA-E2-A158-01A,0.003,0.001,0.004,0.000,0.001,0.000,0.002,0.021,0.033,0.014,0.017,0.000,0.000,0.002,0.000,0.902,0.902
TCGA-D8-A1X6-01A,0.000,0.000,0.006,0.001,0.006,0.000,0.000,0.018,0.064,0.005,0.152,0.000,0.000,0.006,0.000,0.742,0.742
TCGA-EW-A1P7-01A,0.022,0.121,0.047,0.002,0.051,0.001,0.073,0.083,0.264,0.019,0.046,0.000,0.001,0.006,0.001,0.262,0.262
TCGA-B6-A0IG-01A,0.017,0.000,0.004,0.001,0.005,0.000,0.008,0.026,0.117,0.009,0.019,0.000,0.000,0.003,0.000,0.791,0.791
TCGA-A7-A4SA-01A,0.006,0.000,0.021,0.008,0.034,0.002,0.050,0.065,0.186,0.025,0.064,0.000,0.000,0.006,0.001,0.533,0.533
TCGA-D8-A1JP-01A,0.000,0.000,0.010,0.000,0.015,0.000,0.023,0.053,0.273,0.021,0.101,0.000,0.000,0.006,0.000,0.496,0.496
TCGA-C8-A1HN-01A,0.000,0.000,0.007,0.000,0.006,0.000,0.000,0.019,0.069,0.016,0.068,0.000,0.000,0.003,0.000,0.810,0.810
TCGA-D8-A1XK-01A,0.006,0.000,0.016,0.012,0.006,0.000,0.000,0.013,0.050,0.000,0.091,0.000,0.000,0.005,0.001,0.797,0.797
TCGA-E9-A22A-01A,0.005,0.000,0.023,0.006,0.016,0.000,0.014,0.042,0.377,0.013,0.109,0.002,0.000,0.002,0.000,0.391,0.391
TCGA-AO-A12H-01A,0.001,0.000,0.003,0.000,0.004,0.000,0.000,0.047,0.031,0.029,0.062,0.001,0.000,0.001,0.000,0.820,0.820
TCGA-D8-A1Y2-01A,0.013,0.001,0.022,0.001,0.025,0.000,0.000,0.039,0.292,0.003,0.259,0.000,0.000,0.001,0.000,0.343,0.343
TCGA-D8-A1XW-01A,0.007,0.000,0.017,0.000,0.003,0.000,0.037,0.068,0.086,0.037,0.180,0.000,0.000,0.006,0.000,0.557,0.557
TCGA-OL-A5RZ-01A,0.000,0.000,0.000,0.000,0.007,0.000,0.006,0.026,0.032,0.006,0.029,0.000,0.000,0.000,0.000,0.894,0.894
TCGA-BH-A42V-01A,0.014,0.001,0.011,0.001,0.010,0.007,0.042,0.135,0.221,0.048,0.028,0.004,0.001,0.005,0.001,0.473,0.473
TCGA-BH-A0B7-01A,0.009,0.011,0.019,0.009,0.023,0.005,0.037,0.101,0.184,0.016,0.071,0.000,0.001,0.006,0.001,0.508,0.508
TCGA-C8-A1HO-01A,0.021,0.000,0.005,0.003,0.002,0.000,0.000,0.026,0.075,0.007,0.032,0.000,0.000,0.005,0.000,0.825,0.825
TCGA-A8-A09A-01A,0.002,0.000,0.007,0.001,0.022,0.000,0.019,0.052,0.219,0.021,0.063,0.000,0.000,0.003,0.000,0.591,0.591
TCGA-AO-A129-01A,0.020,0.019,0.024,0.006,0.015,0.000,0.035,0.034,0.134,0.009,0.057,0.000,0.001,0.001,0.000,0.645,0.645
TCGA-AO-A03O-01A,0.009,0.000,0.020,0.012,0.009,0.000,0.011,0.020,0.062,0.006,0.060,0.000,0.000,0.003,0.000,0.787,0.787
TCGA-E2-A10A-01A,0.004,0.000,0.008,0.001,0.000,0.000,0.000,0.038,0.146,0.018,0.073,0.000,0.000,0.010,0.000,0.700,0.700
TCGA-A8-A09E-01A,0.003,0.000,0.001,0.001,0.000,0.000,0.000,0.027,0.078,0.004,0.029,0.000,0.000,0.002,0.000,0.854,0.854
TCGA-AC-A3YJ-01A,0.010,0.000,0.006,0.000,0.009,0.000,0.011,0.033,0.030,0.026,0.109,0.000,0.000,0.000,0.000,0.766,0.766
TCGA-EW-A1IX-01A,0.007,0.001,0.023,0.000,0.005,0.001,0.035,0.064,0.324,0.027,0.072,0.008,0.000,0.009,0.000,0.423,0.423
TCGA-A8-A09N-01A,0.004,0.000,0.006,0.008,0.011,0.000,0.002,0.024,0.127,0.003,0.044,0.003,0.000,0.005,0.000,0.762,0.762
TCGA-AO-A0J6-01A,0.001,0.000,0.016,0.035,0.005,0.000,0.004,0.009,0.036,0.000,0.061,0.000,0.000,0.004,0.000,0.830,0.830
TCGA-AN-A0FJ-01A,0.000,0.001,0.014,0.000,0.006,0.000,0.023,0.055,0.088,0.014,0.028,0.000,0.000,0.001,0.000,0.770,0.770
TCGA-BH-A1ES-01A,0.000,0.000,0.009,0.000,0.000,0.000,0.007,0.025,0.192,0.003,0.020,0.000,0.000,0.005,0.000,0.739,0.739
TCGA-BH-A0E1-01A,0.010,0.000,0.001,0.002,0.000,0.000,0.003,0.070,0.134,0.044,0.026,0.003,0.000,0.002,0.000,0.704,0.704
TCGA-4H-AAAK-01A,0.000,0.000,0.020,0.000,0.003,0.000,0.017,0.032,0.354,0.009,0.061,0.004,0.000,0.002,0.000,0.498,0.498
TCGA-EW-A6S9-01A,0.009,0.000,0.013,0.002,0.000,0.000,0.000,0.033,0.198,0.017,0.064,0.004,0.000,0.007,0.000,0.653,0.653
TCGA-D8-A1JM-01A,0.000,0.000,0.009,0.000,0.015,0.000,0.000,0.015,0.010,0.014,0.013,0.000,0.000,0.002,0.000,0.920,0.920
TCGA-A7-A4SF-01A,0.005,0.000,0.004,0.022,0.007,0.000,0.011,0.013,0.062,0.012,0.051,0.001,0.000,0.005,0.000,0.808,0.808
TCGA-A8-A08R-01A,0.021,0.010,0.024,0.007,0.019,0.000,0.011,0.044,0.141,0.010,0.115,0.000,0.002,0.004,0.001,0.592,0.592
TCGA-D8-A146-01A,0.009,0.011,0.008,0.002,0.009,0.001,0.028,0.065,0.303,0.023,0.069,0.010,0.000,0.006,0.000,0.455,0.455
TCGA-D8-A1X5-01A,0.017,0.000,0.005,0.002,0.003,0.000,0.000,0.017,0.161,0.009,0.128,0.000,0.000,0.006,0.000,0.652,0.652
TCGA-A2-A1FV-01A,0.000,0.000,0.003,0.000,0.000,0.000,0.002,0.089,0.109,0.038,0.015,0.007,0.000,0.007,0.000,0.730,0.730
TCGA-A2-A0CK-01A,0.005,0.000,0.004,0.000,0.011,0.000,0.017,0.097,0.201,0.029,0.048,0.000,0.000,0.001,0.000,0.587,0.587
TCGA-E2-A1IL-01A,0.007,0.000,0.002,0.002,0.008,0.000,0.004,0.064,0.202,0.033,0.050,0.000,0.000,0.013,0.000,0.614,0.614
TCGA-B6-A0X7-01A,0.001,0.000,0.004,0.000,0.001,0.000,0.006,0.099,0.231,0.026,0.030,0.006,0.000,0.005,0.000,0.588,0.588
TCGA-B6-A2IU-01A,0.004,0.000,0.002,0.001,0.001,0.000,0.012,0.055,0.076,0.034,0.027,0.001,0.000,0.007,0.000,0.781,0.781
TCGA-B6-A0WS-01A,0.017,0.001,0.040,0.002,0.030,0.000,0.048,0.056,0.203,0.017,0.051,0.000,0.001,0.005,0.000,0.528,0.528
TCGA-E2-A1IO-01A,0.006,0.002,0.019,0.003,0.034,0.000,0.039,0.069,0.354,0.020,0.042,0.001,0.000,0.006,0.000,0.404,0.404
TCGA-AC-A5EH-01A,0.000,0.000,0.020,0.003,0.011,0.000,0.002,0.028,0.221,0.002,0.106,0.000,0.000,0.002,0.000,0.604,0.604
TCGA-AC-A3BB-01A,0.012,0.011,0.023,0.002,0.024,0.011,0.066,0.102,0.284,0.036,0.069,0.003,0.001,0.006,0.001,0.347,0.347
TCGA-AR-A0TQ-01A,0.021,0.000,0.014,0.034,0.023,0.000,0.026,0.052,0.104,0.012,0.070,0.000,0.000,0.003,0.000,0.639,0.639
TCGA-D8-A1JK-01A,0.021,0.000,0.020,0.024,0.002,0.000,0.010,0.034,0.167,0.009,0.141,0.000,0.001,0.005,0.001,0.562,0.562
TCGA-D8-A1X7-01A,0.011,0.001,0.004,0.001,0.002,0.000,0.001,0.055,0.140,0.030,0.065,0.001,0.000,0.003,0.000,0.686,0.686
TCGA-AO-A1KQ-01A,0.013,0.001,0.007,0.015,0.029,0.000,0.014,0.015,0.114,0.009,0.050,0.001,0.000,0.001,0.000,0.731,0.731
TCGA-PL-A8LX-01A,0.010,0.000,0.005,0.000,0.006,0.000,0.000,0.070,0.003,0.039,0.079,0.000,0.000,0.004,0.000,0.784,0.784
TCGA-AR-A2LH-01A,0.015,0.014,0.029,0.002,0.023,0.004,0.069,0.130,0.123,0.030,0.056,0.000,0.002,0.006,0.001,0.496,0.496
TCGA-BH-A0B8-01A,0.001,0.000,0.002,0.000,0.003,0.000,0.006,0.038,0.127,0.023,0.037,0.003,0.000,0.004,0.000,0.754,0.754
TCGA-A2-A3KD-01A,0.028,0.000,0.002,0.002,0.004,0.001,0.006,0.062,0.152,0.033,0.058,0.001,0.000,0.003,0.000,0.647,0.647
TCGA-A2-A0D4-01A,0.000,0.000,0.001,0.005,0.000,0.000,0.000,0.060,0.024,0.028,0.026,0.000,0.000,0.004,0.000,0.851,0.851
TCGA-D8-A27R-01A,0.019,0.000,0.005,0.011,0.029,0.000,0.012,0.039,0.128,0.018,0.078,0.000,0.000,0.002,0.000,0.659,0.659
TCGA-E2-A1IE-01A,0.001,0.000,0.001,0.001,0.001,0.000,0.000,0.061,0.056,0.027,0.021,0.000,0.000,0.003,0.000,0.827,0.827
TCGA-EW-A1J3-01A,0.000,0.000,0.001,0.001,0.000,0.000,0.005,0.022,0.117,0.020,0.048,0.006,0.000,0.006,0.000,0.775,0.775
TCGA-BH-A18Q-01A,0.006,0.000,0.007,0.019,0.010,0.000,0.027,0.073,0.082,0.023,0.036,0.000,0.001,0.006,0.001,0.707,0.707
TCGA-B6-A1KI-01A,0.001,0.000,0.004,0.000,0.003,0.000,0.002,0.143,0.163,0.062,0.021,0.001,0.000,0.006,0.000,0.594,0.594
TCGA-A7-A26G-01A,0.018,0.009,0.023,0.001,0.018,0.001,0.043,0.073,0.307,0.002,0.081,0.000,0.000,0.008,0.000,0.417,0.417
TCGA-AO-A03M-01B,0.017,0.001,0.025,0.030,0.023,0.000,0.037,0.040,0.089,0.008,0.067,0.000,0.001,0.003,0.001,0.659,0.659
TCGA-A2-A0CS-01A,0.000,0.000,0.009,0.000,0.000,0.000,0.046,0.020,0.218,0.002,0.057,0.007,0.000,0.003,0.000,0.639,0.639
TCGA-C8-A12W-01A,0.049,0.000,0.013,0.002,0.009,0.000,0.001,0.031,0.211,0.009,0.109,0.000,0.000,0.002,0.000,0.562,0.562
TCGA-E2-A1IU-01A,0.021,0.008,0.008,0.001,0.007,0.000,0.013,0.061,0.085,0.021,0.050,0.001,0.000,0.008,0.000,0.716,0.716
TCGA-B6-A0I9-01A,0.012,0.000,0.006,0.000,0.009,0.000,0.001,0.022,0.064,0.004,0.053,0.000,0.000,0.004,0.000,0.824,0.824
TCGA-AO-A128-01A,0.029,0.004,0.035,0.134,0.039,0.000,0.031,0.037,0.068,0.003,0.219,0.000,0.001,0.014,0.001,0.386,0.386
TCGA-A7-A3J0-01A,0.017,0.000,0.019,0.000,0.017,0.000,0.011,0.024,0.013,0.038,0.053,0.000,0.000,0.004,0.000,0.802,0.802
TCGA-E9-A1NE-01A,0.011,0.020,0.026,0.043,0.065,0.001,0.064,0.083,0.194,0.015,0.069,0.001,0.001,0.008,0.001,0.400,0.400
TCGA-AC-A2FB-01A,0.006,0.018,0.044,0.002,0.059,0.002,0.112,0.103,0.135,0.028,0.035,0.011,0.001,0.008,0.001,0.435,0.435
TCGA-AR-A5QP-01A,0.014,0.000,0.009,0.001,0.008,0.000,0.022,0.060,0.250,0.015,0.044,0.000,0.000,0.006,0.000,0.572,0.572
TCGA-A2-A0T4-01A,0.005,0.000,0.013,0.005,0.013,0.000,0.031,0.094,0.279,0.023,0.085,0.011,0.000,0.005,0.001,0.436,0.436
TCGA-BH-A0BL-01A,0.002,0.011,0.032,0.006,0.019,0.000,0.045,0.071,0.301,0.030,0.091,0.000,0.001,0.007,0.001,0.383,0.383
TCGA-BH-A0HY-01A,0.000,0.000,0.000,0.001,0.002,0.000,0.000,0.041,0.150,0.015,0.022,0.000,0.000,0.002,0.000,0.766,0.766
TCGA-E9-A2JT-01A,0.015,0.287,0.080,0.014,0.087,0.025,0.047,0.107,0.108,0.032,0.049,0.001,0.003,0.012,0.002,0.132,0.132
TCGA-A7-A3IY-01A,0.006,0.000,0.008,0.001,0.004,0.000,0.020,0.053,0.161,0.030,0.141,0.001,0.000,0.001,0.000,0.575,0.575
TCGA-A8-A085-01A,0.000,0.000,0.002,0.000,0.000,0.000,0.000,0.051,0.118,0.016,0.028,0.000,0.000,0.003,0.000,0.782,0.782
TCGA-AO-A12B-01A,0.035,0.000,0.000,0.000,0.007,0.000,0.000,0.020,0.020,0.057,0.028,0.000,0.000,0.001,0.000,0.831,0.831
TCGA-A8-A06Y-01A,0.015,0.000,0.000,0.000,0.000,0.000,0.000,0.031,0.018,0.032,0.011,0.000,0.000,0.002,0.000,0.890,0.890
TCGA-A8-A09I-01A,0.002,0.000,0.007,0.037,0.000,0.000,0.000,0.016,0.118,0.001,0.102,0.000,0.000,0.006,0.002,0.709,0.709
TCGA-A8-A0A2-01A,0.009,0.000,0.005,0.001,0.010,0.000,0.013,0.041,0.179,0.007,0.064,0.001,0.000,0.007,0.000,0.661,0.661
TCGA-AC-A2FE-01A,0.006,0.000,0.024,0.003,0.047,0.002,0.049,0.090,0.247,0.018,0.086,0.001,0.001,0.006,0.001,0.419,0.419
TCGA-A7-A13D-01B,0.018,0.015,0.017,0.037,0.002,0.001,0.004,0.055,0.229,0.030,0.027,0.013,0.009,0.018,0.003,0.521,0.521
TCGA-A8-A08J-01A,0.011,0.000,0.012,0.000,0.007,0.000,0.000,0.025,0.141,0.007,0.092,0.000,0.000,0.004,0.000,0.700,0.700
TCGA-5T-A9QA-01A,0.010,0.000,0.001,0.004,0.003,0.000,0.000,0.017,0.000,0.011,0.045,0.000,0.000,0.000,0.000,0.909,0.909
TCGA-A1-A0SQ-01A,0.010,0.000,0.008,0.000,0.004,0.000,0.004,0.062,0.046,0.026,0.068,0.000,0.000,0.002,0.000,0.769,0.769
TCGA-AC-A3QP-01A,0.010,0.000,0.005,0.001,0.006,0.000,0.038,0.063,0.248,0.013,0.109,0.001,0.000,0.001,0.000,0.503,0.503
TCGA-D8-A1JB-01A,0.019,0.026,0.028,0.002,0.046,0.000,0.055,0.087,0.154,0.020,0.061,0.004,0.001,0.004,0.000,0.492,0.492
TCGA-BH-A18S-01A,0.014,0.000,0.001,0.000,0.008,0.000,0.002,0.027,0.051,0.019,0.069,0.000,0.000,0.002,0.000,0.807,0.807
TCGA-A2-A0CW-01A,0.001,0.000,0.001,0.019,0.012,0.000,0.016,0.024,0.042,0.014,0.046,0.000,0.000,0.005,0.000,0.819,0.819
TCGA-A8-A09K-01A,0.029,0.000,0.008,0.009,0.037,0.000,0.010,0.010,0.017,0.006,0.052,0.006,0.000,0.009,0.000,0.806,0.806
TCGA-E9-A22G-01A,0.000,0.000,0.012,0.000,0.007,0.000,0.020,0.018,0.038,0.001,0.021,0.000,0.000,0.001,0.000,0.881,0.881
TCGA-E2-A573-01A,0.033,0.001,0.024,0.027,0.012,0.000,0.060,0.033,0.077,0.013,0.056,0.000,0.001,0.005,0.001,0.655,0.655
TCGA-AR-A0TP-01A,0.001,0.000,0.000,0.000,0.001,0.000,0.000,0.030,0.047,0.034,0.030,0.000,0.000,0.002,0.000,0.854,0.854
TCGA-AO-A1KT-01A,0.001,0.000,0.010,0.002,0.001,0.000,0.005,0.031,0.238,0.008,0.088,0.000,0.000,0.003,0.000,0.613,0.613
TCGA-BH-A203-01A,0.011,0.000,0.020,0.001,0.017,0.000,0.022,0.026,0.119,0.013,0.078,0.000,0.000,0.002,0.000,0.690,0.690
TCGA-B6-A0RM-01A,0.004,0.000,0.003,0.001,0.008,0.000,0.008,0.020,0.062,0.034,0.029,0.004,0.000,0.006,0.000,0.820,0.820
TCGA-A1-A0SP-01A,0.005,0.004,0.023,0.001,0.004,0.000,0.036,0.028,0.082,0.008,0.085,0.000,0.000,0.000,0.000,0.723,0.723
TCGA-A1-A0SB-01A,0.000,0.000,0.000,0.000,0.001,0.000,0.005,0.037,0.162,0.012,0.016,0.000,0.000,0.001,0.000,0.766,0.766
TCGA-AC-A6IV-01A,0.004,0.000,0.024,0.002,0.022,0.000,0.029,0.138,0.308,0.047,0.144,0.006,0.001,0.009,0.001,0.264,0.264
TCGA-OL-A5RY-01A,0.029,0.044,0.035,0.002,0.026,0.001,0.067,0.092,0.247,0.015,0.075,0.000,0.001,0.003,0.001,0.364,0.364
TCGA-LL-A7SZ-01A,0.177,0.000,0.038,0.005,0.014,0.000,0.026,0.020,0.101,0.011,0.104,0.000,0.001,0.000,0.000,0.503,0.503
TCGA-AO-A03R-01A,0.003,0.000,0.011,0.000,0.010,0.000,0.025,0.044,0.035,0.034,0.027,0.000,0.000,0.000,0.000,0.810,0.810
TCGA-EW-A1PD-01A,0.000,0.000,0.004,0.000,0.006,0.000,0.005,0.139,0.201,0.032,0.066,0.000,0.000,0.004,0.000,0.541,0.541
TCGA-BH-A1FG-01A,0.020,0.000,0.000,0.000,0.004,0.000,0.000,0.017,0.053,0.011,0.027,0.003,0.000,0.000,0.000,0.866,0.866
TCGA-AO-A0JA-01A,0.005,0.000,0.013,0.001,0.012,0.000,0.011,0.044,0.281,0.011,0.097,0.000,0.000,0.003,0.000,0.522,0.522
TCGA-A2-A04T-01A,0.003,0.000,0.028,0.004,0.016,0.000,0.028,0.016,0.055,0.003,0.060,0.000,0.000,0.001,0.000,0.784,0.784
TCGA-BH-A0DH-01A,0.044,0.000,0.004,0.004,0.003,0.000,0.009,0.031,0.093,0.019,0.064,0.000,0.000,0.006,0.000,0.722,0.722
TCGA-D8-A1XF-01A,0.023,0.000,0.005,0.000,0.007,0.000,0.002,0.024,0.008,0.034,0.025,0.000,0.000,0.004,0.000,0.866,0.866
TCGA-A8-A06T-01A,0.017,0.000,0.010,0.005,0.011,0.000,0.008,0.026,0.120,0.015,0.041,0.000,0.000,0.007,0.000,0.740,0.740
TCGA-LL-A50Y-01A,0.019,0.000,0.010,0.001,0.015,0.000,0.046,0.030,0.090,0.013,0.074,0.000,0.000,0.002,0.000,0.698,0.698
TCGA-E9-A3QA-01A,0.015,0.035,0.053,0.034,0.020,0.000,0.081,0.036,0.094,0.008,0.078,0.000,0.001,0.006,0.001,0.537,0.537
TCGA-EW-A2FW-01A,0.011,0.000,0.004,0.000,0.005,0.000,0.002,0.055,0.079,0.028,0.040,0.001,0.000,0.004,0.000,0.771,0.771
TCGA-AR-A2LN-01A,0.014,0.008,0.008,0.001,0.011,0.009,0.033,0.161,0.350,0.044,0.054,0.023,0.001,0.011,0.001,0.270,0.270
TCGA-E9-A22B-01A,0.009,0.000,0.005,0.000,0.002,0.000,0.000,0.060,0.181,0.023,0.062,0.000,0.000,0.001,0.000,0.655,0.655
TCGA-A8-A07P-01A,0.001,0.000,0.001,0.000,0.001,0.000,0.015,0.019,0.117,0.007,0.064,0.004,0.000,0.004,0.000,0.765,0.765
TCGA-A8-A06Z-01A,0.005,0.000,0.000,0.000,0.000,0.000,0.000,0.022,0.010,0.013,0.047,0.000,0.000,0.002,0.000,0.900,0.900
TCGA-LL-A740-01A,0.004,0.000,0.022,0.000,0.008,0.000,0.029,0.077,0.197,0.019,0.095,0.000,0.001,0.004,0.000,0.544,0.544
TCGA-A7-A0CE-01A,0.005,0.000,0.007,0.007,0.000,0.000,0.000,0.048,0.058,0.022,0.034,0.000,0.000,0.002,0.000,0.817,0.817
TCGA-A8-A08L-01A,0.001,0.001,0.021,0.016,0.021,0.000,0.036,0.053,0.080,0.012,0.054,0.000,0.001,0.003,0.000,0.700,0.700
TCGA-A8-A06Q-01A,0.003,0.000,0.000,0.000,0.005,0.000,0.000,0.007,0.007,0.000,0.036,0.000,0.000,0.000,0.000,0.942,0.942
TCGA-B6-A0IK-01A,0.013,0.000,0.011,0.000,0.010,0.000,0.015,0.045,0.073,0.013,0.027,0.000,0.000,0.002,0.000,0.790,0.790
TCGA-BH-A1EW-01A,0.007,0.000,0.012,0.005,0.021,0.000,0.029,0.096,0.149,0.024,0.028,0.004,0.000,0.012,0.001,0.612,0.612
TCGA-A8-A090-01A,0.010,0.000,0.009,0.001,0.007,0.000,0.000,0.031,0.138,0.019,0.136,0.000,0.000,0.009,0.000,0.638,0.638
TCGA-BH-A28Q-01A,0.002,0.000,0.006,0.001,0.004,0.000,0.017,0.054,0.218,0.013,0.038,0.000,0.000,0.008,0.000,0.639,0.639
TCGA-A8-A07L-01A,0.000,0.000,0.003,0.001,0.004,0.000,0.000,0.032,0.136,0.016,0.043,0.000,0.000,0.004,0.000,0.760,0.760
TCGA-BH-A0AZ-01A,0.009,0.000,0.008,0.002,0.005,0.000,0.012,0.071,0.484,0.021,0.057,0.001,0.000,0.004,0.000,0.325,0.325
TCGA-A8-A076-01A,0.007,0.000,0.010,0.002,0.003,0.000,0.000,0.031,0.162,0.007,0.111,0.000,0.000,0.004,0.000,0.662,0.662
TCGA-D8-A1JI-01A,0.021,0.000,0.006,0.000,0.000,0.000,0.004,0.031,0.039,0.021,0.054,0.001,0.000,0.006,0.000,0.816,0.816
TCGA-GM-A2DC-01A,0.005,0.000,0.001,0.000,0.007,0.000,0.004,0.048,0.055,0.012,0.036,0.000,0.000,0.002,0.000,0.829,0.829
TCGA-A8-A09T-01A,0.000,0.000,0.001,0.001,0.001,0.000,0.001,0.021,0.160,0.003,0.091,0.000,0.000,0.004,0.000,0.717,0.717
TCGA-AC-A5XS-01A,0.028,0.002,0.015,0.005,0.019,0.000,0.030,0.091,0.127,0.019,0.121,0.001,0.000,0.004,0.001,0.539,0.539
TCGA-A2-A0YJ-01A,0.000,0.000,0.003,0.000,0.001,0.000,0.000,0.013,0.055,0.007,0.049,0.000,0.000,0.000,0.000,0.872,0.872
TCGA-A2-A0SW-01A,0.099,0.001,0.017,0.019,0.046,0.000,0.005,0.032,0.134,0.006,0.104,0.000,0.000,0.002,0.000,0.534,0.534
TCGA-AR-A1AI-01A,0.045,0.003,0.047,0.031,0.025,0.000,0.044,0.017,0.044,0.002,0.107,0.000,0.000,0.003,0.001,0.633,0.633
TCGA-BH-AB28-01A,0.006,0.019,0.017,0.001,0.006,0.004,0.029,0.054,0.187,0.016,0.063,0.000,0.000,0.005,0.000,0.594,0.594
TCGA-E2-A1LA-01A,0.031,0.000,0.017,0.013,0.026,0.000,0.050,0.014,0.173,0.009,0.100,0.001,0.000,0.001,0.000,0.563,0.563
TCGA-A8-A09V-01A,0.000,0.002,0.006,0.001,0.000,0.001,0.007,0.052,0.233,0.022,0.031,0.011,0.000,0.013,0.000,0.620,0.620
TCGA-WT-AB44-01A,0.000,0.000,0.000,0.000,0.006,0.000,0.005,0.026,0.300,0.000,0.035,0.000,0.000,0.000,0.000,0.628,0.628
TCGA-E9-A1R5-01A,0.000,0.000,0.004,0.000,0.001,0.000,0.000,0.026,0.263,0.007,0.034,0.001,0.000,0.007,0.000,0.656,0.656
TCGA-A2-A25B-01A,0.000,0.000,0.004,0.007,0.005,0.000,0.000,0.020,0.135,0.002,0.080,0.000,0.000,0.007,0.000,0.739,0.739
TCGA-AN-A03Y-01A,0.006,0.000,0.002,0.000,0.014,0.000,0.003,0.015,0.094,0.007,0.037,0.000,0.000,0.001,0.000,0.821,0.821
TCGA-LQ-A4E4-01A,0.000,0.000,0.001,0.002,0.004,0.000,0.000,0.052,0.084,0.017,0.042,0.001,0.000,0.004,0.000,0.792,0.792
TCGA-A7-A0DC-01A,0.003,0.000,0.001,0.005,0.000,0.000,0.001,0.053,0.027,0.034,0.021,0.008,0.000,0.016,0.000,0.831,0.831
TCGA-OL-A97C-01A,0.000,0.000,0.019,0.001,0.019,0.000,0.011,0.052,0.307,0.003,0.043,0.000,0.000,0.002,0.000,0.542,0.542
TCGA-BH-A0DX-01A,0.000,0.000,0.002,0.000,0.015,0.000,0.018,0.079,0.246,0.021,0.156,0.005,0.000,0.003,0.000,0.454,0.454
TCGA-AC-A4ZE-01A,0.005,0.000,0.001,0.006,0.012,0.000,0.007,0.124,0.054,0.038,0.039,0.006,0.000,0.008,0.000,0.699,0.699
TCGA-D8-A27I-01A,0.007,0.005,0.015,0.001,0.018,0.003,0.039,0.120,0.315,0.038,0.067,0.012,0.001,0.009,0.001,0.351,0.351
TCGA-A8-A09X-01A,0.015,0.003,0.025,0.003,0.031,0.000,0.015,0.075,0.121,0.008,0.137,0.000,0.001,0.001,0.000,0.565,0.565
TCGA-OL-A6VR-01A,0.012,0.000,0.002,0.004,0.000,0.000,0.012,0.040,0.037,0.027,0.024,0.000,0.000,0.006,0.000,0.836,0.836
TCGA-A2-A0D3-01A,0.006,0.010,0.011,0.000,0.017,0.000,0.015,0.021,0.098,0.005,0.028,0.000,0.000,0.004,0.000,0.783,0.783
TCGA-S3-AA14-01A,0.008,0.000,0.005,0.003,0.001,0.000,0.008,0.053,0.268,0.005,0.044,0.004,0.000,0.004,0.000,0.596,0.596
TCGA-B6-A40C-01A,0.006,0.000,0.010,0.002,0.011,0.000,0.007,0.065,0.230,0.035,0.078,0.000,0.000,0.006,0.000,0.548,0.548
TCGA-E9-A1RD-01A,0.004,0.000,0.001,0.002,0.003,0.000,0.001,0.064,0.133,0.023,0.066,0.004,0.000,0.008,0.000,0.691,0.691
TCGA-PL-A8LV-01A,0.030,0.013,0.011,0.003,0.002,0.001,0.016,0.040,0.122,0.007,0.028,0.000,0.000,0.000,0.000,0.726,0.726
TCGA-A7-A6VX-01A,0.001,0.000,0.005,0.002,0.003,0.000,0.002,0.030,0.227,0.015,0.064,0.000,0.000,0.008,0.000,0.644,0.644
TCGA-C8-A8HR-01A,0.003,0.004,0.009,0.010,0.024,0.000,0.040,0.145,0.304,0.057,0.079,0.000,0.001,0.005,0.001,0.319,0.319
TCGA-EW-A1PB-01A,0.000,0.000,0.029,0.042,0.018,0.000,0.002,0.012,0.039,0.003,0.209,0.000,0.001,0.007,0.001,0.637,0.637
TCGA-BH-A0DL-01A,0.010,0.000,0.045,0.001,0.008,0.000,0.039,0.026,0.044,0.001,0.159,0.000,0.000,0.010,0.001,0.656,0.656
TCGA-GM-A2DF-01A,0.088,0.000,0.024,0.001,0.004,0.000,0.033,0.055,0.134,0.017,0.111,0.000,0.000,0.001,0.000,0.532,0.532
TCGA-C8-A131-01A,0.006,0.000,0.009,0.000,0.005,0.000,0.005,0.032,0.156,0.012,0.064,0.000,0.000,0.001,0.000,0.708,0.708
TCGA-B6-A409-01A,0.013,0.000,0.009,0.000,0.003,0.000,0.006,0.029,0.087,0.015,0.034,0.000,0.000,0.000,0.000,0.803,0.803
TCGA-A2-A0SY-01A,0.007,0.023,0.015,0.001,0.006,0.009,0.025,0.069,0.254,0.014,0.073,0.005,0.000,0.003,0.000,0.494,0.494
TCGA-AO-A12A-01A,0.003,0.002,0.012,0.002,0.012,0.000,0.041,0.081,0.226,0.039,0.043,0.000,0.000,0.009,0.000,0.529,0.529
TCGA-A2-A0CY-01A,0.005,0.000,0.000,0.000,0.006,0.000,0.000,0.010,0.025,0.001,0.009,0.000,0.000,0.000,0.000,0.943,0.943
TCGA-AN-A0G0-01A,0.009,0.000,0.017,0.000,0.006,0.000,0.000,0.021,0.062,0.000,0.049,0.000,0.000,0.002,0.000,0.833,0.833
TCGA-A2-A3XT-01A,0.001,0.000,0.014,0.001,0.009,0.000,0.026,0.025,0.072,0.008,0.178,0.000,0.000,0.001,0.000,0.664,0.664
TCGA-AQ-A1H2-01A,0.006,0.000,0.003,0.001,0.002,0.000,0.000,0.013,0.082,0.020,0.083,0.000,0.000,0.003,0.000,0.786,0.786
TCGA-E2-A1L8-01A,0.000,0.000,0.002,0.000,0.010,0.000,0.031,0.059,0.240,0.022,0.044,0.000,0.000,0.004,0.000,0.587,0.587
TCGA-C8-A26V-01A,0.006,0.000,0.009,0.011,0.002,0.000,0.001,0.016,0.096,0.002,0.060,0.000,0.000,0.005,0.000,0.794,0.794
TCGA-A8-A08B-01A,0.013,0.000,0.000,0.037,0.000,0.000,0.001,0.013,0.055,0.008,0.035,0.000,0.000,0.005,0.000,0.832,0.832
TCGA-D8-A1XJ-01A,0.000,0.000,0.001,0.003,0.000,0.000,0.000,0.026,0.127,0.007,0.053,0.000,0.000,0.003,0.000,0.781,0.781
TCGA-AO-A0JC-01A,0.012,0.284,0.095,0.035,0.063,0.115,0.081,0.070,0.068,0.019,0.047,0.002,0.002,0.010,0.005,0.091,0.091
TCGA-AR-A0U0-01A,0.028,0.000,0.025,0.049,0.020,0.000,0.015,0.026,0.041,0.010,0.103,0.000,0.001,0.007,0.001,0.674,0.674
TCGA-A7-A6VV-01A,0.005,0.000,0.012,0.001,0.003,0.000,0.013,0.058,0.266,0.022,0.112,0.000,0.000,0.006,0.000,0.501,0.501
TCGA-B6-A3ZX-01A,0.027,0.130,0.098,0.001,0.055,0.025,0.062,0.063,0.081,0.013,0.026,0.000,0.002,0.008,0.002,0.407,0.407
TCGA-AR-A24L-01A,0.001,0.000,0.001,0.002,0.005,0.000,0.002,0.057,0.270,0.031,0.059,0.004,0.000,0.008,0.000,0.560,0.560
TCGA-EW-A1OW-01A,0.005,0.000,0.010,0.001,0.005,0.000,0.012,0.048,0.226,0.019,0.045,0.000,0.000,0.006,0.000,0.622,0.622
TCGA-EW-A1P3-01A,0.009,0.000,0.002,0.003,0.001,0.000,0.011,0.051,0.174,0.033,0.038,0.006,0.000,0.005,0.000,0.667,0.667
TCGA-LL-A7T0-01A,0.014,0.000,0.010,0.014,0.011,0.000,0.018,0.020,0.091,0.010,0.053,0.000,0.000,0.003,0.000,0.754,0.754
TCGA-B6-A0I8-01A,0.006,0.000,0.000,0.000,0.001,0.000,0.001,0.047,0.116,0.011,0.031,0.000,0.000,0.005,0.000,0.783,0.783
TCGA-BH-A0AV-01A,0.000,0.000,0.004,0.000,0.001,0.000,0.000,0.049,0.436,0.005,0.077,0.000,0.000,0.006,0.000,0.421,0.421
TCGA-E2-A156-01A,0.000,0.000,0.002,0.000,0.000,0.000,0.002,0.029,0.032,0.026,0.047,0.002,0.000,0.010,0.000,0.850,0.850
TCGA-BH-A5IZ-01A,0.000,0.000,0.002,0.001,0.001,0.000,0.002,0.026,0.072,0.003,0.063,0.000,0.000,0.002,0.000,0.827,0.827
TCGA-BH-A1EN-01A,0.006,0.000,0.000,0.000,0.001,0.000,0.000,0.041,0.083,0.001,0.049,0.000,0.000,0.000,0.000,0.820,0.820
TCGA-A1-A0SN-01A,0.002,0.000,0.013,0.003,0.023,0.000,0.023,0.044,0.195,0.010,0.087,0.000,0.000,0.005,0.000,0.591,0.591
TCGA-E2-A150-01A,0.000,0.001,0.029,0.000,0.006,0.000,0.029,0.051,0.132,0.011,0.086,0.000,0.000,0.004,0.000,0.650,0.650
TCGA-PL-A8LZ-01A,0.013,0.001,0.033,0.024,0.018,0.000,0.044,0.157,0.126,0.056,0.090,0.000,0.001,0.006,0.001,0.431,0.431
TCGA-A2-A0CO-01A,0.010,0.029,0.028,0.000,0.032,0.021,0.040,0.205,0.213,0.060,0.062,0.001,0.001,0.005,0.001,0.292,0.292
TCGA-HN-A2NL-01A,0.008,0.010,0.016,0.000,0.009,0.001,0.031,0.019,0.040,0.001,0.030,0.000,0.000,0.001,0.000,0.834,0.834
TCGA-E2-A14X-01A,0.059,0.030,0.020,0.001,0.014,0.001,0.019,0.079,0.076,0.010,0.026,0.000,0.001,0.006,0.000,0.658,0.658
TCGA-BH-A0B2-01A,0.006,0.011,0.027,0.004,0.021,0.001,0.034,0.072,0.285,0.021,0.098,0.000,0.001,0.003,0.000,0.416,0.416
TCGA-A2-A4RX-01A,0.005,0.031,0.019,0.001,0.017,0.000,0.034,0.086,0.311,0.023,0.025,0.000,0.001,0.007,0.000,0.438,0.438
TCGA-E2-A572-01A,0.040,0.000,0.002,0.001,0.003,0.000,0.001,0.027,0.009,0.018,0.021,0.000,0.000,0.000,0.000,0.878,0.878
TCGA-C8-A12V-01A,0.051,0.022,0.051,0.058,0.040,0.000,0.100,0.066,0.089,0.009,0.128,0.000,0.003,0.006,0.001,0.376,0.376
TCGA-BH-A0BQ-01A,0.010,0.000,0.017,0.001,0.008,0.001,0.041,0.052,0.350,0.015,0.034,0.000,0.000,0.003,0.000,0.467,0.467
TCGA-C8-A12T-01A,0.000,0.000,0.016,0.004,0.000,0.000,0.000,0.021,0.254,0.002,0.075,0.002,0.000,0.001,0.000,0.623,0.623
TCGA-EW-A1OX-01A,0.006,0.000,0.001,0.000,0.000,0.000,0.000,0.028,0.000,0.029,0.009,0.000,0.000,0.001,0.000,0.926,0.926
TCGA-BH-A0BW-01A,0.013,0.003,0.041,0.040,0.007,0.000,0.029,0.044,0.079,0.010,0.110,0.000,0.003,0.016,0.001,0.605,0.605
TCGA-A8-A084-01A,0.000,0.000,0.000,0.005,0.001,0.000,0.000,0.017,0.163,0.000,0.036,0.000,0.000,0.013,0.000,0.763,0.763
TCGA-A2-A0SV-01A,0.000,0.000,0.017,0.002,0.000,0.000,0.000,0.023,0.183,0.002,0.150,0.000,0.000,0.001,0.000,0.622,0.622
TCGA-C8-A275-01A,0.015,0.004,0.026,0.007,0.035,0.000,0.027,0.048,0.085,0.002,0.118,0.000,0.001,0.005,0.001,0.626,0.626
TCGA-S3-A6ZH-01A,0.008,0.000,0.012,0.001,0.005,0.000,0.017,0.031,0.043,0.005,0.034,0.000,0.000,0.005,0.000,0.839,0.839
TCGA-D8-A1JD-01A,0.000,0.000,0.020,0.001,0.001,0.000,0.011,0.018,0.222,0.002,0.122,0.003,0.000,0.005,0.000,0.594,0.594
TCGA-A2-A0CV-01A,0.008,0.004,0.007,0.000,0.014,0.000,0.042,0.083,0.269,0.027,0.048,0.000,0.000,0.003,0.000,0.493,0.493
TCGA-E2-A14V-01A,0.000,0.000,0.003,0.002,0.001,0.000,0.005,0.018,0.113,0.005,0.024,0.001,0.000,0.005,0.000,0.822,0.822
TCGA-E2-A153-01A,0.000,0.000,0.003,0.000,0.000,0.000,0.006,0.065,0.385,0.028,0.097,0.001,0.000,0.006,0.000,0.407,0.407
TCGA-AR-A24R-01A,0.010,0.000,0.013,0.006,0.015,0.000,0.017,0.017,0.124,0.007,0.066,0.000,0.000,0.004,0.000,0.719,0.719
TCGA-AR-A1AV-01A,0.000,0.000,0.000,0.000,0.002,0.000,0.000,0.045,0.141,0.011,0.069,0.003,0.000,0.007,0.000,0.720,0.720
TCGA-OL-A66H-01A,0.017,0.000,0.024,0.000,0.014,0.000,0.003,0.078,0.078,0.027,0.140,0.000,0.000,0.002,0.000,0.616,0.616
TCGA-AR-A251-01A,0.011,0.000,0.014,0.002,0.017,0.000,0.012,0.048,0.125,0.017,0.061,0.000,0.000,0.004,0.001,0.687,0.687
TCGA-AC-A7VB-01A,0.003,0.000,0.001,0.004,0.003,0.000,0.000,0.042,0.018,0.008,0.019,0.000,0.000,0.007,0.000,0.894,0.894
TCGA-A8-A08C-01A,0.000,0.000,0.003,0.000,0.002,0.000,0.005,0.026,0.123,0.012,0.044,0.000,0.000,0.009,0.000,0.776,0.776
TCGA-A2-A259-01A,0.008,0.012,0.017,0.002,0.006,0.003,0.040,0.093,0.181,0.033,0.024,0.020,0.001,0.013,0.001,0.546,0.546
TCGA-AO-A03P-01A,0.001,0.000,0.000,0.000,0.001,0.000,0.000,0.035,0.064,0.018,0.031,0.000,0.000,0.000,0.000,0.850,0.850
TCGA-A7-A4SE-01A,0.000,0.001,0.011,0.001,0.002,0.000,0.016,0.053,0.290,0.054,0.048,0.000,0.000,0.008,0.000,0.515,0.515
TCGA-C8-A132-01A,0.011,0.009,0.024,0.001,0.040,0.000,0.048,0.061,0.278,0.011,0.039,0.000,0.001,0.005,0.000,0.471,0.471
TCGA-B6-A0RS-01A,0.010,0.000,0.004,0.004,0.010,0.000,0.001,0.039,0.134,0.019,0.108,0.000,0.000,0.000,0.000,0.669,0.669
TCGA-BH-A0BV-01A,0.008,0.000,0.017,0.001,0.015,0.001,0.018,0.057,0.174,0.012,0.102,0.001,0.000,0.004,0.000,0.591,0.591
TCGA-BH-A0B1-01A,0.004,0.000,0.008,0.000,0.000,0.000,0.003,0.073,0.179,0.035,0.027,0.001,0.000,0.008,0.000,0.661,0.661
TCGA-AN-A0FZ-01A,0.000,0.000,0.000,0.002,0.000,0.000,0.000,0.065,0.144,0.010,0.033,0.000,0.000,0.005,0.000,0.741,0.741
TCGA-EW-A1PC-01B,0.000,0.000,0.005,0.005,0.000,0.000,0.000,0.021,0.081,0.004,0.033,0.000,0.000,0.006,0.000,0.843,0.843
TCGA-D8-A147-01A,0.001,0.003,0.031,0.004,0.016,0.000,0.022,0.016,0.124,0.010,0.072,0.000,0.000,0.004,0.000,0.697,0.697
TCGA-BH-A1FE-01A,0.001,0.016,0.025,0.020,0.021,0.001,0.063,0.073,0.264,0.012,0.029,0.009,0.001,0.006,0.000,0.460,0.460
TCGA-AN-A0XV-01A,0.015,0.000,0.014,0.000,0.016,0.000,0.018,0.125,0.227,0.035,0.027,0.001,0.000,0.002,0.000,0.519,0.519
TCGA-XX-A89A-01A,0.009,0.000,0.031,0.000,0.016,0.000,0.028,0.098,0.387,0.016,0.133,0.000,0.000,0.005,0.001,0.275,0.275
TCGA-LL-A441-01A,0.014,0.145,0.045,0.004,0.031,0.015,0.061,0.071,0.127,0.024,0.029,0.001,0.002,0.012,0.001,0.419,0.419
TCGA-E2-A15O-01A,0.000,0.000,0.013,0.003,0.000,0.000,0.011,0.028,0.065,0.015,0.037,0.002,0.000,0.008,0.000,0.818,0.818
TCGA-C8-A12P-01A,0.011,0.000,0.011,0.002,0.002,0.000,0.000,0.028,0.161,0.010,0.102,0.000,0.000,0.002,0.000,0.671,0.671
TCGA-BH-A1F0-01A,0.033,0.037,0.034,0.003,0.036,0.001,0.048,0.124,0.153,0.032,0.188,0.001,0.001,0.006,0.001,0.302,0.302
TCGA-OL-A66K-01A,0.009,0.000,0.001,0.001,0.009,0.000,0.013,0.063,0.233,0.042,0.039,0.002,0.000,0.005,0.000,0.581,0.581
TCGA-BH-A0GY-01A,0.000,0.005,0.010,0.000,0.009,0.000,0.016,0.030,0.150,0.013,0.065,0.000,0.000,0.007,0.000,0.695,0.695
TCGA-GM-A2DD-01A,0.016,0.000,0.035,0.004,0.030,0.001,0.053,0.057,0.222,0.013,0.114,0.000,0.000,0.000,0.000,0.455,0.455
TCGA-A1-A0SE-01A,0.004,0.000,0.001,0.004,0.004,0.000,0.016,0.055,0.250,0.020,0.021,0.001,0.000,0.006,0.000,0.617,0.617
TCGA-LL-A73Y-01A,0.007,0.010,0.027,0.001,0.007,0.001,0.048,0.089,0.285,0.025,0.046,0.000,0.000,0.008,0.000,0.446,0.446
TCGA-A2-A0CM-01A,0.008,0.001,0.034,0.039,0.020,0.000,0.025,0.050,0.125,0.005,0.115,0.000,0.000,0.002,0.001,0.575,0.575
TCGA-A8-A09G-01A,0.022,0.001,0.022,0.016,0.024,0.000,0.015,0.050,0.069,0.008,0.070,0.000,0.001,0.004,0.000,0.698,0.698
TCGA-E2-A14T-01A,0.005,0.000,0.004,0.000,0.009,0.000,0.000,0.020,0.063,0.013,0.077,0.000,0.000,0.006,0.000,0.802,0.802
TCGA-E9-A1N8-01A,0.000,0.004,0.003,0.000,0.005,0.000,0.000,0.015,0.080,0.004,0.023,0.000,0.000,0.002,0.000,0.863,0.863
TCGA-AN-A0AT-01A,0.000,0.008,0.013,0.003,0.006,0.000,0.013,0.012,0.049,0.003,0.049,0.000,0.000,0.002,0.000,0.840,0.840
TCGA-A8-A08Z-01A,0.000,0.000,0.012,0.001,0.001,0.000,0.000,0.053,0.355,0.012,0.187,0.003,0.000,0.009,0.000,0.365,0.365
TCGA-AR-A24N-01A,0.022,0.000,0.002,0.009,0.000,0.000,0.000,0.025,0.226,0.013,0.044,0.000,0.000,0.006,0.000,0.653,0.653
TCGA-BH-A0B6-01A,0.036,0.026,0.045,0.022,0.041,0.000,0.091,0.069,0.178,0.014,0.057,0.000,0.011,0.002,0.001,0.407,0.407
TCGA-EW-A1PA-01A,0.022,0.004,0.015,0.006,0.012,0.000,0.013,0.086,0.111,0.016,0.028,0.007,0.000,0.006,0.000,0.672,0.672
TCGA-AR-A24Q-01A,0.015,0.001,0.012,0.001,0.022,0.000,0.025,0.039,0.242,0.023,0.059,0.000,0.000,0.002,0.000,0.558,0.558
TCGA-BH-A8FY-01A,0.016,0.000,0.000,0.000,0.000,0.000,0.000,0.048,0.000,0.024,0.074,0.000,0.000,0.001,0.000,0.836,0.836
TCGA-E9-A2JS-01A,0.000,0.000,0.011,0.000,0.007,0.000,0.002,0.017,0.123,0.009,0.059,0.001,0.000,0.003,0.000,0.767,0.767
TCGA-AN-A0AR-01A,0.000,0.000,0.001,0.000,0.005,0.000,0.006,0.016,0.031,0.014,0.026,0.000,0.000,0.000,0.000,0.902,0.902
TCGA-A2-A04U-01A,0.005,0.000,0.002,0.000,0.006,0.000,0.003,0.018,0.107,0.006,0.028,0.000,0.000,0.000,0.000,0.824,0.824
TCGA-A7-A56D-01A,0.048,0.000,0.002,0.005,0.003,0.000,0.000,0.016,0.296,0.004,0.065,0.000,0.000,0.000,0.000,0.562,0.562
TCGA-B6-A0X4-01A,0.015,0.000,0.002,0.000,0.001,0.000,0.000,0.015,0.002,0.028,0.016,0.000,0.000,0.004,0.000,0.916,0.916
TCGA-AQ-A7U7-01A,0.043,0.045,0.050,0.009,0.069,0.001,0.063,0.113,0.288,0.035,0.080,0.004,0.002,0.008,0.001,0.189,0.189
TCGA-D8-A1XT-01A,0.000,0.000,0.012,0.003,0.002,0.000,0.000,0.059,0.219,0.016,0.113,0.000,0.000,0.009,0.000,0.567,0.567
TCGA-BH-A1FJ-01A,0.000,0.000,0.005,0.002,0.000,0.000,0.000,0.045,0.080,0.015,0.032,0.000,0.000,0.009,0.000,0.811,0.811
TCGA-A2-A0ET-01A,0.000,0.000,0.005,0.011,0.012,0.000,0.010,0.032,0.022,0.006,0.063,0.000,0.000,0.005,0.000,0.833,0.833
TCGA-AR-A0TR-01A,0.016,0.011,0.006,0.000,0.007,0.008,0.013,0.021,0.001,0.008,0.020,0.000,0.000,0.011,0.000,0.877,0.877
TCGA-A8-A095-01A,0.000,0.001,0.016,0.001,0.004,0.000,0.021,0.053,0.150,0.016,0.055,0.001,0.000,0.006,0.000,0.674,0.674
TCGA-A2-A25E-01A,0.007,0.001,0.002,0.009,0.000,0.000,0.009,0.042,0.113,0.019,0.049,0.000,0.000,0.003,0.000,0.746,0.746
TCGA-A8-A08S-01A,0.000,0.000,0.010,0.003,0.001,0.000,0.010,0.015,0.131,0.006,0.056,0.000,0.000,0.008,0.000,0.759,0.759
