,Plasma B cells,Non-plasma B cells,CD4 T,CD8 T effector,CD8 T (GZMK high),Double-neg-like T,DC,Endothelial Cells,CAFs,Myofibroblasts,Macrophages,Mast Cells,NK,Neutrophils,Monocytes,1-others,Cancer Cells
TCGA-KL-8325-01A,0.000,0.000,0.000,0.000,0.000,0.000,0.006,0.002,0.000,0.007,0.010,0.000,0.000,0.000,0.000,0.976,0.976
TCGA-KO-8411-01A,0.000,0.000,0.002,0.000,0.000,0.000,0.001,0.036,0.000,0.017,0.008,0.000,0.001,0.000,0.000,0.935,0.935
TCGA-KL-8331-01A,0.000,0.000,0.000,0.000,0.000,0.000,0.003,0.005,0.000,0.010,0.007,0.000,0.000,0.000,0.000,0.974,0.974
TCGA-KO-8409-01A,0.000,0.000,0.000,0.000,0.000,0.000,0.001,0.005,0.000,0.013,0.002,0.000,0.004,0.000,0.000,0.974,0.974
TCGA-KM-8439-01A,0.000,0.000,0.000,0.000,0.000,0.000,0.010,0.029,0.000,0.013,0.104,0.005,0.004,0.000,0.000,0.834,0.834
TCGA-KN-8423-01A,0.000,0.006,0.001,0.000,0.000,0.000,0.012,0.026,0.000,0.032,0.033,0.001,0.003,0.000,0.000,0.886,0.886
TCGA-KL-8339-01A,0.001,0.000,0.000,0.000,0.000,0.000,0.000,0.010,0.000,0.013,0.038,0.000,0.001,0.000,0.000,0.937,0.937
TCGA-KN-8434-01A,0.000,0.000,0.004,0.000,0.000,0.000,0.000,0.063,0.000,0.054,0.123,0.007,0.004,0.000,0.000,0.744,0.744
TCGA-KL-8342-01A,0.000,0.000,0.004,0.000,0.000,0.000,0.001,0.056,0.000,0.019,0.042,0.000,0.006,0.000,0.000,0.873,0.873
TCGA-KN-8428-01A,0.011,0.007,0.008,0.000,0.001,0.000,0.008,0.008,0.000,0.032,0.032,0.001,0.000,0.000,0.000,0.892,0.892
TCGA-KO-8416-01A,0.000,0.000,0.003,0.000,0.000,0.000,0.001,0.010,0.000,0.029,0.026,0.000,0.000,0.000,0.000,0.930,0.930
TCGA-KL-8344-01A,0.000,0.000,0.000,0.000,0.000,0.000,0.000,0.166,0.000,0.172,0.086,0.001,0.000,0.000,0.000,0.575,0.575
TCGA-KM-8441-01A,0.000,0.000,0.001,0.001,0.000,0.001,0.004,0.075,0.000,0.037,0.138,0.004,0.001,0.000,0.000,0.738,0.738
TCGA-KM-8442-01A,0.000,0.001,0.000,0.000,0.000,0.000,0.001,0.015,0.000,0.023,0.031,0.002,0.000,0.000,0.000,0.927,0.927
TCGA-KL-8346-01A,0.001,0.002,0.000,0.000,0.000,0.000,0.000,0.007,0.000,0.012,0.000,0.002,0.000,0.000,0.000,0.975,0.975
TCGA-KL-8341-01A,0.002,0.000,0.003,0.000,0.000,0.000,0.000,0.006,0.000,0.011,0.020,0.000,0.000,0.000,0.000,0.959,0.959
TCGA-KL-8330-01A,0.000,0.000,0.000,0.000,0.000,0.000,0.004,0.004,0.000,0.015,0.015,0.000,0.000,0.000,0.000,0.962,0.962
TCGA-KN-8431-01A,0.000,0.000,0.000,0.000,0.000,0.000,0.002,0.032,0.000,0.030,0.040,0.000,0.002,0.000,0.000,0.894,0.894
TCGA-KO-8403-01A,0.000,0.000,0.005,0.000,0.000,0.000,0.000,0.031,0.000,0.021,0.106,0.000,0.001,0.000,0.000,0.835,0.835
TCGA-KO-8405-01A,0.000,0.000,0.014,0.001,0.000,0.000,0.002,0.028,0.000,0.035,0.278,0.000,0.004,0.000,0.000,0.638,0.638
TCGA-KN-8435-01A,0.000,0.000,0.001,0.000,0.000,0.000,0.001,0.014,0.000,0.016,0.017,0.000,0.000,0.000,0.000,0.951,0.951
TCGA-KN-8419-01A,0.000,0.000,0.010,0.000,0.000,0.000,0.003,0.055,0.000,0.044,0.050,0.002,0.000,0.000,0.000,0.837,0.837
TCGA-KL-8337-01A,0.000,0.000,0.000,0.000,0.000,0.000,0.001,0.009,0.000,0.010,0.003,0.000,0.000,0.000,0.000,0.975,0.975
TCGA-KL-8332-01A,0.004,0.000,0.001,0.000,0.000,0.000,0.000,0.105,0.000,0.064,0.034,0.000,0.000,0.000,0.000,0.792,0.792
TCGA-KO-8413-01A,0.001,0.000,0.014,0.000,0.000,0.000,0.001,0.070,0.000,0.069,0.106,0.011,0.009,0.000,0.000,0.721,0.721
TCGA-KM-8443-01A,0.000,0.001,0.000,0.000,0.000,0.000,0.004,0.006,0.000,0.003,0.000,0.000,0.000,0.000,0.000,0.985,0.985
TCGA-KL-8333-01A,0.019,0.031,0.004,0.000,0.002,0.009,0.002,0.189,0.026,0.117,0.123,0.002,0.000,0.000,0.000,0.477,0.477
TCGA-KL-8334-01A,0.000,0.003,0.009,0.000,0.000,0.000,0.000,0.019,0.000,0.022,0.090,0.002,0.006,0.000,0.000,0.847,0.847
TCGA-KN-8427-01A,0.000,0.000,0.014,0.011,0.000,0.000,0.000,0.052,0.188,0.000,0.049,0.001,0.000,0.000,0.000,0.684,0.684
TCGA-KL-8338-01A,0.000,0.000,0.004,0.000,0.000,0.000,0.000,0.009,0.000,0.017,0.018,0.003,0.001,0.000,0.000,0.950,0.950
TCGA-KN-8432-01A,0.000,0.001,0.000,0.001,0.000,0.000,0.012,0.041,0.000,0.031,0.027,0.001,0.010,0.000,0.000,0.876,0.876
TCGA-KO-8410-01A,0.010,0.008,0.002,0.000,0.000,0.000,0.019,0.033,0.000,0.026,0.063,0.000,0.000,0.000,0.000,0.840,0.840
TCGA-KN-8437-01A,0.000,0.000,0.000,0.000,0.000,0.000,0.000,0.058,0.000,0.036,0.122,0.001,0.000,0.000,0.000,0.782,0.782
TCGA-KN-8430-01A,0.012,0.000,0.006,0.001,0.002,0.000,0.001,0.070,0.000,0.034,0.092,0.001,0.000,0.000,0.000,0.781,0.781
TCGA-KM-8477-01A,0.000,0.000,0.000,0.000,0.000,0.001,0.012,0.026,0.000,0.037,0.041,0.000,0.000,0.000,0.000,0.882,0.882
TCGA-KO-8414-01A,0.000,0.000,0.000,0.000,0.000,0.000,0.000,0.009,0.000,0.016,0.024,0.001,0.011,0.000,0.000,0.938,0.938
TCGA-KL-8323-01A,0.000,0.000,0.008,0.000,0.000,0.000,0.011,0.030,0.000,0.006,0.027,0.001,0.001,0.000,0.000,0.915,0.915
TCGA-KL-8328-01A,0.000,0.000,0.002,0.000,0.000,0.000,0.000,0.002,0.000,0.011,0.007,0.001,0.000,0.000,0.000,0.977,0.977
TCGA-KN-8426-01A,0.000,0.000,0.000,0.000,0.000,0.000,0.000,0.015,0.000,0.011,0.035,0.001,0.006,0.000,0.000,0.932,0.932
TCGA-KL-8336-01A,0.005,0.000,0.008,0.000,0.000,0.000,0.000,0.023,0.000,0.020,0.123,0.000,0.000,0.000,0.000,0.821,0.821
TCGA-KL-8329-01A,0.002,0.000,0.024,0.000,0.001,0.000,0.002,0.012,0.000,0.025,0.133,0.004,0.002,0.000,0.000,0.795,0.795
TCGA-KN-8429-01A,0.016,0.001,0.000,0.000,0.000,0.000,0.000,0.018,0.000,0.022,0.079,0.003,0.005,0.000,0.000,0.854,0.854
TCGA-KL-8326-01A,0.000,0.000,0.000,0.000,0.000,0.000,0.006,0.008,0.000,0.020,0.002,0.000,0.000,0.000,0.000,0.963,0.963
TCGA-KN-8425-01A,0.000,0.005,0.007,0.000,0.000,0.001,0.001,0.021,0.000,0.020,0.119,0.001,0.006,0.000,0.000,0.819,0.819
TCGA-KL-8327-01A,0.000,0.000,0.000,0.000,0.000,0.000,0.002,0.006,0.000,0.021,0.001,0.000,0.000,0.000,0.000,0.969,0.969
TCGA-KL-8343-01A,0.000,0.000,0.000,0.000,0.000,0.000,0.007,0.034,0.000,0.041,0.014,0.000,0.000,0.000,0.000,0.904,0.904
TCGA-KL-8324-01A,0.000,0.000,0.001,0.000,0.000,0.000,0.001,0.019,0.000,0.032,0.022,0.001,0.003,0.000,0.000,0.921,0.921
TCGA-KN-8433-01A,0.000,0.000,0.001,0.000,0.000,0.000,0.000,0.013,0.000,0.040,0.048,0.004,0.005,0.000,0.000,0.888,0.888
TCGA-KO-8417-01A,0.000,0.000,0.001,0.000,0.000,0.000,0.003,0.023,0.000,0.021,0.003,0.001,0.002,0.000,0.000,0.947,0.947
TCGA-KM-8639-01A,0.001,0.000,0.013,0.000,0.001,0.000,0.002,0.041,0.000,0.011,0.154,0.012,0.005,0.000,0.000,0.758,0.758
TCGA-KL-8340-01A,0.000,0.000,0.003,0.000,0.000,0.000,0.000,0.024,0.000,0.050,0.039,0.002,0.005,0.000,0.000,0.877,0.877
TCGA-KO-8404-01A,0.000,0.000,0.005,0.000,0.000,0.000,0.000,0.019,0.319,0.000,0.366,0.001,0.004,0.000,0.000,0.285,0.285
TCGA-KM-8440-01A,0.000,0.000,0.004,0.000,0.000,0.000,0.009,0.009,0.000,0.011,0.018,0.000,0.002,0.000,0.000,0.947,0.947
TCGA-KN-8436-01A,0.000,0.000,0.000,0.000,0.000,0.000,0.007,0.008,0.000,0.006,0.000,0.002,0.002,0.000,0.000,0.974,0.974
TCGA-KN-8424-01A,0.000,0.001,0.009,0.000,0.000,0.000,0.000,0.046,0.000,0.009,0.148,0.004,0.001,0.000,0.000,0.782,0.782
TCGA-KO-8406-01A,0.000,0.001,0.000,0.000,0.000,0.000,0.012,0.021,0.000,0.021,0.021,0.000,0.000,0.000,0.000,0.923,0.923
TCGA-KM-8438-01A,0.000,0.000,0.000,0.000,0.000,0.000,0.002,0.059,0.000,0.036,0.019,0.000,0.000,0.000,0.000,0.884,0.884
TCGA-KN-8418-01A,0.000,0.000,0.001,0.000,0.000,0.000,0.003,0.016,0.000,0.017,0.018,0.002,0.001,0.000,0.000,0.942,0.942
TCGA-KL-8335-01A,0.002,0.000,0.000,0.000,0.000,0.000,0.005,0.005,0.000,0.017,0.012,0.000,0.000,0.000,0.000,0.960,0.960
TCGA-KL-8345-01A,0.000,0.000,0.003,0.000,0.000,0.000,0.000,0.016,0.000,0.028,0.004,0.000,0.000,0.000,0.000,0.948,0.948
TCGA-KO-8407-01A,0.000,0.000,0.002,0.000,0.000,0.000,0.017,0.057,0.000,0.027,0.039,0.009,0.003,0.000,0.000,0.845,0.845
TCGA-KN-8421-01A,0.019,0.000,0.000,0.001,0.000,0.000,0.001,0.000,0.000,0.003,0.002,0.000,0.000,0.000,0.000,0.974,0.974
TCGA-KO-8415-01A,0.000,0.000,0.001,0.000,0.000,0.000,0.000,0.006,0.000,0.012,0.039,0.000,0.005,0.000,0.000,0.937,0.937
TCGA-KM-8476-01A,0.002,0.000,0.001,0.000,0.000,0.000,0.001,0.007,0.000,0.027,0.011,0.000,0.000,0.000,0.000,0.951,0.951
TCGA-KO-8408-01A,0.000,0.000,0.003,0.000,0.000,0.000,0.001,0.013,0.000,0.049,0.023,0.002,0.000,0.000,0.000,0.909,0.909
