,Plasma B cells,Non-plasma B cells,CD4 T,CD8 T effector,CD8 T (GZMK high),Double-neg-like T,DC,Endothelial Cells,CAFs,Myofibroblasts,Macrophages,Mast Cells,NK,Neutrophils,Monocytes,1-others,Cancer Cells
TCGA-C5-A7UI-01A,0.050,0.003,0.040,0.041,0.001,0.000,0.009,0.041,0.013,0.008,0.010,0.000,0.000,0.011,0.001,0.770,0.770
TCGA-C5-A902-01A,0.000,0.000,0.001,0.115,0.001,0.000,0.013,0.053,0.001,0.000,0.010,0.000,0.007,0.011,0.000,0.787,0.787
TCGA-DS-A1OB-01A,0.000,0.000,0.010,0.003,0.000,0.000,0.001,0.031,0.000,0.001,0.039,0.000,0.000,0.011,0.000,0.903,0.903
TCGA-Q1-A6DW-01A,0.002,0.000,0.001,0.037,0.000,0.000,0.014,0.081,0.006,0.003,0.001,0.001,0.000,0.024,0.000,0.830,0.830
TCGA-EK-A2R7-01A,0.029,0.000,0.019,0.022,0.003,0.000,0.021,0.034,0.027,0.001,0.023,0.001,0.000,0.000,0.000,0.820,0.820
TCGA-C5-A7X8-01A,0.043,0.000,0.008,0.007,0.008,0.000,0.009,0.052,0.186,0.003,0.012,0.004,0.000,0.003,0.000,0.665,0.665
TCGA-Q1-A5R3-01A,0.000,0.001,0.015,0.015,0.007,0.000,0.004,0.025,0.002,0.000,0.002,0.002,0.000,0.002,0.000,0.925,0.925
TCGA-C5-A7X5-01A,0.000,0.000,0.005,0.002,0.000,0.000,0.000,0.025,0.005,0.000,0.002,0.000,0.000,0.007,0.000,0.954,0.954
TCGA-ZJ-A8QR-01A,0.006,0.001,0.001,0.008,0.000,0.000,0.011,0.069,0.023,0.002,0.008,0.004,0.000,0.026,0.001,0.841,0.841
TCGA-HM-A3JK-01A,0.011,0.000,0.017,0.002,0.005,0.000,0.038,0.086,0.202,0.023,0.029,0.006,0.000,0.007,0.000,0.575,0.575
TCGA-EA-A556-01A,0.001,0.000,0.003,0.004,0.009,0.000,0.004,0.022,0.111,0.008,0.005,0.002,0.000,0.000,0.000,0.830,0.830
TCGA-VS-A9V4-01A,0.001,0.000,0.001,0.005,0.000,0.001,0.007,0.012,0.004,0.006,0.003,0.002,0.000,0.004,0.000,0.954,0.954
TCGA-IR-A3L7-01A,0.000,0.000,0.000,0.014,0.000,0.000,0.005,0.023,0.033,0.000,0.001,0.001,0.000,0.011,0.004,0.906,0.906
TCGA-EK-A2RL-01A,0.000,0.000,0.000,0.026,0.000,0.000,0.002,0.016,0.019,0.000,0.007,0.000,0.000,0.000,0.000,0.930,0.930
TCGA-VS-A94X-01A,0.002,0.003,0.007,0.009,0.008,0.000,0.004,0.017,0.000,0.000,0.012,0.001,0.000,0.016,0.000,0.921,0.921
TCGA-VS-A9V3-01A,0.006,0.001,0.014,0.034,0.009,0.000,0.010,0.069,0.004,0.002,0.030,0.004,0.000,0.039,0.000,0.776,0.776
TCGA-EK-A2RO-01A,0.000,0.000,0.001,0.016,0.000,0.000,0.008,0.049,0.081,0.001,0.002,0.000,0.000,0.005,0.000,0.836,0.836
TCGA-JW-A5VJ-01A,0.004,0.001,0.003,0.012,0.012,0.000,0.005,0.038,0.000,0.000,0.015,0.002,0.000,0.023,0.001,0.884,0.884
TCGA-MA-AA42-01A,0.023,0.008,0.062,0.037,0.054,0.000,0.041,0.029,0.000,0.001,0.144,0.000,0.001,0.028,0.001,0.570,0.570
TCGA-C5-A1MK-01A,0.000,0.002,0.017,0.008,0.000,0.000,0.004,0.054,0.078,0.001,0.018,0.004,0.000,0.020,0.003,0.790,0.790
TCGA-UC-A7PG-01A,0.000,0.002,0.005,0.010,0.009,0.004,0.007,0.037,0.027,0.001,0.001,0.003,0.000,0.021,0.005,0.867,0.867
TCGA-VS-A9UH-01A,0.030,0.001,0.046,0.041,0.028,0.000,0.007,0.066,0.045,0.005,0.125,0.001,0.000,0.011,0.001,0.592,0.592
TCGA-4J-AA1J-01A,0.000,0.001,0.011,0.005,0.000,0.000,0.006,0.064,0.052,0.024,0.001,0.005,0.000,0.014,0.006,0.811,0.811
TCGA-C5-A1ME-01A,0.004,0.000,0.004,0.012,0.013,0.000,0.015,0.024,0.016,0.000,0.013,0.004,0.000,0.004,0.002,0.889,0.889
TCGA-C5-A8YR-01A,0.000,0.000,0.008,0.055,0.000,0.000,0.000,0.054,0.032,0.000,0.124,0.000,0.000,0.000,0.000,0.726,0.726
TCGA-EA-A5FO-01A,0.000,0.000,0.001,0.010,0.000,0.000,0.007,0.016,0.000,0.000,0.000,0.000,0.000,0.005,0.000,0.960,0.960
TCGA-MA-AA3Z-01A,0.002,0.001,0.021,0.060,0.005,0.000,0.037,0.041,0.000,0.000,0.011,0.001,0.000,0.018,0.000,0.801,0.801
TCGA-C5-A8XJ-01A,0.008,0.003,0.018,0.015,0.016,0.000,0.007,0.066,0.060,0.017,0.015,0.003,0.000,0.006,0.000,0.765,0.765
TCGA-R2-A69V-01A,0.007,0.003,0.026,0.063,0.022,0.000,0.051,0.038,0.021,0.001,0.155,0.002,0.000,0.026,0.002,0.583,0.583
TCGA-C5-A1BM-01A,0.011,0.003,0.015,0.027,0.000,0.000,0.032,0.035,0.000,0.001,0.098,0.000,0.000,0.042,0.000,0.735,0.735
TCGA-ZJ-AAXD-01A,0.003,0.001,0.003,0.018,0.002,0.001,0.005,0.038,0.069,0.022,0.000,0.002,0.000,0.018,0.001,0.818,0.818
TCGA-HM-A4S6-01A,0.001,0.000,0.015,0.050,0.001,0.000,0.033,0.057,0.018,0.007,0.057,0.002,0.000,0.040,0.000,0.719,0.719
TCGA-EA-A5ZF-01A,0.004,0.000,0.001,0.004,0.000,0.000,0.001,0.035,0.071,0.008,0.021,0.003,0.000,0.000,0.000,0.852,0.852
TCGA-C5-A1M6-01A,0.000,0.000,0.000,0.007,0.012,0.000,0.004,0.017,0.038,0.000,0.004,0.002,0.000,0.000,0.001,0.914,0.914
TCGA-DG-A2KK-01A,0.001,0.000,0.001,0.018,0.020,0.000,0.028,0.021,0.018,0.000,0.026,0.001,0.000,0.008,0.001,0.856,0.856
TCGA-HG-A2PA-01A,0.026,0.001,0.016,0.024,0.001,0.000,0.013,0.044,0.051,0.001,0.008,0.007,0.000,0.034,0.005,0.770,0.770
TCGA-VS-A8EH-01A,0.000,0.001,0.005,0.006,0.000,0.000,0.012,0.055,0.000,0.000,0.016,0.003,0.000,0.023,0.000,0.878,0.878
TCGA-FU-A5XV-01A,0.004,0.001,0.007,0.012,0.001,0.000,0.007,0.067,0.015,0.000,0.002,0.008,0.000,0.026,0.004,0.845,0.845
TCGA-C5-A1MF-01A,0.002,0.000,0.003,0.018,0.000,0.000,0.000,0.008,0.027,0.001,0.020,0.001,0.000,0.000,0.000,0.919,0.919
TCGA-EX-A449-01A,0.070,0.000,0.000,0.016,0.000,0.000,0.005,0.013,0.004,0.000,0.011,0.001,0.000,0.000,0.000,0.880,0.880
TCGA-C5-A2LX-01A,0.022,0.000,0.044,0.017,0.045,0.000,0.064,0.017,0.029,0.000,0.033,0.002,0.000,0.000,0.000,0.725,0.725
TCGA-HM-A3JJ-01A,0.009,0.001,0.018,0.011,0.001,0.000,0.052,0.088,0.098,0.009,0.028,0.004,0.000,0.005,0.000,0.675,0.675
TCGA-LP-A4AW-01A,0.004,0.001,0.011,0.000,0.004,0.000,0.009,0.126,0.090,0.066,0.006,0.004,0.000,0.009,0.001,0.669,0.669
TCGA-C5-A8XH-01A,0.000,0.001,0.026,0.028,0.001,0.000,0.019,0.058,0.017,0.000,0.041,0.001,0.000,0.011,0.000,0.797,0.797
TCGA-EK-A2RE-01A,0.000,0.000,0.011,0.002,0.000,0.000,0.004,0.067,0.007,0.003,0.000,0.003,0.000,0.018,0.005,0.879,0.879
TCGA-EK-A2RC-01A,0.011,0.001,0.006,0.048,0.007,0.000,0.016,0.060,0.055,0.000,0.035,0.002,0.000,0.022,0.000,0.735,0.735
TCGA-EA-A3HU-01A,0.036,0.000,0.027,0.161,0.001,0.000,0.015,0.062,0.005,0.001,0.057,0.000,0.011,0.017,0.000,0.606,0.606
TCGA-EK-A2PI-01A,0.000,0.000,0.006,0.005,0.000,0.000,0.005,0.018,0.055,0.000,0.006,0.001,0.000,0.010,0.001,0.895,0.895
TCGA-EX-A8YF-01A,0.059,0.002,0.004,0.048,0.020,0.000,0.020,0.028,0.004,0.002,0.050,0.000,0.000,0.002,0.000,0.760,0.760
TCGA-C5-A7UC-01A,0.000,0.000,0.005,0.006,0.000,0.000,0.001,0.046,0.003,0.000,0.000,0.001,0.000,0.008,0.000,0.930,0.930
TCGA-EA-A3QE-01A,0.021,0.005,0.025,0.082,0.005,0.000,0.028,0.048,0.008,0.006,0.027,0.002,0.002,0.057,0.001,0.683,0.683
TCGA-EA-A4BA-01A,0.000,0.000,0.005,0.000,0.000,0.000,0.001,0.035,0.059,0.004,0.001,0.000,0.000,0.000,0.000,0.894,0.894
TCGA-EA-A411-01A,0.017,0.003,0.017,0.004,0.001,0.000,0.019,0.077,0.122,0.031,0.013,0.006,0.000,0.004,0.001,0.684,0.684
TCGA-IR-A3LL-01A,0.000,0.001,0.014,0.087,0.005,0.000,0.025,0.018,0.000,0.000,0.113,0.001,0.000,0.025,0.000,0.709,0.709
TCGA-IR-A3LF-01A,0.001,0.008,0.006,0.034,0.005,0.001,0.041,0.034,0.033,0.008,0.009,0.005,0.000,0.000,0.000,0.815,0.815
TCGA-EK-A3GJ-01A,0.000,0.000,0.010,0.097,0.001,0.000,0.011,0.020,0.000,0.000,0.041,0.000,0.000,0.032,0.001,0.788,0.788
TCGA-ZJ-AAXI-01A,0.000,0.000,0.000,0.008,0.000,0.000,0.020,0.019,0.000,0.000,0.000,0.001,0.001,0.013,0.000,0.939,0.939
TCGA-C5-A1BI-01B,0.028,0.001,0.017,0.041,0.002,0.000,0.017,0.049,0.031,0.011,0.024,0.004,0.000,0.049,0.014,0.710,0.710
TCGA-EK-A3GK-01A,0.000,0.001,0.000,0.046,0.000,0.000,0.011,0.012,0.003,0.000,0.034,0.000,0.000,0.007,0.000,0.884,0.884
TCGA-EA-A3HT-01A,0.001,0.005,0.022,0.002,0.000,0.000,0.023,0.061,0.135,0.001,0.028,0.005,0.000,0.033,0.001,0.684,0.684
TCGA-C5-A2M1-01A,0.005,0.001,0.014,0.043,0.006,0.000,0.022,0.009,0.002,0.000,0.058,0.000,0.000,0.000,0.000,0.841,0.841
TCGA-VS-AA62-01A,0.015,0.002,0.030,0.040,0.021,0.000,0.017,0.053,0.031,0.000,0.077,0.002,0.000,0.033,0.000,0.678,0.678
TCGA-JW-A5VL-01A,0.000,0.002,0.010,0.058,0.001,0.000,0.011,0.073,0.000,0.000,0.057,0.000,0.000,0.030,0.000,0.758,0.758
TCGA-EK-A2IR-01A,0.000,0.000,0.001,0.000,0.000,0.000,0.000,0.017,0.000,0.000,0.002,0.000,0.000,0.000,0.000,0.979,0.979
TCGA-VS-A9UD-01A,0.011,0.001,0.041,0.052,0.034,0.000,0.022,0.018,0.000,0.001,0.132,0.001,0.000,0.005,0.000,0.682,0.682
TCGA-VS-A9UR-01A,0.005,0.000,0.001,0.027,0.000,0.000,0.038,0.019,0.034,0.000,0.000,0.001,0.000,0.010,0.000,0.865,0.865
TCGA-FU-A3EO-01A,0.000,0.000,0.002,0.010,0.000,0.000,0.010,0.012,0.015,0.000,0.041,0.003,0.000,0.001,0.000,0.905,0.905
TCGA-JX-A3Q0-01A,0.005,0.003,0.021,0.029,0.022,0.000,0.013,0.039,0.000,0.001,0.062,0.000,0.000,0.033,0.000,0.771,0.771
TCGA-VS-A8QH-01A,0.000,0.000,0.000,0.010,0.000,0.000,0.008,0.015,0.000,0.000,0.008,0.001,0.000,0.000,0.000,0.957,0.957
TCGA-EK-A2RM-01A,0.003,0.000,0.009,0.004,0.000,0.000,0.002,0.015,0.069,0.004,0.041,0.003,0.000,0.007,0.000,0.842,0.842
TCGA-ZJ-AAX8-01A,0.010,0.001,0.031,0.023,0.014,0.000,0.015,0.063,0.115,0.003,0.023,0.005,0.000,0.033,0.001,0.662,0.662
TCGA-DR-A0ZL-01A,0.000,0.002,0.005,0.004,0.000,0.000,0.007,0.038,0.000,0.000,0.000,0.000,0.000,0.006,0.000,0.938,0.938
TCGA-2W-A8YY-01A,0.011,0.001,0.006,0.003,0.009,0.000,0.011,0.015,0.035,0.005,0.049,0.000,0.000,0.000,0.000,0.857,0.857
TCGA-BI-A0VR-01A,0.027,0.001,0.033,0.032,0.012,0.000,0.035,0.068,0.024,0.002,0.013,0.001,0.000,0.033,0.000,0.719,0.719
TCGA-FU-A23L-01A,0.010,0.001,0.017,0.041,0.028,0.000,0.044,0.030,0.023,0.009,0.017,0.000,0.000,0.009,0.000,0.771,0.771
TCGA-VS-A8EJ-01A,0.010,0.000,0.007,0.011,0.000,0.000,0.016,0.019,0.006,0.000,0.021,0.000,0.000,0.000,0.000,0.907,0.907
TCGA-DS-A0VK-01A,0.001,0.001,0.008,0.001,0.001,0.000,0.002,0.083,0.032,0.003,0.032,0.000,0.000,0.004,0.000,0.832,0.832
TCGA-LP-A4AX-01A,0.013,0.001,0.017,0.064,0.053,0.000,0.008,0.087,0.036,0.006,0.059,0.001,0.000,0.007,0.000,0.648,0.648
TCGA-EK-A2RJ-01A,0.030,0.002,0.007,0.034,0.017,0.000,0.001,0.039,0.000,0.020,0.044,0.000,0.000,0.025,0.001,0.780,0.780
TCGA-JW-A852-01A,0.000,0.000,0.021,0.001,0.000,0.000,0.014,0.016,0.000,0.000,0.003,0.001,0.000,0.008,0.000,0.935,0.935
TCGA-Q1-A73S-01A,0.000,0.000,0.001,0.002,0.000,0.000,0.003,0.015,0.011,0.003,0.005,0.001,0.000,0.000,0.001,0.957,0.957
TCGA-ZJ-AAXU-01A,0.050,0.010,0.033,0.028,0.012,0.000,0.010,0.043,0.002,0.000,0.002,0.001,0.000,0.010,0.001,0.798,0.798
TCGA-C5-A1MI-01A,0.008,0.002,0.016,0.028,0.034,0.000,0.018,0.033,0.029,0.001,0.018,0.002,0.000,0.001,0.000,0.812,0.812
TCGA-VS-A8QA-01A,0.002,0.000,0.001,0.046,0.001,0.000,0.018,0.010,0.000,0.000,0.005,0.001,0.000,0.000,0.000,0.916,0.916
TCGA-EA-A5ZD-01A,0.000,0.002,0.022,0.011,0.000,0.000,0.042,0.079,0.013,0.010,0.038,0.004,0.000,0.044,0.002,0.734,0.734
TCGA-XS-A8TJ-01A,0.003,0.004,0.017,0.004,0.004,0.000,0.051,0.071,0.011,0.003,0.014,0.005,0.000,0.021,0.001,0.791,0.791
TCGA-C5-A7CO-01A,0.000,0.000,0.001,0.020,0.000,0.000,0.018,0.026,0.000,0.000,0.013,0.000,0.000,0.014,0.001,0.907,0.907
TCGA-MY-A5BF-01A,0.000,0.000,0.002,0.054,0.008,0.000,0.036,0.042,0.000,0.000,0.014,0.000,0.000,0.031,0.001,0.810,0.810
TCGA-C5-A1BL-01A,0.007,0.001,0.009,0.048,0.012,0.000,0.015,0.031,0.000,0.000,0.041,0.000,0.000,0.051,0.001,0.784,0.784
TCGA-C5-A1M5-01A,0.007,0.011,0.024,0.037,0.001,0.000,0.064,0.060,0.020,0.001,0.009,0.001,0.000,0.026,0.002,0.737,0.737
TCGA-DS-A5RQ-01A,0.000,0.002,0.011,0.019,0.000,0.000,0.025,0.056,0.020,0.000,0.025,0.001,0.000,0.027,0.006,0.806,0.806
TCGA-JW-A5VG-01A,0.000,0.000,0.006,0.057,0.000,0.000,0.010,0.056,0.002,0.000,0.035,0.001,0.011,0.002,0.000,0.819,0.819
TCGA-WL-A834-01A,0.000,0.001,0.004,0.001,0.001,0.000,0.011,0.063,0.023,0.013,0.004,0.003,0.000,0.007,0.000,0.869,0.869
TCGA-DS-A1OD-01A,0.010,0.001,0.041,0.050,0.047,0.000,0.072,0.034,0.040,0.003,0.065,0.003,0.000,0.001,0.000,0.633,0.633
TCGA-Q1-A5R1-01A,0.008,0.000,0.002,0.015,0.001,0.000,0.028,0.036,0.018,0.000,0.009,0.006,0.000,0.005,0.000,0.871,0.871
TCGA-ZJ-AAXF-01A,0.010,0.014,0.037,0.005,0.028,0.003,0.035,0.054,0.057,0.011,0.008,0.003,0.000,0.025,0.001,0.708,0.708
TCGA-LP-A5U2-01A,0.000,0.000,0.001,0.021,0.012,0.000,0.008,0.017,0.000,0.001,0.002,0.000,0.000,0.000,0.000,0.937,0.937
TCGA-C5-A7CK-01A,0.012,0.002,0.001,0.005,0.002,0.000,0.000,0.039,0.072,0.001,0.005,0.003,0.000,0.003,0.000,0.855,0.855
TCGA-ZJ-AB0H-01A,0.033,0.001,0.025,0.013,0.025,0.000,0.029,0.042,0.028,0.001,0.060,0.002,0.000,0.044,0.002,0.694,0.694
TCGA-EK-A2R9-01A,0.001,0.000,0.018,0.016,0.012,0.000,0.089,0.044,0.108,0.004,0.018,0.001,0.000,0.000,0.000,0.689,0.689
TCGA-VS-A954-01A,0.005,0.000,0.006,0.006,0.025,0.000,0.005,0.027,0.026,0.001,0.014,0.001,0.000,0.005,0.001,0.876,0.876
TCGA-Q1-A73O-01A,0.007,0.001,0.005,0.038,0.003,0.000,0.005,0.047,0.019,0.000,0.020,0.001,0.000,0.024,0.000,0.831,0.831
TCGA-VS-A9U6-01A,0.010,0.002,0.020,0.020,0.012,0.000,0.044,0.037,0.038,0.001,0.033,0.004,0.000,0.031,0.001,0.748,0.748
TCGA-EK-A3GM-01A,0.005,0.000,0.000,0.011,0.000,0.000,0.000,0.008,0.001,0.000,0.003,0.002,0.000,0.000,0.000,0.970,0.970
TCGA-C5-A7CJ-01A,0.015,0.001,0.025,0.031,0.001,0.001,0.034,0.106,0.060,0.027,0.008,0.005,0.000,0.033,0.002,0.653,0.653
TCGA-FU-A3WB-01A,0.000,0.000,0.006,0.017,0.000,0.000,0.006,0.042,0.026,0.002,0.001,0.001,0.000,0.003,0.000,0.896,0.896
TCGA-VS-A9V1-01A,0.041,0.000,0.000,0.017,0.000,0.000,0.000,0.013,0.003,0.000,0.000,0.000,0.000,0.013,0.000,0.911,0.911
TCGA-C5-A1ML-01A,0.012,0.002,0.018,0.002,0.007,0.000,0.019,0.055,0.018,0.005,0.009,0.002,0.000,0.011,0.000,0.839,0.839
TCGA-IR-A3LB-01A,0.000,0.000,0.005,0.014,0.004,0.000,0.002,0.017,0.172,0.000,0.013,0.005,0.000,0.005,0.000,0.763,0.763
TCGA-VS-A9U7-01A,0.007,0.002,0.023,0.042,0.004,0.000,0.046,0.048,0.004,0.001,0.031,0.001,0.000,0.029,0.001,0.763,0.763
TCGA-EK-A2RK-01A,0.000,0.000,0.008,0.035,0.000,0.000,0.044,0.037,0.000,0.007,0.005,0.000,0.000,0.004,0.000,0.860,0.860
TCGA-C5-A905-01A,0.001,0.000,0.009,0.003,0.000,0.001,0.008,0.047,0.000,0.000,0.003,0.003,0.000,0.009,0.001,0.915,0.915
TCGA-C5-A3HL-01A,0.013,0.000,0.007,0.014,0.000,0.000,0.009,0.035,0.005,0.001,0.002,0.002,0.000,0.028,0.001,0.883,0.883
TCGA-C5-A1MH-01A,0.012,0.001,0.030,0.026,0.020,0.000,0.009,0.071,0.021,0.011,0.123,0.001,0.000,0.031,0.002,0.643,0.643
TCGA-Q1-A5R2-01A,0.003,0.001,0.016,0.022,0.011,0.000,0.005,0.022,0.014,0.004,0.058,0.000,0.000,0.010,0.000,0.833,0.833
TCGA-FU-A3HY-01A,0.000,0.000,0.003,0.006,0.000,0.000,0.003,0.042,0.019,0.000,0.001,0.003,0.000,0.020,0.001,0.902,0.902
TCGA-EA-A439-01A,0.001,0.000,0.002,0.043,0.000,0.000,0.010,0.021,0.134,0.004,0.012,0.002,0.000,0.000,0.000,0.771,0.771
TCGA-C5-A7UH-01A,0.015,0.003,0.005,0.014,0.018,0.000,0.005,0.069,0.015,0.006,0.016,0.000,0.000,0.009,0.007,0.819,0.819
TCGA-C5-A1M7-01A,0.020,0.001,0.025,0.004,0.000,0.000,0.028,0.069,0.011,0.001,0.000,0.003,0.000,0.023,0.006,0.808,0.808
TCGA-EA-A50E-01A,0.001,0.002,0.001,0.004,0.003,0.000,0.000,0.074,0.076,0.020,0.064,0.002,0.000,0.010,0.001,0.743,0.743
TCGA-VS-A9V5-01A,0.009,0.001,0.000,0.015,0.000,0.000,0.007,0.036,0.028,0.000,0.012,0.003,0.000,0.006,0.000,0.884,0.884
TCGA-BI-A20A-01A,0.011,0.001,0.011,0.020,0.016,0.000,0.087,0.042,0.027,0.001,0.037,0.000,0.000,0.003,0.000,0.745,0.745
TCGA-C5-A2LV-01A,0.000,0.000,0.003,0.009,0.000,0.000,0.013,0.037,0.035,0.000,0.014,0.001,0.000,0.000,0.000,0.887,0.887
TCGA-C5-A2LZ-01A,0.013,0.001,0.007,0.044,0.000,0.000,0.029,0.056,0.000,0.000,0.008,0.003,0.000,0.023,0.000,0.817,0.817
TCGA-Q1-A6DV-01A,0.005,0.001,0.004,0.027,0.001,0.000,0.029,0.039,0.016,0.000,0.000,0.007,0.000,0.010,0.000,0.859,0.859
TCGA-EK-A3GN-01A,0.000,0.000,0.000,0.004,0.000,0.000,0.005,0.017,0.023,0.000,0.001,0.002,0.000,0.001,0.000,0.946,0.946
TCGA-ZJ-A8QQ-01A,0.000,0.000,0.000,0.022,0.000,0.000,0.006,0.052,0.000,0.000,0.003,0.000,0.000,0.017,0.000,0.898,0.898
TCGA-LP-A5U3-01A,0.000,0.001,0.018,0.034,0.000,0.000,0.016,0.032,0.000,0.000,0.010,0.001,0.000,0.023,0.000,0.865,0.865
TCGA-VS-A94Z-01A,0.020,0.000,0.047,0.129,0.020,0.000,0.011,0.063,0.009,0.001,0.082,0.001,0.000,0.020,0.000,0.597,0.597
TCGA-EK-A2PG-01A,0.000,0.000,0.000,0.007,0.001,0.000,0.003,0.015,0.000,0.000,0.004,0.000,0.000,0.013,0.001,0.957,0.957
TCGA-DG-A2KL-01A,0.000,0.001,0.016,0.011,0.000,0.000,0.044,0.058,0.172,0.001,0.020,0.004,0.000,0.019,0.005,0.649,0.649
TCGA-EA-A6QX-01A,0.027,0.001,0.024,0.018,0.003,0.000,0.004,0.047,0.022,0.005,0.033,0.002,0.000,0.025,0.000,0.787,0.787
TCGA-VS-A9UT-01A,0.107,0.001,0.034,0.016,0.062,0.000,0.025,0.041,0.059,0.013,0.212,0.000,0.000,0.000,0.003,0.427,0.427
TCGA-C5-A8ZZ-01A,0.003,0.003,0.011,0.001,0.000,0.000,0.003,0.038,0.149,0.019,0.009,0.006,0.000,0.004,0.000,0.753,0.753
TCGA-VS-A959-01A,0.039,0.003,0.020,0.010,0.006,0.001,0.027,0.030,0.036,0.005,0.049,0.004,0.000,0.020,0.001,0.750,0.750
TCGA-VS-A950-01A,0.033,0.003,0.007,0.003,0.001,0.000,0.004,0.058,0.024,0.002,0.003,0.001,0.000,0.009,0.002,0.850,0.850
TCGA-VS-A9UM-01A,0.025,0.004,0.015,0.032,0.013,0.000,0.014,0.064,0.040,0.002,0.030,0.003,0.001,0.050,0.001,0.707,0.707
TCGA-DS-A0VM-01A,0.000,0.000,0.020,0.024,0.000,0.000,0.008,0.035,0.036,0.000,0.021,0.001,0.000,0.006,0.000,0.847,0.847
TCGA-VS-A957-01A,0.000,0.000,0.001,0.014,0.000,0.000,0.011,0.023,0.000,0.000,0.002,0.001,0.000,0.015,0.000,0.932,0.932
TCGA-EA-A3HR-01A,0.000,0.000,0.003,0.012,0.000,0.000,0.017,0.058,0.001,0.016,0.004,0.003,0.000,0.026,0.001,0.860,0.860
TCGA-C5-A2M2-01A,0.000,0.000,0.001,0.023,0.008,0.000,0.003,0.010,0.010,0.000,0.001,0.000,0.000,0.001,0.000,0.943,0.943
TCGA-VS-A9UV-01A,0.011,0.000,0.002,0.013,0.000,0.000,0.003,0.026,0.000,0.000,0.001,0.002,0.000,0.027,0.004,0.909,0.909
TCGA-EX-A3L1-01A,0.008,0.004,0.018,0.002,0.000,0.000,0.015,0.045,0.054,0.007,0.021,0.002,0.000,0.024,0.001,0.799,0.799
TCGA-VS-A9UU-01A,0.017,0.001,0.007,0.013,0.002,0.000,0.010,0.058,0.001,0.001,0.000,0.003,0.000,0.018,0.010,0.859,0.859
TCGA-MY-A5BE-01A,0.045,0.024,0.063,0.068,0.083,0.000,0.079,0.025,0.021,0.004,0.109,0.001,0.001,0.001,0.000,0.474,0.474
TCGA-VS-A94W-01A,0.011,0.000,0.054,0.012,0.035,0.000,0.061,0.047,0.014,0.001,0.045,0.002,0.000,0.020,0.000,0.698,0.698
TCGA-C5-A3HD-01B,0.000,0.000,0.002,0.006,0.000,0.000,0.004,0.016,0.000,0.000,0.001,0.001,0.000,0.002,0.000,0.968,0.968
TCGA-JX-A3PZ-01A,0.000,0.000,0.001,0.039,0.000,0.000,0.030,0.034,0.045,0.000,0.052,0.001,0.000,0.003,0.000,0.794,0.794
TCGA-IR-A3LA-01A,0.010,0.000,0.002,0.010,0.012,0.000,0.009,0.010,0.036,0.000,0.017,0.000,0.000,0.000,0.000,0.894,0.894
TCGA-C5-A3HE-01A,0.010,0.000,0.000,0.068,0.000,0.000,0.008,0.025,0.005,0.000,0.042,0.003,0.000,0.000,0.000,0.837,0.837
TCGA-Q1-A6DT-01A,0.000,0.000,0.003,0.006,0.000,0.000,0.004,0.035,0.000,0.000,0.005,0.001,0.000,0.011,0.001,0.935,0.935
TCGA-C5-A7CL-01A,0.001,0.007,0.006,0.010,0.000,0.000,0.007,0.057,0.035,0.006,0.012,0.006,0.000,0.037,0.001,0.815,0.815
TCGA-IR-A3LK-01A,0.000,0.001,0.001,0.034,0.000,0.000,0.013,0.032,0.000,0.000,0.029,0.000,0.000,0.014,0.000,0.875,0.875
TCGA-MA-AA3X-01A,0.000,0.002,0.009,0.003,0.000,0.001,0.004,0.064,0.000,0.008,0.089,0.004,0.000,0.031,0.003,0.781,0.781
TCGA-C5-A7XC-01A,0.033,0.000,0.005,0.034,0.002,0.000,0.025,0.079,0.066,0.001,0.016,0.006,0.015,0.025,0.001,0.694,0.694
TCGA-VS-A94Y-01A,0.000,0.000,0.009,0.020,0.000,0.000,0.012,0.028,0.059,0.000,0.022,0.001,0.000,0.012,0.000,0.835,0.835
TCGA-EK-A2PM-01A,0.000,0.000,0.001,0.000,0.008,0.000,0.000,0.016,0.025,0.000,0.001,0.000,0.000,0.006,0.007,0.936,0.936
TCGA-FU-A3TQ-01A,0.002,0.002,0.018,0.006,0.000,0.000,0.034,0.056,0.012,0.005,0.001,0.003,0.000,0.033,0.003,0.824,0.824
TCGA-EX-A69M-01A,0.026,0.001,0.012,0.031,0.015,0.000,0.025,0.036,0.000,0.001,0.052,0.001,0.000,0.049,0.000,0.750,0.750
TCGA-ZJ-AAX4-01A,0.000,0.001,0.017,0.020,0.022,0.000,0.032,0.064,0.006,0.001,0.078,0.004,0.000,0.028,0.002,0.726,0.726
TCGA-FU-A40J-01A,0.000,0.000,0.000,0.051,0.000,0.000,0.028,0.028,0.049,0.000,0.008,0.003,0.001,0.002,0.000,0.828,0.828
TCGA-VS-A8QF-01A,0.026,0.002,0.013,0.009,0.009,0.000,0.007,0.042,0.005,0.001,0.031,0.002,0.000,0.034,0.000,0.818,0.818
TCGA-Q1-A73R-01A,0.000,0.000,0.007,0.024,0.002,0.000,0.006,0.039,0.056,0.003,0.002,0.001,0.000,0.000,0.002,0.858,0.858
TCGA-VS-A9V0-01A,0.000,0.000,0.005,0.005,0.000,0.000,0.012,0.025,0.003,0.013,0.002,0.001,0.000,0.003,0.000,0.931,0.931
TCGA-UC-A7PF-01A,0.021,0.000,0.016,0.070,0.003,0.000,0.089,0.038,0.044,0.001,0.046,0.001,0.000,0.029,0.000,0.641,0.641
TCGA-C5-A1BQ-01C,0.000,0.001,0.011,0.070,0.001,0.000,0.000,0.040,0.001,0.000,0.055,0.000,0.000,0.019,0.000,0.802,0.802
TCGA-C5-A1MN-01A,0.000,0.001,0.013,0.003,0.000,0.000,0.005,0.072,0.007,0.000,0.004,0.000,0.000,0.013,0.001,0.882,0.882
TCGA-VS-A8EB-01A,0.000,0.000,0.000,0.051,0.000,0.000,0.011,0.028,0.007,0.000,0.017,0.001,0.007,0.002,0.000,0.875,0.875
TCGA-MY-A5BD-01A,0.000,0.000,0.006,0.014,0.001,0.000,0.030,0.014,0.018,0.000,0.001,0.004,0.001,0.000,0.000,0.911,0.911
TCGA-C5-A3HF-01A,0.013,0.001,0.012,0.017,0.014,0.001,0.027,0.039,0.060,0.001,0.013,0.004,0.000,0.005,0.001,0.793,0.793
TCGA-HM-A6W2-01A,0.022,0.000,0.004,0.000,0.008,0.000,0.006,0.035,0.090,0.006,0.040,0.000,0.000,0.000,0.000,0.788,0.788
TCGA-C5-A2LS-01A,0.002,0.000,0.000,0.012,0.000,0.000,0.022,0.011,0.001,0.000,0.000,0.002,0.000,0.000,0.000,0.950,0.950
TCGA-C5-A8YT-01A,0.000,0.001,0.000,0.010,0.016,0.001,0.007,0.044,0.261,0.000,0.007,0.003,0.015,0.000,0.000,0.636,0.636
TCGA-C5-A901-01A,0.010,0.004,0.010,0.006,0.001,0.001,0.009,0.073,0.025,0.001,0.003,0.002,0.000,0.035,0.001,0.819,0.819
TCGA-MU-A51Y-01A,0.006,0.003,0.031,0.040,0.001,0.000,0.075,0.077,0.040,0.013,0.053,0.002,0.000,0.029,0.001,0.628,0.628
TCGA-EA-A5ZE-01A,0.008,0.001,0.019,0.020,0.001,0.000,0.078,0.065,0.060,0.010,0.049,0.003,0.000,0.005,0.000,0.682,0.682
TCGA-IR-A3LI-01A,0.000,0.000,0.000,0.006,0.000,0.000,0.012,0.001,0.001,0.000,0.000,0.000,0.000,0.000,0.000,0.980,0.980
TCGA-ZJ-AAXA-01A,0.000,0.001,0.003,0.002,0.000,0.000,0.005,0.058,0.004,0.009,0.010,0.003,0.000,0.004,0.000,0.901,0.901
TCGA-FU-A3NI-01A,0.000,0.000,0.009,0.013,0.001,0.000,0.025,0.041,0.029,0.000,0.024,0.002,0.000,0.007,0.001,0.847,0.847
TCGA-DG-A2KM-01A,0.049,0.015,0.038,0.070,0.097,0.000,0.049,0.024,0.044,0.013,0.211,0.001,0.000,0.026,0.000,0.363,0.363
TCGA-EA-A97N-01A,0.000,0.003,0.012,0.002,0.000,0.001,0.019,0.071,0.071,0.010,0.001,0.004,0.000,0.016,0.001,0.789,0.789
TCGA-DG-A2KJ-01A,0.017,0.000,0.024,0.014,0.002,0.000,0.025,0.009,0.005,0.000,0.029,0.003,0.003,0.000,0.000,0.868,0.868
TCGA-VS-A8QM-01A,0.020,0.015,0.037,0.015,0.050,0.022,0.035,0.095,0.060,0.029,0.014,0.004,0.000,0.020,0.004,0.579,0.579
TCGA-VS-A8EL-01A,0.006,0.002,0.014,0.047,0.025,0.000,0.008,0.030,0.057,0.000,0.093,0.000,0.000,0.039,0.000,0.679,0.679
TCGA-Q1-A73P-01A,0.005,0.002,0.012,0.039,0.000,0.000,0.016,0.019,0.024,0.001,0.054,0.002,0.000,0.004,0.000,0.820,0.820
TCGA-PN-A8MA-01A,0.033,0.002,0.012,0.028,0.032,0.000,0.019,0.051,0.034,0.018,0.026,0.001,0.000,0.000,0.000,0.744,0.744
TCGA-C5-A1BN-01B,0.000,0.001,0.003,0.003,0.000,0.000,0.003,0.071,0.000,0.000,0.000,0.003,0.000,0.003,0.000,0.911,0.911
TCGA-DS-A1O9-01A,0.000,0.001,0.029,0.012,0.002,0.000,0.004,0.076,0.056,0.009,0.114,0.003,0.000,0.024,0.000,0.671,0.671
TCGA-DS-A7WH-01A,0.000,0.001,0.000,0.018,0.000,0.000,0.000,0.069,0.163,0.001,0.005,0.003,0.000,0.005,0.000,0.735,0.735
TCGA-VS-A9UL-01A,0.009,0.001,0.000,0.005,0.016,0.000,0.002,0.013,0.066,0.000,0.000,0.000,0.000,0.000,0.006,0.881,0.881
TCGA-VS-A953-01A,0.000,0.000,0.000,0.029,0.003,0.000,0.002,0.029,0.000,0.000,0.015,0.000,0.000,0.001,0.000,0.921,0.921
TCGA-FU-A770-01A,0.000,0.000,0.000,0.009,0.000,0.000,0.024,0.040,0.005,0.000,0.003,0.002,0.000,0.001,0.000,0.916,0.916
TCGA-C5-A7CM-01A,0.060,0.000,0.000,0.004,0.000,0.000,0.002,0.031,0.019,0.001,0.001,0.001,0.000,0.002,0.000,0.880,0.880
TCGA-ZJ-AAXT-01A,0.002,0.002,0.005,0.020,0.012,0.000,0.003,0.034,0.000,0.009,0.004,0.001,0.000,0.027,0.002,0.879,0.879
TCGA-EK-A2R8-01A,0.000,0.000,0.002,0.023,0.000,0.000,0.003,0.034,0.043,0.000,0.002,0.001,0.000,0.001,0.000,0.891,0.891
TCGA-C5-A1BJ-01A,0.001,0.001,0.029,0.001,0.021,0.000,0.019,0.064,0.049,0.007,0.001,0.004,0.000,0.020,0.005,0.775,0.775
TCGA-VS-A9UJ-01A,0.001,0.000,0.001,0.003,0.000,0.000,0.005,0.020,0.037,0.000,0.001,0.001,0.000,0.008,0.000,0.922,0.922
TCGA-EA-A3HQ-01A,0.000,0.001,0.020,0.010,0.013,0.000,0.024,0.053,0.024,0.001,0.064,0.002,0.000,0.017,0.000,0.770,0.770
TCGA-JX-A5QV-01A,0.000,0.001,0.008,0.027,0.000,0.000,0.032,0.040,0.002,0.000,0.039,0.005,0.000,0.013,0.000,0.834,0.834
TCGA-C5-A1M8-01A,0.000,0.000,0.006,0.010,0.003,0.000,0.002,0.040,0.001,0.000,0.002,0.002,0.000,0.014,0.002,0.917,0.917
TCGA-ZJ-AB0I-01A,0.000,0.001,0.000,0.036,0.000,0.000,0.025,0.049,0.029,0.000,0.007,0.000,0.000,0.019,0.000,0.834,0.834
TCGA-C5-A0TN-01A,0.000,0.000,0.018,0.012,0.000,0.000,0.001,0.034,0.020,0.000,0.006,0.000,0.000,0.000,0.000,0.909,0.909
TCGA-VS-A9UB-01A,0.000,0.002,0.008,0.062,0.031,0.000,0.042,0.040,0.002,0.000,0.070,0.001,0.000,0.014,0.006,0.720,0.720
TCGA-LP-A4AU-01A,0.027,0.001,0.003,0.029,0.000,0.000,0.004,0.081,0.004,0.015,0.001,0.001,0.000,0.024,0.001,0.807,0.807
TCGA-ZJ-AAXN-01A,0.000,0.001,0.001,0.051,0.000,0.000,0.022,0.042,0.032,0.000,0.010,0.002,0.007,0.013,0.000,0.818,0.818
TCGA-C5-A2LY-01A,0.003,0.003,0.024,0.070,0.001,0.000,0.071,0.019,0.000,0.001,0.059,0.001,0.001,0.007,0.000,0.740,0.740
TCGA-EK-A2GZ-01A,0.001,0.000,0.015,0.009,0.000,0.000,0.003,0.024,0.000,0.001,0.010,0.001,0.001,0.016,0.000,0.919,0.919
TCGA-ZJ-A8QO-01A,0.046,0.001,0.071,0.011,0.043,0.001,0.051,0.039,0.095,0.004,0.050,0.000,0.000,0.006,0.001,0.582,0.582
TCGA-FU-A2QG-01A,0.000,0.002,0.000,0.041,0.000,0.000,0.010,0.087,0.004,0.000,0.001,0.003,0.000,0.012,0.005,0.835,0.835
TCGA-BI-A0VS-01A,0.006,0.007,0.038,0.004,0.019,0.001,0.019,0.035,0.055,0.002,0.022,0.000,0.000,0.002,0.001,0.791,0.791
TCGA-DG-A2KH-01A,0.000,0.000,0.000,0.014,0.000,0.000,0.022,0.009,0.000,0.000,0.000,0.000,0.000,0.000,0.000,0.953,0.953
TCGA-EK-A2RB-01A,0.000,0.000,0.000,0.036,0.000,0.000,0.003,0.026,0.000,0.000,0.004,0.000,0.000,0.015,0.000,0.915,0.915
TCGA-VS-A8EI-01A,0.014,0.000,0.021,0.008,0.040,0.000,0.015,0.080,0.030,0.001,0.024,0.003,0.000,0.009,0.001,0.753,0.753
TCGA-EK-A2IP-01A,0.000,0.000,0.007,0.017,0.000,0.000,0.003,0.056,0.006,0.000,0.000,0.002,0.000,0.009,0.000,0.899,0.899
TCGA-JW-AAVH-01A,0.000,0.000,0.004,0.022,0.006,0.000,0.006,0.036,0.002,0.000,0.000,0.003,0.003,0.016,0.001,0.900,0.900
TCGA-MU-A5YI-01A,0.003,0.001,0.023,0.015,0.000,0.000,0.046,0.108,0.132,0.031,0.014,0.000,0.000,0.000,0.000,0.626,0.626
TCGA-C5-A7UE-01A,0.004,0.000,0.005,0.007,0.001,0.000,0.011,0.046,0.000,0.000,0.001,0.002,0.000,0.021,0.007,0.896,0.896
TCGA-UC-A7PD-01A,0.001,0.001,0.010,0.010,0.000,0.000,0.010,0.070,0.006,0.000,0.001,0.002,0.000,0.010,0.001,0.878,0.878
TCGA-DS-A1OC-01A,0.008,0.002,0.004,0.032,0.018,0.000,0.003,0.040,0.001,0.000,0.048,0.002,0.000,0.031,0.000,0.809,0.809
TCGA-EA-A1QT-01A,0.000,0.000,0.013,0.022,0.000,0.000,0.007,0.045,0.019,0.000,0.001,0.000,0.000,0.015,0.001,0.874,0.874
TCGA-FU-A3TX-01A,0.001,0.000,0.015,0.011,0.014,0.000,0.024,0.060,0.024,0.000,0.012,0.003,0.000,0.006,0.000,0.829,0.829
TCGA-VS-A9UQ-01A,0.009,0.000,0.001,0.021,0.015,0.000,0.025,0.032,0.074,0.000,0.012,0.005,0.000,0.000,0.000,0.806,0.806
TCGA-FU-A3YQ-01A,0.043,0.001,0.029,0.026,0.001,0.001,0.055,0.078,0.052,0.009,0.024,0.005,0.000,0.036,0.004,0.636,0.636
TCGA-EA-A5O9-01A,0.000,0.000,0.010,0.028,0.000,0.000,0.007,0.022,0.000,0.000,0.007,0.000,0.000,0.023,0.001,0.901,0.901
TCGA-MA-AA3W-01A,0.007,0.009,0.033,0.084,0.001,0.000,0.094,0.054,0.007,0.011,0.035,0.001,0.000,0.018,0.000,0.645,0.645
TCGA-VS-A8QC-01A,0.007,0.000,0.002,0.025,0.001,0.000,0.004,0.046,0.053,0.000,0.006,0.003,0.000,0.011,0.000,0.841,0.841
TCGA-VS-A9V2-01A,0.005,0.001,0.010,0.058,0.002,0.000,0.070,0.049,0.004,0.000,0.019,0.004,0.000,0.024,0.000,0.754,0.754
TCGA-MY-A913-01A,0.010,0.004,0.029,0.016,0.003,0.000,0.010,0.052,0.018,0.000,0.023,0.002,0.000,0.011,0.000,0.822,0.822
TCGA-JW-A5VK-01A,0.000,0.000,0.008,0.001,0.000,0.000,0.004,0.024,0.000,0.001,0.002,0.000,0.000,0.008,0.000,0.952,0.952
TCGA-VS-A9UO-01A,0.008,0.000,0.000,0.034,0.000,0.000,0.007,0.010,0.001,0.000,0.001,0.000,0.000,0.004,0.000,0.936,0.936
TCGA-C5-A7X3-01A,0.054,0.000,0.024,0.007,0.006,0.001,0.006,0.047,0.054,0.001,0.041,0.003,0.003,0.000,0.000,0.754,0.754
TCGA-C5-A1M9-01A,0.000,0.000,0.001,0.022,0.000,0.000,0.008,0.021,0.007,0.000,0.028,0.002,0.000,0.007,0.000,0.902,0.902
TCGA-EA-A44S-01A,0.004,0.000,0.016,0.022,0.016,0.000,0.014,0.036,0.000,0.002,0.035,0.002,0.000,0.033,0.001,0.818,0.818
TCGA-EA-A43B-01A,0.010,0.001,0.018,0.035,0.001,0.000,0.015,0.061,0.021,0.002,0.019,0.001,0.000,0.011,0.000,0.803,0.803
TCGA-FU-A3HZ-01A,0.000,0.000,0.004,0.011,0.012,0.000,0.001,0.017,0.035,0.000,0.019,0.003,0.000,0.000,0.000,0.897,0.897
TCGA-C5-A1MJ-01A,0.000,0.001,0.017,0.002,0.004,0.001,0.017,0.049,0.071,0.013,0.056,0.006,0.000,0.000,0.000,0.766,0.766
TCGA-JW-A69B-01A,0.011,0.000,0.018,0.001,0.000,0.000,0.004,0.027,0.031,0.000,0.088,0.004,0.000,0.010,0.000,0.804,0.804
TCGA-EA-A3QD-01A,0.011,0.014,0.037,0.053,0.049,0.001,0.031,0.029,0.046,0.008,0.105,0.001,0.000,0.008,0.001,0.605,0.605
TCGA-MU-A8JM-01A,0.005,0.000,0.021,0.018,0.000,0.000,0.038,0.055,0.003,0.000,0.002,0.003,0.000,0.040,0.001,0.813,0.813
TCGA-VS-A8EC-01A,0.000,0.000,0.001,0.001,0.001,0.000,0.000,0.020,0.000,0.000,0.001,0.001,0.000,0.001,0.001,0.972,0.972
TCGA-C5-A1BK-01B,0.015,0.002,0.045,0.064,0.002,0.000,0.104,0.044,0.006,0.006,0.030,0.000,0.000,0.019,0.000,0.661,0.661
TCGA-VS-A8EG-01A,0.003,0.004,0.004,0.008,0.000,0.000,0.010,0.045,0.000,0.002,0.001,0.002,0.000,0.025,0.002,0.893,0.893
TCGA-ZJ-AAXJ-01A,0.006,0.000,0.002,0.007,0.000,0.000,0.022,0.012,0.000,0.000,0.000,0.000,0.000,0.017,0.003,0.931,0.931
TCGA-EK-A2RN-01A,0.000,0.000,0.000,0.013,0.000,0.000,0.015,0.007,0.000,0.000,0.025,0.000,0.000,0.037,0.000,0.902,0.902
TCGA-MA-AA41-01A,0.000,0.000,0.000,0.052,0.001,0.000,0.021,0.027,0.000,0.001,0.002,0.001,0.000,0.013,0.001,0.881,0.881
TCGA-C5-A907-01A,0.001,0.001,0.000,0.051,0.001,0.000,0.011,0.027,0.018,0.000,0.026,0.001,0.000,0.003,0.000,0.859,0.859
TCGA-DS-A0VN-01A,0.000,0.002,0.027,0.062,0.026,0.000,0.014,0.062,0.029,0.008,0.046,0.001,0.000,0.013,0.004,0.706,0.706
TCGA-VS-A8Q8-01A,0.002,0.002,0.010,0.032,0.002,0.000,0.032,0.077,0.000,0.000,0.038,0.003,0.000,0.043,0.011,0.749,0.749
TCGA-FU-A23K-01A,0.012,0.001,0.014,0.013,0.009,0.000,0.009,0.019,0.021,0.004,0.021,0.001,0.000,0.000,0.000,0.877,0.877
TCGA-EA-A410-01A,0.003,0.001,0.003,0.018,0.014,0.000,0.003,0.045,0.105,0.000,0.019,0.002,0.000,0.000,0.000,0.787,0.787
TCGA-FU-A57G-01A,0.001,0.001,0.005,0.002,0.000,0.001,0.005,0.126,0.142,0.096,0.009,0.002,0.000,0.000,0.000,0.610,0.610
TCGA-ZJ-AAXB-01A,0.000,0.000,0.004,0.000,0.000,0.000,0.003,0.015,0.042,0.002,0.003,0.003,0.000,0.001,0.000,0.928,0.928
TCGA-EK-A2PK-01A,0.059,0.000,0.005,0.067,0.000,0.000,0.008,0.057,0.007,0.002,0.038,0.000,0.016,0.000,0.000,0.738,0.738
TCGA-C5-A1MQ-01A,0.036,0.001,0.025,0.023,0.000,0.000,0.017,0.011,0.043,0.000,0.124,0.002,0.000,0.009,0.000,0.709,0.709
TCGA-EA-A3HS-01A,0.004,0.001,0.010,0.035,0.003,0.000,0.010,0.083,0.029,0.002,0.017,0.002,0.000,0.023,0.000,0.782,0.782
TCGA-DS-A7WF-01A,0.007,0.001,0.011,0.016,0.009,0.000,0.013,0.033,0.070,0.002,0.008,0.003,0.000,0.000,0.000,0.825,0.825
TCGA-VS-A9U5-01A,0.026,0.005,0.010,0.024,0.037,0.000,0.024,0.041,0.001,0.001,0.029,0.001,0.000,0.009,0.000,0.791,0.791
TCGA-DR-A0ZM-01A,0.000,0.001,0.025,0.050,0.000,0.000,0.051,0.026,0.000,0.005,0.023,0.000,0.000,0.017,0.000,0.800,0.800
TCGA-VS-A9UZ-01A,0.032,0.002,0.021,0.023,0.018,0.000,0.025,0.043,0.020,0.008,0.026,0.002,0.000,0.007,0.000,0.772,0.772
TCGA-DS-A7WI-01A,0.000,0.000,0.000,0.020,0.000,0.000,0.001,0.033,0.000,0.000,0.022,0.002,0.001,0.016,0.000,0.905,0.905
TCGA-EX-A69L-01A,0.027,0.000,0.035,0.032,0.023,0.000,0.061,0.046,0.021,0.009,0.062,0.003,0.000,0.019,0.000,0.661,0.661
TCGA-Q1-A73Q-01A,0.008,0.000,0.018,0.004,0.001,0.001,0.019,0.029,0.024,0.001,0.000,0.006,0.000,0.013,0.001,0.875,0.875
TCGA-VS-A9UI-01A,0.003,0.003,0.022,0.029,0.002,0.000,0.015,0.031,0.000,0.001,0.006,0.000,0.000,0.037,0.000,0.851,0.851
TCGA-C5-A8XI-01A,0.012,0.002,0.018,0.029,0.010,0.000,0.022,0.051,0.029,0.001,0.001,0.000,0.000,0.012,0.001,0.813,0.813
TCGA-VS-A8Q9-01A,0.000,0.000,0.000,0.032,0.001,0.000,0.000,0.047,0.000,0.002,0.008,0.000,0.000,0.009,0.000,0.900,0.900
TCGA-C5-A2LT-01A,0.002,0.001,0.014,0.019,0.001,0.000,0.011,0.058,0.060,0.000,0.016,0.003,0.000,0.002,0.000,0.814,0.814
TCGA-ZX-AA5X-01A,0.005,0.001,0.023,0.011,0.000,0.001,0.035,0.132,0.108,0.032,0.029,0.005,0.003,0.016,0.001,0.597,0.597
TCGA-GH-A9DA-01A,0.000,0.000,0.008,0.020,0.000,0.000,0.019,0.028,0.016,0.000,0.021,0.001,0.000,0.014,0.002,0.872,0.872
TCGA-C5-A7CH-01A,0.001,0.001,0.008,0.008,0.001,0.000,0.008,0.056,0.029,0.003,0.001,0.002,0.000,0.016,0.011,0.855,0.855
TCGA-EA-A3Y4-01A,0.000,0.003,0.006,0.094,0.011,0.000,0.014,0.014,0.011,0.000,0.046,0.000,0.000,0.004,0.000,0.796,0.796
TCGA-EX-A1H6-01B,0.000,0.000,0.000,0.017,0.000,0.000,0.002,0.012,0.048,0.000,0.015,0.005,0.000,0.000,0.000,0.902,0.902
TCGA-C5-A1BE-01B,0.002,0.001,0.016,0.011,0.000,0.000,0.015,0.047,0.009,0.001,0.006,0.001,0.000,0.016,0.002,0.872,0.872
TCGA-C5-A8XK-01A,0.000,0.001,0.002,0.011,0.001,0.000,0.000,0.052,0.007,0.002,0.039,0.000,0.000,0.009,0.001,0.874,0.874
TCGA-RA-A741-01A,0.025,0.000,0.019,0.026,0.001,0.000,0.063,0.032,0.024,0.000,0.047,0.004,0.000,0.018,0.000,0.740,0.740
TCGA-VS-A958-01A,0.017,0.002,0.020,0.119,0.001,0.000,0.029,0.044,0.000,0.000,0.058,0.000,0.000,0.035,0.001,0.672,0.672
TCGA-MA-AA43-01A,0.006,0.002,0.017,0.002,0.000,0.001,0.010,0.064,0.114,0.034,0.002,0.002,0.000,0.007,0.000,0.741,0.741
TCGA-JW-A5VH-01A,0.000,0.001,0.000,0.002,0.005,0.000,0.002,0.036,0.045,0.000,0.001,0.002,0.000,0.000,0.001,0.905,0.905
TCGA-VS-A9UY-01A,0.008,0.003,0.011,0.027,0.000,0.000,0.003,0.091,0.000,0.000,0.028,0.000,0.000,0.054,0.000,0.775,0.775
TCGA-VS-A9UC-01A,0.011,0.012,0.012,0.053,0.000,0.000,0.015,0.038,0.037,0.000,0.038,0.000,0.000,0.025,0.001,0.756,0.756
TCGA-C5-A8YQ-01A,0.003,0.000,0.002,0.003,0.020,0.000,0.010,0.008,0.015,0.000,0.031,0.003,0.000,0.015,0.000,0.889,0.889
TCGA-MA-AA3Y-01A,0.008,0.001,0.036,0.045,0.002,0.000,0.009,0.078,0.021,0.000,0.040,0.000,0.000,0.021,0.013,0.726,0.726
TCGA-VS-A8EK-01A,0.014,0.001,0.007,0.014,0.002,0.000,0.008,0.048,0.000,0.001,0.010,0.001,0.000,0.031,0.001,0.863,0.863
TCGA-LP-A4AV-01A,0.013,0.002,0.037,0.013,0.001,0.000,0.012,0.021,0.039,0.002,0.060,0.002,0.001,0.000,0.000,0.796,0.796
TCGA-C5-A7CG-01A,0.012,0.032,0.042,0.100,0.059,0.000,0.060,0.038,0.018,0.005,0.065,0.002,0.000,0.008,0.000,0.559,0.559
TCGA-VS-A952-01A,0.016,0.001,0.001,0.016,0.000,0.000,0.014,0.018,0.009,0.000,0.005,0.003,0.000,0.001,0.000,0.916,0.916
TCGA-EK-A2PL-01A,0.000,0.000,0.003,0.021,0.000,0.000,0.003,0.038,0.000,0.000,0.005,0.000,0.000,0.014,0.000,0.915,0.915
TCGA-EK-A2H1-01A,0.004,0.001,0.030,0.017,0.001,0.000,0.004,0.069,0.051,0.000,0.042,0.003,0.000,0.001,0.000,0.777,0.777
TCGA-VS-A9UP-01A,0.011,0.000,0.001,0.006,0.023,0.000,0.004,0.010,0.061,0.001,0.001,0.005,0.000,0.000,0.000,0.877,0.877
TCGA-C5-A1BF-01B,0.000,0.000,0.005,0.024,0.000,0.000,0.015,0.098,0.112,0.009,0.035,0.001,0.001,0.006,0.000,0.693,0.693
TCGA-DS-A3LQ-01A,0.004,0.008,0.015,0.002,0.006,0.000,0.002,0.036,0.038,0.006,0.096,0.003,0.000,0.004,0.000,0.781,0.781
TCGA-C5-A1MP-01A,0.018,0.001,0.022,0.009,0.027,0.000,0.067,0.078,0.067,0.001,0.070,0.004,0.000,0.041,0.000,0.593,0.593
TCGA-EK-A2RA-01A,0.000,0.000,0.020,0.057,0.001,0.000,0.071,0.034,0.000,0.001,0.017,0.000,0.000,0.017,0.000,0.782,0.782
TCGA-EX-A1H5-01A,0.011,0.001,0.022,0.010,0.002,0.000,0.010,0.063,0.017,0.012,0.001,0.004,0.000,0.003,0.000,0.842,0.842
TCGA-JW-A5VI-01A,0.015,0.000,0.015,0.027,0.029,0.000,0.011,0.074,0.046,0.001,0.005,0.003,0.000,0.022,0.001,0.750,0.750
TCGA-JX-A3Q8-01A,0.008,0.000,0.000,0.054,0.000,0.000,0.009,0.038,0.005,0.000,0.041,0.001,0.000,0.000,0.000,0.844,0.844
TCGA-IR-A3LC-01A,0.000,0.000,0.001,0.017,0.000,0.000,0.008,0.060,0.004,0.000,0.005,0.002,0.008,0.022,0.000,0.870,0.870
TCGA-EK-A2H0-01A,0.000,0.000,0.000,0.026,0.000,0.000,0.006,0.027,0.000,0.000,0.004,0.000,0.000,0.018,0.000,0.918,0.918
TCGA-IR-A3LH-01A,0.022,0.000,0.042,0.049,0.028,0.000,0.012,0.048,0.098,0.001,0.179,0.001,0.000,0.004,0.000,0.515,0.515
TCGA-DS-A1OA-01A,0.014,0.000,0.017,0.019,0.003,0.000,0.033,0.074,0.037,0.008,0.051,0.000,0.000,0.012,0.000,0.730,0.730
TCGA-DS-A0VL-01A,0.005,0.002,0.009,0.036,0.000,0.000,0.020,0.070,0.003,0.001,0.007,0.001,0.001,0.021,0.000,0.825,0.825
TCGA-EA-A1QS-01A,0.008,0.001,0.016,0.000,0.001,0.000,0.022,0.093,0.293,0.034,0.031,0.005,0.000,0.002,0.000,0.495,0.495
TCGA-EA-A78R-01A,0.000,0.000,0.019,0.007,0.000,0.000,0.016,0.046,0.027,0.007,0.008,0.001,0.000,0.009,0.000,0.859,0.859
TCGA-LP-A7HU-01A,0.000,0.000,0.019,0.033,0.001,0.000,0.019,0.023,0.028,0.012,0.025,0.000,0.000,0.000,0.000,0.838,0.838
TCGA-UC-A7PI-01A,0.000,0.000,0.001,0.024,0.000,0.000,0.007,0.008,0.008,0.000,0.024,0.001,0.000,0.006,0.000,0.921,0.921
