,Plasma B cells,Non-plasma B cells,CD4 T,CD8 T effector,CD8 T (GZMK high),Double-neg-like T,DC,Endothelial Cells,CAFs,Myofibroblasts,Macrophages,Mast Cells,NK,Neutrophils,Monocytes,1-others,Cancer Cells
TCGA-EL-A3D0-01A,0.000,0.000,0.002,0.000,0.000,0.000,0.000,0.113,0.080,0.048,0.018,0.000,0.000,0.000,0.000,0.737,0.737
TCGA-J8-A4HY-01A,0.013,0.000,0.002,0.008,0.000,0.000,0.006,0.091,0.000,0.031,0.045,0.000,0.000,0.000,0.000,0.802,0.802
TCGA-L6-A4ET-01A,0.006,0.000,0.001,0.009,0.000,0.000,0.002,0.107,0.000,0.022,0.014,0.000,0.000,0.000,0.000,0.838,0.838
TCGA-DE-A4MC-01A,0.000,0.000,0.020,0.013,0.000,0.000,0.049,0.071,0.006,0.008,0.025,0.000,0.000,0.002,0.000,0.805,0.805
TCGA-ET-A25K-01A,0.005,0.001,0.004,0.001,0.001,0.000,0.003,0.230,0.035,0.086,0.031,0.012,0.000,0.001,0.000,0.588,0.588
TCGA-DJ-A3UU-01A,0.017,0.002,0.011,0.008,0.002,0.000,0.034,0.117,0.098,0.054,0.053,0.001,0.000,0.005,0.000,0.597,0.597
TCGA-EM-A1YA-01A,0.028,0.000,0.003,0.001,0.000,0.001,0.000,0.132,0.000,0.086,0.031,0.000,0.000,0.000,0.000,0.719,0.719
TCGA-CE-A483-01A,0.001,0.000,0.000,0.003,0.000,0.000,0.000,0.121,0.000,0.011,0.028,0.000,0.000,0.003,0.000,0.832,0.832
TCGA-DJ-A3VD-01A,0.040,0.064,0.041,0.010,0.008,0.000,0.072,0.105,0.172,0.021,0.085,0.001,0.001,0.004,0.001,0.375,0.375
TCGA-BJ-A28S-01A,0.010,0.000,0.000,0.000,0.000,0.000,0.001,0.162,0.000,0.095,0.017,0.000,0.000,0.004,0.000,0.709,0.709
TCGA-FY-A3R9-01A,0.039,0.000,0.000,0.000,0.000,0.000,0.000,0.114,0.000,0.049,0.010,0.000,0.000,0.000,0.000,0.788,0.788
TCGA-FY-A3R8-01A,0.000,0.000,0.009,0.004,0.000,0.000,0.020,0.090,0.039,0.007,0.079,0.001,0.000,0.002,0.000,0.748,0.748
TCGA-DJ-A3V2-01A,0.053,0.019,0.023,0.031,0.015,0.000,0.030,0.113,0.034,0.024,0.118,0.000,0.002,0.002,0.000,0.534,0.534
TCGA-ET-A25L-01A,0.000,0.000,0.021,0.001,0.000,0.000,0.019,0.088,0.155,0.024,0.058,0.001,0.000,0.003,0.000,0.630,0.630
TCGA-EL-A3D1-01A,0.014,0.001,0.007,0.006,0.002,0.000,0.010,0.127,0.044,0.039,0.049,0.001,0.000,0.000,0.000,0.701,0.701
TCGA-FY-A3I4-01A,0.007,0.001,0.012,0.005,0.004,0.001,0.013,0.176,0.157,0.064,0.068,0.001,0.000,0.004,0.000,0.488,0.488
TCGA-DJ-A3UV-01A,0.013,0.001,0.012,0.006,0.007,0.001,0.019,0.140,0.076,0.105,0.045,0.001,0.001,0.005,0.000,0.567,0.567
TCGA-BJ-A28T-01A,0.105,0.046,0.044,0.023,0.037,0.000,0.056,0.133,0.102,0.042,0.102,0.001,0.002,0.005,0.001,0.302,0.302
TCGA-EM-A3FQ-01A,0.006,0.016,0.027,0.003,0.011,0.000,0.073,0.070,0.073,0.024,0.070,0.001,0.001,0.003,0.000,0.621,0.621
TCGA-J8-A4HW-01A,0.005,0.000,0.005,0.001,0.000,0.000,0.001,0.145,0.029,0.040,0.023,0.001,0.000,0.004,0.000,0.747,0.747
TCGA-MK-A4N6-01A,0.000,0.000,0.008,0.008,0.000,0.000,0.014,0.066,0.040,0.020,0.082,0.000,0.000,0.005,0.000,0.755,0.755
TCGA-DJ-A3V8-01A,0.011,0.000,0.002,0.003,0.000,0.000,0.006,0.074,0.009,0.022,0.039,0.000,0.000,0.000,0.000,0.835,0.835
TCGA-DJ-A1QI-01A,0.004,0.001,0.008,0.005,0.001,0.000,0.011,0.098,0.057,0.036,0.049,0.001,0.000,0.002,0.000,0.725,0.725
TCGA-EL-A3H8-01A,0.002,0.001,0.007,0.004,0.000,0.000,0.008,0.122,0.038,0.024,0.025,0.001,0.000,0.006,0.000,0.761,0.761
TCGA-EM-A3O3-01A,0.040,0.002,0.034,0.004,0.008,0.000,0.040,0.013,0.055,0.001,0.089,0.000,0.000,0.002,0.000,0.711,0.711
TCGA-IM-A3U3-01A,0.008,0.000,0.010,0.008,0.000,0.000,0.025,0.081,0.032,0.027,0.050,0.000,0.000,0.002,0.000,0.754,0.754
TCGA-BJ-A191-01A,0.044,0.002,0.002,0.007,0.003,0.002,0.001,0.075,0.000,0.045,0.024,0.000,0.000,0.004,0.000,0.792,0.792
TCGA-E8-A3X7-01A,0.001,0.000,0.006,0.009,0.000,0.000,0.011,0.074,0.085,0.003,0.029,0.000,0.000,0.000,0.000,0.781,0.781
TCGA-FY-A3YR-01A,0.000,0.000,0.007,0.004,0.000,0.000,0.009,0.073,0.057,0.005,0.023,0.000,0.000,0.000,0.000,0.821,0.821
TCGA-KS-A41I-01A,0.025,0.000,0.000,0.005,0.000,0.000,0.005,0.152,0.000,0.102,0.050,0.000,0.000,0.000,0.000,0.661,0.661
TCGA-EL-A3CS-01A,0.005,0.000,0.001,0.000,0.000,0.000,0.003,0.088,0.013,0.048,0.017,0.000,0.000,0.000,0.000,0.825,0.825
TCGA-EL-A3GU-01A,0.000,0.000,0.006,0.000,0.000,0.000,0.022,0.110,0.172,0.067,0.024,0.001,0.000,0.001,0.000,0.596,0.596
TCGA-EM-A1CU-01A,0.001,0.000,0.008,0.003,0.000,0.000,0.008,0.130,0.014,0.005,0.037,0.000,0.000,0.003,0.000,0.790,0.790
TCGA-H2-A26U-01A,0.016,0.003,0.038,0.006,0.024,0.000,0.061,0.089,0.123,0.018,0.142,0.000,0.001,0.003,0.001,0.475,0.475
TCGA-DJ-A2PT-01A,0.000,0.000,0.019,0.002,0.004,0.000,0.050,0.055,0.099,0.003,0.111,0.000,0.000,0.000,0.000,0.656,0.656
TCGA-DJ-A3V6-01A,0.000,0.000,0.014,0.007,0.000,0.000,0.011,0.088,0.048,0.022,0.052,0.000,0.000,0.001,0.000,0.756,0.756
TCGA-DJ-A2Q7-01A,0.018,0.001,0.010,0.012,0.001,0.000,0.017,0.152,0.036,0.066,0.057,0.001,0.000,0.004,0.000,0.623,0.623
TCGA-ET-A3BV-01A,0.000,0.000,0.054,0.000,0.001,0.000,0.064,0.051,0.301,0.003,0.022,0.011,0.000,0.004,0.000,0.486,0.486
TCGA-EL-A3ZL-01A,0.000,0.000,0.001,0.002,0.000,0.000,0.003,0.181,0.039,0.139,0.024,0.000,0.000,0.000,0.000,0.610,0.610
TCGA-CE-A13K-01A,0.005,0.001,0.007,0.005,0.005,0.001,0.010,0.192,0.003,0.118,0.032,0.002,0.000,0.006,0.000,0.613,0.613
TCGA-DJ-A3UQ-01A,0.000,0.000,0.026,0.002,0.000,0.000,0.045,0.076,0.210,0.017,0.046,0.001,0.000,0.004,0.000,0.573,0.573
TCGA-BJ-A45H-01A,0.013,0.001,0.007,0.009,0.003,0.000,0.010,0.116,0.069,0.041,0.055,0.001,0.000,0.000,0.000,0.674,0.674
TCGA-L6-A4EU-01A,0.002,0.000,0.011,0.002,0.000,0.000,0.028,0.059,0.067,0.005,0.056,0.001,0.000,0.000,0.000,0.768,0.768
TCGA-DJ-A3VM-01A,0.008,0.000,0.000,0.001,0.000,0.001,0.000,0.159,0.000,0.074,0.030,0.000,0.000,0.001,0.000,0.726,0.726
TCGA-H2-A3RH-01A,0.010,0.000,0.000,0.005,0.000,0.001,0.001,0.120,0.005,0.066,0.048,0.001,0.000,0.008,0.000,0.732,0.732
TCGA-EL-A3ZR-01A,0.025,0.000,0.000,0.002,0.002,0.000,0.001,0.124,0.000,0.059,0.013,0.000,0.000,0.000,0.000,0.775,0.775
TCGA-BJ-A291-01A,0.035,0.000,0.000,0.000,0.003,0.000,0.000,0.198,0.000,0.077,0.014,0.000,0.000,0.000,0.000,0.672,0.672
TCGA-MK-A4N9-01A,0.004,0.000,0.001,0.009,0.000,0.000,0.004,0.127,0.016,0.060,0.021,0.000,0.000,0.003,0.000,0.756,0.756
TCGA-EL-A3MZ-01A,0.000,0.000,0.003,0.005,0.000,0.000,0.006,0.101,0.079,0.008,0.041,0.000,0.000,0.000,0.000,0.755,0.755
TCGA-EM-A2CP-01A,0.133,0.014,0.044,0.022,0.038,0.000,0.011,0.158,0.001,0.071,0.155,0.000,0.002,0.005,0.000,0.345,0.345
TCGA-DJ-A2PZ-01A,0.001,0.001,0.008,0.003,0.000,0.000,0.015,0.085,0.056,0.015,0.070,0.000,0.000,0.002,0.000,0.744,0.744
TCGA-EL-A3ZG-01A,0.005,0.000,0.000,0.007,0.001,0.000,0.000,0.116,0.000,0.081,0.020,0.000,0.000,0.000,0.000,0.771,0.771
TCGA-FE-A3PC-01A,0.014,0.000,0.000,0.004,0.000,0.000,0.000,0.101,0.000,0.060,0.042,0.000,0.000,0.000,0.000,0.777,0.777
TCGA-BJ-A0YZ-01A,0.031,0.000,0.004,0.000,0.001,0.000,0.000,0.162,0.000,0.136,0.038,0.000,0.000,0.001,0.000,0.626,0.626
TCGA-DJ-A13M-01A,0.038,0.000,0.000,0.004,0.000,0.000,0.000,0.093,0.000,0.029,0.020,0.000,0.000,0.000,0.000,0.815,0.815
TCGA-EM-A3OA-01A,0.059,0.000,0.001,0.000,0.006,0.000,0.000,0.102,0.000,0.019,0.005,0.000,0.000,0.000,0.000,0.808,0.808
TCGA-J8-A3YE-01A,0.004,0.000,0.000,0.005,0.000,0.000,0.000,0.054,0.000,0.012,0.015,0.000,0.000,0.000,0.000,0.909,0.909
TCGA-BJ-A0Z9-01A,0.000,0.000,0.013,0.000,0.000,0.000,0.011,0.039,0.004,0.005,0.063,0.000,0.000,0.002,0.000,0.862,0.862
TCGA-EL-A3CW-01A,0.069,0.096,0.031,0.002,0.024,0.010,0.023,0.115,0.050,0.063,0.056,0.001,0.001,0.002,0.001,0.455,0.455
TCGA-FY-A3R6-01A,0.079,0.024,0.027,0.012,0.025,0.000,0.034,0.140,0.071,0.056,0.079,0.000,0.002,0.001,0.001,0.449,0.449
TCGA-H2-A2K9-01A,0.022,0.000,0.001,0.000,0.003,0.000,0.000,0.150,0.000,0.051,0.016,0.000,0.000,0.007,0.000,0.748,0.748
TCGA-DJ-A2PO-01A,0.026,0.004,0.007,0.024,0.013,0.000,0.005,0.145,0.029,0.049,0.124,0.000,0.000,0.007,0.000,0.566,0.566
TCGA-FY-A40N-01A,0.048,0.002,0.002,0.014,0.004,0.000,0.003,0.097,0.007,0.025,0.057,0.000,0.000,0.004,0.000,0.737,0.737
TCGA-EM-A1YD-01A,0.031,0.000,0.005,0.000,0.011,0.000,0.001,0.236,0.054,0.137,0.024,0.000,0.000,0.000,0.000,0.501,0.501
TCGA-DE-A69J-01A,0.000,0.000,0.014,0.006,0.000,0.000,0.015,0.091,0.017,0.003,0.030,0.000,0.000,0.002,0.000,0.821,0.821
TCGA-EL-A3MX-01A,0.019,0.000,0.003,0.005,0.000,0.001,0.007,0.026,0.056,0.014,0.021,0.001,0.000,0.001,0.000,0.845,0.845
TCGA-J8-A3YG-01A,0.001,0.001,0.014,0.003,0.000,0.001,0.010,0.098,0.043,0.038,0.072,0.001,0.000,0.006,0.000,0.712,0.712
TCGA-BJ-A0ZC-01A,0.043,0.000,0.002,0.000,0.009,0.000,0.000,0.153,0.001,0.069,0.017,0.000,0.000,0.000,0.000,0.705,0.705
TCGA-FY-A40K-01A,0.006,0.001,0.011,0.011,0.001,0.005,0.022,0.160,0.036,0.045,0.138,0.002,0.000,0.007,0.000,0.556,0.556
TCGA-EL-A4K6-01A,0.027,0.000,0.000,0.001,0.000,0.001,0.000,0.037,0.000,0.003,0.011,0.000,0.000,0.002,0.000,0.918,0.918
TCGA-EL-A3H3-01A,0.000,0.000,0.019,0.000,0.007,0.000,0.050,0.069,0.019,0.014,0.086,0.000,0.000,0.001,0.000,0.733,0.733
TCGA-BJ-A290-01A,0.000,0.000,0.009,0.003,0.000,0.000,0.001,0.117,0.045,0.102,0.022,0.000,0.000,0.002,0.000,0.697,0.697
TCGA-BJ-A28Z-01A,0.088,0.033,0.043,0.018,0.024,0.000,0.052,0.123,0.090,0.030,0.149,0.000,0.001,0.002,0.001,0.345,0.345
TCGA-CE-A484-01A,0.012,0.000,0.000,0.001,0.002,0.000,0.001,0.147,0.000,0.121,0.023,0.000,0.000,0.000,0.000,0.692,0.692
TCGA-EM-A3FL-01A,0.080,0.004,0.003,0.000,0.005,0.000,0.000,0.070,0.000,0.032,0.016,0.000,0.000,0.000,0.000,0.790,0.790
TCGA-EL-A3GO-01A,0.008,0.000,0.002,0.003,0.013,0.000,0.000,0.267,0.001,0.124,0.033,0.000,0.000,0.006,0.000,0.542,0.542
TCGA-ET-A39T-01A,0.004,0.000,0.000,0.008,0.000,0.000,0.000,0.066,0.000,0.024,0.038,0.000,0.000,0.000,0.000,0.859,0.859
TCGA-EM-A2CK-01A,0.029,0.000,0.000,0.003,0.001,0.000,0.000,0.167,0.000,0.080,0.016,0.000,0.000,0.001,0.000,0.701,0.701
TCGA-DJ-A4UQ-01A,0.013,0.003,0.006,0.006,0.004,0.001,0.010,0.127,0.079,0.087,0.045,0.002,0.000,0.004,0.000,0.612,0.612
TCGA-DJ-A3UO-01A,0.010,0.000,0.005,0.005,0.000,0.001,0.001,0.083,0.024,0.055,0.039,0.000,0.000,0.002,0.000,0.774,0.774
TCGA-DJ-A1QM-01A,0.013,0.000,0.016,0.001,0.004,0.001,0.017,0.112,0.168,0.057,0.042,0.000,0.000,0.002,0.000,0.567,0.567
TCGA-ET-A3BS-01A,0.113,0.007,0.027,0.019,0.007,0.001,0.013,0.103,0.030,0.027,0.135,0.002,0.001,0.004,0.000,0.511,0.511
TCGA-EM-A3AO-01A,0.030,0.002,0.007,0.006,0.003,0.000,0.018,0.184,0.000,0.090,0.055,0.000,0.001,0.000,0.000,0.603,0.603
TCGA-DJ-A3UN-01A,0.009,0.000,0.002,0.008,0.000,0.001,0.000,0.140,0.003,0.063,0.072,0.000,0.000,0.005,0.000,0.696,0.696
TCGA-DJ-A13W-01A,0.018,0.000,0.000,0.000,0.000,0.000,0.000,0.196,0.000,0.120,0.004,0.000,0.000,0.000,0.000,0.661,0.661
TCGA-DJ-A3VE-01A,0.003,0.001,0.003,0.004,0.000,0.000,0.005,0.179,0.043,0.042,0.034,0.000,0.000,0.001,0.000,0.683,0.683
TCGA-DJ-A3VI-01A,0.016,0.000,0.001,0.007,0.000,0.000,0.000,0.060,0.000,0.004,0.021,0.000,0.000,0.000,0.000,0.890,0.890
TCGA-EM-A2CO-01A,0.035,0.000,0.000,0.000,0.000,0.000,0.000,0.098,0.000,0.115,0.019,0.000,0.000,0.000,0.000,0.733,0.733
TCGA-ET-A39L-01A,0.014,0.000,0.000,0.002,0.007,0.000,0.001,0.215,0.000,0.097,0.042,0.000,0.000,0.003,0.000,0.619,0.619
TCGA-EM-A3FO-01A,0.001,0.000,0.001,0.003,0.000,0.000,0.001,0.031,0.019,0.001,0.011,0.001,0.000,0.000,0.000,0.931,0.931
TCGA-E8-A418-01A,0.002,0.000,0.003,0.010,0.000,0.000,0.001,0.035,0.000,0.003,0.053,0.000,0.000,0.000,0.000,0.893,0.893
TCGA-DE-A4M9-01A,0.019,0.000,0.002,0.000,0.000,0.000,0.000,0.072,0.001,0.098,0.026,0.000,0.000,0.005,0.000,0.775,0.775
TCGA-BJ-A28W-01A,0.115,0.168,0.086,0.012,0.048,0.047,0.101,0.075,0.043,0.025,0.078,0.000,0.004,0.001,0.001,0.195,0.195
TCGA-DJ-A2Q6-01A,0.005,0.000,0.016,0.001,0.003,0.000,0.019,0.189,0.145,0.063,0.034,0.002,0.000,0.003,0.000,0.518,0.518
TCGA-EL-A3N2-01A,0.000,0.000,0.003,0.005,0.000,0.000,0.013,0.113,0.012,0.009,0.028,0.000,0.000,0.003,0.000,0.814,0.814
TCGA-FK-A3SG-01A,0.004,0.000,0.002,0.002,0.000,0.000,0.001,0.153,0.000,0.072,0.033,0.000,0.000,0.000,0.000,0.732,0.732
TCGA-DJ-A3UM-01A,0.013,0.000,0.005,0.003,0.001,0.000,0.007,0.139,0.045,0.035,0.056,0.001,0.000,0.002,0.000,0.693,0.693
TCGA-BJ-A45E-01A,0.270,0.001,0.032,0.069,0.039,0.000,0.036,0.092,0.050,0.043,0.219,0.000,0.001,0.000,0.000,0.147,0.147
TCGA-E8-A415-01A,0.010,0.000,0.002,0.006,0.001,0.000,0.002,0.096,0.034,0.018,0.055,0.000,0.000,0.001,0.000,0.776,0.776
TCGA-DJ-A4UP-01A,0.030,0.046,0.016,0.008,0.026,0.020,0.031,0.141,0.054,0.086,0.051,0.002,0.001,0.005,0.001,0.483,0.483
TCGA-ET-A39J-01A,0.002,0.000,0.005,0.002,0.000,0.000,0.001,0.218,0.042,0.087,0.032,0.004,0.000,0.000,0.000,0.606,0.606
TCGA-KS-A41J-01A,0.017,0.000,0.006,0.008,0.001,0.000,0.016,0.057,0.000,0.007,0.068,0.000,0.000,0.000,0.000,0.818,0.818
TCGA-BJ-A4O9-01A,0.005,0.000,0.000,0.010,0.000,0.000,0.000,0.082,0.000,0.005,0.013,0.000,0.000,0.000,0.000,0.883,0.883
TCGA-EM-A2CM-01A,0.007,0.000,0.000,0.001,0.000,0.000,0.001,0.061,0.000,0.031,0.033,0.000,0.000,0.000,0.000,0.867,0.867
TCGA-EM-A2OW-01A,0.040,0.000,0.001,0.000,0.001,0.000,0.000,0.214,0.000,0.072,0.038,0.000,0.000,0.000,0.000,0.633,0.633
TCGA-FE-A3PA-01A,0.003,0.000,0.000,0.000,0.000,0.002,0.018,0.132,0.002,0.039,0.023,0.000,0.000,0.000,0.000,0.779,0.779
TCGA-QD-A8IV-01A,0.056,0.000,0.000,0.005,0.006,0.000,0.001,0.160,0.000,0.055,0.031,0.000,0.000,0.004,0.000,0.682,0.682
TCGA-IM-A3U2-01A,0.001,0.000,0.007,0.000,0.000,0.000,0.009,0.060,0.057,0.005,0.018,0.000,0.000,0.000,0.000,0.842,0.842
TCGA-EL-A3H5-01A,0.000,0.002,0.009,0.000,0.000,0.000,0.024,0.157,0.458,0.025,0.052,0.000,0.000,0.000,0.000,0.272,0.272
TCGA-DJ-A13R-01A,0.052,0.000,0.003,0.003,0.064,0.000,0.000,0.053,0.000,0.037,0.150,0.000,0.000,0.000,0.000,0.637,0.637
TCGA-ET-A2MY-01A,0.001,0.000,0.002,0.004,0.000,0.000,0.004,0.056,0.000,0.014,0.033,0.000,0.000,0.000,0.000,0.886,0.886
TCGA-IM-A3EB-01A,0.027,0.000,0.014,0.005,0.010,0.000,0.009,0.054,0.014,0.009,0.072,0.001,0.000,0.001,0.000,0.782,0.782
TCGA-DJ-A1QF-01A,0.001,0.000,0.001,0.002,0.000,0.000,0.000,0.147,0.010,0.068,0.059,0.000,0.000,0.004,0.000,0.707,0.707
TCGA-EL-A3T1-01A,0.014,0.009,0.016,0.008,0.001,0.000,0.024,0.079,0.051,0.011,0.066,0.000,0.001,0.004,0.000,0.715,0.715
TCGA-FE-A237-01A,0.006,0.001,0.015,0.005,0.002,0.000,0.018,0.123,0.072,0.044,0.044,0.000,0.000,0.002,0.000,0.667,0.667
TCGA-EM-A3FJ-01A,0.001,0.000,0.006,0.006,0.000,0.001,0.019,0.115,0.042,0.025,0.039,0.001,0.000,0.001,0.000,0.744,0.744
TCGA-EL-A3D4-01A,0.010,0.000,0.002,0.001,0.002,0.001,0.003,0.217,0.049,0.131,0.030,0.000,0.000,0.002,0.000,0.552,0.552
TCGA-FE-A234-01A,0.000,0.000,0.013,0.003,0.000,0.000,0.020,0.088,0.011,0.005,0.052,0.000,0.000,0.004,0.000,0.803,0.803
TCGA-FY-A40M-01A,0.006,0.000,0.000,0.001,0.000,0.001,0.003,0.095,0.001,0.059,0.021,0.000,0.000,0.004,0.000,0.809,0.809
TCGA-EM-A2OX-01A,0.001,0.000,0.008,0.008,0.000,0.001,0.013,0.131,0.051,0.088,0.042,0.000,0.000,0.003,0.000,0.654,0.654
TCGA-EM-A4FR-01A,0.012,0.000,0.000,0.003,0.000,0.000,0.002,0.121,0.000,0.046,0.027,0.000,0.000,0.001,0.000,0.789,0.789
TCGA-EM-A22I-01A,0.000,0.000,0.006,0.001,0.000,0.000,0.019,0.083,0.043,0.013,0.025,0.000,0.000,0.000,0.000,0.809,0.809
TCGA-FY-A3ON-01A,0.013,0.002,0.012,0.006,0.003,0.000,0.013,0.176,0.039,0.038,0.054,0.015,0.001,0.006,0.000,0.622,0.622
TCGA-EM-A1YC-01A,0.025,0.000,0.000,0.000,0.000,0.000,0.000,0.066,0.000,0.045,0.023,0.000,0.000,0.000,0.000,0.839,0.839
TCGA-EL-A3TA-01A,0.018,0.001,0.013,0.002,0.007,0.001,0.021,0.188,0.046,0.094,0.077,0.002,0.000,0.001,0.000,0.529,0.529
TCGA-CE-A27D-01A,0.045,0.057,0.036,0.014,0.020,0.000,0.046,0.130,0.084,0.053,0.057,0.000,0.003,0.002,0.001,0.451,0.451
TCGA-ET-A3BT-01A,0.004,0.004,0.012,0.009,0.000,0.000,0.015,0.088,0.043,0.020,0.041,0.000,0.001,0.002,0.000,0.760,0.760
TCGA-DJ-A13U-01A,0.001,0.000,0.002,0.004,0.000,0.000,0.003,0.093,0.000,0.039,0.025,0.000,0.000,0.001,0.000,0.830,0.830
TCGA-EM-A3O8-01A,0.032,0.000,0.000,0.000,0.000,0.000,0.000,0.154,0.000,0.065,0.014,0.000,0.000,0.001,0.000,0.732,0.732
TCGA-H2-A422-01A,0.001,0.000,0.001,0.003,0.000,0.000,0.000,0.072,0.000,0.003,0.039,0.000,0.000,0.004,0.000,0.876,0.876
TCGA-EL-A3CL-01A,0.002,0.002,0.004,0.005,0.001,0.000,0.002,0.122,0.024,0.033,0.044,0.009,0.000,0.003,0.000,0.749,0.749
TCGA-DJ-A13V-01A,0.008,0.000,0.005,0.007,0.000,0.000,0.006,0.125,0.038,0.038,0.029,0.001,0.005,0.003,0.000,0.735,0.735
TCGA-EM-A22Q-01A,0.061,0.000,0.000,0.005,0.001,0.000,0.001,0.118,0.000,0.069,0.020,0.000,0.000,0.000,0.000,0.723,0.723
TCGA-EM-A22J-01A,0.027,0.000,0.000,0.001,0.002,0.000,0.000,0.137,0.000,0.047,0.026,0.000,0.000,0.000,0.000,0.758,0.758
TCGA-BJ-A0Z2-01A,0.024,0.000,0.005,0.009,0.001,0.001,0.001,0.078,0.000,0.033,0.022,0.000,0.000,0.004,0.000,0.820,0.820
TCGA-E3-A3E3-01A,0.002,0.000,0.002,0.004,0.000,0.000,0.013,0.073,0.001,0.021,0.036,0.000,0.000,0.000,0.000,0.849,0.849
TCGA-IM-A41Y-01A,0.002,0.000,0.000,0.002,0.000,0.000,0.000,0.057,0.000,0.004,0.013,0.000,0.000,0.000,0.000,0.923,0.923
TCGA-EM-A3AN-01A,0.004,0.000,0.002,0.003,0.001,0.000,0.017,0.105,0.010,0.036,0.030,0.000,0.000,0.001,0.000,0.791,0.791
TCGA-EL-A3ZP-01A,0.022,0.014,0.016,0.015,0.015,0.000,0.033,0.118,0.080,0.033,0.059,0.001,0.002,0.002,0.000,0.588,0.588
TCGA-BJ-A3F0-01A,0.043,0.000,0.005,0.000,0.006,0.000,0.000,0.243,0.001,0.068,0.020,0.000,0.009,0.000,0.000,0.605,0.605
TCGA-L6-A4EQ-01A,0.004,0.000,0.003,0.007,0.000,0.000,0.005,0.128,0.000,0.001,0.039,0.000,0.004,0.002,0.000,0.806,0.806
TCGA-FE-A3PB-01A,0.010,0.001,0.012,0.008,0.000,0.000,0.078,0.076,0.229,0.010,0.028,0.000,0.000,0.001,0.000,0.547,0.547
TCGA-BJ-A0ZB-01A,0.000,0.000,0.001,0.005,0.000,0.000,0.005,0.084,0.015,0.016,0.022,0.000,0.000,0.002,0.000,0.850,0.850
TCGA-BJ-A0ZJ-01A,0.045,0.053,0.027,0.010,0.013,0.009,0.025,0.130,0.040,0.089,0.079,0.001,0.001,0.004,0.001,0.471,0.471
TCGA-EM-A4G1-01A,0.013,0.000,0.000,0.001,0.000,0.000,0.018,0.094,0.000,0.036,0.035,0.000,0.000,0.000,0.000,0.801,0.801
TCGA-DJ-A3V7-01A,0.005,0.000,0.003,0.006,0.000,0.000,0.008,0.067,0.000,0.017,0.045,0.000,0.000,0.001,0.000,0.847,0.847
TCGA-KS-A4I3-01A,0.005,0.000,0.001,0.007,0.002,0.000,0.004,0.113,0.001,0.045,0.023,0.000,0.000,0.000,0.000,0.798,0.798
TCGA-EL-A3GR-01A,0.003,0.001,0.011,0.001,0.005,0.002,0.009,0.170,0.102,0.056,0.062,0.012,0.000,0.004,0.000,0.563,0.563
TCGA-EM-A3AQ-01A,0.006,0.000,0.000,0.007,0.001,0.001,0.006,0.173,0.002,0.074,0.037,0.000,0.000,0.003,0.000,0.688,0.688
TCGA-BJ-A45C-01A,0.020,0.000,0.001,0.001,0.001,0.001,0.000,0.130,0.000,0.116,0.006,0.000,0.000,0.003,0.000,0.719,0.719
TCGA-DJ-A2PN-01A,0.007,0.000,0.004,0.002,0.001,0.000,0.000,0.156,0.018,0.055,0.039,0.000,0.000,0.002,0.000,0.715,0.715
TCGA-ET-A2MX-01A,0.003,0.000,0.000,0.000,0.000,0.000,0.000,0.027,0.000,0.000,0.022,0.000,0.000,0.000,0.000,0.948,0.948
TCGA-DJ-A4V2-01A,0.005,0.000,0.009,0.003,0.001,0.000,0.009,0.080,0.014,0.016,0.061,0.001,0.000,0.002,0.000,0.799,0.799
TCGA-ET-A39P-01A,0.001,0.000,0.005,0.003,0.000,0.000,0.009,0.097,0.028,0.031,0.039,0.000,0.000,0.001,0.000,0.786,0.786
TCGA-DJ-A2Q3-01A,0.022,0.023,0.018,0.015,0.005,0.000,0.033,0.100,0.088,0.027,0.092,0.001,0.000,0.004,0.000,0.570,0.570
TCGA-DJ-A2QC-01A,0.012,0.000,0.002,0.008,0.001,0.000,0.000,0.197,0.000,0.071,0.063,0.000,0.001,0.000,0.000,0.643,0.643
TCGA-KS-A4IB-01A,0.000,0.000,0.000,0.002,0.000,0.000,0.000,0.070,0.000,0.024,0.033,0.000,0.000,0.003,0.000,0.869,0.869
TCGA-EM-A3AK-01A,0.004,0.001,0.008,0.009,0.002,0.001,0.007,0.196,0.023,0.102,0.064,0.001,0.000,0.003,0.000,0.580,0.580
TCGA-EM-A3ST-01A,0.023,0.000,0.000,0.009,0.000,0.000,0.003,0.100,0.000,0.032,0.018,0.000,0.004,0.003,0.000,0.807,0.807
TCGA-FK-A3SD-01A,0.043,0.000,0.000,0.000,0.001,0.000,0.000,0.111,0.000,0.076,0.014,0.000,0.000,0.000,0.000,0.755,0.755
TCGA-DJ-A2PQ-01A,0.001,0.000,0.001,0.005,0.000,0.000,0.001,0.110,0.001,0.059,0.036,0.000,0.000,0.001,0.000,0.786,0.786
TCGA-DJ-A13P-01A,0.007,0.000,0.003,0.004,0.000,0.000,0.000,0.174,0.001,0.049,0.049,0.000,0.003,0.004,0.000,0.705,0.705
TCGA-EM-A2CL-01A,0.031,0.000,0.000,0.000,0.002,0.000,0.000,0.149,0.000,0.093,0.007,0.000,0.000,0.003,0.000,0.713,0.713
TCGA-EL-A3MW-01A,0.002,0.000,0.000,0.006,0.000,0.000,0.000,0.120,0.000,0.039,0.088,0.000,0.000,0.002,0.000,0.742,0.742
TCGA-J8-A3NZ-01A,0.004,0.000,0.006,0.008,0.000,0.000,0.019,0.082,0.010,0.014,0.053,0.000,0.000,0.002,0.000,0.801,0.801
TCGA-DE-A4MD-01A,0.000,0.000,0.000,0.002,0.000,0.000,0.000,0.023,0.000,0.000,0.016,0.000,0.000,0.003,0.000,0.955,0.955
TCGA-DJ-A3UY-01A,0.003,0.000,0.017,0.001,0.001,0.001,0.037,0.107,0.114,0.037,0.068,0.000,0.000,0.004,0.000,0.609,0.609
TCGA-ET-A25O-01A,0.000,0.000,0.000,0.006,0.000,0.000,0.000,0.078,0.000,0.004,0.014,0.000,0.000,0.004,0.000,0.894,0.894
TCGA-EL-A3ZM-01A,0.000,0.000,0.007,0.000,0.000,0.000,0.007,0.021,0.051,0.000,0.033,0.000,0.000,0.000,0.000,0.879,0.879
TCGA-EM-A1YE-01A,0.054,0.000,0.001,0.000,0.002,0.000,0.000,0.108,0.000,0.075,0.017,0.000,0.000,0.000,0.000,0.742,0.742
TCGA-J8-A42S-01A,0.004,0.001,0.004,0.003,0.000,0.000,0.012,0.159,0.073,0.052,0.021,0.000,0.000,0.001,0.000,0.670,0.670
TCGA-ET-A2MZ-01A,0.008,0.000,0.005,0.001,0.000,0.003,0.000,0.229,0.000,0.088,0.061,0.002,0.000,0.002,0.000,0.599,0.599
TCGA-CE-A3ME-01A,0.006,0.000,0.000,0.012,0.000,0.000,0.001,0.084,0.000,0.023,0.044,0.000,0.000,0.002,0.000,0.827,0.827
TCGA-EM-A3AR-01A,0.009,0.000,0.006,0.003,0.004,0.003,0.012,0.103,0.105,0.068,0.026,0.001,0.000,0.001,0.000,0.659,0.659
TCGA-FY-A3BL-01A,0.000,0.000,0.000,0.007,0.000,0.000,0.005,0.046,0.000,0.001,0.013,0.000,0.000,0.001,0.000,0.926,0.926
TCGA-EM-A3FM-01A,0.000,0.000,0.004,0.004,0.000,0.000,0.021,0.041,0.036,0.001,0.059,0.000,0.000,0.000,0.000,0.833,0.833
TCGA-BJ-A4O8-01A,0.006,0.001,0.019,0.004,0.001,0.000,0.057,0.105,0.106,0.053,0.064,0.001,0.001,0.006,0.000,0.575,0.575
TCGA-H2-A3RI-01A,0.005,0.000,0.001,0.011,0.000,0.000,0.023,0.078,0.000,0.018,0.041,0.000,0.000,0.003,0.000,0.817,0.817
TCGA-ET-A3BQ-01B,0.004,0.000,0.006,0.005,0.000,0.000,0.003,0.215,0.034,0.075,0.055,0.004,0.000,0.002,0.000,0.596,0.596
TCGA-CE-A482-01A,0.002,0.000,0.012,0.001,0.000,0.001,0.012,0.143,0.001,0.096,0.044,0.002,0.001,0.006,0.000,0.680,0.680
TCGA-DJ-A4UT-01A,0.016,0.001,0.032,0.021,0.025,0.000,0.040,0.183,0.080,0.090,0.074,0.001,0.001,0.002,0.001,0.433,0.433
TCGA-BJ-A3PU-01A,0.009,0.000,0.004,0.006,0.000,0.000,0.010,0.031,0.002,0.000,0.031,0.000,0.000,0.000,0.000,0.905,0.905
TCGA-ET-A25I-01A,0.074,0.000,0.000,0.002,0.002,0.000,0.000,0.157,0.000,0.045,0.037,0.000,0.000,0.000,0.000,0.683,0.683
TCGA-BJ-A2NA-01A,0.008,0.000,0.003,0.008,0.000,0.000,0.001,0.106,0.034,0.041,0.067,0.000,0.000,0.002,0.000,0.729,0.729
TCGA-DJ-A3V0-01A,0.000,0.000,0.003,0.007,0.001,0.000,0.011,0.121,0.124,0.080,0.048,0.000,0.000,0.000,0.000,0.603,0.603
TCGA-DJ-A3VB-01A,0.001,0.000,0.009,0.006,0.000,0.000,0.024,0.062,0.019,0.010,0.044,0.000,0.000,0.000,0.000,0.824,0.824
TCGA-DJ-A2PV-01A,0.005,0.001,0.011,0.003,0.002,0.000,0.008,0.223,0.070,0.117,0.070,0.001,0.000,0.006,0.000,0.483,0.483
TCGA-BJ-A3PR-01A,0.078,0.170,0.070,0.028,0.049,0.000,0.038,0.095,0.058,0.020,0.099,0.001,0.001,0.001,0.001,0.292,0.292
TCGA-EL-A3CR-01A,0.006,0.000,0.014,0.002,0.000,0.001,0.002,0.111,0.170,0.028,0.204,0.000,0.000,0.000,0.000,0.461,0.461
TCGA-ET-A25N-01A,0.001,0.002,0.003,0.001,0.001,0.000,0.001,0.153,0.016,0.057,0.050,0.005,0.000,0.005,0.000,0.706,0.706
TCGA-EM-A1CT-01A,0.003,0.000,0.002,0.004,0.000,0.000,0.018,0.083,0.000,0.045,0.063,0.000,0.000,0.003,0.000,0.778,0.778
TCGA-DE-A0Y3-01B,0.001,0.000,0.001,0.005,0.000,0.000,0.001,0.066,0.000,0.003,0.021,0.000,0.000,0.003,0.000,0.900,0.900
TCGA-DJ-A2Q0-01A,0.012,0.000,0.000,0.000,0.000,0.000,0.000,0.167,0.000,0.075,0.029,0.000,0.000,0.000,0.000,0.716,0.716
TCGA-FE-A239-01A,0.053,0.000,0.001,0.001,0.003,0.000,0.000,0.106,0.000,0.030,0.020,0.000,0.000,0.003,0.000,0.784,0.784
TCGA-EM-A2CQ-01A,0.031,0.000,0.000,0.000,0.000,0.000,0.003,0.146,0.000,0.082,0.016,0.000,0.000,0.000,0.000,0.719,0.719
TCGA-EL-A3T6-01A,0.039,0.000,0.018,0.006,0.012,0.000,0.018,0.065,0.001,0.010,0.106,0.000,0.000,0.000,0.000,0.724,0.724
TCGA-DE-A4M8-01A,0.143,0.024,0.024,0.028,0.023,0.001,0.033,0.131,0.057,0.066,0.126,0.000,0.003,0.006,0.001,0.334,0.334
TCGA-J8-A3YH-01A,0.006,0.000,0.005,0.004,0.000,0.002,0.002,0.153,0.022,0.076,0.054,0.003,0.000,0.005,0.000,0.666,0.666
TCGA-FE-A235-01A,0.023,0.001,0.004,0.006,0.003,0.000,0.009,0.134,0.060,0.053,0.049,0.000,0.000,0.000,0.000,0.657,0.657
TCGA-FE-A233-01A,0.001,0.000,0.001,0.005,0.000,0.000,0.000,0.103,0.000,0.019,0.029,0.000,0.000,0.002,0.000,0.840,0.840
TCGA-EM-A4FN-01A,0.000,0.000,0.004,0.004,0.000,0.000,0.022,0.081,0.000,0.014,0.068,0.000,0.000,0.000,0.000,0.805,0.805
TCGA-ET-A39N-01A,0.035,0.000,0.003,0.000,0.002,0.000,0.000,0.129,0.000,0.052,0.020,0.000,0.004,0.001,0.000,0.753,0.753
TCGA-ET-A4KN-01A,0.143,0.000,0.027,0.012,0.003,0.000,0.013,0.011,0.072,0.001,0.094,0.000,0.000,0.000,0.000,0.624,0.624
TCGA-BJ-A3EZ-01A,0.000,0.000,0.003,0.003,0.000,0.000,0.009,0.056,0.009,0.001,0.025,0.000,0.000,0.000,0.000,0.893,0.893
TCGA-DJ-A3UR-01A,0.004,0.000,0.001,0.006,0.000,0.000,0.001,0.161,0.000,0.081,0.054,0.000,0.001,0.005,0.000,0.686,0.686
TCGA-FE-A236-01A,0.006,0.000,0.001,0.007,0.000,0.000,0.000,0.127,0.002,0.041,0.023,0.000,0.000,0.002,0.000,0.790,0.790
TCGA-ET-A2N4-01A,0.003,0.000,0.000,0.006,0.000,0.000,0.000,0.176,0.000,0.068,0.062,0.000,0.000,0.005,0.000,0.678,0.678
TCGA-ET-A3BO-01A,0.025,0.002,0.020,0.016,0.002,0.000,0.037,0.100,0.043,0.043,0.074,0.002,0.001,0.007,0.000,0.630,0.630
TCGA-FK-A4UB-01A,0.002,0.000,0.000,0.004,0.000,0.000,0.001,0.147,0.000,0.114,0.017,0.000,0.000,0.000,0.000,0.713,0.713
TCGA-DJ-A13L-01A,0.024,0.006,0.025,0.009,0.006,0.000,0.054,0.080,0.137,0.010,0.106,0.000,0.000,0.001,0.000,0.541,0.541
TCGA-EL-A3ZQ-01A,0.074,0.000,0.002,0.003,0.003,0.000,0.014,0.049,0.014,0.017,0.040,0.000,0.006,0.000,0.000,0.777,0.777
TCGA-EL-A4K9-01A,0.003,0.001,0.013,0.005,0.001,0.001,0.013,0.221,0.012,0.096,0.064,0.009,0.001,0.006,0.000,0.557,0.557
TCGA-ET-A25P-01A,0.012,0.001,0.002,0.004,0.004,0.001,0.002,0.194,0.001,0.117,0.027,0.008,0.001,0.008,0.000,0.620,0.620
TCGA-EL-A3ZH-01A,0.040,0.000,0.001,0.000,0.000,0.000,0.001,0.111,0.000,0.078,0.028,0.000,0.000,0.001,0.000,0.740,0.740
TCGA-EM-A4FU-01A,0.024,0.000,0.000,0.001,0.001,0.000,0.001,0.169,0.000,0.117,0.041,0.000,0.000,0.000,0.000,0.646,0.646
TCGA-KS-A4IC-01A,0.008,0.000,0.003,0.008,0.000,0.000,0.003,0.091,0.006,0.023,0.058,0.000,0.001,0.001,0.000,0.797,0.797
TCGA-CE-A481-01A,0.030,0.013,0.015,0.006,0.027,0.001,0.016,0.180,0.065,0.076,0.049,0.002,0.001,0.005,0.001,0.515,0.515
TCGA-EL-A3CT-01A,0.007,0.000,0.004,0.001,0.001,0.000,0.007,0.135,0.075,0.039,0.079,0.001,0.000,0.000,0.000,0.650,0.650
TCGA-DJ-A2QA-01A,0.019,0.000,0.003,0.003,0.001,0.000,0.000,0.118,0.049,0.045,0.034,0.000,0.000,0.000,0.000,0.728,0.728
TCGA-FY-A40L-01A,0.006,0.000,0.002,0.008,0.000,0.000,0.013,0.078,0.053,0.015,0.062,0.000,0.000,0.000,0.000,0.762,0.762
TCGA-DO-A1K0-01A,0.000,0.000,0.000,0.005,0.000,0.000,0.001,0.130,0.000,0.031,0.041,0.000,0.000,0.006,0.000,0.784,0.784
TCGA-EL-A3GW-01A,0.024,0.000,0.000,0.003,0.000,0.000,0.000,0.116,0.003,0.036,0.034,0.000,0.000,0.002,0.000,0.781,0.781
TCGA-EM-A3SU-01A,0.053,0.000,0.011,0.006,0.001,0.000,0.022,0.039,0.004,0.007,0.136,0.000,0.000,0.000,0.000,0.721,0.721
TCGA-MK-A84Z-01A,0.023,0.000,0.000,0.002,0.001,0.000,0.000,0.222,0.000,0.120,0.016,0.000,0.000,0.000,0.000,0.615,0.615
TCGA-EL-A3H1-01A,0.042,0.000,0.000,0.000,0.005,0.000,0.000,0.165,0.000,0.062,0.032,0.000,0.000,0.000,0.000,0.692,0.692
TCGA-EL-A3ZK-01A,0.011,0.000,0.004,0.002,0.000,0.000,0.027,0.089,0.000,0.006,0.059,0.000,0.001,0.002,0.000,0.798,0.798
TCGA-EL-A3GP-01A,0.001,0.001,0.012,0.000,0.003,0.000,0.018,0.104,0.259,0.025,0.237,0.001,0.000,0.004,0.000,0.335,0.335
TCGA-ET-A40R-01A,0.038,0.014,0.014,0.007,0.002,0.001,0.015,0.147,0.020,0.090,0.050,0.000,0.005,0.000,0.000,0.596,0.596
TCGA-DJ-A3UX-01A,0.027,0.010,0.008,0.007,0.005,0.000,0.014,0.127,0.051,0.073,0.046,0.000,0.000,0.001,0.000,0.630,0.630
TCGA-DJ-A1QQ-01A,0.010,0.003,0.013,0.001,0.001,0.000,0.004,0.145,0.071,0.048,0.046,0.002,0.000,0.006,0.000,0.648,0.648
TCGA-EL-A3GY-01A,0.002,0.000,0.011,0.004,0.001,0.000,0.028,0.104,0.010,0.029,0.073,0.002,0.000,0.005,0.000,0.731,0.731
TCGA-EL-A4K0-01A,0.004,0.001,0.014,0.007,0.000,0.005,0.029,0.117,0.159,0.034,0.059,0.002,0.001,0.007,0.001,0.559,0.559
TCGA-IM-A3ED-01A,0.039,0.017,0.019,0.004,0.006,0.000,0.003,0.115,0.053,0.029,0.103,0.004,0.000,0.002,0.000,0.606,0.606
TCGA-EL-A3GZ-01A,0.000,0.001,0.008,0.008,0.000,0.000,0.026,0.117,0.066,0.049,0.027,0.001,0.000,0.005,0.000,0.690,0.690
TCGA-DJ-A1QL-01A,0.025,0.000,0.002,0.000,0.003,0.000,0.000,0.211,0.001,0.049,0.017,0.000,0.006,0.003,0.000,0.682,0.682
TCGA-DJ-A4V5-01A,0.009,0.007,0.030,0.005,0.013,0.000,0.051,0.129,0.056,0.053,0.054,0.014,0.001,0.005,0.001,0.572,0.572
TCGA-EL-A3T3-01A,0.004,0.000,0.004,0.001,0.000,0.000,0.001,0.104,0.015,0.034,0.056,0.000,0.000,0.000,0.000,0.779,0.779
TCGA-E3-A3E1-01A,0.007,0.000,0.007,0.003,0.000,0.000,0.005,0.075,0.009,0.022,0.061,0.000,0.000,0.000,0.000,0.810,0.810
TCGA-EL-A3ZN-01A,0.005,0.000,0.001,0.002,0.001,0.000,0.005,0.201,0.025,0.121,0.034,0.000,0.000,0.003,0.000,0.601,0.601
TCGA-EL-A4KI-01A,0.036,0.000,0.000,0.003,0.000,0.001,0.000,0.110,0.000,0.066,0.013,0.000,0.000,0.000,0.000,0.770,0.770
TCGA-DJ-A2Q4-01A,0.008,0.001,0.006,0.007,0.001,0.000,0.008,0.114,0.014,0.027,0.033,0.000,0.000,0.001,0.000,0.779,0.779
TCGA-IM-A4EB-01A,0.058,0.006,0.011,0.008,0.005,0.000,0.017,0.093,0.076,0.021,0.070,0.000,0.000,0.000,0.000,0.634,0.634
TCGA-ET-A39M-01A,0.113,0.001,0.022,0.002,0.018,0.000,0.016,0.091,0.035,0.036,0.136,0.000,0.000,0.000,0.000,0.529,0.529
TCGA-EM-A2CU-01A,0.020,0.000,0.012,0.001,0.020,0.000,0.011,0.175,0.030,0.101,0.077,0.001,0.001,0.005,0.000,0.546,0.546
TCGA-E3-A3DZ-01A,0.023,0.000,0.001,0.001,0.000,0.001,0.000,0.182,0.000,0.081,0.013,0.000,0.000,0.002,0.000,0.695,0.695
TCGA-ET-A3BW-01A,0.002,0.000,0.000,0.005,0.000,0.000,0.000,0.126,0.000,0.056,0.026,0.000,0.000,0.004,0.000,0.779,0.779
TCGA-DE-A0Y2-01A,0.000,0.000,0.001,0.001,0.000,0.000,0.000,0.092,0.000,0.016,0.041,0.000,0.000,0.001,0.000,0.846,0.846
TCGA-DJ-A3VF-01A,0.000,0.000,0.031,0.001,0.000,0.000,0.062,0.111,0.286,0.020,0.058,0.000,0.000,0.003,0.000,0.426,0.426
TCGA-DJ-A3VA-01A,0.014,0.001,0.004,0.010,0.000,0.000,0.005,0.120,0.005,0.026,0.045,0.001,0.000,0.003,0.000,0.767,0.767
TCGA-E3-A3E2-01A,0.032,0.089,0.028,0.026,0.005,0.000,0.030,0.124,0.045,0.036,0.050,0.001,0.001,0.002,0.000,0.532,0.532
TCGA-DJ-A1QD-01A,0.003,0.001,0.001,0.004,0.001,0.000,0.004,0.099,0.029,0.019,0.042,0.000,0.000,0.000,0.000,0.796,0.796
TCGA-J8-A3O1-01A,0.000,0.000,0.000,0.002,0.000,0.000,0.000,0.047,0.000,0.007,0.028,0.000,0.000,0.001,0.000,0.915,0.915
TCGA-DJ-A3V3-01A,0.049,0.003,0.008,0.014,0.006,0.000,0.009,0.150,0.021,0.075,0.063,0.001,0.001,0.003,0.000,0.597,0.597
TCGA-DJ-A2Q2-01A,0.031,0.000,0.004,0.001,0.004,0.000,0.001,0.200,0.000,0.076,0.065,0.000,0.000,0.000,0.000,0.617,0.617
TCGA-KS-A41F-01A,0.023,0.000,0.002,0.007,0.000,0.000,0.000,0.066,0.004,0.013,0.024,0.000,0.000,0.000,0.000,0.862,0.862
TCGA-EL-A3N3-01A,0.062,0.000,0.019,0.003,0.003,0.000,0.024,0.078,0.061,0.006,0.084,0.000,0.001,0.001,0.000,0.659,0.659
TCGA-GE-A2C6-01A,0.012,0.002,0.024,0.006,0.018,0.000,0.031,0.126,0.139,0.083,0.062,0.001,0.001,0.004,0.001,0.492,0.492
TCGA-EL-A3D6-01A,0.012,0.000,0.013,0.001,0.000,0.000,0.031,0.075,0.048,0.001,0.045,0.000,0.000,0.000,0.000,0.774,0.774
TCGA-DE-A7U5-01A,0.025,0.000,0.019,0.008,0.001,0.000,0.031,0.074,0.160,0.019,0.082,0.001,0.000,0.005,0.000,0.574,0.574
TCGA-DJ-A3VJ-01A,0.010,0.001,0.015,0.004,0.006,0.000,0.014,0.164,0.054,0.059,0.035,0.004,0.000,0.000,0.000,0.632,0.632
TCGA-EM-A4FQ-01A,0.017,0.000,0.004,0.006,0.000,0.000,0.008,0.071,0.013,0.021,0.062,0.000,0.000,0.000,0.000,0.796,0.796
TCGA-CE-A3MD-01A,0.007,0.000,0.002,0.005,0.002,0.000,0.018,0.174,0.017,0.084,0.049,0.001,0.001,0.003,0.000,0.637,0.637
TCGA-ET-A25R-01A,0.000,0.000,0.014,0.004,0.000,0.000,0.029,0.072,0.041,0.006,0.039,0.000,0.000,0.005,0.000,0.789,0.789
TCGA-EM-A3AP-01A,0.019,0.000,0.003,0.001,0.000,0.000,0.000,0.187,0.000,0.127,0.058,0.000,0.000,0.002,0.000,0.603,0.603
TCGA-EL-A4JZ-01A,0.015,0.001,0.021,0.007,0.014,0.000,0.040,0.141,0.110,0.086,0.102,0.001,0.001,0.003,0.001,0.460,0.460
TCGA-FE-A23A-01A,0.069,0.002,0.010,0.013,0.004,0.000,0.021,0.046,0.015,0.013,0.065,0.000,0.000,0.001,0.000,0.740,0.740
TCGA-BJ-A45K-01A,0.028,0.000,0.001,0.000,0.004,0.000,0.000,0.217,0.000,0.103,0.007,0.000,0.000,0.001,0.000,0.639,0.639
TCGA-DJ-A1QE-01A,0.000,0.002,0.011,0.004,0.000,0.000,0.014,0.068,0.075,0.003,0.024,0.000,0.000,0.004,0.000,0.795,0.795
TCGA-E8-A433-01A,0.012,0.001,0.010,0.003,0.001,0.000,0.025,0.087,0.094,0.021,0.048,0.000,0.000,0.000,0.000,0.699,0.699
TCGA-BJ-A18Z-01A,0.000,0.000,0.018,0.002,0.000,0.000,0.022,0.070,0.178,0.020,0.053,0.001,0.000,0.002,0.000,0.632,0.632
TCGA-EL-A4K7-01A,0.007,0.000,0.001,0.006,0.000,0.000,0.001,0.031,0.007,0.000,0.018,0.000,0.000,0.000,0.000,0.928,0.928
TCGA-FY-A3W9-01A,0.018,0.000,0.000,0.000,0.000,0.000,0.001,0.136,0.000,0.037,0.018,0.000,0.000,0.003,0.000,0.787,0.787
TCGA-EM-A22P-01A,0.015,0.078,0.029,0.002,0.022,0.008,0.047,0.164,0.166,0.081,0.065,0.005,0.002,0.007,0.001,0.309,0.309
TCGA-DJ-A2PX-01A,0.065,0.026,0.020,0.021,0.006,0.000,0.025,0.156,0.030,0.083,0.073,0.000,0.004,0.002,0.000,0.487,0.487
TCGA-J8-A3YD-01A,0.009,0.000,0.003,0.003,0.001,0.000,0.002,0.120,0.027,0.045,0.025,0.000,0.000,0.001,0.000,0.762,0.762
TCGA-EL-A3CV-01A,0.005,0.016,0.031,0.020,0.022,0.000,0.061,0.178,0.193,0.043,0.094,0.001,0.000,0.002,0.001,0.332,0.332
TCGA-EL-A3CM-01A,0.001,0.001,0.005,0.004,0.000,0.000,0.015,0.149,0.140,0.034,0.044,0.000,0.000,0.001,0.000,0.606,0.606
TCGA-ET-A40Q-01A,0.022,0.000,0.013,0.008,0.001,0.000,0.030,0.047,0.062,0.011,0.086,0.000,0.000,0.001,0.000,0.716,0.716
TCGA-FK-A3SE-01A,0.005,0.001,0.003,0.000,0.001,0.000,0.008,0.115,0.045,0.039,0.026,0.012,0.000,0.001,0.000,0.742,0.742
TCGA-EM-A2OZ-01A,0.006,0.000,0.002,0.009,0.002,0.000,0.001,0.106,0.001,0.042,0.053,0.000,0.000,0.002,0.000,0.777,0.777
TCGA-ET-A3DW-01A,0.000,0.000,0.005,0.003,0.001,0.000,0.018,0.033,0.000,0.000,0.030,0.000,0.000,0.000,0.000,0.910,0.910
TCGA-H2-A421-01A,0.066,0.001,0.015,0.012,0.005,0.000,0.017,0.100,0.048,0.022,0.082,0.000,0.000,0.001,0.000,0.630,0.630
TCGA-E8-A417-01A,0.028,0.000,0.001,0.015,0.000,0.000,0.005,0.062,0.001,0.016,0.071,0.000,0.000,0.001,0.000,0.800,0.800
TCGA-EL-A3T2-01A,0.011,0.000,0.000,0.001,0.001,0.000,0.000,0.162,0.000,0.059,0.028,0.000,0.000,0.005,0.000,0.730,0.730
TCGA-E3-A3E0-01A,0.010,0.000,0.006,0.011,0.001,0.000,0.004,0.129,0.001,0.061,0.055,0.001,0.000,0.002,0.000,0.718,0.718
TCGA-DJ-A3UW-01A,0.096,0.011,0.023,0.008,0.005,0.000,0.038,0.084,0.068,0.019,0.083,0.000,0.001,0.000,0.000,0.564,0.564
TCGA-DJ-A3VG-01A,0.024,0.000,0.000,0.001,0.002,0.000,0.001,0.173,0.000,0.106,0.020,0.000,0.000,0.001,0.000,0.671,0.671
TCGA-BJ-A28V-01A,0.023,0.000,0.001,0.000,0.002,0.000,0.000,0.186,0.000,0.079,0.008,0.000,0.000,0.003,0.000,0.697,0.697
TCGA-EM-A2CJ-01A,0.027,0.000,0.000,0.001,0.002,0.000,0.000,0.105,0.000,0.071,0.022,0.000,0.000,0.000,0.000,0.771,0.771
TCGA-EM-A22O-01A,0.001,0.000,0.000,0.009,0.000,0.000,0.000,0.064,0.000,0.002,0.036,0.000,0.000,0.000,0.000,0.886,0.886
TCGA-E3-A3DY-01A,0.019,0.001,0.007,0.011,0.001,0.000,0.012,0.088,0.008,0.017,0.077,0.000,0.000,0.004,0.000,0.755,0.755
TCGA-BJ-A0ZH-01A,0.008,0.000,0.007,0.005,0.000,0.000,0.005,0.118,0.000,0.041,0.057,0.000,0.000,0.000,0.000,0.758,0.758
TCGA-BJ-A45J-01A,0.006,0.002,0.007,0.002,0.000,0.001,0.010,0.147,0.027,0.034,0.029,0.002,0.000,0.000,0.000,0.731,0.731
TCGA-FY-A3I5-01B,0.037,0.017,0.002,0.001,0.004,0.007,0.000,0.069,0.006,0.057,0.030,0.000,0.000,0.001,0.000,0.770,0.770
TCGA-E8-A413-01A,0.002,0.000,0.017,0.001,0.002,0.002,0.035,0.114,0.217,0.034,0.055,0.000,0.000,0.002,0.000,0.518,0.518
TCGA-FY-A3NM-01A,0.025,0.000,0.001,0.000,0.001,0.000,0.000,0.140,0.000,0.050,0.008,0.000,0.000,0.001,0.000,0.774,0.774
TCGA-FY-A2QD-01A,0.032,0.000,0.000,0.000,0.002,0.000,0.000,0.060,0.000,0.037,0.005,0.000,0.000,0.000,0.000,0.863,0.863
TCGA-CE-A485-01A,0.003,0.001,0.018,0.001,0.007,0.005,0.020,0.208,0.150,0.089,0.057,0.004,0.001,0.005,0.001,0.433,0.433
TCGA-DJ-A13S-01A,0.014,0.000,0.000,0.003,0.000,0.000,0.000,0.166,0.000,0.058,0.033,0.000,0.000,0.001,0.000,0.725,0.725
TCGA-ET-A3DR-01A,0.008,0.001,0.006,0.000,0.000,0.000,0.000,0.152,0.046,0.050,0.019,0.001,0.000,0.003,0.000,0.714,0.714
TCGA-DJ-A13O-01A,0.047,0.016,0.012,0.009,0.008,0.001,0.022,0.062,0.040,0.021,0.056,0.000,0.000,0.000,0.000,0.705,0.705
TCGA-EM-A22N-01A,0.067,0.000,0.001,0.000,0.003,0.000,0.000,0.141,0.000,0.084,0.039,0.000,0.000,0.000,0.000,0.663,0.663
TCGA-E8-A414-01A,0.005,0.009,0.022,0.006,0.003,0.000,0.030,0.144,0.189,0.072,0.058,0.005,0.001,0.008,0.000,0.448,0.448
TCGA-ET-A3BU-01A,0.004,0.001,0.010,0.002,0.000,0.002,0.002,0.192,0.030,0.053,0.050,0.005,0.000,0.003,0.000,0.646,0.646
TCGA-EL-A3ZT-01A,0.007,0.000,0.002,0.006,0.000,0.000,0.000,0.150,0.008,0.044,0.042,0.000,0.000,0.003,0.000,0.737,0.737
TCGA-ET-A39S-01A,0.011,0.002,0.009,0.003,0.001,0.001,0.009,0.180,0.050,0.075,0.038,0.006,0.000,0.001,0.000,0.614,0.614
TCGA-EM-A3O6-01A,0.041,0.000,0.002,0.000,0.005,0.000,0.000,0.209,0.001,0.081,0.010,0.000,0.002,0.000,0.000,0.650,0.650
TCGA-ET-A3DU-01A,0.139,0.006,0.026,0.021,0.027,0.000,0.032,0.075,0.070,0.010,0.119,0.000,0.001,0.001,0.001,0.472,0.472
TCGA-DJ-A1QN-01A,0.001,0.000,0.019,0.008,0.000,0.002,0.022,0.141,0.018,0.061,0.061,0.001,0.001,0.009,0.000,0.654,0.654
TCGA-ET-A3DP-01A,0.001,0.001,0.009,0.005,0.001,0.001,0.032,0.144,0.038,0.062,0.055,0.002,0.000,0.008,0.000,0.642,0.642
TCGA-FY-A3NN-01A,0.006,0.000,0.000,0.004,0.000,0.000,0.003,0.062,0.000,0.017,0.063,0.000,0.000,0.000,0.000,0.845,0.845
TCGA-DJ-A3V9-01A,0.014,0.004,0.009,0.002,0.002,0.001,0.005,0.176,0.047,0.088,0.054,0.009,0.000,0.004,0.000,0.583,0.583
TCGA-E8-A2JQ-01A,0.086,0.006,0.038,0.047,0.031,0.000,0.039,0.070,0.083,0.014,0.087,0.000,0.001,0.000,0.000,0.499,0.499
TCGA-EM-A4FH-01A,0.041,0.000,0.000,0.000,0.001,0.000,0.000,0.166,0.000,0.083,0.006,0.000,0.001,0.000,0.000,0.700,0.700
TCGA-IM-A420-01A,0.049,0.001,0.014,0.010,0.004,0.000,0.009,0.068,0.033,0.011,0.078,0.000,0.000,0.000,0.000,0.721,0.721
TCGA-EM-A22K-01A,0.023,0.000,0.000,0.001,0.001,0.000,0.000,0.168,0.000,0.089,0.032,0.000,0.000,0.005,0.000,0.680,0.680
TCGA-EM-A2P0-01A,0.006,0.001,0.005,0.004,0.000,0.000,0.008,0.150,0.034,0.033,0.039,0.003,0.000,0.006,0.000,0.711,0.711
TCGA-BJ-A28R-01A,0.023,0.001,0.007,0.012,0.004,0.000,0.014,0.113,0.006,0.026,0.058,0.000,0.000,0.001,0.000,0.734,0.734
TCGA-ET-A3BX-01A,0.000,0.000,0.010,0.000,0.000,0.000,0.008,0.048,0.003,0.003,0.049,0.000,0.000,0.004,0.000,0.872,0.872
TCGA-FY-A4B4-01A,0.009,0.001,0.016,0.005,0.001,0.000,0.009,0.109,0.030,0.026,0.072,0.002,0.000,0.003,0.000,0.719,0.719
TCGA-ET-A3DQ-01A,0.047,0.034,0.025,0.002,0.019,0.012,0.020,0.166,0.068,0.101,0.049,0.003,0.001,0.005,0.001,0.447,0.447
TCGA-ET-A3DO-01A,0.078,0.006,0.032,0.017,0.012,0.000,0.029,0.076,0.045,0.009,0.087,0.000,0.001,0.000,0.000,0.607,0.607
TCGA-E8-A416-01A,0.023,0.008,0.005,0.005,0.016,0.001,0.008,0.121,0.099,0.069,0.020,0.000,0.000,0.001,0.000,0.624,0.624
TCGA-DJ-A1QG-01A,0.003,0.000,0.000,0.000,0.001,0.000,0.000,0.175,0.000,0.052,0.046,0.000,0.000,0.000,0.000,0.722,0.722
TCGA-EM-A2OY-01A,0.023,0.000,0.000,0.000,0.000,0.000,0.000,0.062,0.000,0.026,0.014,0.000,0.000,0.000,0.000,0.876,0.876
TCGA-EL-A3CP-01A,0.000,0.001,0.008,0.001,0.000,0.000,0.010,0.135,0.063,0.039,0.013,0.000,0.000,0.005,0.000,0.725,0.725
TCGA-BJ-A45F-01A,0.032,0.000,0.000,0.000,0.000,0.000,0.000,0.189,0.000,0.072,0.042,0.000,0.000,0.000,0.000,0.664,0.664
TCGA-EM-A4FV-01A,0.053,0.012,0.018,0.019,0.008,0.000,0.020,0.153,0.028,0.052,0.089,0.001,0.001,0.005,0.000,0.540,0.540
TCGA-EM-A2P1-01A,0.061,0.064,0.057,0.016,0.010,0.001,0.046,0.085,0.077,0.008,0.103,0.001,0.000,0.001,0.000,0.471,0.471
TCGA-EL-A4JW-01A,0.013,0.000,0.003,0.003,0.004,0.000,0.005,0.168,0.036,0.078,0.030,0.000,0.000,0.001,0.000,0.657,0.657
TCGA-EM-A3AI-01A,0.031,0.000,0.000,0.000,0.000,0.000,0.000,0.162,0.000,0.093,0.013,0.000,0.000,0.000,0.000,0.700,0.700
TCGA-EL-A3GX-01A,0.001,0.000,0.016,0.011,0.000,0.000,0.019,0.049,0.003,0.002,0.152,0.000,0.000,0.004,0.000,0.743,0.743
TCGA-FY-A3NP-01A,0.026,0.000,0.001,0.001,0.001,0.000,0.000,0.112,0.000,0.056,0.028,0.000,0.000,0.003,0.000,0.770,0.770
TCGA-FY-A4B3-01A,0.005,0.002,0.010,0.001,0.002,0.000,0.008,0.152,0.068,0.041,0.023,0.009,0.000,0.007,0.000,0.672,0.672
