,Plasma B cells,Non-plasma B cells,CD4 T,CD8 T effector,CD8 T (GZMK high),Double-neg-like T,DC,Endothelial Cells,CAFs,Myofibroblasts,Macrophages,Mast Cells,NK,Neutrophils,Monocytes,1-others,Cancer Cells
TCGA-BP-4766-01A,0.000,0.000,0.001,0.000,0.000,0.001,0.000,0.259,0.000,0.123,0.156,0.001,0.011,0.012,0.000,0.436,0.436
TCGA-A3-3352-01A,0.000,0.000,0.006,0.000,0.000,0.018,0.004,0.275,0.000,0.093,0.131,0.001,0.024,0.005,0.000,0.442,0.442
TCGA-G6-A8L7-01A,0.016,0.000,0.010,0.004,0.002,0.000,0.000,0.065,0.034,0.115,0.049,0.000,0.001,0.000,0.000,0.705,0.705
TCGA-A3-A6NN-01A,0.000,0.000,0.016,0.001,0.003,0.009,0.008,0.328,0.065,0.083,0.129,0.002,0.034,0.007,0.000,0.317,0.317
TCGA-T7-A92I-01A,0.000,0.000,0.000,0.000,0.000,0.000,0.000,0.056,0.066,0.008,0.148,0.003,0.000,0.001,0.000,0.720,0.720
TCGA-B0-5713-01A,0.000,0.000,0.003,0.000,0.002,0.000,0.000,0.421,0.000,0.130,0.083,0.000,0.012,0.006,0.000,0.342,0.342
TCGA-CZ-4860-01A,0.000,0.000,0.008,0.000,0.015,0.000,0.000,0.028,0.176,0.000,0.169,0.000,0.000,0.001,0.000,0.603,0.603
TCGA-A3-3351-01A,0.000,0.000,0.035,0.011,0.071,0.001,0.030,0.187,0.016,0.134,0.177,0.012,0.001,0.026,0.000,0.298,0.298
TCGA-B8-4148-01A,0.000,0.000,0.044,0.063,0.061,0.000,0.023,0.245,0.000,0.122,0.135,0.002,0.005,0.013,0.000,0.285,0.285
TCGA-BP-4345-01A,0.000,0.000,0.023,0.000,0.018,0.000,0.005,0.249,0.218,0.264,0.166,0.000,0.002,0.001,0.000,0.050,0.050
TCGA-BP-5010-01A,0.000,0.000,0.004,0.002,0.013,0.000,0.000,0.251,0.235,0.288,0.062,0.000,0.000,0.002,0.000,0.144,0.144
TCGA-BP-4325-01A,0.000,0.000,0.001,0.002,0.061,0.000,0.000,0.176,0.000,0.072,0.171,0.000,0.001,0.008,0.000,0.508,0.508
TCGA-B0-5102-01A,0.005,0.000,0.001,0.000,0.016,0.000,0.000,0.184,0.021,0.089,0.106,0.000,0.000,0.000,0.000,0.577,0.577
TCGA-BP-5185-01A,0.000,0.000,0.000,0.000,0.003,0.000,0.000,0.159,0.067,0.113,0.081,0.000,0.000,0.000,0.000,0.577,0.577
TCGA-CZ-5986-01A,0.000,0.000,0.001,0.000,0.000,0.000,0.010,0.267,0.000,0.114,0.131,0.008,0.006,0.009,0.000,0.454,0.454
TCGA-CW-5590-01A,0.000,0.000,0.012,0.008,0.006,0.000,0.001,0.287,0.070,0.136,0.115,0.001,0.009,0.004,0.000,0.349,0.349
TCGA-CJ-4904-01A,0.000,0.000,0.000,0.001,0.013,0.000,0.012,0.407,0.004,0.164,0.107,0.002,0.002,0.004,0.000,0.283,0.283
TCGA-BP-4987-01A,0.000,0.000,0.001,0.001,0.028,0.000,0.000,0.316,0.001,0.153,0.109,0.001,0.021,0.008,0.000,0.361,0.361
TCGA-B0-4849-01A,0.000,0.000,0.007,0.003,0.001,0.000,0.007,0.308,0.000,0.221,0.100,0.004,0.013,0.007,0.003,0.324,0.324
TCGA-BP-4329-01A,0.000,0.000,0.000,0.000,0.002,0.016,0.006,0.269,0.097,0.172,0.132,0.001,0.001,0.002,0.000,0.301,0.301
TCGA-A3-3328-01A,0.000,0.000,0.000,0.000,0.000,0.000,0.000,0.021,0.001,0.010,0.050,0.000,0.000,0.000,0.000,0.918,0.918
TCGA-CJ-5672-01A,0.012,0.000,0.024,0.010,0.061,0.000,0.037,0.166,0.031,0.093,0.226,0.001,0.001,0.004,0.000,0.333,0.333
TCGA-B0-5104-01A,0.000,0.000,0.000,0.003,0.000,0.000,0.001,0.270,0.000,0.154,0.096,0.000,0.000,0.008,0.004,0.462,0.462
TCGA-CW-6097-01A,0.007,0.025,0.040,0.002,0.046,0.001,0.030,0.162,0.157,0.102,0.171,0.004,0.001,0.009,0.001,0.242,0.242
TCGA-B0-4700-01A,0.014,0.000,0.052,0.019,0.057,0.000,0.008,0.156,0.197,0.130,0.170,0.000,0.001,0.003,0.000,0.192,0.192
TCGA-B0-5095-01A,0.001,0.000,0.018,0.008,0.027,0.001,0.005,0.227,0.229,0.222,0.084,0.003,0.004,0.008,0.000,0.163,0.163
TCGA-B0-4810-01A,0.009,0.000,0.040,0.035,0.044,0.000,0.001,0.220,0.096,0.177,0.125,0.003,0.003,0.003,0.000,0.245,0.245
TCGA-CJ-4901-01A,0.028,0.000,0.030,0.040,0.049,0.000,0.013,0.156,0.088,0.092,0.211,0.000,0.004,0.004,0.000,0.283,0.283
TCGA-CJ-4643-01A,0.000,0.000,0.015,0.005,0.010,0.001,0.016,0.317,0.020,0.232,0.127,0.002,0.005,0.012,0.000,0.239,0.239
TCGA-B8-A54H-01A,0.000,0.000,0.004,0.002,0.052,0.000,0.000,0.340,0.005,0.108,0.069,0.000,0.003,0.005,0.000,0.410,0.410
TCGA-AK-3429-01A,0.002,0.000,0.017,0.022,0.070,0.000,0.027,0.213,0.001,0.092,0.126,0.000,0.000,0.001,0.000,0.429,0.429
TCGA-B0-4834-01A,0.000,0.000,0.000,0.000,0.000,0.000,0.000,0.240,0.001,0.186,0.037,0.000,0.000,0.000,0.000,0.536,0.536
TCGA-B0-4843-01A,0.000,0.000,0.002,0.000,0.000,0.007,0.007,0.285,0.132,0.291,0.063,0.000,0.003,0.002,0.000,0.209,0.209
TCGA-A3-3382-01A,0.000,0.000,0.017,0.005,0.033,0.002,0.000,0.178,0.058,0.098,0.140,0.001,0.005,0.006,0.000,0.457,0.457
TCGA-BP-4338-01A,0.000,0.000,0.004,0.000,0.002,0.000,0.000,0.043,0.071,0.016,0.213,0.000,0.000,0.000,0.000,0.650,0.650
TCGA-B4-5832-01A,0.000,0.000,0.000,0.000,0.002,0.000,0.000,0.166,0.149,0.087,0.145,0.000,0.000,0.008,0.000,0.442,0.442
TCGA-CW-6088-01A,0.000,0.000,0.001,0.001,0.000,0.000,0.002,0.395,0.021,0.134,0.087,0.008,0.012,0.015,0.000,0.324,0.324
TCGA-A3-A6NJ-01A,0.001,0.000,0.025,0.008,0.075,0.000,0.007,0.318,0.009,0.072,0.165,0.001,0.001,0.008,0.000,0.309,0.309
TCGA-B0-5088-01A,0.000,0.000,0.015,0.001,0.024,0.013,0.006,0.241,0.015,0.185,0.208,0.003,0.004,0.002,0.000,0.282,0.282
TCGA-A3-3308-01A,0.000,0.000,0.012,0.000,0.001,0.000,0.001,0.289,0.116,0.166,0.124,0.000,0.006,0.010,0.000,0.275,0.275
TCGA-CW-5589-01A,0.000,0.000,0.007,0.000,0.002,0.012,0.013,0.288,0.012,0.139,0.154,0.007,0.009,0.003,0.000,0.352,0.352
TCGA-B0-5702-01A,0.029,0.000,0.010,0.001,0.012,0.018,0.000,0.141,0.114,0.080,0.104,0.001,0.010,0.000,0.000,0.479,0.479
TCGA-BP-4169-01A,0.008,0.002,0.016,0.011,0.023,0.013,0.018,0.277,0.102,0.197,0.121,0.008,0.002,0.015,0.022,0.165,0.165
TCGA-CZ-5468-01A,0.000,0.000,0.015,0.001,0.005,0.000,0.000,0.108,0.163,0.087,0.163,0.000,0.003,0.002,0.000,0.452,0.452
TCGA-A3-3313-01A,0.000,0.000,0.000,0.000,0.000,0.000,0.000,0.081,0.030,0.049,0.111,0.000,0.000,0.003,0.000,0.726,0.726
TCGA-BP-4782-01A,0.000,0.000,0.022,0.003,0.020,0.000,0.000,0.233,0.062,0.138,0.163,0.000,0.009,0.002,0.000,0.348,0.348
TCGA-3Z-A93Z-01A,0.007,0.000,0.010,0.001,0.004,0.001,0.004,0.302,0.063,0.127,0.072,0.001,0.011,0.002,0.000,0.393,0.393
TCGA-CZ-5454-01A,0.000,0.000,0.000,0.000,0.004,0.009,0.000,0.177,0.035,0.054,0.365,0.000,0.000,0.001,0.000,0.354,0.354
TCGA-A3-3358-01A,0.020,0.000,0.023,0.009,0.026,0.001,0.017,0.185,0.019,0.069,0.219,0.003,0.001,0.004,0.000,0.405,0.405
TCGA-CJ-6031-01A,0.004,0.000,0.018,0.001,0.037,0.001,0.006,0.205,0.153,0.181,0.203,0.005,0.001,0.002,0.000,0.183,0.183
TCGA-BP-4790-01A,0.003,0.000,0.031,0.004,0.080,0.001,0.023,0.214,0.142,0.139,0.155,0.005,0.001,0.011,0.000,0.191,0.191
TCGA-B0-5699-01A,0.000,0.000,0.009,0.000,0.002,0.000,0.017,0.240,0.000,0.089,0.123,0.000,0.017,0.007,0.000,0.495,0.495
TCGA-CJ-4635-01A,0.001,0.000,0.035,0.023,0.080,0.000,0.000,0.169,0.066,0.055,0.176,0.006,0.001,0.004,0.000,0.384,0.384
TCGA-A3-A8CQ-01A,0.000,0.000,0.003,0.003,0.003,0.002,0.011,0.350,0.004,0.192,0.084,0.001,0.005,0.005,0.000,0.335,0.335
TCGA-AK-3447-01A,0.005,0.000,0.000,0.000,0.000,0.000,0.000,0.014,0.001,0.006,0.040,0.000,0.000,0.000,0.000,0.934,0.934
TCGA-BP-4159-01A,0.000,0.000,0.000,0.000,0.000,0.004,0.000,0.327,0.047,0.305,0.091,0.000,0.010,0.000,0.000,0.216,0.216
TCGA-B0-5698-01A,0.001,0.000,0.023,0.001,0.021,0.000,0.020,0.257,0.000,0.073,0.201,0.000,0.000,0.006,0.002,0.394,0.394
TCGA-A3-A8OU-01A,0.003,0.000,0.011,0.007,0.001,0.000,0.015,0.277,0.055,0.110,0.124,0.002,0.008,0.005,0.000,0.381,0.381
TCGA-A3-3380-01A,0.000,0.000,0.005,0.000,0.004,0.026,0.007,0.337,0.005,0.190,0.100,0.006,0.005,0.004,0.000,0.311,0.311
TCGA-BP-4998-01A,0.001,0.000,0.019,0.008,0.037,0.001,0.027,0.225,0.089,0.152,0.166,0.006,0.006,0.011,0.000,0.252,0.252
TCGA-A3-3383-01A,0.001,0.000,0.017,0.002,0.031,0.002,0.030,0.202,0.001,0.094,0.142,0.000,0.007,0.002,0.000,0.467,0.467
TCGA-BP-4353-01A,0.000,0.000,0.009,0.001,0.040,0.000,0.000,0.348,0.041,0.132,0.203,0.008,0.002,0.003,0.000,0.211,0.211
TCGA-CJ-5686-01A,0.003,0.000,0.015,0.001,0.025,0.000,0.014,0.222,0.065,0.087,0.168,0.000,0.001,0.005,0.000,0.392,0.392
TCGA-EU-5907-01A,0.000,0.000,0.002,0.000,0.000,0.000,0.000,0.113,0.072,0.024,0.155,0.000,0.000,0.001,0.000,0.633,0.633
TCGA-B0-4703-01A,0.000,0.000,0.019,0.034,0.025,0.001,0.011,0.199,0.273,0.172,0.099,0.003,0.001,0.010,0.000,0.153,0.153
TCGA-B0-5119-01A,0.000,0.000,0.001,0.000,0.025,0.000,0.000,0.331,0.001,0.143,0.101,0.000,0.004,0.006,0.000,0.387,0.387
TCGA-B0-4822-01A,0.004,0.000,0.012,0.001,0.034,0.000,0.000,0.322,0.107,0.130,0.151,0.000,0.006,0.003,0.000,0.228,0.228
TCGA-B4-5835-01A,0.000,0.000,0.000,0.001,0.000,0.000,0.000,0.026,0.031,0.000,0.190,0.000,0.000,0.001,0.000,0.750,0.750
TCGA-CZ-5460-01A,0.005,0.000,0.031,0.000,0.034,0.000,0.003,0.212,0.001,0.095,0.154,0.000,0.000,0.003,0.000,0.462,0.462
TCGA-B2-3924-01A,0.012,0.001,0.047,0.042,0.065,0.000,0.008,0.182,0.000,0.061,0.211,0.003,0.000,0.007,0.000,0.360,0.360
TCGA-CJ-4870-01A,0.000,0.000,0.000,0.000,0.000,0.001,0.000,0.370,0.000,0.175,0.078,0.005,0.001,0.002,0.001,0.367,0.367
TCGA-B8-4619-01A,0.000,0.000,0.000,0.000,0.000,0.000,0.000,0.166,0.001,0.098,0.052,0.003,0.000,0.000,0.000,0.681,0.681
TCGA-BP-5201-01A,0.004,0.000,0.014,0.033,0.069,0.000,0.009,0.178,0.001,0.127,0.110,0.002,0.000,0.002,0.000,0.451,0.451
TCGA-B8-A54J-01A,0.000,0.000,0.020,0.002,0.030,0.000,0.001,0.417,0.001,0.174,0.077,0.007,0.010,0.006,0.000,0.257,0.257
TCGA-CZ-5456-01A,0.021,0.001,0.018,0.003,0.012,0.000,0.000,0.077,0.167,0.020,0.201,0.000,0.005,0.003,0.000,0.471,0.471
TCGA-B0-4688-01A,0.001,0.000,0.005,0.003,0.000,0.000,0.000,0.040,0.334,0.000,0.112,0.003,0.005,0.004,0.000,0.491,0.491
TCGA-A3-3317-01A,0.000,0.000,0.016,0.002,0.037,0.001,0.011,0.166,0.094,0.165,0.132,0.007,0.001,0.008,0.000,0.361,0.361
TCGA-B0-5400-01A,0.013,0.000,0.007,0.013,0.007,0.000,0.000,0.061,0.217,0.169,0.173,0.001,0.006,0.008,0.000,0.324,0.324
TCGA-G6-A5PC-01A,0.002,0.000,0.000,0.000,0.026,0.000,0.000,0.063,0.000,0.028,0.103,0.000,0.000,0.000,0.000,0.779,0.779
TCGA-B0-5100-01A,0.000,0.000,0.004,0.000,0.000,0.003,0.000,0.182,0.188,0.385,0.021,0.003,0.008,0.003,0.000,0.202,0.202
TCGA-CW-5585-01A,0.000,0.000,0.000,0.000,0.000,0.000,0.000,0.311,0.007,0.145,0.064,0.000,0.012,0.003,0.000,0.458,0.458
TCGA-BP-4343-01A,0.008,0.000,0.028,0.001,0.036,0.001,0.010,0.125,0.205,0.104,0.208,0.003,0.002,0.001,0.000,0.267,0.267
TCGA-B2-5636-01A,0.002,0.000,0.010,0.001,0.002,0.017,0.001,0.380,0.051,0.154,0.074,0.013,0.006,0.008,0.000,0.280,0.280
TCGA-B0-5081-01A,0.036,0.000,0.050,0.016,0.053,0.000,0.040,0.163,0.117,0.171,0.181,0.000,0.001,0.004,0.000,0.166,0.166
TCGA-CW-5580-01A,0.000,0.000,0.007,0.000,0.000,0.000,0.000,0.290,0.028,0.136,0.139,0.006,0.006,0.008,0.000,0.381,0.381
TCGA-B2-3924-01A.1,0.012,0.001,0.047,0.042,0.065,0.000,0.008,0.182,0.000,0.061,0.211,0.003,0.000,0.007,0.000,0.360,0.360
TCGA-CJ-6027-01A,0.010,0.000,0.028,0.068,0.041,0.000,0.000,0.050,0.059,0.049,0.211,0.000,0.002,0.001,0.000,0.480,0.480
TCGA-B0-5075-01A,0.000,0.000,0.000,0.001,0.035,0.000,0.000,0.053,0.000,0.049,0.353,0.000,0.000,0.003,0.000,0.504,0.504
TCGA-BP-5200-01A,0.001,0.000,0.005,0.001,0.059,0.000,0.002,0.316,0.095,0.137,0.142,0.005,0.000,0.010,0.000,0.227,0.227
TCGA-BP-4158-01A,0.000,0.000,0.000,0.000,0.001,0.000,0.000,0.307,0.001,0.195,0.095,0.000,0.011,0.002,0.000,0.387,0.387
TCGA-BP-5173-01A,0.000,0.000,0.010,0.002,0.056,0.000,0.007,0.229,0.005,0.144,0.106,0.002,0.000,0.002,0.000,0.437,0.437
TCGA-B0-4710-01A,0.009,0.007,0.013,0.004,0.019,0.001,0.000,0.239,0.048,0.143,0.079,0.008,0.017,0.015,0.001,0.396,0.396
TCGA-A3-3367-01A,0.000,0.000,0.001,0.002,0.000,0.004,0.015,0.217,0.018,0.110,0.145,0.004,0.008,0.005,0.000,0.470,0.470
TCGA-BP-4344-01A,0.000,0.000,0.000,0.000,0.001,0.002,0.011,0.390,0.043,0.255,0.113,0.001,0.008,0.004,0.000,0.172,0.172
TCGA-A3-3335-01A,0.001,0.005,0.002,0.000,0.001,0.000,0.000,0.070,0.066,0.072,0.117,0.000,0.000,0.002,0.000,0.664,0.664
TCGA-B0-5099-01A,0.000,0.000,0.000,0.000,0.000,0.000,0.000,0.356,0.000,0.118,0.047,0.007,0.001,0.002,0.000,0.468,0.468
TCGA-AK-3427-01A,0.005,0.000,0.000,0.000,0.000,0.000,0.000,0.044,0.001,0.053,0.034,0.000,0.000,0.000,0.000,0.863,0.863
TCGA-DV-A4W0-01A,0.000,0.000,0.001,0.001,0.004,0.000,0.000,0.303,0.020,0.166,0.079,0.003,0.000,0.004,0.000,0.420,0.420
TCGA-B8-4143-01A,0.015,0.000,0.055,0.063,0.041,0.000,0.002,0.148,0.054,0.143,0.134,0.004,0.001,0.003,0.000,0.336,0.336
TCGA-B8-A54K-01A,0.000,0.000,0.000,0.000,0.000,0.004,0.001,0.248,0.003,0.140,0.020,0.000,0.006,0.001,0.000,0.576,0.576
TCGA-A3-3311-01A,0.006,0.000,0.003,0.003,0.008,0.000,0.000,0.199,0.083,0.079,0.182,0.003,0.001,0.008,0.000,0.425,0.425
TCGA-CZ-4854-01A,0.017,0.000,0.012,0.012,0.004,0.000,0.000,0.112,0.129,0.075,0.108,0.001,0.007,0.003,0.000,0.519,0.519
TCGA-B8-4153-01B,0.000,0.000,0.000,0.000,0.000,0.000,0.000,0.422,0.008,0.103,0.076,0.000,0.000,0.003,0.000,0.387,0.387
TCGA-B2-A4SR-01A,0.000,0.000,0.031,0.007,0.021,0.001,0.014,0.404,0.000,0.165,0.084,0.006,0.004,0.009,0.000,0.254,0.254
TCGA-CZ-5989-01A,0.000,0.003,0.000,0.013,0.016,0.000,0.000,0.382,0.015,0.126,0.123,0.037,0.000,0.015,0.000,0.267,0.267
TCGA-CZ-5470-01A,0.006,0.000,0.013,0.020,0.019,0.000,0.019,0.115,0.006,0.075,0.200,0.000,0.001,0.003,0.000,0.522,0.522
TCGA-BP-4349-01A,0.000,0.000,0.001,0.000,0.004,0.002,0.000,0.373,0.009,0.241,0.054,0.000,0.009,0.002,0.000,0.303,0.303
TCGA-A3-3307-01A,0.000,0.000,0.002,0.020,0.017,0.000,0.001,0.313,0.000,0.144,0.125,0.003,0.004,0.009,0.000,0.361,0.361
TCGA-CJ-4641-01A,0.008,0.001,0.046,0.050,0.048,0.001,0.036,0.096,0.084,0.095,0.193,0.003,0.001,0.006,0.001,0.331,0.331
TCGA-B0-5098-01A,0.000,0.000,0.001,0.003,0.000,0.000,0.000,0.030,0.057,0.000,0.015,0.000,0.000,0.002,0.000,0.892,0.892
TCGA-B0-4699-01A,0.000,0.000,0.030,0.049,0.041,0.000,0.000,0.041,0.147,0.012,0.148,0.008,0.000,0.003,0.000,0.519,0.519
TCGA-BP-5199-01A,0.001,0.000,0.030,0.034,0.082,0.001,0.013,0.196,0.092,0.248,0.119,0.005,0.001,0.002,0.000,0.176,0.176
TCGA-BP-4337-01A,0.015,0.000,0.024,0.000,0.007,0.000,0.000,0.155,0.206,0.242,0.081,0.004,0.000,0.001,0.000,0.262,0.262
TCGA-CZ-4853-01A,0.000,0.000,0.008,0.001,0.000,0.000,0.001,0.181,0.002,0.093,0.117,0.000,0.004,0.001,0.000,0.592,0.592
TCGA-B0-5115-01A,0.000,0.000,0.007,0.003,0.001,0.027,0.009,0.336,0.027,0.182,0.106,0.001,0.011,0.008,0.000,0.282,0.282
TCGA-B8-A54G-01A,0.000,0.000,0.046,0.051,0.106,0.000,0.050,0.051,0.001,0.019,0.315,0.000,0.000,0.006,0.000,0.355,0.355
TCGA-CZ-4861-01A,0.000,0.000,0.019,0.000,0.011,0.000,0.000,0.064,0.038,0.035,0.357,0.000,0.000,0.007,0.000,0.467,0.467
TCGA-B8-5545-01A,0.000,0.000,0.017,0.001,0.011,0.000,0.008,0.273,0.129,0.149,0.170,0.005,0.001,0.008,0.000,0.228,0.228
TCGA-CJ-4892-01A,0.000,0.000,0.021,0.028,0.079,0.000,0.000,0.199,0.026,0.185,0.094,0.000,0.006,0.003,0.000,0.357,0.357
TCGA-CJ-5678-01A,0.038,0.000,0.016,0.009,0.083,0.001,0.028,0.111,0.015,0.032,0.217,0.000,0.000,0.001,0.000,0.448,0.448
TCGA-AK-3433-01A,0.000,0.000,0.000,0.000,0.000,0.000,0.000,0.050,0.000,0.040,0.078,0.000,0.000,0.000,0.000,0.831,0.831
TCGA-B8-4621-01A,0.000,0.000,0.001,0.000,0.000,0.000,0.000,0.041,0.028,0.000,0.200,0.000,0.000,0.005,0.000,0.724,0.724
TCGA-BP-4967-01A,0.000,0.000,0.003,0.004,0.000,0.000,0.000,0.169,0.061,0.094,0.120,0.007,0.001,0.003,0.000,0.539,0.539
TCGA-A3-3320-01A,0.000,0.000,0.002,0.001,0.012,0.000,0.000,0.282,0.000,0.177,0.107,0.010,0.001,0.014,0.000,0.392,0.392
TCGA-B8-A54D-01A,0.000,0.000,0.012,0.051,0.096,0.000,0.004,0.122,0.009,0.033,0.249,0.000,0.000,0.010,0.000,0.412,0.412
TCGA-B2-4098-01A,0.013,0.000,0.003,0.000,0.000,0.000,0.000,0.019,0.029,0.006,0.232,0.000,0.000,0.005,0.000,0.693,0.693
TCGA-A3-3374-01A,0.000,0.000,0.001,0.000,0.000,0.000,0.000,0.019,0.002,0.024,0.402,0.006,0.000,0.000,0.000,0.545,0.545
TCGA-BP-5000-01A,0.007,0.000,0.018,0.001,0.037,0.001,0.019,0.226,0.117,0.173,0.126,0.001,0.001,0.001,0.000,0.273,0.273
TCGA-A3-A6NI-01A,0.000,0.000,0.001,0.002,0.000,0.000,0.006,0.199,0.059,0.077,0.141,0.001,0.010,0.003,0.000,0.500,0.500
TCGA-B0-4824-01A,0.000,0.000,0.005,0.043,0.050,0.000,0.002,0.253,0.001,0.080,0.200,0.000,0.001,0.005,0.000,0.359,0.359
TCGA-BP-4975-01A,0.000,0.000,0.000,0.000,0.001,0.006,0.000,0.248,0.031,0.162,0.133,0.003,0.004,0.005,0.000,0.407,0.407
TCGA-BP-4330-01A,0.025,0.011,0.040,0.026,0.065,0.001,0.020,0.209,0.025,0.141,0.140,0.004,0.013,0.011,0.001,0.268,0.268
TCGA-B0-4841-01A,0.000,0.000,0.000,0.000,0.000,0.000,0.000,0.478,0.046,0.181,0.047,0.000,0.000,0.000,0.000,0.247,0.247
TCGA-B8-5551-01A,0.042,0.000,0.059,0.011,0.044,0.000,0.039,0.069,0.018,0.020,0.331,0.001,0.001,0.005,0.000,0.359,0.359
TCGA-AK-3440-01A,0.001,0.000,0.000,0.000,0.000,0.000,0.000,0.042,0.000,0.042,0.049,0.000,0.000,0.000,0.000,0.867,0.867
TCGA-BP-5169-01A,0.204,0.000,0.028,0.000,0.029,0.000,0.000,0.053,0.106,0.090,0.152,0.000,0.001,0.001,0.000,0.335,0.335
TCGA-BP-4770-01A,0.000,0.000,0.004,0.000,0.021,0.000,0.000,0.064,0.680,0.000,0.111,0.000,0.001,0.002,0.000,0.115,0.115
TCGA-B4-5838-01A,0.000,0.000,0.006,0.001,0.001,0.000,0.000,0.151,0.105,0.127,0.098,0.000,0.001,0.002,0.000,0.507,0.507
TCGA-B0-4815-01A,0.100,0.010,0.040,0.018,0.074,0.000,0.014,0.098,0.058,0.078,0.171,0.003,0.002,0.008,0.001,0.324,0.324
TCGA-B0-4838-01A,0.003,0.000,0.015,0.044,0.084,0.000,0.010,0.223,0.001,0.125,0.116,0.001,0.001,0.011,0.000,0.366,0.366
TCGA-BP-5177-01A,0.000,0.000,0.002,0.002,0.003,0.000,0.001,0.291,0.104,0.378,0.036,0.000,0.004,0.001,0.000,0.176,0.176
TCGA-CJ-4639-01A,0.000,0.000,0.020,0.025,0.061,0.000,0.005,0.339,0.001,0.128,0.093,0.003,0.007,0.011,0.000,0.306,0.306
TCGA-CZ-4865-01A,0.006,0.000,0.011,0.001,0.020,0.000,0.011,0.230,0.079,0.136,0.159,0.000,0.013,0.003,0.000,0.331,0.331
TCGA-BP-5180-01A,0.008,0.000,0.011,0.002,0.004,0.000,0.011,0.091,0.069,0.022,0.180,0.000,0.001,0.000,0.000,0.600,0.600
TCGA-DV-5567-01A,0.000,0.000,0.000,0.000,0.000,0.000,0.000,0.288,0.001,0.177,0.051,0.007,0.000,0.001,0.000,0.474,0.474
TCGA-BP-4992-01A,0.000,0.000,0.030,0.015,0.136,0.000,0.033,0.134,0.002,0.078,0.130,0.000,0.000,0.011,0.000,0.430,0.430
TCGA-B2-5633-01A,0.000,0.000,0.029,0.001,0.019,0.001,0.023,0.255,0.031,0.141,0.159,0.007,0.006,0.006,0.000,0.321,0.321
TCGA-CJ-5675-01A,0.000,0.000,0.027,0.010,0.096,0.000,0.012,0.132,0.007,0.028,0.229,0.000,0.000,0.003,0.000,0.455,0.455
TCGA-B0-4701-01A,0.002,0.000,0.025,0.034,0.019,0.003,0.019,0.170,0.001,0.178,0.108,0.008,0.000,0.004,0.000,0.428,0.428
TCGA-BP-4784-01A,0.003,0.000,0.004,0.000,0.000,0.001,0.006,0.299,0.075,0.239,0.043,0.009,0.000,0.000,0.000,0.319,0.319
TCGA-B4-5843-01A,0.000,0.000,0.000,0.000,0.000,0.000,0.000,0.233,0.062,0.168,0.119,0.000,0.003,0.002,0.000,0.412,0.412
TCGA-B0-5705-01A,0.000,0.000,0.026,0.003,0.035,0.000,0.006,0.263,0.000,0.091,0.114,0.000,0.000,0.004,0.000,0.457,0.457
TCGA-BP-4965-01A,0.000,0.000,0.007,0.000,0.007,0.000,0.001,0.330,0.002,0.176,0.112,0.009,0.002,0.005,0.000,0.349,0.349
TCGA-B0-5085-01A,0.000,0.000,0.000,0.002,0.000,0.000,0.000,0.282,0.000,0.148,0.104,0.000,0.007,0.000,0.000,0.456,0.456
TCGA-B0-5113-01A,0.003,0.008,0.019,0.004,0.030,0.007,0.010,0.259,0.057,0.153,0.123,0.013,0.001,0.011,0.000,0.304,0.304
TCGA-CW-5581-01A,0.000,0.000,0.016,0.000,0.017,0.001,0.011,0.266,0.001,0.094,0.093,0.000,0.000,0.003,0.000,0.499,0.499
TCGA-AK-3454-01A,0.007,0.000,0.008,0.001,0.033,0.000,0.000,0.285,0.109,0.123,0.141,0.000,0.005,0.003,0.000,0.285,0.285
TCGA-BP-4989-01A,0.002,0.015,0.004,0.053,0.109,0.000,0.004,0.100,0.082,0.163,0.256,0.000,0.001,0.004,0.000,0.205,0.205
TCGA-AK-3456-01A,0.000,0.000,0.000,0.000,0.000,0.000,0.002,0.040,0.046,0.009,0.179,0.000,0.000,0.002,0.000,0.722,0.722
TCGA-A3-3370-01A,0.000,0.000,0.019,0.040,0.049,0.001,0.010,0.209,0.016,0.206,0.156,0.004,0.001,0.014,0.000,0.276,0.276
TCGA-DV-5565-01A,0.000,0.000,0.000,0.000,0.004,0.000,0.000,0.465,0.046,0.159,0.089,0.000,0.000,0.002,0.000,0.236,0.236
TCGA-BP-4795-01A,0.001,0.000,0.010,0.001,0.005,0.032,0.025,0.259,0.163,0.227,0.064,0.009,0.004,0.006,0.000,0.196,0.196
TCGA-B0-5083-01A,0.000,0.000,0.000,0.000,0.000,0.015,0.000,0.066,0.125,0.120,0.254,0.000,0.000,0.000,0.000,0.418,0.418
TCGA-BP-4789-01A,0.000,0.000,0.000,0.000,0.003,0.007,0.000,0.421,0.060,0.209,0.061,0.008,0.006,0.004,0.000,0.220,0.220
TCGA-B8-5163-01A,0.009,0.000,0.054,0.018,0.036,0.000,0.002,0.206,0.170,0.135,0.192,0.001,0.001,0.007,0.000,0.168,0.168
TCGA-CJ-6033-01A,0.003,0.000,0.011,0.001,0.002,0.000,0.000,0.224,0.094,0.228,0.095,0.000,0.003,0.001,0.001,0.335,0.335
TCGA-BP-4756-01A,0.002,0.000,0.002,0.003,0.002,0.000,0.009,0.047,0.009,0.044,0.151,0.005,0.000,0.003,0.000,0.722,0.722
TCGA-A3-3362-01A,0.000,0.000,0.004,0.001,0.012,0.001,0.000,0.243,0.035,0.179,0.104,0.002,0.001,0.007,0.000,0.410,0.410
TCGA-BP-4355-01A,0.000,0.000,0.001,0.000,0.000,0.002,0.002,0.417,0.002,0.361,0.056,0.001,0.000,0.003,0.000,0.154,0.154
TCGA-B0-4852-01A,0.000,0.003,0.002,0.003,0.002,0.000,0.000,0.273,0.010,0.131,0.081,0.006,0.009,0.008,0.000,0.471,0.471
TCGA-A3-A6NL-01A,0.000,0.000,0.019,0.002,0.009,0.001,0.009,0.357,0.008,0.180,0.129,0.002,0.016,0.007,0.002,0.260,0.260
TCGA-BP-4801-01A,0.000,0.000,0.004,0.000,0.012,0.004,0.001,0.229,0.112,0.124,0.241,0.009,0.003,0.005,0.000,0.255,0.255
TCGA-A3-3347-01A,0.008,0.001,0.030,0.021,0.017,0.000,0.015,0.109,0.236,0.085,0.222,0.003,0.002,0.013,0.000,0.237,0.237
TCGA-B2-3924-01B,0.000,0.015,0.014,0.103,0.055,0.003,0.011,0.216,0.002,0.143,0.103,0.021,0.002,0.031,0.000,0.279,0.279
TCGA-G6-A8L8-01A,0.002,0.000,0.001,0.000,0.000,0.000,0.009,0.314,0.000,0.101,0.029,0.001,0.009,0.002,0.000,0.533,0.533
TCGA-MM-A564-01A,0.000,0.000,0.000,0.000,0.001,0.004,0.000,0.347,0.106,0.192,0.031,0.000,0.015,0.001,0.004,0.297,0.297
TCGA-BP-4775-01A,0.003,0.000,0.017,0.004,0.012,0.017,0.010,0.223,0.000,0.139,0.115,0.007,0.001,0.011,0.000,0.441,0.441
TCGA-B0-5703-01A,0.000,0.000,0.003,0.000,0.024,0.000,0.000,0.164,0.000,0.257,0.034,0.000,0.031,0.000,0.000,0.486,0.486
TCGA-CZ-5463-01A,0.000,0.000,0.001,0.001,0.008,0.000,0.000,0.210,0.000,0.053,0.140,0.003,0.000,0.003,0.000,0.580,0.580
TCGA-B4-5844-01A,0.000,0.000,0.001,0.000,0.000,0.000,0.000,0.505,0.003,0.149,0.054,0.004,0.008,0.009,0.003,0.264,0.264
TCGA-BP-4963-01A,0.000,0.000,0.011,0.009,0.008,0.001,0.010,0.233,0.003,0.143,0.224,0.000,0.003,0.009,0.000,0.344,0.344
TCGA-B8-5546-01A,0.000,0.000,0.000,0.005,0.000,0.000,0.000,0.102,0.036,0.020,0.089,0.009,0.000,0.002,0.000,0.736,0.736
TCGA-B8-5165-01A,0.000,0.000,0.004,0.000,0.012,0.019,0.001,0.327,0.052,0.171,0.114,0.010,0.001,0.006,0.000,0.281,0.281
TCGA-CW-5587-01A,0.003,0.000,0.045,0.023,0.050,0.000,0.008,0.196,0.026,0.112,0.244,0.001,0.001,0.007,0.000,0.285,0.285
TCGA-BP-4983-01A,0.020,0.000,0.043,0.042,0.089,0.000,0.001,0.032,0.147,0.001,0.270,0.000,0.001,0.004,0.000,0.349,0.349
TCGA-BP-4177-01A,0.000,0.000,0.000,0.000,0.000,0.009,0.005,0.223,0.059,0.192,0.037,0.006,0.000,0.000,0.000,0.469,0.469
TCGA-B8-4151-01A,0.000,0.000,0.000,0.000,0.000,0.000,0.000,0.252,0.000,0.076,0.093,0.000,0.000,0.002,0.000,0.576,0.576
TCGA-MM-A84U-01A,0.000,0.000,0.004,0.000,0.003,0.000,0.000,0.172,0.161,0.141,0.148,0.000,0.008,0.001,0.000,0.360,0.360
TCGA-A3-3365-01A,0.000,0.002,0.002,0.001,0.010,0.008,0.009,0.347,0.051,0.218,0.077,0.019,0.012,0.006,0.000,0.237,0.237
TCGA-BP-4807-01A,0.000,0.000,0.005,0.000,0.001,0.000,0.000,0.151,0.116,0.126,0.223,0.004,0.003,0.005,0.000,0.364,0.364
TCGA-A3-A8OW-01A,0.000,0.000,0.021,0.012,0.029,0.000,0.002,0.427,0.000,0.160,0.075,0.008,0.000,0.008,0.000,0.256,0.256
TCGA-CZ-4859-01A,0.000,0.000,0.000,0.000,0.000,0.000,0.001,0.240,0.000,0.109,0.077,0.000,0.006,0.002,0.000,0.565,0.565
TCGA-CZ-5453-01A,0.000,0.000,0.000,0.000,0.000,0.000,0.000,0.301,0.000,0.103,0.091,0.000,0.001,0.001,0.000,0.503,0.503
TCGA-B2-5633-01B,0.002,0.011,0.040,0.047,0.016,0.038,0.029,0.187,0.036,0.138,0.160,0.026,0.008,0.021,0.001,0.239,0.239
TCGA-CZ-5458-01A,0.000,0.000,0.016,0.001,0.018,0.020,0.020,0.311,0.014,0.121,0.116,0.002,0.002,0.003,0.000,0.354,0.354
TCGA-BP-4354-01A,0.000,0.000,0.027,0.024,0.015,0.000,0.000,0.095,0.180,0.057,0.314,0.000,0.003,0.028,0.033,0.222,0.222
TCGA-B8-A54E-01A,0.000,0.000,0.000,0.000,0.000,0.000,0.000,0.018,0.000,0.011,0.175,0.000,0.000,0.002,0.000,0.793,0.793
TCGA-DV-5568-01A,0.000,0.000,0.004,0.010,0.057,0.000,0.001,0.187,0.134,0.139,0.132,0.000,0.000,0.001,0.000,0.333,0.333
TCGA-B8-5162-01A,0.069,0.001,0.025,0.001,0.065,0.000,0.001,0.169,0.116,0.128,0.315,0.000,0.001,0.007,0.000,0.101,0.101
TCGA-AK-3460-01A,0.000,0.000,0.000,0.000,0.007,0.001,0.000,0.321,0.006,0.158,0.123,0.001,0.011,0.002,0.000,0.371,0.371
TCGA-CJ-5677-01A,0.004,0.000,0.005,0.000,0.005,0.000,0.003,0.110,0.219,0.057,0.224,0.000,0.001,0.001,0.000,0.371,0.371
TCGA-CZ-4866-01A,0.000,0.000,0.002,0.000,0.000,0.000,0.000,0.117,0.003,0.050,0.224,0.000,0.000,0.001,0.000,0.602,0.602
TCGA-B0-4817-01A,0.020,0.000,0.002,0.005,0.000,0.000,0.000,0.032,0.124,0.011,0.099,0.000,0.000,0.051,0.000,0.656,0.656
TCGA-CJ-6028-01A,0.026,0.000,0.040,0.003,0.086,0.000,0.001,0.169,0.073,0.090,0.194,0.001,0.000,0.012,0.000,0.302,0.302
TCGA-B2-4102-01A,0.001,0.000,0.030,0.001,0.006,0.001,0.031,0.248,0.000,0.120,0.177,0.006,0.019,0.012,0.000,0.348,0.348
TCGA-B0-4844-01A,0.002,0.000,0.020,0.018,0.014,0.000,0.000,0.069,0.101,0.079,0.096,0.000,0.001,0.001,0.000,0.598,0.598
TCGA-BP-5184-01A,0.000,0.000,0.001,0.000,0.027,0.000,0.000,0.268,0.057,0.200,0.142,0.000,0.007,0.003,0.000,0.294,0.294
TCGA-BP-5168-01A,0.000,0.000,0.001,0.000,0.010,0.000,0.001,0.337,0.000,0.200,0.087,0.000,0.000,0.001,0.000,0.363,0.363
TCGA-BP-4160-01A,0.003,0.000,0.009,0.014,0.097,0.000,0.002,0.179,0.057,0.096,0.214,0.001,0.000,0.002,0.000,0.326,0.326
TCGA-BP-5190-01A,0.000,0.000,0.000,0.002,0.000,0.000,0.000,0.110,0.032,0.082,0.132,0.000,0.000,0.000,0.000,0.641,0.641
TCGA-CW-6087-01A,0.002,0.000,0.037,0.094,0.060,0.000,0.001,0.035,0.057,0.008,0.356,0.002,0.001,0.020,0.000,0.326,0.326
TCGA-CZ-5465-01A,0.000,0.000,0.001,0.000,0.000,0.000,0.000,0.271,0.023,0.104,0.085,0.008,0.000,0.001,0.000,0.506,0.506
TCGA-BP-5202-01A,0.000,0.000,0.000,0.001,0.005,0.000,0.000,0.301,0.000,0.140,0.137,0.000,0.003,0.003,0.000,0.410,0.410
TCGA-B0-4847-01A,0.001,0.000,0.013,0.066,0.072,0.000,0.040,0.149,0.000,0.058,0.181,0.000,0.000,0.003,0.000,0.416,0.416
TCGA-B0-4712-01A,0.001,0.000,0.022,0.016,0.018,0.000,0.000,0.082,0.200,0.114,0.171,0.000,0.001,0.001,0.000,0.373,0.373
TCGA-BP-4352-01A,0.005,0.000,0.000,0.003,0.000,0.000,0.000,0.004,0.186,0.000,0.021,0.000,0.000,0.000,0.000,0.780,0.780
TCGA-BP-4787-01A,0.001,0.000,0.013,0.002,0.011,0.000,0.000,0.119,0.190,0.073,0.232,0.000,0.003,0.007,0.000,0.349,0.349
TCGA-CZ-5459-01A,0.000,0.000,0.008,0.002,0.027,0.000,0.000,0.198,0.044,0.088,0.129,0.000,0.001,0.002,0.000,0.501,0.501
TCGA-B0-4837-01A,0.000,0.000,0.002,0.000,0.005,0.001,0.000,0.200,0.146,0.174,0.096,0.000,0.006,0.002,0.000,0.368,0.368
TCGA-BP-4970-01A,0.000,0.000,0.017,0.002,0.032,0.001,0.020,0.260,0.119,0.140,0.172,0.003,0.001,0.011,0.000,0.223,0.223
TCGA-B0-5700-01A,0.000,0.000,0.003,0.000,0.009,0.002,0.000,0.305,0.002,0.094,0.115,0.000,0.000,0.001,0.000,0.468,0.468
TCGA-AK-3425-01A,0.002,0.000,0.011,0.002,0.044,0.000,0.013,0.164,0.116,0.095,0.232,0.000,0.001,0.001,0.000,0.318,0.318
TCGA-B2-5633-01A.1,0.000,0.000,0.029,0.001,0.019,0.001,0.023,0.255,0.031,0.141,0.159,0.007,0.006,0.006,0.000,0.321,0.321
TCGA-B0-5117-01A,0.000,0.000,0.000,0.000,0.000,0.000,0.000,0.069,0.000,0.120,0.052,0.000,0.000,0.000,0.000,0.758,0.758
TCGA-B0-5121-01A,0.000,0.000,0.000,0.000,0.005,0.003,0.000,0.420,0.000,0.293,0.079,0.000,0.005,0.002,0.000,0.192,0.192
TCGA-CJ-4881-01A,0.024,0.000,0.019,0.005,0.019,0.000,0.006,0.131,0.160,0.099,0.169,0.001,0.005,0.007,0.001,0.355,0.355
TCGA-AK-3436-01A,0.011,0.000,0.002,0.004,0.000,0.002,0.000,0.151,0.105,0.104,0.086,0.000,0.000,0.000,0.000,0.534,0.534
TCGA-BP-4964-01A,0.000,0.000,0.010,0.001,0.007,0.000,0.008,0.237,0.015,0.190,0.111,0.001,0.009,0.003,0.000,0.409,0.409
TCGA-BP-4760-01A,0.000,0.000,0.002,0.000,0.000,0.001,0.002,0.203,0.076,0.215,0.060,0.015,0.000,0.001,0.000,0.425,0.425
TCGA-B2-5635-01A,0.001,0.000,0.013,0.015,0.018,0.000,0.014,0.197,0.004,0.059,0.212,0.014,0.002,0.011,0.000,0.441,0.441
TCGA-A3-3325-01A,0.000,0.000,0.003,0.000,0.001,0.019,0.020,0.256,0.050,0.136,0.128,0.009,0.002,0.006,0.000,0.368,0.368
TCGA-B8-5159-01A,0.000,0.000,0.001,0.014,0.027,0.000,0.000,0.189,0.021,0.108,0.112,0.001,0.000,0.006,0.000,0.519,0.519
TCGA-MM-A563-01A,0.014,0.001,0.048,0.018,0.025,0.001,0.034,0.185,0.173,0.131,0.162,0.001,0.002,0.005,0.004,0.199,0.199
TCGA-A3-3343-01A,0.000,0.000,0.016,0.000,0.002,0.001,0.029,0.269,0.002,0.062,0.178,0.000,0.013,0.009,0.000,0.419,0.419
TCGA-BP-4163-01A,0.000,0.000,0.007,0.001,0.008,0.000,0.000,0.152,0.065,0.137,0.186,0.000,0.002,0.006,0.000,0.436,0.436
TCGA-B0-5092-01A,0.006,0.000,0.052,0.062,0.076,0.000,0.024,0.131,0.040,0.147,0.119,0.001,0.001,0.004,0.000,0.337,0.337
TCGA-BP-4174-01A,0.009,0.000,0.013,0.000,0.017,0.000,0.000,0.097,0.042,0.083,0.192,0.001,0.000,0.004,0.000,0.541,0.541
TCGA-BP-4986-01A,0.007,0.000,0.029,0.005,0.003,0.003,0.007,0.211,0.199,0.124,0.148,0.006,0.009,0.009,0.000,0.240,0.240
TCGA-B0-4696-01A,0.000,0.000,0.000,0.001,0.000,0.000,0.000,0.033,0.474,0.012,0.054,0.000,0.000,0.001,0.000,0.424,0.424
TCGA-CZ-4856-01A,0.006,0.000,0.012,0.001,0.040,0.000,0.003,0.307,0.002,0.161,0.127,0.000,0.006,0.001,0.000,0.333,0.333
TCGA-CJ-4873-01A,0.016,0.000,0.018,0.009,0.039,0.000,0.015,0.086,0.098,0.053,0.289,0.000,0.002,0.001,0.000,0.372,0.372
TCGA-B0-5693-01A,0.000,0.000,0.000,0.000,0.000,0.000,0.000,0.391,0.000,0.192,0.073,0.007,0.003,0.006,0.000,0.326,0.326
TCGA-AK-3451-01A,0.008,0.000,0.000,0.000,0.032,0.000,0.005,0.096,0.022,0.049,0.146,0.000,0.000,0.000,0.000,0.641,0.641
TCGA-BP-4762-01A,0.002,0.000,0.007,0.001,0.016,0.023,0.012,0.226,0.189,0.146,0.151,0.006,0.002,0.003,0.000,0.215,0.215
TCGA-AS-3778-01A,0.000,0.000,0.008,0.002,0.006,0.003,0.003,0.255,0.045,0.164,0.117,0.002,0.003,0.007,0.000,0.385,0.385
TCGA-CZ-5457-01A,0.010,0.000,0.000,0.000,0.020,0.000,0.000,0.283,0.003,0.108,0.174,0.000,0.001,0.002,0.000,0.398,0.398
TCGA-B2-5639-01A,0.007,0.000,0.011,0.003,0.000,0.000,0.022,0.114,0.032,0.032,0.180,0.000,0.003,0.003,0.000,0.591,0.591
TCGA-B0-4811-01A,0.000,0.000,0.000,0.001,0.000,0.000,0.004,0.205,0.027,0.192,0.064,0.000,0.002,0.000,0.000,0.506,0.506
TCGA-CJ-4899-01A,0.001,0.000,0.009,0.001,0.016,0.022,0.002,0.299,0.033,0.251,0.132,0.019,0.001,0.008,0.000,0.206,0.206
TCGA-B0-5096-01A,0.018,0.000,0.002,0.000,0.003,0.000,0.000,0.067,0.159,0.041,0.239,0.000,0.000,0.002,0.000,0.468,0.468
TCGA-BP-4331-01A,0.000,0.000,0.020,0.001,0.014,0.000,0.017,0.233,0.003,0.132,0.173,0.002,0.001,0.009,0.000,0.396,0.396
TCGA-B0-4693-01A,0.016,0.000,0.008,0.003,0.042,0.000,0.000,0.264,0.000,0.126,0.120,0.002,0.007,0.010,0.000,0.401,0.401
TCGA-CJ-4637-01A,0.034,0.000,0.053,0.068,0.079,0.000,0.020,0.080,0.082,0.044,0.225,0.001,0.001,0.007,0.001,0.304,0.304
TCGA-CJ-4916-01A,0.007,0.001,0.020,0.042,0.092,0.000,0.002,0.219,0.011,0.104,0.237,0.000,0.001,0.006,0.000,0.259,0.259
TCGA-CW-5591-01A,0.000,0.000,0.003,0.000,0.000,0.004,0.000,0.150,0.145,0.058,0.068,0.000,0.001,0.004,0.000,0.567,0.567
TCGA-BP-5008-01A,0.000,0.000,0.004,0.004,0.043,0.041,0.011,0.243,0.070,0.211,0.116,0.011,0.001,0.012,0.000,0.232,0.232
TCGA-CJ-4903-01A,0.005,0.000,0.001,0.004,0.027,0.000,0.010,0.226,0.076,0.093,0.173,0.001,0.001,0.003,0.000,0.380,0.380
TCGA-B0-4714-01A,0.000,0.000,0.004,0.049,0.048,0.000,0.011,0.254,0.004,0.163,0.163,0.000,0.041,0.006,0.000,0.257,0.257
TCGA-B8-5550-01A,0.000,0.000,0.011,0.001,0.017,0.000,0.000,0.182,0.167,0.120,0.156,0.001,0.001,0.003,0.000,0.341,0.341
TCGA-B0-5094-01A,0.005,0.000,0.011,0.013,0.000,0.000,0.000,0.087,0.069,0.078,0.099,0.003,0.015,0.008,0.000,0.611,0.611
TCGA-CJ-4920-01A,0.000,0.000,0.005,0.005,0.000,0.000,0.000,0.255,0.102,0.164,0.116,0.004,0.003,0.007,0.000,0.337,0.337
TCGA-A3-3346-01A,0.004,0.000,0.014,0.026,0.001,0.000,0.000,0.023,0.083,0.003,0.204,0.000,0.000,0.004,0.000,0.638,0.638
TCGA-CJ-4885-01A,0.000,0.000,0.000,0.000,0.001,0.000,0.001,0.228,0.037,0.121,0.087,0.000,0.000,0.001,0.000,0.524,0.524
TCGA-B0-5707-01A,0.000,0.000,0.001,0.003,0.000,0.000,0.010,0.029,0.056,0.007,0.093,0.005,0.000,0.002,0.000,0.793,0.793
TCGA-CJ-4872-01A,0.005,0.000,0.007,0.001,0.014,0.009,0.010,0.283,0.127,0.222,0.117,0.001,0.012,0.004,0.000,0.188,0.188
TCGA-BP-5181-01A,0.000,0.000,0.009,0.000,0.002,0.000,0.001,0.280,0.013,0.168,0.104,0.000,0.009,0.002,0.000,0.410,0.410
TCGA-BP-4777-01A,0.006,0.006,0.028,0.010,0.085,0.000,0.009,0.142,0.003,0.104,0.276,0.001,0.001,0.002,0.000,0.329,0.329
TCGA-BP-4982-01A,0.000,0.000,0.008,0.003,0.012,0.000,0.001,0.299,0.045,0.214,0.134,0.006,0.011,0.015,0.000,0.250,0.250
TCGA-CZ-4857-01A,0.000,0.000,0.020,0.008,0.012,0.001,0.000,0.118,0.148,0.104,0.170,0.000,0.003,0.005,0.000,0.411,0.411
TCGA-A3-3349-01A,0.000,0.000,0.012,0.001,0.001,0.000,0.000,0.356,0.109,0.192,0.101,0.009,0.019,0.010,0.000,0.188,0.188
TCGA-B0-5711-01A,0.002,0.000,0.014,0.005,0.005,0.001,0.009,0.326,0.020,0.158,0.107,0.008,0.009,0.007,0.000,0.329,0.329
TCGA-GK-A6C7-01A,0.000,0.000,0.003,0.003,0.001,0.000,0.008,0.432,0.004,0.159,0.068,0.002,0.017,0.004,0.000,0.297,0.297
TCGA-BP-5192-01A,0.000,0.000,0.000,0.000,0.000,0.000,0.001,0.323,0.000,0.176,0.076,0.001,0.000,0.001,0.000,0.422,0.422
TCGA-CZ-5988-01A,0.000,0.000,0.008,0.015,0.009,0.000,0.000,0.307,0.093,0.149,0.081,0.005,0.001,0.004,0.000,0.328,0.328
TCGA-B0-4718-01A,0.001,0.000,0.001,0.002,0.017,0.000,0.004,0.287,0.044,0.218,0.090,0.004,0.002,0.002,0.000,0.328,0.328
TCGA-BP-4969-01A,0.000,0.000,0.000,0.000,0.000,0.000,0.000,0.313,0.000,0.107,0.084,0.000,0.003,0.000,0.000,0.492,0.492
TCGA-CW-5588-01A,0.000,0.000,0.003,0.000,0.013,0.000,0.000,0.209,0.158,0.119,0.198,0.001,0.002,0.004,0.000,0.291,0.291
TCGA-CZ-4864-01A,0.000,0.000,0.031,0.035,0.065,0.000,0.007,0.229,0.001,0.092,0.230,0.001,0.001,0.010,0.000,0.299,0.299
TCGA-BP-4973-01A,0.000,0.000,0.012,0.003,0.039,0.000,0.008,0.237,0.001,0.128,0.132,0.002,0.000,0.010,0.000,0.426,0.426
TCGA-DV-5573-01A,0.003,0.000,0.020,0.038,0.086,0.000,0.016,0.142,0.043,0.082,0.170,0.001,0.001,0.003,0.000,0.396,0.396
TCGA-BP-4960-01A,0.010,0.000,0.005,0.000,0.005,0.000,0.000,0.220,0.122,0.217,0.176,0.000,0.002,0.001,0.000,0.239,0.239
TCGA-B0-5694-01A,0.000,0.000,0.003,0.000,0.000,0.002,0.004,0.284,0.064,0.113,0.123,0.000,0.013,0.001,0.000,0.393,0.393
TCGA-BP-4993-01A,0.000,0.000,0.000,0.000,0.025,0.000,0.000,0.403,0.010,0.232,0.094,0.001,0.006,0.003,0.000,0.224,0.224
TCGA-B0-4833-01A,0.004,0.000,0.031,0.010,0.053,0.000,0.004,0.256,0.000,0.154,0.096,0.003,0.003,0.003,0.000,0.380,0.380
TCGA-CJ-4884-01A,0.006,0.000,0.007,0.023,0.018,0.000,0.002,0.183,0.003,0.089,0.242,0.000,0.000,0.002,0.000,0.423,0.423
TCGA-B0-5107-01A,0.000,0.000,0.001,0.035,0.035,0.000,0.002,0.007,0.008,0.002,0.133,0.000,0.000,0.000,0.000,0.777,0.777
TCGA-B0-5106-01A,0.004,0.000,0.006,0.004,0.022,0.000,0.013,0.288,0.060,0.156,0.164,0.007,0.007,0.010,0.000,0.259,0.259
TCGA-BP-4781-01A,0.000,0.000,0.006,0.000,0.007,0.001,0.000,0.163,0.110,0.060,0.184,0.007,0.000,0.002,0.000,0.462,0.462
TCGA-B0-4821-01A,0.008,0.000,0.006,0.033,0.019,0.000,0.000,0.089,0.147,0.115,0.039,0.000,0.013,0.001,0.000,0.529,0.529
TCGA-B0-4818-01A,0.044,0.000,0.023,0.003,0.012,0.000,0.001,0.312,0.000,0.176,0.090,0.000,0.012,0.008,0.000,0.318,0.318
TCGA-CZ-5461-01A,0.000,0.000,0.015,0.001,0.009,0.001,0.015,0.225,0.089,0.128,0.140,0.004,0.003,0.003,0.000,0.367,0.367
TCGA-A3-3385-01A,0.000,0.000,0.000,0.000,0.000,0.000,0.000,0.096,0.000,0.052,0.118,0.000,0.000,0.001,0.000,0.732,0.732
TCGA-B0-5709-01A,0.006,0.007,0.028,0.010,0.051,0.001,0.039,0.189,0.161,0.136,0.176,0.004,0.002,0.011,0.001,0.180,0.180
TCGA-BP-4771-01A,0.001,0.000,0.050,0.041,0.112,0.000,0.024,0.185,0.052,0.123,0.206,0.002,0.001,0.013,0.000,0.188,0.188
TCGA-BP-4327-01A,0.003,0.000,0.003,0.001,0.006,0.000,0.000,0.283,0.043,0.110,0.100,0.000,0.009,0.002,0.000,0.440,0.440
TCGA-B0-5710-01A,0.000,0.000,0.010,0.001,0.008,0.000,0.010,0.508,0.048,0.155,0.062,0.003,0.005,0.008,0.000,0.183,0.183
TCGA-B4-5834-01A,0.000,0.000,0.004,0.000,0.002,0.001,0.001,0.494,0.046,0.154,0.061,0.004,0.008,0.004,0.000,0.222,0.222
TCGA-DV-5576-01A,0.000,0.000,0.002,0.000,0.000,0.001,0.000,0.287,0.009,0.182,0.034,0.003,0.001,0.002,0.000,0.480,0.480
TCGA-AK-3443-01A,0.000,0.000,0.000,0.000,0.000,0.000,0.000,0.054,0.001,0.080,0.030,0.000,0.000,0.000,0.000,0.835,0.835
TCGA-BP-5009-01A,0.002,0.000,0.002,0.001,0.020,0.000,0.000,0.217,0.077,0.125,0.196,0.000,0.000,0.001,0.000,0.358,0.358
TCGA-BP-4173-01A,0.002,0.000,0.034,0.045,0.096,0.001,0.057,0.136,0.083,0.146,0.241,0.002,0.001,0.025,0.000,0.130,0.130
TCGA-B0-4845-01A,0.000,0.000,0.000,0.000,0.001,0.021,0.002,0.336,0.000,0.199,0.045,0.002,0.000,0.004,0.000,0.389,0.389
TCGA-B0-5812-01A,0.000,0.000,0.007,0.001,0.014,0.001,0.008,0.365,0.092,0.171,0.096,0.004,0.012,0.007,0.000,0.222,0.222
TCGA-B4-5378-01A,0.000,0.000,0.001,0.000,0.000,0.001,0.000,0.338,0.001,0.253,0.044,0.015,0.006,0.005,0.000,0.334,0.334
TCGA-CZ-4858-01A,0.011,0.000,0.036,0.059,0.053,0.000,0.000,0.038,0.153,0.029,0.140,0.000,0.001,0.003,0.000,0.475,0.475
TCGA-BP-4768-01A,0.000,0.000,0.000,0.001,0.004,0.000,0.000,0.151,0.018,0.083,0.117,0.000,0.000,0.002,0.000,0.624,0.624
TCGA-A3-3363-01A,0.000,0.000,0.000,0.001,0.000,0.000,0.002,0.024,0.018,0.000,0.150,0.013,0.000,0.002,0.000,0.789,0.789
TCGA-CJ-4893-01A,0.003,0.000,0.016,0.001,0.055,0.000,0.002,0.319,0.002,0.129,0.133,0.002,0.001,0.004,0.000,0.332,0.332
TCGA-BP-5195-01A,0.000,0.000,0.007,0.000,0.011,0.000,0.000,0.302,0.086,0.172,0.148,0.000,0.005,0.004,0.000,0.263,0.263
TCGA-B0-5712-01A,0.000,0.000,0.001,0.009,0.003,0.000,0.000,0.154,0.019,0.062,0.072,0.000,0.000,0.001,0.000,0.679,0.679
TCGA-AK-3426-01A,0.000,0.000,0.028,0.059,0.064,0.001,0.059,0.054,0.165,0.100,0.338,0.000,0.001,0.004,0.000,0.126,0.126
TCGA-B2-5635-01A.1,0.001,0.000,0.013,0.015,0.018,0.000,0.014,0.197,0.004,0.059,0.212,0.014,0.002,0.011,0.000,0.441,0.441
TCGA-CZ-5987-01A,0.002,0.000,0.011,0.008,0.001,0.000,0.001,0.075,0.068,0.058,0.160,0.000,0.001,0.001,0.000,0.615,0.615
TCGA-A3-3319-01A,0.015,0.000,0.000,0.015,0.001,0.000,0.000,0.042,0.078,0.013,0.184,0.000,0.000,0.005,0.000,0.644,0.644
TCGA-BP-4804-01A,0.003,0.000,0.035,0.008,0.062,0.001,0.018,0.188,0.130,0.184,0.177,0.002,0.001,0.003,0.000,0.189,0.189
TCGA-CJ-4891-01A,0.009,0.000,0.005,0.000,0.006,0.000,0.000,0.058,0.179,0.106,0.244,0.000,0.000,0.008,0.001,0.382,0.382
TCGA-A3-3326-01A,0.003,0.001,0.031,0.002,0.012,0.017,0.054,0.232,0.000,0.111,0.176,0.010,0.008,0.012,0.000,0.330,0.330
TCGA-BP-4959-01A,0.000,0.000,0.003,0.000,0.012,0.004,0.004,0.120,0.035,0.060,0.291,0.001,0.000,0.001,0.000,0.469,0.469
TCGA-BP-4332-01A,0.000,0.000,0.001,0.000,0.004,0.011,0.000,0.297,0.020,0.161,0.104,0.001,0.002,0.002,0.000,0.395,0.395
TCGA-CJ-5682-01A,0.003,0.000,0.002,0.004,0.006,0.000,0.003,0.221,0.221,0.194,0.073,0.000,0.011,0.004,0.000,0.258,0.258
TCGA-B0-4814-01A,0.011,0.000,0.004,0.000,0.001,0.001,0.000,0.220,0.029,0.191,0.084,0.000,0.005,0.006,0.000,0.448,0.448
TCGA-B0-4842-01A,0.032,0.000,0.024,0.001,0.033,0.000,0.000,0.064,0.148,0.047,0.233,0.000,0.001,0.005,0.000,0.411,0.411
TCGA-CW-5583-01A,0.000,0.000,0.006,0.001,0.002,0.002,0.001,0.307,0.025,0.195,0.074,0.005,0.012,0.010,0.000,0.361,0.361
TCGA-B8-4154-01A,0.000,0.000,0.002,0.000,0.010,0.000,0.005,0.218,0.000,0.106,0.138,0.000,0.011,0.001,0.000,0.508,0.508
TCGA-CW-5584-01A,0.000,0.000,0.005,0.000,0.000,0.000,0.003,0.272,0.036,0.157,0.161,0.001,0.002,0.008,0.000,0.355,0.355
TCGA-B0-4813-01A,0.000,0.000,0.002,0.000,0.000,0.003,0.000,0.150,0.088,0.162,0.054,0.000,0.000,0.001,0.000,0.539,0.539
TCGA-EU-5905-01A,0.000,0.000,0.017,0.003,0.003,0.001,0.012,0.212,0.167,0.100,0.120,0.006,0.007,0.003,0.000,0.348,0.348
TCGA-BP-4342-01A,0.000,0.001,0.022,0.010,0.004,0.018,0.002,0.192,0.095,0.207,0.105,0.002,0.009,0.004,0.000,0.329,0.329
TCGA-BP-4776-01A,0.032,0.000,0.001,0.003,0.009,0.000,0.000,0.375,0.000,0.264,0.064,0.000,0.003,0.001,0.000,0.246,0.246
TCGA-AK-3431-01A,0.000,0.000,0.003,0.000,0.002,0.004,0.001,0.343,0.149,0.222,0.080,0.000,0.008,0.004,0.002,0.181,0.181
TCGA-BP-4974-01A,0.000,0.000,0.006,0.010,0.012,0.027,0.006,0.425,0.004,0.264,0.055,0.002,0.002,0.009,0.000,0.176,0.176
TCGA-BP-4976-01A,0.000,0.000,0.003,0.000,0.000,0.000,0.000,0.252,0.000,0.132,0.107,0.001,0.001,0.002,0.000,0.501,0.501
TCGA-CZ-5452-01A,0.020,0.001,0.049,0.004,0.108,0.000,0.018,0.112,0.002,0.019,0.247,0.000,0.000,0.003,0.000,0.419,0.419
TCGA-CZ-4863-01A,0.001,0.000,0.022,0.030,0.087,0.000,0.011,0.198,0.001,0.138,0.155,0.001,0.001,0.009,0.000,0.344,0.344
