,Plasma B cells,Non-plasma B cells,CD4 T,CD8 T effector,CD8 T (GZMK high),Double-neg-like T,DC,Endothelial Cells,CAFs,Myofibroblasts,Macrophages,Mast Cells,NK,Neutrophils,Monocytes,1-others,Cancer Cells
TCGA-BP-4766-01A,0.004,0.002,0.001,0.000,0.000,0.009,0.001,0.226,0.002,0.113,0.132,0.003,0.007,0.006,0.001,0.493,0.493
TCGA-A3-3352-01A,0.001,0.006,0.003,0.000,0.000,0.022,0.012,0.249,0.005,0.078,0.128,0.007,0.016,0.000,0.001,0.475,0.475
TCGA-G6-A8L7-01A,0.023,0.000,0.005,0.009,0.012,0.000,0.000,0.034,0.040,0.090,0.026,0.002,0.004,0.000,0.000,0.755,0.755
TCGA-A3-A6NN-01A,0.000,0.000,0.008,0.000,0.000,0.007,0.015,0.330,0.085,0.049,0.139,0.003,0.026,0.003,0.000,0.333,0.333
TCGA-T7-A92I-01A,0.015,0.000,0.005,0.000,0.013,0.000,0.007,0.056,0.022,0.021,0.207,0.001,0.000,0.000,0.000,0.651,0.651
TCGA-B0-5713-01A,0.000,0.006,0.003,0.008,0.005,0.000,0.004,0.337,0.019,0.112,0.095,0.002,0.009,0.001,0.001,0.398,0.398
TCGA-CZ-4860-01A,0.000,0.002,0.007,0.001,0.017,0.000,0.000,0.037,0.153,0.009,0.161,0.001,0.000,0.000,0.000,0.613,0.613
TCGA-A3-3351-01A,0.003,0.011,0.021,0.007,0.053,0.000,0.054,0.222,0.038,0.095,0.194,0.010,0.000,0.010,0.000,0.281,0.281
TCGA-B8-4148-01A,0.007,0.004,0.010,0.044,0.050,0.000,0.046,0.231,0.010,0.090,0.172,0.006,0.009,0.002,0.000,0.320,0.320
TCGA-BP-4345-01A,0.001,0.002,0.020,0.000,0.018,0.000,0.014,0.223,0.249,0.242,0.167,0.004,0.003,0.002,0.000,0.056,0.056
TCGA-BP-5010-01A,0.001,0.001,0.004,0.007,0.020,0.000,0.004,0.197,0.244,0.256,0.066,0.000,0.001,0.000,0.000,0.198,0.198
TCGA-BP-4325-01A,0.001,0.006,0.000,0.018,0.040,0.000,0.001,0.168,0.002,0.056,0.199,0.003,0.004,0.000,0.000,0.502,0.502
TCGA-B0-5102-01A,0.008,0.002,0.004,0.001,0.021,0.000,0.003,0.154,0.023,0.065,0.133,0.000,0.002,0.000,0.000,0.585,0.585
TCGA-BP-5185-01A,0.000,0.000,0.000,0.013,0.000,0.000,0.000,0.068,0.050,0.087,0.102,0.001,0.000,0.000,0.000,0.678,0.678
TCGA-CZ-5986-01A,0.000,0.009,0.001,0.001,0.000,0.010,0.032,0.224,0.024,0.088,0.114,0.008,0.005,0.002,0.000,0.482,0.482
TCGA-CW-5590-01A,0.000,0.001,0.010,0.006,0.004,0.005,0.006,0.227,0.071,0.106,0.133,0.003,0.005,0.000,0.000,0.422,0.422
TCGA-CJ-4904-01A,0.001,0.001,0.002,0.003,0.014,0.002,0.015,0.385,0.046,0.155,0.123,0.004,0.003,0.000,0.000,0.246,0.246
TCGA-BP-4987-01A,0.000,0.012,0.000,0.005,0.022,0.000,0.009,0.290,0.021,0.112,0.135,0.007,0.013,0.001,0.000,0.373,0.373
TCGA-B0-4849-01A,0.000,0.003,0.007,0.008,0.004,0.000,0.014,0.261,0.004,0.201,0.088,0.006,0.006,0.001,0.008,0.389,0.389
TCGA-BP-4329-01A,0.000,0.000,0.006,0.000,0.000,0.011,0.013,0.261,0.051,0.133,0.137,0.003,0.007,0.000,0.001,0.377,0.377
TCGA-A3-3328-01A,0.000,0.002,0.001,0.000,0.000,0.000,0.000,0.042,0.000,0.001,0.017,0.001,0.000,0.000,0.000,0.936,0.936
TCGA-CJ-5672-01A,0.016,0.002,0.021,0.014,0.047,0.000,0.046,0.175,0.040,0.067,0.241,0.003,0.002,0.000,0.000,0.326,0.326
TCGA-B0-5104-01A,0.001,0.008,0.003,0.003,0.000,0.004,0.008,0.226,0.003,0.105,0.092,0.004,0.000,0.005,0.010,0.525,0.525
TCGA-CW-6097-01A,0.012,0.023,0.022,0.000,0.024,0.017,0.045,0.201,0.125,0.077,0.176,0.004,0.000,0.004,0.000,0.272,0.272
TCGA-B0-4700-01A,0.020,0.001,0.028,0.013,0.051,0.001,0.013,0.133,0.174,0.113,0.189,0.003,0.004,0.000,0.000,0.256,0.256
TCGA-B0-5095-01A,0.004,0.008,0.010,0.001,0.018,0.001,0.010,0.193,0.266,0.194,0.086,0.006,0.003,0.006,0.001,0.192,0.192
TCGA-B0-4810-01A,0.008,0.001,0.015,0.015,0.024,0.000,0.003,0.217,0.084,0.164,0.153,0.004,0.007,0.000,0.001,0.303,0.303
TCGA-CJ-4901-01A,0.041,0.001,0.020,0.033,0.056,0.000,0.015,0.158,0.065,0.080,0.226,0.001,0.010,0.003,0.000,0.288,0.288
TCGA-CJ-4643-01A,0.004,0.004,0.010,0.004,0.013,0.001,0.029,0.308,0.040,0.182,0.124,0.005,0.005,0.004,0.001,0.270,0.270
TCGA-B8-A54H-01A,0.001,0.002,0.003,0.006,0.032,0.000,0.004,0.324,0.037,0.084,0.102,0.002,0.005,0.000,0.000,0.397,0.397
TCGA-AK-3429-01A,0.006,0.001,0.015,0.018,0.049,0.000,0.036,0.204,0.002,0.081,0.136,0.004,0.000,0.000,0.000,0.448,0.448
TCGA-B0-4834-01A,0.000,0.000,0.000,0.000,0.000,0.000,0.000,0.144,0.000,0.069,0.042,0.001,0.000,0.000,0.000,0.743,0.743
TCGA-B0-4843-01A,0.000,0.001,0.010,0.000,0.000,0.001,0.012,0.189,0.162,0.267,0.069,0.006,0.004,0.000,0.001,0.277,0.277
TCGA-A3-3382-01A,0.000,0.001,0.008,0.005,0.013,0.008,0.000,0.146,0.050,0.085,0.136,0.002,0.004,0.000,0.000,0.541,0.541
TCGA-BP-4338-01A,0.005,0.000,0.007,0.001,0.002,0.001,0.000,0.048,0.022,0.020,0.164,0.003,0.001,0.000,0.000,0.726,0.726
TCGA-B4-5832-01A,0.003,0.000,0.000,0.000,0.002,0.000,0.000,0.200,0.043,0.087,0.054,0.012,0.000,0.003,0.000,0.594,0.594
TCGA-CW-6088-01A,0.000,0.001,0.002,0.000,0.000,0.001,0.010,0.379,0.047,0.100,0.075,0.008,0.007,0.002,0.002,0.366,0.366
TCGA-A3-A6NJ-01A,0.006,0.002,0.010,0.012,0.041,0.000,0.013,0.266,0.041,0.049,0.196,0.002,0.005,0.000,0.000,0.355,0.355
TCGA-B0-5088-01A,0.002,0.012,0.009,0.001,0.012,0.009,0.011,0.186,0.062,0.143,0.216,0.006,0.006,0.000,0.000,0.327,0.327
TCGA-A3-3308-01A,0.002,0.003,0.009,0.000,0.003,0.001,0.010,0.256,0.119,0.135,0.140,0.002,0.003,0.001,0.000,0.313,0.313
TCGA-CW-5589-01A,0.003,0.001,0.009,0.000,0.000,0.010,0.018,0.307,0.056,0.109,0.149,0.005,0.008,0.001,0.000,0.325,0.325
TCGA-B0-5702-01A,0.003,0.001,0.016,0.004,0.000,0.000,0.002,0.113,0.105,0.058,0.107,0.006,0.006,0.000,0.000,0.579,0.579
TCGA-BP-4169-01A,0.009,0.012,0.009,0.002,0.014,0.012,0.024,0.285,0.113,0.191,0.106,0.007,0.002,0.009,0.025,0.178,0.178
TCGA-CZ-5468-01A,0.000,0.000,0.010,0.000,0.012,0.000,0.000,0.113,0.052,0.051,0.171,0.001,0.003,0.000,0.000,0.587,0.587
TCGA-A3-3313-01A,0.007,0.001,0.000,0.000,0.000,0.000,0.000,0.073,0.020,0.054,0.153,0.000,0.000,0.000,0.000,0.693,0.693
TCGA-BP-4782-01A,0.000,0.001,0.014,0.002,0.013,0.001,0.000,0.214,0.060,0.099,0.178,0.002,0.008,0.000,0.000,0.406,0.406
TCGA-3Z-A93Z-01A,0.009,0.001,0.008,0.006,0.001,0.001,0.007,0.248,0.080,0.093,0.082,0.002,0.007,0.000,0.001,0.455,0.455
TCGA-CZ-5454-01A,0.000,0.001,0.003,0.001,0.002,0.019,0.000,0.168,0.023,0.042,0.343,0.003,0.002,0.000,0.000,0.392,0.392
TCGA-A3-3358-01A,0.024,0.002,0.013,0.007,0.021,0.003,0.019,0.161,0.038,0.054,0.227,0.007,0.004,0.001,0.000,0.417,0.417
TCGA-CJ-6031-01A,0.006,0.001,0.017,0.001,0.024,0.001,0.011,0.179,0.184,0.142,0.232,0.004,0.004,0.000,0.000,0.193,0.193
TCGA-BP-4790-01A,0.009,0.004,0.020,0.000,0.041,0.010,0.035,0.254,0.123,0.105,0.165,0.006,0.000,0.003,0.000,0.226,0.226
TCGA-B0-5699-01A,0.000,0.001,0.008,0.000,0.000,0.003,0.033,0.236,0.002,0.066,0.116,0.001,0.015,0.000,0.000,0.518,0.518
TCGA-CJ-4635-01A,0.005,0.011,0.011,0.009,0.045,0.000,0.009,0.175,0.061,0.061,0.188,0.009,0.000,0.000,0.000,0.413,0.413
TCGA-A3-A8CQ-01A,0.001,0.002,0.002,0.002,0.001,0.003,0.019,0.313,0.055,0.139,0.085,0.005,0.004,0.004,0.000,0.363,0.363
TCGA-AK-3447-01A,0.000,0.000,0.002,0.000,0.000,0.000,0.000,0.023,0.000,0.014,0.026,0.007,0.000,0.000,0.000,0.928,0.928
TCGA-BP-4159-01A,0.000,0.000,0.000,0.000,0.000,0.001,0.003,0.267,0.038,0.243,0.101,0.002,0.010,0.000,0.002,0.334,0.334
TCGA-B0-5698-01A,0.004,0.001,0.020,0.003,0.019,0.000,0.023,0.250,0.000,0.060,0.183,0.002,0.000,0.001,0.001,0.431,0.431
TCGA-A3-A8OU-01A,0.012,0.001,0.004,0.005,0.003,0.000,0.019,0.237,0.072,0.078,0.114,0.004,0.008,0.001,0.000,0.441,0.441
TCGA-A3-3380-01A,0.000,0.001,0.007,0.000,0.000,0.020,0.010,0.317,0.041,0.172,0.108,0.007,0.009,0.000,0.000,0.307,0.307
TCGA-BP-4998-01A,0.008,0.002,0.013,0.002,0.029,0.001,0.042,0.251,0.111,0.110,0.156,0.006,0.004,0.002,0.001,0.261,0.261
TCGA-A3-3383-01A,0.002,0.001,0.008,0.013,0.011,0.000,0.036,0.183,0.019,0.079,0.164,0.006,0.008,0.000,0.001,0.470,0.470
TCGA-BP-4353-01A,0.000,0.001,0.008,0.001,0.034,0.004,0.000,0.359,0.056,0.113,0.223,0.007,0.002,0.001,0.000,0.191,0.191
TCGA-CJ-5686-01A,0.007,0.001,0.013,0.001,0.018,0.002,0.016,0.193,0.070,0.061,0.175,0.002,0.002,0.003,0.000,0.435,0.435
TCGA-EU-5907-01A,0.001,0.003,0.002,0.000,0.000,0.001,0.000,0.118,0.051,0.034,0.088,0.002,0.000,0.000,0.000,0.700,0.700
TCGA-B0-4703-01A,0.001,0.001,0.014,0.016,0.033,0.000,0.021,0.225,0.263,0.140,0.100,0.008,0.000,0.003,0.000,0.173,0.173
TCGA-B0-5119-01A,0.000,0.002,0.003,0.009,0.019,0.000,0.000,0.306,0.022,0.117,0.102,0.002,0.005,0.001,0.000,0.410,0.410
TCGA-B0-4822-01A,0.015,0.001,0.007,0.001,0.020,0.000,0.000,0.224,0.062,0.135,0.224,0.002,0.005,0.000,0.000,0.304,0.304
TCGA-B4-5835-01A,0.000,0.000,0.000,0.008,0.010,0.000,0.000,0.030,0.018,0.010,0.285,0.004,0.000,0.000,0.000,0.636,0.636
TCGA-CZ-5460-01A,0.013,0.001,0.019,0.002,0.026,0.001,0.008,0.185,0.000,0.085,0.168,0.003,0.000,0.000,0.000,0.488,0.488
TCGA-B2-3924-01A,0.011,0.001,0.010,0.027,0.052,0.000,0.017,0.203,0.002,0.052,0.254,0.009,0.000,0.002,0.000,0.359,0.359
TCGA-CJ-4870-01A,0.000,0.000,0.004,0.000,0.000,0.001,0.000,0.318,0.000,0.156,0.084,0.008,0.004,0.000,0.004,0.420,0.420
TCGA-B8-4619-01A,0.002,0.001,0.004,0.000,0.000,0.001,0.000,0.111,0.000,0.074,0.053,0.006,0.000,0.000,0.000,0.748,0.748
TCGA-BP-5201-01A,0.008,0.002,0.012,0.027,0.034,0.000,0.021,0.159,0.020,0.097,0.156,0.003,0.000,0.000,0.000,0.461,0.461
TCGA-B8-A54J-01A,0.002,0.003,0.007,0.007,0.016,0.000,0.005,0.369,0.027,0.143,0.105,0.005,0.006,0.000,0.002,0.305,0.305
TCGA-CZ-5456-01A,0.026,0.000,0.011,0.001,0.011,0.001,0.000,0.081,0.093,0.031,0.201,0.000,0.007,0.000,0.000,0.534,0.534
TCGA-B0-4688-01A,0.004,0.000,0.004,0.015,0.000,0.001,0.000,0.034,0.246,0.000,0.124,0.005,0.002,0.001,0.000,0.562,0.562
TCGA-A3-3317-01A,0.003,0.009,0.010,0.000,0.027,0.001,0.034,0.165,0.108,0.121,0.127,0.005,0.002,0.000,0.000,0.388,0.388
TCGA-B0-5400-01A,0.021,0.001,0.009,0.002,0.006,0.000,0.000,0.057,0.130,0.107,0.175,0.002,0.010,0.001,0.000,0.479,0.479
TCGA-G6-A5PC-01A,0.000,0.000,0.002,0.011,0.007,0.000,0.000,0.066,0.000,0.032,0.153,0.001,0.000,0.000,0.000,0.728,0.728
TCGA-B0-5100-01A,0.000,0.000,0.008,0.000,0.000,0.000,0.003,0.161,0.226,0.359,0.010,0.002,0.011,0.000,0.001,0.219,0.219
TCGA-CW-5585-01A,0.000,0.001,0.003,0.000,0.000,0.000,0.001,0.297,0.027,0.121,0.061,0.000,0.008,0.000,0.001,0.480,0.480
TCGA-BP-4343-01A,0.014,0.000,0.020,0.001,0.024,0.001,0.008,0.135,0.171,0.087,0.238,0.005,0.008,0.000,0.000,0.288,0.288
TCGA-B2-5636-01A,0.007,0.001,0.008,0.000,0.000,0.010,0.004,0.406,0.081,0.112,0.058,0.007,0.006,0.008,0.002,0.291,0.291
TCGA-B0-5081-01A,0.051,0.001,0.041,0.021,0.069,0.001,0.054,0.139,0.084,0.152,0.199,0.004,0.000,0.000,0.000,0.184,0.184
TCGA-CW-5580-01A,0.000,0.000,0.008,0.000,0.000,0.001,0.007,0.240,0.043,0.111,0.119,0.004,0.005,0.003,0.003,0.455,0.455
TCGA-B2-3924-01A.1,0.011,0.001,0.010,0.027,0.052,0.000,0.017,0.203,0.002,0.052,0.254,0.009,0.000,0.002,0.000,0.359,0.359
TCGA-CJ-6027-01A,0.016,0.002,0.016,0.030,0.034,0.000,0.001,0.059,0.045,0.048,0.232,0.001,0.011,0.000,0.000,0.504,0.504
TCGA-B0-5075-01A,0.003,0.006,0.003,0.006,0.024,0.001,0.001,0.056,0.002,0.041,0.330,0.001,0.000,0.000,0.000,0.524,0.524
TCGA-BP-5200-01A,0.007,0.002,0.013,0.004,0.036,0.002,0.007,0.296,0.119,0.109,0.147,0.005,0.000,0.003,0.001,0.251,0.251
TCGA-BP-4158-01A,0.000,0.002,0.000,0.001,0.001,0.001,0.004,0.253,0.003,0.160,0.105,0.005,0.010,0.000,0.000,0.456,0.456
TCGA-BP-5173-01A,0.001,0.002,0.017,0.009,0.040,0.000,0.010,0.202,0.037,0.114,0.130,0.006,0.000,0.000,0.000,0.431,0.431
TCGA-B0-4710-01A,0.014,0.020,0.005,0.001,0.015,0.001,0.008,0.223,0.033,0.121,0.085,0.009,0.009,0.008,0.003,0.444,0.444
TCGA-A3-3367-01A,0.000,0.004,0.001,0.007,0.000,0.012,0.026,0.199,0.036,0.082,0.141,0.006,0.005,0.000,0.000,0.483,0.483
TCGA-BP-4344-01A,0.000,0.001,0.000,0.000,0.001,0.003,0.022,0.368,0.060,0.212,0.119,0.003,0.007,0.006,0.004,0.193,0.193
TCGA-A3-3335-01A,0.003,0.012,0.006,0.000,0.000,0.002,0.000,0.076,0.010,0.063,0.101,0.000,0.000,0.000,0.000,0.725,0.725
TCGA-B0-5099-01A,0.002,0.005,0.000,0.002,0.000,0.001,0.000,0.287,0.000,0.113,0.038,0.003,0.001,0.001,0.000,0.547,0.547
TCGA-AK-3427-01A,0.000,0.000,0.003,0.000,0.000,0.000,0.000,0.035,0.000,0.023,0.036,0.005,0.000,0.000,0.000,0.898,0.898
TCGA-DV-A4W0-01A,0.001,0.002,0.004,0.004,0.000,0.001,0.001,0.244,0.030,0.129,0.067,0.003,0.000,0.001,0.000,0.513,0.513
TCGA-B8-4143-01A,0.021,0.004,0.022,0.031,0.040,0.000,0.008,0.138,0.020,0.149,0.166,0.009,0.000,0.005,0.000,0.386,0.386
TCGA-B8-A54K-01A,0.000,0.000,0.000,0.000,0.000,0.010,0.002,0.217,0.066,0.094,0.012,0.002,0.005,0.000,0.001,0.591,0.591
TCGA-A3-3311-01A,0.009,0.007,0.004,0.006,0.019,0.000,0.002,0.197,0.067,0.059,0.204,0.004,0.000,0.001,0.000,0.419,0.419
TCGA-CZ-4854-01A,0.019,0.001,0.005,0.008,0.003,0.002,0.000,0.095,0.096,0.067,0.107,0.001,0.007,0.000,0.000,0.587,0.587
TCGA-B8-4153-01B,0.000,0.001,0.000,0.007,0.000,0.000,0.000,0.313,0.000,0.098,0.093,0.003,0.005,0.000,0.000,0.480,0.480
TCGA-B2-A4SR-01A,0.001,0.003,0.014,0.002,0.012,0.001,0.024,0.408,0.022,0.135,0.085,0.008,0.006,0.004,0.000,0.276,0.276
TCGA-CZ-5989-01A,0.000,0.004,0.002,0.002,0.032,0.001,0.001,0.437,0.000,0.065,0.085,0.012,0.000,0.004,0.002,0.354,0.354
TCGA-CZ-5470-01A,0.008,0.001,0.009,0.021,0.019,0.000,0.022,0.134,0.012,0.058,0.220,0.004,0.004,0.000,0.000,0.489,0.489
TCGA-BP-4349-01A,0.000,0.000,0.005,0.000,0.002,0.003,0.005,0.295,0.042,0.198,0.069,0.002,0.008,0.000,0.000,0.368,0.368
TCGA-A3-3307-01A,0.000,0.005,0.002,0.015,0.012,0.000,0.002,0.269,0.002,0.123,0.139,0.004,0.003,0.001,0.003,0.420,0.420
TCGA-CJ-4641-01A,0.009,0.006,0.032,0.025,0.041,0.002,0.062,0.118,0.075,0.056,0.213,0.004,0.001,0.001,0.000,0.356,0.356
TCGA-B0-5098-01A,0.000,0.001,0.000,0.004,0.003,0.001,0.008,0.032,0.048,0.001,0.035,0.003,0.000,0.000,0.000,0.863,0.863
TCGA-B0-4699-01A,0.000,0.004,0.009,0.030,0.044,0.000,0.000,0.051,0.095,0.016,0.174,0.005,0.000,0.000,0.000,0.573,0.573
TCGA-BP-5199-01A,0.003,0.002,0.018,0.018,0.059,0.000,0.023,0.192,0.093,0.246,0.159,0.008,0.005,0.000,0.001,0.173,0.173
TCGA-BP-4337-01A,0.018,0.011,0.016,0.001,0.008,0.001,0.003,0.135,0.207,0.207,0.092,0.007,0.002,0.000,0.000,0.294,0.294
TCGA-CZ-4853-01A,0.002,0.001,0.012,0.009,0.000,0.005,0.008,0.169,0.006,0.067,0.121,0.001,0.005,0.000,0.000,0.595,0.595
TCGA-B0-5115-01A,0.001,0.001,0.006,0.003,0.000,0.026,0.027,0.294,0.071,0.133,0.106,0.003,0.006,0.003,0.001,0.320,0.320
TCGA-B8-A54G-01A,0.001,0.001,0.029,0.026,0.064,0.000,0.064,0.068,0.003,0.016,0.353,0.003,0.000,0.000,0.000,0.371,0.371
TCGA-CZ-4861-01A,0.002,0.001,0.022,0.008,0.020,0.001,0.000,0.085,0.016,0.031,0.376,0.001,0.000,0.000,0.000,0.437,0.437
TCGA-B8-5545-01A,0.003,0.002,0.013,0.000,0.010,0.000,0.012,0.307,0.149,0.124,0.159,0.006,0.004,0.005,0.001,0.204,0.204
TCGA-CJ-4892-01A,0.002,0.001,0.010,0.021,0.044,0.000,0.008,0.188,0.050,0.140,0.144,0.002,0.007,0.000,0.000,0.380,0.380
TCGA-CJ-5678-01A,0.047,0.001,0.014,0.018,0.046,0.000,0.033,0.111,0.004,0.043,0.289,0.001,0.001,0.000,0.000,0.393,0.393
TCGA-AK-3433-01A,0.000,0.000,0.002,0.000,0.000,0.000,0.000,0.052,0.000,0.029,0.089,0.001,0.000,0.000,0.000,0.827,0.827
TCGA-B8-4621-01A,0.003,0.001,0.004,0.000,0.003,0.000,0.001,0.041,0.005,0.000,0.241,0.002,0.000,0.000,0.000,0.698,0.698
TCGA-BP-4967-01A,0.007,0.002,0.002,0.006,0.001,0.001,0.003,0.144,0.056,0.063,0.124,0.008,0.003,0.000,0.000,0.579,0.579
TCGA-A3-3320-01A,0.003,0.011,0.005,0.004,0.010,0.002,0.012,0.257,0.018,0.138,0.095,0.010,0.002,0.006,0.001,0.426,0.426
TCGA-B8-A54D-01A,0.000,0.000,0.009,0.047,0.065,0.000,0.027,0.135,0.020,0.019,0.269,0.002,0.000,0.000,0.000,0.407,0.407
TCGA-B2-4098-01A,0.027,0.012,0.008,0.000,0.004,0.001,0.001,0.023,0.033,0.001,0.268,0.000,0.000,0.001,0.000,0.620,0.620
TCGA-A3-3374-01A,0.000,0.001,0.008,0.000,0.000,0.000,0.000,0.026,0.006,0.030,0.366,0.015,0.000,0.000,0.000,0.547,0.547
TCGA-BP-5000-01A,0.013,0.001,0.015,0.003,0.023,0.001,0.020,0.175,0.096,0.139,0.156,0.004,0.002,0.000,0.000,0.352,0.352
TCGA-A3-A6NI-01A,0.000,0.001,0.002,0.001,0.000,0.001,0.012,0.173,0.061,0.044,0.151,0.001,0.010,0.000,0.000,0.542,0.542
TCGA-B0-4824-01A,0.005,0.002,0.001,0.033,0.026,0.000,0.013,0.216,0.022,0.057,0.222,0.003,0.005,0.000,0.000,0.395,0.395
TCGA-BP-4975-01A,0.004,0.001,0.001,0.000,0.000,0.012,0.004,0.233,0.045,0.127,0.115,0.004,0.004,0.000,0.000,0.450,0.450
TCGA-BP-4330-01A,0.036,0.016,0.023,0.014,0.045,0.001,0.050,0.239,0.039,0.098,0.162,0.007,0.010,0.003,0.000,0.256,0.256
TCGA-B0-4841-01A,0.000,0.000,0.000,0.001,0.000,0.000,0.000,0.312,0.057,0.194,0.101,0.003,0.005,0.000,0.000,0.325,0.325
TCGA-B8-5551-01A,0.046,0.002,0.039,0.010,0.043,0.000,0.030,0.078,0.023,0.026,0.373,0.003,0.002,0.003,0.000,0.322,0.322
TCGA-AK-3440-01A,0.000,0.000,0.002,0.001,0.000,0.000,0.000,0.048,0.000,0.020,0.042,0.001,0.000,0.000,0.000,0.886,0.886
TCGA-BP-5169-01A,0.206,0.000,0.018,0.000,0.023,0.000,0.001,0.044,0.068,0.091,0.142,0.002,0.005,0.000,0.000,0.399,0.399
TCGA-BP-4770-01A,0.000,0.000,0.007,0.000,0.012,0.000,0.000,0.091,0.657,0.000,0.129,0.004,0.000,0.000,0.000,0.099,0.099
TCGA-B4-5838-01A,0.002,0.002,0.008,0.002,0.002,0.001,0.000,0.146,0.096,0.090,0.087,0.004,0.000,0.000,0.000,0.560,0.560
TCGA-B0-4815-01A,0.100,0.014,0.022,0.009,0.063,0.001,0.018,0.098,0.068,0.056,0.224,0.004,0.004,0.001,0.000,0.318,0.318
TCGA-B0-4838-01A,0.014,0.002,0.017,0.026,0.080,0.000,0.021,0.189,0.023,0.092,0.153,0.004,0.000,0.000,0.000,0.380,0.380
TCGA-BP-5177-01A,0.002,0.001,0.008,0.009,0.000,0.001,0.011,0.246,0.165,0.322,0.027,0.002,0.007,0.000,0.000,0.198,0.198
TCGA-CJ-4639-01A,0.007,0.003,0.013,0.014,0.045,0.001,0.020,0.339,0.018,0.105,0.119,0.007,0.005,0.005,0.001,0.298,0.298
TCGA-CZ-4865-01A,0.007,0.002,0.009,0.001,0.016,0.000,0.015,0.249,0.107,0.101,0.176,0.001,0.015,0.000,0.000,0.301,0.301
TCGA-BP-5180-01A,0.010,0.000,0.012,0.011,0.002,0.002,0.014,0.119,0.035,0.026,0.168,0.001,0.004,0.000,0.000,0.598,0.598
TCGA-DV-5567-01A,0.000,0.000,0.003,0.000,0.000,0.001,0.000,0.270,0.029,0.137,0.024,0.005,0.002,0.000,0.000,0.528,0.528
TCGA-BP-4992-01A,0.012,0.002,0.020,0.021,0.114,0.001,0.048,0.045,0.004,0.046,0.141,0.001,0.000,0.002,0.000,0.544,0.544
TCGA-B2-5633-01A,0.005,0.003,0.016,0.000,0.012,0.002,0.023,0.273,0.075,0.107,0.167,0.006,0.005,0.002,0.000,0.304,0.304
TCGA-CJ-5675-01A,0.001,0.001,0.020,0.018,0.063,0.000,0.017,0.148,0.022,0.020,0.258,0.002,0.000,0.000,0.000,0.429,0.429
TCGA-B0-4701-01A,0.010,0.002,0.015,0.017,0.014,0.005,0.023,0.136,0.027,0.138,0.109,0.008,0.000,0.002,0.000,0.494,0.494
TCGA-BP-4784-01A,0.007,0.000,0.008,0.000,0.000,0.002,0.011,0.297,0.103,0.185,0.022,0.008,0.003,0.000,0.000,0.354,0.354
TCGA-B4-5843-01A,0.000,0.003,0.000,0.002,0.000,0.004,0.000,0.253,0.074,0.107,0.093,0.002,0.001,0.000,0.000,0.460,0.460
TCGA-B0-5705-01A,0.010,0.001,0.012,0.005,0.022,0.000,0.018,0.227,0.005,0.074,0.156,0.003,0.001,0.000,0.000,0.466,0.466
TCGA-BP-4965-01A,0.002,0.003,0.007,0.000,0.005,0.001,0.008,0.311,0.037,0.133,0.116,0.006,0.001,0.003,0.000,0.366,0.366
TCGA-B0-5085-01A,0.001,0.000,0.000,0.010,0.001,0.000,0.000,0.154,0.002,0.118,0.105,0.000,0.008,0.000,0.000,0.602,0.602
TCGA-B0-5113-01A,0.011,0.016,0.015,0.001,0.021,0.009,0.019,0.237,0.063,0.113,0.119,0.012,0.000,0.004,0.000,0.359,0.359
TCGA-CW-5581-01A,0.001,0.000,0.009,0.000,0.011,0.012,0.011,0.252,0.028,0.075,0.079,0.001,0.002,0.001,0.000,0.518,0.518
TCGA-AK-3454-01A,0.014,0.002,0.006,0.000,0.021,0.001,0.002,0.203,0.079,0.128,0.186,0.002,0.004,0.000,0.000,0.352,0.352
TCGA-BP-4989-01A,0.014,0.027,0.015,0.053,0.103,0.000,0.020,0.071,0.086,0.104,0.295,0.002,0.001,0.000,0.000,0.209,0.209
TCGA-AK-3456-01A,0.000,0.001,0.003,0.000,0.000,0.000,0.007,0.055,0.029,0.003,0.258,0.002,0.000,0.000,0.000,0.641,0.641
TCGA-A3-3370-01A,0.006,0.003,0.014,0.023,0.037,0.000,0.027,0.208,0.042,0.145,0.176,0.007,0.000,0.002,0.000,0.309,0.309
TCGA-DV-5565-01A,0.000,0.000,0.004,0.002,0.001,0.000,0.002,0.418,0.076,0.127,0.096,0.002,0.001,0.000,0.001,0.270,0.270
TCGA-BP-4795-01A,0.007,0.002,0.008,0.000,0.001,0.027,0.039,0.290,0.208,0.185,0.045,0.008,0.004,0.002,0.001,0.174,0.174
TCGA-B0-5083-01A,0.001,0.000,0.009,0.003,0.014,0.007,0.009,0.076,0.098,0.109,0.218,0.001,0.000,0.000,0.000,0.454,0.454
TCGA-BP-4789-01A,0.000,0.001,0.002,0.000,0.000,0.008,0.004,0.412,0.084,0.182,0.055,0.007,0.007,0.001,0.001,0.236,0.236
TCGA-B8-5163-01A,0.013,0.001,0.036,0.016,0.040,0.000,0.001,0.242,0.174,0.115,0.230,0.004,0.001,0.004,0.000,0.123,0.123
TCGA-CJ-6033-01A,0.003,0.001,0.009,0.000,0.003,0.000,0.000,0.189,0.071,0.205,0.085,0.002,0.004,0.000,0.001,0.425,0.425
TCGA-BP-4756-01A,0.004,0.004,0.007,0.001,0.026,0.000,0.021,0.045,0.008,0.058,0.199,0.003,0.000,0.000,0.000,0.623,0.623
TCGA-A3-3362-01A,0.001,0.003,0.007,0.002,0.006,0.002,0.002,0.225,0.063,0.129,0.103,0.004,0.000,0.002,0.000,0.451,0.451
TCGA-BP-4355-01A,0.001,0.001,0.000,0.000,0.000,0.003,0.003,0.384,0.050,0.310,0.063,0.005,0.000,0.000,0.001,0.178,0.178
TCGA-B0-4852-01A,0.008,0.019,0.003,0.007,0.005,0.001,0.006,0.244,0.022,0.098,0.093,0.008,0.007,0.001,0.001,0.478,0.478
TCGA-A3-A6NL-01A,0.003,0.004,0.008,0.001,0.010,0.002,0.013,0.338,0.045,0.147,0.133,0.003,0.011,0.006,0.003,0.273,0.273
TCGA-BP-4801-01A,0.001,0.004,0.007,0.000,0.009,0.007,0.008,0.220,0.112,0.096,0.231,0.007,0.004,0.001,0.000,0.292,0.292
TCGA-A3-3347-01A,0.013,0.008,0.011,0.006,0.020,0.000,0.014,0.122,0.232,0.058,0.223,0.006,0.001,0.006,0.000,0.279,0.279
TCGA-B2-3924-01B,0.004,0.020,0.001,0.048,0.032,0.002,0.025,0.229,0.003,0.097,0.108,0.019,0.000,0.011,0.001,0.402,0.402
TCGA-G6-A8L8-01A,0.000,0.001,0.000,0.002,0.000,0.000,0.010,0.233,0.000,0.093,0.032,0.003,0.009,0.000,0.000,0.615,0.615
TCGA-MM-A564-01A,0.000,0.001,0.002,0.000,0.000,0.000,0.000,0.276,0.061,0.157,0.035,0.001,0.013,0.000,0.006,0.449,0.449
TCGA-BP-4775-01A,0.011,0.012,0.009,0.002,0.010,0.009,0.018,0.206,0.016,0.112,0.108,0.009,0.001,0.005,0.002,0.471,0.471
TCGA-B0-5703-01A,0.000,0.001,0.006,0.000,0.019,0.001,0.000,0.142,0.002,0.240,0.065,0.002,0.020,0.000,0.000,0.502,0.502
TCGA-CZ-5463-01A,0.001,0.012,0.001,0.012,0.017,0.000,0.000,0.217,0.002,0.036,0.162,0.004,0.000,0.000,0.000,0.535,0.535
TCGA-B4-5844-01A,0.000,0.001,0.002,0.000,0.000,0.000,0.000,0.427,0.026,0.139,0.034,0.005,0.006,0.004,0.022,0.334,0.334
TCGA-BP-4963-01A,0.001,0.003,0.007,0.006,0.013,0.003,0.020,0.197,0.023,0.112,0.233,0.003,0.003,0.000,0.000,0.377,0.377
TCGA-B8-5546-01A,0.000,0.003,0.003,0.004,0.000,0.000,0.004,0.088,0.003,0.044,0.110,0.003,0.002,0.000,0.000,0.736,0.736
TCGA-B8-5165-01A,0.007,0.004,0.008,0.001,0.006,0.016,0.006,0.358,0.079,0.141,0.107,0.007,0.000,0.002,0.000,0.258,0.258
TCGA-CW-5587-01A,0.006,0.002,0.023,0.008,0.034,0.000,0.016,0.202,0.032,0.083,0.256,0.002,0.001,0.003,0.000,0.332,0.332
TCGA-BP-4983-01A,0.031,0.005,0.026,0.013,0.071,0.000,0.010,0.050,0.059,0.008,0.233,0.002,0.000,0.003,0.000,0.489,0.489
TCGA-BP-4177-01A,0.001,0.000,0.003,0.000,0.000,0.012,0.007,0.202,0.110,0.131,0.027,0.003,0.000,0.000,0.000,0.503,0.503
TCGA-B8-4151-01A,0.000,0.000,0.000,0.006,0.000,0.000,0.001,0.193,0.000,0.053,0.104,0.000,0.000,0.000,0.000,0.642,0.642
TCGA-MM-A84U-01A,0.004,0.000,0.012,0.003,0.001,0.001,0.006,0.155,0.091,0.106,0.188,0.001,0.010,0.000,0.000,0.422,0.422
TCGA-A3-3365-01A,0.000,0.009,0.006,0.000,0.009,0.005,0.016,0.347,0.086,0.161,0.082,0.013,0.010,0.000,0.004,0.251,0.251
TCGA-BP-4807-01A,0.002,0.001,0.006,0.000,0.000,0.002,0.000,0.143,0.111,0.089,0.202,0.003,0.007,0.003,0.000,0.431,0.431
TCGA-A3-A8OW-01A,0.006,0.002,0.007,0.010,0.017,0.000,0.007,0.374,0.002,0.161,0.092,0.008,0.001,0.002,0.000,0.312,0.312
TCGA-CZ-4859-01A,0.002,0.000,0.004,0.001,0.000,0.001,0.001,0.208,0.000,0.092,0.073,0.001,0.006,0.001,0.000,0.610,0.610
TCGA-CZ-5453-01A,0.000,0.001,0.002,0.000,0.000,0.000,0.000,0.259,0.002,0.085,0.072,0.004,0.003,0.000,0.000,0.571,0.571
TCGA-B2-5633-01B,0.007,0.014,0.008,0.012,0.007,0.017,0.032,0.213,0.061,0.101,0.144,0.018,0.001,0.012,0.001,0.352,0.352
TCGA-CZ-5458-01A,0.001,0.000,0.011,0.005,0.009,0.012,0.023,0.293,0.037,0.104,0.109,0.003,0.003,0.000,0.000,0.389,0.389
TCGA-BP-4354-01A,0.000,0.001,0.009,0.006,0.036,0.000,0.000,0.142,0.102,0.047,0.331,0.002,0.000,0.015,0.021,0.288,0.288
TCGA-B8-A54E-01A,0.000,0.000,0.004,0.000,0.006,0.000,0.008,0.033,0.000,0.045,0.220,0.000,0.000,0.000,0.000,0.684,0.684
TCGA-DV-5568-01A,0.001,0.001,0.007,0.009,0.030,0.000,0.005,0.167,0.128,0.120,0.139,0.001,0.000,0.000,0.000,0.393,0.393
TCGA-B8-5162-01A,0.074,0.001,0.030,0.003,0.052,0.001,0.003,0.185,0.111,0.098,0.356,0.002,0.001,0.004,0.000,0.079,0.079
TCGA-AK-3460-01A,0.000,0.001,0.001,0.003,0.001,0.003,0.003,0.278,0.032,0.130,0.135,0.003,0.010,0.000,0.000,0.399,0.399
TCGA-CJ-5677-01A,0.005,0.000,0.012,0.000,0.002,0.000,0.003,0.100,0.182,0.051,0.246,0.001,0.001,0.000,0.000,0.395,0.395
TCGA-CZ-4866-01A,0.004,0.003,0.002,0.002,0.000,0.000,0.000,0.118,0.007,0.036,0.230,0.003,0.002,0.000,0.000,0.593,0.593
TCGA-B0-4817-01A,0.015,0.001,0.011,0.009,0.000,0.000,0.000,0.023,0.095,0.014,0.079,0.000,0.004,0.031,0.000,0.717,0.717
TCGA-CJ-6028-01A,0.037,0.001,0.030,0.001,0.057,0.001,0.003,0.176,0.061,0.085,0.213,0.003,0.000,0.002,0.000,0.331,0.331
TCGA-B2-4102-01A,0.008,0.005,0.014,0.000,0.006,0.005,0.046,0.234,0.012,0.080,0.163,0.008,0.008,0.008,0.000,0.403,0.403
TCGA-B0-4844-01A,0.007,0.006,0.009,0.008,0.011,0.000,0.000,0.056,0.079,0.076,0.100,0.001,0.000,0.002,0.000,0.645,0.645
TCGA-BP-5184-01A,0.002,0.001,0.003,0.007,0.016,0.004,0.007,0.252,0.076,0.154,0.144,0.002,0.004,0.000,0.000,0.328,0.328
TCGA-BP-5168-01A,0.000,0.001,0.005,0.004,0.010,0.000,0.005,0.276,0.002,0.204,0.099,0.004,0.001,0.000,0.000,0.386,0.386
TCGA-BP-4160-01A,0.009,0.001,0.016,0.015,0.060,0.000,0.002,0.187,0.054,0.053,0.230,0.002,0.000,0.000,0.000,0.371,0.371
TCGA-BP-5190-01A,0.000,0.000,0.000,0.014,0.000,0.000,0.000,0.104,0.033,0.065,0.131,0.000,0.002,0.000,0.000,0.650,0.650
TCGA-CW-6087-01A,0.005,0.001,0.068,0.052,0.083,0.000,0.001,0.043,0.060,0.013,0.393,0.004,0.000,0.002,0.000,0.275,0.275
TCGA-CZ-5465-01A,0.003,0.003,0.003,0.000,0.000,0.001,0.003,0.229,0.002,0.079,0.085,0.004,0.002,0.000,0.000,0.587,0.587
TCGA-BP-5202-01A,0.000,0.001,0.000,0.004,0.001,0.001,0.000,0.261,0.003,0.111,0.137,0.001,0.006,0.000,0.000,0.474,0.474
TCGA-B0-4847-01A,0.008,0.001,0.011,0.040,0.061,0.000,0.081,0.098,0.000,0.045,0.196,0.001,0.000,0.000,0.000,0.458,0.458
TCGA-B0-4712-01A,0.002,0.000,0.010,0.015,0.007,0.000,0.000,0.085,0.082,0.100,0.164,0.002,0.004,0.000,0.000,0.528,0.528
TCGA-BP-4352-01A,0.018,0.000,0.000,0.008,0.000,0.001,0.000,0.017,0.099,0.005,0.044,0.001,0.000,0.000,0.000,0.806,0.806
TCGA-BP-4787-01A,0.002,0.001,0.007,0.002,0.010,0.001,0.002,0.117,0.141,0.073,0.222,0.001,0.004,0.005,0.000,0.413,0.413
TCGA-CZ-5459-01A,0.001,0.002,0.008,0.010,0.017,0.003,0.000,0.181,0.029,0.077,0.164,0.001,0.000,0.000,0.000,0.507,0.507
TCGA-B0-4837-01A,0.000,0.001,0.012,0.000,0.002,0.001,0.000,0.149,0.148,0.151,0.145,0.002,0.005,0.000,0.000,0.384,0.384
TCGA-BP-4970-01A,0.004,0.001,0.017,0.004,0.031,0.001,0.036,0.296,0.129,0.091,0.181,0.004,0.000,0.000,0.000,0.204,0.204
TCGA-B0-5700-01A,0.000,0.001,0.006,0.007,0.002,0.000,0.002,0.253,0.021,0.082,0.120,0.002,0.002,0.000,0.000,0.502,0.502
TCGA-AK-3425-01A,0.008,0.001,0.009,0.004,0.026,0.000,0.008,0.141,0.088,0.078,0.274,0.004,0.005,0.000,0.000,0.355,0.355
TCGA-B2-5633-01A.1,0.005,0.003,0.016,0.000,0.012,0.002,0.023,0.273,0.075,0.107,0.167,0.006,0.005,0.002,0.000,0.304,0.304
TCGA-B0-5117-01A,0.000,0.000,0.004,0.000,0.000,0.000,0.000,0.051,0.000,0.096,0.049,0.004,0.000,0.000,0.000,0.795,0.795
TCGA-B0-5121-01A,0.000,0.000,0.003,0.001,0.011,0.015,0.002,0.337,0.000,0.254,0.096,0.005,0.010,0.000,0.001,0.265,0.265
TCGA-CJ-4881-01A,0.023,0.000,0.013,0.000,0.016,0.001,0.010,0.103,0.135,0.082,0.195,0.002,0.005,0.002,0.000,0.412,0.412
TCGA-AK-3436-01A,0.005,0.000,0.005,0.008,0.000,0.008,0.000,0.112,0.055,0.098,0.082,0.003,0.001,0.000,0.000,0.623,0.623
TCGA-BP-4964-01A,0.002,0.001,0.010,0.004,0.004,0.006,0.015,0.206,0.037,0.143,0.117,0.006,0.006,0.001,0.000,0.441,0.441
TCGA-BP-4760-01A,0.000,0.000,0.004,0.001,0.000,0.001,0.003,0.187,0.118,0.164,0.039,0.010,0.000,0.001,0.000,0.471,0.471
TCGA-B2-5635-01A,0.005,0.002,0.007,0.005,0.027,0.001,0.018,0.221,0.028,0.052,0.195,0.013,0.000,0.010,0.000,0.415,0.415
TCGA-A3-3325-01A,0.007,0.001,0.006,0.000,0.000,0.022,0.043,0.204,0.065,0.094,0.122,0.006,0.005,0.000,0.000,0.425,0.425
TCGA-B8-5159-01A,0.007,0.002,0.007,0.017,0.026,0.001,0.001,0.222,0.027,0.083,0.122,0.003,0.000,0.000,0.000,0.483,0.483
TCGA-MM-A563-01A,0.015,0.001,0.028,0.006,0.023,0.000,0.044,0.193,0.133,0.097,0.189,0.001,0.005,0.001,0.003,0.262,0.262
TCGA-A3-3343-01A,0.005,0.000,0.012,0.000,0.001,0.004,0.042,0.231,0.008,0.049,0.171,0.002,0.014,0.001,0.000,0.460,0.460
TCGA-BP-4163-01A,0.003,0.008,0.010,0.002,0.008,0.006,0.009,0.130,0.049,0.095,0.208,0.002,0.003,0.002,0.001,0.462,0.462
TCGA-B0-5092-01A,0.007,0.001,0.037,0.033,0.091,0.000,0.067,0.106,0.040,0.124,0.145,0.005,0.000,0.000,0.000,0.344,0.344
TCGA-BP-4174-01A,0.011,0.008,0.009,0.000,0.016,0.001,0.001,0.092,0.032,0.059,0.191,0.003,0.000,0.001,0.000,0.575,0.575
TCGA-BP-4986-01A,0.016,0.007,0.016,0.000,0.001,0.016,0.014,0.194,0.171,0.095,0.163,0.007,0.005,0.001,0.000,0.294,0.294
TCGA-B0-4696-01A,0.000,0.001,0.002,0.001,0.000,0.000,0.000,0.021,0.466,0.028,0.038,0.001,0.000,0.000,0.000,0.443,0.443
TCGA-CZ-4856-01A,0.010,0.001,0.011,0.002,0.021,0.000,0.005,0.287,0.030,0.129,0.149,0.003,0.011,0.000,0.000,0.342,0.342
TCGA-CJ-4873-01A,0.012,0.001,0.014,0.013,0.045,0.001,0.023,0.061,0.084,0.042,0.353,0.001,0.007,0.000,0.000,0.343,0.343
TCGA-B0-5693-01A,0.001,0.000,0.000,0.001,0.000,0.002,0.001,0.345,0.022,0.169,0.071,0.009,0.003,0.001,0.000,0.375,0.375
TCGA-AK-3451-01A,0.000,0.000,0.000,0.009,0.005,0.000,0.010,0.073,0.021,0.041,0.178,0.010,0.000,0.000,0.000,0.651,0.651
TCGA-BP-4762-01A,0.009,0.003,0.009,0.001,0.009,0.021,0.016,0.241,0.222,0.100,0.133,0.005,0.003,0.001,0.001,0.226,0.226
TCGA-AS-3778-01A,0.000,0.001,0.005,0.004,0.003,0.003,0.008,0.254,0.077,0.121,0.113,0.003,0.005,0.002,0.000,0.400,0.400
TCGA-CZ-5457-01A,0.019,0.001,0.000,0.001,0.013,0.001,0.000,0.234,0.014,0.091,0.179,0.005,0.002,0.000,0.000,0.439,0.439
TCGA-B2-5639-01A,0.013,0.001,0.010,0.012,0.001,0.001,0.028,0.149,0.026,0.024,0.159,0.002,0.006,0.000,0.000,0.570,0.570
TCGA-B0-4811-01A,0.002,0.004,0.000,0.008,0.000,0.001,0.018,0.090,0.046,0.143,0.068,0.004,0.004,0.000,0.000,0.612,0.612
TCGA-CJ-4899-01A,0.007,0.006,0.007,0.000,0.007,0.009,0.009,0.290,0.047,0.217,0.137,0.017,0.003,0.004,0.000,0.238,0.238
TCGA-B0-5096-01A,0.023,0.001,0.008,0.002,0.009,0.000,0.000,0.095,0.114,0.056,0.192,0.004,0.000,0.000,0.000,0.495,0.495
TCGA-BP-4331-01A,0.001,0.010,0.011,0.002,0.019,0.001,0.026,0.210,0.048,0.074,0.182,0.004,0.001,0.001,0.000,0.410,0.410
TCGA-B0-4693-01A,0.027,0.004,0.006,0.007,0.032,0.002,0.001,0.226,0.007,0.103,0.108,0.003,0.007,0.000,0.001,0.465,0.465
TCGA-CJ-4637-01A,0.038,0.004,0.039,0.037,0.084,0.000,0.035,0.114,0.056,0.032,0.272,0.006,0.000,0.000,0.000,0.281,0.281
TCGA-CJ-4916-01A,0.016,0.002,0.020,0.027,0.077,0.000,0.017,0.177,0.021,0.082,0.274,0.002,0.001,0.000,0.000,0.285,0.285
TCGA-CW-5591-01A,0.000,0.000,0.008,0.000,0.000,0.001,0.001,0.169,0.156,0.034,0.087,0.001,0.000,0.000,0.000,0.541,0.541
TCGA-BP-5008-01A,0.005,0.010,0.004,0.005,0.020,0.030,0.020,0.257,0.080,0.169,0.119,0.008,0.000,0.006,0.000,0.265,0.265
TCGA-CJ-4903-01A,0.012,0.001,0.003,0.012,0.019,0.000,0.018,0.192,0.066,0.080,0.159,0.005,0.001,0.000,0.000,0.431,0.431
TCGA-B0-4714-01A,0.000,0.002,0.002,0.033,0.054,0.000,0.032,0.181,0.024,0.122,0.196,0.002,0.029,0.000,0.001,0.324,0.324
TCGA-B8-5550-01A,0.000,0.003,0.013,0.000,0.014,0.000,0.003,0.177,0.205,0.096,0.157,0.002,0.000,0.001,0.000,0.328,0.328
TCGA-B0-5094-01A,0.007,0.004,0.003,0.009,0.003,0.002,0.002,0.075,0.052,0.061,0.099,0.004,0.011,0.001,0.000,0.667,0.667
TCGA-CJ-4920-01A,0.004,0.001,0.005,0.005,0.001,0.002,0.004,0.237,0.098,0.142,0.123,0.005,0.004,0.002,0.000,0.368,0.368
TCGA-A3-3346-01A,0.007,0.000,0.006,0.016,0.007,0.000,0.000,0.024,0.050,0.002,0.215,0.001,0.000,0.000,0.000,0.673,0.673
TCGA-CJ-4885-01A,0.000,0.000,0.001,0.005,0.001,0.001,0.004,0.209,0.036,0.083,0.102,0.001,0.005,0.000,0.000,0.551,0.551
TCGA-B0-5707-01A,0.000,0.001,0.005,0.001,0.000,0.000,0.009,0.043,0.047,0.011,0.080,0.004,0.000,0.000,0.000,0.798,0.798
TCGA-CJ-4872-01A,0.007,0.000,0.012,0.000,0.017,0.005,0.014,0.260,0.133,0.192,0.116,0.004,0.012,0.000,0.001,0.225,0.225
TCGA-BP-5181-01A,0.000,0.000,0.010,0.004,0.000,0.001,0.007,0.274,0.063,0.119,0.092,0.003,0.009,0.000,0.000,0.417,0.417
TCGA-BP-4777-01A,0.012,0.009,0.024,0.011,0.053,0.002,0.011,0.128,0.025,0.075,0.283,0.002,0.000,0.000,0.000,0.365,0.365
TCGA-BP-4982-01A,0.001,0.002,0.010,0.001,0.012,0.001,0.014,0.288,0.067,0.168,0.133,0.009,0.005,0.005,0.000,0.285,0.285
TCGA-CZ-4857-01A,0.001,0.005,0.013,0.008,0.013,0.002,0.002,0.113,0.133,0.084,0.170,0.001,0.002,0.000,0.000,0.453,0.453
TCGA-A3-3349-01A,0.002,0.002,0.008,0.000,0.000,0.001,0.003,0.382,0.114,0.160,0.097,0.008,0.012,0.002,0.002,0.206,0.206
TCGA-B0-5711-01A,0.012,0.001,0.011,0.007,0.003,0.002,0.018,0.331,0.043,0.124,0.091,0.009,0.004,0.003,0.001,0.340,0.340
TCGA-GK-A6C7-01A,0.001,0.002,0.002,0.006,0.002,0.000,0.012,0.365,0.060,0.126,0.072,0.005,0.010,0.001,0.003,0.333,0.333
TCGA-BP-5192-01A,0.002,0.001,0.001,0.004,0.000,0.005,0.003,0.273,0.010,0.153,0.053,0.005,0.001,0.001,0.000,0.487,0.487
TCGA-CZ-5988-01A,0.000,0.006,0.006,0.013,0.006,0.000,0.002,0.306,0.082,0.114,0.086,0.006,0.000,0.001,0.000,0.369,0.369
TCGA-B0-4718-01A,0.011,0.013,0.000,0.012,0.020,0.001,0.017,0.208,0.027,0.170,0.087,0.006,0.004,0.000,0.000,0.425,0.425
TCGA-BP-4969-01A,0.002,0.000,0.000,0.004,0.000,0.001,0.000,0.220,0.013,0.096,0.080,0.002,0.003,0.000,0.000,0.580,0.580
TCGA-CW-5588-01A,0.001,0.000,0.007,0.000,0.014,0.002,0.001,0.198,0.127,0.101,0.229,0.002,0.003,0.000,0.000,0.316,0.316
TCGA-CZ-4864-01A,0.005,0.004,0.010,0.028,0.061,0.000,0.024,0.201,0.021,0.069,0.260,0.005,0.000,0.001,0.000,0.310,0.310
TCGA-BP-4973-01A,0.001,0.005,0.009,0.006,0.034,0.001,0.025,0.227,0.021,0.109,0.136,0.003,0.000,0.001,0.000,0.420,0.420
TCGA-DV-5573-01A,0.008,0.002,0.019,0.024,0.064,0.000,0.033,0.155,0.059,0.041,0.210,0.003,0.000,0.000,0.000,0.380,0.380
TCGA-BP-4960-01A,0.020,0.001,0.010,0.000,0.006,0.000,0.000,0.139,0.091,0.187,0.173,0.002,0.007,0.000,0.000,0.363,0.363
TCGA-B0-5694-01A,0.000,0.000,0.007,0.000,0.000,0.001,0.011,0.206,0.065,0.078,0.118,0.000,0.012,0.000,0.001,0.500,0.500
TCGA-BP-4993-01A,0.001,0.001,0.004,0.003,0.022,0.001,0.006,0.391,0.064,0.185,0.110,0.003,0.009,0.000,0.000,0.200,0.200
TCGA-B0-4833-01A,0.009,0.002,0.007,0.016,0.027,0.000,0.018,0.216,0.011,0.122,0.114,0.006,0.009,0.000,0.001,0.441,0.441
TCGA-CJ-4884-01A,0.009,0.001,0.006,0.019,0.025,0.001,0.013,0.143,0.026,0.078,0.234,0.003,0.002,0.000,0.000,0.440,0.440
TCGA-B0-5107-01A,0.000,0.001,0.010,0.026,0.035,0.000,0.001,0.024,0.026,0.004,0.229,0.001,0.000,0.000,0.000,0.642,0.642
TCGA-B0-5106-01A,0.015,0.001,0.007,0.005,0.023,0.000,0.021,0.262,0.060,0.118,0.173,0.005,0.009,0.003,0.000,0.297,0.297
TCGA-BP-4781-01A,0.001,0.004,0.008,0.001,0.002,0.001,0.002,0.164,0.113,0.051,0.197,0.006,0.002,0.000,0.000,0.447,0.447
TCGA-B0-4821-01A,0.008,0.002,0.001,0.018,0.010,0.000,0.000,0.037,0.046,0.111,0.076,0.000,0.009,0.000,0.000,0.682,0.682
TCGA-B0-4818-01A,0.051,0.001,0.012,0.003,0.016,0.000,0.007,0.270,0.003,0.155,0.099,0.003,0.013,0.000,0.001,0.366,0.366
TCGA-CZ-5461-01A,0.002,0.001,0.013,0.001,0.011,0.002,0.016,0.222,0.068,0.115,0.146,0.006,0.003,0.002,0.000,0.391,0.391
TCGA-A3-3385-01A,0.000,0.001,0.000,0.002,0.000,0.000,0.007,0.136,0.001,0.036,0.095,0.003,0.000,0.000,0.000,0.720,0.720
TCGA-B0-5709-01A,0.011,0.011,0.023,0.003,0.032,0.004,0.061,0.227,0.148,0.107,0.180,0.005,0.001,0.006,0.000,0.182,0.182
TCGA-BP-4771-01A,0.005,0.002,0.042,0.028,0.102,0.000,0.052,0.170,0.064,0.079,0.229,0.005,0.002,0.000,0.000,0.220,0.220
TCGA-BP-4327-01A,0.009,0.002,0.004,0.005,0.003,0.001,0.002,0.238,0.044,0.081,0.089,0.002,0.011,0.000,0.000,0.510,0.510
TCGA-B0-5710-01A,0.001,0.001,0.017,0.003,0.007,0.001,0.018,0.503,0.074,0.120,0.067,0.003,0.003,0.005,0.001,0.174,0.174
TCGA-B4-5834-01A,0.000,0.001,0.008,0.001,0.000,0.002,0.008,0.506,0.094,0.123,0.062,0.005,0.008,0.003,0.003,0.176,0.176
TCGA-DV-5576-01A,0.001,0.000,0.003,0.000,0.000,0.002,0.000,0.253,0.106,0.135,0.029,0.001,0.002,0.000,0.000,0.466,0.466
TCGA-AK-3443-01A,0.000,0.001,0.000,0.000,0.000,0.000,0.000,0.061,0.000,0.033,0.013,0.001,0.000,0.000,0.000,0.891,0.891
TCGA-BP-5009-01A,0.016,0.001,0.005,0.009,0.029,0.001,0.001,0.165,0.078,0.105,0.198,0.001,0.000,0.000,0.000,0.391,0.391
TCGA-BP-4173-01A,0.007,0.002,0.035,0.027,0.088,0.000,0.094,0.151,0.089,0.081,0.275,0.003,0.000,0.003,0.000,0.144,0.144
TCGA-B0-4845-01A,0.000,0.001,0.001,0.000,0.000,0.021,0.008,0.265,0.000,0.197,0.045,0.006,0.001,0.000,0.001,0.454,0.454
TCGA-B0-5812-01A,0.002,0.000,0.011,0.000,0.014,0.001,0.017,0.383,0.104,0.129,0.082,0.004,0.008,0.001,0.003,0.243,0.243
TCGA-B4-5378-01A,0.000,0.000,0.003,0.000,0.000,0.002,0.000,0.348,0.047,0.205,0.031,0.010,0.006,0.002,0.000,0.344,0.344
TCGA-CZ-4858-01A,0.015,0.004,0.015,0.017,0.041,0.000,0.000,0.073,0.050,0.034,0.217,0.000,0.000,0.000,0.000,0.532,0.532
TCGA-BP-4768-01A,0.005,0.008,0.001,0.004,0.007,0.000,0.000,0.125,0.006,0.075,0.093,0.001,0.000,0.000,0.000,0.675,0.675
TCGA-A3-3363-01A,0.000,0.000,0.002,0.002,0.000,0.001,0.009,0.028,0.038,0.002,0.153,0.010,0.000,0.000,0.000,0.754,0.754
TCGA-CJ-4893-01A,0.009,0.001,0.010,0.003,0.040,0.001,0.011,0.313,0.013,0.116,0.146,0.003,0.002,0.001,0.000,0.333,0.333
TCGA-BP-5195-01A,0.000,0.000,0.008,0.000,0.011,0.001,0.004,0.303,0.088,0.148,0.151,0.002,0.004,0.000,0.000,0.279,0.279
TCGA-B0-5712-01A,0.002,0.001,0.002,0.015,0.005,0.000,0.001,0.168,0.026,0.050,0.073,0.002,0.000,0.000,0.000,0.654,0.654
TCGA-AK-3426-01A,0.001,0.001,0.029,0.032,0.074,0.000,0.055,0.038,0.125,0.069,0.428,0.004,0.000,0.000,0.000,0.145,0.145
TCGA-B2-5635-01A.1,0.005,0.002,0.007,0.005,0.027,0.001,0.018,0.221,0.028,0.052,0.195,0.013,0.000,0.010,0.000,0.415,0.415
TCGA-CZ-5987-01A,0.014,0.000,0.013,0.014,0.005,0.000,0.005,0.074,0.063,0.051,0.145,0.001,0.000,0.000,0.000,0.613,0.613
TCGA-A3-3319-01A,0.020,0.001,0.001,0.010,0.008,0.001,0.000,0.039,0.058,0.024,0.154,0.000,0.000,0.000,0.000,0.683,0.683
TCGA-BP-4804-01A,0.011,0.001,0.020,0.010,0.046,0.000,0.029,0.194,0.107,0.158,0.216,0.004,0.002,0.000,0.000,0.201,0.201
TCGA-CJ-4891-01A,0.010,0.000,0.007,0.000,0.013,0.000,0.000,0.045,0.066,0.099,0.229,0.000,0.000,0.000,0.000,0.529,0.529
TCGA-A3-3326-01A,0.012,0.003,0.018,0.003,0.009,0.016,0.094,0.196,0.010,0.088,0.156,0.011,0.006,0.000,0.000,0.378,0.378
TCGA-BP-4959-01A,0.001,0.001,0.006,0.000,0.007,0.013,0.009,0.123,0.053,0.037,0.238,0.005,0.000,0.000,0.000,0.506,0.506
TCGA-BP-4332-01A,0.000,0.006,0.002,0.001,0.003,0.004,0.006,0.271,0.066,0.117,0.098,0.002,0.005,0.001,0.001,0.416,0.416
TCGA-CJ-5682-01A,0.008,0.000,0.002,0.010,0.005,0.001,0.006,0.198,0.172,0.188,0.080,0.000,0.011,0.000,0.000,0.319,0.319
TCGA-B0-4814-01A,0.013,0.006,0.003,0.001,0.002,0.006,0.001,0.204,0.027,0.147,0.094,0.003,0.004,0.004,0.000,0.487,0.487
TCGA-B0-4842-01A,0.027,0.001,0.027,0.000,0.009,0.000,0.001,0.052,0.115,0.050,0.240,0.001,0.011,0.000,0.000,0.466,0.466
TCGA-CW-5583-01A,0.002,0.001,0.007,0.000,0.000,0.004,0.005,0.307,0.064,0.146,0.056,0.006,0.008,0.006,0.000,0.388,0.388
TCGA-B8-4154-01A,0.000,0.001,0.006,0.005,0.004,0.000,0.009,0.194,0.004,0.081,0.137,0.003,0.012,0.000,0.000,0.545,0.545
TCGA-CW-5584-01A,0.004,0.001,0.005,0.000,0.001,0.001,0.009,0.268,0.050,0.121,0.135,0.002,0.002,0.001,0.000,0.398,0.398
TCGA-B0-4813-01A,0.001,0.001,0.006,0.007,0.000,0.002,0.001,0.087,0.047,0.130,0.042,0.004,0.002,0.000,0.000,0.671,0.671
TCGA-EU-5905-01A,0.000,0.000,0.011,0.000,0.001,0.010,0.011,0.205,0.141,0.082,0.147,0.003,0.006,0.000,0.000,0.382,0.382
TCGA-BP-4342-01A,0.006,0.007,0.008,0.002,0.004,0.020,0.006,0.156,0.085,0.185,0.108,0.005,0.004,0.003,0.000,0.402,0.402
TCGA-BP-4776-01A,0.040,0.000,0.003,0.011,0.002,0.001,0.003,0.302,0.029,0.227,0.057,0.005,0.006,0.000,0.000,0.315,0.315
TCGA-AK-3431-01A,0.000,0.000,0.010,0.000,0.001,0.001,0.006,0.338,0.176,0.193,0.064,0.003,0.008,0.002,0.013,0.184,0.184
TCGA-BP-4974-01A,0.003,0.003,0.001,0.003,0.006,0.020,0.010,0.400,0.032,0.235,0.069,0.006,0.003,0.005,0.001,0.203,0.203
TCGA-BP-4976-01A,0.000,0.001,0.007,0.001,0.000,0.006,0.001,0.266,0.011,0.088,0.110,0.003,0.002,0.000,0.000,0.504,0.504
TCGA-CZ-5452-01A,0.024,0.001,0.038,0.005,0.074,0.001,0.041,0.101,0.023,0.023,0.304,0.000,0.000,0.000,0.000,0.364,0.364
TCGA-CZ-4863-01A,0.005,0.003,0.015,0.011,0.058,0.000,0.023,0.202,0.023,0.095,0.196,0.004,0.000,0.007,0.000,0.358,0.358
