,Plasma B cells,Non-plasma B cells,CD4 T,CD8 T effector,CD8 T (GZMK high),Double-neg-like T,DC,Endothelial Cells,CAFs,Myofibroblasts,Macrophages,Mast Cells,NK,Neutrophils,Monocytes,1-others,Cancer Cells
TCGA-24-1104-01A,0.006,0.000,0.002,0.012,0.002,0.000,0.013,0.008,0.027,0.012,0.056,0.001,0.005,0.007,0.000,0.849,0.849
TCGA-25-1320-01A,0.008,0.000,0.006,0.000,0.002,0.001,0.010,0.028,0.251,0.004,0.070,0.005,0.000,0.003,0.000,0.612,0.612
TCGA-24-1850-01A,0.011,0.000,0.010,0.001,0.009,0.000,0.001,0.010,0.105,0.011,0.104,0.004,0.003,0.000,0.000,0.733,0.733
TCGA-61-2101-01A,0.006,0.000,0.004,0.000,0.000,0.000,0.006,0.024,0.149,0.013,0.031,0.001,0.000,0.000,0.000,0.765,0.765
TCGA-23-1111-01A,0.000,0.000,0.003,0.000,0.000,0.000,0.002,0.015,0.093,0.013,0.008,0.001,0.000,0.000,0.000,0.864,0.864
TCGA-25-2396-01A,0.009,0.002,0.006,0.008,0.009,0.000,0.000,0.009,0.078,0.010,0.043,0.000,0.000,0.000,0.000,0.826,0.826
TCGA-30-1714-01A,0.000,0.000,0.000,0.000,0.000,0.000,0.000,0.005,0.021,0.003,0.011,0.000,0.000,0.000,0.000,0.959,0.959
TCGA-04-1347-01A,0.000,0.001,0.004,0.000,0.000,0.000,0.006,0.003,0.057,0.012,0.004,0.000,0.001,0.000,0.000,0.912,0.912
TCGA-59-2351-01A,0.033,0.000,0.010,0.000,0.000,0.000,0.002,0.017,0.087,0.021,0.107,0.001,0.001,0.000,0.000,0.722,0.722
TCGA-09-1659-01B,0.000,0.000,0.000,0.005,0.000,0.000,0.012,0.008,0.040,0.002,0.031,0.000,0.001,0.000,0.000,0.902,0.902
TCGA-24-1431-01A,0.000,0.000,0.000,0.001,0.000,0.000,0.011,0.006,0.026,0.004,0.047,0.000,0.001,0.000,0.000,0.903,0.903
TCGA-31-1951-01A,0.007,0.000,0.009,0.004,0.004,0.001,0.004,0.029,0.150,0.017,0.105,0.002,0.005,0.003,0.000,0.660,0.660
TCGA-29-1769-01A,0.000,0.000,0.000,0.005,0.000,0.000,0.005,0.006,0.083,0.010,0.041,0.000,0.000,0.001,0.000,0.848,0.848
TCGA-13-0916-01A,0.003,0.001,0.012,0.000,0.029,0.000,0.013,0.023,0.021,0.019,0.034,0.000,0.000,0.000,0.000,0.845,0.845
TCGA-61-1721-01A,0.000,0.002,0.000,0.000,0.004,0.001,0.009,0.149,0.352,0.149,0.089,0.013,0.001,0.000,0.000,0.230,0.230
TCGA-20-1687-01A,0.000,0.001,0.004,0.002,0.000,0.000,0.035,0.009,0.096,0.006,0.036,0.000,0.000,0.001,0.000,0.810,0.810
TCGA-29-2414-01A,0.002,0.000,0.003,0.000,0.001,0.000,0.009,0.012,0.219,0.009,0.022,0.001,0.000,0.000,0.000,0.722,0.722
TCGA-13-1411-01A,0.008,0.000,0.009,0.006,0.008,0.000,0.022,0.020,0.181,0.008,0.198,0.000,0.005,0.004,0.000,0.529,0.529
TCGA-24-1928-01A,0.009,0.000,0.006,0.001,0.008,0.000,0.005,0.033,0.153,0.021,0.071,0.002,0.000,0.003,0.000,0.687,0.687
TCGA-31-1959-01A,0.008,0.001,0.012,0.000,0.004,0.000,0.019,0.027,0.213,0.025,0.100,0.003,0.001,0.015,0.000,0.571,0.571
TCGA-57-1586-01A,0.013,0.001,0.003,0.001,0.000,0.000,0.012,0.010,0.022,0.009,0.041,0.000,0.000,0.002,0.000,0.884,0.884
TCGA-09-2044-01B,0.001,0.000,0.010,0.000,0.003,0.000,0.000,0.011,0.021,0.011,0.121,0.002,0.000,0.000,0.000,0.819,0.819
TCGA-13-1506-01A,0.001,0.000,0.006,0.000,0.000,0.000,0.000,0.008,0.028,0.002,0.019,0.001,0.000,0.002,0.000,0.931,0.931
TCGA-25-1870-01A,0.001,0.007,0.002,0.000,0.000,0.000,0.019,0.015,0.091,0.011,0.077,0.001,0.002,0.013,0.000,0.762,0.762
TCGA-09-0366-01A,0.000,0.000,0.003,0.000,0.000,0.000,0.000,0.010,0.003,0.000,0.268,0.002,0.005,0.014,0.000,0.693,0.693
TCGA-30-1892-01A,0.000,0.000,0.000,0.003,0.001,0.000,0.000,0.010,0.238,0.015,0.033,0.000,0.000,0.000,0.000,0.699,0.699
TCGA-13-0893-01B,0.000,0.000,0.004,0.026,0.000,0.000,0.004,0.016,0.055,0.021,0.053,0.000,0.004,0.000,0.000,0.818,0.818
TCGA-09-2056-01B,0.000,0.000,0.007,0.001,0.000,0.000,0.019,0.005,0.024,0.005,0.044,0.002,0.003,0.000,0.000,0.890,0.890
TCGA-29-1781-01A,0.046,0.000,0.016,0.010,0.012,0.000,0.001,0.019,0.029,0.012,0.181,0.001,0.000,0.000,0.000,0.671,0.671
TCGA-29-1699-01A,0.007,0.007,0.011,0.001,0.001,0.000,0.013,0.016,0.035,0.014,0.113,0.001,0.007,0.002,0.000,0.772,0.772
TCGA-04-1364-01A,0.001,0.001,0.001,0.000,0.001,0.000,0.004,0.018,0.020,0.021,0.001,0.001,0.000,0.000,0.000,0.931,0.931
TCGA-59-2363-01A,0.001,0.001,0.004,0.000,0.000,0.000,0.007,0.019,0.054,0.012,0.011,0.002,0.000,0.000,0.000,0.890,0.890
TCGA-24-1416-01A,0.000,0.000,0.000,0.000,0.000,0.000,0.000,0.011,0.026,0.011,0.055,0.001,0.002,0.000,0.000,0.893,0.893
TCGA-20-1686-01A,0.001,0.000,0.000,0.000,0.000,0.000,0.001,0.016,0.035,0.018,0.010,0.002,0.000,0.000,0.000,0.917,0.917
TCGA-29-1697-01A,0.001,0.001,0.005,0.000,0.000,0.000,0.001,0.018,0.003,0.016,0.010,0.002,0.001,0.000,0.000,0.944,0.944
TCGA-29-1770-01A,0.000,0.000,0.003,0.001,0.000,0.000,0.000,0.020,0.141,0.021,0.044,0.001,0.000,0.000,0.000,0.767,0.767
TCGA-23-1116-01A,0.000,0.000,0.004,0.000,0.000,0.000,0.010,0.006,0.182,0.013,0.109,0.002,0.001,0.001,0.000,0.671,0.671
TCGA-29-2428-01A,0.013,0.000,0.012,0.008,0.008,0.000,0.014,0.014,0.035,0.007,0.088,0.000,0.001,0.000,0.000,0.799,0.799
TCGA-24-2293-01A,0.009,0.001,0.007,0.000,0.001,0.000,0.041,0.039,0.348,0.032,0.103,0.003,0.002,0.010,0.000,0.401,0.401
TCGA-25-1635-01A,0.003,0.000,0.007,0.000,0.015,0.000,0.007,0.011,0.177,0.008,0.106,0.002,0.002,0.002,0.000,0.659,0.659
TCGA-25-2409-01A,0.000,0.000,0.005,0.004,0.002,0.000,0.005,0.017,0.099,0.005,0.085,0.001,0.006,0.002,0.000,0.768,0.768
TCGA-24-2280-01A,0.006,0.006,0.005,0.000,0.002,0.001,0.007,0.042,0.262,0.043,0.052,0.002,0.001,0.001,0.000,0.570,0.570
TCGA-29-1710-01A,0.015,0.000,0.026,0.005,0.001,0.000,0.105,0.022,0.149,0.006,0.117,0.001,0.018,0.008,0.000,0.528,0.528
TCGA-61-2095-01A,0.001,0.001,0.008,0.000,0.002,0.007,0.033,0.026,0.184,0.005,0.074,0.010,0.009,0.014,0.000,0.625,0.625
TCGA-13-1489-01A,0.001,0.000,0.002,0.000,0.000,0.000,0.000,0.007,0.017,0.013,0.011,0.000,0.000,0.001,0.000,0.948,0.948
TCGA-23-1023-01A,0.001,0.000,0.004,0.001,0.001,0.000,0.013,0.050,0.109,0.050,0.063,0.001,0.006,0.000,0.000,0.701,0.701
TCGA-29-2425-01A,0.008,0.000,0.005,0.000,0.000,0.001,0.007,0.015,0.060,0.011,0.016,0.002,0.001,0.000,0.000,0.873,0.873
TCGA-36-1574-01A,0.001,0.000,0.007,0.004,0.002,0.000,0.009,0.020,0.085,0.011,0.058,0.001,0.000,0.003,0.000,0.797,0.797
TCGA-30-1853-01A,0.000,0.000,0.001,0.000,0.000,0.000,0.002,0.003,0.078,0.007,0.002,0.000,0.000,0.000,0.000,0.907,0.907
TCGA-04-1648-01A,0.000,0.006,0.005,0.000,0.000,0.000,0.027,0.021,0.024,0.010,0.080,0.001,0.011,0.000,0.000,0.815,0.815
TCGA-13-1409-01A,0.000,0.010,0.001,0.000,0.000,0.001,0.006,0.004,0.145,0.009,0.000,0.002,0.000,0.000,0.000,0.822,0.822
TCGA-OY-A56Q-01A,0.000,0.011,0.001,0.000,0.000,0.000,0.001,0.015,0.025,0.017,0.002,0.000,0.000,0.000,0.000,0.927,0.927
TCGA-24-1471-01A,0.000,0.000,0.000,0.000,0.000,0.000,0.016,0.004,0.018,0.001,0.010,0.000,0.000,0.000,0.000,0.950,0.950
TCGA-59-2350-01A,0.001,0.000,0.005,0.002,0.000,0.000,0.002,0.011,0.050,0.005,0.069,0.001,0.000,0.000,0.000,0.853,0.853
TCGA-29-1688-01A,0.000,0.000,0.000,0.008,0.002,0.000,0.003,0.009,0.069,0.012,0.139,0.002,0.002,0.000,0.000,0.755,0.755
TCGA-61-1724-01A,0.013,0.001,0.005,0.001,0.004,0.000,0.004,0.019,0.107,0.032,0.046,0.000,0.000,0.008,0.000,0.760,0.760
TCGA-25-1628-01A,0.007,0.001,0.012,0.001,0.023,0.000,0.013,0.026,0.245,0.021,0.087,0.003,0.001,0.002,0.000,0.559,0.559
TCGA-09-1669-01A,0.010,0.001,0.011,0.007,0.003,0.000,0.009,0.019,0.084,0.026,0.035,0.001,0.000,0.000,0.000,0.793,0.793
TCGA-13-1405-01A,0.004,0.000,0.003,0.008,0.008,0.000,0.015,0.032,0.159,0.020,0.061,0.002,0.000,0.002,0.000,0.685,0.685
TCGA-24-2024-01A,0.005,0.000,0.004,0.000,0.000,0.000,0.004,0.018,0.128,0.009,0.045,0.000,0.002,0.000,0.000,0.784,0.784
TCGA-24-1422-01A,0.002,0.001,0.004,0.004,0.007,0.001,0.026,0.024,0.230,0.024,0.099,0.002,0.012,0.003,0.000,0.561,0.561
TCGA-61-1740-01A,0.015,0.000,0.009,0.006,0.018,0.000,0.001,0.011,0.036,0.020,0.145,0.001,0.001,0.016,0.000,0.721,0.721
TCGA-13-0891-01A,0.000,0.000,0.002,0.006,0.000,0.000,0.000,0.009,0.026,0.007,0.023,0.001,0.003,0.000,0.000,0.922,0.922
TCGA-61-1728-01A,0.003,0.000,0.003,0.000,0.000,0.000,0.006,0.018,0.040,0.016,0.035,0.002,0.004,0.001,0.000,0.871,0.871
TCGA-61-1733-01A,0.000,0.000,0.008,0.000,0.003,0.000,0.005,0.010,0.137,0.007,0.048,0.001,0.000,0.000,0.000,0.780,0.780
TCGA-13-0720-01A,0.000,0.000,0.000,0.000,0.000,0.000,0.002,0.005,0.019,0.005,0.000,0.000,0.000,0.010,0.000,0.960,0.960
TCGA-29-1698-01A,0.002,0.002,0.006,0.000,0.002,0.000,0.010,0.029,0.161,0.026,0.032,0.001,0.000,0.001,0.000,0.726,0.726
TCGA-24-2288-01A,0.030,0.018,0.010,0.003,0.015,0.000,0.011,0.028,0.085,0.014,0.070,0.001,0.002,0.002,0.000,0.712,0.712
TCGA-25-1630-01A,0.000,0.000,0.003,0.000,0.001,0.000,0.018,0.018,0.056,0.012,0.147,0.003,0.004,0.007,0.000,0.729,0.729
TCGA-13-0901-01B,0.000,0.000,0.000,0.001,0.000,0.000,0.006,0.007,0.113,0.020,0.014,0.000,0.000,0.000,0.000,0.839,0.839
TCGA-24-1567-01A,0.005,0.000,0.004,0.000,0.007,0.000,0.002,0.023,0.047,0.027,0.015,0.002,0.000,0.000,0.000,0.867,0.867
TCGA-23-2084-01A,0.000,0.000,0.003,0.005,0.001,0.000,0.000,0.016,0.073,0.019,0.064,0.000,0.000,0.001,0.000,0.818,0.818
TCGA-36-1576-01A,0.008,0.000,0.011,0.001,0.012,0.000,0.016,0.026,0.232,0.027,0.116,0.003,0.001,0.003,0.000,0.542,0.542
TCGA-13-0730-01A,0.002,0.000,0.006,0.000,0.004,0.000,0.016,0.017,0.116,0.021,0.035,0.001,0.000,0.000,0.000,0.781,0.781
TCGA-04-1517-01A,0.000,0.000,0.002,0.000,0.000,0.000,0.013,0.009,0.040,0.002,0.021,0.001,0.000,0.000,0.000,0.910,0.910
TCGA-29-1778-01A,0.015,0.000,0.010,0.000,0.001,0.000,0.015,0.028,0.050,0.018,0.042,0.001,0.010,0.000,0.000,0.808,0.808
TCGA-24-1413-01A,0.000,0.002,0.000,0.000,0.000,0.000,0.000,0.024,0.035,0.006,0.044,0.000,0.000,0.001,0.000,0.887,0.887
TCGA-24-2023-01A,0.000,0.000,0.005,0.001,0.001,0.000,0.002,0.008,0.022,0.001,0.057,0.001,0.004,0.001,0.000,0.897,0.897
TCGA-13-0725-01A,0.001,0.000,0.006,0.000,0.000,0.000,0.007,0.010,0.067,0.017,0.097,0.001,0.000,0.000,0.000,0.793,0.793
TCGA-13-0883-01A,0.000,0.001,0.005,0.000,0.010,0.000,0.011,0.024,0.232,0.006,0.073,0.004,0.000,0.001,0.000,0.632,0.632
TCGA-24-1555-01A,0.000,0.000,0.002,0.000,0.000,0.000,0.000,0.008,0.022,0.005,0.031,0.000,0.000,0.000,0.000,0.932,0.932
TCGA-23-1029-01B,0.002,0.003,0.001,0.000,0.001,0.000,0.001,0.032,0.056,0.016,0.036,0.003,0.000,0.001,0.000,0.849,0.849
TCGA-13-1507-01A,0.008,0.000,0.012,0.009,0.001,0.000,0.006,0.008,0.103,0.008,0.098,0.001,0.004,0.000,0.000,0.743,0.743
TCGA-61-1998-01A,0.000,0.000,0.004,0.001,0.000,0.000,0.005,0.027,0.120,0.009,0.099,0.001,0.001,0.001,0.000,0.733,0.733
TCGA-24-1419-01A,0.000,0.000,0.000,0.000,0.000,0.000,0.001,0.014,0.019,0.009,0.004,0.004,0.000,0.000,0.000,0.947,0.947
TCGA-30-1862-01A,0.013,0.001,0.007,0.001,0.001,0.000,0.012,0.028,0.209,0.019,0.045,0.004,0.002,0.002,0.000,0.656,0.656
TCGA-09-1670-01A,0.000,0.000,0.004,0.000,0.000,0.000,0.013,0.007,0.043,0.009,0.095,0.001,0.001,0.000,0.000,0.826,0.826
TCGA-24-2281-01A,0.014,0.001,0.019,0.015,0.003,0.000,0.016,0.011,0.027,0.004,0.112,0.000,0.000,0.010,0.000,0.767,0.767
TCGA-57-1994-01A,0.012,0.014,0.019,0.001,0.023,0.000,0.017,0.024,0.027,0.008,0.109,0.002,0.002,0.001,0.000,0.741,0.741
TCGA-24-0968-01A,0.001,0.000,0.000,0.015,0.000,0.000,0.005,0.007,0.083,0.015,0.118,0.000,0.000,0.000,0.000,0.753,0.753
TCGA-23-1113-01A,0.000,0.000,0.002,0.000,0.000,0.000,0.000,0.009,0.065,0.000,0.027,0.001,0.000,0.000,0.000,0.896,0.896
TCGA-24-1548-01A,0.014,0.004,0.005,0.000,0.000,0.000,0.003,0.010,0.036,0.014,0.031,0.000,0.000,0.000,0.000,0.881,0.881
TCGA-24-1552-01A,0.000,0.000,0.001,0.000,0.001,0.000,0.000,0.011,0.019,0.012,0.029,0.000,0.000,0.001,0.000,0.926,0.926
TCGA-24-1930-01A,0.017,0.003,0.016,0.006,0.004,0.000,0.006,0.024,0.113,0.009,0.168,0.001,0.000,0.002,0.000,0.632,0.632
TCGA-10-0936-01A,0.006,0.001,0.004,0.003,0.004,0.000,0.015,0.010,0.001,0.007,0.032,0.000,0.002,0.001,0.000,0.914,0.914
TCGA-61-2102-01A,0.000,0.000,0.005,0.000,0.001,0.000,0.000,0.056,0.168,0.027,0.077,0.001,0.000,0.000,0.000,0.664,0.664
TCGA-59-2352-01A,0.022,0.001,0.005,0.003,0.005,0.000,0.016,0.019,0.114,0.016,0.066,0.002,0.002,0.000,0.000,0.727,0.727
TCGA-61-1910-01A,0.000,0.000,0.000,0.002,0.000,0.000,0.004,0.016,0.024,0.009,0.021,0.000,0.000,0.001,0.000,0.921,0.921
TCGA-13-1512-01A,0.009,0.000,0.003,0.007,0.000,0.000,0.000,0.012,0.091,0.008,0.059,0.001,0.000,0.001,0.000,0.808,0.808
TCGA-29-1768-01A,0.004,0.000,0.011,0.008,0.000,0.000,0.010,0.009,0.261,0.006,0.105,0.002,0.003,0.000,0.000,0.581,0.581
TCGA-13-0897-01A,0.000,0.000,0.014,0.004,0.001,0.000,0.000,0.006,0.062,0.000,0.083,0.001,0.001,0.000,0.000,0.829,0.829
TCGA-10-0938-01A,0.000,0.000,0.000,0.000,0.002,0.000,0.001,0.010,0.027,0.001,0.000,0.000,0.000,0.000,0.000,0.958,0.958
TCGA-13-0804-01A,0.000,0.000,0.000,0.006,0.000,0.000,0.000,0.009,0.008,0.005,0.130,0.000,0.006,0.000,0.000,0.835,0.835
TCGA-13-0920-01A,0.007,0.000,0.002,0.000,0.001,0.000,0.003,0.011,0.038,0.007,0.004,0.000,0.000,0.000,0.000,0.926,0.926
TCGA-25-2042-01A,0.014,0.000,0.003,0.000,0.007,0.000,0.013,0.037,0.502,0.038,0.077,0.004,0.000,0.011,0.000,0.292,0.292
TCGA-13-1505-01A,0.007,0.000,0.004,0.000,0.004,0.000,0.015,0.013,0.199,0.017,0.012,0.002,0.000,0.000,0.000,0.724,0.724
TCGA-61-2110-01A,0.000,0.003,0.005,0.000,0.000,0.004,0.005,0.007,0.062,0.001,0.039,0.004,0.002,0.000,0.000,0.869,0.869
TCGA-24-1849-01A,0.011,0.002,0.010,0.001,0.013,0.000,0.029,0.052,0.245,0.037,0.137,0.003,0.006,0.007,0.001,0.445,0.445
TCGA-04-1341-01A,0.011,0.000,0.001,0.004,0.000,0.000,0.002,0.003,0.049,0.006,0.012,0.000,0.000,0.000,0.000,0.911,0.911
TCGA-24-2254-01A,0.001,0.001,0.001,0.000,0.001,0.000,0.018,0.027,0.112,0.014,0.081,0.005,0.000,0.010,0.000,0.729,0.729
TCGA-13-1488-01A,0.002,0.000,0.014,0.010,0.000,0.000,0.027,0.004,0.041,0.010,0.018,0.000,0.000,0.000,0.000,0.872,0.872
TCGA-61-2094-01A,0.054,0.002,0.032,0.023,0.023,0.000,0.039,0.017,0.034,0.009,0.138,0.000,0.000,0.014,0.000,0.613,0.613
TCGA-20-1683-01A,0.026,0.000,0.006,0.000,0.011,0.000,0.003,0.017,0.121,0.005,0.025,0.002,0.000,0.000,0.000,0.783,0.783
TCGA-29-1703-01A,0.000,0.000,0.004,0.005,0.000,0.000,0.008,0.015,0.056,0.010,0.038,0.000,0.000,0.000,0.000,0.864,0.864
TCGA-04-1343-01A,0.011,0.006,0.004,0.004,0.002,0.000,0.006,0.008,0.135,0.018,0.058,0.000,0.001,0.000,0.000,0.746,0.746
TCGA-25-1627-01A,0.006,0.002,0.004,0.000,0.000,0.000,0.000,0.019,0.045,0.005,0.042,0.002,0.000,0.006,0.000,0.867,0.867
TCGA-61-1919-01A,0.008,0.000,0.013,0.000,0.000,0.000,0.008,0.015,0.173,0.013,0.126,0.002,0.001,0.000,0.000,0.639,0.639
TCGA-24-1565-01A,0.000,0.000,0.000,0.000,0.000,0.000,0.019,0.003,0.027,0.007,0.077,0.000,0.005,0.001,0.000,0.859,0.859
TCGA-31-1946-01A,0.006,0.000,0.006,0.003,0.005,0.000,0.000,0.020,0.160,0.013,0.129,0.002,0.001,0.009,0.000,0.647,0.647
TCGA-29-1774-01A,0.000,0.000,0.001,0.000,0.000,0.000,0.001,0.020,0.048,0.024,0.005,0.002,0.000,0.000,0.000,0.898,0.898
TCGA-36-1577-01A,0.001,0.000,0.001,0.000,0.003,0.000,0.002,0.021,0.049,0.016,0.019,0.003,0.000,0.000,0.000,0.886,0.886
TCGA-24-2261-01A,0.003,0.001,0.006,0.014,0.034,0.000,0.009,0.018,0.092,0.014,0.130,0.001,0.000,0.001,0.000,0.675,0.675
TCGA-23-2077-01A,0.000,0.001,0.009,0.000,0.000,0.000,0.030,0.013,0.080,0.015,0.088,0.000,0.003,0.000,0.000,0.761,0.761
TCGA-36-1581-01A,0.024,0.001,0.021,0.012,0.025,0.000,0.020,0.026,0.042,0.001,0.097,0.001,0.000,0.006,0.000,0.723,0.723
TCGA-09-1661-01B,0.000,0.002,0.002,0.000,0.000,0.000,0.016,0.012,0.148,0.010,0.006,0.000,0.000,0.000,0.000,0.803,0.803
TCGA-13-1482-01A,0.000,0.000,0.006,0.001,0.000,0.000,0.004,0.012,0.115,0.006,0.038,0.000,0.010,0.000,0.000,0.808,0.808
TCGA-13-0924-01A,0.004,0.001,0.007,0.006,0.006,0.000,0.020,0.011,0.061,0.017,0.088,0.002,0.001,0.000,0.000,0.776,0.776
TCGA-23-1120-01A,0.003,0.000,0.008,0.015,0.001,0.000,0.015,0.021,0.063,0.008,0.084,0.001,0.001,0.001,0.000,0.780,0.780
TCGA-04-1357-01A,0.012,0.017,0.013,0.021,0.026,0.000,0.047,0.011,0.047,0.008,0.136,0.000,0.001,0.003,0.000,0.656,0.656
TCGA-04-1651-01A,0.001,0.000,0.000,0.004,0.000,0.000,0.002,0.012,0.002,0.011,0.010,0.000,0.000,0.003,0.000,0.955,0.955
TCGA-13-1497-01A,0.010,0.000,0.006,0.002,0.002,0.000,0.002,0.021,0.063,0.020,0.020,0.001,0.000,0.000,0.000,0.851,0.851
TCGA-24-1557-01A,0.001,0.000,0.005,0.000,0.000,0.000,0.003,0.023,0.024,0.017,0.051,0.000,0.000,0.003,0.000,0.872,0.872
TCGA-24-1562-01A,0.000,0.000,0.011,0.000,0.001,0.000,0.027,0.011,0.146,0.009,0.052,0.000,0.003,0.000,0.000,0.737,0.737
TCGA-24-2289-01A,0.000,0.002,0.005,0.000,0.001,0.000,0.004,0.022,0.246,0.029,0.105,0.002,0.001,0.012,0.000,0.570,0.570
TCGA-25-1871-01A,0.000,0.004,0.001,0.000,0.000,0.001,0.004,0.020,0.032,0.005,0.001,0.001,0.000,0.000,0.000,0.931,0.931
TCGA-29-1777-01A,0.010,0.000,0.007,0.002,0.000,0.000,0.013,0.004,0.149,0.007,0.043,0.003,0.001,0.000,0.000,0.760,0.760
TCGA-04-1542-01A,0.000,0.000,0.001,0.000,0.000,0.000,0.001,0.008,0.070,0.009,0.002,0.003,0.000,0.000,0.000,0.907,0.907
TCGA-24-1556-01A,0.003,0.001,0.005,0.011,0.005,0.000,0.011,0.027,0.036,0.019,0.078,0.000,0.001,0.001,0.000,0.801,0.801
TCGA-24-1427-01A,0.009,0.001,0.008,0.000,0.017,0.000,0.022,0.019,0.197,0.021,0.072,0.003,0.000,0.001,0.000,0.631,0.631
TCGA-13-1403-01A,0.000,0.000,0.000,0.001,0.000,0.000,0.002,0.015,0.088,0.020,0.009,0.000,0.000,0.002,0.000,0.863,0.863
TCGA-13-0797-01A,0.000,0.000,0.003,0.005,0.000,0.000,0.006,0.005,0.003,0.007,0.040,0.001,0.004,0.000,0.000,0.924,0.924
TCGA-09-1668-01B,0.001,0.000,0.021,0.015,0.000,0.000,0.047,0.027,0.072,0.021,0.045,0.001,0.000,0.005,0.000,0.744,0.744
TCGA-29-1694-01A,0.000,0.000,0.006,0.000,0.000,0.000,0.016,0.019,0.131,0.010,0.047,0.003,0.001,0.015,0.000,0.750,0.750
TCGA-36-1571-01A,0.002,0.000,0.000,0.000,0.000,0.000,0.001,0.018,0.038,0.013,0.003,0.000,0.000,0.000,0.000,0.924,0.924
TCGA-25-1318-01A,0.003,0.000,0.001,0.002,0.000,0.000,0.006,0.014,0.108,0.003,0.093,0.000,0.000,0.001,0.000,0.768,0.768
TCGA-13-0714-01A,0.001,0.006,0.002,0.005,0.001,0.000,0.012,0.015,0.139,0.017,0.046,0.000,0.000,0.000,0.000,0.756,0.756
TCGA-24-1418-01A,0.002,0.007,0.008,0.001,0.002,0.001,0.012,0.020,0.151,0.024,0.035,0.002,0.000,0.002,0.000,0.733,0.733
TCGA-25-1633-01A,0.002,0.001,0.015,0.000,0.015,0.000,0.021,0.023,0.257,0.034,0.073,0.003,0.001,0.002,0.000,0.551,0.551
TCGA-13-2060-01A,0.002,0.000,0.012,0.005,0.002,0.000,0.014,0.007,0.041,0.019,0.085,0.001,0.000,0.000,0.000,0.813,0.813
TCGA-13-0905-01B,0.004,0.000,0.012,0.006,0.000,0.000,0.008,0.018,0.027,0.011,0.022,0.000,0.000,0.000,0.000,0.889,0.889
TCGA-29-1785-01A,0.000,0.000,0.019,0.016,0.006,0.000,0.009,0.010,0.035,0.003,0.124,0.001,0.000,0.000,0.000,0.776,0.776
TCGA-09-0369-01A,0.001,0.001,0.004,0.000,0.001,0.000,0.005,0.023,0.111,0.025,0.030,0.001,0.000,0.000,0.000,0.798,0.798
TCGA-61-2088-01A,0.000,0.006,0.000,0.000,0.000,0.000,0.005,0.023,0.034,0.058,0.010,0.001,0.004,0.007,0.000,0.850,0.850
TCGA-13-0885-01A,0.000,0.000,0.011,0.013,0.000,0.000,0.043,0.007,0.039,0.009,0.103,0.001,0.000,0.000,0.000,0.773,0.773
TCGA-13-0726-01A,0.000,0.000,0.003,0.001,0.000,0.000,0.000,0.004,0.047,0.000,0.043,0.002,0.004,0.000,0.000,0.896,0.896
TCGA-13-0923-01A,0.002,0.001,0.007,0.002,0.003,0.000,0.000,0.004,0.010,0.006,0.044,0.000,0.004,0.000,0.000,0.915,0.915
TCGA-24-1430-01A,0.000,0.000,0.004,0.000,0.001,0.000,0.003,0.025,0.065,0.017,0.007,0.001,0.001,0.000,0.000,0.876,0.876
TCGA-24-1549-01A,0.006,0.000,0.020,0.009,0.000,0.000,0.005,0.020,0.018,0.006,0.050,0.001,0.009,0.003,0.000,0.853,0.853
TCGA-24-1467-01A,0.000,0.000,0.000,0.002,0.001,0.000,0.001,0.026,0.033,0.010,0.019,0.000,0.000,0.000,0.000,0.906,0.906
TCGA-20-0991-01A,0.023,0.001,0.028,0.004,0.017,0.000,0.024,0.008,0.017,0.000,0.204,0.000,0.001,0.000,0.000,0.672,0.672
TCGA-25-2401-01A,0.002,0.000,0.012,0.005,0.002,0.000,0.007,0.030,0.156,0.016,0.181,0.003,0.002,0.001,0.000,0.584,0.584
TCGA-13-0919-01A,0.001,0.000,0.005,0.001,0.000,0.000,0.000,0.009,0.152,0.009,0.115,0.000,0.000,0.005,0.000,0.702,0.702
TCGA-13-1485-01A,0.001,0.000,0.004,0.000,0.000,0.000,0.012,0.014,0.365,0.015,0.017,0.003,0.000,0.001,0.000,0.568,0.568
TCGA-24-1464-01A,0.000,0.000,0.002,0.001,0.014,0.000,0.000,0.005,0.032,0.007,0.042,0.000,0.000,0.000,0.000,0.897,0.897
TCGA-31-1950-01A,0.018,0.000,0.007,0.000,0.001,0.000,0.002,0.019,0.002,0.013,0.072,0.000,0.001,0.002,0.000,0.863,0.863
TCGA-24-1434-01A,0.002,0.001,0.011,0.000,0.001,0.000,0.001,0.014,0.301,0.014,0.147,0.002,0.001,0.005,0.000,0.500,0.500
TCGA-24-1616-01A,0.001,0.001,0.005,0.000,0.000,0.000,0.000,0.008,0.083,0.001,0.012,0.002,0.001,0.000,0.000,0.884,0.884
TCGA-09-1666-01A,0.000,0.000,0.007,0.000,0.009,0.000,0.007,0.006,0.028,0.014,0.070,0.000,0.001,0.002,0.000,0.857,0.857
TCGA-13-0762-01A,0.000,0.002,0.001,0.000,0.000,0.001,0.010,0.008,0.038,0.003,0.014,0.000,0.000,0.000,0.000,0.920,0.920
TCGA-10-0934-01A,0.001,0.000,0.000,0.000,0.000,0.000,0.001,0.003,0.000,0.003,0.000,0.000,0.000,0.000,0.000,0.992,0.992
TCGA-09-0364-01A,0.000,0.000,0.000,0.000,0.001,0.002,0.002,0.012,0.029,0.001,0.001,0.001,0.000,0.000,0.000,0.951,0.951
TCGA-04-1331-01A,0.001,0.000,0.005,0.000,0.000,0.000,0.008,0.018,0.110,0.013,0.020,0.002,0.000,0.001,0.000,0.822,0.822
TCGA-24-1846-01A,0.000,0.000,0.006,0.008,0.001,0.000,0.001,0.005,0.073,0.011,0.079,0.001,0.001,0.001,0.000,0.813,0.813
TCGA-24-1436-01A,0.007,0.000,0.002,0.012,0.000,0.000,0.001,0.016,0.053,0.010,0.068,0.000,0.002,0.001,0.000,0.827,0.827
TCGA-13-1408-01A,0.020,0.002,0.009,0.002,0.001,0.000,0.009,0.012,0.267,0.015,0.027,0.001,0.000,0.000,0.000,0.635,0.635
TCGA-24-2033-01A,0.000,0.004,0.001,0.000,0.000,0.000,0.004,0.010,0.135,0.020,0.064,0.002,0.002,0.000,0.000,0.759,0.759
TCGA-24-1843-01A,0.008,0.000,0.006,0.001,0.010,0.000,0.000,0.006,0.025,0.007,0.139,0.000,0.001,0.000,0.000,0.797,0.797
TCGA-10-0927-01A,0.000,0.000,0.000,0.000,0.000,0.000,0.007,0.008,0.133,0.013,0.002,0.000,0.001,0.000,0.000,0.835,0.835
TCGA-10-0937-01A,0.000,0.000,0.004,0.011,0.000,0.000,0.000,0.005,0.031,0.005,0.056,0.000,0.000,0.000,0.000,0.887,0.887
TCGA-09-0367-01A,0.000,0.000,0.004,0.000,0.000,0.000,0.022,0.003,0.001,0.003,0.044,0.001,0.004,0.000,0.000,0.918,0.918
TCGA-24-1845-01A,0.000,0.000,0.000,0.000,0.000,0.000,0.000,0.003,0.002,0.003,0.048,0.000,0.000,0.000,0.000,0.943,0.943
TCGA-24-1560-01A,0.000,0.002,0.006,0.000,0.000,0.000,0.007,0.016,0.031,0.012,0.025,0.002,0.000,0.000,0.000,0.898,0.898
TCGA-13-0724-01A,0.000,0.001,0.001,0.002,0.001,0.000,0.012,0.009,0.052,0.012,0.015,0.001,0.001,0.000,0.000,0.895,0.895
TCGA-5X-AA5U-01A,0.000,0.004,0.000,0.000,0.000,0.000,0.007,0.016,0.075,0.002,0.003,0.000,0.000,0.000,0.000,0.892,0.892
TCGA-25-2393-01A,0.000,0.000,0.005,0.000,0.000,0.000,0.009,0.005,0.039,0.007,0.012,0.000,0.001,0.000,0.000,0.921,0.921
TCGA-25-1322-01A,0.004,0.000,0.002,0.000,0.000,0.000,0.000,0.024,0.100,0.023,0.082,0.003,0.001,0.013,0.000,0.748,0.748
TCGA-61-2009-01A,0.001,0.000,0.008,0.003,0.000,0.000,0.008,0.014,0.150,0.011,0.062,0.001,0.000,0.007,0.000,0.733,0.733
TCGA-13-1481-01A,0.028,0.000,0.006,0.000,0.000,0.000,0.004,0.018,0.198,0.026,0.023,0.001,0.002,0.000,0.000,0.692,0.692
TCGA-13-0799-01A,0.000,0.001,0.008,0.000,0.006,0.000,0.003,0.009,0.021,0.007,0.001,0.000,0.000,0.000,0.000,0.945,0.945
TCGA-13-1487-01A,0.000,0.000,0.001,0.000,0.000,0.000,0.007,0.008,0.114,0.008,0.009,0.000,0.000,0.000,0.000,0.852,0.852
TCGA-24-1564-01A,0.001,0.000,0.006,0.000,0.003,0.000,0.010,0.025,0.172,0.001,0.191,0.003,0.001,0.024,0.000,0.562,0.562
TCGA-61-2109-01A,0.000,0.001,0.003,0.004,0.000,0.000,0.001,0.016,0.022,0.018,0.049,0.001,0.004,0.006,0.000,0.877,0.877
TCGA-59-2354-01A,0.008,0.001,0.009,0.005,0.009,0.000,0.024,0.020,0.208,0.021,0.094,0.001,0.006,0.001,0.000,0.592,0.592
TCGA-10-0926-01A,0.000,0.000,0.004,0.002,0.000,0.000,0.004,0.017,0.073,0.018,0.018,0.000,0.001,0.000,0.000,0.863,0.863
TCGA-04-1519-01A,0.000,0.000,0.004,0.000,0.000,0.000,0.002,0.009,0.070,0.011,0.001,0.000,0.000,0.000,0.000,0.902,0.902
TCGA-24-2020-01A,0.003,0.000,0.000,0.000,0.004,0.000,0.001,0.013,0.043,0.029,0.026,0.002,0.000,0.000,0.000,0.880,0.880
TCGA-3P-A9WA-01A,0.000,0.000,0.002,0.000,0.000,0.000,0.004,0.026,0.006,0.017,0.010,0.000,0.000,0.016,0.000,0.919,0.919
TCGA-04-1348-01A,0.006,0.000,0.012,0.014,0.002,0.000,0.003,0.011,0.018,0.001,0.131,0.000,0.000,0.000,0.000,0.801,0.801
TCGA-13-0906-01A,0.001,0.000,0.006,0.002,0.000,0.000,0.006,0.006,0.039,0.010,0.018,0.001,0.001,0.000,0.000,0.908,0.908
TCGA-30-1860-01A,0.008,0.000,0.018,0.021,0.011,0.000,0.006,0.013,0.040,0.009,0.120,0.004,0.000,0.000,0.000,0.750,0.750
TCGA-36-1569-01A,0.008,0.003,0.017,0.000,0.017,0.001,0.067,0.013,0.222,0.007,0.064,0.002,0.001,0.001,0.000,0.574,0.574
TCGA-25-1319-01A,0.000,0.001,0.005,0.005,0.004,0.000,0.001,0.036,0.015,0.019,0.091,0.001,0.002,0.000,0.000,0.820,0.820
TCGA-57-1583-01A,0.000,0.000,0.004,0.004,0.000,0.000,0.001,0.010,0.095,0.015,0.011,0.001,0.000,0.000,0.000,0.858,0.858
TCGA-29-1776-01A,0.002,0.000,0.004,0.000,0.004,0.000,0.004,0.018,0.119,0.016,0.035,0.001,0.000,0.000,0.000,0.797,0.797
TCGA-24-2271-01A,0.015,0.009,0.013,0.003,0.001,0.001,0.038,0.018,0.197,0.019,0.047,0.001,0.002,0.011,0.000,0.625,0.625
TCGA-23-1109-01A,0.001,0.001,0.007,0.000,0.005,0.000,0.035,0.017,0.098,0.014,0.046,0.002,0.000,0.000,0.000,0.775,0.775
TCGA-61-2092-01A,0.000,0.000,0.000,0.000,0.000,0.000,0.001,0.004,0.001,0.003,0.003,0.000,0.000,0.000,0.000,0.987,0.987
TCGA-13-0800-01A,0.000,0.001,0.002,0.000,0.001,0.000,0.003,0.013,0.019,0.017,0.001,0.001,0.000,0.000,0.000,0.942,0.942
TCGA-24-1924-01A,0.004,0.000,0.017,0.011,0.002,0.000,0.006,0.016,0.030,0.011,0.132,0.001,0.000,0.000,0.000,0.768,0.768
TCGA-24-1563-01A,0.004,0.000,0.005,0.003,0.000,0.001,0.024,0.023,0.243,0.018,0.068,0.002,0.001,0.004,0.000,0.605,0.605
TCGA-29-1761-01A,0.000,0.000,0.003,0.000,0.006,0.000,0.013,0.003,0.026,0.005,0.089,0.001,0.000,0.000,0.000,0.853,0.853
TCGA-24-1423-01A,0.004,0.001,0.004,0.000,0.004,0.000,0.002,0.024,0.048,0.017,0.040,0.003,0.000,0.003,0.000,0.849,0.849
TCGA-09-2045-01A,0.000,0.000,0.003,0.001,0.001,0.000,0.005,0.020,0.037,0.011,0.049,0.000,0.001,0.002,0.000,0.869,0.869
TCGA-24-0979-01A,0.003,0.002,0.000,0.004,0.001,0.000,0.006,0.021,0.026,0.012,0.008,0.000,0.000,0.000,0.000,0.916,0.916
TCGA-25-1314-01A,0.001,0.000,0.004,0.004,0.000,0.000,0.004,0.020,0.051,0.036,0.019,0.000,0.006,0.000,0.000,0.854,0.854
TCGA-29-1702-01A,0.002,0.002,0.003,0.000,0.000,0.000,0.007,0.009,0.053,0.024,0.018,0.004,0.000,0.000,0.000,0.878,0.878
TCGA-13-0887-01A,0.001,0.000,0.004,0.001,0.000,0.000,0.002,0.004,0.039,0.008,0.034,0.000,0.000,0.000,0.000,0.905,0.905
TCGA-61-1741-01A,0.017,0.003,0.014,0.000,0.000,0.000,0.012,0.021,0.041,0.024,0.040,0.001,0.003,0.000,0.000,0.823,0.823
TCGA-09-2048-01A,0.000,0.000,0.003,0.000,0.000,0.000,0.005,0.006,0.053,0.015,0.003,0.001,0.000,0.000,0.000,0.914,0.914
TCGA-09-1674-01A,0.000,0.005,0.003,0.000,0.000,0.000,0.002,0.027,0.027,0.034,0.002,0.003,0.000,0.000,0.000,0.897,0.897
TCGA-61-2012-01A,0.037,0.001,0.010,0.006,0.010,0.000,0.001,0.015,0.043,0.003,0.091,0.001,0.006,0.011,0.000,0.765,0.765
TCGA-24-1847-01A,0.004,0.000,0.008,0.017,0.018,0.000,0.024,0.030,0.045,0.009,0.133,0.002,0.000,0.007,0.000,0.703,0.703
TCGA-10-0928-01A,0.000,0.000,0.002,0.000,0.000,0.000,0.017,0.017,0.039,0.018,0.007,0.001,0.000,0.000,0.000,0.899,0.899
TCGA-29-1695-01A,0.000,0.000,0.011,0.000,0.004,0.000,0.004,0.023,0.145,0.017,0.123,0.001,0.000,0.001,0.000,0.669,0.669
TCGA-61-2016-01A,0.000,0.000,0.005,0.002,0.004,0.000,0.018,0.030,0.045,0.010,0.069,0.002,0.006,0.005,0.000,0.804,0.804
TCGA-23-2081-01A,0.001,0.000,0.001,0.000,0.000,0.000,0.000,0.029,0.088,0.016,0.013,0.001,0.000,0.006,0.000,0.845,0.845
TCGA-25-2397-01A,0.000,0.000,0.001,0.000,0.000,0.000,0.000,0.014,0.002,0.004,0.064,0.001,0.005,0.000,0.000,0.908,0.908
TCGA-13-1501-01A,0.005,0.000,0.000,0.001,0.000,0.000,0.002,0.005,0.115,0.014,0.031,0.001,0.000,0.000,0.000,0.827,0.827
TCGA-24-1604-01A,0.002,0.000,0.005,0.000,0.001,0.000,0.006,0.013,0.085,0.012,0.033,0.000,0.000,0.001,0.000,0.841,0.841
TCGA-25-1626-01A,0.009,0.002,0.012,0.000,0.017,0.001,0.020,0.027,0.382,0.030,0.120,0.005,0.000,0.013,0.000,0.363,0.363
TCGA-13-0888-01A,0.000,0.001,0.000,0.000,0.000,0.000,0.003,0.007,0.087,0.020,0.001,0.000,0.000,0.000,0.000,0.881,0.881
TCGA-25-1631-01A,0.001,0.000,0.001,0.000,0.000,0.000,0.002,0.025,0.058,0.021,0.038,0.001,0.000,0.001,0.000,0.852,0.852
TCGA-25-1321-01A,0.002,0.003,0.002,0.000,0.000,0.000,0.008,0.019,0.035,0.017,0.025,0.001,0.000,0.000,0.000,0.888,0.888
TCGA-29-1690-01A,0.000,0.000,0.012,0.000,0.004,0.000,0.038,0.007,0.136,0.001,0.086,0.003,0.001,0.006,0.000,0.705,0.705
TCGA-13-1511-01A,0.004,0.000,0.005,0.000,0.000,0.000,0.001,0.025,0.115,0.013,0.036,0.000,0.000,0.000,0.000,0.800,0.800
TCGA-25-1328-01A,0.000,0.001,0.006,0.000,0.008,0.002,0.028,0.016,0.277,0.003,0.034,0.003,0.003,0.002,0.000,0.618,0.618
TCGA-09-1662-01A,0.000,0.000,0.002,0.008,0.000,0.000,0.041,0.020,0.057,0.005,0.069,0.002,0.003,0.001,0.000,0.790,0.790
TCGA-13-0911-01A,0.000,0.000,0.006,0.002,0.000,0.000,0.026,0.010,0.116,0.004,0.114,0.001,0.001,0.000,0.000,0.721,0.721
TCGA-13-0727-01A,0.000,0.000,0.003,0.000,0.000,0.000,0.008,0.008,0.071,0.000,0.048,0.003,0.001,0.000,0.000,0.859,0.859
TCGA-10-0933-01A,0.000,0.000,0.000,0.000,0.000,0.000,0.002,0.016,0.056,0.023,0.002,0.002,0.000,0.000,0.000,0.899,0.899
TCGA-61-2111-01A,0.009,0.001,0.005,0.000,0.008,0.000,0.015,0.022,0.038,0.005,0.056,0.001,0.001,0.001,0.000,0.838,0.838
TCGA-29-1696-01A,0.000,0.000,0.002,0.000,0.000,0.000,0.001,0.007,0.024,0.008,0.020,0.000,0.000,0.000,0.000,0.938,0.938
TCGA-23-1024-01A,0.000,0.000,0.004,0.000,0.000,0.000,0.001,0.008,0.020,0.018,0.005,0.002,0.003,0.000,0.000,0.939,0.939
TCGA-25-1329-01A,0.011,0.000,0.000,0.001,0.006,0.000,0.001,0.018,0.147,0.007,0.078,0.001,0.000,0.004,0.000,0.725,0.725
TCGA-23-1110-01A,0.000,0.000,0.003,0.000,0.000,0.000,0.002,0.016,0.035,0.009,0.002,0.000,0.000,0.000,0.000,0.933,0.933
TCGA-20-1684-01A,0.000,0.002,0.001,0.000,0.000,0.000,0.001,0.013,0.055,0.007,0.002,0.000,0.000,0.000,0.000,0.918,0.918
TCGA-24-1428-01A,0.009,0.000,0.004,0.017,0.000,0.000,0.000,0.009,0.023,0.000,0.117,0.000,0.004,0.000,0.000,0.817,0.817
TCGA-13-0795-01A,0.000,0.000,0.001,0.000,0.001,0.000,0.014,0.004,0.029,0.007,0.177,0.001,0.002,0.000,0.000,0.763,0.763
TCGA-13-0900-01B,0.000,0.000,0.001,0.005,0.000,0.000,0.000,0.009,0.162,0.010,0.052,0.000,0.000,0.000,0.000,0.761,0.761
TCGA-13-1410-01A,0.016,0.001,0.006,0.000,0.001,0.000,0.010,0.029,0.090,0.019,0.049,0.002,0.001,0.000,0.000,0.777,0.777
TCGA-23-1026-01B,0.000,0.000,0.003,0.011,0.001,0.000,0.001,0.009,0.101,0.007,0.075,0.001,0.001,0.000,0.000,0.790,0.790
TCGA-23-1032-01A,0.000,0.000,0.002,0.000,0.000,0.000,0.000,0.004,0.022,0.007,0.007,0.000,0.001,0.000,0.000,0.957,0.957
TCGA-13-0760-01A,0.002,0.000,0.002,0.014,0.001,0.000,0.001,0.005,0.001,0.002,0.091,0.000,0.002,0.001,0.000,0.879,0.879
TCGA-23-1028-01A,0.000,0.000,0.003,0.003,0.000,0.000,0.010,0.005,0.021,0.002,0.001,0.000,0.000,0.000,0.000,0.954,0.954
TCGA-23-2078-01A,0.014,0.011,0.011,0.006,0.006,0.005,0.016,0.033,0.157,0.018,0.047,0.003,0.001,0.001,0.000,0.672,0.672
TCGA-57-1584-01A,0.001,0.000,0.000,0.001,0.000,0.000,0.009,0.018,0.040,0.010,0.082,0.002,0.001,0.000,0.000,0.837,0.837
TCGA-13-1496-01A,0.001,0.001,0.005,0.007,0.002,0.000,0.000,0.003,0.000,0.007,0.067,0.001,0.006,0.000,0.000,0.901,0.901
TCGA-04-1655-01A,0.000,0.000,0.002,0.000,0.000,0.000,0.006,0.005,0.029,0.015,0.001,0.005,0.000,0.000,0.000,0.937,0.937
TCGA-13-1407-01A,0.000,0.000,0.000,0.000,0.000,0.000,0.002,0.006,0.007,0.004,0.002,0.000,0.000,0.000,0.000,0.978,0.978
TCGA-36-1578-01A,0.003,0.003,0.008,0.012,0.010,0.000,0.019,0.024,0.017,0.010,0.098,0.000,0.001,0.001,0.000,0.794,0.794
TCGA-61-1995-01A,0.000,0.000,0.022,0.000,0.001,0.003,0.027,0.016,0.032,0.010,0.122,0.004,0.005,0.003,0.000,0.757,0.757
TCGA-13-0908-01B,0.003,0.000,0.009,0.000,0.006,0.000,0.012,0.022,0.216,0.026,0.093,0.002,0.000,0.003,0.000,0.608,0.608
TCGA-61-1900-01A,0.006,0.001,0.003,0.000,0.004,0.000,0.006,0.027,0.046,0.031,0.007,0.002,0.000,0.000,0.000,0.866,0.866
TCGA-61-1725-01A,0.000,0.000,0.001,0.005,0.000,0.000,0.000,0.008,0.069,0.010,0.061,0.001,0.001,0.000,0.000,0.842,0.842
TCGA-24-2290-01A,0.000,0.000,0.001,0.000,0.000,0.000,0.011,0.028,0.034,0.017,0.114,0.000,0.000,0.014,0.000,0.780,0.780
TCGA-24-2267-01A,0.028,0.001,0.011,0.012,0.003,0.000,0.017,0.016,0.055,0.008,0.144,0.001,0.005,0.008,0.000,0.690,0.690
TCGA-13-1477-01A,0.000,0.000,0.000,0.000,0.000,0.000,0.006,0.005,0.097,0.007,0.001,0.000,0.000,0.000,0.000,0.883,0.883
TCGA-61-2002-01A,0.004,0.000,0.023,0.012,0.009,0.000,0.034,0.013,0.159,0.011,0.111,0.001,0.001,0.004,0.000,0.616,0.616
TCGA-25-1326-01A,0.007,0.000,0.005,0.002,0.001,0.000,0.000,0.022,0.134,0.017,0.135,0.003,0.002,0.006,0.000,0.663,0.663
TCGA-61-1911-01A,0.030,0.003,0.007,0.023,0.007,0.000,0.001,0.011,0.024,0.003,0.112,0.001,0.001,0.009,0.000,0.768,0.768
TCGA-24-1103-01A,0.000,0.000,0.000,0.005,0.001,0.000,0.000,0.021,0.030,0.015,0.015,0.000,0.000,0.000,0.000,0.912,0.912
TCGA-23-1030-01A,0.000,0.001,0.006,0.000,0.000,0.000,0.018,0.011,0.063,0.017,0.012,0.000,0.001,0.002,0.000,0.869,0.869
TCGA-04-1332-01A,0.001,0.001,0.001,0.000,0.001,0.000,0.016,0.060,0.225,0.078,0.041,0.005,0.001,0.000,0.000,0.571,0.571
TCGA-09-2051-01A,0.002,0.000,0.006,0.000,0.009,0.000,0.001,0.015,0.023,0.005,0.071,0.001,0.007,0.008,0.000,0.851,0.851
TCGA-04-1365-01A,0.000,0.000,0.011,0.016,0.000,0.000,0.007,0.014,0.015,0.009,0.073,0.000,0.000,0.001,0.000,0.854,0.854
TCGA-25-2399-01A,0.000,0.001,0.007,0.003,0.003,0.000,0.002,0.034,0.108,0.023,0.080,0.000,0.011,0.003,0.000,0.725,0.725
TCGA-23-1027-01A,0.000,0.000,0.004,0.002,0.000,0.000,0.010,0.007,0.081,0.005,0.079,0.001,0.000,0.000,0.000,0.811,0.811
TCGA-25-2392-01A,0.004,0.001,0.011,0.000,0.000,0.000,0.002,0.013,0.024,0.018,0.217,0.001,0.004,0.019,0.000,0.685,0.685
TCGA-24-2038-01A,0.000,0.001,0.000,0.000,0.000,0.000,0.012,0.007,0.076,0.003,0.005,0.005,0.003,0.003,0.000,0.886,0.886
TCGA-29-A5NZ-01A,0.006,0.001,0.005,0.000,0.001,0.000,0.008,0.019,0.205,0.018,0.013,0.000,0.000,0.003,0.000,0.720,0.720
TCGA-24-1544-01A,0.000,0.000,0.002,0.000,0.002,0.000,0.002,0.008,0.053,0.006,0.002,0.000,0.000,0.000,0.000,0.924,0.924
TCGA-13-0768-01A,0.012,0.000,0.025,0.017,0.026,0.000,0.039,0.033,0.245,0.034,0.141,0.003,0.004,0.000,0.000,0.419,0.419
TCGA-30-1718-01A,0.008,0.000,0.006,0.004,0.001,0.000,0.000,0.014,0.140,0.007,0.058,0.000,0.000,0.000,0.000,0.762,0.762
TCGA-04-1337-01A,0.001,0.001,0.005,0.002,0.005,0.000,0.014,0.023,0.253,0.030,0.046,0.001,0.003,0.000,0.000,0.615,0.615
TCGA-23-1114-01B,0.001,0.000,0.000,0.000,0.000,0.000,0.005,0.021,0.128,0.045,0.005,0.001,0.000,0.003,0.000,0.791,0.791
TCGA-13-0801-01A,0.001,0.000,0.006,0.000,0.004,0.000,0.005,0.009,0.000,0.004,0.218,0.004,0.000,0.000,0.000,0.748,0.748
TCGA-29-1766-01A,0.003,0.000,0.005,0.003,0.003,0.000,0.007,0.009,0.183,0.010,0.044,0.002,0.001,0.000,0.000,0.730,0.730
TCGA-13-1499-01A,0.008,0.042,0.024,0.003,0.013,0.001,0.044,0.017,0.207,0.029,0.050,0.002,0.004,0.000,0.001,0.557,0.557
TCGA-61-1737-01A,0.002,0.000,0.008,0.000,0.004,0.000,0.013,0.015,0.179,0.011,0.080,0.003,0.000,0.003,0.000,0.682,0.682
TCGA-29-1701-01A,0.001,0.000,0.004,0.004,0.001,0.000,0.006,0.007,0.068,0.013,0.092,0.002,0.000,0.000,0.000,0.801,0.801
TCGA-24-1470-01A,0.000,0.000,0.014,0.020,0.000,0.000,0.072,0.033,0.030,0.032,0.103,0.002,0.000,0.021,0.000,0.672,0.672
TCGA-09-2054-01A,0.006,0.011,0.003,0.000,0.002,0.001,0.007,0.039,0.112,0.063,0.026,0.003,0.000,0.000,0.000,0.727,0.727
TCGA-24-1558-01A,0.001,0.010,0.005,0.000,0.001,0.000,0.014,0.014,0.029,0.014,0.042,0.001,0.000,0.000,0.000,0.869,0.869
TCGA-24-2035-01A,0.002,0.005,0.009,0.004,0.010,0.000,0.017,0.054,0.279,0.046,0.107,0.006,0.012,0.008,0.001,0.440,0.440
TCGA-24-1923-01A,0.000,0.001,0.000,0.000,0.000,0.000,0.009,0.013,0.192,0.019,0.031,0.004,0.000,0.000,0.000,0.731,0.731
TCGA-24-1463-01A,0.010,0.000,0.004,0.005,0.002,0.001,0.020,0.025,0.143,0.024,0.073,0.002,0.000,0.022,0.000,0.669,0.669
TCGA-13-1404-01A,0.011,0.000,0.001,0.000,0.000,0.000,0.006,0.009,0.110,0.012,0.043,0.001,0.000,0.000,0.000,0.806,0.806
TCGA-04-1338-01A,0.001,0.000,0.000,0.016,0.006,0.000,0.001,0.005,0.188,0.009,0.083,0.000,0.000,0.000,0.000,0.690,0.690
TCGA-61-1918-01A,0.000,0.001,0.006,0.000,0.000,0.000,0.025,0.025,0.041,0.021,0.085,0.001,0.002,0.000,0.000,0.794,0.794
TCGA-57-1993-01A,0.007,0.001,0.002,0.000,0.000,0.000,0.002,0.010,0.041,0.013,0.070,0.002,0.000,0.011,0.000,0.840,0.840
TCGA-25-1313-01A,0.000,0.000,0.002,0.000,0.000,0.000,0.000,0.021,0.079,0.019,0.141,0.003,0.002,0.018,0.000,0.714,0.714
TCGA-VG-A8LO-01A,0.000,0.003,0.002,0.000,0.000,0.000,0.002,0.011,0.046,0.007,0.017,0.002,0.002,0.011,0.000,0.898,0.898
TCGA-24-2027-01A,0.005,0.001,0.003,0.000,0.001,0.000,0.002,0.022,0.049,0.027,0.013,0.003,0.001,0.000,0.000,0.872,0.872
TCGA-25-2400-01A,0.000,0.004,0.006,0.000,0.001,0.000,0.003,0.012,0.037,0.011,0.057,0.000,0.000,0.000,0.000,0.871,0.871
TCGA-24-1435-01A,0.000,0.000,0.011,0.003,0.003,0.000,0.013,0.020,0.153,0.008,0.087,0.001,0.000,0.003,0.000,0.697,0.697
TCGA-29-2427-01A,0.009,0.001,0.008,0.013,0.023,0.000,0.005,0.008,0.082,0.009,0.213,0.001,0.010,0.000,0.000,0.619,0.619
TCGA-04-1536-01A,0.000,0.000,0.000,0.000,0.000,0.000,0.000,0.005,0.026,0.004,0.048,0.000,0.000,0.000,0.000,0.917,0.917
TCGA-24-2019-01A,0.002,0.000,0.004,0.006,0.006,0.000,0.011,0.030,0.047,0.014,0.027,0.001,0.000,0.001,0.000,0.851,0.851
TCGA-29-1784-01A,0.021,0.000,0.013,0.007,0.001,0.000,0.003,0.007,0.007,0.010,0.116,0.000,0.000,0.000,0.000,0.816,0.816
TCGA-24-2036-01A,0.001,0.001,0.001,0.000,0.003,0.000,0.011,0.019,0.066,0.013,0.017,0.004,0.000,0.008,0.000,0.856,0.856
TCGA-24-1546-01A,0.010,0.000,0.006,0.000,0.000,0.001,0.015,0.016,0.276,0.006,0.091,0.003,0.000,0.001,0.000,0.576,0.576
TCGA-29-1705-01A,0.000,0.000,0.005,0.000,0.003,0.000,0.005,0.015,0.150,0.004,0.075,0.002,0.000,0.000,0.000,0.741,0.741
TCGA-04-1514-01A,0.000,0.001,0.002,0.000,0.001,0.000,0.003,0.032,0.056,0.024,0.001,0.003,0.000,0.000,0.000,0.877,0.877
TCGA-59-A5PD-01A,0.008,0.000,0.004,0.000,0.000,0.000,0.000,0.015,0.031,0.005,0.024,0.000,0.000,0.007,0.000,0.905,0.905
TCGA-61-1736-01B,0.000,0.000,0.000,0.000,0.000,0.000,0.012,0.031,0.050,0.019,0.056,0.000,0.000,0.002,0.000,0.828,0.828
TCGA-31-1956-01A,0.018,0.000,0.030,0.022,0.004,0.000,0.033,0.034,0.157,0.012,0.228,0.002,0.000,0.001,0.000,0.458,0.458
TCGA-09-2053-01C,0.024,0.008,0.011,0.005,0.000,0.000,0.016,0.008,0.097,0.012,0.051,0.000,0.002,0.000,0.000,0.765,0.765
TCGA-13-1510-01A,0.000,0.001,0.016,0.001,0.002,0.000,0.017,0.015,0.045,0.012,0.007,0.000,0.000,0.000,0.000,0.884,0.884
TCGA-24-0982-01A,0.010,0.002,0.004,0.000,0.000,0.001,0.005,0.013,0.078,0.015,0.006,0.002,0.000,0.000,0.000,0.863,0.863
TCGA-59-2348-01A,0.008,0.000,0.004,0.000,0.009,0.000,0.000,0.033,0.058,0.027,0.046,0.000,0.000,0.000,0.000,0.814,0.814
TCGA-24-1553-01A,0.010,0.012,0.010,0.011,0.033,0.000,0.043,0.011,0.072,0.007,0.121,0.001,0.001,0.002,0.000,0.664,0.664
TCGA-36-1580-01A,0.002,0.001,0.014,0.000,0.009,0.000,0.028,0.011,0.232,0.009,0.076,0.001,0.000,0.002,0.000,0.616,0.616
TCGA-13-1495-01A,0.000,0.000,0.005,0.000,0.000,0.000,0.000,0.006,0.070,0.004,0.025,0.000,0.002,0.003,0.000,0.885,0.885
TCGA-24-1603-01A,0.000,0.000,0.008,0.000,0.000,0.000,0.000,0.021,0.028,0.010,0.048,0.001,0.000,0.000,0.000,0.883,0.883
TCGA-WR-A838-01A,0.000,0.005,0.000,0.000,0.000,0.000,0.006,0.014,0.028,0.005,0.001,0.000,0.000,0.000,0.000,0.940,0.940
TCGA-31-1953-01A,0.000,0.000,0.012,0.014,0.001,0.000,0.076,0.032,0.090,0.011,0.160,0.001,0.010,0.002,0.000,0.589,0.589
TCGA-OY-A56P-01A,0.002,0.004,0.000,0.000,0.000,0.000,0.010,0.018,0.101,0.007,0.004,0.001,0.000,0.000,0.000,0.853,0.853
TCGA-13-0766-01A,0.000,0.000,0.004,0.000,0.002,0.000,0.000,0.005,0.035,0.007,0.050,0.001,0.000,0.000,0.000,0.896,0.896
TCGA-24-0966-01A,0.000,0.000,0.002,0.001,0.000,0.000,0.004,0.005,0.019,0.007,0.027,0.000,0.000,0.000,0.000,0.936,0.936
TCGA-09-1673-01A,0.000,0.006,0.001,0.000,0.001,0.000,0.003,0.032,0.059,0.011,0.042,0.001,0.000,0.000,0.000,0.843,0.843
TCGA-61-1743-01A,0.009,0.003,0.004,0.000,0.000,0.000,0.003,0.028,0.023,0.020,0.007,0.000,0.000,0.000,0.000,0.902,0.902
TCGA-04-1350-01A,0.000,0.000,0.002,0.000,0.002,0.000,0.003,0.003,0.035,0.009,0.003,0.000,0.000,0.000,0.000,0.944,0.944
TCGA-13-0913-01A,0.003,0.000,0.003,0.000,0.000,0.000,0.004,0.020,0.050,0.016,0.010,0.000,0.000,0.000,0.000,0.893,0.893
TCGA-24-2298-01A,0.005,0.000,0.002,0.005,0.000,0.000,0.004,0.022,0.148,0.023,0.032,0.001,0.000,0.001,0.000,0.756,0.756
