,Plasma B cells,Non-plasma B cells,CD4 T,CD8 T effector,CD8 T (GZMK high),Double-neg-like T,DC,Endothelial Cells,CAFs,Myofibroblasts,Macrophages,Mast Cells,NK,Neutrophils,Monocytes,1-others,Cancer Cells
TCGA-EL-A3D0-01A,0.000,0.000,0.008,0.000,0.000,0.001,0.003,0.089,0.146,0.106,0.032,0.000,0.000,0.000,0.000,0.614,0.614
TCGA-J8-A4HY-01A,0.000,0.000,0.010,0.004,0.001,0.000,0.009,0.078,0.003,0.080,0.078,0.000,0.001,0.000,0.000,0.736,0.736
TCGA-L6-A4ET-01A,0.000,0.000,0.007,0.002,0.003,0.002,0.003,0.103,0.001,0.064,0.017,0.000,0.000,0.000,0.000,0.797,0.797
TCGA-DE-A4MC-01A,0.000,0.000,0.035,0.010,0.000,0.000,0.085,0.063,0.055,0.043,0.021,0.000,0.000,0.000,0.000,0.685,0.685
TCGA-ET-A25K-01A,0.000,0.000,0.009,0.000,0.001,0.000,0.002,0.208,0.045,0.106,0.043,0.001,0.000,0.000,0.000,0.583,0.583
TCGA-DJ-A3UU-01A,0.013,0.001,0.023,0.003,0.012,0.001,0.032,0.095,0.126,0.063,0.066,0.000,0.000,0.000,0.000,0.565,0.565
TCGA-EM-A1YA-01A,0.000,0.000,0.003,0.000,0.000,0.000,0.000,0.100,0.000,0.092,0.026,0.000,0.000,0.000,0.000,0.778,0.778
TCGA-CE-A483-01A,0.000,0.001,0.005,0.000,0.000,0.000,0.000,0.101,0.006,0.061,0.039,0.000,0.000,0.000,0.000,0.785,0.785
TCGA-DJ-A3VD-01A,0.026,0.062,0.042,0.007,0.010,0.000,0.078,0.079,0.166,0.031,0.102,0.001,0.000,0.003,0.001,0.393,0.393
TCGA-BJ-A28S-01A,0.000,0.002,0.000,0.000,0.002,0.002,0.000,0.150,0.001,0.098,0.013,0.000,0.000,0.000,0.000,0.730,0.730
TCGA-FY-A3R9-01A,0.009,0.000,0.000,0.000,0.000,0.000,0.000,0.078,0.000,0.094,0.011,0.000,0.000,0.000,0.000,0.806,0.806
TCGA-FY-A3R8-01A,0.000,0.000,0.017,0.000,0.000,0.000,0.030,0.072,0.079,0.049,0.100,0.001,0.000,0.000,0.000,0.651,0.651
TCGA-DJ-A3V2-01A,0.028,0.019,0.034,0.020,0.028,0.001,0.019,0.090,0.049,0.047,0.160,0.000,0.001,0.000,0.000,0.502,0.502
TCGA-ET-A25L-01A,0.000,0.000,0.021,0.000,0.000,0.000,0.034,0.073,0.191,0.049,0.081,0.001,0.000,0.000,0.000,0.550,0.550
TCGA-EL-A3D1-01A,0.000,0.000,0.014,0.000,0.000,0.000,0.016,0.093,0.049,0.064,0.083,0.000,0.000,0.000,0.000,0.680,0.680
TCGA-FY-A3I4-01A,0.000,0.000,0.016,0.001,0.005,0.000,0.016,0.129,0.145,0.070,0.092,0.000,0.000,0.000,0.000,0.525,0.525
TCGA-DJ-A3UV-01A,0.000,0.000,0.016,0.001,0.013,0.000,0.023,0.114,0.098,0.100,0.068,0.000,0.000,0.000,0.000,0.564,0.564
TCGA-BJ-A28T-01A,0.087,0.046,0.046,0.014,0.048,0.001,0.066,0.102,0.085,0.053,0.132,0.001,0.002,0.001,0.001,0.314,0.314
TCGA-EM-A3FQ-01A,0.000,0.016,0.034,0.001,0.012,0.001,0.092,0.069,0.070,0.038,0.107,0.001,0.000,0.000,0.000,0.557,0.557
TCGA-J8-A4HW-01A,0.000,0.002,0.007,0.000,0.000,0.000,0.000,0.116,0.042,0.056,0.022,0.001,0.000,0.000,0.000,0.754,0.754
TCGA-MK-A4N6-01A,0.000,0.000,0.019,0.006,0.000,0.000,0.013,0.045,0.113,0.055,0.107,0.000,0.000,0.001,0.000,0.640,0.640
TCGA-DJ-A3V8-01A,0.002,0.000,0.008,0.000,0.000,0.000,0.014,0.058,0.044,0.051,0.054,0.000,0.000,0.000,0.000,0.769,0.769
TCGA-DJ-A1QI-01A,0.000,0.000,0.014,0.001,0.004,0.001,0.012,0.094,0.118,0.062,0.064,0.000,0.000,0.000,0.000,0.629,0.629
TCGA-EL-A3H8-01A,0.000,0.000,0.014,0.000,0.000,0.000,0.009,0.103,0.075,0.061,0.034,0.001,0.000,0.000,0.000,0.702,0.702
TCGA-EM-A3O3-01A,0.025,0.002,0.033,0.001,0.007,0.000,0.065,0.013,0.079,0.007,0.104,0.001,0.000,0.000,0.001,0.660,0.660
TCGA-IM-A3U3-01A,0.011,0.000,0.023,0.002,0.000,0.000,0.035,0.067,0.066,0.053,0.068,0.000,0.000,0.000,0.000,0.676,0.676
TCGA-BJ-A191-01A,0.025,0.011,0.014,0.011,0.017,0.006,0.002,0.063,0.028,0.044,0.015,0.000,0.000,0.000,0.000,0.763,0.763
TCGA-E8-A3X7-01A,0.000,0.000,0.014,0.000,0.000,0.000,0.029,0.048,0.113,0.040,0.037,0.000,0.000,0.000,0.000,0.718,0.718
TCGA-FY-A3YR-01A,0.000,0.000,0.015,0.001,0.000,0.000,0.026,0.060,0.129,0.046,0.022,0.000,0.000,0.000,0.000,0.699,0.699
TCGA-KS-A41I-01A,0.008,0.000,0.002,0.003,0.000,0.001,0.009,0.089,0.002,0.115,0.100,0.000,0.000,0.000,0.001,0.669,0.669
TCGA-EL-A3CS-01A,0.000,0.000,0.005,0.000,0.000,0.000,0.010,0.058,0.044,0.078,0.012,0.000,0.000,0.000,0.000,0.792,0.792
TCGA-EL-A3GU-01A,0.000,0.000,0.007,0.000,0.000,0.000,0.047,0.081,0.214,0.077,0.018,0.001,0.000,0.000,0.000,0.554,0.554
TCGA-EM-A1CU-01A,0.000,0.001,0.016,0.000,0.000,0.000,0.005,0.111,0.063,0.039,0.056,0.000,0.000,0.000,0.000,0.708,0.708
TCGA-H2-A26U-01A,0.012,0.001,0.046,0.004,0.018,0.000,0.075,0.068,0.149,0.033,0.172,0.000,0.000,0.002,0.001,0.420,0.420
TCGA-DJ-A2PT-01A,0.000,0.000,0.020,0.001,0.001,0.000,0.075,0.045,0.125,0.027,0.129,0.000,0.000,0.000,0.000,0.577,0.577
TCGA-DJ-A3V6-01A,0.000,0.000,0.020,0.002,0.000,0.000,0.022,0.075,0.093,0.055,0.057,0.000,0.000,0.000,0.000,0.676,0.676
TCGA-DJ-A2Q7-01A,0.012,0.000,0.021,0.005,0.004,0.001,0.013,0.140,0.056,0.085,0.075,0.000,0.000,0.000,0.000,0.586,0.586
TCGA-ET-A3BV-01A,0.000,0.000,0.037,0.000,0.000,0.000,0.071,0.041,0.337,0.005,0.028,0.011,0.000,0.001,0.000,0.468,0.468
TCGA-EL-A3ZL-01A,0.000,0.000,0.009,0.000,0.000,0.001,0.011,0.116,0.073,0.162,0.058,0.000,0.000,0.000,0.000,0.569,0.569
TCGA-CE-A13K-01A,0.000,0.000,0.012,0.000,0.014,0.000,0.006,0.173,0.021,0.119,0.057,0.001,0.000,0.000,0.000,0.595,0.595
TCGA-DJ-A3UQ-01A,0.000,0.000,0.031,0.000,0.000,0.000,0.064,0.057,0.226,0.040,0.045,0.001,0.000,0.000,0.000,0.534,0.534
TCGA-BJ-A45H-01A,0.000,0.000,0.017,0.001,0.010,0.000,0.008,0.104,0.076,0.065,0.076,0.000,0.000,0.000,0.000,0.643,0.643
TCGA-L6-A4EU-01A,0.000,0.000,0.012,0.000,0.000,0.000,0.050,0.046,0.113,0.032,0.064,0.001,0.000,0.000,0.000,0.680,0.680
TCGA-DJ-A3VM-01A,0.000,0.004,0.003,0.000,0.000,0.001,0.000,0.137,0.002,0.087,0.042,0.000,0.000,0.000,0.000,0.723,0.723
TCGA-H2-A3RH-01A,0.000,0.000,0.005,0.000,0.005,0.001,0.001,0.095,0.012,0.068,0.051,0.000,0.000,0.000,0.000,0.760,0.760
TCGA-EL-A3ZR-01A,0.005,0.000,0.001,0.000,0.004,0.000,0.001,0.112,0.001,0.070,0.015,0.000,0.000,0.000,0.000,0.792,0.792
TCGA-BJ-A291-01A,0.000,0.000,0.002,0.000,0.006,0.000,0.000,0.224,0.009,0.094,0.007,0.000,0.001,0.000,0.000,0.656,0.656
TCGA-MK-A4N9-01A,0.000,0.000,0.010,0.007,0.003,0.001,0.007,0.116,0.055,0.092,0.028,0.000,0.000,0.000,0.000,0.680,0.680
TCGA-EL-A3MZ-01A,0.000,0.000,0.010,0.001,0.000,0.000,0.016,0.084,0.151,0.045,0.032,0.000,0.000,0.000,0.000,0.661,0.661
TCGA-EM-A2CP-01A,0.114,0.009,0.037,0.013,0.036,0.000,0.021,0.127,0.022,0.067,0.218,0.001,0.005,0.007,0.000,0.324,0.324
TCGA-DJ-A2PZ-01A,0.000,0.004,0.013,0.000,0.000,0.000,0.025,0.075,0.088,0.048,0.087,0.000,0.000,0.000,0.000,0.659,0.659
TCGA-EL-A3ZG-01A,0.000,0.000,0.002,0.004,0.001,0.000,0.000,0.106,0.003,0.095,0.027,0.000,0.000,0.000,0.000,0.761,0.761
TCGA-FE-A3PC-01A,0.000,0.000,0.007,0.001,0.000,0.001,0.000,0.067,0.026,0.101,0.096,0.000,0.000,0.000,0.000,0.700,0.700
TCGA-BJ-A0YZ-01A,0.001,0.000,0.006,0.000,0.000,0.000,0.000,0.134,0.042,0.143,0.041,0.000,0.001,0.000,0.000,0.631,0.631
TCGA-DJ-A13M-01A,0.001,0.000,0.002,0.001,0.001,0.000,0.000,0.067,0.000,0.049,0.025,0.000,0.000,0.000,0.000,0.852,0.852
TCGA-EM-A3OA-01A,0.029,0.000,0.003,0.000,0.004,0.000,0.000,0.094,0.000,0.042,0.006,0.000,0.000,0.000,0.000,0.821,0.821
TCGA-J8-A3YE-01A,0.000,0.000,0.001,0.003,0.000,0.000,0.001,0.038,0.002,0.041,0.017,0.000,0.000,0.000,0.000,0.896,0.896
TCGA-BJ-A0Z9-01A,0.000,0.000,0.016,0.000,0.000,0.000,0.017,0.024,0.044,0.021,0.091,0.000,0.000,0.000,0.000,0.788,0.788
TCGA-EL-A3CW-01A,0.049,0.080,0.030,0.001,0.025,0.017,0.025,0.096,0.061,0.069,0.068,0.001,0.001,0.000,0.001,0.477,0.477
TCGA-FY-A3R6-01A,0.060,0.016,0.034,0.006,0.032,0.001,0.034,0.119,0.070,0.076,0.118,0.001,0.001,0.000,0.000,0.434,0.434
TCGA-H2-A2K9-01A,0.000,0.008,0.004,0.000,0.004,0.000,0.000,0.138,0.037,0.073,0.028,0.001,0.000,0.000,0.000,0.707,0.707
TCGA-DJ-A2PO-01A,0.010,0.005,0.017,0.015,0.022,0.000,0.003,0.139,0.048,0.057,0.149,0.001,0.000,0.000,0.000,0.534,0.534
TCGA-FY-A40N-01A,0.035,0.003,0.010,0.010,0.017,0.000,0.002,0.070,0.005,0.051,0.065,0.000,0.000,0.000,0.000,0.730,0.730
TCGA-EM-A1YD-01A,0.009,0.000,0.005,0.000,0.008,0.000,0.003,0.178,0.089,0.146,0.026,0.000,0.002,0.000,0.000,0.534,0.534
TCGA-DE-A69J-01A,0.000,0.000,0.026,0.000,0.000,0.000,0.025,0.070,0.074,0.038,0.046,0.000,0.000,0.000,0.000,0.720,0.720
TCGA-EL-A3MX-01A,0.000,0.002,0.009,0.000,0.000,0.011,0.019,0.021,0.056,0.027,0.016,0.000,0.000,0.000,0.000,0.839,0.839
TCGA-J8-A3YG-01A,0.000,0.001,0.020,0.000,0.001,0.000,0.014,0.073,0.067,0.054,0.099,0.001,0.000,0.000,0.000,0.670,0.670
TCGA-BJ-A0ZC-01A,0.015,0.002,0.004,0.000,0.010,0.000,0.000,0.128,0.016,0.097,0.011,0.000,0.000,0.000,0.000,0.715,0.715
TCGA-FY-A40K-01A,0.000,0.000,0.013,0.002,0.009,0.024,0.009,0.116,0.072,0.065,0.169,0.001,0.000,0.000,0.000,0.520,0.520
TCGA-EL-A4K6-01A,0.002,0.008,0.000,0.000,0.004,0.012,0.001,0.023,0.000,0.031,0.009,0.001,0.000,0.000,0.000,0.909,0.909
TCGA-EL-A3H3-01A,0.000,0.000,0.028,0.001,0.006,0.000,0.083,0.062,0.051,0.031,0.105,0.001,0.000,0.000,0.000,0.630,0.630
TCGA-BJ-A290-01A,0.000,0.003,0.018,0.000,0.000,0.001,0.000,0.120,0.077,0.119,0.015,0.000,0.000,0.000,0.000,0.647,0.647
TCGA-BJ-A28Z-01A,0.064,0.026,0.048,0.009,0.026,0.000,0.052,0.107,0.100,0.048,0.182,0.001,0.001,0.001,0.001,0.335,0.335
TCGA-CE-A484-01A,0.000,0.000,0.001,0.000,0.006,0.002,0.003,0.104,0.001,0.126,0.050,0.000,0.000,0.000,0.000,0.706,0.706
TCGA-EM-A3FL-01A,0.045,0.014,0.006,0.000,0.003,0.000,0.000,0.035,0.001,0.061,0.008,0.000,0.000,0.000,0.000,0.826,0.826
TCGA-EL-A3GO-01A,0.000,0.004,0.003,0.000,0.015,0.000,0.001,0.234,0.000,0.112,0.027,0.001,0.002,0.000,0.000,0.600,0.600
TCGA-ET-A39T-01A,0.000,0.000,0.005,0.005,0.000,0.000,0.000,0.061,0.014,0.057,0.045,0.000,0.000,0.000,0.000,0.812,0.812
TCGA-EM-A2CK-01A,0.006,0.001,0.004,0.000,0.006,0.000,0.000,0.128,0.000,0.088,0.016,0.000,0.000,0.000,0.000,0.749,0.749
TCGA-DJ-A4UQ-01A,0.000,0.001,0.012,0.001,0.008,0.001,0.012,0.111,0.086,0.075,0.068,0.000,0.000,0.000,0.000,0.624,0.624
TCGA-DJ-A3UO-01A,0.000,0.000,0.011,0.000,0.000,0.001,0.002,0.085,0.065,0.071,0.050,0.000,0.000,0.000,0.000,0.715,0.715
TCGA-DJ-A1QM-01A,0.000,0.000,0.017,0.000,0.002,0.000,0.022,0.078,0.189,0.067,0.055,0.000,0.000,0.000,0.000,0.568,0.568
TCGA-ET-A3BS-01A,0.084,0.011,0.039,0.013,0.023,0.001,0.006,0.100,0.059,0.058,0.158,0.001,0.001,0.000,0.000,0.446,0.446
TCGA-EM-A3AO-01A,0.019,0.003,0.022,0.004,0.017,0.000,0.020,0.129,0.006,0.106,0.105,0.001,0.001,0.000,0.000,0.565,0.565
TCGA-DJ-A3UN-01A,0.003,0.001,0.012,0.002,0.003,0.004,0.001,0.104,0.029,0.099,0.102,0.001,0.000,0.000,0.000,0.639,0.639
TCGA-DJ-A13W-01A,0.000,0.000,0.001,0.000,0.000,0.001,0.000,0.087,0.000,0.179,0.006,0.000,0.000,0.000,0.000,0.725,0.725
TCGA-DJ-A3VE-01A,0.000,0.005,0.010,0.001,0.000,0.001,0.005,0.140,0.064,0.077,0.054,0.000,0.000,0.000,0.000,0.643,0.643
TCGA-DJ-A3VI-01A,0.011,0.001,0.006,0.005,0.000,0.000,0.000,0.046,0.009,0.041,0.037,0.000,0.000,0.000,0.000,0.844,0.844
TCGA-EM-A2CO-01A,0.001,0.000,0.000,0.000,0.000,0.000,0.000,0.057,0.000,0.135,0.031,0.000,0.000,0.000,0.000,0.775,0.775
TCGA-ET-A39L-01A,0.000,0.000,0.005,0.000,0.008,0.000,0.001,0.178,0.003,0.095,0.044,0.000,0.001,0.000,0.000,0.664,0.664
TCGA-EM-A3FO-01A,0.000,0.000,0.007,0.000,0.000,0.000,0.009,0.018,0.038,0.014,0.017,0.000,0.000,0.000,0.000,0.897,0.897
TCGA-E8-A418-01A,0.000,0.000,0.008,0.010,0.000,0.000,0.001,0.034,0.006,0.034,0.112,0.000,0.001,0.000,0.000,0.793,0.793
TCGA-DE-A4M9-01A,0.000,0.000,0.005,0.000,0.001,0.000,0.000,0.059,0.071,0.095,0.015,0.000,0.000,0.000,0.000,0.753,0.753
TCGA-BJ-A28W-01A,0.071,0.146,0.065,0.004,0.056,0.076,0.094,0.030,0.026,0.034,0.099,0.001,0.006,0.000,0.001,0.292,0.292
TCGA-DJ-A2Q6-01A,0.002,0.002,0.024,0.000,0.003,0.000,0.023,0.165,0.163,0.078,0.036,0.000,0.000,0.000,0.000,0.502,0.502
TCGA-EL-A3N2-01A,0.000,0.000,0.012,0.000,0.000,0.000,0.017,0.099,0.071,0.047,0.041,0.000,0.000,0.000,0.000,0.712,0.712
TCGA-FK-A3SG-01A,0.000,0.000,0.009,0.000,0.000,0.000,0.001,0.128,0.005,0.101,0.067,0.000,0.000,0.000,0.000,0.688,0.688
TCGA-DJ-A3UM-01A,0.000,0.001,0.013,0.000,0.000,0.000,0.007,0.119,0.082,0.056,0.079,0.000,0.000,0.000,0.000,0.643,0.643
TCGA-BJ-A45E-01A,0.219,0.003,0.037,0.063,0.036,0.000,0.017,0.050,0.069,0.049,0.253,0.000,0.009,0.000,0.001,0.195,0.195
TCGA-E8-A415-01A,0.001,0.000,0.007,0.003,0.004,0.000,0.003,0.080,0.066,0.045,0.082,0.000,0.000,0.000,0.000,0.709,0.709
TCGA-DJ-A4UP-01A,0.017,0.033,0.025,0.001,0.031,0.019,0.025,0.123,0.044,0.086,0.087,0.001,0.000,0.000,0.001,0.507,0.507
TCGA-ET-A39J-01A,0.000,0.000,0.011,0.000,0.000,0.000,0.000,0.207,0.065,0.108,0.039,0.000,0.000,0.000,0.000,0.569,0.569
TCGA-KS-A41J-01A,0.000,0.000,0.016,0.007,0.001,0.000,0.015,0.050,0.013,0.034,0.104,0.000,0.001,0.000,0.000,0.757,0.757
TCGA-BJ-A4O9-01A,0.001,0.000,0.003,0.004,0.002,0.000,0.001,0.069,0.000,0.037,0.015,0.000,0.000,0.000,0.000,0.865,0.865
TCGA-EM-A2CM-01A,0.000,0.000,0.001,0.000,0.000,0.001,0.008,0.044,0.000,0.057,0.050,0.000,0.000,0.000,0.000,0.839,0.839
TCGA-EM-A2OW-01A,0.003,0.000,0.003,0.000,0.002,0.000,0.000,0.176,0.000,0.107,0.056,0.000,0.000,0.000,0.000,0.651,0.651
TCGA-FE-A3PA-01A,0.000,0.000,0.008,0.000,0.005,0.003,0.018,0.107,0.031,0.073,0.051,0.000,0.000,0.000,0.000,0.703,0.703
TCGA-QD-A8IV-01A,0.036,0.002,0.003,0.002,0.015,0.000,0.002,0.120,0.001,0.073,0.042,0.000,0.000,0.000,0.000,0.704,0.704
TCGA-IM-A3U2-01A,0.000,0.000,0.012,0.000,0.000,0.000,0.024,0.044,0.109,0.036,0.018,0.000,0.000,0.000,0.000,0.757,0.757
TCGA-EL-A3H5-01A,0.000,0.008,0.020,0.000,0.000,0.000,0.052,0.110,0.469,0.048,0.035,0.001,0.000,0.000,0.000,0.257,0.257
TCGA-DJ-A13R-01A,0.000,0.000,0.010,0.008,0.097,0.000,0.000,0.021,0.000,0.054,0.214,0.000,0.001,0.000,0.000,0.594,0.594
TCGA-ET-A2MY-01A,0.000,0.000,0.009,0.000,0.000,0.000,0.010,0.049,0.030,0.057,0.042,0.000,0.000,0.000,0.000,0.803,0.803
TCGA-IM-A3EB-01A,0.023,0.001,0.022,0.003,0.012,0.000,0.010,0.056,0.044,0.027,0.088,0.001,0.000,0.000,0.001,0.712,0.712
TCGA-DJ-A1QF-01A,0.000,0.003,0.007,0.000,0.000,0.000,0.000,0.130,0.067,0.097,0.075,0.000,0.000,0.000,0.000,0.620,0.620
TCGA-EL-A3T1-01A,0.011,0.009,0.031,0.007,0.003,0.000,0.030,0.059,0.082,0.023,0.075,0.000,0.000,0.002,0.000,0.667,0.667
TCGA-FE-A237-01A,0.000,0.003,0.021,0.000,0.002,0.001,0.026,0.104,0.115,0.057,0.063,0.000,0.000,0.000,0.000,0.608,0.608
TCGA-EM-A3FJ-01A,0.000,0.000,0.012,0.000,0.000,0.002,0.020,0.106,0.081,0.073,0.059,0.000,0.000,0.000,0.000,0.645,0.645
TCGA-EL-A3D4-01A,0.000,0.000,0.005,0.000,0.005,0.000,0.001,0.169,0.040,0.145,0.069,0.001,0.000,0.000,0.000,0.564,0.564
TCGA-FE-A234-01A,0.001,0.000,0.024,0.000,0.000,0.000,0.031,0.072,0.072,0.041,0.066,0.000,0.000,0.000,0.000,0.692,0.692
TCGA-FY-A40M-01A,0.000,0.001,0.001,0.000,0.002,0.014,0.005,0.078,0.032,0.054,0.009,0.000,0.000,0.000,0.000,0.805,0.805
TCGA-EM-A2OX-01A,0.000,0.000,0.014,0.001,0.004,0.000,0.011,0.112,0.070,0.106,0.061,0.000,0.000,0.000,0.000,0.619,0.619
TCGA-EM-A4FR-01A,0.000,0.000,0.001,0.000,0.004,0.004,0.002,0.070,0.000,0.083,0.078,0.000,0.000,0.000,0.000,0.756,0.756
TCGA-EM-A22I-01A,0.000,0.000,0.013,0.000,0.000,0.000,0.042,0.061,0.094,0.054,0.031,0.001,0.000,0.000,0.000,0.703,0.703
TCGA-FY-A3ON-01A,0.004,0.001,0.023,0.004,0.010,0.000,0.013,0.145,0.041,0.053,0.070,0.001,0.000,0.000,0.000,0.635,0.635
TCGA-EM-A1YC-01A,0.000,0.005,0.000,0.000,0.000,0.000,0.000,0.046,0.000,0.066,0.030,0.000,0.001,0.000,0.000,0.851,0.851
TCGA-EL-A3TA-01A,0.001,0.000,0.019,0.000,0.010,0.003,0.019,0.136,0.048,0.104,0.120,0.001,0.000,0.000,0.000,0.538,0.538
TCGA-CE-A27D-01A,0.023,0.060,0.044,0.006,0.029,0.000,0.059,0.114,0.071,0.059,0.089,0.001,0.003,0.000,0.001,0.440,0.440
TCGA-ET-A3BT-01A,0.000,0.008,0.024,0.000,0.000,0.000,0.020,0.085,0.074,0.042,0.052,0.000,0.000,0.000,0.000,0.693,0.693
TCGA-DJ-A13U-01A,0.000,0.001,0.011,0.000,0.000,0.000,0.014,0.076,0.027,0.069,0.031,0.000,0.000,0.000,0.000,0.770,0.770
TCGA-EM-A3O8-01A,0.017,0.000,0.002,0.000,0.002,0.000,0.000,0.115,0.000,0.071,0.011,0.000,0.000,0.000,0.000,0.780,0.780
TCGA-H2-A422-01A,0.000,0.001,0.005,0.000,0.000,0.000,0.001,0.060,0.009,0.047,0.055,0.000,0.000,0.000,0.000,0.820,0.820
TCGA-EL-A3CL-01A,0.000,0.002,0.010,0.000,0.003,0.000,0.005,0.105,0.057,0.053,0.057,0.001,0.000,0.001,0.000,0.707,0.707
TCGA-DJ-A13V-01A,0.001,0.000,0.014,0.006,0.001,0.000,0.003,0.120,0.077,0.081,0.045,0.000,0.002,0.000,0.000,0.649,0.649
TCGA-EM-A22Q-01A,0.005,0.000,0.003,0.001,0.004,0.000,0.000,0.067,0.001,0.089,0.016,0.000,0.002,0.000,0.001,0.811,0.811
TCGA-EM-A22J-01A,0.001,0.000,0.001,0.000,0.005,0.000,0.001,0.112,0.000,0.073,0.051,0.000,0.001,0.000,0.000,0.755,0.755
TCGA-BJ-A0Z2-01A,0.009,0.001,0.014,0.005,0.006,0.001,0.003,0.079,0.002,0.044,0.029,0.000,0.000,0.000,0.000,0.808,0.808
TCGA-E3-A3E3-01A,0.000,0.000,0.009,0.002,0.000,0.000,0.025,0.059,0.039,0.051,0.041,0.000,0.000,0.000,0.000,0.774,0.774
TCGA-IM-A41Y-01A,0.000,0.000,0.004,0.000,0.000,0.000,0.000,0.050,0.015,0.057,0.019,0.000,0.000,0.000,0.000,0.855,0.855
TCGA-EM-A3AN-01A,0.000,0.000,0.010,0.001,0.006,0.000,0.016,0.088,0.043,0.076,0.047,0.000,0.001,0.000,0.000,0.713,0.713
TCGA-EL-A3ZP-01A,0.003,0.006,0.028,0.005,0.021,0.000,0.039,0.085,0.105,0.043,0.102,0.000,0.000,0.000,0.000,0.563,0.563
TCGA-BJ-A3F0-01A,0.010,0.000,0.005,0.000,0.004,0.000,0.000,0.214,0.004,0.112,0.020,0.000,0.003,0.000,0.000,0.626,0.626
TCGA-L6-A4EQ-01A,0.000,0.000,0.008,0.000,0.001,0.006,0.004,0.127,0.024,0.036,0.059,0.000,0.001,0.000,0.000,0.733,0.733
TCGA-FE-A3PB-01A,0.001,0.001,0.026,0.003,0.000,0.000,0.129,0.054,0.220,0.036,0.022,0.001,0.000,0.000,0.000,0.507,0.507
TCGA-BJ-A0ZB-01A,0.000,0.001,0.008,0.002,0.000,0.000,0.012,0.065,0.062,0.055,0.038,0.000,0.000,0.000,0.000,0.756,0.756
TCGA-BJ-A0ZJ-01A,0.023,0.049,0.033,0.002,0.030,0.014,0.022,0.108,0.040,0.094,0.102,0.001,0.001,0.000,0.001,0.481,0.481
TCGA-EM-A4G1-01A,0.007,0.000,0.005,0.000,0.000,0.004,0.035,0.060,0.000,0.071,0.025,0.000,0.000,0.000,0.000,0.792,0.792
TCGA-DJ-A3V7-01A,0.000,0.000,0.011,0.000,0.000,0.000,0.015,0.058,0.016,0.054,0.059,0.000,0.000,0.000,0.000,0.785,0.785
TCGA-KS-A4I3-01A,0.000,0.000,0.006,0.004,0.003,0.000,0.009,0.093,0.025,0.075,0.031,0.000,0.001,0.000,0.000,0.753,0.753
TCGA-EL-A3GR-01A,0.000,0.001,0.015,0.000,0.004,0.000,0.011,0.141,0.110,0.061,0.064,0.000,0.000,0.001,0.000,0.591,0.591
TCGA-EM-A3AQ-01A,0.000,0.000,0.007,0.001,0.006,0.006,0.004,0.134,0.007,0.093,0.070,0.000,0.000,0.000,0.000,0.671,0.671
TCGA-BJ-A45C-01A,0.001,0.003,0.001,0.000,0.004,0.002,0.000,0.102,0.021,0.104,0.002,0.000,0.000,0.000,0.000,0.759,0.759
TCGA-DJ-A2PN-01A,0.000,0.001,0.010,0.001,0.001,0.000,0.000,0.131,0.036,0.076,0.050,0.000,0.000,0.000,0.000,0.694,0.694
TCGA-ET-A2MX-01A,0.000,0.000,0.002,0.000,0.000,0.000,0.000,0.020,0.001,0.019,0.033,0.000,0.000,0.000,0.000,0.926,0.926
TCGA-DJ-A4V2-01A,0.000,0.000,0.016,0.001,0.001,0.000,0.015,0.061,0.044,0.043,0.089,0.000,0.000,0.002,0.000,0.728,0.728
TCGA-ET-A39P-01A,0.000,0.000,0.009,0.000,0.000,0.000,0.017,0.093,0.068,0.060,0.037,0.000,0.000,0.000,0.000,0.714,0.714
TCGA-DJ-A2Q3-01A,0.016,0.033,0.026,0.007,0.009,0.000,0.043,0.093,0.107,0.045,0.103,0.001,0.000,0.003,0.001,0.511,0.511
TCGA-DJ-A2QC-01A,0.000,0.000,0.008,0.003,0.004,0.000,0.000,0.161,0.002,0.100,0.083,0.001,0.001,0.000,0.000,0.635,0.635
TCGA-KS-A4IB-01A,0.000,0.000,0.004,0.000,0.000,0.001,0.001,0.066,0.013,0.057,0.040,0.000,0.000,0.000,0.000,0.819,0.819
TCGA-EM-A3AK-01A,0.000,0.000,0.018,0.000,0.007,0.001,0.006,0.150,0.036,0.125,0.088,0.000,0.000,0.000,0.000,0.568,0.568
TCGA-EM-A3ST-01A,0.000,0.000,0.000,0.006,0.002,0.000,0.001,0.062,0.000,0.058,0.036,0.000,0.005,0.000,0.000,0.829,0.829
TCGA-FK-A3SD-01A,0.002,0.000,0.002,0.000,0.002,0.000,0.000,0.088,0.006,0.104,0.002,0.000,0.000,0.000,0.000,0.794,0.794
TCGA-DJ-A2PQ-01A,0.000,0.000,0.006,0.000,0.002,0.000,0.002,0.101,0.025,0.094,0.051,0.000,0.000,0.000,0.000,0.718,0.718
TCGA-DJ-A13P-01A,0.000,0.000,0.009,0.000,0.001,0.001,0.000,0.170,0.013,0.083,0.059,0.000,0.003,0.000,0.000,0.661,0.661
TCGA-EM-A2CL-01A,0.012,0.001,0.001,0.000,0.004,0.000,0.000,0.119,0.006,0.104,0.002,0.000,0.000,0.000,0.000,0.750,0.750
TCGA-EL-A3MW-01A,0.000,0.000,0.008,0.000,0.002,0.000,0.000,0.115,0.034,0.070,0.108,0.000,0.001,0.000,0.000,0.661,0.661
TCGA-J8-A3NZ-01A,0.000,0.000,0.015,0.005,0.000,0.000,0.025,0.072,0.054,0.048,0.078,0.000,0.000,0.000,0.000,0.701,0.701
TCGA-DE-A4MD-01A,0.000,0.008,0.002,0.000,0.000,0.003,0.000,0.019,0.004,0.025,0.019,0.000,0.000,0.000,0.000,0.921,0.921
TCGA-DJ-A3UY-01A,0.000,0.000,0.021,0.000,0.002,0.000,0.047,0.076,0.137,0.057,0.079,0.000,0.000,0.000,0.000,0.580,0.580
TCGA-ET-A25O-01A,0.000,0.000,0.003,0.001,0.000,0.000,0.002,0.062,0.005,0.052,0.027,0.000,0.000,0.000,0.000,0.847,0.847
TCGA-EL-A3ZM-01A,0.000,0.000,0.012,0.000,0.000,0.000,0.024,0.017,0.110,0.016,0.038,0.000,0.000,0.000,0.000,0.782,0.782
TCGA-EM-A1YE-01A,0.009,0.000,0.003,0.000,0.004,0.000,0.000,0.084,0.008,0.102,0.013,0.000,0.002,0.000,0.000,0.774,0.774
TCGA-J8-A42S-01A,0.000,0.000,0.009,0.000,0.001,0.000,0.013,0.132,0.084,0.075,0.036,0.000,0.000,0.000,0.000,0.651,0.651
TCGA-ET-A2MZ-01A,0.000,0.001,0.011,0.000,0.000,0.001,0.000,0.201,0.021,0.119,0.059,0.001,0.000,0.000,0.000,0.586,0.586
TCGA-CE-A3ME-01A,0.000,0.000,0.005,0.010,0.005,0.000,0.005,0.071,0.026,0.048,0.052,0.000,0.000,0.000,0.000,0.777,0.777
TCGA-EM-A3AR-01A,0.000,0.000,0.010,0.000,0.008,0.005,0.011,0.086,0.115,0.073,0.029,0.000,0.000,0.000,0.000,0.662,0.662
TCGA-FY-A3BL-01A,0.000,0.000,0.004,0.007,0.001,0.000,0.008,0.031,0.017,0.046,0.020,0.000,0.000,0.000,0.000,0.865,0.865
TCGA-EM-A3FM-01A,0.000,0.000,0.011,0.000,0.000,0.000,0.036,0.033,0.102,0.033,0.067,0.000,0.000,0.000,0.000,0.718,0.718
TCGA-BJ-A4O8-01A,0.000,0.000,0.028,0.001,0.001,0.000,0.074,0.085,0.149,0.066,0.072,0.001,0.000,0.000,0.000,0.521,0.521
TCGA-H2-A3RI-01A,0.008,0.000,0.011,0.007,0.000,0.001,0.032,0.066,0.018,0.052,0.059,0.000,0.000,0.000,0.000,0.744,0.744
TCGA-ET-A3BQ-01B,0.000,0.000,0.011,0.001,0.001,0.001,0.002,0.190,0.071,0.090,0.083,0.000,0.000,0.000,0.000,0.550,0.550
TCGA-CE-A482-01A,0.000,0.000,0.016,0.000,0.002,0.000,0.008,0.114,0.013,0.114,0.075,0.001,0.000,0.000,0.000,0.656,0.656
TCGA-DJ-A4UT-01A,0.004,0.000,0.036,0.019,0.022,0.000,0.044,0.154,0.104,0.088,0.105,0.001,0.001,0.000,0.001,0.422,0.422
TCGA-BJ-A3PU-01A,0.001,0.000,0.011,0.000,0.000,0.000,0.027,0.027,0.016,0.016,0.046,0.000,0.000,0.000,0.000,0.856,0.856
TCGA-ET-A25I-01A,0.038,0.000,0.005,0.003,0.006,0.000,0.000,0.127,0.000,0.078,0.060,0.000,0.001,0.000,0.001,0.680,0.680
TCGA-BJ-A2NA-01A,0.000,0.000,0.012,0.007,0.000,0.000,0.000,0.101,0.065,0.063,0.099,0.000,0.000,0.001,0.000,0.651,0.651
TCGA-DJ-A3V0-01A,0.000,0.000,0.008,0.002,0.001,0.000,0.013,0.103,0.120,0.091,0.062,0.001,0.000,0.000,0.000,0.598,0.598
TCGA-DJ-A3VB-01A,0.000,0.000,0.018,0.000,0.000,0.000,0.040,0.050,0.070,0.048,0.065,0.000,0.000,0.000,0.000,0.707,0.707
TCGA-DJ-A2PV-01A,0.000,0.001,0.014,0.000,0.006,0.001,0.008,0.198,0.111,0.132,0.070,0.001,0.000,0.000,0.000,0.456,0.456
TCGA-BJ-A3PR-01A,0.047,0.172,0.061,0.013,0.054,0.001,0.038,0.064,0.063,0.028,0.135,0.001,0.001,0.000,0.001,0.322,0.322
TCGA-EL-A3CR-01A,0.000,0.000,0.017,0.000,0.000,0.000,0.010,0.084,0.181,0.041,0.254,0.000,0.000,0.000,0.000,0.411,0.411
TCGA-ET-A25N-01A,0.000,0.003,0.008,0.000,0.003,0.000,0.002,0.134,0.051,0.063,0.066,0.001,0.000,0.000,0.000,0.670,0.670
TCGA-EM-A1CT-01A,0.000,0.000,0.011,0.003,0.000,0.001,0.030,0.070,0.045,0.073,0.092,0.000,0.000,0.000,0.000,0.675,0.675
TCGA-DE-A0Y3-01B,0.000,0.000,0.007,0.002,0.000,0.000,0.007,0.049,0.021,0.030,0.029,0.000,0.000,0.001,0.000,0.853,0.853
TCGA-DJ-A2Q0-01A,0.000,0.000,0.002,0.000,0.000,0.000,0.000,0.122,0.000,0.108,0.042,0.000,0.001,0.000,0.000,0.724,0.724
TCGA-FE-A239-01A,0.014,0.003,0.003,0.000,0.003,0.000,0.000,0.082,0.004,0.059,0.011,0.000,0.000,0.000,0.000,0.821,0.821
TCGA-EM-A2CQ-01A,0.016,0.000,0.004,0.000,0.001,0.000,0.008,0.105,0.006,0.099,0.018,0.000,0.000,0.000,0.000,0.743,0.743
TCGA-EL-A3T6-01A,0.030,0.001,0.027,0.011,0.011,0.000,0.015,0.055,0.026,0.028,0.136,0.000,0.000,0.002,0.001,0.656,0.656
TCGA-DE-A4M8-01A,0.108,0.019,0.031,0.021,0.036,0.004,0.015,0.108,0.064,0.073,0.187,0.001,0.002,0.000,0.001,0.332,0.332
TCGA-J8-A3YH-01A,0.000,0.000,0.011,0.000,0.000,0.004,0.001,0.131,0.042,0.104,0.062,0.001,0.000,0.000,0.000,0.643,0.643
TCGA-FE-A235-01A,0.001,0.000,0.011,0.000,0.007,0.005,0.010,0.138,0.061,0.070,0.062,0.001,0.000,0.000,0.000,0.634,0.634
TCGA-FE-A233-01A,0.000,0.000,0.005,0.002,0.000,0.000,0.001,0.067,0.047,0.051,0.038,0.000,0.000,0.000,0.000,0.788,0.788
TCGA-EM-A4FN-01A,0.000,0.000,0.009,0.000,0.000,0.000,0.026,0.064,0.029,0.055,0.110,0.000,0.000,0.000,0.000,0.706,0.706
TCGA-ET-A39N-01A,0.000,0.000,0.006,0.000,0.002,0.000,0.000,0.081,0.010,0.078,0.025,0.000,0.002,0.000,0.000,0.795,0.795
TCGA-ET-A4KN-01A,0.077,0.000,0.031,0.008,0.000,0.000,0.002,0.013,0.104,0.010,0.099,0.000,0.001,0.000,0.001,0.653,0.653
TCGA-BJ-A3EZ-01A,0.000,0.000,0.010,0.002,0.001,0.000,0.026,0.042,0.041,0.032,0.046,0.000,0.000,0.000,0.000,0.799,0.799
TCGA-DJ-A3UR-01A,0.000,0.000,0.007,0.000,0.000,0.003,0.001,0.140,0.008,0.108,0.063,0.000,0.001,0.000,0.000,0.668,0.668
TCGA-FE-A236-01A,0.000,0.000,0.007,0.006,0.001,0.000,0.001,0.109,0.044,0.070,0.034,0.000,0.001,0.000,0.000,0.727,0.727
TCGA-ET-A2N4-01A,0.000,0.000,0.008,0.000,0.001,0.001,0.000,0.156,0.002,0.109,0.081,0.000,0.001,0.000,0.000,0.642,0.642
TCGA-ET-A3BO-01A,0.021,0.001,0.033,0.013,0.007,0.000,0.054,0.085,0.069,0.062,0.089,0.001,0.001,0.000,0.000,0.563,0.563
TCGA-FK-A4UB-01A,0.000,0.000,0.006,0.001,0.000,0.000,0.001,0.107,0.003,0.130,0.046,0.000,0.000,0.000,0.000,0.705,0.705
TCGA-DJ-A13L-01A,0.017,0.007,0.034,0.005,0.009,0.000,0.078,0.061,0.158,0.027,0.133,0.001,0.000,0.000,0.001,0.468,0.468
TCGA-EL-A3ZQ-01A,0.029,0.000,0.010,0.001,0.006,0.001,0.013,0.048,0.009,0.044,0.064,0.000,0.001,0.000,0.000,0.773,0.773
TCGA-EL-A4K9-01A,0.000,0.000,0.019,0.000,0.001,0.001,0.013,0.174,0.047,0.121,0.103,0.002,0.000,0.000,0.000,0.519,0.519
TCGA-ET-A25P-01A,0.000,0.001,0.006,0.000,0.010,0.000,0.004,0.171,0.002,0.123,0.037,0.004,0.001,0.000,0.000,0.642,0.642
TCGA-EL-A3ZH-01A,0.008,0.000,0.003,0.000,0.003,0.000,0.002,0.082,0.008,0.090,0.025,0.000,0.001,0.000,0.000,0.779,0.779
TCGA-EM-A4FU-01A,0.001,0.000,0.002,0.000,0.004,0.000,0.000,0.146,0.001,0.120,0.058,0.000,0.000,0.000,0.000,0.667,0.667
TCGA-KS-A4IC-01A,0.000,0.000,0.011,0.002,0.001,0.000,0.004,0.077,0.034,0.049,0.089,0.000,0.001,0.000,0.000,0.731,0.731
TCGA-CE-A481-01A,0.015,0.008,0.023,0.001,0.034,0.001,0.014,0.142,0.067,0.078,0.079,0.001,0.000,0.000,0.000,0.536,0.536
TCGA-EL-A3CT-01A,0.000,0.000,0.013,0.001,0.000,0.000,0.014,0.119,0.140,0.065,0.075,0.000,0.000,0.000,0.000,0.572,0.572
TCGA-DJ-A2QA-01A,0.000,0.000,0.008,0.001,0.000,0.000,0.000,0.073,0.069,0.073,0.045,0.000,0.000,0.000,0.000,0.730,0.730
TCGA-FY-A40L-01A,0.000,0.000,0.009,0.006,0.000,0.000,0.021,0.059,0.108,0.042,0.085,0.000,0.000,0.000,0.000,0.669,0.669
TCGA-DO-A1K0-01A,0.000,0.000,0.006,0.003,0.000,0.001,0.004,0.111,0.055,0.070,0.063,0.000,0.000,0.001,0.000,0.685,0.685
TCGA-EL-A3GW-01A,0.002,0.000,0.004,0.002,0.002,0.000,0.000,0.100,0.013,0.047,0.034,0.000,0.000,0.000,0.000,0.794,0.794
TCGA-EM-A3SU-01A,0.029,0.001,0.020,0.002,0.001,0.000,0.022,0.030,0.030,0.031,0.156,0.000,0.000,0.000,0.001,0.675,0.675
TCGA-MK-A84Z-01A,0.002,0.000,0.002,0.000,0.004,0.000,0.000,0.189,0.001,0.122,0.019,0.000,0.000,0.000,0.000,0.659,0.659
TCGA-EL-A3H1-01A,0.017,0.001,0.001,0.000,0.005,0.000,0.000,0.148,0.005,0.081,0.023,0.000,0.000,0.000,0.000,0.719,0.719
TCGA-EL-A3ZK-01A,0.011,0.000,0.009,0.001,0.000,0.000,0.037,0.064,0.017,0.033,0.096,0.000,0.000,0.000,0.001,0.730,0.730
TCGA-EL-A3GP-01A,0.000,0.001,0.013,0.000,0.000,0.000,0.017,0.069,0.289,0.036,0.259,0.003,0.000,0.001,0.000,0.310,0.310
TCGA-ET-A40R-01A,0.015,0.016,0.022,0.001,0.006,0.001,0.010,0.114,0.007,0.106,0.079,0.000,0.002,0.000,0.001,0.620,0.620
TCGA-DJ-A3UX-01A,0.020,0.015,0.022,0.005,0.017,0.001,0.015,0.108,0.056,0.078,0.063,0.001,0.000,0.000,0.000,0.598,0.598
TCGA-DJ-A1QQ-01A,0.001,0.006,0.018,0.000,0.002,0.000,0.007,0.123,0.098,0.056,0.051,0.001,0.000,0.000,0.000,0.636,0.636
TCGA-EL-A3GY-01A,0.000,0.000,0.017,0.001,0.001,0.000,0.027,0.086,0.065,0.052,0.095,0.001,0.000,0.003,0.000,0.651,0.651
TCGA-EL-A4K0-01A,0.000,0.000,0.022,0.002,0.003,0.013,0.027,0.097,0.171,0.054,0.072,0.001,0.000,0.000,0.000,0.537,0.537
TCGA-IM-A3ED-01A,0.028,0.020,0.024,0.001,0.013,0.000,0.001,0.106,0.088,0.051,0.121,0.001,0.000,0.002,0.000,0.541,0.541
TCGA-EL-A3GZ-01A,0.000,0.000,0.019,0.004,0.004,0.001,0.026,0.105,0.101,0.079,0.033,0.000,0.001,0.000,0.000,0.627,0.627
TCGA-DJ-A1QL-01A,0.000,0.001,0.003,0.000,0.004,0.000,0.000,0.171,0.003,0.081,0.020,0.000,0.004,0.000,0.000,0.712,0.712
TCGA-DJ-A4V5-01A,0.000,0.001,0.037,0.001,0.012,0.000,0.051,0.111,0.073,0.061,0.086,0.002,0.000,0.003,0.000,0.561,0.561
TCGA-EL-A3T3-01A,0.000,0.000,0.008,0.000,0.000,0.000,0.005,0.081,0.034,0.059,0.088,0.000,0.000,0.000,0.000,0.724,0.724
TCGA-E3-A3E1-01A,0.000,0.000,0.013,0.000,0.000,0.000,0.008,0.058,0.033,0.048,0.088,0.000,0.000,0.000,0.000,0.751,0.751
TCGA-EL-A3ZN-01A,0.000,0.000,0.004,0.000,0.005,0.002,0.002,0.173,0.033,0.119,0.062,0.000,0.001,0.000,0.000,0.599,0.599
TCGA-EL-A4KI-01A,0.004,0.000,0.004,0.000,0.000,0.001,0.000,0.064,0.001,0.102,0.013,0.000,0.000,0.000,0.001,0.810,0.810
TCGA-DJ-A2Q4-01A,0.001,0.001,0.013,0.005,0.002,0.000,0.009,0.100,0.047,0.058,0.046,0.000,0.000,0.000,0.000,0.718,0.718
TCGA-IM-A4EB-01A,0.038,0.014,0.021,0.002,0.007,0.000,0.023,0.078,0.095,0.041,0.092,0.000,0.000,0.000,0.001,0.586,0.586
TCGA-ET-A39M-01A,0.072,0.000,0.032,0.001,0.017,0.001,0.005,0.080,0.044,0.051,0.203,0.000,0.000,0.000,0.000,0.493,0.493
TCGA-EM-A2CU-01A,0.000,0.000,0.018,0.000,0.021,0.000,0.004,0.146,0.049,0.118,0.114,0.001,0.001,0.000,0.000,0.527,0.527
TCGA-E3-A3DZ-01A,0.007,0.001,0.005,0.000,0.003,0.003,0.002,0.140,0.001,0.078,0.007,0.000,0.000,0.000,0.000,0.753,0.753
TCGA-ET-A3BW-01A,0.000,0.000,0.006,0.001,0.005,0.000,0.001,0.130,0.024,0.080,0.020,0.000,0.001,0.000,0.000,0.732,0.732
TCGA-DE-A0Y2-01A,0.000,0.000,0.005,0.001,0.000,0.000,0.000,0.069,0.041,0.056,0.050,0.000,0.000,0.000,0.000,0.777,0.777
TCGA-DJ-A3VF-01A,0.000,0.000,0.029,0.000,0.000,0.000,0.091,0.086,0.282,0.039,0.054,0.001,0.000,0.001,0.000,0.417,0.417
TCGA-DJ-A3VA-01A,0.011,0.001,0.012,0.005,0.004,0.001,0.006,0.102,0.029,0.062,0.067,0.001,0.000,0.000,0.000,0.697,0.697
TCGA-E3-A3E2-01A,0.015,0.080,0.041,0.015,0.022,0.000,0.026,0.105,0.062,0.059,0.075,0.001,0.000,0.000,0.001,0.496,0.496
TCGA-DJ-A1QD-01A,0.000,0.001,0.005,0.002,0.002,0.000,0.007,0.080,0.063,0.041,0.054,0.000,0.000,0.000,0.000,0.744,0.744
TCGA-J8-A3O1-01A,0.000,0.000,0.002,0.000,0.000,0.000,0.000,0.021,0.019,0.031,0.041,0.000,0.000,0.000,0.000,0.885,0.885
TCGA-DJ-A3V3-01A,0.030,0.001,0.016,0.003,0.018,0.001,0.004,0.119,0.032,0.083,0.105,0.000,0.000,0.000,0.000,0.587,0.587
TCGA-DJ-A2Q2-01A,0.011,0.001,0.007,0.002,0.009,0.000,0.002,0.178,0.002,0.092,0.070,0.000,0.000,0.000,0.000,0.626,0.626
TCGA-KS-A41F-01A,0.000,0.000,0.005,0.002,0.000,0.002,0.000,0.041,0.001,0.041,0.048,0.000,0.000,0.000,0.000,0.861,0.861
TCGA-EL-A3N3-01A,0.058,0.001,0.026,0.005,0.003,0.000,0.036,0.072,0.100,0.024,0.101,0.001,0.001,0.001,0.000,0.570,0.570
TCGA-GE-A2C6-01A,0.003,0.004,0.036,0.001,0.016,0.000,0.038,0.087,0.144,0.094,0.093,0.001,0.000,0.000,0.000,0.482,0.482
TCGA-EL-A3D6-01A,0.016,0.001,0.024,0.000,0.000,0.000,0.055,0.066,0.134,0.025,0.030,0.000,0.000,0.000,0.001,0.648,0.648
TCGA-DE-A7U5-01A,0.019,0.001,0.029,0.004,0.001,0.000,0.039,0.057,0.183,0.030,0.096,0.001,0.000,0.011,0.001,0.530,0.530
TCGA-DJ-A3VJ-01A,0.000,0.000,0.022,0.001,0.011,0.000,0.014,0.139,0.067,0.073,0.057,0.000,0.000,0.000,0.000,0.615,0.615
TCGA-EM-A4FQ-01A,0.010,0.000,0.012,0.001,0.000,0.000,0.018,0.052,0.059,0.056,0.078,0.000,0.000,0.000,0.001,0.713,0.713
TCGA-CE-A3MD-01A,0.000,0.000,0.010,0.001,0.011,0.001,0.028,0.139,0.031,0.095,0.075,0.000,0.001,0.000,0.000,0.609,0.609
TCGA-ET-A25R-01A,0.000,0.000,0.026,0.000,0.000,0.000,0.056,0.054,0.092,0.042,0.049,0.000,0.000,0.000,0.000,0.679,0.679
TCGA-EM-A3AP-01A,0.001,0.000,0.006,0.000,0.000,0.000,0.000,0.138,0.033,0.121,0.071,0.000,0.000,0.000,0.000,0.628,0.628
TCGA-EL-A4JZ-01A,0.000,0.000,0.030,0.002,0.016,0.000,0.043,0.117,0.127,0.088,0.143,0.000,0.000,0.000,0.000,0.432,0.432
TCGA-FE-A23A-01A,0.055,0.002,0.024,0.016,0.014,0.000,0.027,0.028,0.053,0.022,0.091,0.000,0.000,0.000,0.000,0.668,0.668
TCGA-BJ-A45K-01A,0.000,0.000,0.002,0.000,0.006,0.000,0.000,0.166,0.007,0.116,0.006,0.000,0.000,0.000,0.000,0.697,0.697
TCGA-DJ-A1QE-01A,0.001,0.008,0.018,0.000,0.000,0.000,0.028,0.053,0.119,0.030,0.025,0.000,0.000,0.000,0.000,0.717,0.717
TCGA-E8-A433-01A,0.000,0.000,0.016,0.000,0.000,0.000,0.031,0.057,0.097,0.051,0.050,0.000,0.000,0.000,0.000,0.697,0.697
TCGA-BJ-A18Z-01A,0.000,0.000,0.020,0.000,0.001,0.000,0.028,0.053,0.232,0.047,0.071,0.001,0.000,0.000,0.000,0.546,0.546
TCGA-EL-A4K7-01A,0.000,0.000,0.004,0.000,0.000,0.001,0.005,0.019,0.032,0.027,0.044,0.000,0.000,0.000,0.000,0.867,0.867
TCGA-FY-A3W9-01A,0.001,0.003,0.002,0.000,0.004,0.000,0.002,0.096,0.002,0.056,0.019,0.001,0.000,0.000,0.000,0.814,0.814
TCGA-EM-A22P-01A,0.003,0.063,0.030,0.000,0.019,0.016,0.042,0.146,0.131,0.079,0.102,0.002,0.000,0.000,0.000,0.366,0.366
TCGA-DJ-A2PX-01A,0.044,0.023,0.030,0.010,0.023,0.001,0.018,0.135,0.027,0.108,0.107,0.001,0.001,0.000,0.000,0.472,0.472
TCGA-J8-A3YD-01A,0.000,0.000,0.008,0.000,0.003,0.000,0.004,0.100,0.036,0.079,0.027,0.000,0.000,0.000,0.000,0.741,0.741
TCGA-EL-A3CV-01A,0.000,0.020,0.034,0.014,0.021,0.000,0.063,0.153,0.187,0.050,0.106,0.002,0.000,0.009,0.000,0.340,0.340
TCGA-EL-A3CM-01A,0.000,0.008,0.010,0.000,0.000,0.000,0.026,0.124,0.188,0.062,0.044,0.000,0.000,0.000,0.000,0.536,0.536
TCGA-ET-A40Q-01A,0.018,0.001,0.021,0.005,0.001,0.000,0.046,0.046,0.098,0.035,0.115,0.000,0.000,0.000,0.001,0.612,0.612
TCGA-FK-A3SE-01A,0.000,0.000,0.007,0.000,0.001,0.000,0.013,0.110,0.053,0.046,0.026,0.001,0.000,0.000,0.000,0.742,0.742
TCGA-EM-A2OZ-01A,0.000,0.000,0.011,0.003,0.005,0.000,0.003,0.092,0.001,0.058,0.060,0.000,0.001,0.000,0.000,0.765,0.765
TCGA-ET-A3DW-01A,0.000,0.001,0.012,0.001,0.000,0.000,0.034,0.030,0.016,0.016,0.051,0.000,0.000,0.000,0.000,0.837,0.837
TCGA-H2-A421-01A,0.043,0.001,0.031,0.011,0.012,0.000,0.015,0.075,0.082,0.040,0.125,0.000,0.000,0.000,0.000,0.563,0.563
TCGA-E8-A417-01A,0.030,0.002,0.012,0.016,0.007,0.000,0.009,0.055,0.026,0.045,0.098,0.000,0.002,0.000,0.000,0.698,0.698
TCGA-EL-A3T2-01A,0.000,0.007,0.002,0.000,0.005,0.000,0.002,0.139,0.002,0.062,0.020,0.000,0.000,0.000,0.000,0.760,0.760
TCGA-E3-A3E0-01A,0.000,0.000,0.014,0.005,0.009,0.001,0.002,0.112,0.004,0.070,0.076,0.000,0.000,0.000,0.000,0.708,0.708
TCGA-DJ-A3UW-01A,0.078,0.015,0.038,0.003,0.009,0.000,0.042,0.069,0.114,0.044,0.112,0.000,0.001,0.000,0.001,0.474,0.474
TCGA-DJ-A3VG-01A,0.004,0.000,0.001,0.000,0.006,0.000,0.000,0.141,0.002,0.128,0.021,0.000,0.000,0.000,0.001,0.695,0.695
TCGA-BJ-A28V-01A,0.001,0.000,0.002,0.000,0.005,0.000,0.000,0.157,0.001,0.089,0.004,0.000,0.000,0.000,0.000,0.740,0.740
TCGA-EM-A2CJ-01A,0.007,0.000,0.002,0.000,0.003,0.000,0.000,0.081,0.038,0.082,0.014,0.000,0.000,0.000,0.000,0.773,0.773
TCGA-EM-A22O-01A,0.000,0.000,0.005,0.006,0.000,0.000,0.002,0.049,0.019,0.032,0.060,0.000,0.001,0.000,0.000,0.827,0.827
TCGA-E3-A3DY-01A,0.015,0.002,0.017,0.004,0.005,0.000,0.006,0.096,0.051,0.045,0.101,0.000,0.000,0.000,0.000,0.657,0.657
TCGA-BJ-A0ZH-01A,0.000,0.000,0.017,0.000,0.000,0.000,0.010,0.098,0.031,0.078,0.079,0.000,0.000,0.000,0.000,0.685,0.685
TCGA-BJ-A45J-01A,0.000,0.001,0.010,0.000,0.000,0.000,0.009,0.123,0.034,0.059,0.040,0.001,0.000,0.000,0.000,0.724,0.724
TCGA-FY-A3I5-01B,0.022,0.032,0.005,0.000,0.011,0.011,0.001,0.057,0.035,0.072,0.045,0.000,0.000,0.000,0.001,0.706,0.706
TCGA-E8-A413-01A,0.000,0.000,0.020,0.000,0.005,0.001,0.042,0.084,0.205,0.054,0.077,0.000,0.000,0.000,0.000,0.511,0.511
TCGA-FY-A3NM-01A,0.005,0.000,0.005,0.000,0.002,0.000,0.000,0.114,0.001,0.073,0.008,0.000,0.000,0.000,0.000,0.792,0.792
TCGA-FY-A2QD-01A,0.012,0.000,0.002,0.000,0.003,0.000,0.000,0.054,0.002,0.071,0.002,0.000,0.000,0.000,0.000,0.853,0.853
TCGA-CE-A485-01A,0.000,0.000,0.021,0.000,0.011,0.002,0.024,0.169,0.148,0.095,0.090,0.001,0.000,0.000,0.000,0.440,0.440
TCGA-DJ-A13S-01A,0.000,0.000,0.002,0.001,0.000,0.000,0.000,0.159,0.000,0.073,0.056,0.000,0.000,0.000,0.000,0.709,0.709
TCGA-ET-A3DR-01A,0.000,0.000,0.008,0.000,0.000,0.000,0.001,0.132,0.056,0.050,0.018,0.000,0.000,0.000,0.000,0.735,0.735
TCGA-DJ-A13O-01A,0.023,0.019,0.019,0.001,0.014,0.002,0.021,0.041,0.054,0.046,0.086,0.000,0.000,0.000,0.000,0.671,0.671
TCGA-EM-A22N-01A,0.043,0.000,0.004,0.000,0.002,0.000,0.000,0.112,0.000,0.107,0.061,0.000,0.002,0.000,0.000,0.667,0.667
TCGA-E8-A414-01A,0.000,0.011,0.028,0.001,0.004,0.000,0.038,0.121,0.188,0.069,0.073,0.001,0.000,0.006,0.000,0.459,0.459
TCGA-ET-A3BU-01A,0.000,0.000,0.013,0.000,0.000,0.001,0.001,0.165,0.051,0.078,0.070,0.001,0.000,0.000,0.000,0.618,0.618
TCGA-EL-A3ZT-01A,0.000,0.000,0.009,0.004,0.003,0.001,0.002,0.105,0.023,0.076,0.070,0.001,0.000,0.000,0.000,0.706,0.706
TCGA-ET-A39S-01A,0.000,0.000,0.014,0.000,0.001,0.001,0.008,0.150,0.073,0.085,0.052,0.001,0.000,0.000,0.000,0.615,0.615
TCGA-EM-A3O6-01A,0.004,0.000,0.003,0.000,0.004,0.000,0.000,0.172,0.000,0.114,0.006,0.000,0.002,0.000,0.000,0.694,0.694
TCGA-ET-A3DU-01A,0.116,0.001,0.031,0.019,0.020,0.000,0.028,0.052,0.107,0.018,0.159,0.000,0.001,0.000,0.001,0.446,0.446
TCGA-DJ-A1QN-01A,0.000,0.000,0.024,0.000,0.006,0.001,0.016,0.123,0.049,0.085,0.088,0.001,0.001,0.000,0.000,0.606,0.606
TCGA-ET-A3DP-01A,0.000,0.001,0.017,0.000,0.005,0.007,0.027,0.125,0.064,0.069,0.077,0.000,0.000,0.000,0.000,0.607,0.607
TCGA-FY-A3NN-01A,0.000,0.000,0.004,0.000,0.000,0.001,0.011,0.047,0.006,0.057,0.103,0.000,0.000,0.000,0.000,0.770,0.770
TCGA-DJ-A3V9-01A,0.005,0.001,0.015,0.000,0.006,0.001,0.003,0.143,0.062,0.100,0.078,0.001,0.000,0.000,0.000,0.584,0.584
TCGA-E8-A2JQ-01A,0.065,0.002,0.046,0.048,0.024,0.000,0.042,0.055,0.110,0.027,0.111,0.000,0.001,0.000,0.001,0.467,0.467
TCGA-EM-A4FH-01A,0.006,0.000,0.002,0.000,0.001,0.000,0.000,0.129,0.010,0.099,0.001,0.000,0.002,0.000,0.000,0.748,0.748
TCGA-IM-A420-01A,0.036,0.001,0.025,0.014,0.010,0.000,0.004,0.048,0.067,0.023,0.109,0.000,0.000,0.000,0.001,0.659,0.659
TCGA-EM-A22K-01A,0.000,0.000,0.004,0.000,0.005,0.002,0.000,0.144,0.007,0.089,0.056,0.000,0.001,0.000,0.000,0.690,0.690
TCGA-EM-A2P0-01A,0.000,0.002,0.011,0.000,0.001,0.000,0.009,0.134,0.050,0.056,0.047,0.001,0.000,0.000,0.000,0.689,0.689
TCGA-BJ-A28R-01A,0.022,0.001,0.016,0.015,0.010,0.000,0.019,0.095,0.045,0.047,0.081,0.000,0.000,0.000,0.001,0.649,0.649
TCGA-ET-A3BX-01A,0.000,0.000,0.016,0.000,0.000,0.000,0.016,0.020,0.032,0.030,0.062,0.001,0.000,0.000,0.000,0.821,0.821
TCGA-FY-A4B4-01A,0.000,0.001,0.019,0.001,0.002,0.000,0.010,0.086,0.078,0.043,0.117,0.001,0.000,0.000,0.000,0.640,0.640
TCGA-ET-A3DQ-01A,0.030,0.027,0.027,0.001,0.028,0.010,0.015,0.147,0.072,0.093,0.079,0.001,0.000,0.000,0.001,0.469,0.469
TCGA-ET-A3DO-01A,0.063,0.002,0.039,0.015,0.013,0.000,0.028,0.060,0.085,0.023,0.107,0.001,0.000,0.006,0.001,0.557,0.557
TCGA-E8-A416-01A,0.001,0.009,0.008,0.000,0.017,0.002,0.007,0.087,0.097,0.073,0.023,0.000,0.000,0.000,0.000,0.675,0.675
TCGA-DJ-A1QG-01A,0.000,0.000,0.001,0.000,0.004,0.000,0.000,0.157,0.000,0.083,0.064,0.000,0.001,0.000,0.000,0.689,0.689
TCGA-EM-A2OY-01A,0.000,0.001,0.000,0.000,0.000,0.000,0.000,0.040,0.000,0.048,0.015,0.000,0.000,0.000,0.000,0.895,0.895
TCGA-EL-A3CP-01A,0.000,0.002,0.012,0.000,0.000,0.000,0.011,0.122,0.094,0.062,0.016,0.000,0.000,0.000,0.000,0.680,0.680
TCGA-BJ-A45F-01A,0.009,0.000,0.000,0.000,0.000,0.000,0.000,0.165,0.001,0.109,0.052,0.000,0.000,0.000,0.000,0.663,0.663
TCGA-EM-A4FV-01A,0.031,0.013,0.027,0.005,0.017,0.001,0.016,0.133,0.029,0.071,0.119,0.000,0.001,0.000,0.000,0.537,0.537
TCGA-EM-A2P1-01A,0.049,0.090,0.066,0.015,0.016,0.002,0.056,0.070,0.124,0.025,0.112,0.001,0.001,0.000,0.001,0.372,0.372
TCGA-EL-A4JW-01A,0.001,0.000,0.007,0.004,0.004,0.000,0.009,0.116,0.065,0.084,0.039,0.000,0.000,0.000,0.000,0.670,0.670
TCGA-EM-A3AI-01A,0.004,0.000,0.000,0.000,0.000,0.002,0.000,0.124,0.004,0.106,0.004,0.000,0.000,0.000,0.000,0.755,0.755
TCGA-EL-A3GX-01A,0.000,0.000,0.022,0.007,0.000,0.000,0.012,0.034,0.039,0.025,0.178,0.000,0.000,0.002,0.000,0.682,0.682
TCGA-FY-A3NP-01A,0.006,0.001,0.004,0.000,0.003,0.000,0.000,0.098,0.000,0.069,0.032,0.000,0.001,0.000,0.000,0.786,0.786
TCGA-FY-A4B3-01A,0.000,0.001,0.013,0.000,0.000,0.000,0.012,0.116,0.100,0.044,0.040,0.001,0.000,0.000,0.000,0.673,0.673
