,Plasma B cells,Non-plasma B cells,CD4 T,CD8 T effector,CD8 T (GZMK high),Double-neg-like T,DC,Endothelial Cells,CAFs,Myofibroblasts,Macrophages,Mast Cells,NK,Neutrophils,Monocytes,1-others,Cancer Cells
TCGA-BC-A10Z-01A,0.000,0.000,0.004,0.000,0.000,0.000,0.000,0.022,0.001,0.027,0.001,0.000,0.000,0.000,0.000,0.945,0.945
TCGA-DD-AAEK-01A,0.000,0.004,0.025,0.000,0.010,0.000,0.001,0.051,0.085,0.044,0.099,0.000,0.000,0.000,0.000,0.681,0.681
TCGA-G3-A3CK-01A,0.000,0.000,0.010,0.000,0.001,0.000,0.000,0.032,0.013,0.042,0.053,0.000,0.000,0.000,0.000,0.848,0.848
TCGA-DD-A1EJ-01A,0.000,0.000,0.002,0.000,0.000,0.000,0.000,0.015,0.030,0.018,0.103,0.000,0.000,0.000,0.000,0.831,0.831
TCGA-DD-AACU-01A,0.000,0.000,0.008,0.000,0.000,0.000,0.000,0.034,0.081,0.026,0.014,0.000,0.000,0.000,0.000,0.837,0.837
TCGA-ZS-A9CE-01A,0.000,0.000,0.003,0.000,0.000,0.000,0.000,0.018,0.044,0.019,0.000,0.000,0.000,0.000,0.000,0.915,0.915
TCGA-2Y-A9H2-01A,0.000,0.000,0.004,0.001,0.001,0.000,0.031,0.019,0.028,0.017,0.015,0.001,0.000,0.000,0.000,0.882,0.882
TCGA-CC-5261-01A,0.000,0.017,0.018,0.001,0.002,0.006,0.018,0.067,0.147,0.036,0.053,0.003,0.000,0.001,0.000,0.632,0.632
TCGA-DD-AADP-01A,0.000,0.000,0.004,0.000,0.000,0.000,0.000,0.055,0.092,0.033,0.001,0.000,0.000,0.000,0.000,0.816,0.816
TCGA-2Y-A9H4-01A,0.000,0.000,0.003,0.000,0.000,0.000,0.001,0.040,0.012,0.033,0.013,0.000,0.002,0.000,0.000,0.896,0.896
TCGA-DD-A1EA-01A,0.010,0.000,0.012,0.000,0.001,0.000,0.000,0.047,0.013,0.005,0.117,0.000,0.000,0.000,0.000,0.794,0.794
TCGA-CC-A3MC-01A,0.000,0.000,0.004,0.000,0.000,0.000,0.000,0.033,0.092,0.036,0.015,0.000,0.000,0.000,0.000,0.820,0.820
TCGA-FV-A2QR-01A,0.000,0.000,0.002,0.000,0.000,0.000,0.000,0.058,0.068,0.041,0.055,0.000,0.000,0.000,0.000,0.775,0.775
TCGA-EP-A26S-01A,0.000,0.000,0.001,0.000,0.000,0.000,0.000,0.029,0.050,0.027,0.032,0.000,0.001,0.000,0.000,0.860,0.860
TCGA-K7-AAU7-01A,0.000,0.000,0.008,0.000,0.000,0.000,0.000,0.014,0.157,0.010,0.046,0.002,0.000,0.000,0.000,0.762,0.762
TCGA-G3-A25T-01A,0.000,0.000,0.001,0.000,0.000,0.000,0.000,0.032,0.033,0.017,0.047,0.001,0.002,0.000,0.000,0.866,0.866
TCGA-DD-AADB-01A,0.000,0.009,0.024,0.000,0.000,0.000,0.000,0.034,0.027,0.030,0.090,0.000,0.000,0.000,0.000,0.784,0.784
TCGA-UB-A7MA-01A,0.000,0.000,0.005,0.000,0.000,0.000,0.000,0.017,0.058,0.037,0.039,0.000,0.000,0.000,0.000,0.844,0.844
TCGA-DD-AAD0-01A,0.000,0.000,0.002,0.000,0.000,0.000,0.000,0.007,0.007,0.010,0.035,0.000,0.000,0.000,0.000,0.939,0.939
TCGA-BC-4072-01B,0.002,0.000,0.021,0.002,0.005,0.000,0.007,0.055,0.060,0.032,0.114,0.000,0.000,0.001,0.000,0.700,0.700
TCGA-DD-AACD-01A,0.000,0.000,0.005,0.000,0.000,0.000,0.001,0.030,0.040,0.033,0.092,0.000,0.001,0.000,0.000,0.798,0.798
TCGA-DD-A3A5-01A,0.000,0.000,0.005,0.000,0.000,0.000,0.000,0.048,0.052,0.058,0.003,0.000,0.001,0.000,0.000,0.833,0.833
TCGA-ZP-A9D1-01A,0.000,0.000,0.011,0.000,0.000,0.000,0.000,0.067,0.111,0.072,0.024,0.000,0.001,0.000,0.000,0.713,0.713
TCGA-ZP-A9D0-01A,0.000,0.000,0.003,0.000,0.000,0.000,0.000,0.031,0.096,0.040,0.002,0.000,0.000,0.000,0.000,0.828,0.828
TCGA-CC-A7IK-01A,0.000,0.000,0.001,0.000,0.000,0.000,0.000,0.029,0.004,0.043,0.016,0.000,0.000,0.000,0.000,0.906,0.906
TCGA-WQ-AB4B-01A,0.000,0.000,0.003,0.000,0.000,0.000,0.000,0.030,0.111,0.033,0.025,0.000,0.000,0.000,0.000,0.797,0.797
TCGA-FV-A4ZQ-01A,0.040,0.000,0.019,0.012,0.028,0.000,0.000,0.012,0.016,0.002,0.164,0.000,0.000,0.000,0.001,0.705,0.705
TCGA-G3-A25S-01A,0.000,0.000,0.005,0.000,0.000,0.000,0.000,0.016,0.001,0.027,0.054,0.000,0.002,0.000,0.000,0.896,0.896
TCGA-NI-A4U2-01A,0.000,0.000,0.003,0.000,0.000,0.000,0.001,0.039,0.027,0.036,0.003,0.000,0.001,0.000,0.000,0.890,0.890
TCGA-RC-A7SK-01A,0.000,0.000,0.003,0.000,0.000,0.000,0.000,0.034,0.080,0.030,0.000,0.000,0.000,0.000,0.000,0.852,0.852
TCGA-DD-AADS-01A,0.000,0.000,0.012,0.000,0.000,0.000,0.000,0.034,0.005,0.017,0.051,0.000,0.002,0.000,0.000,0.878,0.878
TCGA-DD-A73F-01A,0.000,0.000,0.012,0.010,0.019,0.000,0.000,0.045,0.020,0.043,0.172,0.000,0.000,0.000,0.000,0.680,0.680
TCGA-DD-A11C-01A,0.000,0.000,0.005,0.000,0.000,0.000,0.000,0.124,0.064,0.089,0.067,0.000,0.001,0.000,0.000,0.649,0.649
TCGA-FV-A23B-01A,0.000,0.000,0.004,0.000,0.000,0.000,0.012,0.083,0.004,0.027,0.002,0.000,0.000,0.000,0.000,0.868,0.868
TCGA-DD-AADD-01A,0.000,0.000,0.004,0.000,0.000,0.000,0.000,0.015,0.001,0.016,0.070,0.000,0.000,0.000,0.000,0.894,0.894
TCGA-DD-AACO-01A,0.000,0.000,0.004,0.000,0.000,0.000,0.000,0.033,0.079,0.025,0.069,0.000,0.000,0.000,0.000,0.790,0.790
TCGA-RC-A6M3-01A,0.000,0.000,0.002,0.000,0.001,0.000,0.000,0.019,0.002,0.019,0.027,0.000,0.000,0.000,0.000,0.930,0.930
TCGA-DD-AAED-01A,0.000,0.000,0.000,0.000,0.000,0.000,0.000,0.000,0.053,0.006,0.005,0.000,0.000,0.000,0.000,0.935,0.935
TCGA-BC-A10X-01A,0.000,0.000,0.005,0.000,0.001,0.000,0.000,0.052,0.261,0.026,0.085,0.000,0.001,0.000,0.000,0.567,0.567
TCGA-DD-AAVP-01A,0.000,0.000,0.004,0.000,0.000,0.000,0.000,0.033,0.025,0.060,0.056,0.000,0.001,0.000,0.000,0.821,0.821
TCGA-MI-A75C-01A,0.000,0.000,0.006,0.000,0.000,0.000,0.000,0.009,0.007,0.017,0.002,0.000,0.000,0.000,0.000,0.959,0.959
TCGA-DD-A39W-01A,0.000,0.000,0.003,0.000,0.000,0.000,0.000,0.043,0.021,0.026,0.033,0.000,0.001,0.000,0.007,0.865,0.865
TCGA-DD-A4NA-01A,0.006,0.000,0.006,0.001,0.000,0.000,0.000,0.017,0.061,0.025,0.092,0.001,0.003,0.000,0.000,0.788,0.788
TCGA-DD-AAVY-01A,0.000,0.000,0.003,0.000,0.000,0.000,0.000,0.029,0.003,0.021,0.002,0.000,0.000,0.000,0.000,0.942,0.942
TCGA-DD-A1EC-01A,0.009,0.000,0.025,0.001,0.032,0.000,0.006,0.051,0.022,0.054,0.151,0.000,0.022,0.000,0.001,0.626,0.626
TCGA-5C-AAPD-01A,0.035,0.000,0.024,0.005,0.000,0.000,0.003,0.026,0.054,0.026,0.138,0.000,0.000,0.000,0.000,0.688,0.688
TCGA-BC-4073-01B,0.021,0.000,0.020,0.004,0.009,0.000,0.001,0.027,0.063,0.014,0.157,0.000,0.000,0.012,0.000,0.671,0.671
TCGA-WQ-A9G7-01A,0.000,0.000,0.001,0.000,0.000,0.000,0.000,0.011,0.004,0.002,0.046,0.000,0.000,0.000,0.000,0.936,0.936
TCGA-CC-A7II-01A,0.000,0.000,0.000,0.000,0.000,0.000,0.000,0.010,0.030,0.031,0.028,0.000,0.000,0.000,0.000,0.899,0.899
TCGA-CC-A8HS-01A,0.000,0.000,0.002,0.000,0.000,0.000,0.012,0.057,0.010,0.053,0.002,0.001,0.000,0.000,0.000,0.863,0.863
TCGA-DD-AAEA-01A,0.000,0.000,0.006,0.000,0.009,0.000,0.000,0.024,0.024,0.011,0.045,0.000,0.000,0.000,0.000,0.880,0.880
TCGA-DD-A4ND-01A,0.000,0.000,0.013,0.000,0.011,0.000,0.003,0.085,0.185,0.085,0.089,0.001,0.000,0.000,0.000,0.527,0.527
TCGA-ZP-A9D2-01A,0.011,0.002,0.010,0.000,0.000,0.000,0.000,0.046,0.127,0.012,0.067,0.000,0.000,0.000,0.000,0.725,0.725
TCGA-DD-AADI-01A,0.000,0.000,0.006,0.000,0.002,0.022,0.024,0.037,0.142,0.022,0.058,0.000,0.001,0.000,0.000,0.686,0.686
TCGA-2Y-A9GX-01A,0.000,0.000,0.023,0.000,0.009,0.001,0.010,0.065,0.205,0.037,0.159,0.000,0.000,0.000,0.000,0.490,0.490
TCGA-DD-AACY-01A,0.000,0.000,0.003,0.000,0.000,0.000,0.000,0.028,0.069,0.037,0.006,0.000,0.000,0.000,0.000,0.857,0.857
TCGA-DD-A73D-01A,0.000,0.000,0.000,0.000,0.000,0.000,0.000,0.029,0.002,0.017,0.001,0.000,0.000,0.000,0.000,0.950,0.950
TCGA-DD-AAE9-01A,0.000,0.000,0.008,0.000,0.000,0.000,0.000,0.020,0.001,0.023,0.021,0.000,0.001,0.000,0.000,0.926,0.926
TCGA-ED-A7XO-01A,0.000,0.000,0.008,0.000,0.000,0.000,0.000,0.043,0.116,0.032,0.089,0.000,0.001,0.000,0.000,0.710,0.710
TCGA-DD-AADM-01A,0.000,0.000,0.004,0.000,0.000,0.000,0.000,0.023,0.087,0.030,0.036,0.000,0.000,0.000,0.000,0.820,0.820
TCGA-FV-A3R3-01A,0.000,0.000,0.010,0.000,0.000,0.000,0.010,0.116,0.191,0.051,0.087,0.000,0.001,0.000,0.000,0.535,0.535
TCGA-DD-AACL-01A,0.005,0.000,0.025,0.000,0.000,0.000,0.000,0.024,0.006,0.007,0.218,0.000,0.002,0.000,0.013,0.700,0.700
TCGA-DD-A4NJ-01A,0.000,0.000,0.006,0.000,0.000,0.000,0.001,0.066,0.065,0.050,0.138,0.002,0.000,0.000,0.000,0.673,0.673
TCGA-DD-AADU-01A,0.000,0.000,0.001,0.000,0.000,0.000,0.000,0.012,0.021,0.029,0.003,0.000,0.000,0.000,0.000,0.933,0.933
TCGA-CC-A7IF-01A,0.000,0.000,0.002,0.000,0.000,0.000,0.000,0.040,0.046,0.044,0.023,0.000,0.000,0.000,0.000,0.844,0.844
TCGA-CC-A5UE-01A,0.000,0.000,0.002,0.000,0.000,0.000,0.001,0.022,0.001,0.025,0.038,0.000,0.000,0.000,0.000,0.911,0.911
TCGA-DD-AAVW-01A,0.000,0.000,0.015,0.000,0.000,0.009,0.007,0.076,0.150,0.057,0.075,0.000,0.000,0.000,0.000,0.612,0.612
TCGA-CC-A9FW-01A,0.001,0.000,0.006,0.000,0.000,0.000,0.000,0.002,0.037,0.016,0.040,0.000,0.000,0.000,0.000,0.897,0.897
TCGA-DD-A4NQ-01A,0.000,0.000,0.004,0.000,0.000,0.000,0.000,0.010,0.032,0.020,0.067,0.000,0.000,0.000,0.000,0.868,0.868
TCGA-DD-A3A7-01A,0.000,0.000,0.002,0.000,0.000,0.000,0.000,0.009,0.004,0.017,0.001,0.000,0.000,0.000,0.000,0.967,0.967
TCGA-EP-A2KA-01A,0.000,0.000,0.019,0.008,0.000,0.000,0.010,0.011,0.039,0.014,0.002,0.000,0.000,0.000,0.000,0.898,0.898
TCGA-ED-A7PZ-01A,0.000,0.000,0.001,0.000,0.000,0.000,0.000,0.012,0.004,0.022,0.014,0.000,0.000,0.000,0.000,0.947,0.947
TCGA-G3-A25U-01A,0.000,0.000,0.001,0.000,0.000,0.000,0.000,0.030,0.004,0.028,0.001,0.000,0.000,0.000,0.000,0.935,0.935
TCGA-RC-A7SH-01A,0.000,0.000,0.002,0.000,0.000,0.000,0.000,0.013,0.018,0.013,0.002,0.000,0.000,0.000,0.000,0.951,0.951
TCGA-G3-AAV1-01A,0.000,0.000,0.003,0.000,0.000,0.000,0.000,0.035,0.021,0.049,0.034,0.000,0.000,0.000,0.000,0.858,0.858
TCGA-2Y-A9GZ-01A,0.000,0.000,0.002,0.000,0.000,0.000,0.000,0.084,0.008,0.030,0.024,0.000,0.000,0.000,0.000,0.851,0.851
TCGA-DD-AA3A-01A,0.000,0.000,0.002,0.000,0.000,0.000,0.020,0.013,0.043,0.014,0.011,0.001,0.000,0.000,0.000,0.896,0.896
TCGA-2Y-A9HA-01A,0.000,0.000,0.003,0.000,0.000,0.000,0.000,0.038,0.011,0.025,0.036,0.000,0.000,0.000,0.000,0.885,0.885
TCGA-DD-AADK-01A,0.009,0.000,0.009,0.000,0.000,0.000,0.000,0.031,0.130,0.035,0.033,0.000,0.000,0.000,0.000,0.753,0.753
TCGA-G3-A5SI-01A,0.000,0.000,0.001,0.000,0.000,0.000,0.000,0.032,0.014,0.036,0.002,0.000,0.000,0.000,0.000,0.916,0.916
TCGA-DD-A4NI-01A,0.000,0.000,0.010,0.000,0.002,0.000,0.001,0.043,0.117,0.045,0.019,0.000,0.001,0.000,0.000,0.763,0.763
TCGA-DD-A73A-01A,0.000,0.000,0.003,0.000,0.000,0.000,0.000,0.020,0.044,0.021,0.005,0.000,0.000,0.000,0.000,0.905,0.905
TCGA-MR-A8JO-01A,0.000,0.000,0.017,0.000,0.001,0.000,0.000,0.110,0.106,0.214,0.140,0.000,0.002,0.000,0.000,0.408,0.408
TCGA-5R-AA1C-01A,0.000,0.000,0.004,0.000,0.000,0.000,0.000,0.031,0.001,0.038,0.070,0.000,0.001,0.000,0.000,0.854,0.854
TCGA-ZS-A9CG-01A,0.000,0.000,0.003,0.000,0.000,0.000,0.000,0.046,0.022,0.054,0.030,0.000,0.001,0.000,0.000,0.843,0.843
TCGA-DD-A4NH-01A,0.000,0.000,0.010,0.000,0.000,0.000,0.000,0.014,0.107,0.008,0.065,0.001,0.000,0.006,0.000,0.789,0.789
TCGA-FV-A4ZP-01A,0.000,0.000,0.004,0.000,0.000,0.000,0.000,0.014,0.007,0.015,0.069,0.000,0.000,0.000,0.000,0.890,0.890
TCGA-DD-AACJ-01A,0.000,0.000,0.002,0.000,0.000,0.000,0.000,0.010,0.003,0.019,0.021,0.000,0.000,0.000,0.000,0.946,0.946
TCGA-DD-AAVZ-01A,0.000,0.000,0.006,0.000,0.000,0.000,0.000,0.040,0.054,0.034,0.004,0.000,0.000,0.000,0.000,0.862,0.862
TCGA-DD-AAVR-01A,0.000,0.000,0.019,0.000,0.000,0.000,0.005,0.066,0.096,0.078,0.108,0.000,0.001,0.000,0.000,0.627,0.627
TCGA-RC-A7SB-01A,0.000,0.000,0.007,0.000,0.000,0.000,0.000,0.022,0.030,0.015,0.008,0.000,0.000,0.000,0.000,0.917,0.917
TCGA-3K-AAZ8-01A,0.000,0.000,0.006,0.000,0.002,0.000,0.000,0.017,0.066,0.019,0.004,0.000,0.000,0.000,0.000,0.885,0.885
TCGA-DD-AADA-01A,0.001,0.000,0.005,0.000,0.002,0.001,0.001,0.039,0.103,0.037,0.004,0.000,0.001,0.000,0.000,0.808,0.808
TCGA-G3-A25X-01A,0.000,0.000,0.015,0.001,0.000,0.000,0.000,0.034,0.097,0.025,0.132,0.000,0.000,0.000,0.000,0.695,0.695
TCGA-EP-A3RK-01A,0.018,0.000,0.030,0.000,0.002,0.000,0.000,0.033,0.031,0.029,0.242,0.000,0.001,0.000,0.001,0.613,0.613
TCGA-2Y-A9H5-01A,0.000,0.000,0.009,0.000,0.000,0.000,0.000,0.051,0.121,0.028,0.017,0.000,0.000,0.000,0.000,0.774,0.774
TCGA-UB-A7MF-01A,0.000,0.000,0.024,0.006,0.019,0.000,0.001,0.045,0.010,0.025,0.210,0.002,0.004,0.000,0.000,0.653,0.653
TCGA-BC-A10R-01A,0.000,0.000,0.004,0.000,0.000,0.000,0.000,0.059,0.133,0.064,0.010,0.000,0.000,0.000,0.000,0.730,0.730
TCGA-ED-A459-01A,0.000,0.000,0.005,0.000,0.000,0.000,0.000,0.026,0.035,0.020,0.131,0.000,0.000,0.000,0.000,0.783,0.783
TCGA-KR-A7K7-01A,0.000,0.000,0.015,0.000,0.001,0.000,0.000,0.021,0.006,0.014,0.091,0.000,0.000,0.000,0.000,0.851,0.851
TCGA-XR-A8TC-01A,0.000,0.000,0.002,0.000,0.000,0.000,0.000,0.046,0.049,0.038,0.003,0.000,0.000,0.000,0.000,0.862,0.862
TCGA-G3-A3CG-01A,0.000,0.000,0.007,0.000,0.000,0.000,0.000,0.050,0.057,0.045,0.002,0.000,0.000,0.000,0.000,0.839,0.839
TCGA-BC-A112-01A,0.000,0.000,0.003,0.000,0.000,0.000,0.000,0.020,0.093,0.026,0.068,0.001,0.000,0.000,0.000,0.788,0.788
TCGA-ED-A4XI-01A,0.000,0.000,0.007,0.000,0.007,0.000,0.000,0.061,0.178,0.043,0.116,0.000,0.001,0.000,0.000,0.587,0.587
TCGA-2Y-A9GT-01A,0.000,0.000,0.015,0.000,0.018,0.000,0.000,0.090,0.070,0.066,0.041,0.000,0.001,0.000,0.000,0.700,0.700
TCGA-DD-AACX-01A,0.000,0.000,0.002,0.000,0.000,0.000,0.000,0.010,0.004,0.010,0.048,0.000,0.000,0.000,0.000,0.926,0.926
TCGA-DD-A1EB-01A,0.000,0.000,0.007,0.000,0.000,0.000,0.000,0.041,0.035,0.059,0.003,0.000,0.001,0.000,0.000,0.854,0.854
TCGA-DD-AACE-01A,0.002,0.000,0.002,0.000,0.000,0.000,0.000,0.027,0.021,0.033,0.002,0.000,0.000,0.000,0.000,0.913,0.913
TCGA-2Y-A9H9-01A,0.000,0.000,0.002,0.000,0.000,0.000,0.000,0.038,0.043,0.039,0.005,0.000,0.000,0.000,0.000,0.872,0.872
TCGA-CC-5262-01A,0.000,0.000,0.009,0.000,0.000,0.000,0.000,0.054,0.138,0.034,0.117,0.000,0.000,0.000,0.000,0.648,0.648
TCGA-G3-AAV2-01A,0.000,0.000,0.003,0.000,0.000,0.000,0.000,0.063,0.028,0.048,0.041,0.000,0.001,0.000,0.000,0.816,0.816
TCGA-DD-A4NN-01A,0.000,0.000,0.002,0.000,0.000,0.000,0.000,0.044,0.095,0.017,0.024,0.000,0.000,0.000,0.000,0.819,0.819
TCGA-DD-AACZ-01A,0.000,0.004,0.027,0.000,0.000,0.000,0.014,0.035,0.001,0.017,0.229,0.001,0.001,0.000,0.000,0.672,0.672
TCGA-DD-AAE0-01A,0.000,0.000,0.004,0.000,0.000,0.000,0.000,0.015,0.059,0.022,0.032,0.000,0.000,0.000,0.000,0.866,0.866
TCGA-YA-A8S7-01A,0.000,0.000,0.015,0.000,0.001,0.000,0.000,0.040,0.066,0.019,0.327,0.000,0.000,0.000,0.000,0.531,0.531
TCGA-2Y-A9GY-01A,0.035,0.000,0.023,0.001,0.019,0.000,0.000,0.008,0.003,0.016,0.140,0.000,0.003,0.000,0.001,0.751,0.751
TCGA-UB-A7ME-01A,0.010,0.000,0.023,0.000,0.005,0.000,0.005,0.050,0.079,0.036,0.084,0.000,0.000,0.000,0.000,0.707,0.707
TCGA-ED-A8O6-01A,0.000,0.000,0.004,0.000,0.000,0.000,0.000,0.018,0.033,0.032,0.040,0.000,0.000,0.000,0.000,0.873,0.873
TCGA-ZP-A9D4-01A,0.000,0.000,0.001,0.000,0.000,0.000,0.000,0.026,0.014,0.029,0.020,0.000,0.000,0.000,0.000,0.909,0.909
TCGA-DD-A1EH-01A,0.000,0.000,0.002,0.000,0.000,0.001,0.000,0.054,0.107,0.028,0.016,0.000,0.000,0.000,0.000,0.792,0.792
TCGA-DD-A11A-01A,0.000,0.000,0.003,0.000,0.000,0.000,0.000,0.054,0.002,0.053,0.002,0.000,0.001,0.000,0.000,0.885,0.885
TCGA-RC-A7SF-01A,0.000,0.000,0.003,0.000,0.000,0.000,0.000,0.013,0.080,0.028,0.000,0.000,0.000,0.000,0.000,0.874,0.874
TCGA-HP-A5N0-01A,0.000,0.000,0.008,0.000,0.000,0.000,0.000,0.109,0.146,0.053,0.039,0.000,0.005,0.000,0.000,0.640,0.640
TCGA-DD-A73E-01A,0.000,0.000,0.001,0.000,0.000,0.000,0.000,0.046,0.006,0.060,0.011,0.000,0.000,0.000,0.000,0.876,0.876
TCGA-G3-A5SL-01A,0.000,0.000,0.002,0.000,0.000,0.000,0.000,0.031,0.012,0.061,0.003,0.000,0.000,0.000,0.000,0.891,0.891
TCGA-2Y-A9H6-01A,0.000,0.000,0.015,0.000,0.001,0.000,0.010,0.066,0.174,0.051,0.048,0.000,0.001,0.000,0.000,0.633,0.633
TCGA-WX-AA47-01A,0.001,0.000,0.001,0.000,0.000,0.000,0.000,0.019,0.003,0.035,0.000,0.000,0.000,0.000,0.001,0.939,0.939
TCGA-MR-A520-01A,0.000,0.000,0.004,0.000,0.000,0.000,0.000,0.020,0.040,0.030,0.030,0.000,0.002,0.000,0.000,0.875,0.875
TCGA-DD-A3A1-01A,0.000,0.000,0.004,0.000,0.000,0.000,0.000,0.012,0.009,0.010,0.057,0.000,0.000,0.000,0.000,0.908,0.908
TCGA-DD-AADF-01A,0.016,0.000,0.004,0.000,0.000,0.000,0.000,0.019,0.002,0.026,0.001,0.000,0.000,0.000,0.001,0.931,0.931
TCGA-G3-A7M7-01A,0.000,0.000,0.003,0.000,0.000,0.000,0.000,0.033,0.015,0.045,0.002,0.000,0.000,0.000,0.000,0.901,0.901
TCGA-DD-AADQ-01A,0.000,0.000,0.004,0.000,0.000,0.000,0.000,0.033,0.006,0.013,0.006,0.000,0.001,0.000,0.000,0.936,0.936
TCGA-DD-AAVX-01A,0.000,0.000,0.005,0.000,0.000,0.000,0.001,0.057,0.064,0.061,0.040,0.000,0.002,0.000,0.000,0.771,0.771
TCGA-MI-A75E-01A,0.000,0.000,0.010,0.000,0.000,0.000,0.000,0.051,0.128,0.027,0.007,0.000,0.000,0.000,0.000,0.776,0.776
TCGA-GJ-A3OU-01A,0.000,0.000,0.049,0.000,0.000,0.000,0.008,0.076,0.102,0.040,0.370,0.000,0.000,0.000,0.000,0.353,0.353
TCGA-DD-A11B-01A,0.000,0.000,0.003,0.000,0.000,0.000,0.000,0.034,0.075,0.030,0.001,0.000,0.000,0.000,0.000,0.856,0.856
TCGA-LG-A6GG-01A,0.000,0.000,0.002,0.000,0.000,0.000,0.000,0.043,0.016,0.034,0.001,0.000,0.000,0.000,0.000,0.904,0.904
TCGA-CC-A7IJ-01A,0.000,0.000,0.035,0.003,0.052,0.000,0.011,0.079,0.172,0.030,0.215,0.000,0.000,0.000,0.000,0.404,0.404
TCGA-DD-AACA-01A,0.000,0.000,0.001,0.000,0.000,0.000,0.000,0.049,0.007,0.057,0.021,0.000,0.000,0.000,0.000,0.864,0.864
TCGA-DD-A39V-01A,0.000,0.000,0.010,0.000,0.001,0.000,0.000,0.022,0.014,0.026,0.090,0.000,0.001,0.000,0.000,0.836,0.836
TCGA-2Y-A9GS-01A,0.000,0.000,0.008,0.000,0.000,0.000,0.000,0.041,0.065,0.036,0.114,0.001,0.000,0.000,0.000,0.735,0.735
TCGA-DD-AACW-01A,0.000,0.000,0.004,0.000,0.000,0.000,0.003,0.033,0.038,0.013,0.036,0.000,0.000,0.000,0.000,0.873,0.873
TCGA-FV-A3R2-01A,0.000,0.000,0.004,0.000,0.000,0.000,0.000,0.035,0.005,0.027,0.004,0.000,0.000,0.000,0.000,0.925,0.925
TCGA-ZP-A9CY-01A,0.000,0.000,0.004,0.000,0.000,0.000,0.000,0.048,0.128,0.038,0.089,0.000,0.000,0.000,0.000,0.693,0.693
TCGA-NI-A8LF-01A,0.000,0.000,0.002,0.000,0.000,0.000,0.001,0.058,0.060,0.064,0.001,0.000,0.001,0.000,0.000,0.813,0.813
TCGA-DD-AAE2-01A,0.000,0.000,0.013,0.000,0.003,0.000,0.000,0.077,0.084,0.039,0.060,0.000,0.001,0.000,0.000,0.723,0.723
TCGA-5C-A9VG-01A,0.000,0.000,0.001,0.000,0.000,0.000,0.000,0.039,0.057,0.068,0.041,0.001,0.000,0.000,0.000,0.794,0.794
TCGA-KR-A7K8-01A,0.000,0.000,0.019,0.001,0.008,0.000,0.000,0.033,0.035,0.080,0.141,0.000,0.001,0.000,0.000,0.681,0.681
TCGA-ZP-A9CZ-01A,0.011,0.000,0.013,0.001,0.001,0.000,0.008,0.037,0.048,0.032,0.113,0.001,0.000,0.000,0.001,0.735,0.735
TCGA-EP-A12J-01A,0.000,0.000,0.002,0.000,0.000,0.000,0.000,0.054,0.024,0.044,0.018,0.000,0.001,0.000,0.000,0.857,0.857
TCGA-DD-A4NV-01A,0.000,0.000,0.005,0.000,0.001,0.000,0.000,0.071,0.103,0.052,0.053,0.000,0.001,0.000,0.000,0.713,0.713
TCGA-BC-A3KF-01A,0.000,0.000,0.002,0.000,0.000,0.000,0.000,0.043,0.011,0.021,0.003,0.000,0.000,0.000,0.000,0.920,0.920
TCGA-XR-A8TD-01A,0.023,0.000,0.011,0.015,0.002,0.000,0.000,0.057,0.076,0.040,0.274,0.000,0.000,0.000,0.001,0.500,0.500
TCGA-DD-A4NK-01A,0.000,0.000,0.003,0.000,0.000,0.000,0.000,0.049,0.040,0.045,0.024,0.000,0.001,0.000,0.000,0.836,0.836
TCGA-DD-AACP-01A,0.000,0.000,0.006,0.000,0.000,0.000,0.000,0.012,0.058,0.017,0.030,0.000,0.000,0.000,0.000,0.877,0.877
TCGA-G3-A7M5-01A,0.000,0.000,0.003,0.000,0.000,0.000,0.000,0.026,0.007,0.036,0.018,0.000,0.003,0.000,0.000,0.907,0.907
TCGA-DD-A4NS-01A,0.000,0.000,0.008,0.000,0.018,0.001,0.005,0.077,0.215,0.069,0.114,0.001,0.001,0.000,0.000,0.491,0.491
TCGA-WX-AA46-01A,0.000,0.000,0.001,0.000,0.000,0.000,0.000,0.048,0.181,0.025,0.019,0.000,0.001,0.000,0.000,0.725,0.725
TCGA-O8-A75V-01A,0.000,0.000,0.008,0.000,0.001,0.000,0.000,0.037,0.087,0.024,0.098,0.000,0.000,0.000,0.000,0.745,0.745
TCGA-DD-AACH-01A,0.000,0.000,0.005,0.000,0.000,0.000,0.000,0.037,0.046,0.042,0.064,0.001,0.000,0.000,0.000,0.805,0.805
TCGA-DD-AAVQ-01A,0.025,0.018,0.035,0.005,0.001,0.002,0.043,0.035,0.095,0.022,0.109,0.000,0.000,0.000,0.001,0.610,0.610
TCGA-RC-A7S9-01A,0.000,0.000,0.005,0.000,0.000,0.000,0.010,0.030,0.003,0.024,0.001,0.000,0.000,0.000,0.000,0.926,0.926
TCGA-BC-A8YO-01A,0.000,0.000,0.016,0.019,0.002,0.000,0.006,0.013,0.031,0.018,0.120,0.001,0.000,0.000,0.000,0.772,0.772
TCGA-DD-A4NR-01A,0.000,0.000,0.018,0.016,0.016,0.000,0.000,0.035,0.040,0.021,0.250,0.000,0.001,0.000,0.000,0.602,0.602
TCGA-CC-A8HU-01A,0.000,0.000,0.002,0.000,0.000,0.000,0.000,0.013,0.006,0.021,0.044,0.000,0.000,0.000,0.000,0.914,0.914
TCGA-DD-AAVS-01A,0.000,0.000,0.005,0.000,0.000,0.000,0.000,0.046,0.056,0.066,0.027,0.000,0.000,0.000,0.000,0.800,0.800
TCGA-CC-A7IH-01A,0.000,0.000,0.001,0.000,0.000,0.000,0.000,0.064,0.006,0.048,0.006,0.000,0.001,0.000,0.000,0.873,0.873
TCGA-FV-A3I0-01A,0.000,0.000,0.001,0.000,0.000,0.000,0.001,0.010,0.083,0.003,0.002,0.000,0.001,0.000,0.000,0.899,0.899
TCGA-MI-A75H-01A,0.000,0.000,0.006,0.000,0.000,0.000,0.001,0.038,0.008,0.043,0.020,0.000,0.004,0.000,0.001,0.879,0.879
TCGA-CC-A9FV-01A,0.000,0.000,0.010,0.000,0.016,0.000,0.002,0.054,0.068,0.302,0.340,0.022,0.007,0.000,0.000,0.180,0.180
TCGA-BC-A217-01A,0.000,0.000,0.016,0.000,0.003,0.000,0.000,0.012,0.023,0.023,0.092,0.000,0.000,0.000,0.000,0.830,0.830
TCGA-DD-AAD5-01A,0.000,0.000,0.003,0.000,0.000,0.000,0.000,0.022,0.006,0.020,0.159,0.000,0.000,0.000,0.000,0.791,0.791
TCGA-2Y-A9H0-01A,0.000,0.000,0.012,0.006,0.002,0.000,0.000,0.007,0.004,0.020,0.126,0.000,0.000,0.000,0.000,0.823,0.823
TCGA-DD-AAD8-01A,0.000,0.000,0.002,0.000,0.000,0.000,0.000,0.021,0.018,0.036,0.002,0.000,0.000,0.000,0.000,0.921,0.921
TCGA-CC-A3MB-01A,0.000,0.000,0.003,0.000,0.000,0.000,0.000,0.021,0.043,0.017,0.003,0.000,0.000,0.000,0.000,0.913,0.913
TCGA-DD-A4NE-01A,0.000,0.000,0.002,0.000,0.000,0.000,0.000,0.039,0.034,0.043,0.016,0.001,0.000,0.000,0.000,0.865,0.865
TCGA-5R-AAAM-01A,0.000,0.000,0.007,0.000,0.000,0.000,0.000,0.074,0.173,0.032,0.151,0.000,0.002,0.000,0.000,0.561,0.561
TCGA-DD-AADY-01A,0.000,0.000,0.004,0.000,0.000,0.000,0.000,0.058,0.065,0.029,0.000,0.000,0.000,0.000,0.000,0.843,0.843
TCGA-MI-A75I-01A,0.000,0.000,0.004,0.000,0.000,0.000,0.000,0.018,0.033,0.014,0.041,0.000,0.000,0.000,0.000,0.890,0.890
TCGA-G3-A3CI-01A,0.000,0.000,0.008,0.000,0.000,0.000,0.001,0.036,0.079,0.044,0.096,0.000,0.003,0.000,0.000,0.733,0.733
TCGA-CC-A5UC-01A,0.000,0.000,0.006,0.000,0.000,0.000,0.000,0.043,0.064,0.037,0.064,0.000,0.000,0.000,0.000,0.786,0.786
TCGA-FV-A496-01A,0.000,0.000,0.001,0.000,0.000,0.000,0.000,0.026,0.029,0.020,0.001,0.000,0.000,0.000,0.000,0.923,0.923
TCGA-DD-AACK-01A,0.000,0.000,0.005,0.000,0.000,0.000,0.000,0.033,0.005,0.030,0.006,0.000,0.000,0.000,0.000,0.921,0.921
TCGA-XR-A8TE-01A,0.000,0.000,0.003,0.000,0.000,0.000,0.000,0.048,0.122,0.043,0.021,0.000,0.000,0.000,0.000,0.763,0.763
TCGA-DD-A3A4-01A,0.000,0.000,0.003,0.000,0.000,0.000,0.000,0.036,0.013,0.051,0.003,0.000,0.000,0.000,0.000,0.895,0.895
TCGA-RC-A6M4-01A,0.000,0.000,0.002,0.000,0.000,0.000,0.000,0.011,0.009,0.041,0.003,0.000,0.000,0.000,0.000,0.934,0.934
TCGA-ED-A7PY-01A,0.000,0.000,0.001,0.000,0.000,0.000,0.000,0.022,0.033,0.022,0.001,0.000,0.000,0.000,0.000,0.922,0.922
TCGA-DD-AADL-01A,0.000,0.000,0.002,0.000,0.000,0.000,0.000,0.024,0.007,0.023,0.001,0.000,0.000,0.000,0.000,0.943,0.943
TCGA-UB-A7MC-01A,0.000,0.000,0.000,0.000,0.000,0.000,0.000,0.027,0.009,0.033,0.023,0.000,0.000,0.000,0.000,0.907,0.907
TCGA-ED-A82E-01A,0.000,0.000,0.005,0.000,0.000,0.000,0.000,0.047,0.085,0.019,0.022,0.000,0.000,0.000,0.000,0.821,0.821
TCGA-CC-A9FS-01A,0.000,0.000,0.003,0.000,0.000,0.000,0.000,0.061,0.019,0.023,0.041,0.000,0.000,0.000,0.000,0.854,0.854
TCGA-T1-A6J8-01A,0.000,0.000,0.006,0.000,0.000,0.000,0.000,0.024,0.120,0.018,0.026,0.000,0.000,0.000,0.000,0.805,0.805
TCGA-DD-AAW0-01A,0.000,0.000,0.014,0.000,0.001,0.000,0.003,0.057,0.168,0.019,0.112,0.000,0.000,0.000,0.000,0.626,0.626
TCGA-BC-A216-01A,0.000,0.000,0.004,0.028,0.000,0.000,0.000,0.001,0.011,0.063,0.019,0.001,0.000,0.000,0.000,0.873,0.873
TCGA-DD-AACG-01A,0.000,0.000,0.004,0.000,0.000,0.000,0.000,0.010,0.001,0.012,0.073,0.000,0.000,0.000,0.000,0.900,0.900
TCGA-CC-A123-01A,0.000,0.000,0.003,0.000,0.000,0.000,0.000,0.014,0.012,0.026,0.043,0.000,0.000,0.000,0.000,0.901,0.901
TCGA-DD-A1EE-01A,0.000,0.000,0.002,0.000,0.000,0.000,0.000,0.032,0.006,0.037,0.068,0.000,0.000,0.000,0.000,0.855,0.855
TCGA-FV-A3I1-01A,0.000,0.000,0.017,0.000,0.000,0.000,0.000,0.048,0.079,0.022,0.100,0.000,0.000,0.000,0.000,0.734,0.734
TCGA-G3-A5SJ-01A,0.005,0.000,0.017,0.000,0.006,0.000,0.001,0.022,0.068,0.012,0.003,0.000,0.000,0.000,0.000,0.866,0.866
TCGA-BC-A3KG-01A,0.000,0.000,0.004,0.000,0.000,0.000,0.000,0.016,0.000,0.040,0.015,0.000,0.000,0.000,0.000,0.925,0.925
TCGA-ZS-A9CF-01A,0.000,0.000,0.004,0.000,0.000,0.000,0.000,0.063,0.003,0.061,0.019,0.000,0.001,0.000,0.000,0.850,0.850
TCGA-RC-A6M6-01A,0.000,0.000,0.007,0.000,0.000,0.000,0.000,0.014,0.031,0.026,0.040,0.000,0.000,0.000,0.000,0.882,0.882
TCGA-DD-AACI-01A,0.000,0.000,0.015,0.001,0.007,0.000,0.000,0.027,0.034,0.052,0.122,0.000,0.003,0.000,0.000,0.740,0.740
TCGA-EP-A3JL-01A,0.000,0.000,0.015,0.000,0.000,0.000,0.000,0.030,0.070,0.039,0.124,0.000,0.002,0.000,0.000,0.719,0.719
TCGA-CC-A5UD-01A,0.000,0.000,0.008,0.000,0.000,0.000,0.000,0.036,0.006,0.035,0.063,0.000,0.000,0.000,0.000,0.853,0.853
TCGA-ES-A2HS-01A,0.000,0.000,0.002,0.000,0.000,0.000,0.000,0.037,0.122,0.038,0.004,0.000,0.000,0.000,0.000,0.797,0.797
TCGA-BC-A10U-01A,0.000,0.000,0.004,0.000,0.000,0.000,0.000,0.001,0.006,0.014,0.054,0.000,0.000,0.000,0.000,0.921,0.921
TCGA-DD-A119-01A,0.000,0.000,0.003,0.000,0.000,0.000,0.000,0.033,0.119,0.028,0.043,0.000,0.000,0.000,0.000,0.774,0.774
TCGA-2Y-A9H1-01A,0.000,0.000,0.008,0.000,0.000,0.000,0.001,0.015,0.016,0.017,0.001,0.000,0.001,0.000,0.000,0.939,0.939
TCGA-G3-A5SK-01A,0.000,0.000,0.003,0.000,0.000,0.000,0.001,0.022,0.169,0.018,0.013,0.000,0.004,0.000,0.000,0.769,0.769
TCGA-BC-A10Y-01A,0.000,0.000,0.008,0.000,0.000,0.000,0.000,0.068,0.008,0.054,0.001,0.000,0.002,0.000,0.000,0.858,0.858
TCGA-DD-AAE1-01A,0.000,0.000,0.003,0.000,0.000,0.000,0.002,0.026,0.014,0.001,0.000,0.000,0.000,0.000,0.000,0.953,0.953
TCGA-DD-AADN-01A,0.010,0.000,0.009,0.004,0.000,0.000,0.000,0.006,0.001,0.005,0.091,0.000,0.004,0.000,0.001,0.868,0.868
TCGA-CC-A3M9-01A,0.000,0.000,0.046,0.012,0.051,0.000,0.002,0.049,0.117,0.017,0.384,0.001,0.000,0.000,0.000,0.319,0.319
TCGA-DD-A73C-01A,0.000,0.000,0.008,0.000,0.000,0.000,0.000,0.090,0.057,0.046,0.073,0.000,0.005,0.000,0.000,0.720,0.720
TCGA-BW-A5NP-01A,0.000,0.000,0.001,0.000,0.000,0.000,0.000,0.015,0.021,0.011,0.001,0.000,0.000,0.000,0.000,0.952,0.952
TCGA-CC-A7IL-01A,0.000,0.000,0.002,0.000,0.000,0.000,0.000,0.014,0.003,0.024,0.001,0.000,0.000,0.000,0.000,0.956,0.956
TCGA-DD-AACV-01A,0.000,0.000,0.003,0.000,0.000,0.000,0.000,0.036,0.006,0.021,0.003,0.000,0.000,0.000,0.000,0.931,0.931
TCGA-DD-AAD1-01A,0.003,0.018,0.021,0.001,0.008,0.003,0.009,0.082,0.186,0.064,0.064,0.001,0.000,0.000,0.000,0.541,0.541
TCGA-DD-AAVV-01A,0.000,0.000,0.017,0.000,0.000,0.000,0.003,0.061,0.070,0.061,0.118,0.000,0.001,0.000,0.000,0.668,0.668
TCGA-ED-A8O5-01A,0.000,0.000,0.003,0.000,0.000,0.000,0.000,0.080,0.017,0.056,0.000,0.000,0.000,0.000,0.000,0.844,0.844
TCGA-ED-A97K-01A,0.001,0.000,0.009,0.000,0.003,0.000,0.000,0.032,0.135,0.007,0.085,0.005,0.000,0.000,0.000,0.723,0.723
TCGA-2V-A95S-01A,0.018,0.000,0.031,0.007,0.023,0.000,0.002,0.030,0.049,0.012,0.117,0.000,0.007,0.000,0.001,0.702,0.702
TCGA-UB-A7MB-01A,0.000,0.000,0.003,0.000,0.000,0.000,0.000,0.046,0.001,0.020,0.006,0.000,0.000,0.000,0.000,0.923,0.923
TCGA-CC-5264-01A,0.000,0.000,0.006,0.000,0.000,0.000,0.000,0.016,0.028,0.020,0.026,0.002,0.000,0.000,0.000,0.901,0.901
TCGA-ED-A66Y-01A,0.000,0.000,0.001,0.000,0.000,0.000,0.000,0.040,0.109,0.025,0.009,0.003,0.000,0.000,0.000,0.813,0.813
TCGA-ED-A627-01A,0.011,0.000,0.013,0.000,0.027,0.000,0.002,0.084,0.259,0.033,0.119,0.000,0.001,0.000,0.001,0.451,0.451
TCGA-DD-AACC-01A,0.023,0.009,0.029,0.001,0.034,0.000,0.025,0.043,0.086,0.019,0.223,0.000,0.000,0.000,0.001,0.507,0.507
TCGA-DD-A4NB-01A,0.000,0.000,0.010,0.000,0.004,0.000,0.000,0.079,0.284,0.082,0.084,0.000,0.000,0.000,0.000,0.456,0.456
TCGA-ED-A66X-01A,0.000,0.000,0.009,0.000,0.000,0.000,0.000,0.043,0.125,0.030,0.156,0.001,0.000,0.000,0.000,0.637,0.637
TCGA-DD-A114-01A,0.007,0.003,0.031,0.008,0.004,0.000,0.033,0.051,0.090,0.045,0.123,0.007,0.000,0.000,0.001,0.596,0.596
TCGA-DD-A3A9-01A,0.000,0.000,0.012,0.000,0.001,0.000,0.000,0.067,0.157,0.074,0.034,0.000,0.000,0.000,0.000,0.655,0.655
TCGA-XR-A8TG-01A,0.000,0.000,0.003,0.000,0.000,0.000,0.000,0.041,0.117,0.041,0.005,0.001,0.000,0.000,0.000,0.792,0.792
TCGA-ES-A2HT-01A,0.000,0.000,0.008,0.000,0.000,0.000,0.000,0.032,0.123,0.036,0.017,0.000,0.000,0.000,0.000,0.782,0.782
TCGA-2Y-A9H3-01A,0.034,0.000,0.024,0.000,0.001,0.000,0.000,0.033,0.057,0.076,0.108,0.021,0.005,0.000,0.000,0.640,0.640
TCGA-2Y-A9HB-01A,0.000,0.000,0.009,0.000,0.007,0.000,0.000,0.060,0.066,0.049,0.082,0.000,0.000,0.000,0.000,0.726,0.726
TCGA-FV-A495-01A,0.000,0.000,0.015,0.000,0.000,0.000,0.000,0.035,0.148,0.028,0.098,0.000,0.000,0.000,0.000,0.674,0.674
TCGA-G3-AAV4-01A,0.000,0.000,0.002,0.000,0.000,0.000,0.000,0.060,0.003,0.035,0.040,0.000,0.000,0.000,0.000,0.860,0.860
TCGA-BC-A10W-01A,0.000,0.000,0.008,0.000,0.000,0.000,0.005,0.049,0.046,0.038,0.027,0.000,0.000,0.003,0.000,0.824,0.824
TCGA-DD-A1EK-01A,0.000,0.000,0.005,0.000,0.000,0.000,0.000,0.017,0.042,0.019,0.186,0.000,0.003,0.000,0.000,0.728,0.728
TCGA-DD-AAD6-01A,0.000,0.000,0.001,0.000,0.000,0.000,0.000,0.006,0.004,0.028,0.006,0.000,0.000,0.000,0.000,0.955,0.955
TCGA-G3-A3CH-01A,0.000,0.000,0.006,0.000,0.000,0.000,0.000,0.068,0.084,0.054,0.079,0.000,0.001,0.000,0.000,0.708,0.708
TCGA-KR-A7K2-01A,0.000,0.000,0.005,0.000,0.000,0.004,0.000,0.031,0.096,0.044,0.008,0.000,0.000,0.000,0.000,0.812,0.812
TCGA-DD-AAEG-01A,0.000,0.000,0.003,0.000,0.000,0.000,0.000,0.037,0.077,0.054,0.005,0.000,0.000,0.000,0.000,0.823,0.823
TCGA-ZS-A9CD-01A,0.000,0.000,0.005,0.000,0.000,0.000,0.000,0.056,0.087,0.058,0.041,0.000,0.000,0.000,0.000,0.753,0.753
TCGA-2Y-A9GV-01A,0.000,0.000,0.009,0.000,0.000,0.000,0.000,0.097,0.046,0.038,0.153,0.000,0.002,0.000,0.000,0.656,0.656
TCGA-BC-A10T-01A,0.000,0.000,0.003,0.000,0.000,0.000,0.000,0.059,0.159,0.075,0.021,0.000,0.000,0.000,0.000,0.683,0.683
TCGA-DD-AAEI-01A,0.000,0.000,0.004,0.000,0.000,0.000,0.000,0.023,0.024,0.020,0.068,0.000,0.000,0.000,0.000,0.862,0.862
TCGA-FV-A2QQ-01A,0.000,0.000,0.013,0.000,0.000,0.000,0.000,0.037,0.073,0.020,0.085,0.000,0.000,0.000,0.000,0.771,0.771
TCGA-PD-A5DF-01A,0.000,0.000,0.009,0.000,0.000,0.000,0.000,0.057,0.126,0.033,0.121,0.000,0.000,0.000,0.000,0.654,0.654
TCGA-EP-A2KC-01A,0.000,0.000,0.005,0.000,0.000,0.000,0.000,0.032,0.058,0.029,0.053,0.000,0.000,0.000,0.000,0.822,0.822
TCGA-CC-A7IG-01A,0.000,0.000,0.006,0.000,0.000,0.000,0.000,0.018,0.029,0.012,0.088,0.000,0.000,0.000,0.000,0.847,0.847
TCGA-DD-A3A3-01A,0.000,0.000,0.002,0.000,0.000,0.000,0.000,0.016,0.007,0.024,0.042,0.000,0.000,0.000,0.000,0.909,0.909
TCGA-4R-AA8I-01A,0.000,0.000,0.009,0.000,0.000,0.000,0.000,0.044,0.058,0.035,0.083,0.000,0.002,0.000,0.000,0.768,0.768
TCGA-G3-AAV3-01A,0.032,0.000,0.024,0.000,0.004,0.000,0.000,0.041,0.074,0.023,0.121,0.000,0.002,0.000,0.000,0.680,0.680
TCGA-G3-A3CJ-01A,0.000,0.000,0.002,0.000,0.000,0.000,0.001,0.022,0.028,0.048,0.009,0.000,0.000,0.000,0.000,0.890,0.890
TCGA-DD-A4NG-01A,0.000,0.000,0.006,0.000,0.000,0.000,0.000,0.026,0.015,0.033,0.039,0.000,0.000,0.000,0.000,0.881,0.881
TCGA-DD-A4NP-01A,0.000,0.000,0.003,0.000,0.000,0.000,0.000,0.033,0.061,0.040,0.053,0.000,0.002,0.000,0.000,0.807,0.807
TCGA-5R-AA1D-01A,0.000,0.000,0.011,0.000,0.000,0.000,0.000,0.133,0.246,0.096,0.110,0.000,0.000,0.000,0.000,0.404,0.404
TCGA-ED-A5KG-01A,0.023,0.100,0.071,0.002,0.028,0.058,0.033,0.054,0.113,0.025,0.128,0.001,0.006,0.000,0.001,0.353,0.353
TCGA-DD-AAW2-01A,0.000,0.000,0.001,0.000,0.000,0.000,0.000,0.044,0.008,0.046,0.001,0.000,0.001,0.000,0.000,0.897,0.897
TCGA-2Y-A9GW-01A,0.000,0.000,0.014,0.000,0.000,0.000,0.001,0.041,0.122,0.038,0.175,0.000,0.000,0.000,0.000,0.609,0.609
TCGA-DD-A116-01A,0.000,0.000,0.006,0.000,0.000,0.000,0.000,0.037,0.059,0.027,0.084,0.000,0.000,0.000,0.000,0.786,0.786
TCGA-CC-A1HT-01A,0.000,0.000,0.034,0.033,0.000,0.000,0.004,0.044,0.041,0.023,0.226,0.000,0.002,0.001,0.000,0.592,0.592
TCGA-DD-AAC8-01A,0.000,0.000,0.005,0.000,0.000,0.000,0.000,0.032,0.003,0.031,0.114,0.000,0.001,0.000,0.000,0.814,0.814
TCGA-G3-AAUZ-01A,0.000,0.000,0.004,0.000,0.000,0.000,0.000,0.040,0.085,0.028,0.076,0.000,0.000,0.000,0.000,0.765,0.765
TCGA-DD-AAD2-01A,0.000,0.000,0.010,0.000,0.000,0.000,0.000,0.055,0.187,0.036,0.108,0.000,0.000,0.000,0.000,0.604,0.604
TCGA-BD-A3EP-01A,0.010,0.018,0.022,0.000,0.001,0.000,0.007,0.087,0.094,0.074,0.108,0.000,0.000,0.000,0.001,0.578,0.578
TCGA-DD-AADR-01A,0.000,0.000,0.004,0.000,0.000,0.000,0.000,0.034,0.008,0.027,0.014,0.000,0.000,0.000,0.000,0.913,0.913
TCGA-DD-AAVU-01A,0.000,0.000,0.002,0.000,0.000,0.000,0.000,0.010,0.005,0.020,0.035,0.000,0.000,0.000,0.000,0.928,0.928
TCGA-QA-A7B7-01A,0.000,0.000,0.007,0.001,0.000,0.000,0.000,0.026,0.002,0.026,0.002,0.000,0.000,0.000,0.000,0.935,0.935
TCGA-UB-AA0U-01A,0.000,0.000,0.008,0.000,0.000,0.000,0.002,0.058,0.141,0.028,0.091,0.000,0.000,0.000,0.000,0.671,0.671
TCGA-CC-A9FU-01A,0.000,0.000,0.004,0.000,0.000,0.000,0.001,0.009,0.002,0.007,0.025,0.000,0.000,0.000,0.000,0.951,0.951
TCGA-DD-A113-01A,0.000,0.000,0.008,0.001,0.000,0.000,0.000,0.033,0.064,0.042,0.081,0.001,0.000,0.000,0.000,0.770,0.770
TCGA-KR-A7K0-01A,0.000,0.000,0.003,0.000,0.000,0.000,0.000,0.043,0.092,0.054,0.046,0.000,0.000,0.000,0.000,0.762,0.762
TCGA-DD-A4NL-01A,0.000,0.000,0.005,0.000,0.000,0.000,0.000,0.071,0.124,0.054,0.053,0.000,0.000,0.000,0.000,0.692,0.692
TCGA-DD-AADW-01A,0.000,0.000,0.004,0.000,0.000,0.000,0.000,0.070,0.098,0.036,0.026,0.001,0.000,0.000,0.000,0.765,0.765
TCGA-DD-A39X-01A,0.000,0.000,0.005,0.000,0.000,0.000,0.000,0.030,0.083,0.047,0.057,0.000,0.000,0.000,0.000,0.778,0.778
TCGA-DD-AAEE-01A,0.000,0.000,0.002,0.000,0.000,0.000,0.000,0.027,0.050,0.025,0.012,0.000,0.000,0.000,0.000,0.885,0.885
TCGA-2Y-A9GU-01A,0.000,0.000,0.003,0.000,0.001,0.000,0.000,0.037,0.034,0.038,0.004,0.000,0.000,0.000,0.000,0.883,0.883
TCGA-CC-A7IE-01A,0.000,0.000,0.016,0.000,0.000,0.000,0.001,0.034,0.008,0.036,0.038,0.000,0.000,0.000,0.000,0.867,0.867
TCGA-WX-AA44-01A,0.000,0.000,0.006,0.000,0.000,0.000,0.000,0.025,0.078,0.016,0.041,0.000,0.000,0.000,0.000,0.834,0.834
TCGA-G3-A7M8-01A,0.000,0.000,0.004,0.000,0.000,0.000,0.000,0.052,0.084,0.051,0.076,0.000,0.000,0.000,0.000,0.734,0.734
TCGA-ED-A7XP-01A,0.000,0.000,0.007,0.000,0.000,0.000,0.000,0.045,0.090,0.050,0.086,0.000,0.000,0.000,0.000,0.721,0.721
TCGA-BW-A5NQ-01A,0.000,0.005,0.023,0.000,0.005,0.000,0.001,0.035,0.018,0.020,0.144,0.000,0.000,0.000,0.000,0.750,0.750
TCGA-DD-A73G-01A,0.000,0.000,0.004,0.000,0.000,0.000,0.000,0.023,0.033,0.028,0.068,0.000,0.000,0.000,0.000,0.844,0.844
TCGA-RG-A7D4-01A,0.068,0.008,0.030,0.006,0.000,0.000,0.000,0.014,0.009,0.006,0.110,0.000,0.000,0.000,0.000,0.748,0.748
TCGA-DD-A3A6-01A,0.000,0.000,0.009,0.000,0.002,0.000,0.001,0.083,0.134,0.431,0.125,0.011,0.006,0.000,0.000,0.196,0.196
TCGA-BW-A5NO-01A,0.000,0.000,0.008,0.000,0.000,0.000,0.000,0.041,0.027,0.030,0.056,0.000,0.001,0.000,0.000,0.838,0.838
TCGA-CC-A3MA-01A,0.000,0.000,0.002,0.000,0.000,0.000,0.007,0.063,0.116,0.043,0.033,0.001,0.000,0.000,0.000,0.736,0.736
TCGA-DD-AADC-01A,0.000,0.000,0.005,0.000,0.000,0.000,0.000,0.033,0.036,0.026,0.053,0.000,0.000,0.000,0.000,0.846,0.846
TCGA-G3-AAV0-01A,0.000,0.000,0.004,0.000,0.000,0.000,0.000,0.027,0.111,0.022,0.004,0.000,0.001,0.000,0.000,0.830,0.830
TCGA-DD-AAE3-01A,0.000,0.000,0.003,0.000,0.000,0.000,0.000,0.060,0.048,0.072,0.062,0.000,0.000,0.000,0.000,0.754,0.754
TCGA-DD-A118-01A,0.000,0.000,0.004,0.000,0.000,0.000,0.000,0.057,0.074,0.055,0.037,0.000,0.000,0.000,0.000,0.772,0.772
TCGA-DD-A1EF-01A,0.000,0.010,0.016,0.000,0.002,0.000,0.005,0.044,0.039,0.024,0.061,0.000,0.000,0.000,0.000,0.799,0.799
TCGA-DD-A11D-01A,0.000,0.000,0.004,0.000,0.000,0.000,0.000,0.044,0.087,0.049,0.001,0.000,0.000,0.000,0.000,0.815,0.815
TCGA-G3-A6UC-01A,0.000,0.000,0.002,0.000,0.000,0.000,0.000,0.043,0.005,0.041,0.008,0.000,0.001,0.000,0.000,0.899,0.899
TCGA-WJ-A86L-01A,0.000,0.001,0.001,0.000,0.000,0.000,0.000,0.001,0.007,0.012,0.017,0.000,0.001,0.000,0.000,0.959,0.959
TCGA-CC-5263-01A,0.000,0.000,0.008,0.000,0.003,0.000,0.018,0.021,0.035,0.009,0.050,0.006,0.000,0.004,0.000,0.847,0.847
TCGA-DD-AAE6-01A,0.000,0.000,0.001,0.000,0.000,0.000,0.000,0.008,0.005,0.018,0.010,0.000,0.000,0.000,0.000,0.957,0.957
TCGA-K7-A6G5-01A,0.000,0.000,0.006,0.000,0.000,0.000,0.000,0.041,0.086,0.027,0.034,0.000,0.000,0.000,0.000,0.805,0.805
TCGA-DD-A1EL-01A,0.000,0.000,0.007,0.000,0.000,0.000,0.000,0.021,0.006,0.022,0.099,0.000,0.000,0.000,0.000,0.845,0.845
TCGA-G3-A7M6-01A,0.000,0.000,0.006,0.001,0.001,0.000,0.002,0.083,0.073,0.061,0.054,0.000,0.000,0.000,0.000,0.719,0.719
TCGA-DD-AAE4-01A,0.000,0.000,0.014,0.001,0.000,0.000,0.000,0.054,0.040,0.042,0.110,0.000,0.001,0.000,0.000,0.738,0.738
TCGA-MI-A75G-01A,0.000,0.000,0.002,0.000,0.000,0.000,0.000,0.028,0.011,0.035,0.002,0.000,0.000,0.000,0.000,0.922,0.922
TCGA-DD-AACQ-01A,0.000,0.000,0.001,0.000,0.000,0.000,0.000,0.014,0.007,0.019,0.001,0.000,0.000,0.000,0.000,0.958,0.958
TCGA-DD-AADV-01A,0.000,0.000,0.005,0.000,0.000,0.000,0.000,0.046,0.112,0.037,0.046,0.000,0.000,0.000,0.000,0.755,0.755
TCGA-LG-A9QD-01A,0.000,0.000,0.004,0.000,0.000,0.000,0.001,0.026,0.098,0.040,0.003,0.000,0.001,0.000,0.000,0.827,0.827
TCGA-DD-A3A2-01A,0.000,0.000,0.006,0.000,0.000,0.000,0.000,0.019,0.043,0.025,0.039,0.000,0.002,0.000,0.000,0.865,0.865
TCGA-DD-A115-01A,0.000,0.000,0.006,0.000,0.000,0.000,0.000,0.057,0.118,0.048,0.017,0.000,0.001,0.000,0.000,0.753,0.753
TCGA-DD-A1EG-01A,0.000,0.000,0.019,0.000,0.000,0.000,0.000,0.043,0.085,0.028,0.140,0.000,0.000,0.000,0.000,0.685,0.685
TCGA-DD-AADO-01A,0.000,0.000,0.029,0.000,0.000,0.000,0.000,0.010,0.002,0.014,0.071,0.000,0.000,0.000,0.000,0.873,0.873
TCGA-5C-A9VH-01A,0.000,0.000,0.005,0.000,0.000,0.000,0.000,0.066,0.111,0.074,0.001,0.000,0.000,0.000,0.000,0.742,0.742
TCGA-DD-AACS-01A,0.000,0.000,0.001,0.000,0.000,0.000,0.000,0.029,0.017,0.022,0.001,0.000,0.000,0.000,0.000,0.931,0.931
TCGA-DD-AAE7-01A,0.000,0.000,0.006,0.000,0.006,0.000,0.000,0.041,0.185,0.051,0.045,0.000,0.001,0.000,0.000,0.666,0.666
TCGA-DD-AADJ-01A,0.000,0.000,0.005,0.000,0.000,0.000,0.008,0.029,0.023,0.021,0.000,0.000,0.000,0.000,0.000,0.913,0.913
TCGA-UB-A7MD-01A,0.000,0.000,0.009,0.000,0.000,0.000,0.000,0.071,0.072,0.043,0.106,0.000,0.000,0.000,0.000,0.698,0.698
TCGA-CC-5259-01A,0.000,0.000,0.004,0.000,0.000,0.000,0.000,0.011,0.014,0.008,0.002,0.000,0.000,0.000,0.000,0.962,0.962
TCGA-HP-A5MZ-01A,0.000,0.000,0.017,0.000,0.000,0.000,0.000,0.061,0.134,0.058,0.142,0.000,0.000,0.000,0.000,0.588,0.588
TCGA-EP-A2KB-01A,0.000,0.000,0.002,0.000,0.000,0.000,0.000,0.025,0.003,0.032,0.018,0.000,0.000,0.000,0.000,0.921,0.921
TCGA-ED-A7PX-01A,0.000,0.000,0.004,0.000,0.000,0.000,0.000,0.028,0.085,0.023,0.093,0.001,0.000,0.000,0.000,0.766,0.766
TCGA-G3-A5SM-01A,0.000,0.000,0.012,0.000,0.000,0.000,0.000,0.058,0.118,0.030,0.125,0.000,0.000,0.000,0.000,0.656,0.656
TCGA-DD-AAEB-01A,0.000,0.000,0.001,0.000,0.000,0.000,0.000,0.041,0.027,0.037,0.002,0.000,0.000,0.000,0.000,0.890,0.890
TCGA-BC-A5W4-01A,0.000,0.000,0.002,0.000,0.000,0.000,0.000,0.001,0.020,0.008,0.001,0.000,0.000,0.000,0.000,0.969,0.969
TCGA-DD-A73B-01A,0.000,0.000,0.004,0.000,0.000,0.000,0.000,0.029,0.002,0.026,0.012,0.000,0.000,0.000,0.000,0.927,0.927
TCGA-DD-A1EI-01A,0.000,0.000,0.010,0.000,0.000,0.000,0.000,0.076,0.118,0.050,0.081,0.000,0.000,0.000,0.000,0.665,0.665
TCGA-K7-A5RF-01A,0.003,0.000,0.015,0.000,0.002,0.000,0.000,0.039,0.200,0.042,0.117,0.000,0.001,0.000,0.001,0.579,0.579
TCGA-DD-AACT-01A,0.000,0.000,0.007,0.000,0.001,0.000,0.000,0.030,0.094,0.016,0.100,0.000,0.003,0.000,0.000,0.748,0.748
TCGA-DD-A4NO-01A,0.000,0.000,0.003,0.000,0.000,0.000,0.000,0.051,0.137,0.027,0.002,0.000,0.000,0.000,0.000,0.780,0.780
TCGA-2Y-A9H8-01A,0.000,0.000,0.013,0.007,0.000,0.000,0.000,0.021,0.012,0.018,0.104,0.000,0.000,0.000,0.000,0.824,0.824
TCGA-DD-A3A8-01A,0.000,0.000,0.003,0.000,0.000,0.000,0.001,0.038,0.019,0.038,0.002,0.000,0.002,0.000,0.000,0.898,0.898
TCGA-LG-A9QC-01A,0.000,0.000,0.001,0.000,0.000,0.000,0.000,0.056,0.024,0.067,0.008,0.000,0.000,0.000,0.000,0.844,0.844
TCGA-BC-A10S-01A,0.000,0.000,0.007,0.000,0.000,0.000,0.000,0.062,0.121,0.038,0.140,0.000,0.003,0.000,0.000,0.628,0.628
TCGA-DD-AACN-01A,0.000,0.000,0.005,0.000,0.000,0.002,0.000,0.061,0.155,0.028,0.039,0.000,0.000,0.000,0.000,0.708,0.708
