"","cellFractions.CD4.T","cellFractions.CD8.T","cellFractions.DC","cellFractions.Fibroblasts","cellFractions.Monocytes","cellFractions.NK","cellFractions.otherCells"
"TCGA.94.7943.01A",2.01140297121775e-08,0.00589481504634801,1.79098483950293e-09,0.179372936549131,0.0609237354227411,0.00227813458251788,0.751530356494247
"TCGA.68.8251.01A",0.137245637308731,9.38998740188091e-07,7.45313524125815e-08,0.709104138112685,0.0373357560884823,0.000267455244787551,0.116045999715222
"TCGA.33.A5GW.01A",2.48584297177807e-09,0.000945200934931452,3.78415872876519e-08,0.169008215214224,0.160295705869837,6.06307844375617e-09,0.669750831590499
"TCGA.85.8070.01A",3.97353488796837e-08,0.0033946872071695,3.32597603031809e-09,0.0904997487408073,0.0443477059915351,0.00193882127108987,0.859818993728073
"TCGA.85.8479.01A",1.40478689958716e-07,0.00206328438457423,1.33362521619546e-08,0.207304539807227,0.118136155503696,8.72277292005031e-08,0.672495779261832
"TCGA.22.5482.01A",1.26854290645604e-08,7.81635386814543e-09,1.34779758196208e-05,0.499700264252577,0.498213892877541,0.00207233804806611,6.34421316814639e-09
"TCGA.21.1077.01A",0.0247093105518914,0.00326437234166386,8.38058770395577e-08,0.629840276644573,0.132484524739792,0.00326219542720889,0.206439236488993
"TCGA.43.6773.01A",2.49229076475704e-07,0.00733916115606315,0.00198846086618174,0.838682591720291,0.151964896786423,2.44417525269748e-05,1.98489438043371e-07
"TCGA.34.8455.01A",0.00111785645249879,0.00996876337729931,1.2094143199788e-08,0.546214733239188,0.0734268253882738,5.86632287447466e-05,0.369213146219852
"TCGA.85.7950.01A",0.0181279783023364,0.00547680199092065,2.5615508489037e-08,0.976376609909637,1.78565451952396e-07,1.2680164084493e-05,5.72545206111091e-06
"TCGA.60.2715.01A",4.50145833655788e-07,1.73038670200949e-05,5.44293039810897e-08,0.911153038329453,0.0888290677462745,1.43234186225736e-08,7.11586960616572e-08
"TCGA.85.A5B5.01A",0.0120959653297316,0.00100990228751714,5.88506134395539e-09,0.234432394016176,0.0405862861979571,0.0119196375934449,0.699955808690112
"TCGA.33.4583.01A",2.65262280135211e-09,0.0184156781076294,3.89274865978503e-09,0.200844294973946,0.111339430487095,0.00516431109158772,0.66423627879437
"TCGA.60.2725.01A",7.53682882058787e-08,0.0138440023725919,1.28380049832891e-07,0.835230397650104,0.150925298624902,6.12144420181375e-08,3.63896215009139e-08
"TCGA.85.8072.01A",6.83959289757506e-08,0.0172379377980619,7.61402229134913e-05,0.443290340933201,0.263137995166901,1.6291386939706e-09,0.276257515853854
"TCGA.22.4601.01A",1.45300139250159e-08,0.00683242796734195,2.96114672428665e-07,0.165419784560477,0.0750166379668207,0.000708096117568032,0.752022742743106
"TCGA.66.2781.01A",3.59236639396192e-06,1.59337333281317e-06,2.74444411990175e-07,0.999988977562382,2.0057395656832e-09,9.94059443186218e-08,5.46084179514343e-06
"TCGA.22.0940.01A",0.000875117411998659,0.0042523072643178,3.00487023579129e-05,0.72646303484943,0.268378130270171,1.35663890230189e-06,4.86282250664151e-09
"TCGA.43.6143.01A",0.00146839480878552,0.00452979568484605,3.05988567126073e-08,0.554549079607007,0.0445988798787368,1.44958642342358e-05,0.394839323557534
"TCGA.39.5021.01A",0.0269594490005365,0.0187556393239525,5.08554422052594e-09,0.49514069750172,0.126003827171062,0.0106887247268211,0.322451657190364
"TCGA.22.1012.01A",7.35545609771704e-09,0.0103442949121159,5.32408217890503e-09,0.342198936320638,0.104318131930618,0.00440831105046066,0.538730313106629
"TCGA.33.AASL.01A",0.00274933405041856,0.00246516086705373,1.22874222136967e-09,0.0624712806622559,0.0309820369355749,0.0183073898946653,0.883024796361289
"TCGA.33.4533.01A",4.52549067577606e-08,0.0027711482554039,0.000948724277967577,0.584112848450474,0.0685607264885325,5.97605352443886e-07,0.343605909667363
"TCGA.43.6647.01A",5.78218234182435e-07,0.000117787666685192,1.06973530209301e-07,0.968602394024374,0.0312771208656639,1.96255704101962e-06,4.9694471343868e-08
"TCGA.77.6845.01A",7.3986774102321e-09,0.00274861422354742,1.6966423240075e-08,0.238931413922943,0.140601938551204,2.97531627499206e-08,0.617717979184043
"TCGA.56.8504.01A",1.64362053537975e-08,0.0126026185379839,5.78131606227052e-09,0.412342989383811,0.0793789563706412,0.00931206317311346,0.486363350316929
"TCGA.56.8629.01A",9.21332053931269e-06,1.60127889124259e-08,8.45829675691661e-06,0.473951406108183,0.526024871947421,6.03301748456251e-06,1.2968264170642e-09
"TCGA.63.A5MY.01A",6.3651403630851e-08,3.61148048653007e-07,6.65315622530456e-08,0.414651135901384,1.96972973135498e-09,4.88007087976287e-06,0.585343490726992
"TCGA.37.4130.01A",0.000371985222595845,0.11385992955202,2.45521364478457e-09,7.52000447078753e-08,0.127111488970709,0.201705693886061,0.556950824713356
"TCGA.22.1002.01A",5.17869197598699e-09,2.60522299398076e-06,1.72489850266457e-08,0.999997320905693,3.70806284401143e-09,4.05620439756912e-08,7.17352906084616e-09
"TCGA.18.3410.01A",0.101916953049882,0.0280213935628881,7.76831851946837e-09,0.200577452427557,0.0778156133348489,0.0418401529576237,0.549828426898883
"TCGA.39.5011.01A",6.69838405368021e-07,0.0376027639581325,1.85072185597533e-08,0.00024042680189554,0.317639134408857,0.0987580223223434,0.545758964163148
"TCGA.56.7580.01A",1.40553098608238e-07,0.00114478052318378,0.00507578178436737,0.612937433990425,0.0347195848455676,0.0021794607575489,0.343942817545809
"TCGA.98.8023.01A",0.0928888823800003,0.00434671558251256,3.26080552020062e-08,0.742384228633,0.039572256531196,0.0251103971815559,0.0956974870836802
"TCGA.33.4586.01A",0.000823599027519195,2.40582584568487e-06,4.87425701996572e-08,0.649124452423762,0.350004216950599,4.52766151883958e-05,4.14515625720259e-10
"TCGA.58.8388.01A",0.0131478124803364,0.0230894071893594,5.20613049249376e-08,0.649551176908106,0.112085579812085,0.0203583470046011,0.181767624544207
"TCGA.77.A5G3.01A",0.000104521341359259,0.00826925459638687,2.14780646745891e-08,0.349277729879757,0.0274961340149948,0.0087325089788411,0.606119829710596
"TCGA.85.8071.01A",9.43792931598561e-07,0.00739508148267564,1.65730787297987e-08,0.357746342816611,0.0361021876180957,0.00951793922765961,0.589237488488948
"TCGA.33.A4WN.01A",0.00141101517457384,0.00249874834538809,0.00851190841399051,0.252720478862466,0.0296376005879842,0.00644698469838954,0.698773263917207
"TCGA.77.7141.01A",9.73894298021925e-08,0.00650479623069591,6.79159949886114e-10,0.164391343551688,0.0774662897483057,4.6799053520068e-05,0.751590673347201
"TCGA.60.2716.01A",1.16984099472661e-08,0.000264543780290267,1.02672588639487e-05,0.493166977718977,0.00754456737151074,3.16541336603595e-07,0.499013315630611
"TCGA.85.7844.01A",1.37917674298198e-09,1.07855529119818e-05,1.67783485802997e-05,0.70512336227227,0.294849069673,1.70142303178733e-09,1.07263814284797e-09
"TCGA.98.A53H.01A",0.0632882058339736,0.0084526073571169,0.0140485697402554,0.881889470887211,0.0321306144286524,0.000190177681793247,3.54070997322137e-07
"TCGA.37.A5EM.01A",2.36149543463881e-06,3.14497683268878e-06,6.1087803098245e-09,0.76892672444359,0.231067697020444,1.55251324116355e-09,6.44024046468109e-08
"TCGA.63.A5MU.01A",7.92490277549086e-09,5.6128461895837e-07,1.29571561438088e-06,0.999986812697627,1.32975506135491e-09,2.86499089662204e-08,1.12923975732216e-05
"TCGA.39.5016.01A",2.34355101318652e-08,0.0235590562293044,1.14944286624617e-07,0.0563030723166461,0.124762709924725,0.0191437173924548,0.776231305757073
"TCGA.33.4582.01A",0.00179820886814075,5.10458088769965e-05,2.79035793912829e-05,0.998122831815832,5.4778006280738e-09,2.25769050703802e-09,2.19226750927274e-09
"TCGA.85.8666.01A",1.3749575585385e-08,1.8960268098359e-08,4.00596261290899e-08,0.224520694089948,0.77547921927853,1.27009221818552e-08,1.16113052029429e-09
"TCGA.66.2791.01A",8.71663023935268e-08,0.00244547345916551,2.59519831557403e-08,0.814646179380053,0.182903546729289,4.67134693804073e-06,1.59662679083374e-08
"TCGA.6A.AB49.01A",2.31615007388203e-08,0.00204593841869015,6.90966714784272e-08,0.0680050636368169,0.0184549575949443,0.00546273024957394,0.906031217841803
"TCGA.66.2782.01A",0.00734976332862214,0.00344170906644616,5.13196526969468e-08,0.510693391003841,0.0557060004220136,0.00977456092066953,0.413034523938755
"TCGA.39.5036.01A",7.43188285627637e-08,0.0114479421238827,4.42407487595127e-10,0.149225460577211,0.145821196545839,8.10967247144034e-07,0.693504515024584
"TCGA.NK.A5CX.01A",1.15209614847227e-07,0.0123105466930983,3.39440889085888e-08,0.701773719347392,0.203566103256514,0.00101717826313231,0.0813323032861597
"TCGA.77.8154.01A",5.50624009159296e-07,2.67271277439019e-09,0.000393793083978537,0.99960008082573,1.25672537028819e-09,3.85798293330531e-09,5.56767886135651e-06
"TCGA.37.4132.01A",1.66058314381176e-05,0.107307302318081,7.12851704962596e-07,0.283454092718865,0.0550750192114857,6.11079400095801e-08,0.554146205960486
"TCGA.98.8020.01A",2.65065059166199e-06,0.0160802575448374,1.62182574552236e-08,0.529574604329796,0.164041423695997,0.0059631609012515,0.28433788665927
"TCGA.56.A5DS.01A",0.0279766305788749,0.00227018840374185,0.0128739231112831,0.335416674511202,0.0316946083678297,0.0132997292687347,0.576468245758334
"TCGA.60.2707.01A",8.54528168164509e-08,6.84992648648937e-07,8.8394064153509e-10,0.797899057852855,0.202100127343157,8.83947848320408e-10,4.25906336559188e-08
"TCGA.66.2734.01A",4.55354577651226e-08,1.46263034687981e-07,4.73884412513002e-07,0.587528360532904,0.189971397902391,7.460207494976e-07,0.22249882986105
"TCGA.66.2742.01A",1.21172863434228e-07,3.23423121012627e-09,7.17017661400097e-09,6.52502932196336e-07,0.999999167200104,2.81438332097152e-08,2.0575859458106e-08
"TCGA.22.5481.01A",0.00790586221431272,0.0176791459922925,1.50289805526491e-07,0.0967545562242801,0.0354188484695825,0.0598643181649851,0.782377118644742
"TCGA.21.5787.01A",2.89588424361646e-07,0.0725474369471039,3.84556063464934e-07,0.236294690141614,0.118846699036025,0.118396705325361,0.453913794405408
"TCGA.66.2783.01A",0.000327936593196689,0.00691737795938388,0.00895102303171,0.266723018111325,0.0566299192186337,0.00656339933619525,0.653887325749555
"TCGA.92.8063.01A",0.000351762388801922,2.01414678570252e-07,6.56936250206488e-08,0.691675756578312,0.307874784973245,9.74083679453936e-05,2.05833920809901e-08
"TCGA.66.2757.01A",2.63255781560962e-07,0.0171939661797752,4.55677004618835e-08,0.331160040067733,0.0944685126462493,0.0275536082090634,0.529623564073697
"TCGA.39.5022.01A",0.000725288060696424,0.0377574588807727,1.08898339155568e-08,0.751156804229313,0.203831461344308,0.00652897641594949,1.79125871174941e-10
"TCGA.94.A5I6.01A",1.7519720970094e-07,0.00507909471999317,7.13434717631951e-10,0.347566367970191,0.0845110313742216,5.41711448942152e-07,0.562842788313501
"TCGA.85.7698.01A",0.0844041480360654,4.74358564495466e-07,9.36303502089911e-07,0.684226458125492,0.0334742836467506,0.0127720277277251,0.1851216718019
"TCGA.37.4141.01A",4.77362333439518e-07,0.0516353478332257,1.23327439752987e-08,0.31190600890458,0.0582067270017423,2.59017555615031e-09,0.578251423975199
"TCGA.66.2753.01A",0.0218639943603955,3.30460254831104e-08,8.96979112048355e-08,0.588012793273383,0.0549537878730595,6.46775540849492e-06,0.335162833993816
"TCGA.43.A474.01A",1.5973033412897e-07,5.41509178974683e-08,1.97452090909553e-08,0.903806557978345,0.0238849712845246,1.075209363057e-08,0.072308226358576
"TCGA.63.5128.01A",1.91565737844145e-08,8.86884108458571e-05,1.62547859520896e-05,0.210305688156332,0.0308321771301307,5.68497117274755e-08,0.758757115510454
"TCGA.56.8625.01A",3.96595634097892e-09,0.000232412622689324,1.51184234135519e-07,0.421297019850616,0.57847033854584,3.64764957321813e-08,3.73541682304925e-08
"TCGA.63.A5MB.01A",9.34941683429953e-08,0.0103139149019651,2.86966105698301e-08,0.171931946234411,0.0814572925686192,0.00929536510706391,0.727001358997161
"TCGA.22.5471.01A",6.77907619669924e-07,0.0390740293111459,2.92426029233701e-08,0.231595274809992,0.0627779059132495,0.0984468740093177,0.568105208806073
"TCGA.56.A4BX.01A",8.12515186750214e-09,0.00248246077377643,1.33397083341977e-09,0.0971712352105985,0.0495409681960859,0.00163559259771551,0.849169733762701
"TCGA.63.7021.01A",0.0310762989321229,4.21306497291149e-07,0.0124521471741789,0.561294205167667,0.0410926602625779,0.0107420163880113,0.343342250768945
"TCGA.85.A511.01A",1.85848050402117e-06,1.40817077977368e-08,3.54989229881834e-07,0.943659760362404,0.0563377149052494,8.41329479917178e-08,2.13047956598043e-07
"TCGA.66.2755.01A",0.191041711420668,0.000109921593553201,4.39035233644677e-06,0.572683213064207,0.123717606157662,0.112440196109901,2.96130167169541e-06
"TCGA.46.3769.01A",1.36186105236735e-05,0.0210247583977346,5.7087879406711e-08,0.4284123036322,0.186138934012578,0.000309173979407351,0.364101154279677
"TCGA.21.1070.01A",1.3947526865288e-07,0.0419483140634397,6.42951623268609e-08,0.373428509845043,0.144368931094008,0.00488861778948426,0.435365423437594
"TCGA.22.5477.01A",0.0163486280625987,0.00868492300086003,1.10629459324108e-08,0.10259764458388,0.0365299553431215,0.00798799817911922,0.827850839767475
"TCGA.18.3412.01A",4.55983527489956e-08,0.00510884766554382,3.2881006573068e-07,0.356412396996522,0.0473906100224676,0.00224321596159139,0.588844554945456
"TCGA.34.5929.01A",0.00661206189458741,0.000510826161481313,8.58639291118206e-09,0.210725125763505,0.0509054073303884,0.00507348206576548,0.726173088197879
"TCGA.NK.A5CT.01A",3.2772991933378e-05,0.0120162712361866,1.38899674634251e-07,0.278492548929254,0.29058159556746,5.03253921306052e-07,0.41887616912157
"TCGA.46.6025.01A",1.54115388288333e-08,0.00365443861457913,1.93733950386101e-08,0.190506430868032,0.0487135532335299,0.000560880158372404,0.756564662340553
"TCGA.NK.A7XE.01A",3.992651629284e-08,0.00246822981044237,1.81743679552926e-09,0.18028582219804,0.209187641006004,9.70444902211091e-07,0.608057294796659
"TCGA.33.AASI.01A",0.019881423598533,0.00792746478820315,4.97981827014418e-08,0.0457065406287478,0.0281469391078016,0.0185027014987275,0.879834880579804
"TCGA.56.A4ZJ.01A",3.92449378479988e-09,0.000123693344012007,9.99495747028765e-08,0.593260938556372,0.406535883338728,7.93801496179217e-05,7.3720203809288e-10
"TCGA.34.5239.01A",4.89632506091334e-08,0.00520968206818436,2.4379468356935e-06,0.956461267786741,0.0383240990640159,2.43336828368877e-06,3.08026886621633e-08
"TCGA.66.2754.01A",9.40238840861268e-08,0.00302745090538639,1.63540211045305e-08,0.123972298617295,0.0287370837827507,0.000813624928160401,0.843449431388502
"TCGA.66.2756.01A",8.85151205460465e-08,0.00757120305676624,4.44391581506525e-09,0.281867279432804,0.0463278215240071,0.0154105155568695,0.648823087470517
"TCGA.58.8390.01A",0.0195925885989566,3.35856008642247e-08,1.29479788214936e-07,0.773195389458738,0.0126852045150892,0.00169501142903725,0.19283164293279
"TCGA.77.A5GB.01B",1.8352485371716e-07,0.00824536892043364,1.01247788433275e-06,0.519855289202727,0.110102001161571,0.00794264309043639,0.353853501622094
"TCGA.O2.A52S.01A",0.0364691556463782,1.03619597911469e-07,2.88227117819674e-07,0.0438452813146173,0.114944152169939,0.0649065240446255,0.739834494977724
"TCGA.60.2713.01A",1.00367179211172e-05,1.49400018279509e-07,2.1082504580546e-08,0.717522112237755,0.282465105864963,2.54865736851701e-06,2.60394692325776e-08
"TCGA.37.A5EN.01A",0.0385126535509724,0.0169123252545286,2.12627096232317e-08,0.136878376656877,0.0216206582557741,0.00631345670885994,0.779762508310278
"TCGA.56.8626.01A",0.126293700711881,0.0252545240069805,8.62916090295635e-08,0.555279540780035,0.270767845594659,0.0224042276277254,7.49871095145085e-08
"TCGA.L3.A4E7.01A",2.40990020085799e-09,0.00925341070790672,3.02567032667733e-06,0.307992272350819,0.128817357392183,0.00735566184471251,0.546578269624151
"TCGA.22.5472.01A",2.52966619588401e-08,6.33300175963571e-09,0.000108826882386854,0.445138213360466,0.167826185778747,0.00299713666615646,0.38392960568258
"TCGA.63.A5MW.01A",0.00363382717117925,1.25040787101643e-05,1.52978517595062e-05,0.994455145607242,1.50325833612511e-05,0.00186248644243936,5.70626530833248e-06
"TCGA.63.A5M9.01A",1.26683861748429e-07,0.00958647230836431,2.06015555444121e-08,0.383321486050918,0.0805560082387314,0.000716572432991542,0.525819313683577
"TCGA.60.2710.01A",0.0247741985317689,0.0106276275783046,6.00163694260234e-08,0.477025094357444,0.10445151817785,0.00769779124368873,0.375423710094574
"TCGA.77.6843.01A",2.06764926455194e-09,0.000882021689551335,5.01366538846248e-06,0.325477582094684,0.421911953977415,1.21401732598452e-08,0.251723414365138
"TCGA.21.5786.01A",4.02051225634407e-08,2.4564410330713e-07,0.000932724344122069,0.864083117418213,0.033639650002302,4.98354473059139e-05,0.101294386938831
"TCGA.68.7755.01A",0.0184364811278048,0.00161302550778616,9.34719286819531e-09,0.309872263094025,0.0250616898826688,0.00211953361977427,0.642896997420748
"TCGA.85.A50Z.01A",9.11930483342954e-08,1.62420192104437e-06,1.26907070081571e-08,0.906550946804332,0.0934463217303917,9.96617426308291e-07,6.76217356624304e-09
"TCGA.66.2737.01A",9.95667222248332e-07,2.70974801161093e-06,4.15337612113353e-09,0.882803010096483,0.117165813221039,2.74573078118855e-05,9.80605637104199e-09
"TCGA.NC.A5HK.01A",1.27498785071e-06,0.00275506662084302,5.22657025826935e-09,0.23930493806212,0.0403599225644813,0.0163630393043891,0.701215753233746
"TCGA.85.A4JC.01A",0.00278396715931525,0.00739487770251295,7.92249602134864e-06,0.549927374013417,0.0722732733455642,4.2005395736092e-09,0.36761258108263
"TCGA.58.A46J.01A",1.71801003677724e-07,0.000753921277138006,1.59262492469911e-08,0.172145309753841,0.0699667075272655,0.0215758561611091,0.735558017553394
"TCGA.46.6026.01A",0.0053847065008886,0.00435373605647884,0.00362077411150148,0.127212994710814,0.0266980867417939,6.99339049517823e-07,0.832729002539474
"TCGA.46.3765.01A",0.0322912707382837,0.00278191821672594,5.24044795212686e-08,0.568493464219393,0.0455526825310124,0.00228102936229288,0.348599582527813
"TCGA.O2.A52V.01A",0.0830555779293371,4.83043296254164e-05,3.1742298786317e-09,0.440741062662689,0.130831585718153,0.00195935482643124,0.343364111359535
"TCGA.92.7341.01A",0.00273825585167541,0.000404388443096067,1.31257224723968e-08,0.605975241593036,0.0599620678757782,1.61607442724897e-06,0.330918417036264
"TCGA.51.4080.01A",4.31033965117915e-08,0.000791000886162081,3.22491566566772e-07,0.0699708579742324,0.0386876755528072,0.0108354890449413,0.879714610946894
"TCGA.21.1076.01A",1.2371221642989e-05,1.18517334632253e-06,9.33496716759022e-07,0.81781232929602,0.182100216753132,7.29598404619876e-05,4.21868018192199e-09
"TCGA.56.7730.01A",7.05475471846642e-10,0.0020712331421943,1.93154893550021e-11,0.0690463598053378,0.0441373156866287,0.000615584849228153,0.88412950579182
"TCGA.NC.A5HO.01A",1.19265494568392e-08,0.00748205481196549,6.49023452555247e-07,0.232180826358705,0.04215878978211,0.00787143715557579,0.710306230941642
"TCGA.21.1079.01A",0.000122620200660976,0.000103531960781918,1.02683744362846e-07,0.802634790228073,0.197138862498429,8.47406585462447e-08,7.68765293180259e-09
"TCGA.21.1076.01A.1",1.2371221642989e-05,1.18517334632253e-06,9.33496716759022e-07,0.81781232929602,0.182100216753132,7.29598404619876e-05,4.21868018192199e-09
"TCGA.NC.A5HT.01A",0.00678733449401023,7.01820449613537e-07,1.01026440370338e-08,0.133163620649186,0.0112674660846894,0.00715114295705954,0.841629723891961
"TCGA.56.6545.01A",0.000306181558602647,7.22035391181377e-08,2.30221360818979e-08,0.793162943176997,0.206530743490179,2.13575935136872e-08,1.51909527960226e-08
"TCGA.85.8582.01A",5.61583905938846e-09,8.29797793069073e-05,5.07641454641607e-05,0.998741051786383,0.00111775200883083,7.44296864693187e-06,3.69552948446764e-09
"TCGA.66.2787.01A",2.29539674685778e-07,0.0315617428526712,7.38106576216224e-08,0.331187660297964,0.0869687130970145,0.0296211409305701,0.520660439471448
"TCGA.60.2698.01A",9.14103532912409e-08,0.0569568756099106,2.47991985029872e-09,0.438568942686203,0.393519831457699,0.0119298559396927,0.0990244004162218
"TCGA.O2.A5IB.01A",0.0110439054822927,0.00415943804175759,1.7047565557874e-07,0.150710061742998,0.0254237699371169,0.00103448852802227,0.807628165792157
"TCGA.22.1000.01A",2.85578608788173e-09,0.00031293390025173,2.59468351063647e-07,0.815821638946847,0.183773550681028,9.16123229194964e-05,1.82481656177394e-09
"TCGA.56.8083.01A",0.000558042726252282,0.00453146727107116,0.00946190272714218,0.225159076439989,0.0106886842398525,0.00129619340206566,0.748304633193627
"TCGA.66.2763.01A",0.00942202458717539,0.00477413258758212,8.05002253042686e-09,0.257269373050529,0.035614751001877,0.00558693537730841,0.687332775345506
"TCGA.77.8153.01A",1.53905962707066e-08,0.00224173856465817,5.43118738065375e-09,0.172141412600809,0.0588129386952931,0.00575470014998317,0.761049189167473
"TCGA.21.1083.01A",0.0173533403179216,0.00970781357514279,4.0049097694172e-08,0.33979705999317,0.0449713217423178,0.0131577848868734,0.575012639435477
"TCGA.85.8049.01A",9.25072330913571e-05,5.247439693587e-08,3.45366236151631e-06,0.253205122575051,0.746698853722462,8.77148943210107e-09,1.56114759528903e-09
"TCGA.34.8456.01A",0.12670983662316,2.70742219130299e-08,1.14707875162532e-09,0.272256883619608,0.0471602862725591,2.65821269615772e-05,0.55384638313641
"TCGA.33.6737.01A",0.0141285030067233,0.00529911901107716,5.0814909216026e-08,0.259313348297846,0.0334665317755506,0.00542258643963331,0.68236986065426
"TCGA.77.8140.01A",0.00406415399065369,0.00182364899877446,0.00245331507139866,0.14819935741418,0.0137520811014732,0.00818838201012395,0.821519061413396
"TCGA.39.5028.01A",2.46183081560463e-08,0.05504751881436,0.004723992746102,0.940081725227669,2.13715167619976e-08,0.000146703961872561,1.32601710174873e-08
"TCGA.34.5240.01A",1.94567586190459e-09,8.36064733148992e-06,1.22976270159803e-06,0.940147125319459,0.0578026282703681,2.32741979961034e-06,0.00203832663466441
"TCGA.79.5596.01A",0.0146215342497115,1.55567013898657e-08,1.38972597745543e-08,0.384701453729372,0.0683427366794545,0.0149106081826001,0.517423637704901
"TCGA.56.8308.01A",0.0169865508846898,0.0056253564038945,0.00485132884881827,0.464021008680829,0.064691210998493,0.00918149167640353,0.434643052506872
"TCGA.90.7964.01A",1.7869023351305e-06,0.000101420211114132,5.23466357934858e-08,0.300389087268437,0.143356972415383,5.63435734190028e-09,0.556150675221738
"TCGA.18.3408.01A",0.000274845964762327,0.0178998378247395,2.16833469076169e-08,0.423102624856353,0.116266720223218,6.38794479223953e-08,0.442455885568133
"TCGA.18.4721.01A",0.031351912665276,0.0246833273313051,1.23357701850763e-07,0.761546404963683,0.120331155824909,0.0363638400832069,0.0257232357739185
"TCGA.22.5478.01A",0.016163356004131,0.00295552457897495,4.20178011727839e-08,0.553422938162467,0.0584127324220219,0.000302807050049021,0.368742599764555
"TCGA.66.2773.01A",2.17033934134431e-05,4.28869193454357e-08,5.48991754016939e-05,2.88466057082969e-08,0.999922557190969,7.6768332799304e-07,8.2336269493665e-10
"TCGA.22.5479.01A",3.00844191158556e-08,0.00519182576371266,9.9464571981288e-07,0.273855872827064,0.0758196802433729,0.0203950445925185,0.624736551843193
"TCGA.39.5019.01A",0.172783861664356,0.00027338799506628,3.42297230989812e-08,0.527394387097886,0.0352946674965254,2.99938925197095e-07,0.264253361577518
"TCGA.NK.A5CR.01A",2.23027682177315e-08,0.00146516840616159,2.77551507581997e-08,0.142151464440096,0.0549193170590979,1.95650453719693e-07,0.801463804386272
"TCGA.39.5040.01A",0.0274185643057475,2.00936121933671e-07,0.000234277031785257,0.178707132376683,0.0286117430328873,0.00804851422667856,0.756979568090096
"TCGA.77.A5G6.01A",8.60416459000906e-07,0.00016113961345152,6.18729607877898e-09,0.161660173774365,0.0219006901377968,0.00350025207323301,0.812776877797399
"TCGA.98.A539.01A",2.74381000359446e-10,0.00342984202220856,4.08052292922772e-09,0.408796049358128,0.238770466686335,1.59759038031139e-07,0.349003477819386
"TCGA.85.6175.01A",6.6582385949959e-06,1.32871538958507e-06,1.24870811208566e-06,0.675917483314649,0.324071956525611,8.96873699276826e-07,4.27623943481579e-07
"TCGA.34.5927.01A",1.20805472924889e-08,0.00153545831685981,4.81068078716463e-08,0.200257857637386,0.036141563397101,0.00854232741788487,0.753522733043413
"TCGA.85.8350.01A",0.000151124225186776,0.0192103133362652,1.69709295023541e-08,0.605028282662151,0.107072784781025,0.00384260127582266,0.26469487674862
"TCGA.NC.A5HM.01A",3.69187560450554e-09,0.00957780920773222,2.24874564585112e-09,0.134572731272584,0.0912111164552266,0.00127301926860395,0.763365317855232
"TCGA.22.4591.01A",8.58422775764598e-10,0.00670011886884643,1.66925167588709e-05,0.129330429894967,0.0609445539657548,2.41208162900041e-08,0.803008179774434
"TCGA.85.6561.01A",3.11025465365784e-08,1.02233901955969e-07,6.08870441546578e-09,0.845427730816874,0.154571992456041,1.03400509133519e-07,3.39014225663182e-08
"TCGA.98.A53B.01A",2.02646201046301e-07,3.52834055184046e-07,1.94354122591226e-08,0.960876035978967,0.0391233671818588,1.31850987060224e-09,2.06049962668478e-08
"TCGA.39.5039.01A",0.0514127809011323,0.00165513918137231,2.42958324558031e-05,0.91016370884348,0.0362281601321402,1.24120029207416e-07,0.000515790989390068
"TCGA.68.A59I.01A",0.0141490854454815,0.00871328396151853,0.0130420308395885,0.626200455534142,0.0606728898670908,0.0204831268514969,0.256739127500682
"TCGA.90.7766.01A",0.0200488907892334,0.00824907811259539,0.0171671551340014,0.212437077998342,0.052735766598628,0.0243176933170617,0.665044338050138
"TCGA.66.2744.01A",2.48980989289426e-06,0.0376626309512532,1.24154230766317e-07,0.329148125692878,0.227917220353791,0.0679711890538756,0.337298219984078
"TCGA.22.4594.01A",7.05425098764648e-08,4.55526524821345e-05,0.0171329766927171,0.928218338236235,0.0546028005106257,2.35876053392715e-07,2.54893767103511e-08
"TCGA.77.A5GF.01A",0.0118768238243477,0.00651213029153903,0.000730906946090449,0.255260269355039,0.0389080997809757,0.0139720266847876,0.672739743117221
"TCGA.60.2711.01A",0.0011844142917455,0.0144294921055728,5.77668274195554e-08,0.152533099192298,0.0372992532291522,0.0274114943812774,0.767142189033126
"TCGA.33.4566.01A",1.01964523374925e-07,0.0205962425058069,2.30941193085546e-08,0.0630332460567168,0.130868008006934,0.0183533609546309,0.767149017417269
"TCGA.43.2576.01A",6.13828520471778e-06,0.0144486875864781,4.58267274820148e-08,0.757913858980797,0.124662490155954,0.0200501343672417,0.0829186447975965
"TCGA.37.4135.01A",2.41365781946604e-09,0.00649159454903798,2.82032176044847e-08,0.232637826576888,0.0380401292075167,0.00883915003350297,0.713991269016179
"TCGA.98.7454.01A",1.56954927895709e-07,2.23899110510788e-06,0.00411900897775023,0.893035506897865,0.101173081554066,0.00166928146410994,7.2516017569339e-07
"TCGA.92.8065.01A",3.83576098848435e-09,0.00656065484446063,1.8632373081861e-08,0.144764795110749,0.111390527152785,0.00192904485487234,0.735354955568998
"TCGA.52.7812.01A",1.44816523896467e-07,0.0352094285336673,1.13344750579582e-08,0.188430437555499,0.10145598913737,0.0638296234075218,0.611074365214943
"TCGA.63.A5MM.01A",1.30283298737596e-05,0.0161597728471971,1.01016946203623e-09,0.373816562488781,0.118035475758864,0.0329691739179021,0.459005985647212
"TCGA.56.A5DR.01A",2.17259300719745e-06,0.00630484025512908,5.59943112313804e-08,0.433175438073153,0.0511040154081006,0.00270017841489833,0.5067132992614
"TCGA.56.8082.01A",6.69062025416176e-06,2.66835734706338e-07,1.61531105086826e-06,0.440696916480413,0.0289964463547155,2.0141397479504e-08,0.530298044256435
"TCGA.98.A538.01A",3.02772874274313e-08,0.00231400773626134,8.88301051626382e-08,0.351928211863191,0.0590261718780953,0.0105262919029893,0.576205197512071
"TCGA.94.8490.01A",3.51305253512075e-07,0.00651747787876767,3.86709353868795e-10,0.194536753849956,0.0617191694419315,0.00314989937734552,0.734076347760036
"TCGA.52.7810.01A",4.32878055841446e-07,0.00205812283092986,4.99045514679165e-09,0.382052591958812,0.124655318407592,3.35700128793188e-07,0.491233193234027
"TCGA.NC.A5HJ.01A",3.07996378661042e-06,0.0253682078688467,9.23840932881677e-07,0.115903216535216,0.21390478971438,0.0806427248193855,0.564177057257453
"TCGA.52.7809.01A",0.000953538891578567,0.0104440199581031,2.01373464971221e-08,0.344163135468879,0.035614934091443,0.00167102170617217,0.607153329746478
"TCGA.NC.A5HN.01A",6.13158890112436e-09,0.00448453162771476,1.40616975726068e-07,0.0883262377785965,0.021081221947243,0.00636471786983818,0.879743144028043
"TCGA.18.3414.01A",2.86516984402559e-08,0.0157350986465188,7.37512758853656e-09,0.705659338128107,0.110921246256217,0.0014109495107461,0.166273331431585
"TCGA.96.A4JL.01A",0.0808552889734307,0.0365200899889854,1.49648070379358e-08,0.149680053417777,0.0920778856850945,0.0810332279166353,0.55983343905327
"TCGA.18.5595.01A",2.92644301964876e-09,0.0029223948552836,2.09480773842067e-08,0.133721042839724,0.0337086207805273,0.00103149375206397,0.828616423897881
"TCGA.77.7140.01A",1.05814304935747e-07,0.000470035410300843,3.41896172814254e-09,0.27570824924008,0.0196284199560392,0.00166206292124674,0.702531123239066
"TCGA.33.AASB.01A",3.82505544327602e-07,0.00290311751727575,3.20450146053805e-07,0.0682460472200294,0.0625628546619329,3.51212695887764e-07,0.866286926432376
"TCGA.63.7022.01A",0.00134453902335075,0.0054141769684761,6.36915759959469e-05,0.842837905275897,0.150339610737388,7.05152836295765e-08,5.90360878675054e-09
"TCGA.56.8628.01A",0.111249141544129,0.00946521418328436,6.27030007525605e-08,0.594796322865016,0.158687961265174,0.0215987155263782,0.104202581913018
"TCGA.NK.A5D1.01A",7.12090677440201e-08,0.00978852428192686,5.2341652647534e-09,0.152250961628949,0.0353735535265453,0.00906981498823295,0.793517069131113
"TCGA.NC.A5HH.01A",1.57715369508513e-07,0.0101850162900489,3.48114546440924e-08,0.219992864449404,0.0235756243615594,0.0119552554283301,0.734291046943833
"TCGA.77.8133.01A",0.0304130263955716,0.00706764343031508,0.0202434888231516,0.214571389136047,0.0881126036381614,0.0267549963285952,0.612836852248158
"TCGA.34.8454.01A",0.0581468372149081,0.00695474809064996,0.00242944200062007,0.81196249467492,0.0595678289354243,0.030444868286657,0.0304937807968207
"TCGA.90.6837.01A",2.83806889960799e-06,3.13406261998328e-05,0.00262957324280911,0.769391556958352,0.227586086204403,0.000357129359637278,1.47553969938601e-06
"TCGA.70.6722.01A",0.0734737459293968,0.000224276928997334,4.98866871327097e-08,0.734450072270585,0.086251619053189,1.84430128581457e-06,0.105598391629859
"TCGA.60.2712.01A",0.0971066049293707,0.0190124051253301,0.010929002912929,0.707855181661263,0.123105877427191,0.0419908509687617,7.69751540157269e-08
"TCGA.66.2727.01A",7.33661419938236e-09,0.0048639857559775,1.88151684465481e-05,0.445210505662177,0.131279469232991,3.98305196619722e-07,0.418626818538598
"TCGA.18.3409.01A",1.94635877042142e-08,2.22332001356399e-08,7.18234159568661e-05,0.917412438937259,0.0825142490203263,1.42315857864492e-06,2.37710916662958e-08
"TCGA.77.8009.01A",1.00875536135788e-09,4.69758288420506e-08,3.62981322088168e-07,0.359935759346428,0.640060704147561,2.71377672714604e-09,3.12282632781181e-06
"TCGA.85.A50M.01A",0.0679874901364733,4.48408847640764e-07,8.32472219769692e-09,0.583159253807842,0.0200188688208822,6.91861016531517e-09,0.328833923582622
"TCGA.37.4129.01A",0.046533945260896,0.00420510419845488,1.37501611653334e-08,0.0853446669645501,0.0198497684982906,0.000718374554157703,0.843348126773489
"TCGA.46.3766.01A",1.84473415680624e-06,8.13617378094136e-09,4.34807474899604e-08,0.874100527814978,0.125795720480824,0.000101820412813609,3.49403067395096e-08
"TCGA.37.5819.01A",0.0360058591368187,0.00217728610672323,3.3337852981953e-07,0.291132942843203,0.0220374832903379,0.0324115881109924,0.616234507133395
"TCGA.60.2706.01A",4.05047155147764e-07,0.0229178852875397,1.65879406321061e-07,0.230642433660482,0.181848020402248,0.0313814829903377,0.533209606732831
"TCGA.85.A4JB.01A",0.00892336304599751,6.96440892067431e-08,0.00172465486682864,0.567343898722668,0.000917811119015612,0.0018930744766786,0.419197128124723
"TCGA.77.8007.01A",1.74835626536202e-08,2.4272216736034e-08,5.26789603947214e-07,0.6020190163146,0.397975203661106,5.20081372752245e-06,1.06651835316248e-08
"TCGA.43.2581.01A",0.0478434857188222,0.0121388265041741,6.11459928660733e-08,0.562509450312224,0.233610356323186,0.00137351598308101,0.142524304012519
"TCGA.56.8309.01A",0.32579944149257,0.0093542994221313,1.25044190080195e-07,0.392917028681066,0.121334230867131,0.0497105310370955,0.100884343455816
"TCGA.43.A475.01A",2.24054438198567e-07,0.0939130282500688,8.06336978933429e-05,3.05310229647932e-07,0.282696000947618,0.219318638854319,0.403991168885433
"TCGA.63.A5MV.01A",1.75697814545001e-08,8.8424012422373e-09,1.94833129685502e-08,0.99985941819715,0.000137167527020377,1.42992413713975e-07,3.22538792029798e-06
"TCGA.22.1016.01A",1.79365501328966e-06,3.54892548024478e-07,1.75076076691919e-08,0.839835544061469,0.160036510615651,0.000108637987979141,1.71412797315878e-05
"TCGA.85.8288.01A",0.00500155957652908,0.00407064587835007,0.000895349135687918,0.965579212436588,0.0244476417274819,5.58934736450487e-06,1.89799846171131e-09
"TCGA.22.4613.01A",0.000768491092070315,0.0157920960285803,1.97477957074287e-08,0.306130714291086,0.10153614513935,0.0167209181234233,0.559051615577695
"TCGA.56.A62T.01A",0.0135000479187944,1.35009613965941e-06,1.27227061329971e-06,0.00827836524990511,0.978214260912745,6.28487246706085e-07,4.07506455554053e-06
"TCGA.18.3411.01A",7.69881848529324e-07,4.13107533807371e-09,1.21190747881236e-07,0.6860100032709,0.207027978250643,4.65928351725984e-08,0.106961076681949
"TCGA.60.2721.01A",1.82652968456225e-08,8.37961027428529e-11,3.46754137871413e-05,0.999182577547317,9.00317846717016e-09,0.00078269194443975,2.77421844090972e-08
"TCGA.66.2771.01A",9.21886273170425e-07,0.0242370741943711,1.59737238056439e-08,0.491393849118779,0.159642334758018,0.0223153086154374,0.302410495453397
"TCGA.58.8387.01A",4.74198379769404e-05,3.55990387682318e-08,1.05856241302198e-07,0.999885056132145,1.3821716218834e-07,6.72341082006207e-05,1.0249235629608e-08
"TCGA.77.8148.01A",0.0334652028574536,0.00613068249617208,4.88439206192123e-08,0.525550069090783,0.0399817657799047,0.0072564629087017,0.387615768023064
"TCGA.46.3768.01A",1.46887016247167e-08,0.000797282284269124,1.27124468969202e-08,0.261010415226978,0.128476141524861,1.6203486090006e-07,0.609715971527882
"TCGA.85.A4QQ.01A",1.21041434325028e-07,0.00278986488686028,1.02349489617527e-08,0.130730192574867,0.120421289955416,2.56501471809146e-08,0.746058495656327
"TCGA.43.7658.01A",5.34033840733333e-08,0.0452343678203786,3.04922363435242e-08,0.036291231863825,0.078444952768828,0.0598599493992653,0.780169414252083
"TCGA.56.7823.01B",8.93127215714765e-08,0.00260482095642639,4.71720777137347e-09,0.144643475895333,0.0908008521213185,0.00320745122467329,0.758743305772319
"TCGA.77.8138.01A",0.0284116804994911,0.0314634250815617,1.29389006851989e-06,0.48633664168821,0.453783734321954,2.71168728249383e-06,5.12831433011856e-07
"TCGA.22.5489.01A",4.2384204479225e-07,0.00636932555744421,0.0090844310935933,0.90291616781571,0.08162896597983,6.79371830755808e-07,6.33954654132641e-09
"TCGA.56.7822.01A",5.50829492439941e-09,2.7495121443469e-06,7.97558225909883e-08,0.436141691075886,0.234592159058441,3.61227603908187e-07,0.329262953861807
"TCGA.77.A5G8.01B",1.22688216581561e-08,0.00369152329200323,6.77219232184659e-07,0.216225830113955,0.0629202581552036,0.0113539230333617,0.705807775917423
"TCGA.18.5592.01A",1.00084809400673e-08,0.0152281952719008,8.87012047134752e-10,0.344047579834215,0.14950231994147,0.00126115390550554,0.489960740151415
"TCGA.22.4595.01A",0.00310734903854838,0.0124550925520001,1.22664096326902e-08,0.73354065959338,0.11549254340847,0.00940157120315303,0.126002771938039
"TCGA.37.3783.01A",8.92741576983854e-07,0.0267937717606779,4.04538151732159e-09,0.333051934056968,0.051498172618655,0.027614365794512,0.561040858982229
"TCGA.77.7139.01A",0.0191281562520593,0.00257322479658154,7.67269690726049e-09,0.131054244295574,0.016643442538831,0.00892804982364465,0.821672874620613
"TCGA.98.A53D.01A",3.30939484469004e-08,0.000625297196948881,0.103624884899001,0.794425635254274,0.0134826019132035,0.0878415373304519,1.03121725934781e-08
"TCGA.66.2758.01A",2.95109926989641e-08,0.045095115735058,1.04450862288703e-05,0.151184467439267,0.19266599319387,0.0890459869252655,0.521997962109318
"TCGA.33.6738.01A",1.27332371679726e-08,0.00605267504069155,7.75678243455127e-09,0.192133592705886,0.0749762146352101,0.000957114947796842,0.725880382180396
"TCGA.98.8021.01A",0.0135803431762129,0.00348544876761648,2.03218458898822e-08,0.677243894006163,0.0673138852272524,2.14038576382963e-05,0.238355004643271
"TCGA.56.1622.01A",7.60673135383041e-07,0.00253826576215139,3.09857397263207e-08,0.216614380014153,0.0315357038280662,0.0041908433977313,0.745120015339023
"TCGA.90.7769.01A",3.93977060665521e-06,0.000444505954272283,2.08420573397007e-09,0.114367669020832,0.0419639511613461,5.19563181441498e-09,0.843219926813105
"TCGA.85.8664.01A",4.28810182967794e-08,0.00389141634468783,8.62164165959363e-09,0.0441724179899664,0.021316338982653,0.00277194030583013,0.927847834874203
"TCGA.77.8008.01A",5.21392728303514e-06,2.44611122643678e-05,7.13167303052974e-05,0.999855929828912,6.885030851996e-06,2.45442059669332e-05,1.16491644167744e-05
"TCGA.58.8386.01A",1.72447249778362e-07,0.00121946977551618,1.34221008258224e-05,0.516461019379013,0.44165197905109,0.0004575369997077,0.0401964002465969
"TCGA.63.5131.01A",0.00071823434330798,2.14088691895778e-06,7.0378532835912e-07,0.999143669346717,1.68661714039482e-06,0.000133523313535175,4.1707051816797e-08
"TCGA.77.6844.01A",5.71722995519044e-07,1.95182393134872e-05,2.25195783163035e-08,0.848886319598433,1.6781041189497e-09,7.69450657153339e-05,0.151016621175861
"TCGA.66.2790.01A",0.0431465253218362,0.0203272944848351,2.32040436699429e-07,0.560648714754132,0.046244687151728,0.00805159826336605,0.321580947983666
"TCGA.85.8352.01A",1.44732991282992e-07,0.0057933513452374,3.09683211060843e-09,0.0369404451354743,0.0136116956972754,0.00427707986486381,0.939377280127326
"TCGA.77.8156.01A",0.0306072777853845,0.0444914743055404,5.14531889061089e-08,0.739084520548733,0.138811674892072,0.0470033732970698,1.62771801154438e-06
"TCGA.60.2696.01A",3.2557088285973e-09,0.0173415816400929,2.14531987440235e-08,0.399430779459095,0.126857706188799,0.0350759171932089,0.421293990809897
"TCGA.60.2703.01A",2.11360865663816e-07,9.45422396184693e-09,2.33613017644416e-07,0.924184716221078,0.0758073901503293,7.43592404294113e-06,3.27644223813341e-09
"TCGA.60.2714.01A",6.49843696322396e-07,0.0177771572349261,6.72158363368194e-09,0.306807619929385,0.185683602930426,0.0147900733775463,0.474940889962437
"TCGA.39.5031.01A",0.0466717108607677,0.00326310449917611,0.0128184451945506,0.836581562301293,0.0284766281513621,0.00303405648766102,0.0691544925051894
"TCGA.60.2722.01A",1.62005357808021e-10,0.00213456403313015,8.41274470312417e-10,0.186815593099804,0.119347807358106,0.00997571921796713,0.681726315287713
"TCGA.NC.A5HR.01A",1.53016683769722e-09,0.00605308336604212,2.82893219947154e-09,0.0808706131941167,0.0612626528702694,0.00167596037044628,0.850137685840026
"TCGA.22.4605.01A",2.28025388413459e-08,2.43355670136993e-05,1.02669468197662e-08,0.679112898819218,0.320854822611128,6.21842468150172e-06,1.69150847344793e-06
"TCGA.43.6770.01A",0.0228287274042455,0.000824036244350258,3.0104887596124e-07,0.530568052219528,0.0636252868895115,1.68598640322685e-07,0.382153427594848
"TCGA.77.7138.01A",3.14431578554046e-07,0.00204705057769546,8.91802549910495e-09,0.153576047610685,0.0541745321532328,7.14233021955378e-09,0.790202039166452
"TCGA.60.2704.01A",6.12168525517377e-05,2.08330785876239e-05,4.52219830346097e-06,0.806236163271635,0.192498933066195,0.00117831390909607,1.76236306852605e-08
"TCGA.77.8146.01A",1.35224174010242e-05,0.00337401801728481,2.6489678685565e-09,0.535394856510403,0.215300795462467,8.28948442806171e-09,0.245916796653992
"TCGA.NC.A5HG.01A",1.7980126700755e-08,0.00010411878725405,1.36104868985149e-08,0.0941998563238709,0.0241396387942644,0.00608005185312763,0.87547630265087
"TCGA.63.6202.01A",4.76330491954822e-05,0.0481412220471329,1.00563582602814e-08,0.253148159064175,0.215879358984933,0.0386680123152785,0.444115604482926
