"","cellFractions.CD4.T","cellFractions.CD8.T","cellFractions.DC","cellFractions.Fibroblasts","cellFractions.Monocytes","cellFractions.NK","cellFractions.otherCells"
"TCGA.24.1104.01A",1.30614625507672e-08,0.00298436027303186,7.73930009617266e-08,0.0456229084822413,0.0356724147361574,0.0164076111023712,0.899312614951735
"TCGA.25.1320.01A",1.77726979718816e-07,2.43469924435449e-08,1.32151796269493e-05,0.793765989673799,0.0150491538391922,5.66053555982348e-06,0.19116577869785
"TCGA.24.1850.01A",1.90687357304838e-08,0.0010738886909298,2.19385811393363e-08,0.306521395378994,0.100650511484128,0.000114164104166542,0.591639999334465
"TCGA.61.2101.01A",1.57893045990803e-07,6.11275754308531e-06,6.18213389072935e-09,0.335169180536406,0.010217268975929,4.49801739666688e-07,0.654606823853202
"TCGA.23.1111.01A",8.13465756552086e-08,0.000600946875599957,8.61907995763341e-09,0.121669420581338,0.033662928937924,4.4054821079424e-09,0.844066609234
"TCGA.25.2396.01A",8.04311114552228e-06,0.00151544061208323,6.40371341955194e-10,0.143460153001318,0.0480169328041349,0.0223484833805222,0.784650946450425
"TCGA.30.1714.01A",3.8626820037607e-08,5.04658346278137e-08,9.01891890636835e-09,0.0954437628989033,0.0636682407066063,3.35779375360745e-08,0.840887864704979
"TCGA.04.1347.01A",6.29989724628488e-09,0.000115590030304681,2.14761402052097e-05,0.0944824253950456,0.021041228952593,1.24675001002374e-07,0.884339148506953
"TCGA.59.2351.01A",1.15058596840152e-06,0.000412031040759338,2.00669694157845e-06,0.0820863174818668,0.074097512038249,0.0149683796146316,0.828432602541583
"TCGA.09.1659.01B",5.4462120208127e-09,6.73917873182698e-06,1.35564611270426e-08,0.0855737508276826,0.0423823092072301,0.00774970427439872,0.864287477509284
"TCGA.24.1431.01A",5.31559923676094e-09,7.16027157882742e-06,2.54622749743651e-09,0.0745841409167124,0.021244017623895,0.000717747333589486,0.903446925992398
"TCGA.31.1951.01A",5.2216930642849e-09,0.00311002037655259,3.14778866037217e-08,0.420877436160971,0.0865418908238436,0.0128920615341557,0.476578554404898
"TCGA.29.1769.01A",5.30583958189082e-08,0.000349778950319977,3.28051713242245e-09,0.242004047179077,0.0575956239195621,5.91958875989904e-07,0.700049901653252
"TCGA.13.0916.01A",2.00474355315924e-08,0.00296897948479107,1.22776279448863e-06,0.0149273810920331,0.0610041719072746,0.0254318828769617,0.895666336828709
"TCGA.61.1721.01A",0.0629889217516418,9.30633341422519e-08,1.0594247321139e-07,0.740233602602743,0.0107351482043474,0.00231194572222716,0.183730182713233
"TCGA.20.1687.01A",5.86445495165766e-07,2.486724533722e-07,6.41413598736908e-11,0.186577676236481,0.0474853823978597,5.0431626006422e-07,0.765935601867309
"TCGA.29.2414.01A",3.13037781552282e-06,4.3940760720292e-08,0.00137261555541063,0.46127271899684,2.76351937163648e-06,2.70644842076273e-07,0.537348456964959
"TCGA.13.1411.01A",3.06237195531672e-07,0.00082252214167378,5.82317190709916e-08,0.378443269051266,0.134965316699942,0.133229714296361,0.352538813341843
"TCGA.24.1928.01A",1.16646377838553e-06,3.53776975175788e-06,4.28720090727198e-09,0.354240278514136,0.0303704077296903,5.70217322125578e-05,0.61532758350323
"TCGA.31.1959.01A",8.60801573898332e-05,0.00256292157074271,2.87191287809944e-08,0.718381275288087,0.107329616025595,0.00360085006350197,0.168039228175555
"TCGA.57.1586.01A",9.30108599591633e-09,0.000865126486973105,6.24830705810439e-08,0.00649420832137418,0.0301910862951389,0.00299587635194344,0.959453630760414
"TCGA.09.2044.01B",5.49285167935751e-09,0.00108854037799212,3.77924417009538e-07,2.09644041516543e-07,0.108422644890147,0.00018268367957552,0.890305537990975
"TCGA.13.1506.01A",1.02338544512166e-05,0.000917584377281486,6.1570017195334e-09,0.107932243551139,0.109651471445159,1.93171124015863e-08,0.781488441297855
"TCGA.25.1870.01A",1.09972212278294e-07,2.83370625311241e-06,3.83414320777924e-09,0.0297381005911418,0.0526095368793984,7.20921680639674e-06,0.917642205800045
"TCGA.09.0366.01A",9.54668935532932e-07,1.55687576918533e-08,0.000172786590530381,0.0003024186267818,0.405181512655802,3.93646482845531e-06,0.594338375424364
"TCGA.30.1892.01A",0.0040213850674714,0.000533471695276527,5.06920486248882e-05,0.849085710188985,0.00147644078677752,4.7333106896718e-08,0.144832252879757
"TCGA.13.0893.01B",5.74746670475801e-07,0.00120937990084104,1.08843457310035e-07,0.203508883166945,0.0351944264783341,0.0159375746455415,0.74414905221821
"TCGA.09.2056.01B",2.54538825857999e-09,0.000139031471962534,2.21354157880509e-05,0.0608486028923404,0.0387385942396547,0.0219664670916887,0.878285166343177
"TCGA.29.1781.01A",0.00023002791822174,0.0164268757691452,6.57764188061056e-05,7.23629624563555e-09,0.196416881464438,0.0718081292630228,0.71505230193007
"TCGA.29.1699.01A",2.07621171704631e-07,3.14575676815085e-07,2.39807634103713e-05,4.3030236323232e-08,0.133118708473214,0.00275231785326794,0.864104427683023
"TCGA.04.1364.01A",0.00117538182950975,9.83270490322062e-08,7.89240815758587e-05,0.0955580320538434,0.00689331304436022,7.30159821699339e-07,0.89629352050384
"TCGA.59.2363.01A",2.69958516730198e-09,0.0016316520089915,5.38334360757e-09,0.0601390615813545,0.0303178263992023,4.12711194983776e-05,0.907870180808025
"TCGA.24.1416.01A",1.18100192200628e-07,1.54048987877743e-05,1.2322043969048e-08,0.00747911377180356,0.0394030624704188,0.00419907451430599,0.948903213922448
"TCGA.20.1686.01A",0.00648807492339642,1.75510261874211e-07,3.27007008725867e-09,0.0766040132685055,0.00707147683529826,0.00278142060432033,0.907054835588147
"TCGA.29.1697.01A",2.1948474557365e-08,0.00387628591581023,7.57009996251041e-05,0.024097498537842,0.0381034496284979,1.32236287715762e-07,0.933846910733463
"TCGA.29.1770.01A",1.05281875304558e-06,0.000237862511249992,6.62810614501079e-08,0.645351042099513,0.0109123043634411,6.31598484527329e-06,0.343491355941136
"TCGA.23.1116.01A",1.53828652169399e-06,4.63968279230306e-05,8.75204139193856e-09,0.534417510280391,0.0459009018132645,0.0160016734970802,0.403631970542778
"TCGA.29.2428.01A",2.54528391288733e-07,0.00503104935349749,4.65848800476432e-08,0.0609578548377113,0.0665412534618277,0.0434411393496781,0.824028401884014
"TCGA.24.2293.01A",0.0807286721407445,1.02162171630323e-06,1.56987578360226e-09,0.8939235347625,0.0245157684879332,0.000828737530565782,2.26388666502746e-06
"TCGA.25.1635.01A",0.0112197891087499,0.00256666099614518,4.65657293574706e-08,0.577572764844586,0.0450688965735933,0.00064460548871436,0.362927236422482
"TCGA.25.2409.01A",2.7115339129643e-08,8.50993646869876e-08,1.73814685898288e-06,0.222129268939532,0.0997341290229656,0.0115704056794459,0.666564345996494
"TCGA.24.2280.01A",8.58842965871276e-07,6.4272960934262e-07,5.261272744825e-06,0.533891428455624,0.0307892905634121,0.000188717778094293,0.43512380035755
"TCGA.29.1710.01A",0.000182861376225586,0.00100521423137046,1.75992090345122e-08,0.50715007959118,0.0688246408609521,0.0366042398298522,0.386232946511211
"TCGA.61.2095.01A",8.07291900880583e-05,6.01817307625365e-07,8.50487399807737e-08,0.194210807004375,0.0852018712301668,0.0293583929837198,0.691147512725602
"TCGA.13.1489.01A",3.84205854879948e-07,2.51007808744971e-08,6.37176299764948e-09,0.0516157729463507,0.0275143973346609,0.000460501908134614,0.920408912132455
"TCGA.23.1023.01A",9.26140685756849e-07,0.00336653227782527,7.79380393431196e-08,0.174947448060594,0.060878887967162,0.0305804224243258,0.730225705191368
"TCGA.29.2425.01A",2.66581729401399e-06,9.16005064620627e-05,2.30028666740388e-08,0.121798163484704,0.0281973381730644,0.00666038492464725,0.843249824090962
"TCGA.36.1574.01A",1.19436173311166e-05,1.26678904669275e-07,1.61875446454752e-08,0.632106979501046,0.064172192412677,3.25627434491734e-08,0.303708709039753
"TCGA.30.1853.01A",0.00520294700913395,2.23319285731513e-07,0.000284744402981919,0.0617606266681645,0.00522815130511635,7.00622886975818e-08,0.927523237233029
"TCGA.04.1648.01A",9.40393577929835e-09,0.00139047628469659,4.27782719785519e-09,0.0526425287258567,0.114632760580576,5.92075306363215e-08,0.831334161519577
"TCGA.13.1409.01A",2.32354125227731e-06,0.00016929437338376,1.7559028614907e-08,0.0994897711253119,0.0100154378577552,1.90970415925649e-05,0.890304058501676
"TCGA.OY.A56Q.01A",2.44437001007807e-08,0.000327070146939581,3.24011466183875e-08,0.110533797978568,0.0606852620363759,5.13103990859106e-08,0.828453761682871
"TCGA.24.1471.01A",5.64490059437146e-06,0.000466413856533298,4.74643751575237e-09,0.0198270504714983,0.0163062287170814,0.00149044470353098,0.961904212604324
"TCGA.59.2350.01A",4.54404712895852e-08,0.000903455145145538,3.97564699080204e-08,0.0894370919248305,0.0369122602780719,0.000936055229571352,0.87181105222544
"TCGA.29.1688.01A",7.04309027552603e-08,0.00144557053981272,4.59657377287044e-08,0.221854938315458,0.130657738388339,0.00387670362510569,0.642164932734644
"TCGA.61.1724.01A",1.78298913546534e-06,0.0102934211511228,3.61245163121196e-05,0.59654672197904,0.0996098705627204,4.4893995530292e-07,0.293511629861714
"TCGA.25.1628.01A",6.83207221659674e-06,0.0146075648904216,6.4735157149299e-06,0.908163179488125,0.0772057875563532,2.06430071127414e-06,8.0981764576164e-06
"TCGA.09.1669.01A",0.0042868509207052,0.00663018572633237,2.65722367701704e-08,0.0920689392723007,0.0396469121711824,0.018472223794933,0.83889486154231
"TCGA.13.1405.01A",4.92098586442246e-06,0.00725481293972983,2.55833405274564e-09,0.37806109444392,0.0628615847428867,0.00865528149234372,0.543162302836921
"TCGA.24.2024.01A",3.60336157886025e-08,1.46240261895745e-06,8.34911513383829e-08,0.327764616964678,0.0317367643111686,5.73756219030367e-05,0.640439661174864
"TCGA.24.1422.01A",7.51182661678482e-05,0.000128941577056932,4.9991418335992e-10,0.616915474229067,0.0249268993690144,0.0438317466648893,0.314121819393891
"TCGA.61.1740.01A",1.37542381850984e-06,6.70765436361539e-07,6.8463107501546e-09,6.24679931681541e-05,0.109991633241753,0.0177438255409956,0.872200020188517
"TCGA.13.0891.01A",2.48020581387722e-08,0.00255009921947464,3.72752769468266e-05,0.0873724672486105,0.0370791573561354,0.00526787903421686,0.867693097062558
"TCGA.61.1728.01A",1.37610029551169e-06,0.000282891121092369,8.25736744749601e-07,0.141714727438311,0.0440126857062036,5.78527070090895e-07,0.813986915370283
"TCGA.61.1733.01A",2.31444357447541e-05,9.7633312836143e-09,3.40851709847388e-06,0.362558385247099,0.0235261332531809,2.25180814157689e-07,0.613888693602732
"TCGA.13.0720.01A",1.53364114170637e-09,0.00107518524019143,2.23128342238643e-07,0.0546772901450199,0.0455118376139968,0.000328428407349727,0.898407033931459
"TCGA.29.1698.01A",0.032401621234638,2.27532544731981e-06,2.50326230893674e-08,0.490755736704168,0.00928956692111161,8.78634113095776e-05,0.467462911370702
"TCGA.24.2288.01A",5.94893069605429e-09,0.00248029663385269,1.51218325404679e-06,0.172923640190279,0.0557060640255998,0.0282122681630709,0.740676212855013
"TCGA.25.1630.01A",0.00788861611155617,2.84802544917794e-07,2.87556288772716e-08,0.043395289703096,0.0586990637046402,0.0117040901347947,0.878312626787739
"TCGA.13.0901.01B",0.00670282128956059,2.22078042463485e-05,2.72054314591511e-08,0.230735544368777,0.00453349878836588,3.02192603290311e-08,0.758005870324359
"TCGA.24.1567.01A",3.00134675146298e-07,0.0107067800564932,2.98297134031661e-07,0.101987514960124,0.022548122505375,5.19660046944451e-08,0.864756932080194
"TCGA.23.2084.01A",2.58033030878769e-07,0.00104020286702229,2.88260791907055e-06,0.217861262601168,0.0776195222377204,1.00202415970839e-07,0.703475771450724
"TCGA.36.1576.01A",0.00508244230118069,0.000486266388403998,1.31574318001433e-05,0.916773495527396,0.0776270232733255,1.1460200236142e-05,6.15487765741435e-06
"TCGA.13.0730.01A",1.197203888582e-06,0.0030292639993708,6.56498194476805e-06,0.100326621759706,0.034805676055081,1.75416622867865e-07,0.861830500583386
"TCGA.04.1517.01A",1.16042171396046e-06,4.51697926438947e-08,7.65601988970336e-07,0.0697772738730626,0.0171960262351219,4.96727677536874e-05,0.912975055930566
"TCGA.29.1778.01A",1.49663475426934e-07,0.00111715865511697,4.32185080531004e-09,0.0780146146444664,0.0358182547794906,0.0269226971216912,0.858127120813909
"TCGA.24.1413.01A",1.41352319804835e-08,3.23010264775324e-07,2.55590161290835e-08,0.0362984406969498,0.0377276175869999,0.000567145615749569,0.925406433395788
"TCGA.24.2023.01A",9.90770726733325e-06,0.00161505168607817,1.61726321384849e-06,0.115074908188376,0.210799527117472,8.6275518847647e-08,0.672498901762073
"TCGA.13.0725.01A",4.6876666602183e-08,1.70924085500652e-07,7.10770125159005e-08,0.136226507338625,0.0617003156458199,0.00026851128885074,0.80180437684894
"TCGA.13.0883.01A",1.99956474411756e-07,1.52385234987336e-06,0.0302180710394612,0.946329571022541,0.0232572622896224,0.000193185453302203,1.86386249332228e-07
"TCGA.24.1555.01A",2.24057774272626e-08,0.000360505717857107,6.90372695847393e-09,0.0443290619139972,0.0447788289873452,6.06700569063059e-08,0.910531513401239
"TCGA.23.1029.01B",1.25908765162034e-07,4.61298871184811e-07,8.46353840658437e-10,0.0915212673158455,0.0692879214695828,2.64254968378726e-07,0.839189958905613
"TCGA.13.1507.01A",4.17168135566433e-08,3.63738852767597e-07,3.77705903321936e-07,0.571915812713962,0.0679241257946083,0.0323921212671874,0.327767157062672
"TCGA.61.1998.01A",4.7363516087426e-05,6.38647911868704e-07,1.59017789913322e-09,0.278636725004314,0.0926983131528181,4.90463782998065e-06,0.62861205345086
"TCGA.24.1419.01A",4.50933052440548e-09,7.98308697188832e-06,3.52976666361927e-05,0.120030777755172,0.0332071045127317,2.00981417297252e-08,0.846718812371016
"TCGA.30.1862.01A",2.9219692082652e-07,0.00324335997780081,1.47933419525978e-07,0.502687234625469,0.0297086818933483,3.34690472890281e-07,0.464359948682569
"TCGA.09.1670.01A",5.8128494951883e-08,1.61194753174515e-05,2.5674400047781e-05,0.000580459577296863,0.0404990771223595,3.1641205840378e-05,0.958846970090643
"TCGA.24.2281.01A",2.60757324321966e-07,0.00202093980432508,8.81481164954115e-07,2.57585750778438e-07,0.0729648180614504,0.0249609399708338,0.900051902339151
"TCGA.57.1994.01A",1.17836542586112e-07,0.0180409557259349,1.0301863333291e-06,3.35357292599396e-08,0.0913091369431344,0.0206839942422737,0.869964731530052
"TCGA.24.0968.01A",4.98845300421138e-07,0.000807135458918712,1.09769977367882e-07,0.0884146114195262,0.0730090894247749,0.0132570544885232,0.824511500592979
"TCGA.23.1113.01A",4.02116167404483e-08,1.79626810961185e-05,6.68156401578606e-09,0.135003845067722,0.0210914304299578,8.23997166896481e-07,0.843885890930877
"TCGA.24.1548.01A",1.44315410547064e-06,4.65981756660789e-05,8.61371730677133e-07,0.03460807333865,0.0418114040827203,3.50810585216725e-05,0.923496538818606
"TCGA.24.1552.01A",1.09018229933143e-07,0.000311127183076433,6.56658511865893e-09,0.0943058898009605,0.0475749800080255,1.21726648666362e-06,0.857806670156636
"TCGA.24.1930.01A",2.63755948708802e-07,0.00109112806875166,2.29562923606479e-08,0.234608988228326,0.111627816636785,0.00337527888733238,0.649296501466563
"TCGA.10.0936.01A",5.95789918650373e-08,0.000306767649885157,2.06474251072332e-08,0.0234363883905216,0.0470054381424121,0.0173801130576342,0.91187121253313
"TCGA.61.2102.01A",0.000648781307152521,1.36852039596673e-07,2.77415721922365e-08,0.194310942388571,0.0596614874530474,0.00170159572282454,0.743677028534793
"TCGA.59.2352.01A",0.00318087393837718,8.60112494005692e-05,1.14412907607928e-08,0.113213435638924,0.0312051580115541,0.0150853027860831,0.837229206934371
"TCGA.61.1910.01A",7.08358771002108e-05,1.78576638128091e-07,7.06130930434919e-11,0.0222601628940051,0.0204568052337883,0.000816951831689722,0.956395065516165
"TCGA.13.1512.01A",1.82829525963811e-08,9.31180540475536e-05,3.41298078594692e-07,0.264986350662055,0.0304475382270987,0.00631398573286064,0.698158647742907
"TCGA.29.1768.01A",0.00127306721453185,2.44912107227202e-05,4.9656603054741e-05,0.989431981376985,0.00906264474732105,0.000140859249693281,1.72995976918516e-05
"TCGA.13.0897.01A",1.97493660381339e-08,5.66826398231589e-08,1.40220276782812e-07,0.261955462464461,0.0561785918519644,0.0139814427195578,0.667884286311734
"TCGA.10.0938.01A",3.47863711676041e-09,0.000800417960351479,2.76085123606795e-09,0.052615149607563,0.0312710898636958,3.01733696222015e-06,0.915310318991939
"TCGA.13.0804.01A",8.56297342511322e-07,8.45179888985374e-05,3.714685308867e-09,1.70447450998071e-08,0.0819161895281046,0.0149318251010751,0.903066590325149
"TCGA.13.0920.01A",3.52143121424571e-08,0.00115164936996879,0.000708553781542312,0.100476142401021,0.00788053912483474,0.00505240735659678,0.884730672751724
"TCGA.25.2042.01A",4.47340927309006e-07,1.81383439794189e-05,8.47241842196936e-08,0.999575037358302,9.81283680702871e-05,0.000308123632228149,4.0232308291648e-08
"TCGA.13.1505.01A",0.012807170355914,0.00139917056863287,1.95380685643468e-06,0.539138258566338,0.00874944310739078,2.78806238034564e-08,0.437903975714244
"TCGA.61.2110.01A",0.0106155974030515,3.60953229923779e-08,7.96010697242623e-08,0.0559496042937623,0.016470312518415,3.0270491086726e-05,0.916934099597292
"TCGA.24.1849.01A",1.2183695882184e-07,0.00469117759613255,1.3262352418266e-08,0.502134634288999,0.130709712396797,0.0562502703791976,0.306214070239562
"TCGA.04.1341.01A",8.77722555356123e-08,0.000731196100019391,3.25455972320451e-08,0.151709398843121,0.0348428717877431,7.68336290030165e-05,0.812639579322261
"TCGA.24.2254.01A",2.33753750819317e-05,0.00073412267319395,3.96014481891304e-08,0.170768717430832,0.0719045618822233,3.20806856407708e-07,0.756568862230364
"TCGA.13.1488.01A",4.87054881022348e-07,0.00410999257293557,5.70243297535653e-07,0.101599662120861,0.0392327709139499,0.0120048538709794,0.843051663223095
"TCGA.61.2094.01A",0.000332832333711718,0.0549158207756669,9.25619622449606e-08,1.00068994708229e-05,0.169020267875921,0.108950254131884,0.666770725421383
"TCGA.20.1683.01A",1.6850671478598e-07,0.00634559271796517,3.5449005782113e-09,0.213950434812869,0.129802483517565,1.14077716478561e-07,0.649901202822269
"TCGA.29.1703.01A",1.22926347082691e-06,0.000971322098901781,9.67762287028874e-08,0.145139410350098,0.0333338184059709,0.00503447697975101,0.815519646125578
"TCGA.04.1343.01A",1.22361617780249e-07,0.00295592136846991,5.06461534494453e-08,0.318713333139032,0.0759376812456072,0.000730051499756062,0.601662839739364
"TCGA.25.1627.01A",6.05928657563622e-08,0.000533260529987771,9.042099235537e-09,0.0900942156700001,0.0367246057665958,0.000278898402625445,0.872368949995826
"TCGA.61.1919.01A",4.23352514923596e-05,2.77954233326398e-07,7.89777983748981e-08,0.711605136873521,0.0630804216759581,5.89335351393649e-08,0.225271690333462
"TCGA.24.1565.01A",2.84535056319234e-07,0.00312854314788431,5.6083346893064e-09,0.000104783329947227,0.0714129575351271,0.0010137067877724,0.924339719055878
"TCGA.31.1946.01A",1.35015954775278e-07,0.000817232372993158,7.51816722660713e-09,0.727639735553207,0.103112291400686,1.0355298795549e-05,0.168420242840196
"TCGA.29.1774.01A",4.53724416338739e-08,0.000637195226506144,1.49606930001078e-08,0.136112944047085,0.0137724372367642,1.96508323145555e-07,0.849477166648187
"TCGA.36.1577.01A",3.775284178199e-08,0.0071977996793519,4.60409461631663e-09,0.111878599867086,0.0301799198725381,5.80914473300977e-06,0.850737829079355
"TCGA.24.2261.01A",1.3950884019806e-06,0.00877185298592984,8.57855507640664e-08,0.129576826830859,0.0825757980139083,0.0293899480817092,0.749684093213641
"TCGA.23.2077.01A",1.08852273322193e-06,7.28294577162272e-06,3.25847220071047e-08,0.0181418015508926,0.0395378897207294,0.00158944775169313,0.940722456923458
"TCGA.36.1581.01A",1.12201525981002e-07,0.0232295139908386,3.23591682857815e-07,0.00492562232010534,0.0886510255602098,0.0260862141833537,0.857107188152284
"TCGA.09.1661.01B",8.45851111598681e-07,0.00105353821993134,1.88687868727782e-08,0.0869796786506411,0.0267431926255989,5.66756578887347e-07,0.885222159027351
"TCGA.13.1482.01A",2.41700803677129e-07,1.77890959877273e-07,5.46081915991346e-06,0.158246111137292,0.0147299878746004,0.011295533252887,0.815722487324297
"TCGA.13.0924.01A",4.07583616806322e-07,1.91790613327515e-05,6.61582194957465e-07,0.108893035523641,0.113400887368781,0.0472022748602645,0.730483554020169
"TCGA.23.1120.01A",1.23733441274803e-05,0.00237887125224068,5.5029967362871e-06,0.0532136410861238,0.056394577912117,0.0259920476332227,0.862002985775432
"TCGA.04.1357.01A",5.74337212998096e-06,0.0276455102873713,4.31056134224174e-09,2.33010534522258e-07,0.0915114499932316,0.0790564783835759,0.801780580642595
"TCGA.04.1651.01A",4.22203706603051e-08,0.00130511003558579,1.60149397096518e-09,0.0449329028781613,0.0741809663409715,0.000154824764754779,0.879426152158662
"TCGA.13.1497.01A",2.71062670691709e-08,0.00263936621264186,2.39912451050446e-07,0.161617321440135,0.033753984321826,0.00194921064528022,0.800039850361399
"TCGA.24.1557.01A",4.08450524209834e-07,5.30868585388321e-05,5.82692745206076e-06,0.0720135821880949,0.0368986408187012,1.51913124563392e-07,0.891028302843564
"TCGA.24.1562.01A",3.01000610679389e-08,0.00361170195878222,3.08574614132785e-09,0.357632140602341,0.050178067753256,0.000798928333592557,0.587779128166221
"TCGA.24.2289.01A",0.00448603767896641,1.58153052011328e-07,4.46011639433876e-07,0.665593190387574,0.0409751830297774,2.49982509082474e-08,0.28894495974074
"TCGA.25.1871.01A",2.93002677637565e-08,0.000835483580702925,0.000925205568946255,0.0536259613066158,0.0114596108740921,0.000732124894332078,0.932421584475043
"TCGA.29.1777.01A",8.12850747726106e-07,2.59213909158742e-08,2.3575237161259e-08,0.670610224963691,0.00467914894784616,0.000219490018652695,0.324490273722434
"TCGA.04.1542.01A",1.10060297553566e-06,0.000480790848173597,2.88699558867171e-08,0.074562901753435,0.0337219744229675,2.35118108389636e-08,0.891233179990682
"TCGA.24.1556.01A",2.57146761711294e-07,0.000902474861409374,4.20634464377581e-07,2.79620566330327e-07,0.0523260147218201,0.0106512376028112,0.936119315412167
"TCGA.24.1427.01A",1.7096825159261e-06,0.00684901139135414,2.58043550314768e-07,0.497913780519405,0.0607980269040359,0.00417845099501223,0.430258762464126
"TCGA.13.1403.01A",7.7102554602705e-08,1.28271223686442e-07,1.71525553362326e-08,0.179203648687976,0.0200677311010455,6.63410450825375e-06,0.800721763580137
"TCGA.13.0797.01A",7.32896924419294e-08,0.00247909942033652,2.80491139808008e-09,0.0147684052976877,0.0352423600441943,0.011367119386277,0.936142939756901
"TCGA.09.1668.01B",3.56397377211028e-07,0.00616479265590851,3.78365391331898e-09,0.214176819874555,0.0740877980989779,0.00796305269974492,0.697607176489783
"TCGA.29.1694.01A",1.03277193784328e-07,1.84475000839879e-07,1.21417757530048e-07,0.317056751140135,0.0684255417370317,1.45644154576367e-07,0.614517152308727
"TCGA.36.1571.01A",0.00063388447822222,0.0001424733654353,0.00283670393905437,0.0679527902056463,0.0218610330274189,4.63533751246515e-10,0.906573114520689
"TCGA.25.1318.01A",4.04569818870201e-07,0.000194887014827506,1.69333862551785e-08,0.173160292026884,0.0322229469434951,3.57132521843363e-05,0.794385739259404
"TCGA.13.0714.01A",1.08543765302829e-07,0.00343189328559936,2.9186211747135e-08,0.17843672933696,0.034088940163798,0.00818914228197933,0.775853157201686
"TCGA.24.1418.01A",0.0163874895800194,0.000277447713734979,3.03810450224132e-08,0.370991801603272,0.0217196088678784,4.79310728449916e-08,0.590623573922978
"TCGA.25.1633.01A",0.0391505556232843,0.00777011783820669,5.4078121491507e-08,0.810186513318243,0.0434162994118119,0.00722074375418828,0.0922557159761448
"TCGA.13.2060.01A",6.77392036820593e-08,0.00333324058836925,1.01156379662125e-06,0.129677382217205,0.0604828491524417,0.0185308713264149,0.787974577412569
"TCGA.13.0905.01B",1.03551698751404e-06,0.00323118479557155,0.000410983165339193,0.156696115322274,0.0611354968466758,1.10049598831634e-07,0.778525074303553
"TCGA.29.1785.01A",0.000305948563823933,0.002605348096607,1.23848376019373e-08,4.33108192881391e-07,0.119182395945197,0.0485340920619139,0.829371769839428
"TCGA.09.0369.01A",7.33210603403033e-05,0.000766915614139185,1.92683976076667e-09,0.429039346047194,0.0285702151516532,9.90243462672774e-08,0.541550101175487
"TCGA.61.2088.01A",0.000119124450977363,6.36103289744e-06,1.74168865550928e-08,0.0812922297275692,0.0310789054317358,2.94084151819365e-06,0.887500421098415
"TCGA.13.0885.01A",7.45595301166641e-07,0.00303585012873706,1.23593769487375e-08,3.18738859600094e-05,0.0778607884205091,0.0207276999914798,0.898343029618636
"TCGA.13.0726.01A",3.79927001276521e-08,1.13574564177151e-07,7.0477241606084e-08,0.143867037615064,0.036209435375958,0.0181402443249651,0.801783060639507
"TCGA.13.0923.01A",7.15823243573726e-08,0.0027138650289396,8.36984602146168e-09,0.0112475328590366,0.0846618015278195,0.0180862037662306,0.883290516865803
"TCGA.24.1430.01A",6.71888260293818e-08,0.000660078334087807,4.75911324113821e-05,0.131648050564375,0.0250558066220309,2.35150626264592e-06,0.842586054652006
"TCGA.24.1549.01A",2.7997417247837e-07,5.31716831631466e-05,1.61622844812922e-08,0.0682507718283176,0.0317436286223578,0.0594117310451325,0.840540400684572
"TCGA.24.1467.01A",8.20375619452051e-09,0.00203753878669545,1.05398487903407e-08,0.0279047900746209,0.034404467987315,0.00214341612306591,0.933509768284698
"TCGA.20.0991.01A",6.2382154324942e-07,6.86208153094007e-07,1.22089744380812e-07,6.82556354063293e-07,0.329138615235255,0.171772273532397,0.499086996556553
"TCGA.25.2401.01A",2.80509050638365e-07,5.21222279937447e-05,3.5709405293524e-09,0.665485322450773,0.114595758119067,1.33633959785417e-07,0.219866379488216
"TCGA.13.0919.01A",1.78691601060697e-08,5.21586480281214e-07,1.17550207677554e-05,0.274144843023492,0.0552157309847608,0.000841772973215833,0.669785358542124
"TCGA.13.1485.01A",9.40278539916819e-08,1.4281984867341e-07,2.13778138763818e-08,0.81389663454113,0.0141010397275996,8.63356459119261e-06,0.171993433941162
"TCGA.24.1464.01A",8.06482035870953e-08,0.00346009717118846,4.58991369539743e-10,0.0186219073366483,0.0322454121955943,0.0280456755873901,0.917626826601984
"TCGA.31.1950.01A",2.18454637114751e-07,0.00208347213504896,1.25132837691516e-10,4.83606740870697e-09,0.0735963548353704,0.000631845049657964,0.923688104564085
"TCGA.24.1434.01A",1.10095969989489e-06,5.86792775999253e-05,1.23630837975508e-08,0.941555951774401,0.0565789081240098,0.00180520631008849,1.41191117243079e-07
"TCGA.24.1616.01A",6.25861671965454e-08,4.5617222490612e-05,3.91395323512019e-09,0.0608176564090851,0.0287027258610443,0.00165020971272562,0.908783724294534
"TCGA.09.1666.01A",5.0172671989987e-08,0.00402088538883823,3.79421166843291e-08,0.0177774448376807,0.0574868840484835,0.00819543562732296,0.912519261982886
"TCGA.13.0762.01A",6.93068043878947e-08,2.93230847669533e-08,1.75841789847565e-09,0.114342019089995,0.0228146074260209,0.0031320282829177,0.859711244812759
"TCGA.10.0934.01A",3.18275719542651e-09,6.71860245354323e-09,4.84916625107024e-09,0.018831500504439,0.0150199284545641,0.0018284035088226,0.964320152781648
"TCGA.09.0364.01A",7.27854984141647e-07,0.000674382440844744,2.11831303474951e-09,0.0611177428554242,0.010673006341102,1.08649020019396e-05,0.92752327348733
"TCGA.04.1331.01A",7.34546270894358e-08,0.00195967192290372,1.86641057806119e-08,0.149817658814965,0.0393007626854293,2.30385067325013e-07,0.808921584072901
"TCGA.24.1846.01A",1.27108735283791e-07,0.0021209802277397,1.2166876452323e-08,0.191668125368566,0.0570023776387542,0.00274814856255648,0.746460228926772
"TCGA.24.1436.01A",7.47282740977008e-08,6.17165710947271e-08,6.46937910898295e-07,0.0221128190400321,0.0576583196249795,0.00804260466965063,0.912185473282582
"TCGA.13.1408.01A",0.00136056861296607,2.43489149582064e-07,1.99943174393926e-07,0.462820988197432,0.015592321361428,3.96410473507677e-07,0.520225281985376
"TCGA.24.2033.01A",6.26101782301608e-06,0.00106756215348462,1.58289691901138e-08,0.29790345396835,0.0371347207869371,2.92822495652438e-05,0.663858703994871
"TCGA.24.1843.01A",1.05078007429977e-09,0.00568484989273902,3.63349146500881e-07,0.00832168016641993,0.0938679825175062,0.0123281531141234,0.879796969909285
"TCGA.10.0927.01A",0.0134614991867366,9.45945073788876e-06,0.00630895702901339,0.144726102006426,0.020905772787744,1.26248578056638e-07,0.814588083290764
"TCGA.10.0937.01A",1.64349761796804e-08,0.000826918064968024,2.0119685149194e-08,0.00405157915348737,0.0594536646200833,0.0192874323584147,0.916380369248385
"TCGA.09.0367.01A",8.1704326123916e-06,0.00016770953900098,9.55360348237158e-11,1.47777324212669e-07,0.0234507907591779,0.0134856631809547,0.962887518215394
"TCGA.24.1845.01A",2.10875562164269e-07,2.27192835424629e-05,3.24127901801513e-09,7.86154839535426e-10,0.0208181562308166,0.00158566098689356,0.977573248595751
"TCGA.24.1560.01A",7.92528279627266e-08,0.00128121075633172,1.5974742003059e-07,0.0693936093359844,0.0495325818417215,5.51422448407884e-05,0.879737216820874
"TCGA.13.0724.01A",2.26477709138699e-08,0.00220349759224978,1.08664042137187e-07,0.148443011427592,0.0313028572773798,0.00262113024947812,0.815429372141487
"TCGA.5X.AA5U.01A",9.46150026203476e-09,0.000228241314921301,3.67190471519975e-09,0.115100698650946,0.0290142741911727,8.46213744094892e-05,0.855572151335145
"TCGA.25.2393.01A",1.92636612103043e-08,0.00277791670430765,1.05440967465031e-09,0.0814784852663367,0.0298666129160861,0.00923365186237564,0.876643312932823
"TCGA.25.1322.01A",1.19799207008457e-05,6.03522979013496e-07,1.28805063701252e-08,0.0612945587018942,0.0727096049974841,5.78583904912026e-08,0.865983182118045
"TCGA.61.2009.01A",1.31709906170812e-05,1.93451037246255e-06,1.90694310193815e-08,0.94206743651918,0.0579173566934763,7.22601370033541e-08,9.95678648962968e-09
"TCGA.13.1481.01A",0.00449047900881942,9.08122280645026e-06,4.3322624379918e-07,0.466425490382416,0.00832747122680086,0.00197056913052383,0.51877647580239
"TCGA.13.0799.01A",3.24061944379075e-08,0.00136644091538606,9.91810072372531e-09,0.0243569310251723,0.0122166345004137,0.00717313601760152,0.954886815217131
"TCGA.13.1487.01A",0.000160802231743735,2.27965195981544e-07,2.91334463120858e-08,0.277792825936241,0.00497065272006268,5.45466301341291e-06,0.717070007350297
"TCGA.24.1564.01A",9.33858913562914e-07,0.00122494686996977,3.29546872940944e-08,0.329952539764488,0.216454255622134,0.00336742887736246,0.448999862052444
"TCGA.61.2109.01A",3.58173204443875e-07,0.000380716702279853,8.24115035649124e-09,0.0936550611824025,0.040829766371516,0.00384231091495395,0.861291778414493
"TCGA.59.2354.01A",1.87269177992998e-05,0.00581801630265909,5.34184389217917e-08,0.660341363890597,0.0653171060242203,0.0245638965523702,0.243940836893915
"TCGA.10.0926.01A",2.00787266961044e-08,0.00266596247758726,1.13379637769445e-05,0.115941629205214,0.0492395834449582,0.000895312971892081,0.831246153857845
"TCGA.04.1519.01A",1.86548545351299e-06,0.000493051685918454,3.49185282498732e-08,0.0961199101121558,0.0594533759621554,1.88379790240847e-07,0.843931573455998
"TCGA.24.2020.01A",0.00720145052648308,1.84850487767989e-07,8.56302681947961e-09,0.0467490108021717,0.0114042485933809,0.00402433574624218,0.930620760918208
"TCGA.3P.A9WA.01A",1.44420254079629e-07,1.49854546241547e-07,1.05767688287579e-08,0.0397836282438225,0.0189374455276606,0.0125141983633613,0.928764423013586
"TCGA.04.1348.01A",1.04414593181867e-06,0.0076759245417153,1.25289618915005e-09,2.25135847312778e-06,0.0962815286944831,0.0340919172813058,0.861947332725195
"TCGA.13.0906.01A",3.56730002459514e-08,0.00192787962033135,4.77268870474636e-09,0.0666257259723698,0.0242306910735131,0.00976883343686979,0.897446829451227
"TCGA.30.1860.01A",2.95194362352567e-08,0.00261652459571248,2.93154950870501e-05,1.83273897220179e-07,0.0944086212395786,0.0936065242629166,0.809338801613372
"TCGA.36.1569.01A",0.00985897832467089,0.0119461167330759,9.59247668618867e-08,0.597763137355361,0.04809561892804,2.15775486542939e-05,0.332314475185431
"TCGA.25.1319.01A",1.15732329590411e-06,0.00347833856999604,3.05472714132827e-09,3.2072129538474e-07,0.030780638584777,0.00205819856054386,0.963681343185365
"TCGA.57.1583.01A",0.0174809689069262,1.63501756246969e-08,0.00342421960251741,0.13771310571056,0.00572108460894234,4.02275270576602e-07,0.835660202545607
"TCGA.29.1776.01A",3.0789906836897e-07,0.00205816912906793,7.61824828279922e-09,0.419130678936199,0.0420668505854425,2.40470828037673e-05,0.53671993874917
"TCGA.24.2271.01A",3.86888233181102e-05,0.00721467907440751,1.45266117002584e-08,0.357987925333457,0.0666836563884411,0.00582524071595878,0.562249795137806
"TCGA.23.1109.01A",4.57027237822531e-05,0.00366831023376309,1.97701576023954e-09,0.227680549809999,0.0443553922336296,0.00213711183318942,0.722112931188621
"TCGA.61.2092.01A",4.62515267664795e-10,4.48673926019249e-05,1.44345322929778e-09,0.0123211267049021,0.015647712044394,0.00119210980222791,0.970794182149906
"TCGA.13.0800.01A",2.29108494322113e-07,0.00123109586766395,2.11566856879948e-06,0.0859333749199139,0.0227661617241403,1.53483504173051e-07,0.890066869227714
"TCGA.24.1924.01A",4.35008986815543e-08,0.00959350526787659,1.11073171533725e-06,2.47570989598419e-05,0.125489404250719,0.016941322421775,0.847949856728055
"TCGA.24.1563.01A",1.29670809632957e-07,4.41093292002003e-05,9.64169113497608e-08,0.970208066848101,0.0138400178829531,3.10451731838036e-08,0.0159075488068514
"TCGA.29.1761.01A",2.37445557774783e-07,0.00300177489518924,5.16455304827302e-09,0.016613875859759,0.0319273169700385,0.0114557733173117,0.937001016347591
"TCGA.24.1423.01A",4.60176164093801e-08,0.00100835272459958,5.13514804433559e-07,0.137155411515609,0.0314692869589235,0.00224475643707959,0.828121632831368
"TCGA.09.2045.01A",4.10827579688381e-09,0.000920679942959364,1.56179377484779e-08,0.0483144442958204,0.0825683029277779,1.56214768120214e-07,0.868196396892461
"TCGA.24.0979.01A",8.57233722697274e-09,0.00148165157709047,4.21354778550758e-08,0.0632643838683587,0.0198807053123167,0.00308621295164968,0.912286995582769
"TCGA.25.1314.01A",1.29443033041356e-07,0.000876244155667726,2.11741306266819e-08,0.099918915956737,0.0183042951209674,0.00642531384012565,0.874475080309339
"TCGA.29.1702.01A",1.01117675090316e-05,7.81332937072938e-06,1.64677598618849e-08,0.0663526941844275,0.0143355316044306,2.56028553502044e-07,0.919293576617949
"TCGA.13.0887.01A",2.74354274356318e-08,2.07259353782136e-06,2.12721440389125e-08,0.0436182129382273,0.0317713368386736,0.000166537427933903,0.924441791494056
"TCGA.61.1741.01A",1.76540023771949e-09,0.00145051481217345,7.25809128368556e-09,0.0310918522721857,0.0458981422412976,0.00558546924931568,0.915974012401536
"TCGA.09.2048.01A",8.37773380470681e-08,1.73102126452866e-05,1.76304050190731e-08,0.129655622115393,0.0113668473035327,1.65799379729683e-06,0.858958460966888
"TCGA.09.1674.01A",5.1470255678501e-10,0.000969184999666985,1.48213604006514e-05,0.0783647213492246,0.0171072335197861,2.34511347427577e-09,0.903544035911106
"TCGA.61.2012.01A",1.63053392923734e-07,0.0140990560757057,1.2200243939686e-09,0.132332409013357,0.16713217367414,0.0294444027289358,0.656991794234444
"TCGA.24.1847.01A",1.04564524453114e-07,0.0508746876300372,2.60510169640016e-05,0.0898645277974572,0.216251584067816,0.0475580609575735,0.595424983965627
"TCGA.10.0928.01A",7.63785068217873e-09,0.000332617884042543,3.43564170190256e-07,0.0694440283704676,0.0214013611677225,4.59126435328587e-06,0.908817050111393
"TCGA.29.1695.01A",3.69139644160497e-05,0.000703731410352683,6.40102941311372e-07,0.513349615209478,0.0620384838388433,0.0366780916203005,0.387192523853669
"TCGA.61.2016.01A",9.04209527906205e-08,0.000523195052599148,3.21822570005906e-10,0.0710845048454316,0.099162460649199,0.00640200228122553,0.822827746428769
"TCGA.23.2081.01A",1.14363209359958e-07,0.000575215215031288,2.78014226564279e-08,0.288042433606109,0.029745993853633,1.31126944038589e-08,0.6816362020479
"TCGA.25.2397.01A",4.17758514273468e-09,1.62279533621321e-06,3.70208043549166e-10,0.00664415873966448,0.0254346007032993,0.00170187609480705,0.9662177371191
"TCGA.13.1501.01A",5.55697661957881e-07,5.43000180929799e-05,2.22935369096472e-08,0.200603958989064,0.018508871592714,1.53224403991489e-06,0.78083075916489
"TCGA.24.1604.01A",0.0142075307429494,4.0018691695199e-08,1.25927830307281e-06,0.113749330888715,0.0190862649596253,0.000565450481333333,0.852390123630382
"TCGA.25.1626.01A",4.36533786800026e-06,0.0288666322284637,6.64543066915583e-07,0.927900697332735,0.0432048652426614,2.27645697147881e-05,1.07454899135379e-08
"TCGA.13.0888.01A",0.010230666420561,5.74952415218026e-07,0.000464290866673822,0.0853324385106919,0.00782323819502495,2.18558074510043e-07,0.896148572496559
"TCGA.25.1631.01A",1.21628973736135e-06,0.000236074368146472,5.96282314650247e-08,0.063845598696058,0.0446004408904958,2.76094322932539e-07,0.891316334033008
"TCGA.25.1321.01A",5.96716886993417e-08,6.77802928240874e-05,1.31647731320042e-08,0.0670809243250668,0.034427488781501,9.81244647747123e-05,0.898325609299372
"TCGA.29.1690.01A",1.58557738692169e-07,0.000408761398545869,6.03318050370774e-06,0.330676817642788,0.106064245222892,2.26302925623761e-07,0.562843757694606
"TCGA.13.1511.01A",2.00263927238459e-08,7.38805648129328e-09,7.07999763578171e-06,0.24211986698248,0.0359320861070237,0.000222726725039618,0.721718212773372
"TCGA.25.1328.01A",0.0266598607522339,5.99471932024367e-06,1.31927160384386e-08,0.469930891166843,0.0258179620789822,0.0031238402185257,0.474461437871379
"TCGA.09.1662.01A",0.0122076085589404,1.98950440299231e-07,8.58768740130126e-10,0.0797608892120741,0.0308859478927478,0.0277051270914244,0.849440227435604
"TCGA.13.0911.01A",2.96125069829083e-07,0.000137815124841877,1.9785039128817e-09,0.245562228811004,0.117818402835552,0.0451123600896035,0.591368895035425
"TCGA.13.0727.01A",4.33377890120726e-08,3.03715089304678e-07,2.40918979082992e-07,0.117327701753101,0.0478533974248481,2.72585630713505e-05,0.834791054287123
"TCGA.10.0933.01A",1.21022633117115e-07,0.000686319094788738,5.01118863523459e-08,0.11657412402892,0.0165565955536159,1.63531814759954e-06,0.866181154870008
"TCGA.61.2111.01A",7.1052750513038e-08,0.0029050752206338,1.86650669876123e-08,0.150905449419205,0.0439946877718013,0.000212249387112917,0.80198244848343
"TCGA.29.1696.01A",1.88873464146588e-08,0.00137754009051201,5.5311422790863e-09,0.0515468392472129,0.0474231308101682,4.71917278055709e-05,0.899605273705813
"TCGA.23.1024.01A",5.08440685074476e-09,0.00166840596719339,4.07202098855416e-06,0.0401433156156282,0.0238939836104906,0.000264602830298814,0.934025614870994
"TCGA.25.1329.01A",4.18790918993111e-05,4.91766289751003e-08,6.12366071029576e-06,0.281991528845896,0.0649935078248912,2.90257191756371e-07,0.652966621142783
"TCGA.23.1110.01A",8.74160862491066e-07,0.000400581960836972,9.36928702381293e-07,0.0961027307812952,0.0196773569315062,7.19000538653751e-08,0.883817447336743
"TCGA.20.1684.01A",4.70714410827193e-09,5.78320079910201e-05,3.00236555290235e-08,0.103823459491443,0.048192602161521,2.23428569950195e-08,0.847926049265388
"TCGA.24.1428.01A",4.27799742371445e-07,1.91569820678046e-05,3.30303280992073e-06,4.22917549038335e-08,0.0755449117352343,0.0102285135421824,0.914203644616208
"TCGA.13.0795.01A",2.699738687334e-07,0.000819148789036385,2.82158341653405e-09,0.000181830011849116,0.0613807892545588,0.0131925957402066,0.924425363408897
"TCGA.13.0900.01B",0.000109892168014708,0.000566348739371531,1.23639129114623e-08,0.696885184438354,0.00949904056132863,7.21094990984774e-08,0.292939449619519
"TCGA.13.1410.01A",4.74949756090255e-07,4.00162015991342e-06,3.26209263292648e-10,0.204044436913109,0.0522643015245176,0.00157521521397473,0.742111569452274
"TCGA.23.1026.01B",8.48474327130432e-07,0.00400094073132524,1.79727978647815e-09,0.245566490264931,0.0727178745430263,0.0228200220334156,0.654893822155694
"TCGA.23.1032.01A",1.00820509658595e-07,1.06179335746123e-06,1.54353678162733e-07,0.118315420644909,0.0213904462013798,0.00121851592258493,0.859074300263581
"TCGA.13.0760.01A",5.42734456801772e-08,7.71810048379691e-06,2.29516933544799e-07,3.29365401953682e-08,0.0812403418829462,0.0262797520419283,0.892471871247722
"TCGA.23.1028.01A",0.0106378464811431,0.000118419003232903,1.3430713829177e-07,0.103457312465245,0.0125748644441094,0.010602982217864,0.862608441081267
