"","cellFractions.CD4.T","cellFractions.CD8.T","cellFractions.DC","cellFractions.Fibroblasts","cellFractions.Monocytes","cellFractions.NK","cellFractions.otherCells"
"TCGA.EL.A3D0.01A",0.0100962038435302,9.89808406301934e-07,1.43788007746786e-06,0.0156928410793049,0.947710427635285,0.0264977831169773,3.16636419221687e-07
"TCGA.J8.A4HY.01A",0.0208997317488916,6.84934911744609e-06,0.0261080266553112,2.53978916858956e-05,0.948783771321048,0.00417529607057783,9.26963367973795e-07
"TCGA.L6.A4ET.01A",2.39348241773222e-06,8.27200050924103e-05,8.95697946222503e-07,4.87753180690142e-06,0.999904431782358,4.68039519155733e-06,1.10518720946413e-09
"TCGA.DE.A4MC.01A",0.020799152729046,1.06130422703997e-06,0.00842941957862919,6.82146213626966e-07,0.969925659764324,0.000843674930841213,3.49546719206074e-07
"TCGA.ET.A25K.01A",5.17906881162929e-06,8.03224812633456e-05,3.24099176732762e-09,0.330307490587196,0.669593276887315,1.37102275327235e-05,1.75068897787644e-08
"TCGA.DJ.A3UU.01A",0.000987409770179629,0.00226249205763458,3.05381282786367e-06,7.05182232074385e-06,0.994877812504339,0.0018603946067969,1.78542590113963e-06
"TCGA.EM.A1YA.01A",4.51806145874497e-09,9.87523505962986e-06,3.54982155146369e-06,1.08603761059044e-07,0.999986372753028,8.85326840254664e-08,5.35854713008253e-10
"TCGA.CE.A483.01A",0.020799152729046,1.06130422703997e-06,0.00842941957862919,6.82146213626966e-07,0.969925659764324,0.000843674930841213,3.49546719206074e-07
"TCGA.DJ.A3VD.01A",1.08072875586723e-07,0.00126106794913804,2.48396190239541e-06,6.78506457074045e-07,0.998384465706209,0.000343436366080957,7.75943733646658e-06
"TCGA.BJ.A28S.01A",0.020799152729046,1.06130422703997e-06,0.00842941957862919,6.82146213626966e-07,0.969925659764324,0.000843674930841213,3.49546719206074e-07
"TCGA.FY.A3R9.01A",1.71098213188351e-06,1.06639336854326e-06,1.63310754191776e-06,0.00282119723162276,0.996571671271726,0.000602720318628201,6.94981094018844e-10
"TCGA.FY.A3R8.01A",2.24440812864831e-08,5.45317376330556e-08,1.6037554695149e-06,2.48077580807109e-08,0.999969127259176,2.91355425220255e-05,3.16592557499807e-08
"TCGA.DJ.A3V2.01A",2.0581674312869e-08,1.85313010171055e-06,4.47519748829492e-09,4.14703820742648e-08,0.999992188830112,5.43396951747121e-06,4.57543014829162e-07
"TCGA.ET.A25L.01A",2.359008729425e-07,1.59422371174111e-05,1.59684177912773e-05,1.24269962945119e-05,0.999939039808263,1.18696868889539e-05,4.51695277171026e-06
"TCGA.EL.A3D1.01A",8.20972311895896e-07,1.49903754831587e-08,5.19760025360083e-07,0.129490582337178,0.870507626650715,2.84135166905056e-07,1.51154226957892e-07
"TCGA.FY.A3I4.01A",2.84417180180938e-07,0.0061361005883074,4.98706045984455e-08,0.626388785423843,0.367473817957197,9.22629563722691e-07,3.91133033892048e-08
"TCGA.DJ.A3UV.01A",0.000343202567942491,0.000345041575078857,3.17529697982105e-06,0.548159941828334,0.451144632051678,3.01251158459892e-06,9.94168402074756e-07
"TCGA.BJ.A28T.01A",1.80443880430535e-07,0.0663308786551298,3.62335686097066e-08,0.434179029986654,0.49758972333382,0.00189959493449462,5.56412452886393e-07
"TCGA.EM.A3FQ.01A",0.000190187624317419,5.6667779959087e-05,7.22333189371138e-07,0.3428575975732,0.65455002042154,0.00234464920877449,1.55059020453019e-07
"TCGA.J8.A4HW.01A",2.49427262066388e-06,3.54857145483145e-07,3.66169911461796e-07,2.24865203865862e-05,0.999973741289485,1.09159882710292e-08,5.45974462499491e-07
"TCGA.MK.A4N6.01A",4.83537994081846e-06,2.72845677649398e-06,2.75891129865974e-06,2.22218281304841e-05,0.999961643226701,3.79130357650534e-06,2.0208935758331e-06
"TCGA.DJ.A3V8.01A",0.00125311713005346,0.00348991958179067,2.39664972068787e-05,0.00673578844521846,0.988383455554316,0.000108871942769908,4.88084864455539e-06
"TCGA.DJ.A1QI.01A",0.000890173614526839,1.71885851310304e-06,0.000986562733393113,0.00275137922829237,0.993570301000542,0.00179906271404953,8.01850682819559e-07
"TCGA.EL.A3H8.01A",2.91459237230289e-06,1.0498214669324e-08,1.44039279246507e-07,7.22317258372142e-06,0.999984983437385,1.21812771320737e-06,3.50613245155211e-06
"TCGA.EM.A3O3.01A",2.81782411873066e-08,0.0150771993015343,2.10093251455647e-09,0.27002915532524,0.306452173547765,0.00104968046489256,0.407391761081394
"TCGA.IM.A3U3.01A",0.00226367166648685,1.31957326006776e-05,0.0187041301586894,5.80915925558943e-05,0.97857099627829,0.000386297907370836,3.61666400643576e-06
"TCGA.BJ.A191.01A",4.81211177968615e-06,0.0376983272157645,3.26020467230101e-07,0.0565240313885234,0.0504142111321874,4.20585800171469e-08,0.855358250072698
"TCGA.E8.A3X7.01A",1.1852256370613e-08,1.90925991857343e-08,5.95416874966752e-06,0.149095629631305,0.8467768123097,0.00412133521359052,2.37731798661628e-07
"TCGA.FY.A3YR.01A",6.80538837661613e-06,3.77490542896788e-06,3.47783880748702e-08,1.59522435366207e-08,0.999989066877011,2.92581687629245e-07,9.5168639659908e-09
"TCGA.KS.A41I.01A",5.54460511676213e-08,1.06438844289633e-07,2.14062821996165e-08,0.125812615324675,0.874181301964144,5.851372378781e-06,4.80476250584475e-08
"TCGA.EL.A3CS.01A",1.849547940746e-09,5.12023087288596e-07,3.53319090922355e-07,0.000246263026014786,0.999751663756871,1.19529254946232e-06,1.07328387722898e-08
"TCGA.EL.A3GU.01A",1.30719718307744e-08,4.77555697467511e-08,8.67781543371311e-08,1.72230886563934e-05,0.999982331215699,2.6222424697113e-07,3.58657019421023e-08
"TCGA.EM.A1CU.01A",1.56434229569707e-06,7.42185983295409e-08,8.43359165829397e-08,0.0411222942455762,0.958875913428095,4.71104204106095e-09,6.47184757620922e-08
"TCGA.H2.A26U.01A",1.38334336980325e-05,1.63341053471192e-07,1.25298839965719e-05,4.20500948795486e-09,0.999973354757535,1.12350726392321e-07,2.02798088876424e-09
"TCGA.DJ.A2PT.01A",8.06098588726879e-06,3.13513420526833e-08,3.79259950672977e-06,1.21772523309949e-05,0.999975589022175,3.48222863972913e-07,5.65893525948777e-10
"TCGA.DJ.A3V6.01A",5.76545009891256e-06,1.00105608519261e-07,1.33038200903945e-07,4.49271432942284e-07,0.99999165012704,1.85883974207099e-06,4.31678764759193e-08
"TCGA.DJ.A2Q7.01A",0.0018908486644957,2.3347269316601e-06,0.00196402508257411,1.90148496196718e-06,0.995509694647245,0.000630656411179065,5.38982612164863e-07
"TCGA.ET.A3BV.01A",0.13216505186385,4.31019025817511e-06,1.57202945797447e-05,0.664336559815046,0.198922476372489,0.00455402579169616,1.85567207964694e-06
"TCGA.EL.A3ZL.01A",2.55267417702109e-05,0.0408630956900037,4.49837522491004e-07,0.422554405957384,0.536554901456542,1.45355566918193e-06,1.66761108624816e-07
"TCGA.CE.A13K.01A",1.67322938346718e-06,4.65077949799092e-05,7.06848057163628e-08,0.454733741015555,0.545216016500784,1.98216756707274e-06,8.60692480360008e-09
"TCGA.DJ.A3UQ.01A",7.51080422204843e-09,7.22435690987312e-06,0.000137450326103785,4.96827264777692e-05,0.999538518358473,0.000267115146862676,1.57436894742755e-09
"TCGA.BJ.A45H.01A",9.19207528976529e-05,2.1054543152158e-07,9.64910645485798e-07,4.60057325841891e-05,0.999860835114353,5.04396550585789e-08,1.25044334259672e-08
"TCGA.L6.A4EU.01A",2.87437476731134e-05,2.88778394628732e-05,2.89205068905039e-05,6.33444694360862e-05,0.999816943551297,2.89012445469297e-05,4.26864069392111e-06
"TCGA.DJ.A3VM.01A",8.51759521955922e-09,0.0108086960339366,0.000378388579729872,5.8009574979537e-08,0.986626257915258,0.00218650683518119,8.41087236635049e-08
"TCGA.H2.A3RH.01A",2.1643788174539e-08,0.0174387514412363,3.92065913127785e-07,0.426622514865895,0.485336723473947,4.61323177975264e-07,0.0706011351860423
"TCGA.EL.A3ZR.01A",1.20032676695435e-07,0.000259270147680891,6.04401943798951e-08,9.68357762047744e-05,0.999604730987685,2.94507093870702e-05,9.5319061708283e-06
"TCGA.BJ.A291.01A",1.469822797339e-07,0.0178893810781494,9.84644711861411e-09,0.312303443910889,0.330034639672648,7.20377515558858e-08,0.339772306471835
"TCGA.MK.A4N9.01A",1.9219396308614e-10,1.71151543215246e-07,1.00758481648211e-05,1.03645102592497e-07,0.999969100489133,1.70272851631011e-05,3.52138869952131e-06
"TCGA.EL.A3MZ.01A",1.79663221262665e-05,3.85024017709921e-05,1.69952954226059e-09,9.82705899732841e-08,0.999943407841521,2.02405045569411e-08,3.22395793877759e-09
"TCGA.EM.A2CP.01A",0.00015773204418718,1.18865738185251e-07,2.7260144846698e-07,0.000236716593031739,0.999542150351156,6.29494628658597e-05,6.00815726853379e-08
"TCGA.DJ.A2PZ.01A",1.05115248297395e-08,1.94639265614153e-08,9.50476126456423e-08,4.75662557514453e-09,0.999999715137706,2.21089364572447e-09,1.52871710325101e-07
"TCGA.EL.A3ZG.01A",2.12684584268623e-05,4.7510752351807e-06,0.0167376080467917,1.76506601262185e-05,0.978991701524926,0.00422506697541061,1.95325908346797e-06
"TCGA.FE.A3PC.01A",4.90822569889883e-05,0.00341994706035849,0.000175396542190647,0.446048070203567,0.550307492131366,9.31753556309041e-09,2.48799381383011e-09
"TCGA.BJ.A0YZ.01A",1.27929703120149e-07,0.0157573885318527,5.74578802136489e-10,0.230180791496046,0.111086532958442,0.00131450392400782,0.641660654585369
"TCGA.DJ.A13M.01A",1.3529961342991e-08,0.000459739156518225,0.000737056548869145,0.000277200333834511,0.998525864648783,1.16230964221796e-07,9.55106975232345e-09
"TCGA.EM.A3OA.01A",8.38368944675577e-06,5.09710822116238e-08,6.67482338722912e-08,3.86232629124612e-08,0.99998800668917,3.44105871429434e-06,1.22200903138225e-08
"TCGA.J8.A3YE.01A",0.000622924181895829,7.60468710152925e-06,2.92115101311115e-07,1.70096931320732e-07,0.998988809712453,0.000380114866267006,8.43402500983749e-08
"TCGA.BJ.A0Z9.01A",5.76558402648308e-08,4.44566113143716e-08,2.1764210768442e-07,0.350621127404001,0.649378477051465,7.27589239905273e-08,3.03105070949919e-09
"TCGA.EL.A3CW.01A",1.69849530202938e-05,2.3371132284748e-07,3.99252487339505e-05,0.327933338453679,0.672008633218475,7.34065831051613e-07,1.50348938285522e-07
"TCGA.FY.A3R6.01A",4.03291750926312e-09,1.38714345174627e-05,2.66588454980263e-06,0.0033592782850453,0.996624143504197,7.51668737412211e-09,2.93420855981564e-08
"TCGA.H2.A2K9.01A",5.38058375418565e-05,1.2658339677744e-07,9.68201069454485e-08,7.227168177904e-05,0.999871825843898,1.81102232338383e-06,6.22109540785117e-08
"TCGA.DJ.A2PO.01A",1.69524692559888e-06,1.1824857179765e-07,3.82872772668766e-07,2.71544699234793e-07,0.999996380799358,1.83812711332104e-09,1.14944954520453e-06
"TCGA.FY.A40N.01A",4.6737349038681e-09,2.02405908741732e-08,7.14159242368678e-05,9.60143953887647e-05,0.999750263764619,8.22780601343018e-05,2.94129577500186e-09
"TCGA.EM.A1YD.01A",2.02774277402839e-07,0.0198074323135292,1.49677302553675e-07,0.324333508201958,0.129090103810756,4.68457029435878e-07,0.526768134765148
"TCGA.DE.A69J.01A",0.020799152729046,1.06130422703997e-06,0.00842941957862919,6.82146213626966e-07,0.969925659764324,0.000843674930841213,3.49546719206074e-07
"TCGA.EL.A3MX.01A",4.27236989620447e-08,2.66032512013081e-05,1.90376745911294e-08,0.317555283704834,0.30982107512349,1.83126469717899e-07,0.372596793032632
"TCGA.J8.A3YG.01A",3.30263800871562e-09,1.12653614909687e-07,8.93405047479295e-07,0.0213077489457651,0.97869112983952,6.43413928204978e-09,1.05419274999024e-07
"TCGA.BJ.A0ZC.01A",9.9238289718162e-08,0.016907638489414,1.80099472091069e-07,0.45752213707521,0.525330869107967,9.31070939367999e-09,0.000239066678937156
"TCGA.FY.A40K.01A",2.95475743541198e-09,1.18735367913033e-08,6.68102679033841e-08,1.51508267220494e-06,0.999998260974809,1.08129461599448e-08,1.31491010605232e-07
"TCGA.EL.A4K6.01A",1.77590519672381e-08,0.00296816603070971,3.06119926924595e-08,0.40011245533879,0.488116243948848,1.0403470861036e-06,0.108802045963522
"TCGA.EL.A3H3.01A",2.40797269969569e-08,0.0229045140098393,5.23715288005812e-09,0.0825574597738219,0.112672893079798,0.00274687648008971,0.779118227339571
"TCGA.BJ.A290.01A",2.50904968654702e-05,2.54475745907174e-08,5.16834311786399e-09,4.85109211009377e-06,0.999969692322656,4.46331537740439e-09,3.31009135014326e-07
"TCGA.BJ.A28Z.01A",6.87241783421616e-06,8.58456425816671e-07,1.47005746535664e-05,2.35716282911619e-07,0.999976550285197,7.35939203708608e-07,4.66104026802581e-08
"TCGA.CE.A484.01A",1.83449453758166e-07,2.53545733317756e-05,2.40025914922618e-08,1.41616549721397e-05,0.999940481165872,1.93173501035968e-05,4.77803674889866e-07
"TCGA.EM.A3FL.01A",3.2415730845445e-08,6.45052794834338e-08,1.77274501991212e-06,0.154391682755985,0.845603310604079,5.66853148150171e-07,2.57012075794067e-06
"TCGA.EL.A3GO.01A",1.01324879532467e-06,3.68816263973286e-07,7.46650564226425e-09,0.27336041542604,0.726636025271399,2.85335902319828e-07,1.8844350936444e-06
"TCGA.ET.A39T.01A",0.000217343762079456,0.000531990863746896,5.95312522976632e-07,0.00445177727613492,0.994218428581958,0.000579672455427049,1.91748130204897e-07
"TCGA.EM.A2CK.01A",4.37400199572613e-08,2.34643900626667e-08,1.34442718330142e-08,2.6488416320219e-07,0.999999534949648,8.93632885298e-09,1.10581178542866e-07
"TCGA.DJ.A4UQ.01A",3.15435815781496e-10,5.14026687621277e-07,2.3309248048365e-06,8.00185790309552e-08,0.999995959900641,6.66344158639164e-08,1.04817943566757e-06
"TCGA.DJ.A3UO.01A",3.88398086501941e-06,2.3311959484097e-08,0.000402145577100111,1.46756784407991e-08,0.999452141157905,0.000141789937851471,1.3586406433545e-09
"TCGA.DJ.A1QM.01A",5.62945151515494e-06,2.59198652900948e-07,4.72112679643275e-08,2.84610191051935e-07,0.999993308958164,4.22371042956285e-07,4.81991660284253e-08
"TCGA.ET.A3BS.01A",9.99793192857998e-09,7.23442507610138e-06,8.41568678452419e-07,9.17885476840726e-06,0.999982679494633,5.32493780460543e-08,2.40953404938772e-09
"TCGA.EM.A3AO.01A",2.51032887402723e-07,0.025003744477341,1.06329583451486e-08,0.196659536303569,0.19693703162434,0.00277225706984914,0.578627168859055
"TCGA.DJ.A3UN.01A",2.12800789629542e-05,1.46608944408588e-06,7.46456623719331e-06,0.000335848171472807,0.999615227664546,1.80845337243869e-05,6.2889561240048e-07
"TCGA.DJ.A13W.01A",1.24626334107351e-06,0.00547651872723249,9.08247149854985e-08,0.0444843594362284,0.0340737810193063,3.67840047646217e-06,0.9159603253287
"TCGA.DJ.A3VE.01A",0.00317456865732716,5.89115544427962e-09,0.000805955633095443,0.0894038272975323,0.906615236092257,4.04404265737403e-07,2.02436729572434e-09
"TCGA.DJ.A3VI.01A",6.17082828432612e-06,6.19174318735099e-06,5.17581549989721e-06,0.282386206458064,0.71409606539504,0.0034980125714226,2.1771885023131e-06
"TCGA.EM.A2CO.01A",5.27579341554759e-10,8.50580837660508e-05,1.99766878359407e-06,4.7308501836505e-06,0.999905643192355,3.8270323118298e-07,2.18697410080984e-06
"TCGA.ET.A39L.01A",1.75501834970624e-05,1.32993413808311e-07,1.07822951003526e-09,4.50212314651583e-08,0.999964632891241,1.76365323657629e-05,1.3000215926495e-09
"TCGA.EM.A3FO.01A",7.89658314112603e-08,0.00988059912184427,1.67467979735841e-09,0.234040836465035,0.277447446593626,2.0441707622295e-08,0.478631016737276
"TCGA.E8.A418.01A",0.00137391658927063,5.66093955224874e-06,0.0245233131448153,0.0005156522799978,0.973556495596907,2.1847861384476e-05,3.11358807272362e-06
"TCGA.DE.A4M9.01A",3.20387854817393e-08,0.00372287374166009,6.24366464320727e-05,0.211302987492211,0.137732029855752,1.79464143793191e-08,0.647179622278744
"TCGA.BJ.A28W.01A",0.328489095715338,0.104507950381647,0.0158367887316066,0.0750281174996235,0.233880520944467,0.196240215960342,0.0460173107669755
"TCGA.DJ.A2Q6.01A",2.53711213960588e-06,9.87225366177516e-08,3.29410194122992e-05,8.49242044763358e-06,0.998652763587705,0.00130313095135218,3.61864070366194e-08
"TCGA.EL.A3N2.01A",9.42701100408326e-09,1.33132993444302e-05,1.32779484035863e-06,0.099507084020165,0.889126108550912,0.0113521510657799,5.84194754502439e-09
"TCGA.FK.A3SG.01A",4.53404992681109e-06,3.90812507140612e-07,3.6806712487838e-06,9.48806525712954e-09,0.999991260000329,1.2098810338025e-07,3.98982009268328e-09
"TCGA.DJ.A3UM.01A",0.00387440461638403,1.07525037058264e-05,0.00905632813419184,1.17433748860565e-05,0.986326484900537,0.000714204486410524,6.08198388483683e-06
"TCGA.BJ.A45E.01A",8.11611403717416e-08,0.0649868729722999,0.0124339287346567,0.0744221853440668,0.299742630378388,0.173490203920371,0.374924097489078
"TCGA.E8.A415.01A",8.71615455332064e-09,4.92186624139895e-05,7.71562189695363e-07,3.24163854974155e-07,0.999936651231658,1.29771313493674e-05,4.85323794441189e-08
"TCGA.DJ.A4UP.01A",1.03119290453684e-07,0.0626624096392326,1.11456006467664e-08,0.41385496047133,0.375137837702014,1.74204563531459e-06,0.148342935876896
"TCGA.ET.A39J.01A",0.000226479783832916,0.00051007983446632,0.00155198996571579,5.55627063282492e-08,0.997711343945921,5.00456664355863e-08,8.61690998556567e-10
"TCGA.KS.A41J.01A",7.46965386488881e-08,8.20217124883687e-10,0.000318646219891526,0.000199719230905176,0.999474694271414,5.98479941370725e-06,8.79961619838139e-07
"TCGA.BJ.A4O9.01A",0.000217343762079456,0.000531990863746896,5.95312522976632e-07,0.00445177727613492,0.994218428581958,0.000579672455427049,1.91748130204897e-07
"TCGA.EM.A2CM.01A",8.58551849923681e-09,4.93279361878101e-09,9.53073967179293e-07,1.54953561532118e-07,0.999998750237577,1.01887120251157e-07,2.63294615443055e-08
"TCGA.EM.A2OW.01A",4.28568494691554e-09,6.38512834551757e-08,1.01065806526266e-06,2.26126601131057e-08,0.999998284388679,1.43585018082475e-07,4.70618609234366e-07
"TCGA.FE.A3PA.01A",6.32971223930279e-08,0.0072211767908197,3.90579403932334e-09,0.276270472944545,0.273629939411079,5.15550364277969e-05,0.442826788614212
"TCGA.QD.A8IV.01A",3.12912869293997e-09,9.12645587409295e-06,8.82604610085747e-05,6.99251279842129e-08,0.999884390902434,1.81488722197648e-05,2.54206888091531e-10
"TCGA.IM.A3U2.01A",2.64706672013257e-08,4.00032749511796e-05,4.13115278171941e-09,2.42510226067837e-08,0.99995910586573,8.18919932964672e-07,1.70865432651341e-08
"TCGA.EL.A3H5.01A",1.7603058028386e-07,0.0134446520444401,7.12097042295586e-08,0.777299676162852,0.186604320537463,5.92947790033179e-05,0.022591809235957
"TCGA.DJ.A13R.01A",5.92865544122433e-09,0.0368056766157983,2.89813936388544e-08,0.0457093213433366,0.122068905875219,0.0349501929517388,0.760465868303858
"TCGA.ET.A2MY.01A",1.80723386119106e-06,3.48972256256948e-06,1.6228775434025e-07,4.52495161587706e-09,0.999993110814714,9.19949241655015e-09,1.41621666360255e-06
"TCGA.IM.A3EB.01A",5.24524177273932e-07,1.55418629271758e-07,6.34554734746289e-09,6.87773986448583e-08,0.999998694551656,1.47488478625789e-08,5.35633743406337e-07
"TCGA.DJ.A1QF.01A",2.44501106265395e-06,2.98222561398307e-05,1.24074584358963e-08,5.6992620698821e-08,0.999967631534041,2.54231936826841e-08,6.37548391674981e-09
"TCGA.EL.A3T1.01A",2.2501771301344e-06,1.98271737165153e-07,9.39459333643084e-07,1.83493906632257e-08,0.999996559532388,3.35489562586505e-08,6.61064290142213e-10
"TCGA.FE.A237.01A",1.79663221262665e-05,3.85024017709921e-05,1.69952954226059e-09,9.82705899732841e-08,0.999943407841521,2.02405045569411e-08,3.22395793877759e-09
"TCGA.EM.A3FJ.01A",1.11758346909918e-05,1.35607276175186e-06,3.78247885367969e-06,1.44798080952467e-05,0.999910534065023,5.78182361731172e-05,8.53504402259607e-07
"TCGA.EL.A3D4.01A",3.0166232179082e-08,1.05061526764584e-06,2.69537547609706e-08,0.0103159707612834,0.989681569734114,1.3370600519523e-06,1.47092961160421e-08
"TCGA.FE.A234.01A",0.000125473654664604,8.06942923514118e-07,0.000689138616707582,0.000128153177450815,0.999045395920438,1.08872225893131e-05,1.44465226633895e-07
"TCGA.FY.A40M.01A",7.14806145674301e-08,0.0425642636808283,2.24807876449878e-05,0.0916799638462458,0.0510511512631756,7.25612377088873e-09,0.814682061685367
"TCGA.EM.A2OX.01A",3.24751718029733e-07,1.29054118782401e-07,2.5965752319509e-07,0.330041963212065,0.669957213396163,1.09577588042368e-07,3.50823827582585e-10
"TCGA.EM.A4FR.01A",1.47004163216218e-08,0.00429508858961802,4.2843599101235e-10,0.160639620107984,0.1747669551617,1.01901240069189e-06,0.660297301999444
"TCGA.EM.A22I.01A",5.44411545579631e-07,7.36928688173797e-07,1.82832875543849e-08,4.21148695784635e-08,0.999998630105535,1.0803498534596e-08,1.73525758077214e-08
"TCGA.FY.A3ON.01A",3.14641207312489e-07,0.0275852257135388,2.98079595527946e-05,0.487299249414857,0.458267802683688,1.78623772424147e-07,0.0268174209633836
"TCGA.EM.A1YC.01A",7.96779019428366e-09,4.27444841055382e-07,5.14008600624947e-07,1.97795047019096e-07,0.999998833599521,1.52979662027648e-08,3.88623362762613e-09
"TCGA.EL.A3TA.01A",6.7352858569842e-09,0.00945335609905646,3.15244337149146e-08,0.496725043011074,0.49380916446564,2.50229653859915e-07,1.21479348559583e-05
"TCGA.CE.A27D.01A",1.83653235922984e-07,0.0687795804228849,5.1443133488123e-06,0.466226261039574,0.400588083591987,0.0643987810858499,1.96589311850507e-06
"TCGA.ET.A3BT.01A",0.00226367166648685,1.31957326006776e-05,0.0187041301586894,5.80915925558943e-05,0.97857099627829,0.000386297907370836,3.61666400643576e-06
"TCGA.DJ.A13U.01A",1.55305459708119e-05,3.5259258164283e-08,3.35379553088925e-05,8.77983436656463e-07,0.999949965667385,2.92718050285819e-08,2.3316835129225e-08
"TCGA.EM.A3O8.01A",6.56736993949282e-06,6.19050254977118e-07,2.88129824207796e-08,6.27609005914865e-09,0.999989326907333,3.44844126154603e-06,3.14213906865966e-09
"TCGA.H2.A422.01A",5.7106704956679e-07,9.44372594316295e-06,1.97362227897953e-06,2.10678801234634e-09,0.999974432076967,7.15269978679989e-06,6.42470118688756e-06
"TCGA.EL.A3CL.01A",1.47832694859025e-05,2.47406690986845e-07,4.14437573837406e-08,6.83135555235501e-07,0.999980509790055,3.73092537188362e-06,4.02908377273001e-09
"TCGA.DJ.A13V.01A",0.00344283002549481,5.32756472237573e-08,0.0336730271985062,7.67759476716943e-07,0.962525000816111,0.000358310512422876,1.04123409588303e-08
"TCGA.EM.A22Q.01A",1.44764926088018e-08,8.9001883672306e-09,2.73289099753214e-05,0.09364674882176,0.905925365819593,0.000398007220288217,2.52585170241982e-06
"TCGA.EM.A22J.01A",1.84570199869054e-06,0.00299038044367337,5.86958598465356e-08,3.72176684386776e-08,0.942787106161322,0.0542205684416611,3.33781638870847e-09
"TCGA.BJ.A0Z2.01A",3.84013947196635e-07,1.01408266917808e-05,1.6367460769122e-06,1.17478234754457e-05,0.999975434257181,1.72604012371708e-08,6.3907222615734e-07
"TCGA.E3.A3E3.01A",3.12353818287695e-08,4.48845446323885e-06,1.64293809042895e-06,0.00905393964011164,0.990012701756358,0.000924683047815491,2.51292777943216e-06
"TCGA.IM.A41Y.01A",1.04900502538879e-07,0.00892557249546856,3.94188650971128e-08,1.06854585177041e-05,0.99021819234248,0.000845353956206756,5.14279595409691e-08
"TCGA.EM.A3AN.01A",5.57461985946176e-09,1.52962426912494e-05,3.2906649984186e-06,0.000269002043821221,0.999706773625977,1.35947508884963e-06,4.27237280379078e-06
"TCGA.EL.A3ZP.01A",1.60651634425246e-08,0.00227516358606423,3.15174258785258e-06,0.394768876640395,0.602952755964177,3.32260625682507e-08,2.77555033455413e-09
"TCGA.BJ.A3F0.01A",4.29869548516681e-08,1.1057276589255e-07,3.99466028154281e-08,2.58902492643849e-07,0.999998833732783,8.40511406742979e-08,6.29807260021827e-07
"TCGA.L6.A4EQ.01A",0.000114623451529374,9.37739053219127e-08,1.00494055358097e-06,0.00068722549370661,0.997437603214841,0.00175926222580453,1.86899659425938e-07
"TCGA.FE.A3PB.01A",0.0144630135090229,0.00186101524203579,2.59339624584738e-06,0.04825091526377,0.935420419085662,1.27560359561724e-06,7.67899667626427e-07
"TCGA.BJ.A0ZB.01A",6.86200602773013e-05,0.000120654984982922,6.13370702929219e-06,3.21516217579097e-06,0.999713229059388,8.64181129366083e-05,1.72891320965689e-06
"TCGA.BJ.A0ZJ.01A",7.51740437050286e-09,5.65585921276102e-10,4.77966656851194e-06,7.73410099599333e-09,0.999994851364831,2.71513453080377e-09,3.5043637507494e-07
"TCGA.EM.A4G1.01A",4.99674937211728e-08,2.60423560645777e-08,2.4054832725224e-07,7.84678761911479e-07,0.999998792374351,4.4502973916404e-08,6.18857366600858e-08
"TCGA.DJ.A3V7.01A",6.23731943441339e-06,1.53383703605963e-07,1.82085778913049e-07,0.00525354014231307,0.99473968480551,1.69840008037722e-07,3.24232514527374e-08
"TCGA.KS.A4I3.01A",4.03059232346189e-08,9.3301037052786e-06,1.62226518131377e-08,1.93078250016735e-07,0.999975096397142,1.53179147903564e-05,5.97753693994684e-09
"TCGA.EL.A3GR.01A",4.73620771542049e-05,4.31474442262672e-07,3.66512967286423e-05,0.36334381573049,0.636557094385233,1.4370741273582e-05,2.7429467840168e-07
"TCGA.EM.A3AQ.01A",3.07350965488041e-05,0.0149371901047572,2.25975415249182e-07,0.474055818080772,0.437225097512542,1.71085252466853e-07,0.0737507621447121
"TCGA.BJ.A45C.01A",9.1948774234422e-08,0.00712280241664665,3.89123387292762e-06,0.499713230900098,0.493158843439793,3.5156449636368e-07,7.88496319294017e-07
"TCGA.DJ.A2PN.01A",1.0864261382929e-08,1.52776339978033e-09,0.00372942940305263,6.9244674781337e-05,0.995970684022873,0.000230618786442984,1.07208254342032e-08
"TCGA.ET.A2MX.01A",3.26070322960468e-08,9.4054928833947e-06,2.58963693816407e-08,0.386360002807518,0.613564081936812,6.63107923361797e-05,1.40467048702585e-07
"TCGA.DJ.A4V2.01A",3.44063966502931e-08,4.02755542094443e-07,1.39754831971795e-07,6.03974705793107e-06,0.999992634590726,7.41450134413851e-07,7.29531110782705e-09
"TCGA.ET.A39P.01A",4.50915983947399e-09,9.48043429603536e-06,4.13977110886181e-07,8.30521480467456e-06,0.999958668252083,7.04424351576635e-06,1.60833690300972e-05
"TCGA.DJ.A2Q3.01A",1.60818617846892e-07,3.71846243161646e-08,4.42037243235394e-08,4.78029711342009e-07,0.999999063383295,7.40315397531404e-09,2.08976873204741e-07
"TCGA.DJ.A2QC.01A",2.9498743483215e-05,3.94723093173308e-10,1.81380102640835e-05,3.33666688471495e-08,0.999952232997984,9.63949716528563e-08,9.19055208279796e-11
"TCGA.KS.A4IB.01A",1.38087114456122e-07,2.711864836949e-05,4.66694128987016e-06,1.01275901395834e-05,0.99989714825349,6.07651236360714e-05,3.53559606834733e-08
"TCGA.EM.A3AK.01A",4.94087013869514e-08,5.32291545241066e-08,6.44920371157157e-06,6.6481842615788e-06,0.999986564611509,2.16425148967696e-08,2.13720147093966e-07
"TCGA.EM.A3ST.01A",2.37439423820262e-08,0.0136851127204923,0.000355674101849158,0.141247953679992,0.149992153043618,5.72269141175897e-07,0.694718510440965
"TCGA.FK.A3SD.01A",3.42493956506697e-07,0.00801935788279091,6.58546554801737e-05,0.252093607598239,0.230816509495306,1.36018556385954e-08,0.509004314272372
"TCGA.DJ.A2PQ.01A",9.77062635431437e-05,6.04813663128802e-09,7.31946937865612e-09,4.54226428475084e-07,0.999858248792574,4.34293392709692e-05,1.48010577635674e-07
"TCGA.DJ.A13P.01A",3.37807578767533e-05,0.000172709980031268,1.45232239457224e-07,1.24268055393554e-05,0.999780904817759,3.22357274137096e-08,1.70826477162272e-10
"TCGA.EM.A2CL.01A",5.72279503723023e-07,0.0124772856996113,4.69569237734418e-08,0.280555346871133,0.269381461464612,1.43963609414453e-07,0.437585142764607
"TCGA.EL.A3MW.01A",1.0185985365905e-07,9.82903598282495e-08,5.97820319820866e-08,6.46727703954853e-08,0.999998738067754,9.34174245844499e-07,3.15298397655171e-09
"TCGA.J8.A3NZ.01A",9.02689491774108e-05,2.17411334969618e-05,2.47444821609084e-05,2.6376044264658e-05,0.999769508135362,5.28423033194696e-05,1.45189522186909e-05
"TCGA.DE.A4MD.01A",0.000622924181895829,7.60468710152925e-06,2.92115101311115e-07,1.70096931320732e-07,0.998988809712453,0.000380114866267006,8.43402500983749e-08
"TCGA.DJ.A3UY.01A",1.10255800016172e-06,4.64647795624515e-08,8.6391123483573e-06,0.186084001605924,0.813904780310857,1.41642375189751e-06,1.35243390805745e-08
"TCGA.ET.A25O.01A",1.73330922448262e-07,4.58199361332708e-07,0.00035676128851773,0.000850330265954731,0.989110837414356,0.00968120125240495,2.38248483264201e-07
"TCGA.EL.A3ZM.01A",5.33609634676757e-09,8.93068741619689e-06,9.3269130576866e-07,0.175697018897223,0.824257869794739,2.73470355824376e-05,7.89555763772336e-06
"TCGA.EM.A1YE.01A",1.57395056066687e-09,0.00830565553380421,3.88109072871095e-07,0.18009594923096,0.16186239971412,4.30877097141827e-05,0.649692518128378
"TCGA.J8.A42S.01A",0.000316783799470555,1.21745441776183e-05,0.000984178299654674,0.00024217915813713,0.995872054973717,0.00256875402020799,3.87520463524791e-06
"TCGA.ET.A2MZ.01A",0.000465490099287386,0.00114568969705296,1.04152051361241e-06,7.67056924641363e-08,0.998378409183262,9.28142602710403e-06,1.13681647090884e-08
"TCGA.CE.A3ME.01A",1.51716887977103e-05,5.94511236314829e-07,3.89042279465521e-05,6.76221156027046e-10,0.99991234296319,1.45373843866222e-05,1.84485482221212e-05
"TCGA.EM.A3AR.01A",5.04202782400226e-06,0.000677025512583774,1.56413368302909e-08,0.664798235929218,0.334516235627273,1.97977078078519e-06,1.46549098348508e-06
"TCGA.FY.A3BL.01A",3.24405671443318e-07,3.1092532937925e-08,1.52752966824389e-07,0.000180179805264822,0.999810673946863,8.63794569415578e-06,5.10069872247107e-11
"TCGA.EM.A3FM.01A",1.7799263621e-06,1.79119889493733e-08,5.39017762372626e-05,7.73969776017344e-05,0.999866458781124,8.37928810392129e-08,3.60833804841675e-07
"TCGA.BJ.A4O8.01A",1.26413671801299e-09,4.46783241391653e-08,3.45220981925108e-05,9.89023878237344e-08,0.999963979966106,5.14177321712881e-08,1.30167312021474e-06
"TCGA.H2.A3RI.01A",3.12353818287695e-08,4.48845446323885e-06,1.64293809042895e-06,0.00905393964011164,0.990012701756358,0.000924683047815491,2.51292777943216e-06
"TCGA.ET.A3BQ.01B",1.52979180641596e-08,6.309311465e-09,1.10192849508842e-06,5.84993247497736e-08,0.999998649729878,1.61059752261358e-07,7.17532008486005e-09
"TCGA.CE.A482.01A",8.79491848436333e-10,3.74795709504408e-05,3.41407996118381e-06,0.112127576764743,0.887827166659386,4.26531707455764e-06,9.67283925402177e-08
"TCGA.DJ.A4UT.01A",0.000549188936016929,6.39117772809578e-09,0.000453377868647784,9.07451217119803e-05,0.99890652517028,2.71167781959569e-10,1.56240997400117e-07
"TCGA.BJ.A3PU.01A",3.38302569207941e-06,3.12266206311441e-07,1.87242947957379e-07,6.02116999473017e-07,0.99999540019766,8.56712936249966e-08,2.94792008048926e-08
"TCGA.ET.A25I.01A",5.36737228293935e-09,1.25778645581585e-07,1.26984823940864e-08,4.70559755708677e-05,0.999792473877032,0.000156128400316396,4.19790258071231e-06
"TCGA.BJ.A2NA.01A",2.44181662899312e-07,2.57960576362495e-05,1.09509571449657e-08,4.1382147424495e-08,0.99996430872306,9.59035999771656e-06,8.34453890798202e-09
"TCGA.DJ.A3V0.01A",2.24431154959594e-06,5.4162935781707e-08,4.44192071175636e-09,5.78576572892582e-08,0.999994728095085,1.54501362051548e-06,1.36611723103814e-06
"TCGA.DJ.A3VB.01A",6.29412949789233e-10,1.42477846412381e-05,6.11503862493896e-08,1.58958366376605e-06,0.999983905761091,1.94385069885914e-07,7.0573508989241e-10
"TCGA.DJ.A2PV.01A",1.17828053034225e-06,2.88402650785253e-06,2.70936922103993e-06,1.29655657173867e-05,0.999975856503122,3.0414580080797e-06,1.36479689312851e-06
"TCGA.BJ.A3PR.01A",1.28011964340395e-06,2.14426848372951e-07,0.00162987811866622,0.000120667202303322,0.99618787207697,0.00206003055737976,5.74981885189432e-08
"TCGA.EL.A3CR.01A",1.37225744958301e-07,5.67223791316704e-06,6.87142653755718e-06,0.297178746359593,0.702769307808301,2.20132453047386e-06,3.70636173802567e-05
"TCGA.ET.A25N.01A",3.88589093387102e-09,0.000442711179510437,1.26236075650167e-06,0.00164919130254798,0.997906824850489,4.68132735236151e-09,1.73947784462761e-09
"TCGA.EM.A1CT.01A",1.69671437197473e-08,0.000726357152023668,7.3894016498925e-05,0.000969757993184087,0.998186081370903,4.38444240442562e-05,4.80762019010839e-08
"TCGA.DE.A0Y3.01B",1.7246753870883e-06,3.78488099772646e-06,5.72690752313814e-08,7.27105721310045e-08,0.999993558448094,7.76059484815647e-07,2.59563894777659e-08
"TCGA.DJ.A2Q0.01A",0.020799152729046,1.06130422703997e-06,0.00842941957862919,6.82146213626966e-07,0.969925659764324,0.000843674930841213,3.49546719206074e-07
"TCGA.FE.A239.01A",1.02075838197969e-08,0.00671555616078982,1.34023980383355e-07,0.21953154404227,0.238230947792265,0.000714247075201508,0.53480756069791
"TCGA.EM.A2CQ.01A",1.71098213188351e-06,1.06639336854326e-06,1.63310754191776e-06,0.00282119723162276,0.996571671271726,0.000602720318628201,6.94981094018844e-10
"TCGA.EL.A3T6.01A",4.37153813667382e-06,1.33523170860665e-08,1.36555547885113e-09,0.00229073862978148,0.995507289994769,0.00219758155759559,3.56184486604802e-09
"TCGA.DE.A4M8.01A",6.80758030174263e-06,0.0709474513754112,0.000446043402477323,0.273350513632055,0.651044485242127,0.00420468374881593,1.50188114855952e-08
"TCGA.J8.A3YH.01A",5.68303818382529e-07,2.2553919261871e-06,2.03167415511265e-06,1.8162419507556e-06,0.999977235228418,1.5453956822251e-05,6.39202908834823e-07
"TCGA.FE.A235.01A",2.6249598577519e-08,1.22285654305755e-06,5.93481035306637e-08,0.135739980746086,0.86423487475864,2.36113128277912e-05,2.24728200362728e-07
"TCGA.FE.A233.01A",7.31652383695922e-05,2.48386331505237e-05,5.64007298092807e-06,8.09570267890618e-06,0.999582614960315,0.000303212885858746,2.43250664657375e-06
"TCGA.EM.A4FN.01A",0.000133462875158384,7.41111126478827e-06,5.63290756615478e-06,1.75369015046138e-05,0.999574931678366,0.00025801991602679,3.00461011299068e-06
"TCGA.ET.A39N.01A",6.87561331692629e-09,0.0138789561300458,1.03450038675772e-07,0.173101142430875,0.179527275584771,8.27816063446174e-07,0.633491687712592
"TCGA.ET.A4KN.01A",1.13478830466743e-05,0.00201712685641458,5.44984053411867e-06,6.67891643259356e-06,0.996786943896301,0.00116897292187732,3.47968539400207e-06
"TCGA.BJ.A3EZ.01A",1.22797663196179e-06,7.52697123281205e-07,4.77210732282985e-07,1.49268548280315e-05,0.999974533585879,8.07550107411846e-06,6.17373148543135e-09
"TCGA.DJ.A3UR.01A",9.14827203041018e-05,1.8606731553552e-08,3.99153164493798e-05,9.50416332425113e-07,0.999819004024657,4.86229102604269e-05,6.00526549670172e-09
"TCGA.FE.A236.01A",2.10883196947776e-06,1.38476336192765e-06,4.95212137248292e-08,1.01020157895669e-07,0.999995574923162,4.80899315042126e-09,7.76131141581994e-07
"TCGA.ET.A2N4.01A",0.020799152729046,1.06130422703997e-06,0.00842941957862919,6.82146213626966e-07,0.969925659764324,0.000843674930841213,3.49546719206074e-07
"TCGA.ET.A3BO.01A",6.14640001904216e-08,0.000469767140522202,9.33807699364250e-09,0.00117814746681281,0.998341959513401,9.04825259560188e-06,1.00682459117129e-06
"TCGA.FK.A4UB.01A",8.66102325230194e-05,0.00633172320879954,8.56170331027976e-07,0.328528266010509,0.310365487820374,3.85754647746511e-08,0.354687017981998
"TCGA.DJ.A13L.01A",2.05716773573772e-08,1.0336373300506e-07,1.20966203306106e-08,1.03798564580867e-05,0.999967055173617,2.15415828317175e-05,8.87355062459832e-07
"TCGA.EL.A3ZQ.01A",3.76305627262812e-06,1.50905076787692e-06,7.37586736736194e-07,4.01569985756687e-05,0.999953828090724,2.0713572196668e-09,3.14556599428494e-09
"TCGA.EL.A4K9.01A",1.58719505009681e-06,1.49953687008377e-07,8.71333351821096e-07,1.48755050842094e-08,0.999997027740281,7.1506622694618e-08,2.77395502566241e-07
"TCGA.ET.A25P.01A",1.12752258565063e-08,2.01433047653726e-05,1.34680854320044e-07,4.57921863252808e-07,0.999977200703691,2.04143787307021e-06,1.06757272928495e-08
"TCGA.EL.A3ZH.01A",0.000206662168826736,8.99766106433666e-07,0.000340972394568476,2.61222286139864e-06,0.999343810325122,0.000104704197276177,3.38925238562136e-07
"TCGA.EM.A4FU.01A",2.26105344430542e-06,6.62842544108104e-05,3.12880064427618e-09,6.32929331541907e-08,0.999929205835634,2.47110825228932e-07,1.93532395179858e-06
"TCGA.KS.A4IC.01A",1.282920783236e-08,3.22373576359946e-05,4.73459833513567e-09,1.71550503865484e-06,0.999961818010441,4.20599326720714e-06,5.56981116869708e-09
"TCGA.CE.A481.01A",9.09346718122688e-06,0.0229498304268958,5.80217609122874e-07,0.493300464985516,0.47887976202083,0.00486024335739361,2.55245737711601e-08
"TCGA.EL.A3CT.01A",0.000101721746604174,5.129143903639e-06,3.36195607796669e-05,5.38923256461066e-06,0.998920474282598,0.000933663110342154,2.92320776261721e-09
"TCGA.DJ.A2QA.01A",7.21769896609757e-07,2.80741942484629e-07,2.82849670476011e-07,3.20345889656598e-07,0.999997947735512,3.84491904009595e-11,4.46518639656168e-07
"TCGA.FY.A40L.01A",0.000243953540590398,8.274530434359e-06,7.48981064648432e-06,0.014996720055001,0.984578262450406,0.000161974562016758,3.32505090472306e-06
"TCGA.DO.A1K0.01A",1.17982368983433e-05,9.45022922657642e-08,1.65017433475824e-05,1.79387619207108e-07,0.999964923077331,6.44621869109216e-06,5.6833820012741e-08
"TCGA.EL.A3GW.01A",1.23893156508432e-05,0.00515700965149764,2.04470426953967e-07,0.257653312266276,0.273425249428049,5.06207478743725e-08,0.463751784247351
"TCGA.EM.A3SU.01A",1.27423444164875e-05,5.45885015185183e-06,5.4659206052324e-06,9.1204558059065e-06,0.999729041601504,0.000234265491501422,3.90533601496802e-06
"TCGA.MK.A84Z.01A",2.74913110912556e-07,1.02770168277131e-08,1.0953461719585e-09,4.44770793638574e-08,0.999998318076156,2.74403150433249e-07,1.0767581403931e-06
"TCGA.EL.A3H1.01A",0.000483043274616105,1.41862700018473e-06,0.000250755833821176,0.0631741188586059,0.936084021832866,6.62900067585573e-06,1.25724147075607e-08
"TCGA.EL.A3ZK.01A",3.41618027855341e-09,0.0038545862996913,5.5175590622848e-06,0.201494812040576,0.279650281062698,1.83309595580063e-08,0.514994781290832
"TCGA.EL.A3GP.01A",9.95727704028315e-09,3.25163206230952e-06,6.85734889523122e-09,0.702599384070116,0.297396067346047,1.27060104121091e-06,9.53610777274841e-09
"TCGA.ET.A40R.01A",0.000439526175264078,0.00349344337723198,3.02180057482727e-05,0.367474674797512,0.628489118963266,5.8494005723219e-05,1.45246752539848e-05
"TCGA.DJ.A3UX.01A",5.624682955851e-09,0.000203545397183748,1.94308921386168e-08,0.000288646215731275,0.999436364709395,7.14138021429029e-05,4.81997238443058e-09
"TCGA.DJ.A1QQ.01A",0.000164409534861925,0.0009158929525778,9.75479518958344e-05,0.00101565791942799,0.997349239121173,0.000457247576657054,4.9434066457524e-09
"TCGA.EL.A3GY.01A",3.94839907131702e-06,0.000211665211707383,5.78857071095399e-06,7.11693009436263e-07,0.999776278163765,2.59350906504874e-08,1.582026645107e-06
"TCGA.EL.A4K0.01A",1.06898220809343e-05,5.42116168238568e-06,1.72916334807727e-07,0.290373725575817,0.709538037966391,7.1952537837316e-05,1.98566098424809e-11
"TCGA.IM.A3ED.01A",2.74755782310228e-07,7.08969636180419e-06,4.07095112545954e-07,0.000116253333467166,0.999875692070813,3.38383089700992e-09,2.79664632302945e-07
"TCGA.EL.A3GZ.01A",5.30651494137378e-07,6.78268125386792e-07,4.21430202392259e-06,8.68560426326849e-05,0.99636218899993,0.00354551998628464,1.17495095077706e-08
"TCGA.DJ.A1QL.01A",2.46989563444583e-05,3.38426317737055e-08,3.44597289159969e-05,0.411648286802842,0.527740938439968,0.060533966731488,1.7615497809656e-05
"TCGA.DJ.A4V5.01A",2.31437435407399e-05,2.70137513810572e-08,1.12787322729639e-06,8.95942007578206e-07,0.999972569962823,2.22357606042679e-06,1.18885893318582e-08
"TCGA.EL.A3T3.01A",7.69005984711859e-08,9.15188613726112e-08,4.25414584084499e-06,0.0654353416952122,0.934559401315697,8.30073955135019e-07,4.34983515749049e-09
"TCGA.E3.A3E1.01A",3.62210118675779e-08,3.60024861787363e-06,3.35910548636941e-08,1.82991203076807e-08,0.999994670454495,1.63691740952476e-06,4.26829088392669e-09
"TCGA.EL.A3ZN.01A",4.19644161911629e-09,1.17209455239928e-06,1.60337158569555e-07,0.288441315765402,0.711549340744729,7.99038069206044e-06,1.64810242984668e-08
"TCGA.EL.A4KI.01A",2.59230266773237e-06,0.0169859506766037,6.14935272110699e-06,0.432224518961039,0.290787646674932,4.66567253250319e-06,0.259988476359504
"TCGA.DJ.A2Q4.01A",5.21121300069267e-09,3.38351270756959e-06,2.27432263650453e-07,8.1422488939654e-06,0.999988177676614,5.69905352806532e-08,6.92777241473554e-09
"TCGA.IM.A4EB.01A",1.45485681270415e-07,8.29588620567286e-06,1.60042071023929e-07,3.27589705874742e-08,0.999990525657301,8.1540564950365e-07,2.47641213223494e-08
"TCGA.ET.A39M.01A",1.61091375529563e-08,2.83400528490639e-07,2.63487950351439e-05,8.88018956677121e-05,0.999564907325596,0.000319635223836023,7.25019878676537e-09
"TCGA.EM.A2CU.01A",3.12013015809457e-08,0.00256858648044193,0.000684404838980742,0.337890537842672,0.658855798956754,6.40466824574605e-07,2.13025960472404e-10
"TCGA.E3.A3DZ.01A",4.19329514190964e-06,5.54456720989401e-09,1.72117224123069e-09,8.37476082924472e-06,0.999979923333873,7.49878558632119e-06,2.55882966661832e-09
"TCGA.ET.A3BW.01A",0.000273187565796017,0.00226626215592027,9.13093044808563e-08,1.31692122852089e-07,0.99736482972468,9.54633152570683e-05,3.42369194906671e-08
"TCGA.DE.A0Y2.01A",4.17781115196625e-08,0.0208181955667102,0.0067440969223205,1.97053225536844e-06,0.966146745251885,0.00628894634397257,3.60474504407887e-09
"TCGA.DJ.A3VF.01A",0.00624297101050125,1.12354688328014e-05,0.00247272850841599,0.00740605189589318,0.983851249856829,1.15016075844445e-05,4.26165194364319e-06
