,Plasma B cells,Non-plasma B cells,CD4 T,CD8 T effector,CD8 T (GZMK high),Double-neg-like T,DC,Endothelial Cells,CAFs,Myofibroblasts,Macrophages,Mast Cells,NK,Neutrophils,Monocytes,1-others,Cancer Cells
TCGA-EL-A3D0-01A,0.000,0.000,0.004,0.000,0.000,0.000,0.001,0.084,0.001,0.045,0.011,0.000,0.001,0.000,0.000,0.853,0.853
TCGA-J8-A4HY-01A,0.005,0.001,0.004,0.006,0.000,0.000,0.015,0.077,0.000,0.035,0.039,0.002,0.004,0.000,0.000,0.811,0.811
TCGA-L6-A4ET-01A,0.012,0.001,0.000,0.006,0.000,0.000,0.010,0.091,0.000,0.026,0.008,0.001,0.003,0.000,0.000,0.842,0.842
TCGA-DE-A4MC-01A,0.000,0.000,0.032,0.017,0.000,0.000,0.077,0.059,0.005,0.020,0.000,0.000,0.000,0.000,0.000,0.789,0.789
TCGA-ET-A25K-01A,0.018,0.001,0.001,0.000,0.000,0.000,0.001,0.204,0.000,0.089,0.023,0.000,0.000,0.000,0.000,0.663,0.663
TCGA-DJ-A3UU-01A,0.019,0.006,0.015,0.012,0.000,0.000,0.034,0.081,0.128,0.029,0.037,0.000,0.001,0.000,0.000,0.636,0.636
TCGA-EM-A1YA-01A,0.008,0.003,0.003,0.000,0.000,0.000,0.001,0.093,0.000,0.069,0.001,0.005,0.003,0.000,0.000,0.814,0.814
TCGA-CE-A483-01A,0.000,0.001,0.001,0.001,0.000,0.000,0.001,0.096,0.000,0.025,0.021,0.000,0.001,0.000,0.000,0.853,0.853
TCGA-DJ-A3VD-01A,0.037,0.055,0.038,0.006,0.008,0.001,0.084,0.079,0.161,0.020,0.074,0.001,0.003,0.001,0.000,0.432,0.432
TCGA-BJ-A28S-01A,0.001,0.002,0.000,0.000,0.000,0.000,0.000,0.146,0.000,0.073,0.004,0.001,0.003,0.000,0.000,0.771,0.771
TCGA-FY-A3R9-01A,0.025,0.010,0.000,0.000,0.000,0.000,0.003,0.068,0.000,0.060,0.000,0.000,0.000,0.000,0.000,0.834,0.834
TCGA-FY-A3R8-01A,0.000,0.001,0.009,0.000,0.000,0.000,0.033,0.083,0.012,0.018,0.069,0.001,0.000,0.000,0.000,0.773,0.773
TCGA-DJ-A3V2-01A,0.045,0.016,0.025,0.032,0.016,0.000,0.031,0.096,0.008,0.023,0.136,0.000,0.002,0.000,0.000,0.568,0.568
TCGA-ET-A25L-01A,0.000,0.002,0.016,0.001,0.000,0.000,0.026,0.078,0.028,0.022,0.046,0.004,0.001,0.000,0.000,0.776,0.776
TCGA-EL-A3D1-01A,0.028,0.000,0.008,0.003,0.000,0.000,0.010,0.099,0.001,0.039,0.052,0.005,0.001,0.000,0.000,0.753,0.753
TCGA-FY-A3I4-01A,0.013,0.005,0.011,0.004,0.000,0.000,0.011,0.139,0.150,0.044,0.057,0.003,0.002,0.000,0.000,0.560,0.560
TCGA-DJ-A3UV-01A,0.015,0.001,0.014,0.004,0.006,0.000,0.028,0.117,0.010,0.067,0.041,0.001,0.003,0.000,0.000,0.694,0.694
TCGA-BJ-A28T-01A,0.101,0.049,0.041,0.017,0.037,0.001,0.092,0.108,0.089,0.033,0.100,0.000,0.003,0.000,0.000,0.330,0.330
TCGA-EM-A3FQ-01A,0.008,0.016,0.027,0.004,0.011,0.001,0.114,0.074,0.071,0.034,0.071,0.001,0.000,0.000,0.000,0.567,0.567
TCGA-J8-A4HW-01A,0.011,0.002,0.000,0.001,0.000,0.000,0.000,0.108,0.000,0.031,0.001,0.000,0.000,0.000,0.000,0.846,0.846
TCGA-MK-A4N6-01A,0.000,0.011,0.010,0.005,0.000,0.000,0.000,0.037,0.001,0.021,0.066,0.000,0.000,0.000,0.000,0.849,0.849
TCGA-DJ-A3V8-01A,0.005,0.000,0.003,0.001,0.000,0.000,0.012,0.065,0.000,0.023,0.018,0.000,0.000,0.000,0.000,0.874,0.874
TCGA-DJ-A1QI-01A,0.012,0.001,0.007,0.002,0.000,0.000,0.016,0.081,0.105,0.029,0.039,0.000,0.000,0.000,0.000,0.707,0.707
TCGA-EL-A3H8-01A,0.002,0.004,0.002,0.001,0.000,0.000,0.007,0.092,0.003,0.030,0.021,0.001,0.000,0.000,0.000,0.839,0.839
TCGA-EM-A3O3-01A,0.030,0.011,0.030,0.003,0.004,0.000,0.058,0.012,0.076,0.002,0.069,0.003,0.000,0.000,0.000,0.702,0.702
TCGA-IM-A3U3-01A,0.010,0.000,0.016,0.004,0.000,0.000,0.036,0.076,0.000,0.027,0.037,0.000,0.000,0.000,0.000,0.794,0.794
TCGA-BJ-A191-01A,0.046,0.006,0.006,0.016,0.001,0.000,0.000,0.053,0.002,0.028,0.002,0.000,0.003,0.000,0.000,0.837,0.837
TCGA-E8-A3X7-01A,0.000,0.000,0.009,0.006,0.000,0.000,0.028,0.064,0.003,0.018,0.003,0.000,0.000,0.000,0.000,0.868,0.868
TCGA-FY-A3YR-01A,0.000,0.000,0.010,0.004,0.000,0.000,0.022,0.064,0.000,0.018,0.000,0.000,0.000,0.000,0.000,0.880,0.880
TCGA-KS-A41I-01A,0.011,0.000,0.000,0.007,0.000,0.000,0.002,0.083,0.000,0.073,0.026,0.000,0.000,0.000,0.000,0.797,0.797
TCGA-EL-A3CS-01A,0.001,0.001,0.000,0.000,0.000,0.000,0.015,0.055,0.000,0.045,0.000,0.000,0.000,0.000,0.000,0.883,0.883
TCGA-EL-A3GU-01A,0.003,0.001,0.003,0.000,0.000,0.000,0.033,0.081,0.052,0.064,0.000,0.000,0.000,0.000,0.000,0.763,0.763
TCGA-EM-A1CU-01A,0.014,0.013,0.002,0.002,0.000,0.000,0.006,0.105,0.008,0.003,0.035,0.001,0.000,0.000,0.000,0.811,0.811
TCGA-H2-A26U-01A,0.018,0.011,0.033,0.013,0.014,0.000,0.062,0.063,0.144,0.025,0.130,0.002,0.001,0.000,0.000,0.484,0.484
TCGA-DJ-A2PT-01A,0.002,0.000,0.014,0.004,0.002,0.000,0.088,0.058,0.117,0.015,0.089,0.003,0.000,0.000,0.000,0.606,0.606
TCGA-DJ-A3V6-01A,0.000,0.000,0.013,0.005,0.000,0.000,0.023,0.091,0.082,0.035,0.020,0.000,0.000,0.000,0.000,0.729,0.729
TCGA-DJ-A2Q7-01A,0.019,0.001,0.013,0.011,0.000,0.000,0.013,0.139,0.004,0.049,0.054,0.000,0.002,0.000,0.000,0.694,0.694
TCGA-ET-A3BV-01A,0.000,0.001,0.032,0.000,0.000,0.000,0.068,0.031,0.300,0.002,0.013,0.011,0.000,0.000,0.000,0.540,0.540
TCGA-EL-A3ZL-01A,0.000,0.000,0.003,0.001,0.000,0.000,0.004,0.112,0.000,0.097,0.041,0.000,0.000,0.000,0.000,0.742,0.742
TCGA-CE-A13K-01A,0.016,0.001,0.008,0.007,0.003,0.000,0.002,0.172,0.001,0.094,0.052,0.009,0.001,0.000,0.000,0.634,0.634
TCGA-DJ-A3UQ-01A,0.000,0.001,0.024,0.002,0.000,0.000,0.062,0.061,0.213,0.017,0.012,0.004,0.000,0.000,0.000,0.603,0.603
TCGA-BJ-A45H-01A,0.012,0.002,0.006,0.009,0.001,0.000,0.009,0.110,0.011,0.036,0.039,0.003,0.000,0.000,0.000,0.760,0.760
TCGA-L6-A4EU-01A,0.007,0.000,0.009,0.001,0.000,0.000,0.056,0.055,0.005,0.019,0.011,0.001,0.001,0.000,0.000,0.835,0.835
TCGA-DJ-A3VM-01A,0.004,0.005,0.000,0.000,0.000,0.000,0.000,0.139,0.000,0.061,0.030,0.001,0.000,0.000,0.000,0.759,0.759
TCGA-H2-A3RH-01A,0.017,0.001,0.000,0.003,0.000,0.000,0.000,0.090,0.000,0.041,0.035,0.004,0.001,0.000,0.000,0.808,0.808
TCGA-EL-A3ZR-01A,0.006,0.001,0.000,0.000,0.000,0.000,0.000,0.100,0.000,0.053,0.001,0.001,0.002,0.000,0.000,0.837,0.837
TCGA-BJ-A291-01A,0.021,0.000,0.000,0.000,0.004,0.000,0.001,0.199,0.000,0.079,0.000,0.000,0.004,0.000,0.000,0.692,0.692
TCGA-MK-A4N9-01A,0.001,0.001,0.001,0.008,0.000,0.000,0.008,0.102,0.000,0.053,0.014,0.000,0.000,0.000,0.000,0.814,0.814
TCGA-EL-A3MZ-01A,0.001,0.001,0.003,0.003,0.000,0.000,0.013,0.090,0.131,0.020,0.003,0.001,0.000,0.000,0.000,0.735,0.735
TCGA-EM-A2CP-01A,0.115,0.008,0.038,0.020,0.024,0.000,0.005,0.130,0.001,0.046,0.203,0.000,0.005,0.000,0.000,0.403,0.403
TCGA-DJ-A2PZ-01A,0.001,0.002,0.005,0.000,0.000,0.000,0.040,0.078,0.001,0.021,0.041,0.001,0.001,0.000,0.000,0.810,0.810
TCGA-EL-A3ZG-01A,0.000,0.000,0.000,0.005,0.000,0.000,0.000,0.116,0.000,0.081,0.007,0.000,0.001,0.000,0.000,0.789,0.789
TCGA-FE-A3PC-01A,0.014,0.000,0.002,0.004,0.000,0.000,0.001,0.071,0.000,0.060,0.056,0.000,0.000,0.000,0.000,0.792,0.792
TCGA-BJ-A0YZ-01A,0.019,0.001,0.002,0.000,0.000,0.000,0.000,0.135,0.000,0.125,0.000,0.000,0.003,0.000,0.000,0.714,0.714
TCGA-DJ-A13M-01A,0.016,0.000,0.000,0.005,0.000,0.000,0.000,0.076,0.000,0.030,0.003,0.001,0.000,0.000,0.000,0.869,0.869
TCGA-EM-A3OA-01A,0.048,0.000,0.000,0.000,0.000,0.000,0.000,0.091,0.000,0.023,0.000,0.000,0.002,0.000,0.000,0.834,0.834
TCGA-J8-A3YE-01A,0.000,0.000,0.000,0.002,0.000,0.000,0.001,0.043,0.000,0.020,0.000,0.000,0.001,0.000,0.000,0.932,0.932
TCGA-BJ-A0Z9-01A,0.000,0.001,0.015,0.000,0.000,0.000,0.012,0.024,0.000,0.010,0.050,0.000,0.000,0.000,0.000,0.888,0.888
TCGA-EL-A3CW-01A,0.066,0.081,0.028,0.000,0.020,0.012,0.036,0.093,0.061,0.051,0.039,0.002,0.002,0.000,0.000,0.508,0.508
TCGA-FY-A3R6-01A,0.079,0.015,0.032,0.013,0.024,0.000,0.048,0.126,0.062,0.066,0.094,0.001,0.001,0.000,0.000,0.438,0.438
TCGA-H2-A2K9-01A,0.020,0.005,0.000,0.000,0.000,0.000,0.000,0.136,0.000,0.051,0.007,0.002,0.001,0.000,0.000,0.777,0.777
TCGA-DJ-A2PO-01A,0.024,0.004,0.008,0.030,0.010,0.000,0.001,0.140,0.005,0.037,0.127,0.003,0.000,0.000,0.000,0.613,0.613
TCGA-FY-A40N-01A,0.045,0.016,0.001,0.017,0.001,0.000,0.000,0.056,0.000,0.020,0.043,0.000,0.001,0.000,0.000,0.800,0.800
TCGA-EM-A1YD-01A,0.028,0.004,0.003,0.000,0.002,0.000,0.002,0.183,0.091,0.129,0.001,0.001,0.005,0.000,0.000,0.551,0.551
TCGA-DE-A69J-01A,0.000,0.000,0.012,0.001,0.000,0.000,0.025,0.087,0.002,0.013,0.030,0.000,0.000,0.000,0.000,0.832,0.832
TCGA-EL-A3MX-01A,0.006,0.003,0.001,0.003,0.000,0.000,0.011,0.018,0.034,0.010,0.010,0.001,0.000,0.000,0.000,0.903,0.903
TCGA-J8-A3YG-01A,0.009,0.010,0.014,0.000,0.000,0.000,0.008,0.068,0.000,0.033,0.073,0.004,0.001,0.000,0.000,0.779,0.779
TCGA-BJ-A0ZC-01A,0.031,0.025,0.002,0.000,0.004,0.000,0.000,0.118,0.003,0.062,0.000,0.000,0.004,0.000,0.000,0.751,0.751
TCGA-FY-A40K-01A,0.003,0.001,0.010,0.004,0.000,0.000,0.012,0.122,0.000,0.026,0.153,0.002,0.004,0.000,0.000,0.661,0.661
TCGA-EL-A4K6-01A,0.003,0.004,0.000,0.000,0.000,0.000,0.005,0.017,0.000,0.006,0.000,0.004,0.000,0.000,0.000,0.961,0.961
TCGA-EL-A3H3-01A,0.000,0.000,0.032,0.005,0.010,0.001,0.083,0.062,0.000,0.015,0.044,0.000,0.000,0.000,0.000,0.747,0.747
TCGA-BJ-A290-01A,0.000,0.001,0.008,0.000,0.000,0.000,0.000,0.131,0.057,0.103,0.003,0.000,0.000,0.000,0.000,0.696,0.696
TCGA-BJ-A28Z-01A,0.082,0.027,0.040,0.018,0.021,0.000,0.063,0.113,0.092,0.039,0.139,0.001,0.001,0.000,0.000,0.365,0.365
TCGA-CE-A484-01A,0.000,0.000,0.000,0.001,0.000,0.000,0.001,0.105,0.000,0.089,0.038,0.001,0.001,0.000,0.000,0.763,0.763
TCGA-EM-A3FL-01A,0.087,0.016,0.007,0.000,0.002,0.000,0.000,0.044,0.000,0.042,0.000,0.000,0.000,0.000,0.000,0.802,0.802
TCGA-EL-A3GO-01A,0.006,0.006,0.001,0.003,0.002,0.000,0.000,0.230,0.000,0.113,0.012,0.000,0.004,0.000,0.000,0.622,0.622
TCGA-ET-A39T-01A,0.000,0.000,0.000,0.004,0.000,0.000,0.001,0.066,0.000,0.028,0.002,0.000,0.001,0.000,0.000,0.898,0.898
TCGA-EM-A2CK-01A,0.016,0.002,0.000,0.002,0.000,0.000,0.000,0.121,0.000,0.069,0.001,0.000,0.004,0.000,0.000,0.785,0.785
TCGA-DJ-A4UQ-01A,0.015,0.003,0.007,0.001,0.002,0.000,0.005,0.113,0.062,0.049,0.039,0.003,0.002,0.000,0.000,0.698,0.698
TCGA-DJ-A3UO-01A,0.003,0.000,0.002,0.001,0.000,0.000,0.002,0.088,0.000,0.027,0.017,0.001,0.001,0.000,0.000,0.858,0.858
TCGA-DJ-A1QM-01A,0.012,0.019,0.014,0.001,0.000,0.000,0.019,0.075,0.187,0.044,0.010,0.003,0.000,0.000,0.000,0.618,0.618
TCGA-ET-A3BS-01A,0.102,0.006,0.031,0.018,0.010,0.000,0.002,0.100,0.001,0.027,0.139,0.000,0.001,0.000,0.000,0.563,0.563
TCGA-EM-A3AO-01A,0.032,0.006,0.026,0.012,0.007,0.000,0.017,0.120,0.000,0.070,0.063,0.004,0.003,0.000,0.000,0.641,0.641
TCGA-DJ-A3UN-01A,0.005,0.006,0.001,0.008,0.000,0.000,0.000,0.104,0.000,0.062,0.090,0.001,0.000,0.000,0.000,0.721,0.721
TCGA-DJ-A13W-01A,0.001,0.000,0.000,0.001,0.000,0.000,0.000,0.057,0.000,0.118,0.000,0.001,0.000,0.000,0.000,0.823,0.823
TCGA-DJ-A3VE-01A,0.017,0.006,0.001,0.001,0.000,0.000,0.010,0.142,0.000,0.049,0.035,0.001,0.001,0.000,0.000,0.738,0.738
TCGA-DJ-A3VI-01A,0.014,0.006,0.002,0.006,0.000,0.000,0.001,0.052,0.000,0.019,0.009,0.000,0.000,0.000,0.000,0.892,0.892
TCGA-EM-A2CO-01A,0.010,0.000,0.000,0.000,0.000,0.000,0.000,0.053,0.000,0.121,0.001,0.000,0.000,0.000,0.000,0.815,0.815
TCGA-ET-A39L-01A,0.010,0.001,0.000,0.001,0.003,0.000,0.000,0.173,0.000,0.072,0.027,0.000,0.003,0.000,0.000,0.710,0.710
TCGA-EM-A3FO-01A,0.003,0.000,0.001,0.000,0.000,0.000,0.003,0.013,0.000,0.003,0.001,0.000,0.000,0.000,0.000,0.975,0.975
TCGA-E8-A418-01A,0.000,0.000,0.006,0.005,0.000,0.000,0.001,0.040,0.000,0.004,0.058,0.000,0.004,0.000,0.000,0.882,0.882
TCGA-DE-A4M9-01A,0.007,0.004,0.001,0.000,0.000,0.000,0.000,0.050,0.008,0.050,0.000,0.002,0.000,0.000,0.000,0.877,0.877
TCGA-BJ-A28W-01A,0.096,0.138,0.056,0.003,0.043,0.043,0.130,0.043,0.033,0.013,0.075,0.001,0.004,0.000,0.000,0.323,0.323
TCGA-DJ-A2Q6-01A,0.006,0.005,0.015,0.002,0.000,0.000,0.024,0.172,0.154,0.062,0.012,0.000,0.000,0.000,0.000,0.546,0.546
TCGA-EL-A3N2-01A,0.001,0.000,0.003,0.001,0.000,0.000,0.015,0.107,0.000,0.027,0.005,0.000,0.000,0.000,0.000,0.840,0.840
TCGA-FK-A3SG-01A,0.023,0.000,0.005,0.003,0.000,0.000,0.000,0.121,0.000,0.069,0.045,0.000,0.000,0.000,0.000,0.734,0.734
TCGA-DJ-A3UM-01A,0.007,0.019,0.006,0.002,0.000,0.000,0.002,0.110,0.000,0.033,0.050,0.001,0.002,0.000,0.000,0.767,0.767
TCGA-BJ-A45E-01A,0.253,0.001,0.017,0.057,0.038,0.000,0.031,0.049,0.019,0.038,0.168,0.000,0.001,0.000,0.000,0.328,0.328
TCGA-E8-A415-01A,0.006,0.001,0.002,0.005,0.000,0.000,0.001,0.087,0.001,0.014,0.040,0.001,0.001,0.000,0.000,0.843,0.843
TCGA-DJ-A4UP-01A,0.031,0.041,0.025,0.005,0.019,0.001,0.036,0.128,0.004,0.066,0.071,0.004,0.001,0.000,0.000,0.567,0.567
TCGA-ET-A39J-01A,0.020,0.000,0.001,0.000,0.000,0.000,0.000,0.208,0.002,0.096,0.023,0.000,0.000,0.000,0.000,0.649,0.649
TCGA-KS-A41J-01A,0.017,0.000,0.013,0.013,0.000,0.000,0.023,0.059,0.000,0.009,0.058,0.000,0.002,0.000,0.000,0.806,0.806
TCGA-BJ-A4O9-01A,0.001,0.001,0.000,0.004,0.000,0.000,0.000,0.072,0.000,0.020,0.001,0.000,0.003,0.000,0.000,0.898,0.898
TCGA-EM-A2CM-01A,0.000,0.000,0.001,0.000,0.000,0.000,0.011,0.042,0.000,0.022,0.015,0.000,0.000,0.000,0.000,0.908,0.908
TCGA-EM-A2OW-01A,0.028,0.003,0.001,0.001,0.000,0.000,0.000,0.173,0.000,0.078,0.003,0.000,0.001,0.000,0.000,0.713,0.713
TCGA-FE-A3PA-01A,0.000,0.000,0.005,0.000,0.000,0.000,0.018,0.109,0.000,0.022,0.018,0.000,0.002,0.000,0.000,0.823,0.823
TCGA-QD-A8IV-01A,0.052,0.002,0.000,0.007,0.005,0.000,0.000,0.114,0.000,0.037,0.016,0.002,0.001,0.000,0.000,0.764,0.764
TCGA-IM-A3U2-01A,0.001,0.001,0.006,0.000,0.000,0.000,0.019,0.050,0.001,0.018,0.001,0.000,0.000,0.000,0.000,0.904,0.904
TCGA-EL-A3H5-01A,0.001,0.006,0.018,0.004,0.000,0.001,0.050,0.106,0.391,0.033,0.010,0.000,0.000,0.000,0.000,0.379,0.379
TCGA-DJ-A13R-01A,0.025,0.000,0.002,0.018,0.065,0.000,0.004,0.011,0.000,0.026,0.088,0.000,0.000,0.000,0.000,0.761,0.761
TCGA-ET-A2MY-01A,0.000,0.001,0.001,0.000,0.000,0.000,0.010,0.050,0.000,0.025,0.005,0.000,0.000,0.000,0.000,0.907,0.907
TCGA-IM-A3EB-01A,0.030,0.002,0.015,0.012,0.003,0.000,0.010,0.055,0.042,0.016,0.033,0.001,0.000,0.000,0.000,0.782,0.782
TCGA-DJ-A1QF-01A,0.009,0.001,0.000,0.000,0.000,0.000,0.000,0.118,0.000,0.050,0.049,0.000,0.000,0.000,0.000,0.773,0.773
TCGA-EL-A3T1-01A,0.017,0.012,0.029,0.015,0.000,0.000,0.021,0.053,0.000,0.011,0.039,0.000,0.000,0.001,0.000,0.801,0.801
TCGA-FE-A237-01A,0.010,0.008,0.013,0.001,0.000,0.000,0.025,0.105,0.020,0.043,0.047,0.000,0.000,0.000,0.000,0.730,0.730
TCGA-EM-A3FJ-01A,0.002,0.000,0.003,0.003,0.000,0.000,0.023,0.113,0.003,0.027,0.034,0.000,0.002,0.000,0.000,0.789,0.789
TCGA-EL-A3D4-01A,0.008,0.000,0.001,0.000,0.001,0.000,0.001,0.174,0.000,0.126,0.057,0.004,0.002,0.000,0.000,0.626,0.626
TCGA-FE-A234-01A,0.003,0.000,0.015,0.000,0.000,0.000,0.032,0.071,0.001,0.019,0.046,0.001,0.000,0.000,0.000,0.811,0.811
TCGA-FY-A40M-01A,0.004,0.000,0.000,0.001,0.000,0.000,0.003,0.068,0.037,0.028,0.004,0.000,0.000,0.000,0.000,0.853,0.853
TCGA-EM-A2OX-01A,0.001,0.000,0.006,0.002,0.000,0.000,0.006,0.119,0.000,0.064,0.032,0.000,0.002,0.000,0.000,0.766,0.766
TCGA-EM-A4FR-01A,0.001,0.000,0.000,0.001,0.000,0.000,0.000,0.065,0.000,0.042,0.037,0.000,0.002,0.000,0.000,0.850,0.850
TCGA-EM-A22I-01A,0.000,0.001,0.005,0.000,0.000,0.000,0.033,0.059,0.001,0.030,0.003,0.000,0.000,0.000,0.000,0.870,0.870
TCGA-FY-A3ON-01A,0.018,0.005,0.013,0.008,0.002,0.000,0.006,0.155,0.018,0.035,0.046,0.001,0.001,0.000,0.000,0.693,0.693
TCGA-EM-A1YC-01A,0.015,0.003,0.001,0.000,0.000,0.000,0.000,0.038,0.000,0.037,0.002,0.001,0.002,0.000,0.000,0.901,0.901
TCGA-EL-A3TA-01A,0.017,0.002,0.015,0.002,0.008,0.001,0.023,0.139,0.009,0.073,0.097,0.006,0.003,0.000,0.000,0.604,0.604
TCGA-CE-A27D-01A,0.044,0.053,0.036,0.013,0.028,0.001,0.075,0.119,0.059,0.040,0.042,0.000,0.003,0.000,0.000,0.488,0.488
TCGA-ET-A3BT-01A,0.004,0.007,0.013,0.002,0.000,0.000,0.024,0.086,0.001,0.022,0.024,0.000,0.001,0.000,0.000,0.818,0.818
TCGA-DJ-A13U-01A,0.001,0.003,0.002,0.000,0.000,0.000,0.011,0.063,0.000,0.034,0.000,0.000,0.000,0.000,0.000,0.885,0.885
TCGA-EM-A3O8-01A,0.013,0.011,0.000,0.001,0.000,0.000,0.000,0.112,0.000,0.050,0.001,0.000,0.003,0.000,0.000,0.809,0.809
TCGA-H2-A422-01A,0.009,0.001,0.001,0.001,0.000,0.000,0.010,0.048,0.000,0.018,0.015,0.000,0.000,0.000,0.000,0.896,0.896
TCGA-EL-A3CL-01A,0.015,0.004,0.001,0.005,0.000,0.000,0.001,0.085,0.001,0.027,0.039,0.001,0.002,0.000,0.000,0.819,0.819
TCGA-DJ-A13V-01A,0.005,0.002,0.006,0.004,0.000,0.000,0.001,0.109,0.001,0.046,0.024,0.000,0.008,0.000,0.000,0.794,0.794
TCGA-EM-A22Q-01A,0.016,0.000,0.000,0.004,0.000,0.000,0.000,0.070,0.000,0.059,0.001,0.005,0.003,0.000,0.000,0.842,0.842
TCGA-EM-A22J-01A,0.007,0.009,0.000,0.000,0.000,0.000,0.000,0.117,0.000,0.046,0.009,0.000,0.004,0.000,0.000,0.808,0.808
TCGA-BJ-A0Z2-01A,0.008,0.000,0.008,0.004,0.000,0.000,0.000,0.072,0.000,0.020,0.003,0.000,0.001,0.000,0.000,0.884,0.884
TCGA-E3-A3E3-01A,0.000,0.000,0.002,0.002,0.000,0.000,0.026,0.060,0.000,0.029,0.004,0.000,0.000,0.000,0.000,0.876,0.876
TCGA-IM-A41Y-01A,0.000,0.000,0.001,0.000,0.000,0.000,0.002,0.045,0.000,0.022,0.001,0.000,0.000,0.000,0.000,0.930,0.930
TCGA-EM-A3AN-01A,0.001,0.000,0.004,0.003,0.000,0.000,0.023,0.084,0.000,0.026,0.025,0.000,0.003,0.000,0.000,0.831,0.831
TCGA-EL-A3ZP-01A,0.018,0.007,0.019,0.015,0.015,0.000,0.042,0.084,0.042,0.024,0.070,0.000,0.001,0.000,0.000,0.662,0.662
TCGA-BJ-A3F0-01A,0.030,0.002,0.002,0.000,0.000,0.000,0.000,0.218,0.007,0.091,0.000,0.000,0.006,0.000,0.000,0.641,0.641
TCGA-L6-A4EQ-01A,0.002,0.002,0.001,0.002,0.000,0.000,0.008,0.117,0.000,0.001,0.039,0.001,0.007,0.000,0.000,0.821,0.821
TCGA-FE-A3PB-01A,0.007,0.003,0.021,0.011,0.000,0.000,0.112,0.057,0.218,0.018,0.002,0.001,0.000,0.000,0.000,0.549,0.549
TCGA-BJ-A0ZB-01A,0.000,0.001,0.001,0.003,0.000,0.000,0.016,0.070,0.000,0.026,0.004,0.000,0.000,0.000,0.000,0.879,0.879
TCGA-BJ-A0ZJ-01A,0.039,0.049,0.029,0.005,0.019,0.006,0.035,0.121,0.028,0.079,0.070,0.001,0.002,0.000,0.000,0.517,0.517
TCGA-EM-A4G1-01A,0.001,0.001,0.003,0.000,0.000,0.000,0.043,0.059,0.000,0.025,0.000,0.001,0.000,0.000,0.000,0.867,0.867
TCGA-DJ-A3V7-01A,0.000,0.000,0.006,0.002,0.000,0.000,0.016,0.065,0.000,0.024,0.015,0.000,0.000,0.000,0.000,0.871,0.871
TCGA-KS-A4I3-01A,0.001,0.001,0.002,0.003,0.000,0.000,0.008,0.096,0.000,0.045,0.001,0.000,0.004,0.000,0.000,0.838,0.838
TCGA-EL-A3GR-01A,0.017,0.003,0.008,0.000,0.000,0.000,0.006,0.132,0.117,0.043,0.041,0.000,0.000,0.004,0.000,0.630,0.630
TCGA-EM-A3AQ-01A,0.014,0.000,0.000,0.005,0.000,0.001,0.003,0.124,0.000,0.059,0.046,0.001,0.002,0.000,0.000,0.746,0.746
TCGA-BJ-A45C-01A,0.010,0.000,0.001,0.000,0.001,0.000,0.001,0.098,0.020,0.073,0.000,0.002,0.004,0.000,0.000,0.790,0.790
TCGA-DJ-A2PN-01A,0.020,0.005,0.002,0.001,0.000,0.000,0.000,0.124,0.001,0.067,0.031,0.001,0.000,0.000,0.000,0.748,0.748
TCGA-ET-A2MX-01A,0.000,0.000,0.003,0.000,0.000,0.000,0.000,0.024,0.000,0.008,0.004,0.000,0.000,0.000,0.000,0.961,0.961
TCGA-DJ-A4V2-01A,0.011,0.001,0.013,0.002,0.000,0.000,0.008,0.054,0.001,0.027,0.060,0.003,0.000,0.002,0.000,0.816,0.816
TCGA-ET-A39P-01A,0.000,0.000,0.003,0.001,0.000,0.000,0.016,0.092,0.000,0.027,0.001,0.000,0.000,0.000,0.000,0.860,0.860
TCGA-DJ-A2Q3-01A,0.030,0.037,0.019,0.014,0.004,0.000,0.050,0.094,0.099,0.035,0.057,0.001,0.001,0.001,0.000,0.559,0.559
TCGA-DJ-A2QC-01A,0.006,0.001,0.000,0.006,0.001,0.001,0.000,0.155,0.000,0.070,0.060,0.003,0.004,0.000,0.000,0.693,0.693
TCGA-KS-A4IB-01A,0.000,0.000,0.001,0.000,0.000,0.000,0.001,0.062,0.000,0.026,0.001,0.000,0.001,0.000,0.000,0.908,0.908
TCGA-EM-A3AK-01A,0.007,0.003,0.009,0.004,0.000,0.000,0.007,0.170,0.000,0.100,0.067,0.002,0.001,0.000,0.000,0.628,0.628
TCGA-EM-A3ST-01A,0.003,0.000,0.000,0.003,0.000,0.000,0.000,0.064,0.000,0.033,0.020,0.000,0.008,0.000,0.000,0.867,0.867
TCGA-FK-A3SD-01A,0.024,0.000,0.000,0.000,0.000,0.000,0.000,0.099,0.000,0.065,0.000,0.001,0.000,0.000,0.000,0.810,0.810
TCGA-DJ-A2PQ-01A,0.000,0.000,0.000,0.003,0.000,0.000,0.001,0.099,0.000,0.051,0.031,0.000,0.000,0.000,0.000,0.814,0.814
TCGA-DJ-A13P-01A,0.004,0.001,0.000,0.000,0.000,0.000,0.000,0.153,0.001,0.047,0.039,0.000,0.008,0.000,0.000,0.747,0.747
TCGA-EM-A2CL-01A,0.020,0.000,0.000,0.000,0.000,0.000,0.000,0.111,0.016,0.073,0.000,0.001,0.002,0.000,0.000,0.775,0.775
TCGA-EL-A3MW-01A,0.000,0.000,0.000,0.001,0.000,0.000,0.000,0.109,0.000,0.033,0.087,0.000,0.002,0.000,0.000,0.767,0.767
TCGA-J8-A3NZ-01A,0.002,0.001,0.007,0.007,0.000,0.000,0.027,0.066,0.000,0.016,0.040,0.000,0.000,0.000,0.000,0.835,0.835
TCGA-DE-A4MD-01A,0.000,0.007,0.000,0.000,0.000,0.000,0.005,0.016,0.000,0.008,0.001,0.000,0.000,0.000,0.000,0.962,0.962
TCGA-DJ-A3UY-01A,0.006,0.001,0.016,0.000,0.000,0.000,0.054,0.082,0.005,0.035,0.041,0.001,0.000,0.000,0.000,0.756,0.756
TCGA-ET-A25O-01A,0.000,0.000,0.000,0.000,0.000,0.000,0.001,0.059,0.000,0.020,0.017,0.000,0.000,0.000,0.000,0.903,0.903
TCGA-EL-A3ZM-01A,0.000,0.000,0.009,0.000,0.000,0.000,0.025,0.019,0.000,0.007,0.006,0.000,0.002,0.000,0.000,0.931,0.931
TCGA-EM-A1YE-01A,0.021,0.000,0.001,0.000,0.000,0.000,0.000,0.082,0.000,0.063,0.000,0.000,0.006,0.000,0.000,0.826,0.826
TCGA-J8-A42S-01A,0.003,0.000,0.002,0.001,0.000,0.000,0.010,0.139,0.005,0.041,0.018,0.000,0.000,0.000,0.000,0.781,0.781
TCGA-ET-A2MZ-01A,0.011,0.001,0.002,0.000,0.000,0.000,0.000,0.210,0.000,0.099,0.046,0.001,0.000,0.000,0.000,0.630,0.630
TCGA-CE-A3ME-01A,0.000,0.000,0.000,0.010,0.000,0.000,0.000,0.075,0.000,0.031,0.006,0.000,0.000,0.000,0.000,0.876,0.876
TCGA-EM-A3AR-01A,0.005,0.005,0.006,0.001,0.003,0.001,0.014,0.081,0.105,0.037,0.002,0.000,0.000,0.000,0.000,0.738,0.738
TCGA-FY-A3BL-01A,0.000,0.003,0.000,0.009,0.000,0.000,0.013,0.027,0.000,0.011,0.000,0.000,0.000,0.000,0.000,0.936,0.936
TCGA-EM-A3FM-01A,0.000,0.000,0.006,0.003,0.000,0.000,0.021,0.037,0.004,0.008,0.021,0.001,0.001,0.000,0.000,0.897,0.897
TCGA-BJ-A4O8-01A,0.006,0.001,0.021,0.002,0.000,0.000,0.084,0.091,0.154,0.046,0.056,0.001,0.003,0.000,0.000,0.534,0.534
TCGA-H2-A3RI-01A,0.002,0.000,0.004,0.009,0.000,0.000,0.045,0.068,0.000,0.019,0.025,0.000,0.000,0.000,0.000,0.828,0.828
TCGA-ET-A3BQ-01B,0.004,0.001,0.003,0.003,0.000,0.000,0.001,0.194,0.001,0.057,0.053,0.000,0.003,0.000,0.000,0.680,0.680
TCGA-CE-A482-01A,0.006,0.000,0.011,0.002,0.000,0.000,0.002,0.124,0.000,0.082,0.068,0.001,0.002,0.000,0.000,0.701,0.701
TCGA-DJ-A4UT-01A,0.018,0.002,0.035,0.028,0.014,0.000,0.052,0.162,0.094,0.069,0.070,0.001,0.001,0.000,0.000,0.455,0.455
TCGA-BJ-A3PU-01A,0.008,0.000,0.004,0.001,0.000,0.000,0.035,0.035,0.001,0.004,0.014,0.000,0.002,0.000,0.000,0.895,0.895
TCGA-ET-A25I-01A,0.073,0.000,0.000,0.012,0.000,0.000,0.000,0.114,0.000,0.048,0.016,0.000,0.004,0.000,0.000,0.732,0.732
TCGA-BJ-A2NA-01A,0.008,0.000,0.004,0.007,0.000,0.000,0.000,0.109,0.000,0.046,0.056,0.000,0.000,0.000,0.000,0.769,0.769
TCGA-DJ-A3V0-01A,0.000,0.000,0.003,0.003,0.000,0.000,0.007,0.112,0.002,0.069,0.017,0.001,0.002,0.000,0.000,0.782,0.782
TCGA-DJ-A3VB-01A,0.001,0.000,0.014,0.006,0.000,0.000,0.036,0.058,0.000,0.019,0.021,0.002,0.000,0.000,0.000,0.843,0.843
TCGA-DJ-A2PV-01A,0.010,0.009,0.007,0.001,0.001,0.000,0.003,0.207,0.086,0.085,0.061,0.002,0.000,0.000,0.000,0.528,0.528
TCGA-BJ-A3PR-01A,0.068,0.152,0.057,0.007,0.057,0.000,0.046,0.077,0.062,0.020,0.112,0.001,0.001,0.000,0.000,0.339,0.339
TCGA-EL-A3CR-01A,0.008,0.000,0.010,0.001,0.000,0.000,0.005,0.093,0.128,0.028,0.243,0.000,0.001,0.000,0.000,0.483,0.483
TCGA-ET-A25N-01A,0.028,0.004,0.000,0.002,0.000,0.000,0.000,0.102,0.000,0.033,0.039,0.000,0.000,0.000,0.000,0.791,0.791
TCGA-EM-A1CT-01A,0.001,0.001,0.005,0.001,0.000,0.000,0.026,0.061,0.000,0.029,0.040,0.000,0.000,0.000,0.000,0.835,0.835
TCGA-DE-A0Y3-01B,0.007,0.001,0.001,0.002,0.000,0.000,0.002,0.037,0.000,0.008,0.003,0.000,0.000,0.000,0.000,0.937,0.937
TCGA-DJ-A2Q0-01A,0.000,0.000,0.000,0.000,0.000,0.000,0.000,0.131,0.000,0.088,0.003,0.000,0.002,0.000,0.000,0.775,0.775
TCGA-FE-A239-01A,0.028,0.001,0.000,0.000,0.000,0.000,0.000,0.079,0.002,0.038,0.000,0.000,0.004,0.000,0.000,0.848,0.848
TCGA-EM-A2CQ-01A,0.024,0.005,0.001,0.000,0.000,0.000,0.002,0.100,0.000,0.061,0.000,0.000,0.000,0.000,0.000,0.807,0.807
TCGA-EL-A3T6-01A,0.038,0.003,0.021,0.016,0.006,0.000,0.019,0.045,0.000,0.016,0.090,0.001,0.000,0.000,0.000,0.744,0.744
TCGA-DE-A4M8-01A,0.127,0.024,0.029,0.022,0.020,0.001,0.022,0.114,0.060,0.063,0.182,0.000,0.005,0.000,0.000,0.329,0.329
TCGA-J8-A3YH-01A,0.002,0.001,0.002,0.000,0.000,0.000,0.003,0.140,0.000,0.060,0.041,0.001,0.001,0.000,0.000,0.748,0.748
TCGA-FE-A235-01A,0.025,0.002,0.006,0.005,0.003,0.000,0.003,0.130,0.057,0.031,0.035,0.003,0.000,0.000,0.000,0.698,0.698
TCGA-FE-A233-01A,0.001,0.000,0.001,0.000,0.000,0.000,0.000,0.068,0.000,0.030,0.003,0.000,0.000,0.000,0.000,0.897,0.897
TCGA-EM-A4FN-01A,0.000,0.000,0.005,0.002,0.000,0.000,0.026,0.072,0.000,0.021,0.053,0.000,0.001,0.000,0.000,0.820,0.820
TCGA-ET-A39N-01A,0.013,0.000,0.001,0.000,0.000,0.000,0.000,0.096,0.000,0.057,0.000,0.000,0.006,0.000,0.000,0.826,0.826
TCGA-ET-A4KN-01A,0.090,0.001,0.020,0.010,0.000,0.000,0.002,0.007,0.087,0.000,0.043,0.002,0.003,0.000,0.000,0.736,0.736
TCGA-BJ-A3EZ-01A,0.000,0.000,0.005,0.003,0.000,0.000,0.021,0.051,0.000,0.010,0.003,0.000,0.000,0.000,0.000,0.905,0.905
TCGA-DJ-A3UR-01A,0.001,0.000,0.000,0.001,0.000,0.000,0.006,0.131,0.000,0.065,0.036,0.000,0.005,0.000,0.000,0.756,0.756
TCGA-FE-A236-01A,0.003,0.005,0.001,0.007,0.000,0.000,0.000,0.106,0.000,0.043,0.000,0.000,0.003,0.000,0.000,0.831,0.831
TCGA-ET-A2N4-01A,0.000,0.000,0.000,0.000,0.000,0.000,0.000,0.151,0.000,0.063,0.053,0.001,0.003,0.000,0.000,0.729,0.729
TCGA-ET-A3BO-01A,0.028,0.001,0.028,0.021,0.000,0.000,0.047,0.089,0.067,0.039,0.056,0.001,0.002,0.000,0.000,0.619,0.619
TCGA-FK-A4UB-01A,0.000,0.000,0.000,0.003,0.000,0.000,0.000,0.096,0.000,0.086,0.025,0.000,0.000,0.000,0.000,0.788,0.788
TCGA-DJ-A13L-01A,0.025,0.009,0.025,0.016,0.010,0.000,0.089,0.065,0.150,0.015,0.079,0.003,0.000,0.000,0.000,0.514,0.514
TCGA-EL-A3ZQ-01A,0.052,0.000,0.005,0.005,0.001,0.000,0.013,0.058,0.024,0.018,0.035,0.000,0.007,0.000,0.000,0.782,0.782
TCGA-EL-A4K9-01A,0.012,0.001,0.010,0.001,0.000,0.000,0.018,0.175,0.001,0.091,0.075,0.003,0.004,0.000,0.000,0.611,0.611
TCGA-ET-A25P-01A,0.011,0.011,0.002,0.001,0.001,0.000,0.000,0.176,0.000,0.096,0.029,0.008,0.004,0.000,0.000,0.662,0.662
TCGA-EL-A3ZH-01A,0.013,0.005,0.001,0.000,0.000,0.000,0.001,0.061,0.000,0.033,0.001,0.001,0.005,0.000,0.000,0.878,0.878
TCGA-EM-A4FU-01A,0.009,0.001,0.000,0.001,0.001,0.000,0.000,0.150,0.000,0.102,0.037,0.003,0.002,0.000,0.000,0.694,0.694
TCGA-KS-A4IC-01A,0.002,0.004,0.004,0.006,0.000,0.000,0.006,0.076,0.000,0.019,0.047,0.001,0.004,0.000,0.000,0.832,0.832
TCGA-CE-A481-01A,0.035,0.007,0.021,0.004,0.020,0.000,0.011,0.161,0.009,0.054,0.076,0.002,0.001,0.000,0.000,0.597,0.597
TCGA-EL-A3CT-01A,0.012,0.004,0.012,0.000,0.000,0.000,0.005,0.113,0.029,0.045,0.041,0.000,0.000,0.000,0.000,0.739,0.739
TCGA-DJ-A2QA-01A,0.008,0.000,0.004,0.004,0.000,0.000,0.000,0.081,0.010,0.039,0.022,0.000,0.001,0.000,0.000,0.830,0.830
TCGA-FY-A40L-01A,0.002,0.000,0.004,0.008,0.000,0.000,0.020,0.069,0.001,0.022,0.042,0.000,0.000,0.000,0.000,0.831,0.831
TCGA-DO-A1K0-01A,0.000,0.000,0.000,0.001,0.000,0.000,0.003,0.104,0.000,0.034,0.050,0.000,0.000,0.001,0.000,0.807,0.807
TCGA-EL-A3GW-01A,0.019,0.000,0.000,0.001,0.000,0.000,0.000,0.106,0.000,0.028,0.013,0.000,0.000,0.000,0.000,0.832,0.832
TCGA-EM-A3SU-01A,0.052,0.000,0.015,0.009,0.000,0.000,0.031,0.042,0.000,0.012,0.099,0.002,0.000,0.000,0.000,0.737,0.737
TCGA-MK-A84Z-01A,0.008,0.000,0.000,0.001,0.000,0.000,0.000,0.196,0.000,0.113,0.001,0.000,0.002,0.000,0.000,0.678,0.678
TCGA-EL-A3H1-01A,0.030,0.000,0.000,0.000,0.002,0.000,0.000,0.141,0.000,0.047,0.007,0.001,0.000,0.000,0.000,0.771,0.771
TCGA-EL-A3ZK-01A,0.015,0.007,0.003,0.001,0.000,0.000,0.040,0.054,0.000,0.006,0.053,0.003,0.001,0.001,0.000,0.817,0.817
TCGA-EL-A3GP-01A,0.001,0.011,0.009,0.000,0.000,0.000,0.015,0.071,0.271,0.020,0.252,0.002,0.000,0.000,0.000,0.346,0.346
TCGA-ET-A40R-01A,0.033,0.018,0.016,0.003,0.001,0.000,0.018,0.127,0.000,0.073,0.044,0.000,0.004,0.000,0.000,0.663,0.663
TCGA-DJ-A3UX-01A,0.034,0.019,0.016,0.010,0.006,0.000,0.021,0.092,0.000,0.046,0.025,0.001,0.001,0.000,0.000,0.731,0.731
TCGA-DJ-A1QQ-01A,0.016,0.016,0.005,0.003,0.000,0.000,0.001,0.110,0.062,0.042,0.033,0.000,0.000,0.000,0.000,0.713,0.713
TCGA-EL-A3GY-01A,0.015,0.000,0.010,0.005,0.000,0.000,0.028,0.079,0.000,0.028,0.069,0.001,0.000,0.001,0.000,0.763,0.763
TCGA-EL-A4K0-01A,0.008,0.001,0.015,0.003,0.000,0.000,0.036,0.086,0.172,0.023,0.053,0.001,0.002,0.000,0.000,0.599,0.599
TCGA-IM-A3ED-01A,0.044,0.023,0.016,0.008,0.002,0.000,0.001,0.092,0.007,0.033,0.095,0.001,0.001,0.000,0.000,0.677,0.677
TCGA-EL-A3GZ-01A,0.000,0.000,0.005,0.004,0.000,0.000,0.030,0.111,0.001,0.047,0.016,0.000,0.002,0.000,0.000,0.783,0.783
TCGA-DJ-A1QL-01A,0.004,0.004,0.001,0.000,0.000,0.000,0.000,0.178,0.023,0.039,0.004,0.001,0.007,0.000,0.000,0.738,0.738
TCGA-DJ-A4V5-01A,0.011,0.001,0.029,0.005,0.008,0.000,0.062,0.130,0.068,0.055,0.071,0.004,0.001,0.003,0.000,0.552,0.552
TCGA-EL-A3T3-01A,0.025,0.000,0.003,0.000,0.000,0.000,0.001,0.082,0.000,0.036,0.056,0.001,0.000,0.000,0.000,0.795,0.795
TCGA-E3-A3E1-01A,0.008,0.000,0.008,0.002,0.000,0.000,0.007,0.067,0.000,0.027,0.052,0.000,0.001,0.000,0.000,0.826,0.826
TCGA-EL-A3ZN-01A,0.000,0.001,0.001,0.000,0.000,0.000,0.001,0.179,0.000,0.080,0.037,0.002,0.004,0.000,0.000,0.695,0.695
TCGA-EL-A4KI-01A,0.017,0.000,0.000,0.001,0.000,0.000,0.000,0.068,0.000,0.071,0.002,0.000,0.001,0.000,0.000,0.840,0.840
TCGA-DJ-A2Q4-01A,0.014,0.005,0.005,0.007,0.000,0.000,0.001,0.099,0.022,0.041,0.006,0.000,0.000,0.000,0.000,0.798,0.798
TCGA-IM-A4EB-01A,0.055,0.018,0.018,0.010,0.004,0.000,0.024,0.081,0.060,0.027,0.051,0.001,0.000,0.000,0.000,0.650,0.650
TCGA-ET-A39M-01A,0.099,0.000,0.020,0.005,0.014,0.000,0.003,0.090,0.010,0.030,0.171,0.001,0.002,0.000,0.000,0.555,0.555
TCGA-EM-A2CU-01A,0.022,0.006,0.015,0.002,0.015,0.000,0.000,0.153,0.013,0.089,0.099,0.007,0.003,0.000,0.000,0.576,0.576
TCGA-E3-A3DZ-01A,0.015,0.000,0.000,0.001,0.000,0.000,0.000,0.141,0.000,0.068,0.000,0.002,0.001,0.000,0.000,0.771,0.771
TCGA-ET-A3BW-01A,0.001,0.000,0.000,0.002,0.000,0.000,0.000,0.109,0.000,0.043,0.003,0.000,0.001,0.000,0.000,0.840,0.840
TCGA-DE-A0Y2-01A,0.013,0.001,0.001,0.000,0.000,0.000,0.000,0.050,0.000,0.028,0.008,0.000,0.000,0.000,0.000,0.898,0.898
TCGA-DJ-A3VF-01A,0.000,0.001,0.024,0.001,0.000,0.000,0.092,0.089,0.246,0.028,0.014,0.002,0.000,0.000,0.000,0.503,0.503
TCGA-DJ-A3VA-01A,0.014,0.008,0.003,0.010,0.000,0.000,0.004,0.101,0.000,0.029,0.048,0.002,0.003,0.000,0.000,0.779,0.779
TCGA-E3-A3E2-01A,0.026,0.069,0.032,0.021,0.015,0.000,0.030,0.117,0.004,0.035,0.050,0.000,0.000,0.000,0.000,0.599,0.599
TCGA-DJ-A1QD-01A,0.006,0.003,0.001,0.003,0.000,0.000,0.001,0.074,0.001,0.024,0.012,0.000,0.000,0.000,0.000,0.876,0.876
TCGA-J8-A3O1-01A,0.000,0.000,0.001,0.000,0.000,0.000,0.000,0.021,0.000,0.009,0.017,0.000,0.000,0.000,0.000,0.953,0.953
TCGA-DJ-A3V3-01A,0.049,0.002,0.011,0.011,0.007,0.000,0.001,0.122,0.003,0.056,0.075,0.002,0.004,0.000,0.000,0.657,0.657
TCGA-DJ-A2Q2-01A,0.021,0.005,0.007,0.002,0.004,0.000,0.002,0.179,0.000,0.053,0.029,0.000,0.001,0.000,0.000,0.696,0.696
TCGA-KS-A41F-01A,0.002,0.000,0.002,0.003,0.000,0.000,0.000,0.052,0.000,0.015,0.034,0.000,0.001,0.000,0.000,0.889,0.889
TCGA-EL-A3N3-01A,0.066,0.002,0.022,0.008,0.000,0.000,0.036,0.066,0.014,0.007,0.057,0.001,0.004,0.000,0.000,0.718,0.718
TCGA-GE-A2C6-01A,0.013,0.006,0.027,0.006,0.016,0.000,0.037,0.086,0.135,0.070,0.071,0.003,0.000,0.000,0.000,0.530,0.530
TCGA-EL-A3D6-01A,0.017,0.001,0.023,0.001,0.000,0.000,0.059,0.059,0.064,0.009,0.002,0.000,0.000,0.000,0.000,0.765,0.765
TCGA-DE-A7U5-01A,0.030,0.003,0.025,0.012,0.000,0.000,0.030,0.054,0.175,0.025,0.067,0.001,0.000,0.005,0.000,0.572,0.572
TCGA-DJ-A3VJ-01A,0.013,0.000,0.016,0.005,0.005,0.000,0.010,0.166,0.017,0.047,0.037,0.001,0.001,0.000,0.000,0.683,0.683
TCGA-EM-A4FQ-01A,0.012,0.000,0.007,0.003,0.000,0.000,0.014,0.061,0.010,0.030,0.037,0.000,0.000,0.000,0.000,0.826,0.826
TCGA-CE-A3MD-01A,0.001,0.000,0.008,0.004,0.000,0.000,0.009,0.145,0.000,0.061,0.032,0.000,0.006,0.000,0.000,0.733,0.733
TCGA-ET-A25R-01A,0.000,0.003,0.014,0.001,0.000,0.000,0.053,0.045,0.001,0.015,0.002,0.000,0.000,0.000,0.000,0.865,0.865
TCGA-EM-A3AP-01A,0.015,0.003,0.001,0.000,0.000,0.000,0.000,0.142,0.000,0.103,0.048,0.000,0.001,0.000,0.000,0.686,0.686
TCGA-EL-A4JZ-01A,0.015,0.000,0.025,0.011,0.009,0.000,0.039,0.127,0.111,0.073,0.127,0.002,0.000,0.000,0.000,0.462,0.462
TCGA-FE-A23A-01A,0.071,0.014,0.021,0.027,0.001,0.000,0.023,0.027,0.001,0.007,0.037,0.001,0.000,0.000,0.000,0.770,0.770
TCGA-BJ-A45K-01A,0.008,0.002,0.001,0.000,0.000,0.000,0.000,0.161,0.001,0.074,0.001,0.004,0.003,0.000,0.000,0.745,0.745
TCGA-DJ-A1QE-01A,0.007,0.006,0.005,0.000,0.000,0.000,0.019,0.033,0.006,0.006,0.001,0.001,0.000,0.000,0.000,0.917,0.917
TCGA-E8-A433-01A,0.007,0.001,0.013,0.003,0.000,0.000,0.032,0.075,0.043,0.027,0.019,0.001,0.001,0.000,0.000,0.779,0.779
TCGA-BJ-A18Z-01A,0.002,0.000,0.015,0.001,0.000,0.000,0.026,0.062,0.106,0.023,0.038,0.004,0.001,0.000,0.000,0.722,0.722
TCGA-EL-A4K7-01A,0.001,0.000,0.000,0.002,0.000,0.000,0.012,0.024,0.001,0.002,0.029,0.000,0.000,0.000,0.000,0.929,0.929
TCGA-FY-A3W9-01A,0.007,0.003,0.000,0.001,0.000,0.000,0.000,0.093,0.001,0.021,0.001,0.002,0.003,0.000,0.000,0.867,0.867
TCGA-EM-A22P-01A,0.010,0.061,0.028,0.001,0.016,0.008,0.050,0.157,0.121,0.073,0.095,0.003,0.003,0.000,0.000,0.373,0.373
TCGA-DJ-A2PX-01A,0.063,0.028,0.026,0.014,0.011,0.001,0.024,0.139,0.002,0.075,0.092,0.001,0.003,0.000,0.000,0.522,0.522
TCGA-J8-A3YD-01A,0.007,0.007,0.003,0.003,0.000,0.000,0.005,0.088,0.000,0.039,0.000,0.002,0.002,0.000,0.000,0.845,0.845
TCGA-EL-A3CV-01A,0.007,0.021,0.024,0.020,0.024,0.000,0.074,0.166,0.164,0.044,0.072,0.001,0.000,0.002,0.000,0.381,0.381
TCGA-EL-A3CM-01A,0.002,0.012,0.004,0.001,0.000,0.000,0.029,0.118,0.010,0.033,0.007,0.000,0.000,0.000,0.000,0.784,0.784
TCGA-ET-A40Q-01A,0.024,0.000,0.016,0.009,0.000,0.000,0.051,0.052,0.023,0.017,0.052,0.000,0.001,0.000,0.000,0.753,0.753
TCGA-FK-A3SE-01A,0.018,0.001,0.002,0.002,0.000,0.000,0.004,0.092,0.001,0.025,0.001,0.000,0.000,0.000,0.000,0.855,0.855
TCGA-EM-A2OZ-01A,0.004,0.000,0.005,0.004,0.000,0.000,0.001,0.098,0.000,0.035,0.030,0.001,0.003,0.000,0.000,0.818,0.818
TCGA-ET-A3DW-01A,0.001,0.002,0.005,0.003,0.000,0.000,0.036,0.028,0.000,0.001,0.005,0.001,0.000,0.000,0.000,0.917,0.917
TCGA-H2-A421-01A,0.060,0.000,0.024,0.023,0.001,0.000,0.005,0.078,0.005,0.021,0.091,0.000,0.000,0.000,0.000,0.692,0.692
TCGA-E8-A417-01A,0.025,0.005,0.003,0.017,0.000,0.000,0.010,0.051,0.000,0.017,0.044,0.000,0.004,0.000,0.000,0.822,0.822
TCGA-EL-A3T2-01A,0.014,0.010,0.000,0.001,0.000,0.000,0.001,0.097,0.000,0.029,0.004,0.003,0.001,0.000,0.000,0.839,0.839
TCGA-E3-A3E0-01A,0.007,0.000,0.009,0.012,0.000,0.000,0.001,0.117,0.000,0.042,0.055,0.000,0.001,0.000,0.000,0.756,0.756
TCGA-DJ-A3UW-01A,0.095,0.016,0.032,0.011,0.003,0.000,0.047,0.070,0.079,0.022,0.060,0.001,0.002,0.000,0.000,0.564,0.564
TCGA-DJ-A3VG-01A,0.011,0.002,0.000,0.001,0.001,0.000,0.000,0.132,0.000,0.096,0.000,0.000,0.003,0.000,0.000,0.754,0.754
TCGA-BJ-A28V-01A,0.009,0.004,0.000,0.000,0.000,0.000,0.000,0.144,0.000,0.061,0.000,0.002,0.003,0.000,0.000,0.775,0.775
TCGA-EM-A2CJ-01A,0.010,0.001,0.001,0.001,0.000,0.000,0.001,0.081,0.014,0.040,0.000,0.001,0.000,0.000,0.000,0.850,0.850
TCGA-EM-A22O-01A,0.000,0.001,0.000,0.008,0.000,0.000,0.001,0.053,0.000,0.009,0.004,0.000,0.003,0.000,0.000,0.922,0.922
TCGA-E3-A3DY-01A,0.021,0.005,0.010,0.010,0.000,0.000,0.002,0.082,0.001,0.020,0.079,0.000,0.000,0.000,0.000,0.771,0.771
TCGA-BJ-A0ZH-01A,0.013,0.000,0.010,0.000,0.000,0.000,0.012,0.105,0.000,0.051,0.043,0.000,0.000,0.000,0.000,0.765,0.765
TCGA-BJ-A45J-01A,0.034,0.000,0.005,0.001,0.000,0.000,0.004,0.138,0.003,0.035,0.019,0.002,0.001,0.000,0.000,0.759,0.759
TCGA-FY-A3I5-01B,0.023,0.036,0.009,0.001,0.009,0.003,0.002,0.038,0.002,0.028,0.003,0.000,0.000,0.000,0.000,0.848,0.848
TCGA-E8-A413-01A,0.001,0.000,0.014,0.002,0.002,0.000,0.049,0.096,0.208,0.031,0.046,0.001,0.000,0.000,0.000,0.548,0.548
TCGA-FY-A3NM-01A,0.014,0.007,0.000,0.001,0.000,0.000,0.000,0.090,0.000,0.042,0.000,0.002,0.003,0.000,0.000,0.841,0.841
TCGA-FY-A2QD-01A,0.020,0.002,0.000,0.000,0.000,0.000,0.000,0.042,0.002,0.024,0.000,0.001,0.000,0.000,0.000,0.908,0.908
TCGA-CE-A485-01A,0.002,0.001,0.017,0.001,0.003,0.000,0.020,0.195,0.146,0.080,0.080,0.001,0.002,0.000,0.000,0.451,0.451
TCGA-DJ-A13S-01A,0.004,0.001,0.000,0.000,0.000,0.000,0.000,0.153,0.000,0.052,0.036,0.000,0.000,0.000,0.000,0.753,0.753
TCGA-ET-A3DR-01A,0.011,0.003,0.001,0.001,0.000,0.000,0.000,0.115,0.000,0.036,0.001,0.000,0.000,0.000,0.000,0.832,0.832
TCGA-DJ-A13O-01A,0.035,0.022,0.016,0.006,0.010,0.001,0.035,0.050,0.025,0.025,0.037,0.005,0.001,0.000,0.000,0.732,0.732
TCGA-EM-A22N-01A,0.070,0.002,0.002,0.000,0.000,0.000,0.000,0.102,0.000,0.071,0.008,0.000,0.003,0.000,0.000,0.740,0.740
TCGA-E8-A414-01A,0.006,0.013,0.020,0.003,0.001,0.000,0.042,0.126,0.067,0.057,0.040,0.005,0.000,0.002,0.000,0.617,0.617
TCGA-ET-A3BU-01A,0.015,0.004,0.007,0.000,0.000,0.000,0.001,0.166,0.009,0.056,0.053,0.001,0.000,0.000,0.000,0.687,0.687
TCGA-EL-A3ZT-01A,0.005,0.005,0.002,0.005,0.000,0.000,0.009,0.101,0.000,0.050,0.042,0.000,0.000,0.000,0.000,0.780,0.780
TCGA-ET-A39S-01A,0.013,0.002,0.007,0.001,0.000,0.000,0.008,0.155,0.002,0.059,0.037,0.003,0.000,0.000,0.000,0.713,0.713
TCGA-EM-A3O6-01A,0.021,0.000,0.001,0.000,0.000,0.000,0.000,0.175,0.000,0.096,0.000,0.000,0.005,0.000,0.000,0.702,0.702
TCGA-ET-A3DU-01A,0.113,0.012,0.021,0.023,0.019,0.000,0.034,0.055,0.092,0.007,0.116,0.002,0.000,0.000,0.000,0.506,0.506
TCGA-DJ-A1QN-01A,0.023,0.000,0.016,0.001,0.000,0.000,0.018,0.133,0.004,0.046,0.071,0.001,0.004,0.000,0.000,0.681,0.681
TCGA-ET-A3DP-01A,0.011,0.002,0.010,0.003,0.000,0.000,0.026,0.110,0.000,0.032,0.061,0.003,0.002,0.000,0.000,0.740,0.740
TCGA-FY-A3NN-01A,0.001,0.002,0.000,0.000,0.000,0.000,0.015,0.043,0.000,0.024,0.049,0.000,0.000,0.000,0.000,0.866,0.866
TCGA-DJ-A3V9-01A,0.018,0.006,0.006,0.000,0.000,0.000,0.001,0.151,0.001,0.063,0.056,0.003,0.001,0.000,0.000,0.694,0.694
TCGA-E8-A2JQ-01A,0.076,0.001,0.033,0.053,0.018,0.000,0.048,0.060,0.037,0.014,0.061,0.000,0.000,0.000,0.000,0.598,0.598
TCGA-EM-A4FH-01A,0.023,0.003,0.000,0.000,0.000,0.000,0.000,0.136,0.001,0.076,0.000,0.000,0.007,0.000,0.000,0.753,0.753
TCGA-IM-A420-01A,0.048,0.001,0.025,0.020,0.001,0.000,0.001,0.053,0.001,0.009,0.054,0.000,0.000,0.000,0.000,0.788,0.788
TCGA-EM-A22K-01A,0.012,0.000,0.000,0.000,0.000,0.000,0.000,0.138,0.000,0.072,0.040,0.000,0.004,0.000,0.000,0.732,0.732
TCGA-EM-A2P0-01A,0.017,0.004,0.001,0.002,0.000,0.000,0.008,0.117,0.000,0.025,0.030,0.001,0.001,0.000,0.000,0.795,0.795
TCGA-BJ-A28R-01A,0.025,0.002,0.014,0.022,0.000,0.000,0.003,0.092,0.006,0.032,0.024,0.000,0.000,0.000,0.000,0.779,0.779
TCGA-ET-A3BX-01A,0.015,0.001,0.004,0.000,0.000,0.000,0.008,0.011,0.001,0.003,0.017,0.004,0.000,0.000,0.000,0.936,0.936
TCGA-FY-A4B4-01A,0.007,0.012,0.013,0.003,0.000,0.000,0.007,0.086,0.005,0.023,0.089,0.003,0.002,0.000,0.000,0.749,0.749
TCGA-ET-A3DQ-01A,0.052,0.034,0.027,0.002,0.016,0.004,0.021,0.146,0.059,0.085,0.062,0.002,0.003,0.000,0.000,0.488,0.488
TCGA-ET-A3DO-01A,0.069,0.006,0.029,0.019,0.009,0.000,0.025,0.062,0.001,0.014,0.059,0.001,0.001,0.002,0.000,0.704,0.704
TCGA-E8-A416-01A,0.016,0.010,0.007,0.001,0.011,0.000,0.010,0.086,0.114,0.037,0.000,0.003,0.003,0.000,0.000,0.702,0.702
TCGA-DJ-A1QG-01A,0.000,0.000,0.000,0.000,0.000,0.000,0.000,0.156,0.000,0.065,0.026,0.000,0.001,0.000,0.000,0.751,0.751
TCGA-EM-A2OY-01A,0.001,0.005,0.000,0.000,0.000,0.000,0.000,0.038,0.000,0.021,0.000,0.000,0.001,0.000,0.000,0.934,0.934
TCGA-EL-A3CP-01A,0.001,0.001,0.001,0.001,0.000,0.000,0.012,0.110,0.001,0.040,0.006,0.000,0.000,0.000,0.000,0.827,0.827
TCGA-BJ-A45F-01A,0.013,0.008,0.000,0.000,0.000,0.000,0.000,0.156,0.000,0.082,0.018,0.003,0.000,0.000,0.000,0.719,0.719
TCGA-EM-A4FV-01A,0.049,0.014,0.019,0.010,0.005,0.000,0.019,0.137,0.001,0.051,0.104,0.002,0.005,0.000,0.000,0.583,0.583
TCGA-EM-A2P1-01A,0.061,0.068,0.046,0.014,0.015,0.004,0.053,0.063,0.013,0.012,0.064,0.000,0.000,0.000,0.000,0.584,0.584
TCGA-EL-A4JW-01A,0.012,0.003,0.005,0.004,0.000,0.000,0.002,0.135,0.004,0.089,0.004,0.000,0.000,0.000,0.000,0.743,0.743
TCGA-EM-A3AI-01A,0.013,0.000,0.001,0.000,0.000,0.000,0.000,0.130,0.000,0.085,0.000,0.001,0.003,0.000,0.000,0.768,0.768
TCGA-EL-A3GX-01A,0.002,0.002,0.013,0.007,0.000,0.000,0.006,0.032,0.000,0.002,0.140,0.001,0.000,0.000,0.000,0.795,0.795
TCGA-FY-A3NP-01A,0.012,0.007,0.000,0.000,0.000,0.000,0.000,0.091,0.000,0.042,0.017,0.004,0.005,0.000,0.000,0.822,0.822
TCGA-FY-A4B3-01A,0.006,0.005,0.002,0.000,0.000,0.000,0.004,0.099,0.025,0.020,0.031,0.002,0.000,0.000,0.000,0.805,0.805
