"","cellFractions.B.Cells","cellFractions.Endothelial.Cells","cellFractions.Fibroblasts","cellFractions.Macrophages","cellFractions.NK","cellFractions.T.Cells","cellFractions.otherCells"
"TCGA.CV.5442.01A",1.5328721909474e-07,0.0133463881574419,0.00277276551061576,0.0133683853366043,3.46899484071045e-08,0.00636691333023236,0.964145359687938
"TCGA.CR.7392.01A",0.0891071131584856,4.77315262571259e-09,0.1870550417371,0.0383395625700165,0.00977750951050975,5.67943777099e-08,0.675720711456357
"TCGA.UF.A71A.01A",5.52156450521824e-08,0.0395700262698239,0.142465165840081,0.012163953995305,3.37150077949689e-08,0.0312328442237009,0.774567920740436
"TCGA.CN.A642.01A",6.58716572003618e-09,0.0153188424572959,0.0405795487238213,0.064354411481879,0.0209688274913873,0.00410647209695816,0.854671891161493
"TCGA.CV.A45U.01A",5.25083918623507e-08,1.17645308712333e-07,0.0350909957215969,0.0230259852256619,0.00132616005209698,0.0384048522134035,0.90215183663354
"TCGA.CN.6012.01A",0.12050648928607,0.0327446113474494,0.0389046293470957,0.0400675359844981,0.0120749279012229,2.34843548312825e-07,0.755701571290116
"TCGA.CV.A45W.01A",0.44521689603053,0.0181705562743509,0.0204678095352024,0.0355713725425463,0.00925814411271321,5.59339492300126e-08,0.471315165570708
"TCGA.CV.A6K0.01B",1.00229062636178e-07,8.75665208458343e-09,0.0978831889149056,0.0252295463249909,0.0178752893685358,0.0163453344488655,0.842666531956987
"TCGA.QK.A6VB.01A",1.17956513278585e-08,0.00577035245067874,0.0520388447662841,0.0075057733389748,1.36580834300874e-07,1.02539421666137e-07,0.934684778528155
"TCGA.CV.6959.01A",9.92639776727124e-08,0.0361333290052263,0.0314062812481689,0.0260847557118496,5.45018492286838e-07,0.0185316911848963,0.887843298567389
"TCGA.HD.7832.01A",2.14617689751778e-08,0.00401412442510657,0.0215916909904153,0.0465291797043031,0.00349622911352799,0.00426578433159764,0.920102969973281
"TCGA.CV.7255.01A",4.13756869735529e-05,0.023623069401408,0.0188681648630874,0.0103913894681447,2.81058844800187e-08,2.4606484646832e-07,0.947075726409655
"TCGA.CR.5243.01A",0.0895157696308464,1.75346939392716e-08,0.10295475249216,0.00729218599753358,0.00392329350732864,0.0470974478373978,0.74921653300004
"TCGA.P3.A6T5.01A",7.32286744313117e-09,0.00719470507612109,0.0524511862472938,0.0125567772631181,3.72745365845898e-08,0.00833290650404029,0.919464380312023
"TCGA.CV.6952.01A",4.68405976432023e-08,0.0107824031973899,0.0128104940063816,0.0177397573468164,1.63888345928241e-07,0.0168015058120827,0.941865628908386
"TCGA.D6.A6ES.01A",1.49104216663017e-06,0.0161290615388795,0.00426521460022454,0.00778868383990926,1.09248239866993e-05,0.00830985538082005,0.963494768774013
"TCGA.CN.5366.01A",1.34679318780638e-08,1.56926871822506e-08,0.0979064565334929,0.0353719383872875,0.0086160270809743,2.47509204785773e-06,0.858103073745578
"TCGA.CQ.6223.01A",5.48521311908937e-08,0.00643676348264345,0.0179892620988199,0.0244176758146609,1.23476340755242e-06,0.00947993329800191,0.941675075690335
"TCGA.F7.7848.01A",0.0501990571656141,2.57959580188014e-10,0.0598221338618707,0.0224268342246131,0.0143828913147198,0.00440350191657016,0.848765581258652
"TCGA.CV.A6JM.01A",0.0121337448617308,0.041222317124493,0.0130900082927207,0.0214422773750082,1.93098127141222e-09,0.0241536601344954,0.887957990280571
"TCGA.CN.5359.01A",2.95686709337706e-08,1.1299537363449e-07,0.232473249079262,0.0816683682069262,0.0137975327891133,0.0041577854950954,0.667902921865559
"TCGA.P3.A5QA.01A",0.00165461855923762,0.215064856915949,0.154337034666716,0.01298409381891,1.16028005158029e-09,0.0966351665832047,0.519324228295703
"TCGA.CN.4734.01A",8.81778247854267e-09,0.0137582042755138,0.0481133948324769,0.0336420308434969,0.0108983110354331,0.0256929510151603,0.867895099180137
"TCGA.CV.6441.01A",1.77384757505324e-08,9.41464465926721e-09,0.0898563898959217,0.0119950506986404,5.64629392046585e-09,9.55735599458675e-05,0.898052953046078
"TCGA.CV.A6JY.01A",0.00230108622988609,0.00895713717147236,0.0154841970231665,0.00739326011694791,4.46547284827887e-06,8.08365333613171e-08,0.965859773149146
"TCGA.D6.6825.01A",3.51616250747683e-09,3.08160667309672e-08,0.0544980040741195,0.0480804615943497,0.021849483096915,0.0215872610248478,0.853984755877539
"TCGA.CR.5247.01A",1.65864328648192e-06,1.8590656845908e-07,0.272292107956339,0.00547654267672799,4.04187392565656e-07,1.26411770158207e-08,0.722229087988508
"TCGA.CV.7410.01A",0.214195361746305,0.0142395064631515,0.0496611253774613,0.0345216680942433,4.05857509813646e-08,0.0969115026807353,0.590470795052353
"TCGA.CV.7091.01A",3.2486133366825e-08,0.00396962354894622,0.0830435262331408,0.0170962387562553,3.56791719309931e-08,0.0223590620125526,0.8735314812838
"TCGA.BA.5153.01A",0.0803032331312022,0.027397554864434,0.0137929694815301,0.0214873890042709,0.0369588057854024,0.0687060250958463,0.751354022637314
"TCGA.CV.7428.01A",1.978798842332e-08,0.0246941775641853,0.0288552485247196,0.0321268675064103,0.008034052212724,0.028156938141692,0.878132696262281
"TCGA.CX.7086.01A",2.25162214693656e-08,3.25622629453792e-08,0.0396950712511339,0.0146679500135954,0.000284958083537997,2.9292858707031e-08,0.945351936280389
"TCGA.CN.5364.01A",9.78467266850203e-09,3.70851510990186e-05,0.0461144157391435,0.0301587004845177,0.00106839315385104,5.44440136317852e-09,0.922621390242315
"TCGA.BA.A6DB.01A",3.01459842449777e-08,6.66865946377505e-09,0.0785457378955176,0.0290139260800977,0.037711937979257,0.0208009598733336,0.83392740135715
"TCGA.CQ.5325.01A",0.182681606386535,1.27363174210141e-08,0.0838286045502961,0.0927180751669042,0.0397252734867438,6.39473135240594e-07,0.601045788200068
"TCGA.CN.4731.01A",1.17055555911364e-07,1.56288386139039e-05,0.204150753865475,0.0129777997226391,8.77326710567275e-05,1.54566121137563e-06,0.782766422185448
"TCGA.CV.7427.01A",3.87026637407729e-09,0.0134418296113381,0.00182817376907066,0.0443113525918008,0.0214417849303958,0.0148701990824529,0.904106656144675
"TCGA.CR.6467.01A",0.166912693594528,0.0057409024641814,0.00745887463541418,0.0281969658433221,0.0574260819035451,0.0679107285558397,0.666353753003169
"TCGA.CV.7183.01A",6.03990504209128e-10,0.00979790760417459,0.0251926081499827,0.00332432788175936,1.16265409987925e-08,1.33665730063722e-06,0.961683807476251
"TCGA.CV.A6JN.01A",2.33798872292207e-05,0.00995613499752146,0.00249861616908689,0.0165521112534581,1.84436185623875e-10,0.0196561076926827,0.951313649815586
"TCGA.D6.A6EN.01A",2.39959922788654e-08,1.55773783875033e-08,3.84417508399828e-06,0.176062089897282,0.177987996980024,1.0518116742947e-08,0.645946018856123
"TCGA.CQ.A4C7.01A",1.55598650565696e-05,2.14263273960757e-08,0.125118106485274,0.0353790663711195,1.56765065048747e-07,7.51896024667573e-07,0.839486337191132
"TCGA.CV.5435.01A",3.96470043386327e-08,0.0676640534090744,0.0727400048471556,0.031404754839892,6.50988113124629e-09,0.0407388321642924,0.7874523085827
"TCGA.CR.7370.01A",9.9643494646143e-07,0.000304660232250063,0.0950716569055468,0.0270054772721758,0.00411394139989267,1.20108955371196e-07,0.873503147646233
"TCGA.CN.4722.01A",0.0238232625618927,0.0252264123010069,0.0643986969922093,0.00591404653869987,4.92886544335353e-08,3.30913173683152e-06,0.8806342231858
"TCGA.F7.8489.01A",3.59783447833432e-07,0.0276159904852261,0.0310063699844727,0.0483000546425264,3.50625961957041e-08,0.055385863372219,0.837691326669512
"TCGA.CV.A6K2.01A",5.64082828412991e-08,2.9369968893351e-07,0.082072071273488,0.0285786364428403,1.40008788826037e-06,5.54830103888987e-06,0.889341993786773
"TCGA.HD.8634.01A",2.65712928499277e-08,0.0144715597555834,0.0062340528453623,0.0101073598727208,5.18483209750409e-08,0.00768733028428135,0.961499618822438
"TCGA.CN.6994.01A",1.77337916473504e-05,3.13731629419955e-07,0.170238004128322,0.0867517101351984,5.65984999193734e-05,7.43418535285646e-07,0.742934896294748
"TCGA.D6.A4Z9.01A",2.78430291476465e-08,0.00161179244167054,0.0383776173609052,0.0183348322058606,4.80872715362973e-08,0.0132033970620536,0.928472284999209
"TCGA.CR.7376.01A",2.51935806762052e-07,4.87159950684356e-07,0.369987069661698,0.131757998304883,0.0395835058038907,2.97950952558587e-06,0.458667707624245
"TCGA.CR.7391.01A",0.0102521694797939,1.55989977208946e-08,0.0845550521237777,0.0230838998739339,0.015263951153091,0.0104061507777501,0.856438760992656
"TCGA.T2.A6X2.01A",2.27101274655364e-07,3.64148315328066e-05,0.0514315599778385,0.0330070715677114,0.0129644474673991,1.25578255059173e-06,0.902559023271693
"TCGA.BA.4074.01A",5.98536897726253e-09,1.66707033059446e-10,0.36313350300148,0.0031433876620352,0.000548749346406554,3.59784827561883e-06,0.633170755989727
"TCGA.CN.6022.01A",1.99701131416019e-05,0.0602896858215339,0.177215453332362,0.0921083344422911,4.70393941149903e-08,0.00389595449712322,0.666470554754154
"TCGA.CN.A6V3.01A",0.0301515131385023,0.0114239077201106,0.00527121387635941,0.0188766011994952,0.00151100686154019,0.0281199810959551,0.904645776108037
"TCGA.QK.A8Z7.01A",0.0159436695289041,0.0139509653959088,0.0434913506657643,0.00541728655471944,3.10887472026978e-10,0.0102709806035683,0.910925746940248
"TCGA.CN.A497.01A",0.0202564196208682,0.00180947052263235,0.0707646908931879,0.0128507804500332,7.25651789021918e-07,0.0130192530499361,0.881298659811553
"TCGA.F7.A50G.01A",7.10617695233937e-09,2.56143565910501e-07,0.0227720336374838,0.027161029552629,0.0096788938992881,0.00743098683387924,0.932956792826977
"TCGA.IQ.A61I.01A",0.0501984332565217,0.000467289800472681,4.14630736871468e-10,0.024360591548003,0.0121757990104884,0.0323649619417593,0.880432924028124
"TCGA.CR.7373.01A",0.0022271301328563,0.0263387291612558,1.25982152929598e-08,0.0642618869872355,0.0114774478641848,0.0460957337142653,0.849599059541987
"TCGA.CN.A63T.01A",0.00293784297857233,1.40984768189075e-08,0.0407836932661513,0.0388906228635137,0.00345880311796867,0.0451117343088623,0.868817289366455
"TCGA.CN.6019.01A",2.71321948026401e-06,7.87086441283164e-07,0.532951873042324,0.0822630726653133,2.61733179584522e-05,4.54178389289532e-05,0.384709962829554
"TCGA.CR.7386.01A",5.41042810321009e-08,2.58707153857712e-08,0.401602877566216,0.0699011590999886,2.23128306658948e-08,0.000119159240852613,0.528376701805116
"TCGA.HD.A6HZ.01A",0.0390977453996438,3.86921451387209e-09,0.0801932631899212,0.0339190972237613,8.03526060040219e-07,0.0337623128199973,0.813026773971402
"TCGA.QK.A6IH.01A",3.69271475944864e-08,1.48280660522289e-07,0.050818556085046,0.0206328821760912,1.38579431785113e-08,7.6530958997944e-07,0.928547597363522
"TCGA.CN.6011.01A",6.4780051087547e-09,0.0196036005408599,0.0103704762234503,0.0352908266489054,1.41604410375516e-07,0.0308901565388652,0.903844791965504
"TCGA.CR.6474.01A",1.68796571501312e-07,5.71529970524332e-05,0.231885450672951,0.0296257312147738,1.0431143638359e-07,6.37026693273001e-07,0.738430754980522
"TCGA.CV.6939.01A",0.0338258575150037,0.0284531854428854,0.0703177723586221,0.0312469600393684,0.00272533470235258,0.0421109390190788,0.791319950922689
"TCGA.D6.8568.01A",0.00280503398307583,0.0441773800557433,0.0789333172234056,0.0215397776763121,2.97883755317366e-10,0.0344006615337783,0.818143829229801
"TCGA.HD.A634.01A",0.0289212095544909,0.0371505535853668,0.00244353966139339,0.00274221762748747,3.88140483428389e-09,0.00131566686508773,0.927426808824769
"TCGA.CV.A45O.01A",1.06949006998632e-09,0.00472268391946978,0.00515224340085518,0.0112357975881461,0.00120056940348396,0.00139031520141548,0.976298389417139
"TCGA.T3.A92N.01A",7.77604200410888e-08,1.09058424578038e-08,0.0212348794386791,0.0286740285029823,0.0121120016881974,1.70296288736575e-07,0.93797883140759
"TCGA.CV.7438.01A",4.29689572168122e-07,0.0717171785428794,0.0505981118526024,0.0388937996602076,3.14413575767535e-08,0.0303470828214759,0.808443365991905
"TCGA.CV.A6K1.01A",4.19202587956234e-08,0.0322937464416556,0.0173781426782432,0.0223235376755649,7.22465368492563e-08,0.0319437233230916,0.896060735714649
"TCGA.CN.5363.01A",2.66782662535303e-08,0.00645232277991746,0.0961219546934595,0.0546137255699134,0.00928523015908656,0.00911249458238641,0.824414245536971
"TCGA.CV.6956.01A",2.35256510576564e-08,0.000145230026066323,0.040051146195014,0.00528475898739326,1.9482371594522e-09,1.86342753455107e-07,0.954518652974885
"TCGA.CV.7263.01A",1.53885538983081e-07,6.8892628535514e-08,0.144486559293742,0.027329351083512,0.000210527284247287,1.51309925663567e-07,0.827973188250406
"TCGA.CN.A49C.01A",0.00751037552504796,0.0194899606926209,0.00250779555271177,0.0203625183800913,0.000945388354463802,0.0153749823732543,0.93380897912181
"TCGA.CV.7097.01A",4.08718446102688e-08,0.000171400459842558,0.101727341208589,0.073845581475835,1.01573350361772e-07,0.00524151819291179,0.819014016217626
"TCGA.IQ.A6SG.01A",6.89221957895829e-08,0.0226620500325086,0.0279785769127142,0.0123194117592081,1.18440135647068e-08,0.00529042450105538,0.931749456028305
"TCGA.UF.A7JC.01A",1.10854878424017e-09,0.0109231500433649,0.0173770591549792,0.00578433137984976,1.15780042387241e-06,0.000517917990313298,0.96539638252252
"TCGA.QK.A6II.01A",6.79763265868434e-09,0.010800901485521,0.00074628656709536,0.010081254354388,0.00124155051813295,0.00430138763232536,0.972828612644905
"TCGA.CN.A49B.01A",2.18746391396954e-08,3.36763114175935e-09,0.0456037346193328,0.124333493965348,0.00962960564599864,0.00867839035292263,0.811754750174128
"TCGA.IQ.A61E.01A",2.98266520959357e-08,1.21638498249443e-07,0.0420095279359436,0.0319978475176301,0.00496231044149978,0.0146359887520231,0.906394173887753
"TCGA.BA.A4IH.01A",0.0209185153863266,0.0209932364292214,0.0613160000792071,0.0219456247149215,0.00285330234995875,0.0194862097242481,0.852487111316117
"TCGA.H7.8502.01A",6.7203558422518e-08,2.8961119394198e-08,0.0608052121324735,0.0253449010334742,3.4092752533268e-08,2.52159139954103e-08,0.913849731360708
"TCGA.CV.7406.01A",1.50379935642564e-07,0.0638127110628799,0.0993800246349618,0.0140314294719279,2.38662810794105e-08,0.000123943715068975,0.822651716868945
"TCGA.CV.7414.01A",1.34955014448111e-07,1.3931152934978e-09,0.0790127828787518,0.00889789874387275,0.00872026771538438,6.22977360447345e-08,0.903368852016125
"TCGA.HD.7229.01A",0.0108157068232687,0.010573211052895,0.00194538058149294,0.0185016790108418,0.00250425136078879,0.0325926227759914,0.923067148394721
"TCGA.CV.6961.01A",7.33179276960415e-08,0.0090440873622961,0.0864642086172145,0.0379639474002969,1.50464995330333e-06,0.000419637949285819,0.866106540703026
"TCGA.TN.A7HI.01A",0.352066034078983,0.0122859028417952,0.00767692400955944,0.025398111072664,0.0300942509176631,0.0267467355704092,0.545732041508926
"TCGA.CQ.5333.01A",1.31040707374117e-07,9.97066714264427e-05,1.03005595203921e-09,0.980530066045589,0.00273655789902002,0.0166331826315002,3.5468170138897e-07
"TCGA.CN.4733.01A",0.470415178579506,3.18667298349211e-08,0.123513727602333,0.0805449424968446,0.0473554689384656,0.0419789987234133,0.236191651792707
"TCGA.CR.6488.01A",1.7717511514346e-08,0.00961294392891437,0.0830999280914226,0.0452420057982729,1.25912822808658e-05,0.00300919339221179,0.859023319789386
"TCGA.BB.4225.01A",0.0869608009348176,0.0120369461781103,1.7332278566846e-09,0.0267241797598998,0.0139751734456953,0.109542329118292,0.750760568829958
"TCGA.BA.A4IG.01A",0.0290218642397714,0.00535149946301724,0.0132415306653638,0.0137101194253899,2.12233797667581e-07,0.0302820342604892,0.908392739712171
"TCGA.CR.7393.01A",3.35195661550926e-07,2.54881937040501e-08,0.136067677417913,0.0281796105577576,0.0253502235772476,9.4708894504992e-08,0.810402033054332
"TCGA.T2.A6X0.01A",0.0616291625864035,0.0154049588305713,0.0222055941847683,0.0397634549410623,0.0113502059145356,0.022110547909421,0.827536075633238
"TCGA.F7.A623.01A",8.87713828095532e-07,0.0166458032922467,0.0289990426517256,0.0238776778767019,7.95542169308052e-08,0.0172390458607666,0.913237463050514
"TCGA.IQ.7632.01A",0.0300278570450274,0.00448405301215297,0.0214628900591369,0.00754489998620936,1.14624982773676e-08,0.00322852771260795,0.933251760722367
"TCGA.QK.A652.01A",2.58061975964478e-08,0.000598275242655455,0.0595513869719951,0.0184552575308374,1.27985544232325e-07,0.0251591063807163,0.896235820082054
"TCGA.CR.7388.01A",0.226194303161271,4.82604303873793e-09,0.077036308749207,0.00845707251846436,0.00364216934895308,0.00849877017772474,0.676171371218337
"TCGA.BA.A6DG.01A",3.43826708590598e-08,2.0714754521069e-09,0.30278378964541,0.0410563433570161,0.000491237347327579,1.98947207553555e-07,0.655668394248892
"TCGA.UF.A7JT.01A",6.54893868141132e-06,8.37690647606097e-07,0.0215730165278703,0.173115394966227,0.0981371461836725,1.81697718627739e-10,0.707167055511204
"TCGA.CN.A6V6.01A",0.119694016512917,4.72090214168925e-08,0.00747577604304065,0.0447990147259799,0.0310890988382232,0.0510396127352212,0.745902433935597
"TCGA.CR.6473.01A",4.77511210445495e-05,0.0481155709540973,0.0164336592697215,0.0165756934987142,2.29881807283965e-08,0.0337094933416345,0.885117808826607
"TCGA.CQ.7069.01A",1.36260763388393e-08,0.0321293734855758,0.0554597733860567,0.00917779616749968,1.91964927194833e-07,0.00417283328424209,0.899060018085622
"TCGA.CQ.6219.01A",3.85481678024386e-09,9.74549244879314e-08,0.0900908514123631,0.0988151073912232,0.0381702052148213,2.62944098462769e-05,0.772897440262005
"TCGA.IQ.A6SH.01A",8.78103085365622e-08,0.000411527985726254,0.0418400945880561,0.0310972240289697,0.00924355481626951,0.00917098177661386,0.908236528994056
"TCGA.IQ.7631.01A",3.61146502870037e-07,4.09910049107459e-10,0.115658665656528,0.0028559114694654,8.35752938518377e-06,4.22238749734874e-08,0.881476661564333
"TCGA.CR.7398.01A",3.16111316046794e-09,4.12742197690007e-05,0.144228818333536,0.0122088085614055,1.82999976292735e-05,1.08944854692134e-07,0.843502686781692
"TCGA.UF.A71E.01A",0.000644195705518921,5.18999123545599e-09,0.0524081451585623,0.00772352641224023,4.88101606879144e-08,1.10400075720861e-08,0.939224067683519
"TCGA.UF.A719.01A",2.1583182062931e-08,1.65089206692304e-09,0.0780483756131653,0.00877370637774725,1.41675449553387e-06,1.95921699553632e-08,0.913176458428348
"TCGA.CN.6023.01A",0.0300250151237163,0.0249315006221846,7.16094626569582e-05,0.0937843634335809,0.0708974538989324,1.55662344577416e-07,0.780289901796584
"TCGA.CV.7422.01A",5.28198560445658e-08,8.70727339625001e-06,0.264155120858944,0.0148032227966678,9.1403289535717e-09,1.61288368835165e-07,0.721032725822438
"TCGA.CX.A4AQ.01A",0.162397545145127,0.0786658457546974,0.00961173986164639,0.0295399248025456,2.22431171453599e-08,0.155362910476947,0.564422011715919
"TCGA.CQ.5330.01A",4.50640051222241e-08,0.0753786198629187,0.149427284340711,0.207762139287644,1.89662317331051e-05,0.0170679314353429,0.550345013777646
"TCGA.P3.A6T3.01A",1.29160689506033e-08,0.0072637245594609,0.0205928296103552,0.0105580298148767,3.62985991536074e-09,0.00103327471565848,0.96055212475372
"TCGA.HD.A6I0.01A",4.0325868239293e-09,0.0222339411712138,0.00246585518404451,0.0330724057513106,0.0101084096700664,0.0129301750054434,0.919189209185334
"TCGA.CV.6950.01A",2.51622981970436e-09,0.0166102907009205,0.0641997635898402,0.0225804347957222,0.000161529764671473,0.00276289957660329,0.893685079056012
"TCGA.CR.7380.01A",5.22037823584901e-09,2.08603928398478e-08,0.128964272865045,0.0214030608758029,1.48046570528169e-07,1.25250794680239e-06,0.849631239623864
"TCGA.DQ.7588.01A",5.31984292624069e-09,7.65067522749617e-05,0.052007995356613,0.0097197219612028,1.1566502910913e-07,1.77670252002505e-05,0.938177887919837
"TCGA.BA.6873.01A",1.16081312797765e-09,0.0143779452554463,0.0300344240459552,0.0211243977670247,2.77876071814052e-06,0.028927196141677,0.905533256868365
"TCGA.CR.6472.01A",0.0103890408315346,0.00955642733539502,0.0543678428910631,0.00644936528247756,0.00456376098188952,0.00340465701069947,0.911268905666941
"TCGA.UF.A7JH.01A",7.8377265100684e-08,3.3450369530494e-07,0.141558234679225,0.0388309712851615,7.05240526952893e-06,4.29141219480442e-07,0.819602899608164
"TCGA.BA.4077.01B",3.04657990088233e-08,0.0168197964931652,0.0475810514777111,0.0597406686003093,0.000221238226763063,0.0532406231909946,0.822396591545258
"TCGA.CV.7411.01A",9.05235551923486e-06,2.92413707473202e-09,0.0484233665965858,0.0075623373780745,0.000135982298178198,1.21547438215766e-07,0.943869136900067
"TCGA.MT.A67A.01A",0.00100634638515719,0.00860202213575031,0.00636551198302398,0.00640673904093568,0.0108385292219669,1.43322263201869e-08,0.96678083690094
"TCGA.D6.6826.01A",1.47062754926812e-08,8.00680799633702e-08,0.078814171206306,0.0830630690341062,1.0964976146756e-06,0.00317495624732819,0.83494661224029
"TCGA.CR.7404.01A",0.103221354083836,0.0413799135332725,0.0222912685620042,0.0493035909156324,0.00418939416327005,0.0766628924429328,0.702951586299052
"TCGA.D6.A6EM.01A",0.0499513471305507,0.00571872049701172,5.78425999095941e-09,0.122611778520654,0.0563200062600333,0.00139027080491839,0.764007871002572
"TCGA.CR.7379.01A",2.98929783331554e-07,5.93660860706762e-05,0.111792850503579,0.0271465983349139,0.000238441304521851,6.24167840496093e-07,0.860761820673291
"TCGA.CV.7236.01A",4.19264575827461e-07,1.00704241016708e-07,0.11714071765847,0.0263738753113233,8.7207886293314e-08,0.00592411202614554,0.850560687827358
"TCGA.CN.4727.01A",5.79733077564573e-08,0.0223133079675413,0.0581572974023468,0.00321051203289217,1.21994421409547e-08,1.08514801836053e-09,0.916318811339322
"TCGA.CQ.5327.01A",7.64310344224461e-08,0.00570185506698547,0.00961591489638758,0.0925230403866625,0.0296050438643142,1.85708031565257e-09,0.862554067497536
"TCGA.C9.A480.01A",7.90188743695764e-09,0.0114420926461842,0.0067182790517004,0.00808142148110731,0.00246235891614995,0.00866883372049696,0.962627006282474
"TCGA.CV.A6JO.01B",3.39299803401933e-08,0.00580323956916117,0.00617454299758772,0.037897096221177,0.0267095040727908,1.31060971189544e-07,0.923415452148332
"TCGA.CR.6492.01A",0.0257449617646363,0.0184822478869375,0.024302793433269,0.0221671414357721,5.97191991921883e-08,0.0145533044720192,0.894749491288167
"TCGA.CV.6933.01A",3.79553946320242e-08,0.0159025777325571,0.0721059637732355,0.0389309414111401,4.49959523280316e-08,0.000332179507440278,0.87272825462428
"TCGA.BA.6872.01A",4.60338871890964e-08,0.00245555798577813,0.0555710773075989,0.0122674891194739,4.4230789004157e-08,0.000489490040817327,0.929216295281656
"TCGA.BB.4223.01A",0.07278591352642,0.0423472953242725,0.0197191447954771,0.022581335686969,0.0132587501194401,0.0822695808660817,0.74703797968134
"TCGA.UF.A7JJ.01A",0.131837049165374,4.8865102460759e-09,0.25671537884223,0.0501152558284845,0.00818739601391181,5.04311611711103e-08,0.553144864832328
"TCGA.RS.A6TO.01A",5.41453674453774e-08,1.71420717915118e-07,0.106399838160926,0.0560794120828563,0.0101960128130313,4.64981494539496e-07,0.827324046395606
"TCGA.CR.7372.01A",4.399599773044e-09,0.00157939693217737,0.0857180822810281,0.0125538326624295,0.000108470521102077,3.84848121549937e-08,0.900040174718851
"TCGA.D6.6827.01A",2.14151001094788e-08,0.0263715851442045,0.0287319636201139,0.00997003178654632,2.95551226712087e-08,0.00867366152903134,0.926252706949881
"TCGA.CV.7437.01A",8.58222347076231e-08,0.0208810926038183,0.0280222831383503,0.0342935833059867,5.00103540958906e-08,0.00421552551556281,0.912587379603693
"TCGA.BA.5151.01A",9.92278017132039e-09,0.0121439249652764,0.0545329189239675,0.0158710636792837,1.49385211090589e-07,0.00481776561560799,0.912634167507873
"TCGA.CV.A461.01A",1.61420178632575e-09,1.17946191708604e-06,0.0801439835407929,0.0646680211324497,0.0731746964199605,2.90735748236732e-08,0.782012088757103
"TCGA.BA.5559.01A",0.0448940396169147,0.00197375250344268,0.0555667695457115,0.135372531768375,0.0787626406530128,0.0821988186947344,0.601231447217809
"TCGA.CN.4723.01A",1.61514280480773e-06,3.60794006012839e-09,0.104815737383436,0.0552176492514179,1.11049371938716e-06,0.0186274070707073,0.821336477049974
"TCGA.F7.A624.01A",0.073860998338901,0.0265283382824288,1.97561254828828e-07,0.205204446466727,0.151799623983961,6.25291143067819e-08,0.542606332837613
"TCGA.CV.A463.01A",0.00415866218284477,0.00685410271382062,0.0140257318426822,0.00807601103484952,0.00298761574105229,0.00160325855943271,0.962294617925318
"TCGA.BB.4228.01A",0.0125401296482633,3.72862579906891e-09,0.0855207254037656,0.0148587792500916,0.00643705627365734,0.0104937169860752,0.870149588709521
"TCGA.CV.6953.01A",0.0507923286469959,0.00810783081063259,0.00386976130787557,0.0134351102571157,0.00143098608901337,0.00778562894867854,0.914578353939688
"TCGA.CV.7261.01A",0.0258315139123706,0.00050577573681428,0.130846698622352,0.016024578039062,3.52805009060112e-05,1.61192329602189e-08,0.826756137069262
"TCGA.P3.A5QF.01A",4.38331706779263e-09,0.00865101196472813,0.0123529928993259,0.0220552910717464,0.00365184727972299,0.00481040592688689,0.948478446474273
"TCGA.CR.6470.01A",0.237320741130729,5.04644211970574e-08,0.0698287641868977,0.0358842033037884,0.030466625922129,0.0815197921049797,0.544979822887055
"TCGA.CV.5979.01A",1.11551946512481e-05,0.0374621781701096,0.0288444326741379,0.0178340126012898,3.57889200543508e-08,0.00708422780602385,0.908763957764868
"TCGA.CR.6471.01A",0.00256485102318636,6.68281132583662e-10,0.0688542062306071,0.0167157272426396,0.0154314424037119,0.022394286230583,0.874039486200991
"TCGA.CV.7430.01A",3.84171566615274e-07,0.020142840242472,0.0132065155265585,0.00824068553170751,7.84025421257619e-11,0.00822391322996374,0.950185661219329
"TCGA.CV.7099.01A",3.19645965514855e-09,0.0160830625877322,0.00907520372899603,0.0394786094348814,0.013257767978905,0.00408424680588623,0.918021106267139
"TCGA.CQ.6221.01A",3.54863692068614e-07,4.82350725522315e-06,0.968166960951818,0.0239773393118546,1.13826911149959e-06,8.80102251887298e-08,0.00784929508604365
"TCGA.CN.6992.01A",3.82240254511684e-07,3.28642864838303e-07,0.09559803625013,0.0140436245009131,9.59900497995249e-06,1.38315664543735e-09,0.890348027977701
"TCGA.BA.5556.01A",1.78372791176874e-08,0.0241710674692101,0.0199687086136868,0.0449153357886886,0.0611939744049169,0.00729014570212278,0.842460750184096
"TCGA.CV.7245.01A",2.38507878564054e-06,1.3273656716467e-08,0.174186335376128,0.00663428260352093,1.00195300164609e-08,1.46197022011694e-08,0.819176959028677
"TCGA.UF.A7JV.01A",4.69849818764566e-06,0.0573273202634246,0.0406386318851956,0.0890744226471143,2.1864175601754e-08,0.0385111890046033,0.774443715837299
"TCGA.CV.5440.01A",1.92946875590776e-08,0.0395581383352612,0.0216776716892733,0.0191270073968094,3.64298462629364e-07,0.00360749317155802,0.916029305813948
"TCGA.UF.A7JO.01A",2.67507230342999e-08,1.85040017118577e-08,0.0285818712034509,0.161447226827578,0.0152440596119283,0.0439689694427678,0.75075782765955
"TCGA.CV.A45V.01A",9.64421477654212e-09,0.00335255189873165,0.0529840626405629,0.0220358152761005,0.00787152162217263,0.0019748893767363,0.911781149541481
"TCGA.H7.7774.01A",1.53102095850319e-08,0.0094473121024316,0.00206016397603843,0.0128883469878318,0.00303937788799289,0.0123025206445429,0.960262263090953
"TCGA.CQ.A4CG.01A",1.32475106502265e-07,0.0509620079476675,0.0833041897394093,0.0638271827941985,1.86611422159318e-07,0.000391034818613348,0.801515265613583
"TCGA.CV.5970.01A",0.0100299742793475,1.28616232835673e-06,0.0715957690713166,0.0211294204545385,8.11871465386642e-08,7.48573838673504e-07,0.897242720271484
"TCGA.BB.4217.01A",0.338310506427688,0.0192687939888622,0.00776823597124361,0.00478632510766422,2.29572539096782e-08,0.118830031025251,0.511036084522037
"TCGA.CR.5248.01A",0.232276510197843,4.35852249965299e-06,1.82680138766309e-10,0.0983282637281605,0.37260596321738,1.03165908174406e-08,0.296784893834846
"TCGA.CR.7394.01A",0.0924176201167348,3.82452451958594e-10,0.0776812104041788,0.0433718635752226,0.0446667612465417,0.0171959977694571,0.724666546505413
"TCGA.CV.7421.01A",0.0165676308549175,0.12339439848264,0.236092008736125,0.0116592974347101,9.90497325804512e-09,0.0500854657594354,0.562201188827199
"TCGA.CN.4729.01A",4.06434828101022e-08,0.000494038893858909,0.14838378435932,0.0106739666817651,8.44508345943526e-09,4.0749085685095e-05,0.840407411890805
"TCGA.F7.A61V.01A",0.00225204007969731,0.00137614116912463,0.0178107756656231,0.0089373450058689,0.00107557875039184,0.00669004649799724,0.961858072831297
"TCGA.BA.A6D8.01A",0.0257232468265738,0.0996363162726823,0.0510731878014449,0.0171119060320342,2.25517778897782e-08,0.0529114714571579,0.753543849058329
"TCGA.CV.5971.01A",0.000504952059655569,0.0612470659120425,0.190304143927956,0.0298128279907473,3.05522824407465e-07,0.0287112430344606,0.689419461552314
"TCGA.CQ.6220.01A",1.65822484061587e-07,0.00434180849123318,0.0176350622110966,0.0219315804473263,0.000248312711155092,0.00722595706350364,0.948617113253201
"TCGA.IQ.A61J.01A",9.79169713571013e-09,8.10669052773659e-09,0.092959390719369,0.0192037092494282,0.00076224263972842,7.09150012801434e-07,0.887073930343074
"TCGA.BA.7269.01A",3.59129513783226e-06,0.0138474674855739,0.123051559722215,0.0184765169288868,2.9237147175769e-08,0.0256015824110138,0.819019252920025
"TCGA.CV.7178.01A",2.26699411674957e-08,6.41102448580737e-09,0.214566824042498,0.0613715437134467,0.001783875236222,2.02801913782964e-06,0.722275699907729
"TCGA.BB.A6UO.01A",4.32930988290454e-07,0.0346176497836643,0.0914527696459604,0.0172705544619849,2.96416437027275e-08,0.00121080724921791,0.85544775628654
"TCGA.CV.A468.01A",0.0122851368374975,7.94034835263119e-11,0.119053017600582,0.0461776575343264,0.0375738330483163,0.0122396929196201,0.772670661980254
"TCGA.CV.6960.01A",8.53265995153944e-08,0.0365807690571338,0.0303648976728068,0.00843651602020961,3.00468124334519e-08,0.0135634401332596,0.911054261743178
"TCGA.CV.7252.01A",5.95724628324912e-08,0.0373711120823783,0.0678711566048094,0.0337400301742356,2.29288378315157e-05,0.000210633562324178,0.860784079165958
"TCGA.CV.A45X.01A",7.16895704694218e-08,9.96896335476621e-08,0.0162801721161031,0.00794613508201996,1.15824627550722e-06,0.00109992740085375,0.974672435775544
"TCGA.CN.A6UY.01A",0.0405634854592196,0.0138458217347896,1.09826793177998e-09,0.0167907116243077,0.0869036043790899,0.0306229335445012,0.811273442159824
"TCGA.CQ.6222.01A",1.77761032238126e-08,0.0265641924105757,0.0107575367422699,0.0683379446194597,0.0103999654918804,0.0246941767596736,0.859246166200038
"TCGA.MZ.A7D7.01A",9.08468693706418e-10,2.90815213833892e-09,0.0351941425293254,0.00725074177462317,2.76708012763661e-06,4.42065908429307e-08,0.957552300592712
"TCGA.CQ.5329.01A",2.70264101613793e-08,1.50914883296053e-09,0.168097108126449,0.103321213624744,4.02187261297283e-06,1.85371582943323e-05,0.728559090682341
"TCGA.CV.5973.01A",2.77129164315738e-09,0.0104233965549059,0.00526842757943499,0.0104551339956915,2.35979680683238e-08,0.00534026988388623,0.968512745616822
"TCGA.BA.5555.01A",3.4612772052114e-08,0.0508859740959598,0.0182822360219881,0.0249138789652378,0.00609284358845259,0.0173950700463492,0.882429962669241
"TCGA.UF.A7JS.01A",2.44873558502427e-08,0.00853321033679194,2.92601457970841e-08,0.082844306862744,0.000172485796527367,0.0398410434411766,0.868608899815259
"TCGA.CV.A45Q.01A",3.80030227096872e-09,0.00623390070421447,0.0044430818988006,0.0131441442968622,0.00228733415849051,0.00399551554287968,0.96989601959845
"TCGA.QK.A6VC.01A",0.0237081331315481,2.43018535223739e-07,0.0254908659291799,0.0178826415010969,0.0132537125838234,0.0224869119826215,0.897177491853195
"TCGA.BA.A6DL.01A",0.011133587882843,2.17495454445597e-10,0.0285641334729137,0.00427190211573268,0.0032176846165158,6.07887667692788e-08,0.952812630905733
"TCGA.CR.7365.01A",8.5221058525573e-08,5.36483144877037e-08,0.0946778954138067,0.0166095194823401,2.92964352963013e-08,6.83698876832465e-06,0.888705579949277
"TCGA.P3.A6SW.01A",0.233712712706777,7.92001357313046e-10,0.0213251356778085,0.0371726874944494,0.0216419025990797,0.00793825972761063,0.678209301002274
"TCGA.HD.8314.01A",1.06199110526945e-08,0.0593413860439766,0.0582649115088231,0.0414755985265785,4.74241235178972e-07,0.0371038192960414,0.803813799763434
"TCGA.CN.4742.01A",0.0173290415358632,8.43636624755671e-08,0.137958544322504,0.0214309491952942,2.8229454467823e-08,3.63468389984376e-08,0.823281316006382
"TCGA.IQ.A61H.01A",3.98920739458074e-08,0.00216352010650088,0.0745306655209923,0.0184707802961001,3.63649414166861e-07,0.00391574575022155,0.900918884784697
"TCGA.CX.7085.01A",0.157887919162116,1.51309155217598e-09,0.162550887708172,0.0388895420808269,0.0143025127272855,9.41251653320347e-06,0.626359724291975
"TCGA.CV.7235.01A",8.0515147778305e-08,1.1841901407153e-09,0.273910661377408,0.0503947490001082,0.00156790948960722,3.94990283371438e-07,0.674126203443255
"TCGA.CV.7434.01A",2.23128339650528e-08,0.00111600446531259,0.0209820533520427,0.0420602791171086,0.00368477490491394,0.00148898050406207,0.930667885343726
"TCGA.CR.6480.01A",0.0263886671028881,0.0354024702496636,0.000223185530652511,0.0157570987531538,0.00317439817542332,0.0240862949254153,0.894967885262803
"TCGA.CR.7385.01A",0.0408144131786909,8.59156289915752e-09,0.0140143794018717,0.0452907466259458,0.0098817189013864,0.0529867226010427,0.8370120106995
"TCGA.T2.A6WZ.01A",0.111333461196743,0.0125492365045203,0.0138835868953684,0.00796726197466122,0.000999213265659,0.00933571829979763,0.84393152186325
"TCGA.CV.6436.01A",2.55829430358653e-09,0.00436511624723535,3.84669930101392e-10,0.0294001247009694,0.0364353684099639,1.05049242714512e-08,0.929799377193943
"TCGA.UF.A7JA.01A",2.34630721378615e-07,2.44424898021581e-08,0.128441022864768,0.0123028123696529,0.000170501470232122,7.53580810716167e-08,0.859085328864055
"TCGA.CQ.A4CB.01A",0.000216013555142082,5.92781921644737e-08,0.137778943536107,0.0305662520558876,6.72463873758678e-06,1.30222352519743e-05,0.831418984700682
"TCGA.CX.7219.01A",6.78093827350123e-08,0.00193432579138538,0.126943759710921,0.0683955125856401,7.47001984646734e-06,0.00581833118448113,0.796900532898343
"TCGA.IQ.A61G.01A",1.64049775430839e-06,0.00581526228426815,0.0112578269717528,0.0170687190898954,1.23056119020136e-08,0.00924451553722278,0.956612023313495
"TCGA.CV.5434.01A",3.09852602105467e-08,4.93090205625678e-06,0.215273359597138,0.0379737148800917,4.5024230187094e-10,1.79295051677234e-08,0.746747945255706
"TCGA.DQ.5625.01A",2.37460242011644e-07,3.84883372511977e-09,0.0339309935459781,0.0595938023899078,0.0559038624452412,3.10051171167043e-07,0.850570790258626
"TCGA.BB.A6UM.01A",3.5829967747228e-09,0.0196980294591238,3.31590229229402e-07,0.022270126775367,0.0408599629873883,0.00837570348573165,0.908795842119163
"TCGA.C9.A47Z.01A",6.92707479054824e-09,0.0129863209939272,0.00644931121851079,0.00649016873893311,2.57153414223218e-09,0.00760940370159772,0.966464785848422
"TCGA.P3.A6T7.01A",1.05946979776161e-08,0.00457556253874598,0.0242475714662645,0.0108680267846389,0.000388005753871149,0.00437237964999358,0.955548443211788
"TCGA.CN.6998.01A",8.47428825185531e-08,0.0145889545603097,0.00392650049776304,0.0166947831748341,4.21831589304627e-08,0.00966167738624218,0.95512795745481
"TCGA.MZ.A6I9.01A",0.140397215607222,0.0258554331393706,0.00980021763366554,0.00393894059619761,0.00204920316034994,6.64392102479763e-08,0.817958923423984
"TCGA.F7.A50I.01A",9.02734938861288e-09,2.55759664925964e-06,0.0494277199604284,0.0153087803416673,0.00381895846425972,0.00465890819951839,0.926783066410128
"TCGA.T2.A6WX.01A",3.89659417159626e-08,0.0100246855609567,2.92153041078418e-07,0.102213966240912,0.165458833245743,5.71170576208236e-06,0.722296472127643
"TCGA.CN.4741.01A",2.61378650465902e-08,2.41055933085632e-08,0.0419547170234324,0.0222204218504021,0.00161071857501846,0.00437780498887999,0.929836287318809
"TCGA.CV.6948.01A",8.72572902169597e-07,0.0105574616060772,0.0206540973295207,0.0270474232451807,0.0100466495552822,0.00176391525913691,0.9299295804319
"TCGA.QK.A64Z.01A",1.23889962588102e-06,2.98348385769736e-09,0.0467600074946921,0.0294482134686097,1.00049937945622e-06,0.00572568715302526,0.918063849501184
"TCGA.CQ.6228.01A",9.03643220457674e-08,2.89475194106215e-06,0.0644473127239769,0.0139806364842793,8.76265513337853e-09,2.78166548697891e-08,0.921569029096171
"TCGA.CN.6996.01A",2.90231600977854e-08,3.54023271471689e-08,0.0629830780660812,0.0850987251501916,0.000850654491801862,0.0364127387312488,0.814654739135189
"TCGA.CN.4737.01A",1.32900989477808e-08,4.41308842346061e-09,0.148409731104642,0.0177100692679819,3.01649591335956e-08,1.01058000569087e-05,0.833870045959173
"TCGA.QK.A6V9.01A",0.0515146162262874,0.00602412227605671,6.84730451943536e-10,0.0168881912483283,0.0354213838007352,0.024171875311245,0.865979810452617
"TCGA.DQ.7591.01A",0.079103700140269,0.0112209652721469,8.10627687070885e-09,0.0191635742280384,0.0303125912153277,0.0559617218780778,0.804237439159863
"TCGA.CN.5358.01A",0.0901738248611502,3.15852751773822e-08,0.286223746308413,0.0565330480128606,0.0163941849994125,5.95389190467591e-08,0.55067510469397
"TCGA.CV.6945.01A",4.7182263977047e-09,0.0230398814920836,0.0304134059453041,0.018876622351944,7.16893144608448e-09,0.00773814364518457,0.919931934678326
"TCGA.CQ.6218.01A",1.08216738178843e-08,8.29045547736488e-10,0.0470832351682149,0.0182571800268807,9.34065044522068e-07,0.00926263160820237,0.925396007480938
"TCGA.CV.7413.01A",2.89600958077074e-06,3.99376863114247e-08,0.160546136383055,0.0558419180751769,1.36113990406791e-08,2.64337023568792e-07,0.783608731646078
"TCGA.CR.7377.01A",0.0260013330146256,1.90726027214608e-08,0.137387933843277,0.0444337518964028,0.0225432376659089,0.0221122602098167,0.747521464297367
"TCGA.D6.6823.01A",8.21760582927458e-08,0.0196599794129228,0.0306570276990671,0.00826325185731393,1.79254378596803e-08,0.00350293053094659,0.937916710398253
"TCGA.CV.7253.01A",2.19641674693184e-08,3.92688684518421e-09,0.0943989002729551,0.0043655935617078,6.18005558388247e-07,7.05078106956137e-09,0.901234855217943
"TCGA.CV.6942.01A",0.131287429289523,0.00872912438173314,0.0646403745606685,0.043790776168658,0.0377235191209151,7.84541840514792e-09,0.713828768633084
"TCGA.BA.A6DA.01A",0.00373815926608506,0.000644531566404912,0.0171415766757271,0.00902972741808961,1.80595039171038e-08,0.0123543476141471,0.957091639400042
"TCGA.MT.A67D.01A",0.0749560867532264,6.77969498742424e-08,0.071219223762549,0.0109187666227173,2.55939231509171e-08,0.00351045958738604,0.839395369883248
"TCGA.CQ.5323.01A",0.0503067761565946,0.0183239169284666,0.0240316366925832,0.021895972117024,0.00518242349672599,0.0115434494323223,0.868715825176283
"TCGA.CR.7390.01A",4.49935628552128e-07,4.39338116407409e-06,0.134473312601707,0.0108239126244062,3.01231266986318e-06,6.48742100900491e-06,0.854688431723415
"TCGA.UF.A7JK.01A",2.55890185240602e-07,0.0400118612067095,0.0303495877255494,0.00782655401961376,8.880023230282e-08,0.0051567494951678,0.916654902862542
"TCGA.CV.A45Y.01A",0.185788813915007,3.42090402586576e-08,0.218304082840876,0.0290750577139542,0.00207782596890358,0.00820280022569715,0.556551385126522
"TCGA.P3.A6T0.01A",1.43602866190043e-07,0.026505058102479,0.0381439887844166,0.0159480152531956,6.06962046190616e-10,0.0114044390770541,0.907998354573027
"TCGA.CN.4740.01A",1.06923112215982e-05,1.16632895750476e-09,0.380361370461199,0.0608556742186548,4.3888008041001e-05,1.03061441371377e-08,0.55872836352841
"TCGA.CN.5370.01A",1.42083302501905e-07,1.49371055010215e-08,0.196156383128914,0.151914324945139,4.75288796971843e-07,2.03243987241151e-05,0.651908335218017
"TCGA.CN.6024.01A",5.81493347097254e-08,0.0208512393579629,0.091263721488052,0.00734438296421218,5.68060061694398e-09,0.00225114584500784,0.87828944651483
"TCGA.CR.7397.01A",1.75665073241621e-07,3.85450422229063e-07,0.27074764380757,0.0173022754783601,1.16548348504547e-07,3.6472202566744e-08,0.711949366578024
"TCGA.QK.AA3J.01A",0.0516401019540622,0.0141626410372659,0.0110686562366333,0.00472736236392369,0.00163631069049935,0.0324119670008161,0.8843529607168
"TCGA.BA.A6DI.01A",9.0667977591967e-07,0.0199174163167967,0.0110003224212909,0.0130403657155346,8.18030931622066e-06,0.00975107499985406,0.946281733557432
"TCGA.CV.5443.01A",0.301046133883911,0.0432648382173788,0.0569276520702269,0.0763029000568812,0.0631334842156753,0.0162908950501386,0.443034096505788
"TCGA.P3.A5Q5.01A",0.0105752157544001,2.18096010494595e-08,5.75503837341945e-10,0.183453030792354,0.122801296813336,0.000304884752239463,0.682865549502565
