"","cellFractions.B.Cells","cellFractions.Endothelial.Cells","cellFractions.Fibroblasts","cellFractions.Macrophages","cellFractions.NK","cellFractions.T.Cells","cellFractions.otherCells"
"TCGA.BP.4766.01A",1.1609092020157e-06,0.259639624996013,1.66054054193641e-08,0.0319356837602418,0.00194536481631323,1.67295763331734e-08,0.706478132183248
"TCGA.A3.3352.01A",2.5422368497998e-08,0.284055838233022,9.63340606440752e-06,0.0423811854197486,0.00991091366257334,6.53247884066415e-09,0.663642397323744
"TCGA.G6.A8L7.01A",4.15920665125416e-08,0.105796662562744,1.52114650186044e-08,0.0199759147892189,0.0308798630146644,5.4236941024648e-07,0.843346960460431
"TCGA.A3.A6NN.01A",4.38775073457107e-08,0.490279399797649,6.69768922071038e-06,0.0681920740889194,0.01746873140147,4.87079863779906e-08,0.424053004437247
"TCGA.T7.A92I.01A",4.943764364132e-07,0.0717209440652853,0.0146401463896604,0.0306926257789219,0.000103242075849864,0.0403126901168708,0.842529857196975
"TCGA.B0.5713.01A",1.15619425199207e-07,0.445195601566299,1.23494473904489e-08,0.0293891085568569,0.0168697553119888,7.11444598335367e-10,0.508545405884539
"TCGA.CZ.4860.01A",9.65663972197338e-08,0.0458984327553311,0.109907899620366,0.124411220110547,1.89018510260734e-07,0.00595140164836357,0.713830760280485
"TCGA.A3.3351.01A",4.51369406144287e-08,0.283097517879453,2.03157258246028e-09,0.0920417865690374,0.0948094981288781,4.27196344710215e-06,0.530046878290671
"TCGA.B8.4148.01A",2.96586042695136e-08,0.193717005199484,2.61520752593317e-05,0.0895007191892471,0.141674361928489,1.71546376051449e-08,0.575081714794279
"TCGA.BP.4345.01A",1.78487241019067e-07,0.540457012168653,0.1611271097236,0.0508790336461634,1.74737507805703e-08,0.080188244577974,0.167348403922617
"TCGA.BP.5010.01A",0.00998238367277505,0.294863527494029,0.0701311242379345,0.00896168929047275,7.03258326083918e-09,0.0576171485028051,0.5584441197694
"TCGA.BP.4325.01A",6.74629333624122e-09,0.100242100178172,6.06809379389287e-08,0.0482362875452584,0.0681145248224192,1.39028132121052e-07,0.783406880998787
"TCGA.B0.5102.01A",4.96980340549778e-08,0.108399326625931,1.22581640977191e-08,0.0360179512342197,0.0183148253513769,2.65045794435856e-07,0.83726756978648
"TCGA.BP.5185.01A",1.81186364761589e-07,0.0870710255002933,5.26805800149596e-05,0.00808369863932999,0.00901604605586694,0.0135059403807322,0.882270427657398
"TCGA.CZ.5986.01A",9.88440105440025e-09,0.312562535414017,2.00638830745406e-09,0.0271922919965062,0.00086844989470654,7.97018112375009e-05,0.659297008992744
"TCGA.CW.5590.01A",9.39168437677175e-08,0.387769225613963,1.5650124644295e-06,0.0570967074562269,0.0158688503380437,7.75064513170254e-09,0.539263549911813
"TCGA.CJ.4904.01A",8.61142606244984e-08,0.43699260411953,1.61170518162622e-09,0.0369804198567393,0.00222932618294462,1.37321349608544e-05,0.52378382997986
"TCGA.BP.4987.01A",1.7527817026766e-08,0.281334444861572,7.1055703470031e-09,0.0429569103010142,0.0237121304017122,2.97718604884274e-08,0.651996460030454
"TCGA.B0.4849.01A",9.83257431407416e-08,0.272479306522933,1.91635683777895e-05,0.035735232409128,0.0119291051420645,8.73443794172418e-08,0.679837006687374
"TCGA.BP.4329.01A",3.09948710491642e-07,0.251382665257572,0.00722457001988563,0.0373884908196541,0.0130081560266807,8.04113535954062e-07,0.690995003813961
"TCGA.A3.3328.01A",4.86337479807441e-07,0.0438978841850612,2.07827973855559e-07,0.00979243123141732,1.47807321754591e-07,1.14587330065869e-07,0.946308728023416
"TCGA.CJ.5672.01A",4.34057146501616e-09,0.280436454850092,1.03910186359411e-07,0.13627039108402,0.141170231608785,5.78672743299121e-06,0.442117027478912
"TCGA.B0.5104.01A",4.84262789606656e-08,0.144966876205956,1.16988104322471e-08,0.0100761590873314,0.00127137706998847,4.90855527207098e-09,0.843685522603079
"TCGA.CW.6097.01A",0.00705849648719453,0.44042595876711,0.0904458632627523,0.126785438717499,0.000546543058888623,0.145561978634766,0.189175721071789
"TCGA.B0.4700.01A",4.05056066467193e-08,0.289354634526074,0.0987027160456771,0.153163012242971,0.246099937760663,1.97508646922562e-09,0.212679656943921
"TCGA.B0.5095.01A",2.73050794030588e-08,0.485906577735463,0.203294849150571,0.0328800497933663,0.0106877451781024,0.00645541652772622,0.260775334309692
"TCGA.B0.4810.01A",6.86239625200161e-08,0.573999273668933,0.00105787420026013,0.151961865237957,0.150779664953388,0.00150241613087532,0.120698837184624
"TCGA.CJ.4901.01A",6.91544655217463e-07,0.152317871015928,3.78021776721743e-09,0.102916852697656,0.133874102206287,2.42096276109767e-08,0.610890454545629
"TCGA.CJ.4643.01A",8.50695844467306e-08,0.411721348103027,8.31583137145993e-08,0.0424700175548521,0.0101017325341461,2.57190232451717e-08,0.535706707861053
"TCGA.B8.A54H.01A",5.85501339432939e-08,0.430647449190954,4.1763483374814e-05,0.0271760547932244,0.0453033382787655,2.3162136374969e-06,0.49682901948991
"TCGA.AK.3429.01A",1.37565205952163e-07,0.166284925199096,1.79843254502658e-09,0.066906643673024,0.168869160950063,2.67827635692716e-07,0.597938862986544
"TCGA.B0.4834.01A",7.80234999044571e-08,0.0770022520128172,1.08027000093977e-05,0.00291361446197834,8.52201902560674e-09,1.18029803648187e-07,0.920073126249873
"TCGA.B0.4843.01A",0.00766207274197227,0.335865610958361,0.0433056363977119,0.00850235934786906,3.04640813676219e-10,0.0391155767944099,0.565548743455035
"TCGA.A3.3382.01A",1.76795442374745e-07,0.295877490295688,1.43131646718306e-08,0.073516597082178,0.0242387048422462,8.6211476930039e-11,0.60636701658507
"TCGA.BP.4338.01A",2.85056261279061e-05,0.0454034939280674,1.13480267594203e-09,0.0792389839045018,9.7289490597942e-08,9.90203029379258e-05,0.875229897814072
"TCGA.B4.5832.01A",3.15420103428359e-09,0.0287577793947707,0.0164204844159392,0.00714752703571551,6.12032963589866e-09,0.0240431432318079,0.923631056647236
"TCGA.CW.6088.01A",8.849188361577e-05,0.518699511159931,3.28502523920916e-09,0.0143570798665545,0.000609571008711921,1.14962741815437e-08,0.466245331299887
"TCGA.A3.A6NJ.01A",4.07343614775584e-08,0.223427166196352,2.87888950725662e-08,0.110996429463516,0.141754430646943,9.24551191165329e-08,0.523821811714813
"TCGA.B0.5088.01A",1.97732239934275e-07,0.294111292161439,1.67275178683247e-08,0.066532889727197,0.0147027093680759,9.71678692459042e-08,0.624652797115661
"TCGA.A3.3308.01A",1.36176995130975e-07,0.377533284313477,0.0139114779687961,0.0542146775809251,0.0002851317596559,1.67086798155766e-08,0.554055275491471
"TCGA.CW.5589.01A",1.44581932746796e-07,0.73135188574459,3.18080080167772e-08,0.0719780193850771,0.00163372319821159,3.06351375867847e-07,0.195035888930805
"TCGA.B0.5702.01A",4.42976546781239e-08,0.630197377906586,6.44595451902619e-08,0.250996178453633,0.0391136189300809,4.31350456933379e-08,0.079692672817454
"TCGA.BP.4169.01A",8.45427984536402e-08,0.587560960242234,0.0313016993878408,0.0845529065697185,2.73547298742103e-05,0.0336202848185396,0.262936709708994
"TCGA.CZ.5468.01A",1.67162416864389e-07,0.207564498012956,9.26117085017652e-05,0.0995117460645055,8.31116490040921e-08,0.0296025279909142,0.663228365949056
"TCGA.A3.3313.01A",4.07491797059987e-09,0.0604583371075249,0.00343245366787301,0.0196039682112873,1.84215880956386e-06,0.00142043544659101,0.915082959332996
"TCGA.BP.4782.01A",7.88468291940929e-07,0.278691312306941,1.1971896524038e-10,0.108147102610728,0.0457622155374313,1.36734599079749e-08,0.567398567283429
"TCGA.3Z.A93Z.01A",1.61980043469487e-07,0.419123516046459,0.000375480907842234,0.0386052951508881,0.0115789639375577,9.99693730482471e-05,0.530216612604161
"TCGA.CZ.5454.01A",1.2521207490777e-08,0.293945998505504,8.25196167383167e-10,0.242735793461302,8.2117293475857e-07,2.12411180699719e-07,0.463317161102675
"TCGA.A3.3358.01A",1.07121007227583e-07,0.120811053101235,7.34427011174485e-08,0.0853293905045706,0.039978819571761,5.00337255307534e-08,0.753880506224999
"TCGA.CJ.6031.01A",1.79957312722276e-07,0.461784565401208,0.0909289663193161,0.138292988445171,0.0231582158447402,0.0568804179955566,0.228954666036695
"TCGA.BP.4790.01A",1.93537673065512e-08,0.374125005347125,0.0473523315552483,0.0628191814651097,0.0358487200603793,0.0475145246784844,0.432340217539886
"TCGA.B0.5699.01A",0.000131488538252233,0.223032057416475,9.26713311648806e-06,0.0368091880027356,0.0117929077527516,5.70360084989433e-09,0.728225085453068
"TCGA.CJ.4635.01A",2.48955435971239e-07,0.202473694337225,1.26367729211352e-09,0.06747957144988,0.0694474701139542,4.05288111287737e-08,0.660598973351016
"TCGA.A3.A8CQ.01A",2.68987687130997e-06,0.398736197976295,6.64915171114204e-09,0.0191388945636955,9.55541085755616e-05,2.34074837026503e-08,0.582026633417928
"TCGA.AK.3447.01A",1.80596521810848e-09,0.0136708921655913,9.43922311955141e-11,0.00344712835877523,0.00321716976784727,8.28579328160333e-08,0.979664724949496
"TCGA.BP.4159.01A",8.67483325960194e-07,0.278415724827693,0.0188875177784137,0.0143968390942328,0.0130882846954096,0.010015894955269,0.665194871165656
"TCGA.B0.5698.01A",0.000257873653869235,0.214441098026184,2.16813260951439e-09,0.0500346782388961,0.0167340588345757,1.12026579679568e-08,0.718532277875684
"TCGA.A3.A8OU.01A",2.10748235520117e-07,0.327217062815981,2.51431121335815e-07,0.0426720629580723,0.011008674994753,7.80515814879604e-08,0.619101659000255
"TCGA.A3.3380.01A",2.18418761667041e-08,0.409071280084102,4.10496204948783e-09,0.0343462320604241,0.00428738121999324,5.05614073880099e-05,0.552244519281254
"TCGA.BP.4998.01A",3.78646426840336e-08,0.545547737219842,0.0335301730738867,0.079733429305836,0.020990161670148,0.0199936155380876,0.300204845327557
"TCGA.A3.3383.01A",1.52345413728483e-07,0.269619256921741,3.01020582734092e-06,0.163163784793003,0.0570272862895011,1.28656062354061e-08,0.510186496578908
"TCGA.BP.4353.01A",5.37535515113639e-05,0.579235261474023,3.56745183784838e-08,0.104711378913067,0.0358004924479976,7.23400916151517e-05,0.280126737847267
"TCGA.CJ.5686.01A",2.01661187534243e-08,0.249881656903298,4.26756214336167e-06,0.0742880924385976,0.0317617117488062,2.94304913782722e-08,0.644064221750545
"TCGA.EU.5907.01A",6.11245504127709e-08,0.166792435943751,3.38448877236093e-05,0.0667776531080591,2.26403289780901e-09,2.52966175040084e-05,0.766370706054379
"TCGA.B0.4703.01A",2.60784823467876e-08,0.359785273394958,0.268548955020926,0.0837098432002413,0.0292160765654752,0.0526004450806506,0.206139380659266
"TCGA.B0.5119.01A",6.33974754837306e-05,0.414092380691163,2.53068052892304e-09,0.0384431854439952,0.0201182558684882,2.39772126420158e-09,0.527282775592469
"TCGA.B0.4822.01A",4.70284181259094e-07,0.251674737390426,6.19449195858432e-09,0.0671455539896614,0.0201180435548388,0.00909088074343171,0.651970307842969
"TCGA.B4.5835.01A",3.22899378792917e-06,0.055415182414599,0.00708355847246126,0.0743935098511239,1.80665018426756e-08,0.0203771697459882,0.842727332455538
"TCGA.CZ.5460.01A",2.08671029018805e-09,0.17095072079482,8.90471500483361e-09,0.0461829446364602,0.0394665380215532,6.22697821978988e-07,0.743399162857919
"TCGA.B2.3924.01A",5.60360874085582e-08,0.168629729833833,1.69167714717772e-08,0.414796422727424,0.360245948947884,6.52631756638272e-07,0.0563271729062432
"TCGA.CJ.4870.01A",1.03996988815347e-06,0.382026329190218,3.52962418797406e-05,0.0205476935643671,4.78830563966509e-07,1.09820112377324e-07,0.59738905238297
"TCGA.B8.4619.01A",5.95462280648023e-08,0.0778230989400486,0.00148856553367276,0.00696837628253109,4.36023685509431e-08,9.99949257378115e-06,0.913709856602577
"TCGA.BP.5201.01A",2.7548009926914e-07,0.124850347526364,2.46612639161884e-10,0.0459599183378985,0.103852725726112,2.6329049743344e-07,0.725336469392416
"TCGA.B8.A54J.01A",2.07547962997498e-09,0.464749437630758,3.44492982113976e-08,0.0362107201259763,0.0373088854505679,3.6962868741235e-07,0.461730550639232
"TCGA.CZ.5456.01A",4.51269964247145e-09,0.163064083117803,1.8707778665036e-07,0.107195365693052,0.0111205818279647,0.0127392138429503,0.705880563927744
"TCGA.B0.4688.01A",6.00396723770637e-08,5.47278350807983e-10,0.166463884520488,0.0966365708362601,6.77560172201295e-08,1.18042693409668e-05,0.736887612030943
"TCGA.A3.3317.01A",2.89753053991991e-07,0.288215769990264,0.0750027528050471,0.0384651415753469,1.06877928521463e-07,0.0703990721281722,0.527916866870188
"TCGA.B0.5400.01A",3.24786847992843e-08,0.311051930973584,0.144642320653257,0.10464163492737,9.88868924976904e-06,0.116058730012829,0.323595462265026
"TCGA.G6.A5PC.01A",4.23394587090756e-09,0.0632821735106995,1.18230509453454e-09,0.0359359044897826,0.0389121402047677,0.0084131186317196,0.85345665774678
"TCGA.B0.5100.01A",8.04737178652608e-07,0.429402166510995,0.570462966332949,0.0001337748004429,2.22950867148071e-09,1.19000014124004e-10,2.85269925061473e-07
"TCGA.CW.5585.01A",1.98559972843907e-07,0.44768188813903,3.04741764422322e-09,0.0131031588151767,0.00126108457653778,2.34107536492052e-06,0.5379513257865
"TCGA.BP.4343.01A",2.87856112091172e-08,0.0891062562429591,0.208941514879523,0.0832454551430504,0.0359574443442849,3.48796795741254e-07,0.582748951807776
"TCGA.B2.5636.01A",5.24389628507398e-07,0.779703857148085,1.64982777335268e-05,0.0545113661963033,5.48792104333149e-09,0.000462188283047503,0.165305560217281
"TCGA.B0.5081.01A",0.0344082359782147,0.225078602911705,1.84497256906313e-08,0.0834797986734977,0.057247635919958,0.0874478290690391,0.51233787899786
"TCGA.CW.5580.01A",5.7610789542554e-10,0.38568375231984,6.925633004139e-09,0.046359478645182,0.000586319492112405,7.72384946287544e-07,0.567369669656179
"TCGA.B2.3924.01A.1",5.60360874085582e-08,0.168629729833833,1.69167714717772e-08,0.414796422727424,0.360245948947884,6.52631756638272e-07,0.0563271729062432
"TCGA.CJ.6027.01A",4.59431626188073e-06,0.0585687370350762,0.00175653696196355,0.162286664484813,0.189493738375429,2.35569916928283e-08,0.587889705269464
"TCGA.B0.5075.01A",1.99900789352979e-08,0.0730092926349505,1.36222838225506e-08,0.0953245154212859,0.0294148720380455,7.54871183832185e-05,0.802175799174972
"TCGA.BP.5200.01A",2.60513870397872e-05,0.34191698794115,2.15534948653297e-08,0.0488587660851975,0.035877174087252,3.89893876856998e-08,0.573320959956477
"TCGA.BP.4158.01A",1.70154961907001e-08,0.167154699132304,2.29976481624547e-05,0.0180792980963491,0.0130963171101251,1.77381654396044e-07,0.801646493615909
"TCGA.BP.5173.01A",1.36560572895392e-05,0.290603525420372,2.27634312115567e-09,0.0764513712263496,0.0751959028443846,8.79429556399065e-08,0.557735454232305
"TCGA.B0.4710.01A",4.86667483748165e-07,0.268049394366346,1.67376455977009e-09,0.0272882852555059,0.0285276031726824,3.09390786363435e-08,0.676134197925138
"TCGA.A3.3367.01A",0.000158123394281471,0.167523262811573,2.00284255207419e-06,0.0408503675519345,0.0038268279469657,1.24702760272429e-08,0.787639402982418
"TCGA.BP.4344.01A",4.89954600677984e-09,0.489202539725028,2.26218538301872e-08,0.0337116048378051,1.06664888604165e-07,2.69827434847584e-05,0.477058738507394
"TCGA.A3.3335.01A",2.63852048752524e-08,0.0750497448405768,3.65689495634709e-06,0.026412072028301,4.81691582271819e-05,0.0153244748801424,0.883161855812591
"TCGA.B0.5099.01A",1.47850180723181e-06,0.252571268647828,7.12452900105767e-09,0.00563923500823895,2.29274101654033e-06,5.64611813612410e-09,0.741785712330463
"TCGA.AK.3427.01A",4.03989988576949e-09,0.0403907958746899,0.00103918489953149,0.00415105817589233,4.15615485397531e-08,0.00529819300768538,0.949120722440752
"TCGA.DV.A4W0.01A",1.46088640468875e-06,0.317274663353566,0.0254366185126225,0.0229624446387662,9.42107161453426e-09,0.0305211627590193,0.60380364042855
"TCGA.B8.4143.01A",1.38479000838222e-07,0.10277453013041,4.46220409850597e-10,0.226347149583302,0.18544513907022,2.19641338138574e-05,0.485411078157033
"TCGA.B8.A54K.01A",1.47039600511971e-08,0.266685050168625,7.74004089455866e-07,0.00537987396144446,1.25407507562963e-07,8.92049067355496e-06,0.7279252412637
"TCGA.A3.3311.01A",3.80318157440974e-08,0.103690176635,5.93266214566719e-08,0.0652770983124691,0.0200355820716492,3.07594682973333e-08,0.810997014862976
"TCGA.CZ.4854.01A",0.00532366894440193,0.147282904667172,0.0119613211223963,0.0341786915454612,0.00892350012986589,0.0214394040964962,0.770890509494206
"TCGA.B8.4153.01B",3.31740471216603e-06,0.205802874503731,3.43664311680434e-08,0.0115011031308061,0.00217766009906987,6.73479325240659e-09,0.780515003760457
"TCGA.B2.A4SR.01A",6.11017634168489e-08,0.645952549099676,5.2174694081895e-05,0.0271965491394759,6.57788806444972e-06,2.00691164663585e-07,0.326791887385774
"TCGA.CZ.5989.01A",3.86195652288303e-09,0.0419200718773001,9.20143930644647e-10,0.00540999523657644,0.00932772328994166,0.0485684569953299,0.894773747818751
"TCGA.CZ.5470.01A",3.94776080208279e-09,0.131756302218889,1.6449463744925e-05,0.0810602808614038,0.0506563286856856,4.15409942176932e-08,0.736510593281521
"TCGA.BP.4349.01A",2.89678052970383e-07,0.318197748897374,4.88420829300979e-09,0.0144174813856672,0.00761904775293041,2.98781840916213e-07,0.659765128619926
"TCGA.A3.3307.01A",5.41398448379682e-08,0.291193587945802,1.89302216901237e-08,0.0549736660297726,0.0293199126035598,3.83014075853622e-07,0.624512377336723
"TCGA.CJ.4641.01A",2.87005593762746e-08,0.148757927395209,0.00714887855367369,0.140932725387649,0.111664684680059,0.105737919373879,0.485757835908972
"TCGA.B0.5098.01A",5.76341023167551e-07,0.0303351039671795,0.0087154929920333,0.0071157992077937,3.64935660583399e-08,0.00810895213318098,0.945724038865223
"TCGA.B0.4699.01A",4.60398545939792e-09,0.048237485602158,0.144496227504945,0.121428602179335,0.132002850315073,2.12219286069351e-07,0.553834617575217
"TCGA.BP.5199.01A",1.07305333647232e-07,0.551590089980076,0.0670964014002013,0.0878671059774395,0.228687362388526,0.0605133601176635,0.00424557283076015
"TCGA.BP.4337.01A",0.031440746986878,0.345587245737165,0.166935125316762,0.0168239079542792,1.1767167793584e-09,0.076513742141632,0.362699230686568
"TCGA.CZ.4853.01A",3.06131340949651e-09,0.145956523549234,5.91841414084644e-06,0.0322005196165751,0.0059515739827342,6.07733208482016e-08,0.815885400602682
"TCGA.B0.5115.01A",9.05274579620187e-09,0.35830297124593,5.53566343779229e-08,0.0290390589407203,0.0144431257491308,8.26006950338369e-08,0.598214697054143
"TCGA.B8.A54G.01A",1.13496962458554e-08,3.46334711103443e-10,2.1693633112267e-06,0.262267811233053,0.323042505660852,0.00725406025493206,0.407433441791821
"TCGA.CZ.4861.01A",2.89632653473917e-09,0.014952079527968,5.38380615344685e-09,0.269004672842795,0.0121349293582137,0.000113692150677667,0.703794617840213
"TCGA.B8.5545.01A",3.11492110475936e-07,0.802470276409361,0.00607695092441625,0.19144807780865,1.35385194847422e-06,1.4971726731824e-07,2.87979624616274e-06
"TCGA.CJ.4892.01A",2.64668938299572e-08,0.308381981223372,0.000625768755492851,0.0416826843694833,0.155553680306673,2.52856589690747e-06,0.493753330312189
"TCGA.CJ.5678.01A",3.19284022538791e-08,0.10855496581513,1.94069812252639e-05,0.121220343414498,0.185081042290628,6.79433605767136e-09,0.585124202775779
"TCGA.AK.3433.01A",1.38097352240709e-08,0.0322659413667167,2.63383594588187e-10,0.00542060409957064,0.000304180276231893,5.60078628125716e-09,0.962009254583576
"TCGA.B8.4621.01A",1.78091451050507e-09,0.0357442185984023,6.48040813219613e-06,0.0505475151010669,1.03840434978887e-05,3.7414954158941e-06,0.91368765857257
"TCGA.BP.4967.01A",4.64283122277078e-07,0.164137606982255,4.57252136400827e-10,0.0260735832912297,0.00423728721315043,4.69802452838776e-09,0.805551053074966
"TCGA.A3.3320.01A",9.32756701913003e-08,0.333613410161526,2.19269994672258e-06,0.0398458841476931,0.00477744339732585,3.99097005825241e-08,0.621760936408138
"TCGA.B8.A54D.01A",2.95879630345213e-09,0.100324052958412,1.44543410888159e-09,0.0537062594835281,0.120151645832429,0.00591906714593716,0.719898970175463
"TCGA.B2.4098.01A",5.12082290773905e-07,0.0237584570897173,0.000576579135121113,0.0538742273062056,4.4108442264079e-08,0.00872471698396521,0.913065463294258
"TCGA.A3.3374.01A",2.30025032402694e-07,0.0402976828059671,0.00384042457927383,0.0430132897517014,9.6267074242271e-08,0.000655808815259693,0.912192467755691
"TCGA.BP.5000.01A",0.000480436588625092,0.332777001552817,0.0270814265250665,0.02240820478851,1.39130766406551e-10,0.0864761280194281,0.530776802386423
"TCGA.A3.A6NI.01A",8.05815576755854e-10,0.230359211572219,6.34521829134422e-05,0.105274357510266,6.56528289426215e-07,1.47247331009441e-08,0.664302306675763
"TCGA.B0.4824.01A",1.42627693067465e-08,0.160944135177894,3.36224993559456e-09,0.10041170516991,0.12697848688938,4.7029088173543e-08,0.611665608108708
"TCGA.BP.4975.01A",1.00709997604892e-08,0.309406440806906,4.23006583926166e-09,0.0327664547347153,0.000211349057878702,1.08277940140541e-08,0.65761573027164
"TCGA.BP.4330.01A",0.0529319633670826,0.432922187351966,1.39660417832179e-07,0.0847508068401261,0.0845150608217359,0.0966871127715257,0.248192729187145
"TCGA.B0.4841.01A",6.14259846057681e-08,0.189829155263679,5.01844913983275e-09,0.00463382682486358,0.00757978363322366,1.80799074590901e-07,0.797956987034725
"TCGA.B8.5551.01A",9.59107045540695e-05,1.05972272914098e-07,0.000165939158267166,0.99971891946648,1.89145559512902e-05,1.63794073720041e-07,4.63484008463458e-08
"TCGA.AK.3440.01A",1.8323707456946e-10,0.0353614371785213,1.09878699833652e-07,0.00380078855897544,8.7215233048247e-09,1.53169997232496e-07,0.960837502309046
"TCGA.BP.5169.01A",0.334524180142007,0.0707316957861743,6.0616153003589e-09,0.0473088972278135,0.00327570126702344,0.0204987173815424,0.523660802133824
"TCGA.BP.4770.01A",2.75549352309816e-09,3.3682325793408e-07,0.589616927591206,0.120159182659188,0.00276340010078793,9.88732176887459e-07,0.28745916133789
"TCGA.B4.5838.01A",4.76985605204026e-08,0.185931682170672,0.0678250607036944,0.02377186902985,1.81641061970303e-07,0.0288243243574812,0.69364683439868
"TCGA.B0.4815.01A",0.315677649767803,0.152882033238022,1.09181604433504e-08,0.253216401999169,0.278222017080512,3.65406622464399e-08,1.85045567071185e-06
"TCGA.B0.4838.01A",5.69994078570965e-08,0.192443126967174,1.35665802825388e-08,0.0395682203605819,0.149227091212538,4.66023851431646e-09,0.618761486233479
"TCGA.BP.5177.01A",0.0123570279688497,0.581146717701627,0.0545511281036171,0.00427089422529063,1.86411871420193e-08,0.062587098478653,0.285087114880776
"TCGA.CJ.4639.01A",2.43920764811505e-09,0.348304187928066,9.56507889219086e-10,0.0349872290901824,0.110101507777268,0.00032521102690505,0.506281860781864
"TCGA.CZ.4865.01A",1.35096016828905e-07,0.318861261259245,0.108146781143716,0.0806932077897007,0.0413291746738159,0.00146352684949416,0.449505913188011
"TCGA.BP.5180.01A",6.81942136293162e-09,0.0701525904922564,5.52936267193076e-08,0.0590135542586574,0.0199350686001953,0.00780229538373233,0.84309642915211
"TCGA.DV.5567.01A",8.11058071397727e-05,0.29391864769745,4.97610048955373e-06,0.0114469954416243,8.09583026859075e-08,7.34069930126639e-08,0.694548120588
"TCGA.BP.4992.01A",3.60663648668015e-08,0.0428325778355252,1.60240258600489e-09,0.0131995579892784,0.0289971205468828,0.0379451361243441,0.877025569835202
"TCGA.B2.5633.01A",1.89286401008947e-08,0.543841667867697,1.81258181242658e-07,0.0918219281954251,0.00430936105154425,6.41214039989489e-05,0.359962721294513
"TCGA.CJ.5675.01A",4.83909058591709e-10,0.127676819262457,6.7423751060649e-07,0.192242904709877,0.354373324415381,1.1346034930634e-06,0.325705142287372
"TCGA.B0.4701.01A",7.23063092814524e-08,0.155202366243581,8.06983044604406e-06,0.0468144924456085,0.030383438446577,0.00987541045263697,0.757716150274842
"TCGA.BP.4784.01A",0.0188815665886801,0.524280652098162,0.076444216577671,0.0101004675233044,3.76468115877946e-08,0.00699780129444071,0.36329525827093
"TCGA.B4.5843.01A",8.42048536331903e-09,0.256794774605744,0.018267421292165,0.0272824735656184,1.07643989590735e-07,0.0098677230189009,0.687787491453097
"TCGA.B0.5705.01A",1.84468711628769e-08,0.177167838767154,1.32771806470778e-08,0.052881162454488,0.0306340865587689,7.53218151124128e-05,0.739241558680425
"TCGA.BP.4965.01A",6.44418357336136e-09,0.487838652727455,9.46669684990041e-07,0.0423032003194389,7.635404185164e-05,8.39009484750977e-08,0.469780755896438
"TCGA.B0.5085.01A",1.63567029126289e-07,0.118063857747334,7.29858560674126e-10,0.015124065649434,0.0123910824782765,3.36336315024617e-05,0.854387196196566
"TCGA.B0.5113.01A",4.05345328469144e-07,0.280512786107717,2.20248253730723e-06,0.0500254327359245,0.0254592940227699,4.11129254449285e-08,0.643999838192798
"TCGA.CW.5581.01A",3.27851588365295e-05,0.431579715939228,3.04071012262294e-05,0.0275985161324505,1.11765412211388e-08,3.11968934521731e-08,0.540758533294824
"TCGA.AK.3454.01A",0.000505221666352922,0.225545106287274,0.00078278115200443,0.0505234061159526,0.0191795371300137,0.0172082239395827,0.68625572370882
"TCGA.BP.4989.01A",1.20353260544885e-07,0.176962931662297,0.0434019170210217,0.0593738260964862,0.122410658720536,0.0906098163104621,0.507240729835936
"TCGA.AK.3456.01A",2.17174261040504e-08,0.0597022068468488,2.57843972315636e-08,0.0405490368869747,1.01067171909121e-08,0.00779840394130867,0.891950294716327
"TCGA.A3.3370.01A",3.91011904519615e-08,0.357539905227952,1.10890920191645e-08,0.0830722389048777,0.072408675607964,0.0168096885943536,0.47016944147457
"TCGA.DV.5565.01A",1.67922776275109e-07,0.456953436606454,2.19492056868736e-05,0.0155995673082992,3.13807375984066e-07,1.63159081071771e-07,0.527424401990327
"TCGA.BP.4795.01A",1.59766254594958e-06,0.658742334160875,0.306140298269791,0.0150537513684743,6.4667310429648e-08,0.0200619521740262,1.69697670932322e-09
"TCGA.B0.5083.01A",9.70944930791816e-09,0.076709264333254,0.105156480900951,0.0471749511768816,1.56822918694607e-05,0.0198085970756173,0.751135014511977
"TCGA.BP.4789.01A",6.23702823123914e-08,0.479482697858263,1.0947329798706e-07,0.0133023457966802,0.00505039428579377,6.87918054975483e-07,0.502163702297628
"TCGA.B8.5163.01A",4.68702431847194e-07,0.688711013393164,0.0364380106067724,0.195604448920162,0.0674599975814766,1.22908796524816e-07,0.0117859378871966
"TCGA.CJ.6033.01A",2.30019399469553e-07,0.46808701910336,2.49850049817488e-08,0.0695819598157841,0.00780871795204543,0.00545878594837443,0.449063262176031
"TCGA.BP.4756.01A",1.2721688522043e-09,0.0625687637246264,9.46212546679997e-09,0.0254811206878091,8.11954739048949e-05,0.0371953140508599,0.874673595328505
"TCGA.A3.3362.01A",4.06989772202507e-08,0.334929417434013,1.14730564035747e-07,0.0349901817972977,0.00218036927940539,0.00281917744767363,0.625080698612068
"TCGA.BP.4355.01A",0.00200547285065113,0.484310295959625,1.92121344094638e-06,0.0171559607108131,9.04298749221131e-09,0.0184275592511528,0.478098780971329
"TCGA.B0.4852.01A",1.22709233080408e-07,0.156840342715733,2.79813834056473e-09,0.0159527423215163,0.0169110492236723,1.01544033121913e-06,0.810294724791376
"TCGA.A3.A6NL.01A",3.11904985575283e-08,0.669870587775288,2.7988128540599e-09,0.0588900564433443,1.75926555825323e-06,0.00014428619065202,0.271093276335845
"TCGA.BP.4801.01A",9.82866540917005e-09,0.56303451385173,3.4046825361724e-05,0.109207140943607,7.18074029326655e-07,3.60768937996592e-07,0.327723209707669
"TCGA.A3.3347.01A",4.93302455826193e-08,0.210301529900812,0.192012253611731,0.152707125199681,2.1537751051001e-07,0.0674759980341116,0.377502828545908
"TCGA.B2.3924.01B",8.79678380361109e-09,0.176074440929833,8.98723283711848e-06,0.049151225126095,0.0526190320671592,3.35613627143223e-08,0.72214627228593
"TCGA.G6.A8L8.01A",1.3997057282377e-08,0.204365771499288,8.56213590085654e-09,0.00482010712933983,0.0102431042915676,2.02455427882783e-08,0.780570974275069
"TCGA.MM.A564.01A",9.13911161195796e-09,0.293957364215438,4.74722120599196e-06,0.00535885141337182,0.0129889103482475,4.04396981802373e-08,0.687690077222927
"TCGA.BP.4775.01A",1.00693770877824e-08,0.229779932768995,3.08546618843753e-08,0.0321231412312073,0.0146937769792037,1.04445663461678e-09,0.723403107052098
"TCGA.B0.5703.01A",0.00671436158323847,0.257933875405881,0.000632465638473314,6.26138726563032e-09,0.0423541802186302,0.031504126166978,0.660860984725411
"TCGA.CZ.5463.01A",4.39637695669535e-09,0.191567091434041,4.87896185164432e-10,0.0385746292529021,0.0178581801997042,1.93324531817015e-07,0.751999900904548
"TCGA.B4.5844.01A",5.77539339691434e-08,0.601566592502475,1.01120269077798e-09,0.00865490665783659,1.92364728256267e-06,1.62060682465362e-06,0.389774897820444
"TCGA.BP.4963.01A",4.45977110702769e-08,0.261897426882501,1.24512937886086e-09,0.071530695624226,0.00540574478152764,2.05770167583708e-07,0.661165881098738
"TCGA.B8.5546.01A",0.0110542273476784,0.16183885615785,0.00573635208548192,0.0090564705164325,6.84693743949913e-09,0.0573861056614663,0.754927981384153
"TCGA.B8.5165.01A",1.23781476322735e-07,0.596770862637203,0.000145119616573781,0.0275051578714438,2.60064172087938e-07,4.4923981684673e-07,0.375578026789314
"TCGA.CW.5587.01A",7.03748375345506e-08,0.480549026068473,5.5990781731309e-09,0.337024999008588,0.18242097558783,2.53701463557723e-08,4.89799104643406e-06
"TCGA.BP.4983.01A",1.62568700663461e-07,0.051402313000056,0.0167210063437304,0.343310504692379,0.227236629201705,0.0666447604145366,0.294684623778893
"TCGA.BP.4177.01A",0.000258667857082805,0.365738992162955,0.0778521497721864,0.00778068095281187,3.37534355828337e-08,0.0101332091929696,0.538236266308559
"TCGA.B8.4151.01A",9.77988397904549e-07,0.142849805844775,2.20544231880698e-09,0.0297116876910208,0.00129816487393536,8.69159724874738e-09,0.826139352704831
"TCGA.MM.A84U.01A",0.00627929448268018,0.306587045051815,0.030017045410253,0.0311441743449023,1.72674017634137e-09,0.0515652679111382,0.574407171072471
"TCGA.A3.3365.01A",7.38479597944005e-08,0.425514027999731,0.0256801478314295,0.0321744048155455,0.0189327212962595,0.00170282541755996,0.495995798791515
"TCGA.BP.4807.01A",7.94547333282153e-08,0.316420955506989,0.046683618675484,0.0831316760615124,1.64069846333918e-07,6.10776207437407e-07,0.553762895455227
"TCGA.A3.A8OW.01A",1.95777380814936e-06,0.522891226157024,1.22463959140678e-06,0.0312066946000111,0.0406901710431904,1.531353602446e-07,0.405208572651014
"TCGA.CZ.4859.01A",2.66619147789129e-09,0.297486178014739,6.57891348167593e-10,0.0206992311957944,0.000186750718920533,5.48694440447805e-08,0.681627781877019
"TCGA.CZ.5453.01A",5.46613152561929e-09,0.297571067791239,5.55503883272593e-05,0.00894424541069025,1.13681070003804e-08,9.30451485117463e-06,0.693419815060653
"TCGA.B2.5633.01B",4.68136476535279e-09,0.34487391839633,4.88706961088635e-05,0.0606529096578067,0.00646804927957026,2.30379051109824e-09,0.587956244985029
"TCGA.CZ.5458.01A",5.00478518967618e-08,0.431009853797836,5.12862359750714e-06,0.0292173263971171,0.010406649483241,5.83579151209103e-09,0.529360985814565
"TCGA.BP.4354.01A",2.60491056838895e-08,0.0952609969558971,0.0419748188437957,0.533434870754482,0.0309200741331319,2.46896990562807e-06,0.298406744293682
"TCGA.B8.A54E.01A",2.03381353505638e-07,0.093316890411356,0.0050048200338488,0.0625905064728278,4.02843638643447e-08,0.0268058007095436,0.812281738706707
"TCGA.DV.5568.01A",2.68613716509213e-07,0.385803540249119,0.018064484018148,0.0518875302853619,0.00309612467981685,0.0903491066006036,0.450798945553234
"TCGA.B8.5162.01A",4.91509826714527e-08,9.02004604303757e-05,0.0187374354329645,0.981169562852107,2.23043038892891e-08,7.42411421662091e-08,2.65555806940067e-06
"TCGA.AK.3460.01A",2.54397889709875e-08,0.278208298727309,5.59789444666459e-10,0.0292616646413733,0.0147972070684518,3.29170709201445e-05,0.677699886492368
"TCGA.CJ.5677.01A",3.9216267653178e-08,0.186308561982895,0.092768795287275,0.0939116347582178,7.48428208544853e-08,0.0215005527555478,0.605510341156975
"TCGA.CZ.4866.01A",1.17960260691764e-09,0.0897592730073864,7.19770650229892e-09,0.0452164132458283,3.23364271643622e-05,1.06372384523328e-06,0.864990905218467
"TCGA.B0.4817.01A",0.00183729673477281,0.0356268177733625,0.00067175431686943,0.0112637606147044,0.00490080924247083,0.0170357276985382,0.928663833619282
"TCGA.CJ.6028.01A",9.30521602047847e-09,0.210987887709803,9.62837998102236e-08,0.0972588856265621,0.0892469956200033,1.26047452235926e-08,0.602506112849871
"TCGA.B2.4102.01A",1.01872517667539e-08,0.229766851187262,3.95429948726292e-09,0.0640154226493894,0.0142483435469033,8.43948502102949e-06,0.691960928989873
"TCGA.B0.4844.01A",1.23814911463005e-07,0.0984115947315993,0.0219613746585564,0.0372769929124282,0.00309667937174466,0.0509544064459459,0.788298828064814
"TCGA.BP.5184.01A",1.4682414618719e-08,0.317849628720966,0.0504714521831197,0.0670551243691214,0.0176075086921542,0.0207545656724308,0.526261705679793
"TCGA.BP.5168.01A",1.23090519942729e-08,0.289311673921631,6.56002326812733e-09,0.0289791425261737,0.00442202560604661,2.0923945393737e-07,0.67728692983762
"TCGA.BP.4160.01A",1.32341498874491e-08,0.292652304247557,0.0292009699604161,0.135684462737767,0.206988664513498,0.00959369909061113,0.325879886216
"TCGA.BP.5190.01A",6.09772542017794e-08,0.102396669114223,0.0033081248706021,0.0174632553558188,2.95048883579574e-08,0.02551165719337,0.851320202983843
"TCGA.CW.6087.01A",1.48044834781285e-07,6.68212379077184e-07,2.9549050669557e-08,0.999998390736376,6.22309555835219e-07,1.46137923895064e-08,1.26534011523983e-07
"TCGA.CZ.5465.01A",2.37027997679367e-07,0.26769390884063,3.95779183461268e-09,0.0185963476046607,6.88702168250727e-08,2.12569271903682e-08,0.713709412441776
"TCGA.BP.5202.01A",1.58705426992528e-06,0.313590715677781,1.35214382781667e-06,0.0598858665746286,1.85060896290666e-05,2.9814832473608e-09,0.626501969478381
"TCGA.B0.4847.01A",3.29355760170898e-06,0.051797874148435,1.85980041824959e-10,0.0388657684018456,0.0778515861134794,0.0102917201809134,0.821189757411745
"TCGA.B0.4712.01A",3.34628962243003e-08,0.238092035755568,0.0801205123560125,0.122087983616523,0.0142890576038232,0.085170198328979,0.460240178876198
"TCGA.BP.4352.01A",0.00831729146811361,0.0271377620864281,0.0355161484334124,0.0102675800437046,3.2242852553522e-09,0.00908780269957021,0.909673412044486
"TCGA.BP.4787.01A",3.5752696236373e-08,0.098397555047345,0.103997174912511,0.119652135325364,0.00343969798902156,3.56417001855069e-07,0.674513044556061
"TCGA.CZ.5459.01A",2.17286176782724e-05,0.193398631709702,6.74250325750551e-09,0.0482364430636755,0.0185270417132172,2.76401878502933e-06,0.739813384134438
"TCGA.B0.4837.01A",3.29144907349952e-08,0.226960428103912,7.62248636133089e-08,0.0284881467092409,0.00197827610511397,0.00999246827914704,0.732580571663232
"TCGA.BP.4970.01A",2.54013997210007e-08,0.42308108348762,0.073445498990775,0.0930920067747748,0.0456494176734985,0.00373022206950179,0.36100174560243
"TCGA.B0.5700.01A",3.53585504398369e-08,0.319199200242514,3.89047219354413e-05,0.0363554441082058,5.49969452104263e-05,5.33119036367176e-08,0.64435136531168
"TCGA.AK.3425.01A",7.85766931350346e-08,0.443072466062132,0.0516092505325165,0.202114422237314,0.074577414934326,0.0237614812843588,0.20486488637266
"TCGA.B2.5633.01A.1",1.89286401008947e-08,0.543841667867697,1.81258181242658e-07,0.0918219281954251,0.00430936105154425,6.41214039989489e-05,0.359962721294513
"TCGA.B0.5117.01A",1.99705744995409e-07,0.0619847951311081,0.00412000945721313,0.00283486955168316,2.63916509557829e-09,0.00375097531007997,0.927309148205006
"TCGA.B0.5121.01A",2.03890634824788e-08,0.220124460411906,1.68157405103879e-08,0.00970529269489798,0.015871300892411,0.000140083129081477,0.7541588256669
"TCGA.CJ.4881.01A",0.0165211404592349,0.147446848954624,0.0727553195674018,0.0695527821996776,0.00455419951137531,0.0407076601192553,0.648462049188431
"TCGA.AK.3436.01A",2.96884731302324e-07,0.193836328559905,0.00362156217429905,0.0167833338161205,3.72548064333516e-07,0.0341821297142564,0.751575976302624
"TCGA.BP.4964.01A",1.29255453273325e-08,0.21484083106477,7.92684795953304e-06,0.0309879516579348,0.0226854527859668,1.23855755181011e-07,0.731477700862068
"TCGA.BP.4760.01A",2.06594348265685e-06,0.237246668738197,0.0996946018187779,0.0160252474774203,9.67805433454912e-09,0.00664823233636107,0.640383174007707
"TCGA.B2.5635.01A",5.35526242298078e-09,0.298165634713059,1.2639456475844e-09,0.128170641323495,0.0264772249919016,1.03325308644853e-10,0.547186492249011
"TCGA.A3.3325.01A",2.14094404050692e-07,0.298917178026316,2.51607661311517e-07,0.0450108709149792,0.000596676399532617,2.55459774631597e-08,0.65547478341113
"TCGA.B8.5159.01A",6.24731524133425e-08,0.335131015510115,8.04182430541929e-09,0.038088152150701,0.0398321082028586,5.16084747111147e-06,0.586943492773877
"TCGA.MM.A563.01A",0.0147583079694407,0.544794779207799,0.0933572403167189,0.0742617338422545,0.00157001215509637,0.157962527088956,0.113295399419735
"TCGA.A3.3343.01A",7.65190386426664e-09,0.197702086932582,3.21285576151007e-08,0.0405535316212604,0.0215232413206534,4.23027195342298e-08,0.740221058042324
"TCGA.BP.4163.01A",6.23792554117859e-09,0.185994659696005,0.0029095712101093,0.093948652199704,1.75311750077306e-07,0.0162606070942827,0.700886328250224
"TCGA.B0.5092.01A",2.08940642460125e-06,0.15016741202718,2.47051365343197e-08,0.0718254116780783,0.20100961271238,0.0527601104176189,0.524235339053181
"TCGA.BP.4174.01A",5.41720104213097e-08,0.179269191381472,9.82233668589263e-09,0.0576575448455191,0.0285313354878225,0.0143399120452251,0.720201952245614
"TCGA.BP.4986.01A",9.6596093567142e-05,0.379824699787433,0.0203146439205421,0.0693610000486803,2.92718221159016e-06,1.11499416564163e-07,0.530400021468149
"TCGA.B0.4696.01A",0.0186312376174919,0.368159770483389,0.53620021761882,0.000661760957135834,5.94366444694025e-06,0.076341066020934,3.63778240223765e-09
"TCGA.CZ.4856.01A",1.15630562007959e-06,0.47920911342651,2.33681299300161e-08,0.045781596016152,0.019474782290731,3.03360952516152e-08,0.455533298256762
"TCGA.CJ.4873.01A",5.71105709151048e-08,0.152513803769649,0.0179660679300514,0.108893900313774,0.0312278469296511,0.068448149576864,0.620950174369439
"TCGA.B0.5693.01A",5.04752528349195e-08,0.532676827450368,1.53835246485782e-08,0.0200564518070905,1.60981238487125e-06,8.57951391255367e-05,0.447179249932254
"TCGA.AK.3451.01A",5.72180148579748e-10,0.0909797352725514,0.0101545921876803,0.0260029865137392,0.0297181835423624,0.0155501252860517,0.827594376625435
"TCGA.BP.4762.01A",3.07261095547489e-07,0.361809878367001,0.337078723481775,0.0726184386178498,0.00491459934373403,1.92724741467014e-07,0.223577860203803
"TCGA.AS.3778.01A",1.22491184236422e-08,0.588178996119796,1.85089569116502e-07,0.0555930687358728,5.63427792125297e-06,0.00319550663675686,0.353026596890965
"TCGA.CZ.5457.01A",4.57885519732296e-08,0.29073115568965,1.51541566213883e-09,0.120273278504913,0.0169106347707638,5.19613048799065e-09,0.572084878534574
"TCGA.B2.5639.01A",1.70043065730947e-08,0.133980163958342,1.38537652666763e-06,0.0349137137499283,0.0128052695261845,2.17831723508171e-08,0.81829942860154
"TCGA.B0.4811.01A",0.00379324658104708,0.0908108618915721,0.00284994747882907,0.0109291150872654,0.00687144421233427,0.0143400000342786,0.870405384714673
"TCGA.CJ.4899.01A",3.57198458793711e-07,0.703897199557067,0.00901260477840874,0.0742504547565711,4.5731458098511e-05,0.0235734450411102,0.189220207210286
"TCGA.B0.5096.01A",1.25698408397885e-07,0.0790273237637798,0.0132457880492111,0.129314898470184,4.04434254499735e-08,4.67954754276291e-08,0.778411776779516
"TCGA.BP.4331.01A",1.43585930451626e-08,0.304737526343267,2.34637407922738e-08,0.116033185569555,0.0209365883519562,1.01157926978497e-05,0.55828254612019
"TCGA.B0.4693.01A",5.58141428798857e-08,0.268814131718921,1.8583430828732e-09,0.0577659694036579,0.0534510051752766,2.1349702545565e-09,0.619968833894688
"TCGA.CJ.4637.01A",3.50565472750583e-06,0.0475811002585668,1.02941217829439e-05,0.393676095336989,0.555822360250336,2.96394028874774e-09,0.00290664141365778
"TCGA.CJ.4916.01A",7.2601544717034e-08,0.161873389507848,1.54870574129543e-09,0.10828274230333,0.212470255308435,1.42092051147022e-09,0.517373537309217
"TCGA.CW.5591.01A",2.69333497857475e-07,0.0937614285058662,0.125828314123698,0.0298231020607386,1.67663671868362e-08,2.03734986641218e-07,0.750586665474846
"TCGA.BP.5008.01A",1.74747581277293e-06,0.437950359994912,0.078257744933997,0.0421316502207539,5.76187987298258e-08,0.107335198035569,0.334323241720157
"TCGA.CJ.4903.01A",3.89055234846427e-08,0.184017711087487,1.01473773388634e-05,0.0531119739531827,0.0309827405575129,1.40135712307606e-08,0.731877374105384
