"","cellFractions.B.Cells","cellFractions.Endothelial.Cells","cellFractions.Fibroblasts","cellFractions.Macrophages","cellFractions.NK","cellFractions.T.Cells","cellFractions.otherCells"
"TCGA.TQ.A7RO.01A",3.51024638071591e-08,0.0451704992990986,0.000788690254324226,0.0128883624549102,1.21779194461316e-07,5.8241398310308e-08,0.94115223286861
"TCGA.CS.6670.01A",3.00848369067713e-05,0.000337313356385257,0.0271419795259191,0.010874272118232,6.78915259497836e-07,1.0372436835137e-08,0.961615660874861
"TCGA.QH.A6X5.01A",3.82032346068126e-08,6.65434770892769e-06,0.0419390127255503,0.0152339159802506,3.08369540326046e-07,1.23349457974455e-05,0.942807735427918
"TCGA.HW.7493.01A",1.91039863939849e-08,0.0183739312708809,0.0144805907453549,0.0228523356680566,5.87365753490964e-09,3.40017528928478e-07,0.944292777320535
"TCGA.CS.6667.01A",3.11846268048913e-09,0.0612730905647885,5.18578478997947e-11,0.026416333070167,2.47609648159939e-06,7.39558326365857e-06,0.912300701514979
"TCGA.DU.6406.01A",2.78429659681089e-07,0.0882197067936782,6.2512948271145e-10,0.0405686107983839,2.85842087808269e-07,6.41228475418041e-09,0.871211111098776
"TCGA.DU.A7TA.01A",3.98606006184041e-10,0.0363038537660978,1.11540565509785e-06,0.0641477021013201,1.38786176551143e-08,1.75719224190463e-08,0.899547296877781
"TCGA.QH.A6X4.01A",2.74963211853952e-09,0.0188157231615307,7.98275351918298e-09,0.0187093598896196,1.31455168058126e-08,2.48640704529127e-09,0.96247489058454
"TCGA.TQ.A7RR.01A",1.27784600445493e-05,0.00303501353781842,0.00828233317011286,0.0488225356802173,1.89708958013068e-05,3.65105407411974e-07,0.939828003150598
"TCGA.HT.8104.01A",9.06452897479151e-09,0.0674249364667464,2.13908217280502e-08,0.0336016586868879,1.40958679269161e-08,0.000128434911992023,0.898844925383155
"TCGA.HT.A74K.01A",1.96823354386884e-08,0.108933072403149,2.15413423484105e-06,0.0498162691945694,3.45423019430701e-09,4.66633028308111e-09,0.841248476465151
"TCGA.DB.A64X.01A",3.74167305948873e-09,0.0353083474196669,0.000663960502610866,0.0194962222180764,8.7730552513475e-09,1.87220755532967e-09,0.94453145547271
"TCGA.HT.8107.01A",5.45829287208765e-09,0.0252433665012744,2.91633095896861e-07,0.00953871133004838,1.87516047916151e-09,1.3357947826946e-08,0.96521760984418
"TCGA.FG.A710.01A",2.31908338988214e-05,0.0185455143384513,0.00483645048526192,0.0799669724543279,3.82466812821386e-08,5.01451963370808e-06,0.896622819121745
"TCGA.QH.A6CX.01A",9.19666110910014e-06,0.0224534373697317,1.85451558810972e-09,0.0358809787719183,5.86612539842747e-05,1.87919119211475e-08,0.941597705296829
"TCGA.CS.6666.01A",2.74183813489861e-08,0.112164367037892,1.59551619786404e-10,0.0252561720257785,2.9287677100918e-07,1.59132404139075e-08,0.862579124568385
"TCGA.TM.A7CA.01A",3.34191757137467e-09,0.00629055443072952,0.008084235252816,0.0168838678368608,7.91195454971124e-06,8.15672038435817e-09,0.968733419026406
"TCGA.HW.7486.01A",2.65069078432636e-08,0.0157743278077724,0.00539990980236145,0.030402736447953,2.34292918110751e-09,3.79648654134645e-09,0.94842299329559
"TCGA.QH.A6X8.01A",3.17056084478615e-09,0.0301858712199812,1.05137910309429e-05,0.0270422148508534,9.0113533674566e-08,5.04829854239237e-09,0.942761301805741
"TCGA.DU.A76K.01A",1.18470892625214e-07,0.0415580747756225,4.89340065246671e-05,0.00539357034456935,1.64714452840378e-09,7.36293499664721e-09,0.952999293392311
"TCGA.DB.A4XD.01A",1.88368387691725e-05,1.424548093266e-08,0.0231414410628778,0.0275171336024341,1.41110630229776e-08,4.34194701895182e-06,0.949318218192356
"TCGA.DH.A669.01A",2.62183176695126e-10,0.0224548871127303,2.92513999619978e-09,0.0565478325460431,2.0875875735137e-08,2.29945956881267e-06,0.920994956818459
"TCGA.WY.A858.01A",9.38744012345246e-09,0.0560432281868347,1.44449207699945e-08,0.0600539423503278,1.42801065697901e-08,1.32126478278863e-08,0.883902778137722
"TCGA.DU.7294.01A",1.26485362007252e-08,0.0120745267577222,0.00968156740877305,0.0151117362511553,5.29598261926089e-10,3.19769358864067e-05,0.963100179468329
"TCGA.TM.A7C3.01A",1.1359662579801e-07,0.0203178622970431,0.0334653713020127,0.0138268221711645,5.50080422625154e-08,3.30160402356982e-08,0.932389742609071
"TCGA.WY.A85E.01A",2.68669733854674e-09,0.0182945407043342,0.00218066624302026,0.0105155426715677,5.52786404169376e-06,9.70961248581933e-09,0.969003710120726
"TCGA.FG.A6J1.01A",2.55198753976371e-08,0.101164321344231,3.97714191897637e-06,0.0330208072166523,3.51662567726773e-08,1.20963904554375e-09,0.865810832401427
"TCGA.QH.A65Z.01A",8.87758813161551e-06,0.0155745439000532,0.014289570589631,0.00784690552950421,4.16566960826661e-06,7.08336199929077e-10,0.962275936014735
"TCGA.VM.A8CD.01A",1.13564717309216e-05,0.0371059135023702,0.000188922361180584,0.0819708689684344,6.05165033491296e-07,3.73229172046684e-08,0.880722296208333
"TCGA.HT.8019.01A",3.13882614820377e-10,0.0254662178006858,9.11569658982313e-11,0.00671457343669381,1.61558127816877e-08,2.68325968133252e-07,0.9678189238758
"TCGA.QH.A6CV.01A",4.61559472524714e-07,0.0517490785184785,1.63853331593958e-09,0.0907641069647662,1.70219916856279e-08,1.95668472000336e-08,0.857486314729911
"TCGA.FG.A6IZ.01A",1.47342746200115e-07,0.0431252674682213,2.07066056469441e-08,0.0342699937468695,1.87172708910293e-07,1.50275946276294e-05,0.922589355968221
"TCGA.P5.A5F1.01A",4.21080111852359e-06,0.0135389951244138,0.0106808082369996,0.0471347107132811,4.08054870285782e-09,9.14045566408749e-09,0.928641261903183
"TCGA.P5.A72U.01A",2.61749353012311e-08,0.157398381129509,6.70155325863479e-09,0.03508045316898,2.62672460855221e-07,1.64125125067397e-07,0.807520706027437
"TCGA.CS.4943.01A",5.81749390120377e-08,0.0121528571663088,2.08703742325292e-09,0.0511373752648228,1.55714727584372e-09,9.63292909871212e-07,0.936708742456835
"TCGA.P5.A5EW.01A",1.94219486611877e-10,2.11219131500161e-06,0.0304526167202511,0.0357166508387514,4.54641060901089e-09,3.0053000585246e-08,0.933828585456052
"TCGA.E1.5322.01A",5.38835828297153e-05,2.87185610069106e-09,6.12695497132265e-08,0.130450789569252,4.44960406831666e-07,7.48555309971063e-08,0.869494742890575
"TCGA.HT.A4DS.01A",1.03500766077154e-08,2.10697061317696e-06,3.45830982314701e-08,0.162766943096591,0.000655320092209872,2.98347841345951e-09,0.836575581923932
"TCGA.FG.7634.01A",6.03767600861052e-10,0.0756296258652695,2.42774051272675e-08,0.056007217662902,1.02547059385537e-05,1.08330955379747e-08,0.868352866051622
"TCGA.DU.7306.01A",3.83967218920367e-08,0.0238127870236997,1.87374588648112e-06,0.0428275574505159,7.26825602610651e-10,1.73954367184139e-09,0.933357740916807
"TCGA.FG.7636.01A",3.71709016336147e-07,4.30982237912979e-07,0.0214972079030858,0.0282360195321007,2.25306484613167e-08,2.93661368644843e-09,0.950265944406297
"TCGA.S9.A7J3.01A",5.1131355639701e-10,0.0399887107276511,1.96964016356775e-06,0.0198683991691203,1.11358072806526e-08,7.87056521753195e-09,0.940140900945379
"TCGA.DU.A6S7.01A",3.03370275007832e-08,0.0131162570124288,0.000117783079216959,0.0592659206242486,8.02624245872872e-08,8.18668204696449e-09,0.927499920497972
"TCGA.DU.6396.01A",2.07751122649398e-07,2.60005731199755e-06,2.90847332644194e-07,0.476196036663834,1.91381771770339e-07,0.00123588976624247,0.522564783532385
"TCGA.S9.A7QW.01A",1.27719996034328e-07,8.31939826816013e-07,0.0391783489370036,0.00932468528265566,9.50810882938983e-08,9.50921176516755e-09,0.951495901530218
"TCGA.FG.7643.01A",8.5226756285315e-10,0.0339062942822396,2.40443417279291e-08,0.0146135510250714,5.43993493203632e-06,3.77413684678319e-07,0.951474312447463
"TCGA.S9.A7R4.01A",2.4141025382287e-08,0.0776415304469649,3.41245555211025e-07,0.0277937939597672,6.30848948700213e-10,7.14779463745175e-05,0.894492831629464
"TCGA.DU.A6S8.01A",2.1690700492262e-09,0.0274742185995462,8.91681290605438e-10,0.0110528294186824,4.05031030468593e-09,6.93586281180705e-09,0.961472937934847
"TCGA.HT.7601.01A",4.92376897596491e-06,0.000239722897093641,2.6370304627519e-08,0.347536915124415,8.10107571281691e-08,1.29564313254479e-08,0.652218317872023
"TCGA.HT.7854.01A",3.05286336197511e-09,0.0345129085650607,4.77273460976107e-11,0.0454318032040735,6.5278197968572e-08,1.7395426914533e-05,0.920037824425163
"TCGA.QH.A6X3.01A",2.87920035122354e-05,0.00704311207026414,2.98052107605537e-08,0.0293892505314448,0.000118416008278878,6.7573880499423e-09,0.963420392823901
"TCGA.P5.A5F0.01A",1.32716123676089e-07,0.0215024139027025,6.62718911224276e-05,0.00531566286855639,8.7750509699519e-08,1.13081487900714e-06,0.973114300056106
"TCGA.CS.5395.01A",2.14064454422564e-05,0.0147142166039864,0.0146213192000249,0.0185982743445193,4.84743303230385e-09,2.70748142004068e-08,0.95204475148378
"TCGA.DU.6402.01A",6.58855036334062e-09,0.0539185526148234,9.5747213545931e-08,0.13435103930796,8.98227871422158e-07,8.38716772701992e-06,0.811721020345854
"TCGA.VM.A8CE.01A",2.74297890847099e-07,1.60460459727201e-05,0.0428753943678814,0.0173036956078607,2.93664326596097e-08,1.80736461677643e-08,0.939804542240315
"TCGA.HT.7467.01A",2.02408077407021e-07,0.0322849353837321,5.12767312461663e-06,0.0121095726764616,4.82833081144927e-11,3.2946725183533e-09,0.955600158515648
"TCGA.DB.A4XC.01A",6.27385860246553e-08,1.79803804593495e-06,0.0303404890258729,0.0431652654253725,9.2964347159714e-06,1.60094728417935e-08,0.926483072327934
"TCGA.RY.A83X.01A",4.09683825593577e-09,0.0340064731711428,6.85615134635148e-09,0.0159586837538978,1.38440783547067e-09,2.51767757316105e-07,0.950034578969805
"TCGA.HT.A5R9.01A",3.64011254408657e-08,0.08389506561878,0.017306765037589,0.00487304483871271,9.18127815625388e-10,0.0060138200099669,0.887911267175698
"TCGA.S9.A6WD.01A",5.08984791962239e-10,0.0202755301278595,0.00301937088573676,0.0140395233735436,2.89077921158296e-06,7.0522536612202e-09,0.96266267727241
"TCGA.F6.A8O4.01A",4.42434098027138e-09,0.0138673545911953,0.00820818177330285,0.0136888357733577,2.37447496430427e-08,6.84230578138066e-09,0.964235592850748
"TCGA.TQ.A7RV.01A",8.07563602796835e-09,0.0309845813084748,6.80071472809437e-08,0.0205925834360754,1.0282546919688e-07,3.72346751575656e-08,0.948422619112522
"TCGA.FG.7637.01A",1.11409980627278e-09,0.0461242329576738,0.0212150442146321,0.0165768796758871,2.927500927728e-05,1.53751517044343e-05,0.916039191876726
"TCGA.FG.6689.01A",1.49841274384262e-08,0.00476938877237651,0.00678399944844912,0.0438196964863468,3.77677662349965e-09,1.34111829016241e-07,0.944626762420095
"TCGA.E1.A7YO.01A",5.276439166239e-09,0.0385139784875558,0.00781825874199555,0.0106276646633842,4.89636234745075e-06,1.00365448908525e-08,0.943035186431733
"TCGA.FG.7638.01B",4.37896336172713e-06,0.012346907155177,0.0155854519428844,0.0113668966147012,1.78130455073865e-05,3.54071472706109e-08,0.960678516871221
"TCGA.S9.A7QZ.01A",7.02409659168903e-09,0.0557844798319095,3.02235680644469e-09,0.00735944965180806,4.45714400451027e-08,1.02885305146805e-10,0.936856015795504
"TCGA.P5.A5F2.01A",5.16517553023836e-09,0.0154785438151597,3.63756709419384e-05,0.0139152920261608,2.32105120946555e-09,1.87735086532365e-09,0.97056977912416
"TCGA.R8.A6YH.01A",2.92113361470732e-08,0.0137028352967634,0.000364433021436967,0.0332397050822674,7.95847004832687e-09,1.61575887104558e-07,0.952692827853839
"TCGA.E1.A7YS.01A",7.37652845011072e-07,0.023157807695397,4.27744940752999e-11,0.00902482141523783,2.14068800896309e-08,8.4028354160387e-09,0.96781660338403
"TCGA.HT.7880.01A",3.68247060067874e-09,0.0288924407892543,0.00356541192373458,0.0127984214595511,1.59943864396538e-07,9.99667956871703e-06,0.954733565521556
"TCGA.DU.5852.01A",4.30483360149052e-08,0.0792676246988371,8.32992968413801e-10,0.0515474473549405,1.47362453502362e-08,2.77014128807841e-08,0.869184841627235
"TCGA.E1.A7Z4.01A",1.21596113749462e-07,0.00746532883128137,0.00637424156624679,0.0479037896561581,8.76108279687569e-09,1.97750889622873e-07,0.938256311838228
"TCGA.DU.7298.01A",5.84522512715025e-06,0.0122225862041635,2.13128624966972e-09,0.041351358673529,4.37853110451002e-05,8.78956288502618e-07,0.946375543498561
"TCGA.HT.7478.01A",2.69081963204102e-05,4.60961504603731e-06,0.000302972659013077,0.126213645634843,1.50186155540518e-07,1.29535552828947e-06,0.873450418353093
"TCGA.DU.A5TU.01A",1.0003069070363e-07,7.47507351718847e-07,5.29595636077802e-09,0.153871538124331,2.12156462961377e-07,2.58764246520285e-05,0.846101520460556
"TCGA.DU.6399.01A",7.57941753642188e-09,0.00090475376138513,0.0334403229142844,0.0540169376106786,1.71977702085699e-06,6.92125556552903e-09,0.911636251435958
"TCGA.RY.A83Y.01A",9.18012300559848e-07,0.047427670337081,1.58032216326291e-08,0.0383701591635071,3.35854199500795e-07,1.89582433746682e-08,0.914200881871447
"TCGA.DU.7300.01A",5.23463940346533e-09,0.0538873679839939,0.00303855891575437,0.0236407674975624,2.73086768864929e-10,2.41844891456325e-08,0.919433275910474
"TCGA.S9.A7IX.01A",8.35138481783813e-05,0.044858589299371,1.44783089636153e-09,0.0431466040135208,8.54137318243957e-09,1.88113833336777e-08,0.911911264038342
"TCGA.HT.8558.01A",7.98632106888791e-09,0.0286610431210382,1.34223716425594e-07,0.00841465251887798,3.00955816669942e-09,4.87932068691463e-08,0.962924110347281
"TCGA.S9.A7IY.01A",2.37311804856419e-09,0.0155488426358057,0.0169209783088062,0.0275801063776378,1.42882125809273e-06,4.2762944737523e-08,0.939948598720429
"TCGA.DB.A64W.01A",5.0902084844198e-06,0.0376400314024441,1.27690913161143e-07,0.0053478713539662,6.80155623524369e-09,2.55968575784459e-10,0.957006872286667
"TCGA.S9.A7IZ.01A",1.52638255422962e-10,0.0304166058496035,5.48352790127382e-08,0.027919606143999,9.71311598321851e-09,1.17046452850739e-06,0.941662552840836
"TCGA.DU.6410.01A",4.89688411117777e-08,0.0308171549362792,6.59361117751592e-10,0.00463055418010091,1.87781662833972e-08,1.72214061838687e-09,0.964552220755111
"TCGA.R8.A6MO.01A",2.1797897978173e-05,0.050053790233536,4.0289592781078e-10,0.0302933538784999,2.19985946015975e-08,6.93219435174315e-11,0.919631035519173
"TCGA.P5.A780.01A",4.13418417903958e-09,0.0229554042102047,9.82685994568207e-10,0.0372143545035704,4.56477960253694e-05,9.50937483962423e-09,0.939784578863955
"TCGA.QH.A6XC.01A",4.74898095940097e-08,0.0338552104491182,4.98674564721636e-10,0.0345693085141191,5.09637163169757e-08,2.46106763049942e-09,0.931575379623495
"TCGA.E1.A7YD.01A",6.87420089504641e-10,0.0476546615176374,1.35507885251165e-05,0.0277342468105232,1.36898247683675e-05,1.93131758528043e-09,0.924583848439808
"TCGA.E1.A7YI.01A",1.01436067133651e-08,0.0536023346570884,3.72278958565534e-09,0.0334469703244614,7.6054354154703e-09,1.31571491953771e-09,0.912950672230904
"TCGA.DU.8158.01A",2.29880441423376e-08,0.0129982369023607,6.12263562752084e-05,0.0898811724594329,6.96425676565184e-08,6.38490916050721e-09,0.89705926526641
"TCGA.S9.A6WN.01A",1.45861790062609e-08,0.0607586311978831,1.77566948337373e-06,0.0684337128877268,2.31011145533686e-07,4.07086996045191e-08,0.870805593938883
"TCGA.HT.7855.01A",1.581196308866e-07,0.0331216573068971,4.01043281292804e-08,0.0280627861353342,2.30395502835906e-07,1.14930164140964e-06,0.938813978636665
"TCGA.HT.8111.01A",4.21909928184975e-09,0.00212359210672161,0.00443577438850262,0.0540288325156504,4.56735211095591e-06,9.8257038231157e-09,0.939407219592211
"TCGA.WY.A85C.01A",2.09077312782686e-06,0.0370169511758936,2.77402648818125e-07,0.0267433816176369,9.24854343315963e-10,6.24569539917671e-09,0.936237291860143
"TCGA.CS.6290.01A",1.28315369375636e-06,2.14941088418007e-08,0.0013742656806436,0.120391809996917,5.986172127729e-08,1.38802263737981e-08,0.87823254593269
"TCGA.HT.8114.01A",5.43057803669405e-10,0.0201640874711207,0.00433191839098067,0.114192056309585,7.07573810937031e-06,3.80256505635564e-09,0.861304857744582
"TCGA.S9.A6TU.01A",5.59527429295475e-05,0.0275868463912906,6.43880897481282e-08,0.0488751032602189,1.81530037471315e-07,1.95462284172031e-06,0.923479897064592
"TCGA.HT.7616.01A",2.16094614248891e-08,0.0743286049068977,3.28281130810345e-05,0.14539255035287,1.68411776405016e-05,1.68576716945098e-08,0.780229136982378
"TCGA.HT.8010.01A",1.47725854208528e-09,0.0116733396591255,0.0186925872831564,0.0129230209806805,3.26689706631749e-08,2.95884665501407e-08,0.956710988342342
"TCGA.DH.A7UU.01A",3.05463575649375e-10,0.0317332434879105,3.01593709489022e-06,0.024124991314699,3.1450675470182e-09,1.87644131904995e-06,0.944136869368446
"TCGA.E1.A7Z3.01A",9.48434226235808e-08,0.0521503711091612,4.69467771309958e-05,0.026784665895178,2.22121540583322e-09,4.34803256945289e-10,0.921017918719089
"TCGA.E1.A7YM.01A",8.44837598059748e-10,0.0287521280443995,8.66905557680825e-10,0.0123382716442663,5.12832042318994e-10,1.89091527539799e-06,0.958907707171484
"TCGA.S9.A6WG.01A",0.002746171362287,0.496950543995214,0.109514127957549,0.0253512298307585,6.59894863793666e-09,0.0391555595661351,0.326282360689108
"TCGA.HW.8319.01A",4.56119625723582e-09,2.31215837222022e-07,0.0241122486142604,0.0204512172568163,8.42835099264179e-09,1.23372713471871e-09,0.955436288689812
"TCGA.TM.A84R.01A",1.3832870484032e-08,0.0459520885738821,0.00765542084804347,0.00734247229142124,1.68103716215272e-07,0.000547357556520955,0.938502478793546
"TCGA.DH.A66D.01A",3.21179330929962e-09,0.000531431698753957,0.0141117604548385,0.0554471940531666,2.01113906654415e-07,1.52995985718098e-07,0.929909256471555
"TCGA.S9.A6WP.01A",3.41532275611278e-08,0.0419014167643469,2.81850559615449e-09,0.042957046568097,2.68636861602524e-09,1.17192391648584e-09,0.91514149583753
"TCGA.DU.A7TB.01A",1.26268505004704e-06,0.026905554434301,8.12617027188935e-07,0.0121924787377511,4.43590033530562e-08,3.50609479648726e-08,0.960899812105919
"TCGA.DB.A64V.01A",1.11973841853178e-08,0.022339915368677,2.56431218931667e-07,0.0570357949008556,2.21631161787419e-08,1.0431488140319e-07,0.920623895623867
"TCGA.HT.8113.01A",1.54344081009935e-08,0.0289742812625484,8.4227943060599e-05,0.00838771623417798,3.72837202660662e-08,4.78880847852679e-08,0.962553673954
"TCGA.HT.7604.01A",7.12292603441383e-07,0.00832973132698186,0.00550618525024846,0.032938121417807,4.42632281487903e-08,4.93043026816347e-07,0.953224712406104
"TCGA.FG.A711.01A",1.6944341376097e-06,0.00611869278620191,0.0133622722318575,0.019401420304631,1.07607761360042e-09,1.24694525495631e-08,0.961115906697642
"TCGA.FG.A60L.01A",1.07813713624954e-05,0.0138238879834089,1.67523554215827e-09,0.121411557347938,2.00077394403575e-07,1.25474410705353e-09,0.864753570289916
"TCGA.E1.5307.01A",2.31650742590774e-08,0.00884205945403492,1.4455692571465e-08,0.0338705255139045,3.03791087464034e-10,5.21125005278619e-08,0.957287324995002
"TCGA.DB.5279.01A",4.30911555692011e-09,0.0156925323706036,0.0182574152608175,0.00797939988647932,0.00175525741725765,4.13844032244854e-08,0.956315349371323
"TCGA.DU.7018.01A",6.84995797346801e-09,0.0506682870033098,4.06709028010824e-05,0.00734140614565609,2.14859668686205e-09,1.65369176431969e-08,0.941949610412761
"TCGA.S9.A6TZ.01A",2.83657786713592e-08,0.0398876271108071,1.67326488616793e-07,0.0326610505551748,4.03186524750405e-09,2.42404359386541e-09,0.927451120185842
"TCGA.HT.A61C.01A",1.35563210413351e-08,0.123231839649018,0.0153131768105419,0.0767062542588516,3.71523455250699e-05,6.97944950844748e-09,0.784711556400293
"TCGA.HT.A5R7.01A",1.5342196650225e-09,0.014345227186862,0.00465676086620336,0.0237312798218427,9.47110187430943e-08,6.28099324789918e-09,0.95726662959886
"TCGA.HW.7495.01A",3.82233097720635e-06,9.63273958628679e-08,0.0444141301118322,0.01144433424199,8.04397510762947e-08,4.0925358110408e-11,0.944137536507128
"TCGA.HT.7677.01A",2.72011284222064e-07,0.0190521580896385,0.0156103453534519,0.0113991452774557,6.67625937857502e-09,1.0706051052134e-07,0.9539379655314
"TCGA.F6.A8O3.01A",8.16613145169831e-10,0.0216716979282043,0.00570777298594423,0.00850189946667021,2.3018708918747e-05,2.21097843888191e-06,0.964093399115211
"TCGA.P5.A730.01A",6.08183198467463e-09,0.0483747446805671,1.80010945895483e-07,0.0137308654613818,1.30351002578456e-09,8.59322771849602e-10,0.93789420160244
"TCGA.DU.A5TY.01A",7.69589344380086e-06,0.00189228192754115,3.02365963400616e-05,0.198668142814161,7.2047368101451e-09,5.4841651698393e-10,0.79940163501536
"TCGA.HT.8015.01B",3.48556314758503e-10,0.0207603341019811,1.09956856409299e-05,0.02923564230288,7.6517036049946e-07,7.76952526838767e-09,0.949992254621056
"TCGA.DU.6393.01A",1.74095728403531e-05,0.0428885280749839,2.69858566790571e-11,0.0126019387294286,2.7179011225874e-10,2.56530459539456e-09,0.944492120758667
"TCGA.TQ.A7RS.01A",1.62422995988527e-08,0.0408840175142533,0.00640819790085321,0.0124496210245572,1.1496355971765e-09,3.69095704946434e-07,0.940257777072696
"TCGA.E1.A7YU.01A",3.90149631930188e-08,0.0078642489289982,0.0186536250189976,0.0260011937071207,1.00505574964935e-05,4.38039489077766e-08,0.947470798968475
"TCGA.CS.5394.01A",4.47074356341585e-09,0.0367528549567615,7.20678347774961e-09,0.0104658657685917,7.11799433722219e-10,2.61308255093223e-05,0.952755136059811
"TCGA.HT.8018.01A",7.03877329641542e-09,0.170262210408457,6.09073118891956e-06,0.0985747686019421,0.000180099054804531,9.2961796773545e-09,0.730976814868654
"TCGA.HT.7482.01A",2.43458102907414e-07,7.02114545707637e-08,0.00569785087632545,0.0790827652026634,7.51835968347962e-08,3.81733911361774e-05,0.915180821676721
"TCGA.E1.A7YY.01A",2.95032710104687e-08,0.0287979145064477,7.9998712575039e-08,0.0204505560197038,1.57462670478332e-08,5.89725307436752e-08,0.950751345253067
"TCGA.DU.A5TR.01A",9.07171326761036e-09,1.78774630387067e-09,5.69815895201572e-05,0.141658576040915,6.74620558745983e-05,6.89135597885136e-09,0.858216962562875
"TCGA.VM.A8CB.01A",4.40270000559621e-05,0.0407111306359654,4.98987477262527e-10,0.0182674260242862,1.78297957294434e-09,1.36401428778145e-08,0.940977400417582
"TCGA.E1.5311.01A",4.8976918953277e-06,0.0448898863020844,5.58111982203063e-11,0.0168489009306986,5.77986316041341e-09,4.68656354836248e-09,0.938256304553084
"TCGA.E1.A7Z2.01A",4.01296577449442e-08,0.035767551602471,3.00681373912945e-10,0.0134608132237372,1.1083871632376e-09,5.05915566572731e-09,0.95077158857591
"TCGA.DB.A75P.01A",1.3683100275515e-08,0.0297596829915044,5.62807431295578e-06,0.0168833321931148,7.28242652662378e-08,7.15638536549097e-08,0.953351198669849
"TCGA.TM.A84T.01A",2.38237023388013e-08,0.0122752687671124,0.0102704806116978,0.0316803009738406,4.20061338062091e-06,1.99179458982315e-09,0.945769723218472
"TCGA.FG.A4MT.01A",2.9158469755598e-09,0.0373103408007621,4.76760414289917e-10,0.0294729799206987,1.41730222785617e-07,3.56095728119451e-09,0.933216530594752
"TCGA.DU.A5TW.01A",2.22238035853863e-07,0.0204870348518188,9.7501146702252e-05,0.0383545503571249,1.66144623735861e-08,2.40505548636119e-09,0.9410606723868
"TCGA.DU.A6S2.01A",2.46425828015063e-08,0.0162110902864958,0.00948329430530516,0.00803725488579438,9.84928510479087e-09,8.15105712410584e-09,0.96626831787948
"TCGA.DU.6395.01A",2.04295217565529e-08,8.01443436352082e-06,0.0126386997079685,0.0317328514350805,3.18771907771224e-09,1.55209499161271e-05,0.955604889855431
"TCGA.FG.8189.01B",4.32552883363202e-09,0.0243042265309135,0.00235242463657004,0.00996284052425721,1.8605518690484e-08,3.6035891727022e-06,0.963376881788039
"TCGA.CS.4941.01A",8.26285985082908e-09,0.0356356137955543,2.2375773137316e-09,0.0804066139688144,2.69769808278835e-05,8.4213093322659e-05,0.883846571661044
"TCGA.HT.7684.01A",9.83840326156661e-10,0.0429938535156504,2.69000422730749e-05,0.0426278061330856,8.31503886117654e-06,3.17509429913183e-08,0.914343092535346
"TCGA.RY.A83Z.01A",6.29674474700087e-09,0.0167571578912135,7.19852317685051e-09,0.0516885433782176,2.26718586143097e-08,7.14251692961444e-11,0.931554262492017
"TCGA.S9.A6U9.01A",7.19919149337012e-08,0.0664157641809114,3.77908233756095e-09,0.0543352863379497,4.65126418352542e-09,3.03038357727937e-08,0.879248838755042
"TCGA.DB.A4XH.01A",2.20116428484068e-09,0.0266130337245362,6.93033893301735e-06,0.00453178694796041,1.03750438400439e-08,1.92747848985938e-09,0.968848234484884
"TCGA.HT.7881.01A",7.06465212570629e-09,4.13957606672886e-06,0.0203730982134134,0.00847374382569039,2.10850269599457e-05,6.03065442784183e-07,0.971127323227775
"TCGA.HW.7491.01A",3.38741307942541e-06,0.0370366091206561,4.89756115524998e-10,0.0123567195947115,2.04472796664649e-09,1.11773404868587e-11,0.950603281325891
"TCGA.DB.A64Q.01A",5.67373099772421e-06,3.85784304357121e-09,0.021159683170356,0.0189336428991992,4.67453339302067e-08,3.56939957387487e-06,0.959897380196696
"TCGA.DU.6542.01A",3.95586469117182e-06,1.67225727492088e-08,9.20349987046723e-09,0.0829208904663455,1.35920688275432e-08,4.28232297517572e-05,0.91703229092107
"TCGA.S9.A6WL.01A",3.13534775344703e-09,0.0710256262687436,1.92817247471777e-09,0.0124456178545721,7.03235222911561e-09,1.0607719196982e-07,0.91652863770362
"TCGA.S9.A6TV.01A",6.93708737639865e-10,2.80215638832065e-08,4.69960722956112e-05,0.220529652899875,0.00402945259144251,1.82435213013783e-08,0.775393851477593
"TCGA.S9.A6WQ.01A",9.34535253124462e-09,0.0052025398139286,0.00208425360554717,0.0614258639466087,2.06446093713488e-08,1.16970412277349e-05,0.931275615602726
"TCGA.HT.7472.01A",7.17829845057627e-09,0.00551988388977182,3.72711526089274e-09,0.0530515687936566,8.24119320398353e-05,3.32028464619774e-08,0.941346091276271
"TCGA.E1.A7YE.01A",4.33347359413418e-07,2.41236653764814e-07,1.09159317269006e-06,0.209622974215133,0.00371150758015201,0.000133662587237687,0.786530089440291
"TCGA.CS.5393.01A",1.48087394794752e-09,0.0198026650667117,1.03034022443288e-08,0.0427098233003847,7.79168209969235e-07,8.80376301896599e-09,0.937486711876654
"TCGA.HT.7858.01A",1.02412960668452e-08,0.00814634485332839,1.13400951490626e-06,0.0681119909966182,9.09989045613835e-06,1.74293310403881e-08,0.923731402579455
"TCGA.DU.A76L.01A",9.41356507934891e-10,0.305171057392915,0.0795575083987662,0.0759440669423498,1.29130734381477e-07,0.00716540637157317,0.532161830822305
"TCGA.FG.8188.01A",3.28759133145883e-09,0.0254072369476009,0.00528702405460284,0.0395009288743456,2.29808752406968e-08,4.42848209941618e-09,0.929804779426502
"TCGA.HT.7480.01A",5.04886902964781e-08,1.0198871434454e-08,0.0270921833641761,0.0115788278601141,1.32501187714892e-05,2.38942105692928e-06,0.96131328854832
"TCGA.FG.5965.01B",1.93839278836733e-09,0.0307427360772485,0.0117487480227184,0.03282759295171,4.42267581853998e-09,1.74280181977878e-07,0.924680742307073
"TCGA.W9.A837.01A",1.39634840125423e-07,0.000767101086465052,0.0166818513262139,0.0100177055822687,1.42592868481072e-09,4.07554545353582e-08,0.972533160188829
"TCGA.HT.7485.01A",4.97791699692943e-06,4.66821880859561e-09,0.112479984536469,0.0317597592548111,8.92343915129425e-08,8.6512803835471e-08,0.855755097876309
"TCGA.HT.8011.01A",9.7958298160029e-09,0.0598035712701544,2.29237647235416e-11,0.0462854967592208,2.34015405444046e-08,6.75167147696158e-08,0.893910831233616
"TCGA.DU.A7TC.01A",5.17198581329982e-09,0.0199905436425719,8.22337619783386e-08,0.0223455196621359,1.14733636457692e-07,9.14496341689875e-09,0.957663725410945
"TCGA.DU.A76R.01A",3.73683043479652e-07,0.0286039463986958,0.00299218187800752,0.0136002018016441,1.88811261559271e-09,2.93372397549286e-06,0.954800360626521
"TCGA.DH.5140.01A",1.66348146908763e-09,0.0356153195264329,0.00656765250664224,0.0312580352104464,9.85626490203797e-06,9.21713820285345e-08,0.926549042656713
"TCGA.TM.A84F.01A",2.45339248616065e-10,0.00117459322341846,8.78972011806325e-10,0.126402815214337,2.04598062222288e-08,4.33540992089525e-06,0.872418234568206
"TCGA.HT.8563.01A",8.36256486194229e-06,0.000162125118182832,1.30426917865582e-05,0.999781572445961,2.67447031981454e-05,8.15236201591145e-06,1.13993629949776e-10
"TCGA.HT.7691.01A",7.70582059611512e-07,0.0364406675148942,2.2685353722272e-07,0.0560151186823997,8.41946660114033e-09,1.22568009318656e-08,0.907543195690842
"TCGA.P5.A72X.01A",1.72260067178591e-10,0.0655352816369237,0.00346937251849633,0.0114909367643255,1.01847394622188e-06,1.47655117789634e-08,0.919503375668536
"TCGA.HT.8108.01A",3.18820926515516e-09,3.68072185083839e-06,0.00536721180465426,0.0565105338312233,5.61966469539172e-09,6.01542715433032e-06,0.938112549407243
"TCGA.S9.A7J1.01A",2.71190285304821e-08,1.83788001712525e-09,0.0330494097093848,0.021795147388637,5.00355316209898e-08,1.627464815056e-06,0.945153736444723
"TCGA.HT.A5R5.01A",1.31307241330068e-05,2.22687949928948e-05,0.028476908755643,0.073894579256401,0.000123991753687463,3.90621727279892e-09,0.897469116808925
"TCGA.P5.A781.01A",7.21937537698128e-06,2.01146675516338e-08,0.020702503387907,0.0172838843422785,1.12155605842041e-06,4.70225911607931e-05,0.961958228632551
"TCGA.FN.7833.01A",5.39220489415358e-06,1.99419917667896e-08,0.000207353152328103,0.420872717756546,3.25297690685964e-05,1.01864285698344e-08,0.578881976988743
"TCGA.E1.A7YV.01A",2.20428252520873e-09,0.0890340299917035,0.00349086359193435,0.00923069945010874,2.97115135885303e-09,2.85894420010809e-09,0.898244398931875
"TCGA.TQ.A7RM.01A",1.0753706296807e-06,0.0513465762781451,9.57821119938276e-09,0.0105897579569619,1.19580846057445e-09,1.05765243164355e-14,0.938062579620233
"TCGA.DU.5849.01A",2.77501825329189e-07,0.0279836126202285,1.30286417058903e-09,0.0183803349367766,1.71231816252715e-05,5.6405885785435e-09,0.953618644816091
"TCGA.TQ.A8XE.01A",1.22450377320079e-07,0.0230684949370041,5.83099605681058e-06,0.0282306655292214,1.33697084844492e-09,4.49904520735603e-09,0.948694880251324
"TCGA.S9.A6WO.01A",1.00119878030255e-07,1.57064892925521e-08,0.0103625642640656,0.0454351426385485,3.39240643506214e-07,5.5800999313282e-09,0.944201832450275
"TCGA.DU.A7TD.01A",0.000237043621847478,0.0406019380595646,1.86862943510114e-10,0.0842673534131339,1.34562518808119e-07,1.23500238771408e-08,0.874893517806049
"TCGA.TM.A84G.01A",2.3079181561157e-05,0.028186525665718,0.00347826487719023,0.0100797753176851,1.05688300907434e-09,9.68512465544283e-07,0.958231385388497
"TCGA.DB.5273.01A",1.4368424939718e-08,3.18785033390239e-08,0.0310520442656058,0.0743023542684655,8.51074505579228e-08,3.63513526191276e-06,0.894641834976288
"TCGA.DB.A4XB.01A",4.43651187911479e-07,0.00478155547145703,0.00414584162820767,0.0246458974348693,2.56378778113445e-08,4.76048504165272e-09,0.966426231415915
"TCGA.HT.7620.01A",2.75742151886396e-07,0.0175656479364671,0.00281565903664325,0.0172149184245691,1.73880208971183e-09,4.39747341773893e-09,0.962403492723893
"TCGA.TM.A84B.01A",4.80213408273018e-05,0.0563813131864549,3.81883373123429e-05,0.00949247163942451,1.65226669314305e-06,1.83568502131515e-09,0.934038351393603
"TCGA.TM.A7CF.01A",5.4165188666333e-11,0.0020138424704449,0.00891717306366862,0.0111586443600851,3.06249344242624e-06,4.86126304361618e-08,0.977907228945563
"TCGA.FG.5964.01A",6.99956178907667e-09,0.0191556498968073,1.34688034933245e-09,0.0596772991394141,1.38047478057245e-06,1.03954795319031e-08,0.921165651747076
"TCGA.DU.5874.01A",8.12728223627501e-09,0.0504526155724796,3.5769464704528e-10,0.00807654597921571,6.04493859985972e-08,1.59687221575651e-09,0.94147076791707
"TCGA.DU.A5TT.01A",4.454627396786e-09,0.02476861802748,2.2330801141012e-09,0.0302547418721123,3.26163074408523e-07,6.58560450130654e-05,0.944910451204613
"TCGA.HT.7695.01A",1.76182378061237e-08,2.64934787297478e-07,0.0216408808943092,0.00992729228387512,2.02441580470263e-08,6.22334592684376e-07,0.96843090169004
"TCGA.S9.A7R2.01A",1.71051180683185e-05,0.0170967524548108,1.83700126877845e-09,0.054338441585295,1.40831235941128e-07,1.29879700925276e-07,0.928547428293888
"TCGA.DU.8164.01A",1.02361481239354e-09,0.0207690879591309,4.14143883136466e-05,0.0092025597942678,3.17426502411269e-05,2.56506052628109e-08,0.969955168533827
"TCGA.TQ.A7RF.01A",9.21174329868569e-05,0.0423214250011415,5.72223393157124e-09,0.0209390781998727,9.4768963069859e-10,3.28895218389798e-07,0.936647043800857
"TCGA.FG.6692.01A",5.75919479441277e-09,0.0745408209520534,4.86311723346521e-08,0.0295815079358017,7.54004714759928e-09,1.6585094383104e-08,0.895877592596636
"TCGA.DU.7013.01A",5.66963086139577e-08,0.0343761529999806,2.46813042450001e-09,0.0486602141233092,3.49365820279007e-05,6.96581671327891e-12,0.916928637123277
"TCGA.P5.A733.01A",2.63204377535036e-06,0.0148700574204196,0.00583731523960756,0.00676830874989284,1.32141509461328e-09,2.41063420609043e-09,0.972521682814255
"TCGA.CS.4938.01B",5.12918862895141e-09,2.57626285755181e-08,0.0102236303906005,0.0236200103481382,7.23837736327903e-06,1.70693071370538e-08,0.966149072922774
"TCGA.DB.A64O.01A",3.98477199330034e-08,0.0189096280165611,5.59732032478185e-08,0.0264413864481216,5.71237047487966e-09,4.02336895070031e-09,0.954648879978655
"TCGA.HW.8320.01A",6.79020893464997e-09,0.0171472749468967,0.000307521475527519,0.0337011538485715,4.61010562029007e-08,3.12279116157666e-09,0.948843993714948
"TCGA.HT.7694.01A",7.36224100591821e-09,0.0315905115136226,3.90503999704419e-08,0.00985153795428303,1.32171909024133e-08,4.69503699939487e-07,0.958557421398563
"TCGA.P5.A77W.01A",4.23270659024363e-08,0.0341138677400144,6.67954960749844e-09,0.00487620915703167,1.09298964991092e-08,2.67892345782356e-09,0.961009860487518
"TCGA.HT.7473.01A",7.64663719836538e-09,5.12099771905969e-08,0.00723033943721653,0.0850955711233026,0.000265841642373444,8.1513875989112e-08,0.907408107426617
"TCGA.CS.5396.01A",1.32580186384694e-09,0.0450193502659816,6.91943799258474e-05,0.0305125774804437,5.57113972760344e-06,1.35967235220281e-08,0.924393291811396
"TCGA.CS.6669.01A",8.63936454969637e-09,0.0160989536883144,1.01587893018209e-09,0.00620818813236377,2.75861087959393e-09,7.32683596052516e-11,0.977692845692199
"TCGA.FG.A70Y.01A",5.17112234199206e-09,0.0259608332584077,3.16532387053477e-09,0.0490314281544807,6.77535864593122e-08,3.82866400786266e-09,0.925007658668415
"TCGA.FG.8185.01A",7.78078152727605e-06,0.0261692504119902,0.00188728781199332,0.023045285917722,3.89506804808995e-10,1.16970554127969e-09,0.948890393517555
"TCGA.QH.A6CY.01A",6.33507401406608e-06,3.57362392970501e-10,0.0183680424800586,0.0089492041476642,9.1108521500595e-09,7.6483314002228e-06,0.972668760498648
"TCGA.S9.A6WE.01A",6.55168096794447e-08,0.0178787662184783,0.0201950008074045,0.0195625342941193,7.88534136065898e-09,5.394524269769e-09,0.942363619883323
"TCGA.HT.7875.01A",4.46492407256591e-06,3.2051288941812e-08,0.0302553508939849,0.00776560422810944,2.45780748103651e-05,2.17855021062632e-09,0.961949967649184
"TCGA.DU.A5TS.01A",4.02993173688032e-09,0.0242554223352261,3.67122091437115e-06,0.0284397713210016,3.19564443125031e-09,1.89778206997464e-08,0.947301108919461
"TCGA.CS.6668.01A",3.62981723849356e-05,0.0248049971451765,0.000233831425456002,0.0119175882153026,2.76966126779479e-10,4.18540038377969e-08,0.96300724291071
"TCGA.DB.A4XA.01A",1.73130177553388e-08,0.020077082679157,0.0144382329710797,0.0312002358601505,1.74591307763082e-08,4.41675760210255e-09,0.934284409300707
"TCGA.P5.A5EZ.01A",8.06649659769262e-10,0.0208527574104756,2.27681608401497e-09,0.0191009445758002,0.000441410162891432,1.73541338681559e-07,0.959604711226028
"TCGA.DU.5855.01A",9.50174887612119e-09,0.0215979655294118,3.76736929209641e-10,0.0807360361898276,1.510728087705e-08,1.8991766190812e-07,0.897665783377332
"TCGA.HW.A5KJ.01A",1.10903837825311e-08,0.0622149957684109,1.43995986387121e-06,0.00415342624387198,0.00142204803216164,5.56245195340621e-06,0.932202516453354
"TCGA.R8.A6MK.01A",4.59874023855907e-09,0.0205771785264911,0.000957024337397272,0.0112168326130904,2.64178111640191e-08,2.09187856385108e-08,0.967248912587684
"TCGA.DH.A7UR.01A",3.52218801814398e-10,0.0880381902549544,1.48770663677328e-06,0.00595206806815121,6.17513121897773e-09,2.25256683625044e-07,0.906008022186224
"TCGA.HT.7680.01A",1.71381020598269e-08,0.0239764402117366,0.00392728339355823,0.0351209870852265,1.89280674656322e-08,3.14149568571569e-08,0.936975221828352
"TCGA.WY.A85D.01A",1.71427807126622e-09,0.000105728200098397,0.019822972898471,0.0432079056011269,1.18999059940871e-07,5.30446995125032e-08,0.936863219542266
"TCGA.FG.A4MU.01B",1.85163760924916e-06,0.208694088523561,1.22266315742984e-08,0.163761247244577,4.39442962234046e-09,1.9741605886873e-09,0.627542793999031
"TCGA.S9.A6TY.01A",2.00311152358573e-05,0.0164200247225709,0.00054845365754715,0.00637286604898856,2.88974414045334e-10,7.18518294600395e-06,0.976631438983737
"TCGA.DU.7309.01A",1.67792228047403e-08,0.0382927001386072,0.00742997425772596,0.0157208645014076,1.55062736363538e-08,3.61490223137211e-09,0.938556425201861
"TCGA.TQ.A7RN.01A",3.91325379098048e-09,0.0209315776985791,0.0174953871274772,0.0124230183424817,4.36197750676682e-09,3.8430623034581e-08,0.949149970125608
"TCGA.HT.A615.01A",2.98503329660511e-09,0.00514781881008067,0.00116231141655756,0.048478169137939,3.48436630696014e-10,5.39816035413989e-06,0.945206299141599
"TCGA.E1.A7YL.01A",2.84698702821938e-08,0.0586153644305889,0.000456791533922009,0.177231286641043,1.07746430918029e-06,8.40976185618784e-07,0.763694610484081
"TCGA.DH.A66B.01A",8.7119426452741e-09,7.82613754968342e-08,0.000133433150035703,0.147275510015755,1.78234689603682e-08,8.07447003992919e-08,0.852590871292722
"TCGA.TQ.A7RW.01A",8.10957947305957e-09,0.0184913769980969,1.63810987060747e-10,0.0533982870163538,2.83486186517526e-06,1.89465992037419e-08,0.928107473903695
"TCGA.QH.A86X.01A",7.2743573038362e-05,9.52226856505842e-06,0.030299686678722,0.016677219404041,6.57883063271822e-09,1.21355934522872e-08,0.95294080936121
"TCGA.DB.A4XF.01A",1.36007907990327e-08,0.0266389689342936,2.30402302871847e-06,0.0241831178844722,7.53610332633258e-09,2.76958439892827e-08,0.949175560325467
"TCGA.HT.7605.01A",5.52919637061499e-09,3.63724853298031e-09,0.0329745643820207,0.0120582480246071,1.29500003434529e-06,1.42305324361702e-06,0.954964460373649
"TCGA.TQ.A7RK.01A",1.71171685603176e-09,0.012544869550708,0.00440373474736505,0.0200921903047429,3.41854944974713e-09,2.1162734687745e-07,0.962958988639571
"TCGA.E1.A7YK.01A",3.30851190992642e-08,1.67555982757102e-08,5.135510274038e-06,0.310193119658224,0.000142825134037347,1.64132525159527e-08,0.689658853443494
"TCGA.CS.5397.01A",3.90990408398842e-08,0.0143787092660962,4.65247791436326e-08,0.0502286212928565,2.50824638715402e-08,9.15609897571384e-09,0.935392549578664
"TCGA.DU.5853.01A",8.78779848705661e-06,5.88421846251742e-09,0.0222315217638804,0.0489505901360177,0.000155488672470816,1.67741683413771e-08,0.928653588970757
"TCGA.HT.7902.01A",1.85977388482552e-06,0.0189811503114472,0.0111859163115757,0.0185622804721305,4.66089453243589e-09,1.60111114921742e-09,0.951268786868956
"TCGA.HT.7479.01A",1.84806538439667e-08,0.00276667951425322,0.0106191064616864,0.0422097384866297,2.29290602529112e-08,1.12145077264079e-08,0.944404422913209
"TCGA.HT.7477.01B",3.57921995247054e-09,0.0485404650804109,3.29454671956476e-05,0.0363984425475667,5.29552799794608e-08,2.35860979721145e-08,0.915028066784229
"TCGA.TM.A84O.01A",1.21406133768626e-07,0.0321437890084105,1.52556364609207e-09,0.0191535792781149,1.64942180635009e-08,1.47822826812156e-08,0.948702477505276
"TCGA.DH.5141.01A",7.82681185121564e-05,0.0501656794470939,0.00651937870607669,0.0197311858027657,6.14158846726769e-09,4.00040415304006e-09,0.923505477783559
"TCGA.FG.8186.01A",2.83542732227679e-09,6.23361528728978e-09,0.015238856150177,0.0828920008065794,1.8511070981505e-08,1.41819952848531e-07,0.901868973643177
"TCGA.HT.8012.01A",2.96517781341195e-07,0.0477901265266334,0.00192491824949374,0.0274844521057204,2.71112195455212e-09,1.1812024812689e-08,0.922800192077224
"TCGA.HT.7686.01A",6.03027096673164e-08,1.6101958337522e-08,0.000123811032112905,0.326554472928903,6.54402760581112e-07,1.33395644693838e-07,0.673320851835911
"TCGA.HT.7475.01A",2.57471354747561e-05,0.0227797572717007,7.47402357685619e-11,0.00733368228646487,3.4000624930107e-06,7.70715346999761e-10,0.969857412398411
"TCGA.FG.A87Q.01A",3.37621835052051e-06,0.0416533979667405,3.3587174868679e-09,0.0623818262343248,2.61599790508026e-05,6.17273670199133e-09,0.895935230070079
"TCGA.S9.A6TX.01A",4.2707888164631e-09,0.0454913355171047,0.00466440936711945,0.0183749851828469,4.84695839492294e-09,3.35353371079263e-06,0.931465907281471
"TCGA.HT.8013.01A",3.53384841832302e-07,6.32696741920145e-08,0.000219356356491082,0.335657980166201,1.57992323280313e-07,1.98182419929446e-06,0.664120107006269
