"","cellFractions.B.Cells","cellFractions.Endothelial.Cells","cellFractions.Fibroblasts","cellFractions.Macrophages","cellFractions.NK","cellFractions.T.Cells","cellFractions.otherCells"
"TCGA.BC.A10Z.01A",4.79890568757074e-06,0.0229514213018585,0.000170415015266758,0.0141850001646377,2.16247916467497e-08,5.02068154819644e-07,0.962687840919603
"TCGA.DD.AAEK.01A",8.58903125980225e-08,0.0370815762501571,0.00412565613860337,0.0318312803501335,1.24948463478475e-08,0.0345153322066691,0.892446056669278
"TCGA.G3.A3CK.01A",1.97428139904144e-09,0.0219462419515883,9.74354784666169e-08,0.0322187218859115,0.0103472047473734,0.00117551186559179,0.934312220139775
"TCGA.DD.A1EJ.01A",1.87563639170651e-08,0.00432886964045302,9.56293381469959e-09,0.0384977977708889,8.89764581350929e-09,1.99039954601731e-05,0.957153391376254
"TCGA.DD.AACU.01A",7.64946101743323e-07,0.0209075616121701,0.0117722032346313,0.0149135794369937,6.5070748670987e-08,0.00923682531390066,0.943169000385454
"TCGA.ZS.A9CE.01A",7.42195794709813e-08,0.0112872456620036,0.00132048154115246,0.00280211934049184,3.55109843688162e-09,0.00168742357830402,0.98290265210737
"TCGA.2Y.A9H2.01A",6.78984900526673e-09,0.0229641588748234,0.00309652251328561,0.0160871833230913,0.000101604865170367,0.00950018981955543,0.948250333814225
"TCGA.CC.5261.01A",0.0193407392036872,0.0400200172625216,0.0665367117422007,0.0170011150124618,5.22000307197829e-09,0.04421377989964,0.812887631659485
"TCGA.DD.AADP.01A",1.71037587376125e-07,0.0388910154310161,0.00537822364597516,0.00904997373143274,1.16415213476265e-08,0.0132980410520566,0.933382563460411
"TCGA.2Y.A9H4.01A",2.79236875634867e-08,0.0292819594504084,2.07564679441678e-09,0.0125381368980203,0.00519795072356554,1.72113228128088e-08,0.952981905717349
"TCGA.DD.A1EA.01A",9.90863490951937e-08,0.0225690575515158,3.92979972064184e-11,0.0292259945025678,0.00806684072272709,1.50373389057361e-05,0.940122970758636
"TCGA.CC.A3MC.01A",4.29557974227118e-08,0.0382197167779289,0.00972068751957521,0.0105837691169165,0.000376832365671396,0.009745690606205,0.931353260657906
"TCGA.FV.A2QR.01A",0.00468834282710834,0.0438257072567767,0.0107916746853312,0.00792260671415456,5.76082432497944e-09,0.00993180271606659,0.922839860039738
"TCGA.EP.A26S.01A",2.88914188841472e-06,0.0308202078955299,0.000537356568894216,0.00717887751655692,0.00204992159609232,5.15619034915918e-08,0.959410695719135
"TCGA.K7.AAU7.01A",3.32438382191819e-09,0.0222065193778504,0.0367572112714862,0.0149376327643759,1.97024148054648e-07,0.0116496139714604,0.914448822266295
"TCGA.G3.A25T.01A",9.56768418833961e-08,0.0541342695696087,0.0325863321919591,0.0283679192272471,2.64530389223094e-07,0.00988211368743813,0.875029005116516
"TCGA.DD.AADB.01A",0.00726888479023451,0.0163657445373113,8.59769366975864e-11,0.0311543934792597,0.0300104390019197,0.00178082857951976,0.913419709525778
"TCGA.UB.A7MA.01A",1.80480521584721e-05,0.0591807456386729,0.0148275729748336,0.00929496527354974,5.60866976600713e-10,0.027542185576395,0.889136481923523
"TCGA.DD.AAD0.01A",1.13179242240656e-08,0.00925809368968416,2.40120723751876e-07,0.00588177364863034,2.35905372105407e-09,0.00365416982888369,0.9812057090351
"TCGA.BC.4072.01B",2.97103523359389e-08,0.0285912888435394,0.0102972429012554,0.0497652478014664,0.0104861214449814,0.0350287426889377,0.865831326609467
"TCGA.DD.AACD.01A",6.01648433715275e-09,0.0310408497795113,4.02342644810864e-10,0.0373051239974562,0.000807988338702723,5.51167704105551e-09,0.930846025953826
"TCGA.DD.A3A5.01A",1.25424640276777e-08,0.0394050230212704,0.00793693506337588,0.00738906101675373,7.30045859929723e-09,0.0142471304175146,0.931021830638163
"TCGA.ZP.A9D1.01A",7.74045389477829e-09,0.0418375233011792,0.0160423628016782,0.0102198662984641,3.38226628222074e-08,0.0188226093347477,0.913077596700814
"TCGA.ZP.A9D0.01A",7.58352782844999e-08,0.0194451226335557,0.00475572347079079,0.00936766741590431,1.87677125116051e-08,5.25882434392437e-05,0.966378803633319
"TCGA.CC.A7IK.01A",1.26785070931096e-06,0.0212708186198175,2.83215072225384e-09,0.00983226932426967,0.00174209415756155,3.64359309131808e-09,0.967153543571898
"TCGA.WQ.AB4B.01A",5.40042691161508e-08,0.0268459101120548,0.00555925162975541,0.0083149573404899,9.01329017866383e-09,0.00788668876280421,0.951393129137336
"TCGA.FV.A4ZQ.01A",0.0225542972117452,1.16329186851905e-09,1.2056118344793e-08,0.0894084593418404,0.0897608861566687,1.12707684580365e-08,0.798276332799567
"TCGA.G3.A25S.01A",3.01444896983966e-08,0.00363310803436505,5.24492377126955e-09,0.032570239138917,0.00406093621230894,2.44404619760487e-09,0.959735678780949
"TCGA.NI.A4U2.01A",4.95432231912561e-08,0.0368872052134683,3.2295624650227e-06,0.00463670896277575,3.14247289228355e-06,1.34527532366853e-06,0.958468318969852
"TCGA.RC.A7SK.01A",1.78017588231658e-05,0.0202421325493272,0.00412629174994939,0.00724126445846496,3.60375984331206e-08,0.00379064603736746,0.964581827408469
"TCGA.DD.AADS.01A",3.77033121575965e-09,0.0076624572728341,3.29613410955969e-10,0.0304239563839175,0.0193305757588693,2.02843391199637e-05,0.942562722145315
"TCGA.DD.A73F.01A",4.94942014868052e-06,0.0167779114235474,1.74470910388152e-09,0.0438962980138552,0.0305364228826333,1.44749948708852e-08,0.908784402040112
"TCGA.DD.A11C.01A",2.02701142112887e-09,0.0787301434833351,0.00282779225521042,0.013793230867113,5.74502836982215e-08,0.0070889818482698,0.897559792068777
"TCGA.FV.A23B.01A",1.34054548361239e-08,0.0327355362802154,5.70195069208346e-10,0.0146815632677105,4.85268655383321e-05,0.00916687478055698,0.943367484830329
"TCGA.DD.AADD.01A",1.04903087120342e-07,0.0150145193425537,6.75714667830493e-09,0.0195931776454341,0.0036904812218743,0.00208930555049074,0.959612404579413
"TCGA.DD.AACO.01A",1.07895453334192e-09,0.0204991639887399,1.25253183333277e-09,0.0163641364130111,0.00497193629396067,0.00873419277266245,0.94943056820014
"TCGA.RC.A6M3.01A",0.00556055453581246,0.0164382762950474,6.95074454327143e-10,0.0148555323310634,0.00274243159388994,2.09371304505218e-07,0.960402995177808
"TCGA.DD.AAED.01A",7.43676803815946e-09,0.00292628564411787,1.00777591291623e-09,0.00624210337266061,3.84534270058871e-05,0.0047354933548826,0.986057655756789
"TCGA.BC.A10X.01A",2.56557481254164e-09,0.0172839065504996,0.0243492114931478,0.0283876003228158,0.00227107762019247,0.000254837123582957,0.927453364324187
"TCGA.DD.AAVP.01A",0.00192570560173951,0.0511980675640776,0.000653553320108676,0.0131442434634538,0.000281724020553598,0.00688756413230981,0.925909141897757
"TCGA.MI.A75C.01A",9.72639713694195e-09,0.00952640575196196,8.48588230877579e-08,0.00935961272455832,0.00542008264756177,0.0112722507706585,0.964421553520039
"TCGA.DD.A39W.01A",4.25585018692109e-08,0.024648054362196,6.96873216798367e-07,0.0120743914251304,0.000476133346094293,1.86274701653683e-08,0.962800662807391
"TCGA.DD.A4NA.01A",0.00305785073228093,0.0262772891610537,0.0346268072069294,0.0288500299250887,2.55548536817334e-07,0.00425911194064381,0.902928655485467
"TCGA.DD.AAVY.01A",9.5589729706068e-08,0.0204351427814872,2.75798916358044e-08,0.0113567010188569,0.000397846656705457,1.12204488729109e-08,0.96781017515288
"TCGA.DD.A1EC.01A",5.85829103134445e-08,0.0361866476189603,1.03251743567417e-08,0.119038238512343,0.105495955275433,3.8213330366043e-07,0.739278707551875
"TCGA.5C.AAPD.01A",0.124107764916843,0.0401565191315958,3.58542671286372e-09,0.0593555467299954,0.0103667148836978,0.0272606676976188,0.738752783054823
"TCGA.BC.4073.01B",4.09996320024794e-08,0.0199778658461489,0.00218378856934795,0.0708130185708214,0.0169966294850076,0.0333300492715837,0.856698607257458
"TCGA.WQ.A9G7.01A",0.00214912941352747,0.032155103843477,0.0050340828487922,0.00620494502012061,3.79522174185275e-09,0.0183855164279661,0.936071218650895
"TCGA.CC.A7II.01A",2.80178581562272e-08,0.0236761007501928,0.0131285299593338,0.0186706920900137,3.33650231365371e-05,0.00115252918939425,0.943338754970071
"TCGA.CC.A8HS.01A",0.00346580327362459,0.05235766328097,0.00569793826097658,0.00409671090176113,2.89058163893184e-08,0.0145792453765525,0.919802610000299
"TCGA.DD.AAEA.01A",5.68940506579362e-09,0.0110275670792704,5.91801022760725e-08,0.0114168603634275,0.0121846140787374,0.00261368109797559,0.962757212511082
"TCGA.DD.A4ND.01A",1.17559078365263e-07,0.0948191623194013,0.0651338607801022,0.0265877177261385,1.52165600671587e-08,0.041478700663122,0.771980425735598
"TCGA.ZP.A9D2.01A",6.95826418628567e-06,0.00974698001758179,0.0485854232908717,0.0236487876252415,2.71632292750202e-08,0.00565563843777862,0.912356185201111
"TCGA.DD.AADI.01A",3.83165762302959e-08,0.0185872659597505,0.0195005217829826,0.033375902860366,0.00415447289783406,0.0589238997721045,0.865457898410386
"TCGA.2Y.A9GX.01A",5.67489577345298e-08,0.0185101757971246,0.0493487226911957,0.0324657862264857,2.41560066916218e-08,0.0371955628883342,0.862479671491895
"TCGA.DD.AACY.01A",4.11992250970418e-08,0.0326224551783996,7.41369565262686e-06,0.00923883899806641,1.54382354404252e-08,0.00431093084188941,0.953820304648531
"TCGA.DD.A73D.01A",7.8041185963455e-10,0.00974542051292915,6.36215919521632e-09,0.00362425956805463,4.63308409606245e-05,1.07375305209302e-07,0.986583874560179
"TCGA.DD.AAE9.01A",3.58110199649386e-08,0.0102797671289905,4.19552980498552e-09,0.0107850617021116,3.53599544062039e-06,0.00330882019402276,0.975622774972885
"TCGA.ED.A7XO.01A",0.00129260800954005,0.0366396810063031,0.0136830043307667,0.0245424009525083,0.000392160802585558,0.00983767300381915,0.913612471894477
"TCGA.DD.AADM.01A",1.00201432874753e-08,0.0285639293672274,0.00647497157425155,0.0120958440086384,1.19159523807392e-05,0.00944003409642179,0.943413294980937
"TCGA.FV.A3R3.01A",2.88078509962464e-10,0.0643295894640263,0.0373894298243513,0.0266168515769969,9.11329552290816e-07,1.41642831630874e-07,0.871663075874163
"TCGA.DD.AACL.01A",9.09071427864127e-08,2.99699066844031e-08,2.13435043013776e-10,0.0963441057361608,0.0203069983980866,2.16534164271151e-07,0.883348558241104
"TCGA.DD.A4NJ.01A",1.80248471860994e-07,0.0401540403908658,0.00964703151740666,0.0284501392665205,1.33250687427786e-08,0.00919066667887651,0.91255792857279
"TCGA.DD.AADU.01A",1.90999824446683e-06,0.0212640886138091,0.000726624117424954,0.0140583823466291,8.41495678663289e-09,0.00230337111009448,0.961645615398841
"TCGA.CC.A7IF.01A",9.21579209129697e-08,0.0319781425430232,0.00250921478992514,0.00793993810931814,7.90794781013488e-10,0.00261226694471831,0.954960344664299
"TCGA.CC.A5UE.01A",1.57924245148159e-08,0.0164174156058335,1.96296009423508e-08,0.0226562051124699,1.58059156955256e-05,0.00566086451790194,0.955249673426074
"TCGA.DD.AAVW.01A",2.1193525583684e-08,0.0481800777059263,0.0405795867411142,0.0229324464531143,1.89609164477064e-08,0.0208760296442288,0.867431819301174
"TCGA.CC.A9FW.01A",0.00641874539232992,0.0111973101376338,0.000910461768091347,0.00941617099445066,9.86593952100931e-05,0.0134373471470073,0.958521305165277
"TCGA.DD.A4NQ.01A",6.34400566145493e-08,0.0214970489178336,0.00542797737721551,0.0244471758341221,8.50610917500105e-08,0.00941662428156968,0.939211025088111
"TCGA.DD.A3A7.01A",0.000950710668674959,0.0226978727449597,4.72037561532131e-10,0.00660283647019143,1.63086834346683e-09,0.00953418109639099,0.960214396916877
"TCGA.EP.A2KA.01A",2.48418052783088e-07,0.00694384465240676,3.11239473727953e-09,0.0320877444536339,0.0211971981852107,0.00896288020611062,0.930808080972191
"TCGA.ED.A7PZ.01A",4.71725372680128e-08,0.0376316526061726,0.006320444056429,0.00723254210932808,7.53770170302179e-09,0.00922444610568864,0.939590860412143
"TCGA.G3.A25U.01A",2.20368010964975e-08,0.0229659756877595,0.000104451088369555,0.00732738651651807,2.17984658318202e-08,0.00206361151251395,0.967538531359572
"TCGA.RC.A7SH.01A",0.0197599508802032,0.0261877460319831,0.00222031345009691,0.00117705298060751,1.97967430103243e-09,0.00351690102617482,0.94713803365126
"TCGA.G3.AAV1.01A",2.31265963070311e-09,0.0436566824361353,0.000432119713163862,0.0180276574242617,1.65527160495373e-09,0.00309194034200687,0.934791596116501
"TCGA.2Y.A9GZ.01A",2.12266170198626e-05,0.0312286798643949,1.21279135665208e-06,0.00994546496442258,3.94355133501882e-08,1.37291903887985e-06,0.958802003408254
"TCGA.DD.AA3A.01A",0.00556097452033288,0.0394036594211255,0.00479678871428118,0.00923265629192929,2.37593887693708e-09,0.0150830533523072,0.925922865324085
"TCGA.2Y.A9HA.01A",8.55185815622928e-07,0.0310637951311834,1.13739680402619e-09,0.0154080820735411,0.00051978180653889,8.11541217746412e-09,0.953007476550112
"TCGA.DD.AADK.01A",0.0157074286071222,0.0347334089233031,0.008669549714803,0.00851891567959273,6.62496109453419e-10,0.0157479228124353,0.916622773600248
"TCGA.G3.A5SI.01A",2.05425463389362e-08,0.019586778055882,0.00206558477753478,0.00594607693835008,2.47584101747641e-09,0.0016513650427504,0.970750172167095
"TCGA.DD.A4NI.01A",3.84661724513735e-09,0.0244791898815529,5.60341654131661e-08,0.0179706731833432,0.00294069059188071,0.00618143204949014,0.94842795441295
"TCGA.DD.A73A.01A",1.05766601832862e-08,0.0163749578004209,8.68359131734654e-08,0.0100861767192906,2.035737646596e-05,0.0140431081706366,0.959475302520613
"TCGA.MR.A8JO.01A",6.42645677080472e-08,0.1495140422825,0.0188044351669146,0.0232514728479815,1.78856609205377e-05,0.0259545962696572,0.782457503507458
"TCGA.5R.AA1C.01A",1.08257752040016e-09,0.00995723343391188,7.79065570440252e-09,0.0210862939458064,0.00265014674997151,1.40657623179715e-08,0.966306302931315
"TCGA.ZS.A9CG.01A",7.58928306127303e-07,0.0440079091116748,8.96645331322556e-08,0.00953127451730784,0.00088246063456496,4.23384469937306e-07,0.945577083759143
"TCGA.DD.A4NH.01A",6.8606577967134e-10,0.0440031100865583,0.0106876436075484,0.00981579432790686,3.1361143465987e-08,0.032776793846314,0.902716626084463
"TCGA.FV.A4ZP.01A",2.75634461492059e-08,0.0123841195054869,7.8753216628698e-10,0.0519323033953766,0.023839984877424,0.00191989581594702,0.909923668054787
"TCGA.DD.AACJ.01A",1.35619955813561e-08,0.011402355250279,4.92538334089943e-09,0.0108373955276863,1.63099003551933e-08,1.80353761723058e-05,0.977742179048583
"TCGA.DD.AAVZ.01A",2.97974939475743e-07,0.0203992234018658,0.00397306877237392,0.00869725461410633,4.43665933627128e-08,0.00821481660537885,0.958715294264742
"TCGA.DD.AAVR.01A",1.33363684784321e-07,0.0459011157392785,0.0266853540986412,0.0360565261546692,6.86834003418307e-10,0.0222388786942395,0.869117991262653
"TCGA.RC.A7SB.01A",4.64609837086958e-09,0.0227658747854159,0.0015005709891276,0.0142560524624474,3.29870039131844e-08,0.00514828259230302,0.956329181537604
"TCGA.3K.AAZ8.01A",0.00254167304227527,0.0134563843399362,9.57798268713343e-10,0.00944112452448047,0.00368152412659719,0.00484444215585586,0.966034850853057
"TCGA.DD.AADA.01A",0.00219753719385782,0.0339971172633069,0.00517684204475456,0.0090097384429132,0.00320283156421118,0.0142791244353346,0.932136809055622
"TCGA.G3.A25X.01A",2.62536196886024e-08,0.134624443741732,0.0124817819131777,0.101919695851107,2.77070386426386e-08,0.0586953356390011,0.692278688894324
"TCGA.EP.A3RK.01A",9.53773223148978e-07,0.0166296233862251,2.4672445927449e-08,0.121422897353136,0.0292127568376031,2.92540198138483e-07,0.832733451437169
"TCGA.2Y.A9H5.01A",3.9927197474594e-09,0.0249990389511119,0.0167157180378862,0.00687616002508098,1.07912868688454e-05,0.00933137666840912,0.942066911037923
"TCGA.UB.A7MF.01A",3.03914087466928e-08,1.78906554062347e-07,1.33113769574507e-06,0.110401049400044,0.052788916051429,4.99682867020069e-09,0.83680848911604
"TCGA.BC.A10R.01A",1.46814056575486e-08,0.0418276449669399,0.0187667425587763,0.0114583384036869,6.73596868040533e-09,0.00345746686500549,0.924489785788217
"TCGA.ED.A459.01A",3.02406340120697e-07,0.0344121620237308,5.62236723844233e-06,0.0337315102269733,1.21855111745994e-07,1.0905716711972e-08,0.931850270214889
"TCGA.KR.A7K7.01A",3.90895485084095e-09,1.94511268598836e-08,1.46513305306507e-06,0.0413704883989565,0.0371736172081252,3.46593297526613e-09,0.921454402433851
"TCGA.XR.A8TC.01A",1.89315108139834e-08,0.0210318157423467,0.00329575304769949,0.00496826098340155,4.35597415477113e-09,0.00344507811307279,0.967259068825995
"TCGA.G3.A3CG.01A",1.13028067555893e-08,0.02520514918335,0.0061019004857735,0.00846280876345184,1.8409431762097e-09,0.00721648936802916,0.953013639055646
"TCGA.BC.A112.01A",8.80923434131743e-09,0.0531642725101897,0.0241694055272002,0.0152581833117728,2.14053406982245e-09,0.00705429141832116,0.900353836282748
"TCGA.ED.A4XI.01A",1.78735770532413e-08,0.0236920835674248,0.0187750075620735,0.0410842619584941,0.00372157953395303,1.55811463045831e-06,0.912725491389847
"TCGA.2Y.A9GT.01A",9.68266087541419e-06,0.045405812225008,3.2616263707156e-10,0.0286435473786114,0.0228389196004541,0.000998360719232976,0.902103677089655
"TCGA.DD.AACX.01A",1.41510585993171e-06,0.0357423296246788,0.00411431468150153,0.0448916965654336,4.93153517165714e-08,2.22623795627206e-06,0.915247968469218
"TCGA.DD.A1EB.01A",1.0229331735686e-08,0.0419717531822185,9.645356573711e-10,0.0108520402400629,0.000862960418568794,3.15009324120037e-08,0.94631320346435
"TCGA.DD.AACE.01A",7.71496540486542e-08,0.0357377630405554,0.00454805683518789,0.00587120964603006,4.56292097088778e-09,0.00320467105386563,0.950638217711786
"TCGA.2Y.A9H9.01A",7.27199145152537e-09,0.0421399212606583,1.76362251938835e-08,0.0155557413630351,0.000617548933974344,0.000456009144797282,0.941230754389318
"TCGA.CC.5262.01A",1.92505221050374e-08,0.0842381050207407,0.0328977672364187,0.0325791462916449,1.05197344576002e-07,0.0305896217143771,0.819695235288952
"TCGA.G3.AAV2.01A",5.24184306187575e-09,0.038866571711481,1.30829516442923e-07,0.0092827341267024,0.00117096726846619,2.07861750868114e-07,0.95067938296024
"TCGA.DD.A4NN.01A",2.00857613576935e-06,0.0426924734463254,0.00681746039888518,0.0095531088786674,1.30991130747981e-07,0.00419584901606117,0.936738968692794
"TCGA.DD.AACZ.01A",2.34161461808058e-08,3.53100255909695e-05,1.10577485924908e-10,0.125874867144773,0.0249495750459531,9.18510865599872e-09,0.84914021507185
"TCGA.DD.AAE0.01A",0.00704996794007666,0.0595391969863587,0.0164352373972532,0.0105238409489515,1.25461949247542e-08,0.0294593582449541,0.876992385936211
"TCGA.YA.A8S7.01A",0.000200537457973466,4.36539873178064e-07,4.64716597070352e-10,0.193867287257519,3.73879381901497e-07,3.12814754319367e-07,0.805931051585782
"TCGA.2Y.A9GY.01A",0.0210158495532659,3.74059525506824e-09,3.5385694498827e-09,0.14924646402375,0.0685561363250281,3.70016426409434e-05,0.76114454117615
"TCGA.UB.A7ME.01A",0.0180964267205041,0.0305244882562349,0.00597787187211924,0.022147437504274,0.00219303571079527,0.036420740236129,0.884639999699943
"TCGA.ED.A8O6.01A",0.000910372908582165,0.0317761471926231,0.00613563791089246,0.0116015298613145,2.06880115365208e-09,0.0159684713736969,0.93360783868409
"TCGA.ZP.A9D4.01A",3.79976218280782e-09,0.0145626338864845,3.97556479047446e-10,0.00809276859753652,1.58430625114533e-05,2.57610033780797e-08,0.977328724495145
"TCGA.DD.A1EH.01A",2.61599258742796e-08,0.0637452474197384,0.00868599881932329,0.0142927647941395,1.20299739613416e-07,0.00615559931759198,0.907120243189541
"TCGA.DD.A11A.01A",5.53836839863277e-08,0.0404715199636318,8.15182457193081e-08,0.0177733180251491,7.41255764889513e-07,0.000250099822067321,0.941504184031457
"TCGA.RC.A7SF.01A",3.44649031927043e-06,0.0145976411967267,0.000560340952072925,0.00592724467045105,1.97733993458565e-08,0.0080991269473299,0.970812179969701
"TCGA.HP.A5N0.01A",6.61425567451291e-08,0.159879094434948,0.0163565569911248,0.0176753530163799,0.00558210814241733,5.19742445130395e-08,0.800506769298329
"TCGA.DD.A73E.01A",9.48641474208777e-09,0.0387079502098768,1.87367218410717e-10,0.00291451841789269,5.31468114886609e-05,7.69500078798664e-09,0.958324367191959
"TCGA.G3.A5SL.01A",2.68593712591172e-08,0.0457386909138609,0.00713911952248093,0.00594229991080895,7.26654526400513e-09,0.0071080524623732,0.934071803064559
"TCGA.2Y.A9H6.01A",8.71816689306132e-09,0.0339385916468554,0.019515093148463,0.0167996102468814,6.92358193123784e-09,0.0138391621809345,0.915907527135117
"TCGA.WX.AA47.01A",6.10287464346751e-06,0.0661335204526807,2.67519044369319e-10,2.35995623830058e-07,2.33319133523822e-08,8.30056526360411e-09,0.933860108777054
"TCGA.MR.A520.01A",1.50155551378188e-08,0.0209471688813996,0.000592107480635694,0.00939376813629758,0.000952494508098579,0.0015550475855886,0.966559398392425
"TCGA.DD.A3A1.01A",2.04464973951098e-08,0.00610546701399958,2.463330786006e-09,0.0364614752817676,0.00414170700602435,0.000660818848775099,0.952630508939605
"TCGA.DD.AADF.01A",0.0187613094280727,0.011531816507207,1.60289321193552e-09,0.00539029161786885,0.0106176381980075,0.00197487015821731,0.951724072487733
"TCGA.G3.A7M7.01A",5.50302579321509e-09,0.0213364966068316,0.00158728713853441,0.00704128452537209,8.12362094463488e-09,0.00447468959467077,0.965560228507944
"TCGA.DD.AADQ.01A",7.25744378102646e-07,0.0135612989148228,7.50594943663895e-09,0.00631073855566661,0.00558077651242999,0.00106586232191278,0.97348059044484
"TCGA.DD.AAVX.01A",2.51250539371787e-07,0.0410333409225725,6.15357064412348e-09,0.019621497677098,0.00246610785059602,8.66379127246687e-09,0.936878787481832
"TCGA.MI.A75E.01A",6.59525578029422e-07,0.0355731562253682,0.00989000799147464,0.0128765846200001,3.08290525038302e-09,0.0140127050937058,0.927646883460968
"TCGA.GJ.A3OU.01A",9.23466798876005e-08,0.0992509569671175,0.0248497217052652,0.201351880497583,3.01195366325909e-07,0.0533640437536915,0.621183003534297
"TCGA.DD.A11B.01A",2.19769244336221e-08,0.0236540792171363,0.00425864483054722,0.011326535398104,1.50708158298975e-08,0.000642597355744643,0.960118106150727
"TCGA.LG.A6GG.01A",1.17210178845547e-08,0.028784768170415,0.000318799078490796,0.0153675536597142,9.3242622090332e-09,0.00229452105175608,0.953234336994344
"TCGA.CC.A7IJ.01A",5.74728347613262e-07,5.836363304568e-08,0.116610338967993,0.3101265199808,0.080554732607006,2.96886816556942e-07,0.492707478465404
"TCGA.DD.AACA.01A",2.67295361479796e-07,0.048789537074731,5.08697096789746e-07,0.0124688689998231,7.09014992575477e-05,0.00356002770486229,0.935109888728868
"TCGA.DD.A39V.01A",7.22460324925644e-06,0.0121522139704453,4.18292961423534e-10,0.0853424319096229,0.0335272500116181,1.53217203246252e-08,0.868970863765051
"TCGA.2Y.A9GS.01A",1.91727078070711e-09,0.0278594871059263,0.00548493986182207,0.037275559340045,9.77959101307164e-05,0.00113736937137061,0.928144846493435
"TCGA.DD.AACW.01A",7.41316426767107e-09,0.0224492308957573,1.68806571133055e-08,0.0129094621128396,0.0001441735898654,0.00431067240553629,0.96018643670218
"TCGA.FV.A3R2.01A",1.25927151829765e-07,0.0201604513902786,1.03518331513857e-06,0.0216942970414204,1.86779811298821e-05,1.21767404716293e-06,0.958124194802657
"TCGA.ZP.A9CY.01A",1.84255382637317e-08,0.025728680616235,0.0138565362377117,0.021393908925175,8.17768142495473e-08,0.000436904418773325,0.938583869599752
"TCGA.NI.A8LF.01A",3.38774508757945e-08,0.0646290245397731,2.30909929476799e-07,0.00485033219297833,2.20126585306149e-07,0.00255903810360566,0.927961120249677
"TCGA.DD.AAE2.01A",3.66537135758751e-09,0.0370003757985537,1.03570351770627e-08,0.0281211273617377,0.00921188402066754,6.15726473511414e-08,0.925666537223987
"TCGA.5C.A9VG.01A",0.00264230101447588,0.0678690991959713,0.0221409410125886,0.00958124456131863,1.23138798665296e-10,0.0145355899854352,0.883230824107072
"TCGA.KR.A7K8.01A",0.00999885960676118,0.0904236852307205,0.00286829159031224,0.052999494292118,0.0233054428260761,0.0264109077777822,0.79399331867623
"TCGA.ZP.A9CZ.01A",0.0131356697003349,0.0314808474353905,0.00288296899791613,0.0234300349423412,0.00372954649552877,0.0163198446530282,0.90902108777546
"TCGA.EP.A12J.01A",2.13349765703697e-07,0.0279987228052574,3.41887020912954e-07,0.00959090340485034,0.00177726442925172,5.64617645882792e-07,0.960631989506208
"TCGA.DD.A4NV.01A",1.28554613462891e-08,0.0511621109515044,0.0222898313672989,0.0111757610173734,1.4769152534515e-07,0.0076769646273011,0.907695171489535
"TCGA.BC.A3KF.01A",2.74109987217975e-08,0.0275170698994495,2.70651775460389e-08,0.00999420337878114,1.02627168920966e-07,0.00394405718390372,0.958544512434521
"TCGA.XR.A8TD.01A",0.0169004884065409,0.0631676645722085,0.0120367683702505,0.0529115511593548,0.0353558374232816,4.69022558875419e-09,0.819627685378138
"TCGA.DD.A4NK.01A",1.8350320858914e-08,0.042310365731852,6.96079830586062e-06,0.0105007085118604,0.000309054162293928,0.000239046820821614,0.946633845624545
"TCGA.DD.AACP.01A",0.00110744969422514,0.0122480610071591,1.08104896298891e-07,0.00748266458541162,5.14486387009956e-09,0.0110484934203856,0.968113218043058
"TCGA.G3.A7M5.01A",7.88478606418915e-10,0.0224909270214754,3.49661545181258e-06,0.0104934610462088,0.00379201531177355,9.22511006534378e-08,0.963220006965511
"TCGA.DD.A4NS.01A",1.21416925363397e-08,0.0872192781321336,0.0898143001810083,0.0241734933116607,6.32745018433061e-08,0.0447255079169486,0.754067345042054
"TCGA.WX.AA46.01A",3.91054078062327e-09,0.0139913793988004,0.0133295476970846,0.0139148555717223,0.000380045304540067,1.30410993836941e-05,0.958371127017928
"TCGA.O8.A75V.01A",8.08071274019182e-09,0.0336052656630824,0.00264347685830635,0.0343891104286548,2.71369671859524e-08,0.0120898328345882,0.917272278997688
"TCGA.DD.AACH.01A",2.54785789990383e-09,0.0401350482225239,6.56731314726829e-06,0.032996541556899,0.00104349952272826,1.22123899374687e-07,0.925818218712944
"TCGA.DD.AAVQ.01A",0.0714341458000981,0.028974658684193,0.0029306356871236,0.028258315202362,0.0102586526979726,0.0564824024841461,0.801661189444105
"TCGA.RC.A7S9.01A",0.00681696196731109,0.00718913812939222,2.70812024289624e-10,0.0116349411811784,0.00416286612920824,0.00158759199674976,0.968608500325348
"TCGA.BC.A8YO.01A",6.0153672356054e-06,2.21347606326418e-08,1.42740369401488e-08,0.0509951516503316,0.028023713629848,4.20285405884843e-09,0.920975078740933
"TCGA.DD.A4NR.01A",4.94610745756651e-08,0.055565020518891,1.07201154778723e-06,0.122869338426622,0.0575733516692496,1.86180374148773e-07,0.763990981732241
"TCGA.CC.A8HU.01A",1.50155888307124e-08,0.0336180017531163,0.00737333486002733,0.012391982735876,1.99309959263655e-05,0.00644685826831019,0.940149876371155
"TCGA.DD.AAVS.01A",7.04884341445267e-09,0.0555927241116888,0.00844023557320002,0.0111574835789851,2.22904243347206e-08,0.0188721116858038,0.905937415711055
"TCGA.CC.A7IH.01A",2.23232896087016e-08,0.0248538696396746,4.4111502784329e-10,0.00557212030365441,0.00137023340969301,2.76158054067361e-08,0.968203726266768
"TCGA.FV.A3I0.01A",0.000511209197562004,0.0580623507775853,0.0326358278176001,0.0141873898091376,3.00504014396729e-09,0.0161153345578067,0.878487884835268
"TCGA.MI.A75H.01A",1.89689841662504e-07,0.0455492059186977,7.50305112631617e-10,0.0183220999690861,0.0095862646289956,0.00391838082685585,0.922623858216218
"TCGA.CC.A9FV.01A",0.000108706524871252,0.582247322289507,0.0898861232861263,0.312739942176643,1.58298446172323e-08,0.0150178814427228,8.45028436552635e-09
"TCGA.BC.A217.01A",1.43573298787254e-08,0.0056104437796024,2.72951226417652e-09,0.0221681689002865,0.00689930487920401,0.00908055104803914,0.956241514306026
"TCGA.DD.AAD5.01A",9.58632245870789e-08,8.16872181436744e-09,7.20848816663334e-05,0.0829443771446255,1.7744577703635e-08,2.33369563051897e-08,0.916983392860228
"TCGA.2Y.A9H0.01A",1.56209900777306e-09,0.0133614526492815,1.19877292328569e-07,0.0284729752777224,0.0189476502943868,1.09628298989777e-07,0.939217690710919
"TCGA.DD.AAD8.01A",2.18234724248892e-08,0.0235465044953625,0.00467649924941964,0.00509405699890841,1.41380097866252e-07,0.0096140555750293,0.95706872047771
"TCGA.CC.A3MB.01A",3.13734818515565e-09,0.0165962936882103,0.00204028275526222,0.0168590271520737,7.30893295269785e-07,0.00338456721390954,0.961119095159901
"TCGA.DD.A4NE.01A",5.61961408687463e-09,0.0274728268084082,0.00906520873260779,0.00522220722435384,3.18823660630054e-09,0.00400455496373018,0.954235193463049
"TCGA.5R.AAAM.01A",7.44367995378e-08,0.0435077106872746,0.0214693596310386,0.0455040361789103,0.000838343208920902,1.43691660502299e-08,0.88868046148789
"TCGA.DD.AADY.01A",3.88903445518245e-08,0.0330515461552741,0.000964380709221306,0.0121660494779432,1.21739677223807e-07,0.0016166381033845,0.952201224924155
"TCGA.MI.A75I.01A",2.31701646261738e-08,0.0347957610854424,0.00214397410808907,0.013697450236328,2.8582838463391e-05,0.0104908164062426,0.93884339215527
"TCGA.G3.A3CI.01A",5.78985523889416e-08,0.0269367287287264,0.00313138280212507,0.0217733115888865,4.12754536301685e-07,0.00827749022320167,0.939880616003972
"TCGA.CC.A5UC.01A",0.00386713727068484,0.0519356048435307,0.0166779058244552,0.0161613698577848,1.35003452431539e-07,0.0192529827067124,0.89210486449338
"TCGA.FV.A496.01A",2.38824561186266e-08,0.022574473826718,0.00272364508687093,0.0083969881190432,5.86224876114991e-08,0.00106614717708803,0.965238663285336
"TCGA.DD.AACK.01A",2.1055647241582e-09,0.0335472997707518,5.16203743452785e-05,0.0138756678903143,2.73016214250846e-07,0.00659980055127042,0.945925336291539
"TCGA.XR.A8TE.01A",8.1400707389729e-09,0.0340096213457211,0.00472660935075312,0.0166967007678098,2.13135251116328e-05,0.00834957622499769,0.936196170645536
"TCGA.DD.A3A4.01A",1.48401482777706e-08,0.0338603760305922,5.62311662866198e-06,0.0114552560177969,3.01089233921397e-05,0.00245814189439956,0.952190479177042
"TCGA.RC.A6M4.01A",2.0166901720151e-08,0.0192247637205844,0.00176184963706761,0.00601229233304964,9.11414086015222e-10,0.00230787245222006,0.970693200778763
"TCGA.ED.A7PY.01A",5.90354058870646e-09,0.0180505570809306,0.000635949658073074,0.00625918143008677,8.61956989857896e-08,0.0042741188699067,0.970780100861763
"TCGA.DD.AADL.01A",5.81850326642513e-08,0.0225067717719458,0.00274924029071469,0.0121037472256253,2.51574925588283e-08,0.00394085775220637,0.958699299616983
"TCGA.UB.A7MC.01A",1.54637291705357e-08,0.0229757560902393,1.4704222923762e-08,0.0109242855938873,7.23978134736624e-08,9.20329150784008e-09,0.966099846546816
"TCGA.ED.A82E.01A",7.5690331855336e-08,0.0445352261773431,0.0327763901191918,0.0126828033319699,3.34552392332819e-09,0.00691352516464875,0.903091976170991
"TCGA.CC.A9FS.01A",1.97309829733004e-08,0.023385379137832,2.67438472017934e-09,0.0119313413661521,0.00109211002508444,0.000394675618121445,0.963196471447442
"TCGA.T1.A6J8.01A",2.97952422135783e-08,0.0216032221683926,0.00943008429191235,0.0130231380620696,4.57065956044092e-08,0.004872974559059,0.951070505416729
"TCGA.DD.AAW0.01A",1.33825087438712e-09,0.0216202598935548,0.0230789698224918,0.0257013987207282,3.51888958173667e-08,0.00955024764486078,0.920049087391218
"TCGA.BC.A216.01A",0.00350591684465003,0.0152060988278141,0.00152184527390253,0.00923327848627217,0.0330003647696614,4.50871130074373e-09,0.937532491288989
"TCGA.DD.AACG.01A",7.43934550584794e-09,0.00757378894242248,4.40925430594555e-10,0.017640287236225,0.000732692104174754,0.00732150038484292,0.966731723452064
"TCGA.CC.A123.01A",8.81436696900302e-10,0.0216560696455764,5.96525354381523e-06,0.0131126488852238,1.20820180137788e-09,0.00634175456016564,0.958883559565852
"TCGA.DD.A1EE.01A",4.94815580252672e-09,0.0210135297044936,1.7939248746908e-06,0.0162518731559655,3.01901104921596e-06,5.14420178286281e-09,0.962729774111259
"TCGA.FV.A3I1.01A",3.56612402876364e-08,0.0268505237833845,0.00915823367501278,0.0216944156860457,1.34277278639051e-08,0.0124862660488936,0.929810511717695
"TCGA.G3.A5SJ.01A",0.0174061246335739,0.0148183786380638,4.33384857911889e-09,0.0216039335773951,0.00585982334264557,0.0192848649586987,0.921026870515774
"TCGA.BC.A3KG.01A",1.43865054610061e-09,0.0238902072824294,2.52053317891241e-09,0.00499799982664924,1.66616477039165e-05,0.00554182012316354,0.96555330716087
"TCGA.ZS.A9CF.01A",1.3175021043976e-09,0.0304966329382159,1.12669924189763e-08,0.0108802748466631,8.5947486937819e-05,0.0077328712400199,0.950804260903669
"TCGA.RC.A6M6.01A",2.50661061566449e-09,0.0112978341952667,8.16248834862488e-06,0.0200832001400333,3.74121660210916e-08,0.0391351214381467,0.929475641819428
"TCGA.DD.AACI.01A",1.35814278555651e-07,0.0377017458133193,2.802227030189e-09,0.113117319784508,0.0543957580447192,0.00808608160092365,0.786698956140024
"TCGA.EP.A3JL.01A",6.11808477919681e-08,0.0360566877599077,0.00587746169950764,0.0402241883879504,0.00263144259581174,0.0111719434841329,0.904038214891842
"TCGA.CC.A5UD.01A",0.000389285882948999,0.0805099141263689,0.000991151438747218,0.0197499113661806,1.0107651510518e-08,0.0381249523045605,0.860234774773542
"TCGA.ES.A2HS.01A",1.45475103089726e-08,0.0388855057986034,0.00116529003021791,0.0124515807144546,4.44006004259408e-08,0.0022562803383651,0.945241284170248
"TCGA.BC.A10U.01A",1.46364801034094e-09,0.0105286256165195,6.81834074993596e-05,0.0148234507615698,4.58550766846542e-09,0.0144216758563435,0.960158058308912
"TCGA.DD.A119.01A",0.00360719144666069,0.0256875769886168,0.0100937296889103,0.0101359643292891,5.1233737042931e-10,0.00491996872382391,0.945555568310362
"TCGA.2Y.A9H1.01A",6.97119957858182e-06,0.0172728685645238,7.93099992605354e-10,0.0174188003349304,0.0105919867843442,1.14602966562265e-07,0.954709257720556
"TCGA.G3.A5SK.01A",3.19093859029302e-09,0.00281429847173021,0.00504435163240091,0.0161609376530437,0.00608802857649779,1.00949396997342e-08,0.969892370380449
"TCGA.BC.A10Y.01A",1.48659600854575e-09,0.0412121728860713,8.73134777650498e-11,0.0175839543384895,0.0057079927512848,4.14045572677664e-07,0.935495464404672
"TCGA.DD.AAE1.01A",1.71464671522181e-08,0.0185810764053684,1.91887160423499e-08,0.0102382279449102,0.00163922494532344,9.66031206799751e-08,0.969541337766094
"TCGA.DD.AADN.01A",0.00870503700696798,4.84376039689695e-09,1.11068683513186e-09,0.0682276210532312,0.122176346210856,1.01917062872314e-06,0.800889970603869
"TCGA.CC.A3M9.01A",5.94728736192732e-06,2.36091221542086e-08,1.65497939021647e-06,0.999991613925101,4.25644322808609e-08,7.07197236361754e-07,1.04373562140421e-08
"TCGA.DD.A73C.01A",1.06277373414077e-08,0.0518340051937824,4.76381383231616e-09,0.0194617266353562,0.00384302726593587,2.54598923677371e-09,0.924861222967385
"TCGA.BW.A5NP.01A",2.87407622858957e-08,0.0218084234409366,0.00109877671027364,0.00543689487713506,1.0925177609972e-08,0.00502529274132677,0.966630572564388
"TCGA.CC.A7IL.01A",0.0128781833661328,0.0164084580092295,6.70313504097004e-09,0.00508809842790752,1.2222661212542e-08,0.0139007886302306,0.951724452640703
"TCGA.DD.AACV.01A",9.72271401219171e-08,0.0154237118399428,2.64939058648527e-09,0.0110332743122113,4.50465467671304e-06,0.000324964668295006,0.973213444648343
"TCGA.DD.AAD1.01A",0.0235494271967292,0.0609545933981656,0.0599112493252894,0.017063924435407,3.45499867939554e-09,0.0464224079136413,0.792098394275769
"TCGA.DD.AAVV.01A",1.90179108669729e-08,0.0625946224649487,0.0148350819272136,0.0392072344765078,1.59409152885501e-08,0.030390237072357,0.852972789100147
"TCGA.ED.A8O5.01A",1.22445321099303e-07,0.0602431024088665,1.49101455897966e-08,0.0103163401183793,0.00167458735418143,8.93186931904099e-07,0.927764939576174
"TCGA.ED.A97K.01A",8.67789976069591e-05,0.0226805853506107,0.0465621621405177,0.026767457971382,3.39756279163603e-09,0.0113117202099348,0.892591291932385
"TCGA.2V.A95S.01A",0.0215555626399373,0.00388537396240022,8.8038324598476e-10,0.0637029089881602,0.0766542193177514,2.4040655744173e-08,0.834201910170712
"TCGA.UB.A7MB.01A",6.28284507313734e-09,0.0244830860458645,7.12245038359427e-10,0.00564550809570781,0.0014476948825851,3.40718034060166e-05,0.968389632177346
"TCGA.CC.5264.01A",7.19268827659325e-08,0.0128818817078845,8.07888392021482e-09,0.0186238368526237,3.9841266851013e-06,0.0857168328347487,0.882773384472291
"TCGA.ED.A66Y.01A",8.53343888077212e-09,0.0291185584943271,0.00490731486218806,0.0102271272954957,2.29705597334493e-09,0.00292120594393007,0.952825782573564
"TCGA.ED.A627.01A",0.00183760646219404,0.0296864514370388,0.0880387257052483,0.0752640808969466,0.0133766848938698,0.0323326428874125,0.75946380771729
"TCGA.DD.AACC.01A",0.0475218951685227,8.62068789777262e-09,2.25646172644788e-09,0.124675208846728,0.119562729517815,6.20349103150766e-09,0.708240149386293
"TCGA.DD.A4NB.01A",3.94146130056043e-07,0.0270253475357379,0.0996301445989096,0.0164649270573786,9.41680320452274e-05,0.00695205851956242,0.849832960110236
"TCGA.ED.A66X.01A",9.65176791769353e-09,0.0561393077417394,0.0552122649948807,0.0366917113686841,4.29628869189906e-09,0.00729951749552216,0.844657184451117
"TCGA.DD.A114.01A",0.0176959062291808,0.0840243329281303,0.0355966056592371,0.0595133039764993,0.0026701223941173,0.0508260490058245,0.749673679807011
"TCGA.DD.A3A9.01A",1.76820576428673e-07,0.0984942669532007,0.0252927630473461,0.0124433287934242,9.09434960070159e-09,0.0314612422939652,0.832308212997138
"TCGA.XR.A8TG.01A",2.84628303633822e-06,0.0171615819239654,0.0138400804212419,0.00954167183295692,3.31192775227267e-09,0.00436049923075797,0.955093316996114
"TCGA.ES.A2HT.01A",0.00204189346641245,0.0244440860464804,0.0030856435824527,0.012439468188456,0.000189392393851412,0.00192782628329981,0.955871690039047
"TCGA.2Y.A9H3.01A",0.0642430967896784,0.0678167230069683,9.904061051519e-10,0.0487164635585758,0.0184551866859087,8.23376267320079e-05,0.800686191341731
"TCGA.2Y.A9HB.01A",1.46477751197766e-08,0.0297029447143825,1.28040931360444e-10,0.0253109384308973,0.0054571744957075,0.0135610442985316,0.925967883284665
"TCGA.FV.A495.01A",3.65330480955223e-06,0.0462458679321277,0.0183194046952475,0.0276462699982885,1.28338467287801e-09,0.0308444422321938,0.876940360553948
"TCGA.G3.AAV4.01A",7.75870556916998e-09,0.0376352166423092,3.31536549187137e-06,0.025729421744763,0.000220162799799795,1.25295522291544e-07,0.936411750393408
"TCGA.BC.A10W.01A",2.8031939250856e-10,0.0434643303156546,1.17245391477984e-08,0.0358335586681308,6.01019166322521e-06,0.00803098504467644,0.912665103775016
"TCGA.DD.A1EK.01A",5.23364881106899e-08,0.0361549128772046,6.19805777393793e-07,0.0268846155880001,9.84134748785142e-08,0.00390590217095521,0.9330537988081
"TCGA.DD.AAD6.01A",2.37973491146782e-10,0.00467247385991872,6.83654302646144e-09,0.00794535441971727,4.15488377057225e-09,0.00130843491435274,0.986073725576611
"TCGA.G3.A3CH.01A",3.67010843543067e-09,0.050546749318221,0.00159203466837899,0.0212497756488017,0.000972972835399887,0.00661924386500117,0.919019219994089
"TCGA.KR.A7K2.01A",4.91659172574997e-10,0.0272148887682166,0.00537708769854069,0.0118716514282139,5.62516704675563e-09,0.0140235127437388,0.941512853244464
"TCGA.DD.AAEG.01A",0.00198282233277142,0.0326009810442978,0.00792922842217128,0.00446802819910855,4.56591367940668e-09,0.00689386618467279,0.946125069251064
"TCGA.ZS.A9CD.01A",2.55530366915643e-10,0.0481561687352949,0.00850801228742915,0.0152879432053875,1.04501840715738e-08,0.00361753809834298,0.924430326967831
"TCGA.2Y.A9GV.01A",6.7626095641951e-08,0.0316848683637109,5.91122352484238e-09,0.0334855553531311,3.05488762527505e-06,3.67529385788357e-08,0.934826411105275
"TCGA.BC.A10T.01A",1.00388890410311e-08,0.0451453743604066,0.020722210395537,0.0105664354036303,2.45692504707469e-08,0.00864232421106684,0.91492362102122
"TCGA.DD.AAEI.01A",5.92115668509216e-10,0.00853250191472961,1.32404021736517e-09,0.0195790650955411,0.00124633393768794,1.95813290198208e-09,0.970642095177753
"TCGA.FV.A2QQ.01A",7.62171352995484e-09,0.0192036281705523,0.000399549483847273,0.0252136980836471,0.00057052782779703,0.0187202068122303,0.935892382000213
"TCGA.PD.A5DF.01A",3.50451714470094e-09,0.0340996657284084,0.0272898274789206,0.0178069755650072,2.46525143665049e-08,0.0060417885723054,0.914761714498327
"TCGA.EP.A2KC.01A",1.2511897018279e-08,0.0253437310842964,0.00223969347412977,0.0120261133870309,4.31842971952652e-08,0.00561247888178143,0.954777927476567
"TCGA.CC.A7IG.01A",6.96624768763931e-10,0.0312324720235332,0.00175882193490618,0.0250593933544561,2.42800061377005e-06,0.00674310616237531,0.935203777827491
"TCGA.DD.A3A3.01A",2.02668989276732e-08,0.0353962156231782,1.71628056929461e-09,0.0104790983212131,6.02075077656051e-06,8.43757060848865e-09,0.954118634884082
"TCGA.4R.AA8I.01A",9.10103136064211e-09,0.0364747592919456,0.00322730302982565,0.0184175777739303,1.62344468930641e-05,0.00409639366850008,0.937767722687874
