"","cellFractions.B.Cells","cellFractions.Endothelial.Cells","cellFractions.Fibroblasts","cellFractions.Macrophages","cellFractions.NK","cellFractions.T.Cells","cellFractions.otherCells"
"TCGA.94.7943.01A",0.00854309825459982,0.0226660671804276,0.0415237045973548,0.028177639896743,1.30024107849904e-08,0.0143878976391651,0.884701579429299
"TCGA.68.8251.01A",7.98366570403646e-05,5.55690581275612e-10,0.224168832415262,0.0383711834879569,8.82396960259682e-07,0.0343119675021442,0.703067296984945
"TCGA.33.A5GW.01A",1.45445815982645e-07,0.0405519862505287,0.0122436387962026,0.0231704383912154,3.1476746707073e-07,9.16835241460777e-07,0.924032559513529
"TCGA.85.8070.01A",0.0195699425847636,0.0156235109260208,0.0160203303592019,0.00946957821773567,4.87552889778603e-08,0.00482816996179235,0.934488419195197
"TCGA.85.8479.01A",2.24806951597455e-07,0.0279109471134798,0.0240416539031855,0.0181674139769638,1.21005066752187e-07,0.00903236229340691,0.920847276900945
"TCGA.22.5482.01A",3.63013521613141e-06,0.0046724207079307,0.13478909833375,0.0509838513605203,1.78812800643614e-07,1.51449206220514e-06,0.80954930615772
"TCGA.21.1077.01A",0.097453302757628,6.22516556024365e-06,0.139037741023975,0.0338044080601941,1.63302663013221e-08,0.0126621879557055,0.71703611870667
"TCGA.43.6773.01A",0.551173909707873,5.20073288557165e-05,0.303199419639452,0.145572703824066,5.51856214997704e-07,1.40465277714389e-06,2.99076127546304e-09
"TCGA.34.8455.01A",0.0276690315619649,0.0258134088567208,0.149236160700658,0.0232257513742222,8.36914619125873e-09,0.00380635225194327,0.770249286885345
"TCGA.85.7950.01A",3.32103132116036e-09,1.72018415513564e-08,0.292981913245601,0.0180061963854951,0.0240519344677421,6.43503764792111e-06,0.664953500340641
"TCGA.60.2715.01A",7.3009568819256e-06,2.18906258989362e-08,0.453869447759324,0.104970190879664,1.7073059355167e-05,4.23223288206274e-07,0.441135542230861
"TCGA.85.A5B5.01A",0.00363601687521214,0.00771048856860349,0.0729741782726709,0.0172529557765995,1.41570108947926e-08,0.022024393363576,0.876401952986327
"TCGA.33.4583.01A",6.4122743340599e-08,0.000596663124351541,0.0348941953824486,0.0228190512230792,0.0141747130607178,0.00387018589650303,0.923645127190157
"TCGA.60.2725.01A",0.034322476311759,4.47296959979538e-09,0.269373942359419,0.119674941535793,0.0183171518277268,3.85391002247795e-05,0.558272944392108
"TCGA.85.8072.01A",0.0125112589748903,0.0305499695914801,0.0671139226437282,0.0668010671344791,2.51129106467491e-07,0.0216797375952005,0.801343792931115
"TCGA.22.4601.01A",0.00429672785296144,0.0398715369394929,0.0340212990543169,0.0363594746244461,1.46972462684737e-08,0.0136114451234835,0.871839501708053
"TCGA.66.2781.01A",0.00281407875070241,7.84110413855037e-08,0.541494867985125,0.0086578514881609,0.000184250214806318,7.390795094958e-07,0.446848134070655
"TCGA.22.0940.01A",0.0287039987664254,7.99418841294856e-06,0.228284116815333,0.102957796999842,0.039480544704846,0.00937660905258715,0.591188939472554
"TCGA.43.6143.01A",0.00320857985223954,0.000115279723107546,0.151976354020158,0.0231975772632228,8.63329698060612e-09,1.39789269795014e-08,0.821502186529049
"TCGA.39.5021.01A",0.118407308261414,5.24968883071734e-09,0.125181368157432,0.0789231455538249,0.0125757640783793,0.00430413741922292,0.660608271280038
"TCGA.22.1012.01A",0.00872760698150071,3.70789735012973e-08,0.0808411044723405,0.0276709774690046,0.00377325426400892,0.00664505250018805,0.872341967233984
"TCGA.33.AASL.01A",0.0101076525240783,1.36997344311829e-08,0.0133253833074062,0.0171510707059863,0.00615830110549861,0.016597488788871,0.936660089868425
"TCGA.33.4533.01A",3.78525192478132e-07,1.52004440221938e-05,0.13187609986165,0.0195298675075305,1.06663266437862e-07,1.10517132997398e-06,0.848577241827009
"TCGA.43.6647.01A",0.0856136781768876,1.54727262867891e-07,0.852275515681684,0.0473333344139311,2.29174330361393e-08,9.28463440055738e-08,0.0147772012364574
"TCGA.77.6845.01A",9.84262097703812e-07,0.0332188367312854,0.0418645025169725,0.0247741334793895,3.44713644253055e-06,1.95014559685479e-05,0.900118594417844
"TCGA.56.8504.01A",1.58155691944094e-07,1.16672535542343e-08,0.116552652957153,0.045781254461857,0.00887347283565648,8.20523024852449e-08,0.828792367870086
"TCGA.56.8629.01A",1.47628668695158e-07,0.0280946528458116,0.0882999002354521,0.0701537209490073,9.52428089512195e-08,0.00879379796628205,0.804657685131969
"TCGA.63.A5MY.01A",2.45579643772711e-08,3.35842291284629e-08,0.109052861333756,1.84366728207295e-05,3.69732226772866e-05,1.34240818429993e-07,0.890891536387735
"TCGA.37.4130.01A",0.137649152318,1.17973813615138e-08,2.4072474157244e-08,0.107662960882816,0.21918514538198,0.0133683347485759,0.522134370798772
"TCGA.22.1002.01A",7.34409167030283e-07,6.36811574719992e-10,0.710938552411209,0.0167086815718099,1.65093855628379e-08,0.00022643566954176,0.272125578792075
"TCGA.18.3410.01A",0.0397675245150523,2.15841495341948e-08,0.0457152276298109,0.0343941540974716,0.0249360714035416,0.0730550912924244,0.78213190947755
"TCGA.39.5011.01A",3.83069552061531e-08,4.31720877701855e-07,0.0276545906892039,0.226747649489361,0.0860611303277501,3.24719057134597e-07,0.659535834746795
"TCGA.56.7580.01A",0.0908254755463201,5.31392537484251e-08,0.138398591227997,0.0118295525377993,3.85916462627476e-07,9.76715405514469e-09,0.758945931865013
"TCGA.98.8023.01A",0.126555374711103,2.17233087435502e-08,0.236828592138252,0.0416748087062774,0.0163541692762236,1.01305586214009e-07,0.578586932139249
"TCGA.33.4586.01A",0.000116950633391551,9.20377296784429e-05,0.166045093885828,0.0473750489040763,6.26216814860011e-09,3.14761785946649e-07,0.786370547823071
"TCGA.58.8388.01A",1.36139493229454e-06,0.0141908832796808,0.195386772008633,0.0713963063657516,0.0091290118383073,0.0234953236282978,0.686400341484397
"TCGA.77.A5G3.01A",2.95513023712405e-08,2.09549275886871e-06,0.101115445558607,0.0222612611383224,0.00796336488781483,2.61280005630207e-08,0.868657777243194
"TCGA.85.8071.01A",4.4703374427345e-08,2.43787841970995e-09,0.0803069188681809,0.0106293469105942,0.0112670433960106,7.8675279175104e-08,0.897796565008682
"TCGA.33.A4WN.01A",0.0993125938879562,1.91459738697773e-09,0.059423867247531,0.0112894635293681,7.45793007149602e-06,5.55370715865165e-09,0.829966609936769
"TCGA.77.7141.01A",0.000931703324998511,0.0453660544604152,0.0303067868414651,0.0342157794569215,2.59295330748818e-08,0.00771653022702881,0.881463119759638
"TCGA.60.2716.01A",5.56265892172547e-08,2.3073912613029e-09,0.0675223537326524,0.0062837168020324,1.3380561954835e-08,4.08953362923056e-06,0.926189768617144
"TCGA.85.7844.01A",0.00256192226165792,3.06085429660491e-05,0.318163247787658,0.0635927220398915,4.35955824082446e-08,0.000135602141631514,0.615515853630613
"TCGA.98.A53H.01A",0.149584757206253,1.69796397489813e-08,0.334489234308222,0.0347005776350572,3.70860379123414e-07,0.0106330249123731,0.470592018098076
"TCGA.37.A5EM.01A",2.95407838614738e-06,1.32915189027925e-08,0.297725278936276,0.0684969219560839,0.000770743982362046,3.26236159810275e-07,0.633003761519213
"TCGA.63.A5MU.01A",1.22528627233653e-06,6.65727173917944e-08,0.560268111395414,0.000285851732316229,4.23958200394096e-07,1.29353932242774e-06,0.439443027515758
"TCGA.39.5016.01A",4.30627869129313e-11,1.58292433294192e-06,0.0161030557979717,0.0746196625779281,0.0158813681428254,0.0315222526821586,0.86187207783172
"TCGA.33.4582.01A",5.67518575063075e-08,1.37217687190178e-07,0.278266716378326,0.00590604945712976,2.38059043446811e-08,3.99206031700288e-09,0.715827012397035
"TCGA.85.8666.01A",1.57857163306707e-07,0.013840116600866,0.165994082308609,0.0916095771309905,4.23181361727133e-07,1.14309425947753e-06,0.72855449982675
"TCGA.66.2791.01A",0.101040350113924,3.09748568057565e-08,0.238682760372301,0.096078478918341,0.0415159518090511,5.56994198756871e-07,0.522681870817327
"TCGA.6A.AB49.01A",0.0147933457940837,0.0759006321515486,0.00566347389480025,0.00267303884700056,4.0756100501234e-09,0.0466918475053357,0.854277657731621
"TCGA.66.2782.01A",0.0256978746715844,2.55898870427329e-07,0.182628992658207,0.0765891239540911,0.000526922991426864,1.54717527588972e-08,0.714556814354068
"TCGA.39.5036.01A",0.00156782879581022,0.0289270134454871,0.0147260167471013,0.0294806501046565,2.84454496403916e-08,0.0264263089032903,0.898872153558205
"TCGA.NK.A5CX.01A",0.0472412009667948,0.0259306188817575,0.161635123339327,0.068748206805285,3.09414531404483e-08,0.0263239600472211,0.670120859018162
"TCGA.77.8154.01A",1.16593383891301e-05,9.34025044933428e-08,0.918557086216346,2.55912867322902e-05,9.71879377237801e-08,2.53245059689195e-08,0.0814054472435842
"TCGA.37.4132.01A",0.132491722065514,7.48467089636068e-09,0.0657911003025062,0.0505297149877954,0.0527226626182342,8.6632158694333e-07,0.698463926219693
"TCGA.98.8020.01A",2.20600807425762e-07,0.0771621527894373,0.151494648765834,0.0851993685554942,1.57636388903095e-07,0.0361057129430879,0.65003773870895
"TCGA.56.A5DS.01A",0.1031284961418,1.66322794813433e-08,0.087941128338278,0.0123186192871788,0.00201361955808534,0.00992539925366309,0.784672720788716
"TCGA.60.2707.01A",9.4354641710894e-08,4.61606330277282e-08,0.279488386559783,0.0513334333213599,1.43267913929694e-06,8.0573222630923e-08,0.669176526351221
"TCGA.66.2734.01A",4.50995886968203e-08,4.45337443572439e-07,0.152288837268931,0.081492110970929,1.8786188087112e-06,3.07002709986678e-05,0.7661859824333
"TCGA.66.2742.01A",9.31533711915345e-08,0.0319474330030467,0.166300341624683,0.103888297765263,7.88218752246791e-07,0.00342260683494188,0.694440439399943
"TCGA.22.5481.01A",0.121030527569343,0.0149940993426154,0.0277939556962548,0.0270240502560051,0.0420274031786593,2.48859505207259e-08,0.767129939071172
"TCGA.21.5787.01A",0.0191391045659525,0.0309851650987917,0.0832734928171661,0.0836771740680511,0.120657502346515,3.46591430972526e-07,0.662267214512093
"TCGA.66.2783.01A",0.153202526854378,0.000254140767093957,0.0582418855392967,0.0262546341441,5.11540561695232e-07,4.65106049538707e-07,0.76204583604852
"TCGA.92.8063.01A",4.56255536922141e-08,0.00386806650658481,0.18364049966742,0.0569144895976598,8.68772751926024e-05,0.000842067114682819,0.754647954212906
"TCGA.66.2757.01A",0.0217422196901722,6.32305216972787e-09,0.112226624497825,0.0716415953400956,0.0238863996594587,5.99248525456211e-05,0.770443229636851
"TCGA.39.5022.01A",0.461044123755224,1.14841061600935e-08,0.207412973048853,0.118705066950079,0.052231832532695,0.0129863762776772,0.147619615951366
"TCGA.94.A5I6.01A",2.0496483076106e-10,0.0171595990538177,0.078022322254457,0.0223781362345169,1.30684632887294e-09,0.0220080767960313,0.860431864149366
"TCGA.85.7698.01A",0.0227793661486741,1.8982550183492e-11,0.222397510605606,0.0393764424918331,0.0045463462762749,6.52462369997845e-07,0.710899681996259
"TCGA.37.4141.01A",0.0226425644720623,2.51725843959397e-09,0.0877372804758027,0.050539858061482,0.0272266325171104,1.08262562711626e-06,0.811852579330657
"TCGA.66.2753.01A",0.0188278703981861,5.39029764498219e-08,0.15881996301891,0.0251360781304189,5.85062515913658e-08,2.84207654320165e-08,0.797215947622492
"TCGA.43.A474.01A",1.1830194873883e-07,1.71822540216494e-10,0.214813172805728,0.00853883955750633,3.36474149860588e-08,1.11459190581983e-07,0.776647724056389
"TCGA.63.5128.01A",8.5661432070929e-06,0.00625053218789442,0.0527962364272875,0.0134075457977531,1.81118687462644e-09,1.3722180460364e-07,0.927536980410866
"TCGA.56.8625.01A",0.000187910717602177,5.93312464706325e-06,0.427567736557955,0.408640911718841,0.0438721873564421,1.65615779011488e-09,0.119725318868355
"TCGA.63.A5MB.01A",1.25523030622905e-08,0.0365693259480146,0.0398101059465708,0.0351970349260144,3.96979083406112e-07,0.0199348685260478,0.868488255121966
"TCGA.22.5471.01A",0.00673554670499892,2.53259050778274e-09,0.0822149788601264,0.0578898667789675,0.0915817681621374,7.80698445982311e-08,0.761577758891335
"TCGA.56.A4BX.01A",1.91978341375271e-08,0.0300695649642752,0.0136369095330847,0.0112590140199926,2.26882725277491e-08,0.00129327912823621,0.943741190468305
"TCGA.63.7021.01A",0.270891197508276,6.61535330444501e-09,0.129172193807722,0.0261688536623252,1.18193379345879e-06,1.41945724836214e-09,0.573766565053073
"TCGA.85.A511.01A",0.114240473702118,1.29324239553306e-08,0.341011027632419,0.0352072479310258,7.51506312250589e-07,3.20739164189953e-05,0.509508412379282
"TCGA.66.2755.01A",2.52811059582633e-09,0.0111507241743368,0.121639617731164,0.0618527316372152,0.074078574859591,0.0343542555241974,0.696924093545385
"TCGA.46.3769.01A",2.75314381026871e-08,2.6947360526409e-06,0.143207611240947,0.169947175842295,0.012131096647499,0.00270923388111936,0.672002160120649
"TCGA.21.1070.01A",0.0765159304573497,2.41973505025011e-08,0.0704671690751511,0.0447094038113178,1.73573114799927e-06,0.0627023993664451,0.745603337361238
"TCGA.22.5477.01A",0.00525928346361813,0.0344224321991386,0.0230968093535023,0.0247685421906831,0.00360028982210193,0.0159569653326803,0.892895677638276
"TCGA.18.3412.01A",1.23795549382857e-07,2.12184276788014e-09,0.10190699072643,0.0256163852891574,0.00079796896028922,2.12993541059902e-08,0.871678507807377
"TCGA.34.5929.01A",7.93343548948944e-08,0.012054289671412,0.0581135176531181,0.0489956422422059,1.77156697096966e-08,0.0147605259125789,0.86607592747066
"TCGA.NK.A5CT.01A",1.01132602125422e-07,0.0370316507396391,0.0214183738236667,0.0346913121457665,7.46900930756149e-07,0.0217512861657705,0.885106529091624
"TCGA.46.6025.01A",4.18956626557217e-08,0.011488341008028,0.0499677265038076,0.0205742901753997,0.000722790586097803,0.00145841532398786,0.915788394507016
"TCGA.NK.A7XE.01A",4.33395235643952e-07,0.0318558425996114,0.0108995226015299,0.0318454585166999,3.82664327767316e-08,0.0163909272620041,0.909007777358486
"TCGA.33.AASI.01A",0.0830115602303604,0.016609268225857,0.00576663428680579,0.0181369777928052,0.00466955704319398,0.0299805963939345,0.841825406027043
"TCGA.56.A4ZJ.01A",5.5232668825879e-08,0.0829130818728187,0.339596051939467,0.133533348914411,2.12117611985638e-05,4.3344747694178e-05,0.443892905531742
"TCGA.34.5239.01A",0.0736562866155283,2.66607901112269e-06,0.395171250985397,0.0416926049431486,0.0221305405030324,1.3299405736147e-07,0.467346517879825
"TCGA.66.2754.01A",2.06631331662086e-06,0.00792723668182956,0.0356368919241458,0.0202666150842509,0.000841369605807181,9.93557763063649e-08,0.935325721034874
"TCGA.66.2756.01A",0.0249000276483686,0.00432851515298473,0.0788330789309378,0.0226828222376726,0.00967556447401807,0.000478237973171653,0.859101753582847
"TCGA.58.8390.01A",1.84149886406195e-05,4.85566540579431e-05,0.185818784069191,0.0208654709616036,2.11355964935301e-06,7.36157127893241e-07,0.793245923609729
"TCGA.77.A5GB.01B",0.145505908950599,1.14700715278259e-06,0.142939644289835,0.047606348043394,9.12078670622201e-07,2.31128208541995e-06,0.663943728348263
"TCGA.O2.A52S.01A",0.0539558801471473,0.0108777965977552,0.0134834756951726,0.081412786229769,0.00895959647854452,4.71199350875046e-06,0.831305752858103
"TCGA.60.2713.01A",7.94286459105524e-05,1.8955725283595e-08,0.316326814945216,0.152325274322488,0.00105191587037165,0.0220366640752288,0.508179883185059
"TCGA.37.A5EN.01A",0.0495293730162988,0.00557713290478968,0.0379185847670486,0.0121628659522253,1.04624655273944e-08,0.0483383114878121,0.84647372140936
"TCGA.56.8626.01A",7.74039312260286e-07,0.122308453255903,0.10835386648736,0.0637019569672313,1.23529893572493e-07,0.032389599179571,0.673245226540728
"TCGA.L3.A4E7.01A",0.0405081830620754,0.068024769622572,0.0605347485941407,0.0368282599599753,7.06713932552855e-08,0.0133733620015659,0.780730606088277
"TCGA.22.5472.01A",5.04099334090176e-08,0.0214103079563099,0.107759466190243,0.0816237383362655,1.66092151412837e-07,8.95209832401282e-07,0.789205375805265
"TCGA.63.A5MW.01A",4.72467939322059e-06,1.96927689762808e-09,0.344835990656488,0.0108794106867536,1.3697053164229e-08,1.73414517657698e-05,0.644262516859269
"TCGA.63.A5M9.01A",2.78595467914952e-07,7.01136380638061e-08,0.0935009746392263,0.0397321421469715,0.00404101210253981,5.19158188086953e-08,0.862725470486338
"TCGA.60.2710.01A",0.0183979595924619,1.36201760235936e-07,0.140469864765951,0.064391715230559,0.00275533707848205,0.0068006573703838,0.767184329760402
"TCGA.77.6843.01A",2.40658584774373e-08,0.0810043474397914,0.00446370004079947,0.0519459098487989,8.45743670637157e-05,0.000246248907596503,0.862255195330092
"TCGA.21.5786.01A",0.110563877437254,1.62899300027158e-09,0.196153375727547,0.0202474904577002,3.53888466057304e-08,5.72030102677798e-08,0.673035162156649
"TCGA.68.7755.01A",0.0103938039112438,0.00316926481990539,0.088643089813211,0.018947977767633,2.28516576477132e-07,4.82684235422476e-07,0.878845152487195
"TCGA.85.A50Z.01A",1.6493059521585e-09,2.483822127136e-06,0.187460129519223,0.0222221976296502,6.01076429917852e-06,1.00795910703472e-07,0.790309075819484
"TCGA.66.2737.01A",1.40987214482658e-07,3.51037172734349e-09,0.453126873959656,0.073459370779868,0.000324880826833799,1.66221091277739e-09,0.473088728273845
"TCGA.NC.A5HK.01A",0.0547757026437604,0.183862422561831,0.0666563622333907,0.0107997182122276,5.35734180463115e-09,0.0729849342286332,0.610920854762815
"TCGA.85.A4JC.01A",0.0151997814490838,5.26617647008995e-08,0.173964309037949,0.0236888048539761,1.10252467323503e-08,0.00651191761891758,0.780635123353063
"TCGA.58.A46J.01A",0.0146441560889148,0.0487245340445507,0.0488729383460871,0.0545436309081279,1.17971736577752e-07,0.0185659483630186,0.814648674277564
"TCGA.46.6026.01A",0.000382568949820727,0.0250523740809144,0.0262849257765195,0.00856839929353192,3.56003745524446e-09,0.00718712815028034,0.932524600188896
"TCGA.46.3765.01A",0.121794160144519,3.3675611849159e-08,0.139339140940822,0.0269544180223366,2.10496391548692e-08,9.68091304135667e-07,0.711911258075767
"TCGA.O2.A52V.01A",0.00995511742281281,2.33640287838437e-09,0.116434650457089,0.0390839689782774,4.10768566232797e-08,0.0405893620520934,0.793936857676468
"TCGA.92.7341.01A",6.36633803302764e-06,8.66966092766881e-09,0.164227360259414,0.032148653259065,9.56419394074376e-08,5.40016931891955e-06,0.803612115662569
"TCGA.51.4080.01A",6.84917922726728e-10,0.0148546816787787,0.0163492661982619,0.0225922574457651,0.000966612536307129,6.1218440350612e-08,0.945237120237529
"TCGA.21.1076.01A",1.33320792246335e-07,2.25045269038482e-09,0.269843320934481,0.137829010828241,1.40743415041102e-06,2.39347342721146e-05,0.592302190497611
"TCGA.56.7730.01A",1.24319179369894e-08,0.0262197655798529,0.0103299084511092,0.0155777013589463,6.11808220258283e-09,0.00535859996413256,0.942514006095959
"TCGA.NC.A5HO.01A",7.66774425057268e-10,1.58298541096887e-08,0.0635404351865486,0.0166407067366853,0.00938090876462449,1.12641258620234e-06,0.910436806302927
"TCGA.21.1079.01A",1.74207436819108e-05,0.00160616278426791,0.226885024637262,0.0422693459504194,6.59534699187164e-08,1.97728412380125e-06,0.729220002646775
"TCGA.21.1076.01A.1",1.33320792246335e-07,2.25045269038482e-09,0.269843320934481,0.137829010828241,1.40743415041102e-06,2.39347342721146e-05,0.592302190497611
"TCGA.NC.A5HT.01A",0.00219411455548053,0.0414504945483827,0.0408856938397576,0.00265389100518663,3.85991167362144e-09,0.00992094205439637,0.902894860136885
"TCGA.56.6545.01A",0.0528440095760104,0.071627542695431,0.445102319050053,0.082683239559071,9.41263423887293e-08,0.057425509612685,0.290317285380407
"TCGA.85.8582.01A",5.12306273991703e-05,5.35234667114554e-08,0.563239192034033,0.0170645245036744,2.07029692905305e-05,1.03106381754157e-06,0.419623265278319
"TCGA.66.2787.01A",0.0366324050001319,1.39834834158011e-09,0.100574702033487,0.0853661105750967,0.0337874134766426,2.21307001580196e-08,0.743639345385594
"TCGA.60.2698.01A",4.25890304262122e-07,0.0278965018670946,0.100770003734011,0.162640791064079,0.0265797385434373,0.00769866293842782,0.674413875962646
"TCGA.O2.A5IB.01A",0.00602889903108725,0.022922736355466,0.0353523005366456,0.00938506373583583,2.02157679779732e-08,0.00443762815738558,0.921873351967812
"TCGA.22.1000.01A",0.14552696222351,7.49570972764395e-05,0.502175850139929,0.138287682269617,1.42394037865812e-08,2.68495238268584e-07,0.213934265535026
"TCGA.56.8083.01A",0.00542728525192649,0.0311937813708682,0.050125727879723,0.00759163313048758,9.32198319724828e-09,0.00461497224908424,0.901046590795927
"TCGA.66.2763.01A",0.0442350689065772,7.34009578382839e-08,0.0769249346913155,0.0262248480890451,0.00276724466976017,1.86267500856728e-08,0.849847811615594
"TCGA.77.8153.01A",0.0304338124547198,0.00645212549714302,0.0311223064644941,0.0113953739463437,1.52663189097338e-08,0.0047705291039435,0.915825837267037
"TCGA.21.1083.01A",0.0313661630017711,2.32779325481483e-06,0.109458852291312,0.0370301573506939,0.0116300812289646,0.000951226146226193,0.809561192187777
"TCGA.85.8049.01A",0.173115768957052,0.0307983556682157,0.270926417796967,0.118961985072418,2.20463168966135e-07,0.0452602437669158,0.360937008275262
"TCGA.34.8456.01A",0.0497852505696821,0.0702074122880205,0.0583075190060587,0.0227179707040838,7.76323804900944e-09,0.0383620308853255,0.760619808783591
"TCGA.33.6737.01A",1.4098829132211e-09,0.0407654463424731,0.0699688524104606,0.0219584831760255,0.00416127056478779,7.13178193766692e-07,0.863145232918176
"TCGA.77.8140.01A",0.0379978158801814,0.0149696610802517,0.0315445746380015,0.0049107473529883,0.0029549590948531,2.80496322569689e-07,0.907621961457401
"TCGA.39.5028.01A",8.75585968293261e-08,1.04531273309966e-08,0.884443341842174,0.0298151902853124,0.000713097100380164,0.000293706651192852,0.0847345661092162
"TCGA.34.5240.01A",2.07483166992008e-08,6.62262476651127e-05,0.236760045773693,0.0327588745561207,0.000177435735267111,1.75646198786151e-09,0.730237395182476
"TCGA.79.5596.01A",9.20912653783354e-06,1.41514551507904e-08,0.098347190711236,0.015474038369937,1.28669126838863e-05,1.25094434807483e-06,0.886155429783802
"TCGA.56.8308.01A",0.125115029392243,0.000206158813724804,0.123221733759196,0.0229081155121675,7.15178640815462e-10,0.00442336577432559,0.724125596033165
"TCGA.90.7964.01A",6.42119128335438e-08,0.0269552994309579,0.0708427574474288,0.0672894074167033,6.98173781178672e-08,2.56973337661647e-05,0.834886704341853
"TCGA.18.3408.01A",1.22350343218945e-07,8.06100432759913e-08,0.0884594555135959,0.0323530007654182,1.26516919459671e-07,0.0284123461682673,0.850774868075413
"TCGA.18.4721.01A",0.133696622123536,4.68471509928705e-09,0.219842583138686,0.091630578246183,0.0261352787949351,1.38959018332363e-06,0.528693543421761
"TCGA.22.5478.01A",0.0455408587200807,7.28443126127268e-08,0.165915242550603,0.0337871853384162,2.3141963729356e-09,0.0022829349841126,0.752473703248278
"TCGA.66.2773.01A",8.53895335371108e-08,0.0563412298487136,0.182831625654659,0.236601055662769,7.53873773791886e-07,0.0190729171101587,0.505152332460392
"TCGA.22.5479.01A",0.0952477736521991,0.0231246813541327,0.0713876892613731,0.0334893351072077,0.00226381945517073,0.00848449550710076,0.766002205662816
"TCGA.39.5019.01A",0.0420694461198418,3.62958884037535e-09,0.159850722819159,0.0229324785451817,6.03006207842081e-09,0.0514382254255982,0.723709117430568
"TCGA.NK.A5CR.01A",0.0280674514485066,0.00884968900142997,0.0330356359433442,0.0130389547665153,4.00324957974606e-08,0.00107407840523132,0.915934150402477
"TCGA.39.5040.01A",0.0669212475509076,0.00629112590967516,0.03463786653891,0.0188703922296414,1.11597757470059e-07,0.0100605099925623,0.863218746180546
"TCGA.77.A5G6.01A",0.0210556214433634,3.4803113274149e-10,0.0396454123184869,0.0146240642792956,1.07361716527002e-07,2.61328433350874e-05,0.924648661405771
"TCGA.98.A539.01A",2.99368220546636e-07,0.0383329803978124,0.0645644176084635,0.0484471327814058,4.96465052618083e-07,0.00263199350243287,0.846022679876612
"TCGA.85.6175.01A",7.15290772756251e-09,1.95059444682332e-08,0.614415475756517,0.13249643693543,3.74198517158069e-05,2.95508678797052e-06,0.253047685710697
"TCGA.34.5927.01A",0.0133059494649104,0.00307447182838735,0.0510688749818664,0.015783955461051,0.00164018043186453,0.00450026937970309,0.910626298452217
"TCGA.85.8350.01A",0.0470163111017953,0.0400450573046877,0.165062256180069,0.0394841517901459,7.26131529171059e-08,0.0229544705690857,0.685437680441064
"TCGA.NC.A5HM.01A",0.00402933322597558,0.0329794573182395,0.0190039442045634,0.0212427819628284,4.334411333494e-08,0.025164153166499,0.897580286777781
"TCGA.22.4591.01A",3.4131037372872e-08,0.0142440878047713,0.0289343821797184,0.0287266900872735,2.11760793335784e-08,0.0102851563376312,0.917809628283489
"TCGA.85.6561.01A",0.172075768563736,1.65897450344695e-07,0.387405910099946,0.0699107988621679,0.00284030112016417,5.22451503274807e-08,0.367767003211385
"TCGA.98.A53B.01A",2.9593654766342e-07,2.7921432828495e-07,0.501266114142983,0.0638337292529515,5.74830808112019e-08,2.77711452238398e-08,0.434899496198964
"TCGA.39.5039.01A",0.0484103277695758,4.47512704684342e-08,0.301630007223376,0.0374087815630141,1.41605145417128e-08,9.59439414132606e-07,0.612549865092835
"TCGA.68.A59I.01A",0.22118083925632,1.86806128460176e-08,0.146952705087605,0.0258117248459336,0.00300036957612291,8.53736173073319e-08,0.603054257179788
"TCGA.90.7766.01A",0.269920076285548,3.80896244848755e-09,0.0325641984480923,0.0257989549431181,0.00985930745965014,1.1020167707173e-08,0.661857448034462
"TCGA.66.2744.01A",0.11688472258388,0.15134878821519,0.0910963263576901,0.161772855568866,0.00363797806074276,0.130475035658998,0.344784293554633
"TCGA.22.4594.01A",0.38158514893409,2.04863808549991e-08,0.24154972714907,0.0419559823370203,0.0021988828886711,1.33785946591344e-08,0.332710224826173
"TCGA.77.A5GF.01A",0.0712927840970306,0.00124102811722251,0.0742222522749361,0.0253151319746945,0.00586488132765225,4.41071886244329e-08,0.822063878101275
"TCGA.60.2711.01A",0.0738689636913811,0.0144851596693637,0.0308997584825278,0.022632253207575,0.0229606416542361,3.43425611205053e-08,0.835153188952355
"TCGA.33.4566.01A",4.70091909070963e-08,3.72288829593452e-08,0.0250354374096929,0.103583800135431,0.0125878720360025,0.0319165693255185,0.826876236855281
"TCGA.43.2576.01A",0.165665741404351,0.0617041856176502,0.213564091730275,0.0785281024095818,3.64781005484515e-08,0.0319966844467808,0.448541157913261
"TCGA.37.4135.01A",0.0357952510920762,0.0139062691651696,0.0651614344203952,0.0243653631078123,5.00778970992377e-08,0.0222355668779618,0.838536065258688
"TCGA.98.7454.01A",0.139078334311827,1.92400751234619e-08,0.491159145580721,0.0754901737347949,0.000802823475191373,4.11693714508599e-07,0.293469091963676
"TCGA.92.8065.01A",0.0573822175153394,8.57999888953152e-09,0.0342687742429632,0.0633563258304646,0.00301484984361874,5.95818365237453e-05,0.841918242151091
"TCGA.52.7812.01A",3.2638887636132e-07,1.13182421931336e-08,0.0589967899682361,0.0623515198936713,0.0611945751405309,3.31035320143393e-07,0.817456446255123
"TCGA.63.A5MM.01A",8.75651775760555e-10,0.00454187217902843,0.163246230236529,0.102748502587007,0.0240365587246655,0.00037198919140624,0.705054846205712
"TCGA.56.A5DR.01A",2.56936976580374e-08,2.70949470742297e-08,0.129468330554905,0.022363892391765,0.000594150750663105,0.00272152592532695,0.844852047588696
"TCGA.56.8082.01A",4.09426287422912e-08,5.84662017112228e-09,0.0978853315191985,0.0120162900106448,2.5762140921064e-05,3.87889539219666e-08,0.890072530751033
"TCGA.98.A538.01A",0.0963467299098509,8.17959453426588e-09,0.0919009405388803,0.0393068770987243,4.77098210422019e-05,2.37566578248056e-08,0.77239771069525
"TCGA.94.8490.01A",1.37218605841562e-08,0.00994948681987263,0.0352801943328521,0.013361068571509,0.00353323373589803,0.00359440033542302,0.934281602482585
"TCGA.52.7810.01A",2.10516558322244e-07,0.0778040970417089,0.0629521714401113,0.0200686436852296,2.98663409765382e-10,0.0484561749843156,0.790718702033413
"TCGA.NC.A5HJ.01A",5.58116433292035e-07,0.0643683375457219,0.0538059112733897,0.288390386059246,0.0666885987429369,0.000949155291997098,0.525797052970275
"TCGA.52.7809.01A",0.0221098148533469,1.46881377833401e-09,0.0975133462449945,0.0306672528478746,0.00400028984976441,3.08134593197333e-08,0.845709263921747
"TCGA.NC.A5HN.01A",0.0284602857612882,0.0155929282382342,0.0146836908877899,0.00703186371352031,0.00469842351775901,3.6220587384036e-07,0.929532445675535
"TCGA.18.3414.01A",8.39351437846399e-08,4.31455750755181e-08,0.165163799771986,0.0402084644511454,4.55851087982868e-08,0.0221181913061998,0.772509371804841
"TCGA.96.A4JL.01A",0.16150169221441,0.0129399885489611,0.0592944957266281,0.098180382902719,0.0757379190817479,0.0100733775579577,0.582272143967576
"TCGA.18.5595.01A",7.04328956043315e-08,0.0236438276277663,0.0303775780093839,0.0126871728248245,0.000263535468215068,0.000157091151412492,0.932870724485502
"TCGA.77.7140.01A",1.63346982168879e-08,1.85057058638545e-05,0.0767523302065902,0.0146836872252895,1.48196587209841e-09,5.46421054600614e-05,0.908490816940132
"TCGA.33.AASB.01A",4.18273024426936e-08,0.0169368229694076,0.00748031155726126,0.0120509238366421,6.03666421323416e-08,0.0129666755954808,0.950565163847264
"TCGA.63.7022.01A",0.448799758216829,1.29910115517613e-06,0.436034648116895,0.115149948412054,4.7203817234952e-08,1.42965299106688e-05,2.41933838446234e-09
"TCGA.56.8628.01A",0.044045443077412,0.0739184852310348,0.14307064321165,0.0822616590090906,2.43306735315652e-09,0.0671220079635412,0.589581759074204
"TCGA.NK.A5D1.01A",0.0049213650924374,0.0224682808207824,0.0342239351103865,0.0157683146197337,0.00248338629352351,0.0181086509602182,0.902026067102918
"TCGA.NC.A5HH.01A",0.00363504443735587,3.27707008055427e-09,0.0469288524832487,0.0163462939745925,0.0130186572940237,0.00621990946336028,0.913851239070349
"TCGA.77.8133.01A",0.240150045377323,0.0318086704873886,0.0341148427999777,0.0262351147034587,3.58628580313977e-08,0.0389788508867326,0.628712439882261
"TCGA.34.8454.01A",0.0741707730503773,2.23147210404967e-09,0.224679714158764,0.0431378400889125,0.0247256281702246,6.3210076414778e-08,0.633285979090173
"TCGA.90.6837.01A",0.0954624125331576,0.0541314439791152,0.232754581936783,0.103911202640382,7.64937949223877e-09,0.00404779889100324,0.50969255237018
"TCGA.70.6722.01A",1.54584070433951e-05,4.31252566197464e-06,0.242391042535122,0.0653335646903677,1.35410263738789e-07,5.24908071906577e-08,0.692255433940734
"TCGA.60.2712.01A",0.393708533097727,1.00253370796556e-08,0.188542558964162,0.0871719256741365,0.0266431201845924,1.32335435315046e-06,0.303932528699692
"TCGA.66.2727.01A",7.27450369578767e-07,8.6390140515737e-08,0.105525547197411,0.0504201056877999,0.00217222007764046,3.2702218780725e-07,0.841880986174451
"TCGA.18.3409.01A",6.66755146885144e-08,2.14191182081629e-08,0.520827529354507,0.071348998413686,2.34821587688623e-06,2.90798405325052e-08,0.407821006841456
"TCGA.77.8009.01A",9.13901931390554e-08,0.0229936014055996,0.0751949381741755,0.076810974229035,3.25423215277967e-07,0.00478436858405164,0.82021570079373
"TCGA.85.A50M.01A",0.0382856429151466,8.53706301321429e-11,0.17837708854302,0.0137140541897518,3.59113434365314e-05,3.21135842010112e-08,0.76958727080969
"TCGA.37.4129.01A",4.71084244578689e-08,0.125985510482956,0.0282759958363203,0.0149365477523206,9.46092832097521e-09,0.0236240540549306,0.807177835304119
"TCGA.46.3766.01A",0.217803867650439,1.50130071590748e-08,0.566726082482302,0.0894189158408215,0.00362509091574602,2.94965854791148e-08,0.122425998601099
"TCGA.37.5819.01A",0.170718172471656,1.01631954424943e-08,0.0840879014985769,0.0232520597226371,0.0147229808199479,0.00139038554359467,0.705828489780392
"TCGA.60.2706.01A",0.308908738666657,1.75673173714066e-07,0.0507173249672896,0.100679044691443,0.00364528437642826,0.0111143749352684,0.52493505668974
"TCGA.85.A4JB.01A",0.0279092681692268,1.12701736098584e-08,0.148868106584911,0.00947932318094059,1.06024158397143e-08,1.33802125362582e-05,0.813729899979796
"TCGA.77.8007.01A",1.10433850212293e-07,8.48795404285361e-08,0.15102420845197,0.141644899248739,0.0126364088911932,0.00578901733773412,0.688905270756973
"TCGA.43.2581.01A",0.0316889056383809,2.20485508476665e-08,0.126899846559697,0.0935837220567194,0.00102810759126168,0.0192182374829075,0.727581158622483
"TCGA.56.8309.01A",0.0843099179008655,1.29534040378385e-06,0.0873241811572379,0.0835991910914734,0.0171438429648831,0.167458914951579,0.560162656593557
"TCGA.43.A475.01A",0.0162270880067979,0.0118528580233639,0.0139710478561827,0.233454531292193,0.168519345438545,3.05868090341502e-07,0.555974823514828
"TCGA.63.A5MV.01A",2.46582606092473e-08,2.86622965152622e-05,0.427093853810796,0.0328110840251852,1.67776302576483e-08,1.64114687804568e-07,0.540066194316925
"TCGA.22.1016.01A",3.99022860300058e-08,0.00122795087253796,0.257245907312034,0.0864607061837326,9.11750447693895e-08,1.33215950108349e-07,0.655065171338415
"TCGA.85.8288.01A",0.0141959077567602,1.56167595070512e-09,0.27084182261069,0.0170902346074438,6.24419899641943e-06,4.52347137469438e-07,0.697865336917296
"TCGA.22.4613.01A",0.0958913807993561,7.32800344962585e-10,0.0834610007082998,0.0822584580871816,0.0150812132560057,5.33196852191918e-06,0.723302614447835
"TCGA.56.A62T.01A",7.03247581895824e-06,0.00646994936528601,0.150017778945034,0.124808184176899,8.84944008587878e-08,3.49535041445518e-06,0.718693471192148
"TCGA.18.3411.01A",5.16181560138483e-07,9.32328623055770e-09,0.146416673050677,0.0946393360063536,1.85457189418418e-07,6.94174312430656e-08,0.758943210563503
"TCGA.60.2721.01A",5.71978112524545e-08,7.39374335424151e-09,0.525576010436118,0.0439526635927362,2.3841554598676e-05,2.51405874614023e-07,0.430447168419118
"TCGA.66.2771.01A",0.0888703940544316,4.0561466960694e-09,0.121857737955365,0.108677511405321,0.0237773007407243,4.47873406765832e-09,0.656817047309276
"TCGA.58.8387.01A",0.354027184163457,4.28111611374059e-08,0.317681842226545,0.0104455692310212,6.23633561575888e-07,6.34192128462486e-08,0.31784467451504
"TCGA.77.8148.01A",0.0686722522889334,0.0118146175946724,0.176840781863559,0.0314775422011515,4.09589453541647e-11,0.00968870504278612,0.701506100967938
"TCGA.46.3768.01A",4.24720806206743e-08,0.00267076680562783,0.0695677693676533,0.056418205508837,1.6080895960762e-07,0.000225012906062831,0.871118042130779
"TCGA.85.A4QQ.01A",5.1259484403852e-07,0.0161744373064762,0.0156742717949429,0.022103726294672,1.25609124576166e-08,0.00835820139724467,0.937688838050908
"TCGA.43.7658.01A",6.3883805036416e-08,4.32164060072641e-08,0.0130310280579731,0.0630415029725312,0.0600015176075745,0.0203441535231862,0.843581690738524
"TCGA.56.7823.01B",1.48373808159735e-08,0.0173354291556836,0.0252802462193773,0.0215873792152103,1.46131286985932e-08,0.011046312768331,0.924750603190888
"TCGA.77.8138.01A",9.39164748727413e-06,0.0609911741955038,0.176023654865179,0.0958317507260822,3.94025733908835e-08,0.0120173729501894,0.655126616212985
"TCGA.22.5489.01A",0.28894436645492,3.64193528107824e-08,0.266798604917978,0.0672572558119918,0.0052240979229247,7.6490984674857e-08,0.371775561981847
"TCGA.56.7822.01A",2.63401288636317e-07,0.0674070368977657,0.0570422233697368,0.0519753009086847,1.17759443196494e-07,0.00194138729928019,0.821633670363801
"TCGA.77.A5G8.01B",0.0084856702203334,3.55903249309792e-07,0.0562670242527122,0.0237558856948876,0.00473682597010123,0.00225665308061165,0.904497584878104
"TCGA.18.5592.01A",3.54791386326187e-07,0.00172437699805271,0.0652155559185507,0.0325798632635626,0.00717866714867356,0.00728823287862498,0.886012949001149
"TCGA.22.4595.01A",0.0174940871565966,4.69996224657368e-06,0.239580349083581,0.0598598042689073,1.66668655551769e-05,1.1958442637417e-08,0.68304438070467
"TCGA.37.3783.01A",1.57795633837926e-08,3.42370222998218e-10,0.100414482341794,0.0519146135677944,0.0379632265742747,6.07011496499017e-05,0.809646960244554
"TCGA.77.7139.01A",0.0142125775077914,0.0160611641331032,0.0374558722272922,0.0134243680067689,4.62812193435467e-08,0.0138923256444247,0.9049536461994
"TCGA.98.A53D.01A",0.0309180354455951,1.08941229199525e-08,0.46859831622483,0.0579202605448604,7.20684380978856e-08,1.38272006373883e-08,0.442563290994952
"TCGA.66.2758.01A",0.0195708780957441,7.82732736964645e-08,0.0489735452134476,0.12074150588508,0.0795964201153099,1.00765912222877e-05,0.731107495825923
"TCGA.33.6738.01A",0.0490803830394857,0.0134513504174818,0.0304560287394329,0.016989499749194,8.4477384841708e-09,0.0109264758363857,0.879096253770281
"TCGA.98.8021.01A",0.039639081266376,2.3314716089697e-07,0.182415874177089,0.0270533874873178,7.12579908857176e-08,2.06688669639468e-07,0.750891145975396
"TCGA.56.1622.01A",0.00101523060943389,0.0430193176205684,0.0579788859105723,0.00944177241989178,2.9788390450383e-09,0.0187029273288286,0.869841863131866
"TCGA.90.7769.01A",0.00301626650143615,5.29237685141902e-09,0.0269691276310414,0.0127355805321662,1.23020359494417e-07,1.77098542958675e-07,0.957278719924077
"TCGA.85.8664.01A",0.00370941642390691,0.0222372414589885,0.00538000684576282,0.00647864085774481,1.39514138483246e-09,0.0188422857230356,0.94335240729542
"TCGA.77.8008.01A",5.80336210300975e-05,2.03925330247946e-05,0.985946665997124,0.0139546126887962,1.06258840152665e-08,2.02770840072686e-05,7.4501331486785e-09
"TCGA.58.8386.01A",2.01795743081821e-06,0.0477550310897591,0.0977021656993907,0.149008031811407,5.67664431473144e-07,1.84598332511265e-07,0.705532001179248
"TCGA.63.5131.01A",0.00538823740261399,5.14306970505701e-07,0.992195978924656,0.000123459744701848,0.00226188762012848,2.97026261412907e-05,2.19374788047061e-07
"TCGA.77.6844.01A",2.32685566898038e-09,9.24341970453748e-09,0.206832808498559,0.0122857167567832,3.42284239710918e-05,1.78378093203488e-08,0.780847216912602
"TCGA.66.2790.01A",0.0440439424509297,1.16700874619433e-08,0.163885091314809,0.0267126922982729,0.0127227271060863,0.0106409093739517,0.741994625785863
"TCGA.85.8352.01A",0.011458602305906,0.0685410589320899,0.00175615098826234,0.00513304635539999,4.1352954521228e-09,0.0337418011653647,0.879369336117682
"TCGA.77.8156.01A",0.136469417614342,5.35217375316244e-10,0.237969628162899,0.128854842369133,0.0511777085587116,0.000768635028902953,0.444759767730794
"TCGA.60.2696.01A",0.0497759758443597,0.0241112477072556,0.104434332382668,0.0730490647399041,0.0221611545299184,1.56373567972194e-08,0.726468209158537
"TCGA.60.2703.01A",0.0750591263646376,0.0624823135404711,0.235603153238363,0.0142237308870819,1.67249307288923e-09,0.00203904079976573,0.610592633497188
"TCGA.60.2714.01A",0.100852558489892,0.00648558332509799,0.0739207889826579,0.083672501405857,9.80397223316406e-08,0.037225707428814,0.697842762327959
"TCGA.39.5031.01A",0.127282359215638,6.18180497556222e-09,0.238985292382733,0.0291182965098645,3.05842295867501e-06,3.83547235082234e-09,0.604610983451529
"TCGA.60.2722.01A",1.59418833989929e-07,0.0209565976606533,0.0311540552354106,0.029505107435562,1.0113175909752e-07,0.00205593172946314,0.916328047388318
"TCGA.NC.A5HR.01A",2.76561248064327e-08,0.0215531419528816,0.0123475299606648,0.0236557217011707,7.68034428863607e-05,0.00942353067322502,0.932943244613047
"TCGA.22.4605.01A",5.82297062946994e-07,0.0544130778832843,0.156840359851666,0.0861469979657168,1.67412864642686e-07,0.000176744289932648,0.702422070299473
"TCGA.43.6770.01A",1.8585536166597e-05,0.00623285147518831,0.145230212232859,0.0277868232558765,1.38173202200354e-08,2.22495528257343e-07,0.820731291187061
"TCGA.77.7138.01A",1.2460228610908e-07,9.24648859339086e-07,0.0410736470007493,0.0182825576457852,1.41140615052566e-07,0.00114471967646174,0.939497885285243
"TCGA.60.2704.01A",0.150889220002658,1.81991902520098e-07,0.393847054963926,0.127592679003925,5.64819642087074e-05,3.24941325859403e-07,0.327614057132054
"TCGA.77.8146.01A",0.00528847716630549,0.0605473647608532,0.0996758469739407,0.0476001519385997,8.50763902880695e-08,0.00545112629309472,0.781436947790816
"TCGA.NC.A5HG.01A",2.0508450567388e-07,0.0230484593873533,0.0133781225492442,0.00905676421772977,7.26901479424317e-09,0.0147200593896187,0.939796382102534
"TCGA.63.6202.01A",2.6419091099892e-08,0.0709270658099497,0.0878059322721299,0.156258560249731,0.0338239228897711,0.0249133693517712,0.626271123007555
"TCGA.63.A5MG.01A",0.31742000162317,1.62802659169979e-05,0.0793564146864002,0.0304803560114769,6.45631681948534e-08,1.15288587962249e-07,0.572726767561279
