"","cellFractions.B.Cells","cellFractions.Endothelial.Cells","cellFractions.Fibroblasts","cellFractions.Macrophages","cellFractions.NK","cellFractions.T.Cells","cellFractions.otherCells"
"TCGA.AG.3896.01A",0.0168859763471157,0.0570362401391058,0.0507366591796936,0.0191926530065498,2.55297371375753e-08,0.0118521605881043,0.844296285209694
"TCGA.DC.4745.01A",0.00841287541261258,0.0477506111108569,0.0490760370207143,0.00989383757041876,3.56507787518163e-10,0.0132913826745155,0.871575255854374
"TCGA.AH.6903.01A",0.00359016008957389,0.0209243202011904,0.0195948274888939,0.00534333887495833,6.95015782791818e-10,0.00763139435961201,0.942915958290756
"TCGA.AG.3599.01A",0.00353766573392781,0.0166787757346507,0.0211585676792443,0.0248245462420972,0.00521515919340637,0.0157605983985881,0.912824687018086
"TCGA.AG.3581.01A",0.0117495106701657,0.0601472001631723,0.0330525652362305,0.0196538125506023,4.97277593794118e-08,0.0209705187634553,0.854426342888615
"TCGA.AG.3881.01A",1.9090966414704e-07,0.312192520598725,0.107013551474887,0.047404049080653,3.54764567013748e-09,0.0348996019128336,0.498490082475591
"TCGA.CL.5917.01A",5.69760655383416e-09,0.0154446589961945,0.0723266948582134,0.00526339293310399,1.39524618778987e-09,0.00359124459035318,0.903374001529282
"TCGA.AG.3902.01A",0.0170512076201634,0.0202634219520505,0.0130153250458969,0.045550062814271,0.0152809563330385,0.0248227189694157,0.864016307265164
"TCGA.CI.6624.01C",0.0173219503404353,0.0513532318360667,0.0618303254470498,0.0148068842027079,2.01096639125559e-09,0.0233620207640041,0.83132558539877
"TCGA.AF.2692.01A",0.0010559554725382,0.0330219796319919,0.0488904518051767,0.00772635866949416,3.49909944004189e-09,0.0107566920258446,0.898548558895855
"TCGA.DC.6683.01A",6.18132845149758e-09,0.00332201349256381,0.0753902801851271,0.010561854981538,3.19234889383671e-09,0.00211372202626998,0.908612119940824
"TCGA.DC.6682.01A",0.00287648423084287,0.0189991039309423,0.016863713514345,0.00535724253083652,3.73147122026262e-09,0.0105870733682932,0.945316378693269
"TCGA.F5.6702.01A",6.57959028385936e-08,9.91734532150697e-06,0.566599802974861,0.0222324659397167,1.21301623832788e-07,9.90811010887292e-08,0.411157527561473
"TCGA.AF.4110.01A",0.165109911365958,0.0631915649474955,0.0787480775131052,0.0215511641386135,2.62708078371758e-10,0.0134324782993723,0.657966803472748
"TCGA.F5.6861.01A",0.000622018645438035,0.0632238757765045,0.0521096038783906,0.00890417203693838,2.0191145965003e-08,0.0140865483830618,0.861053761088521
"TCGA.G5.6235.01A",0.000408636254511785,0.0122333205647701,0.00632906864682895,0.00455727825113368,1.82217926178684e-08,0.00788178385321713,0.968589894207746
"TCGA.AG.3999.01A",0.000320370135155384,0.0411068386108213,0.0471633621303836,0.0111978036699036,4.34076292987516e-09,0.011445446321393,0.88876617479158
"TCGA.AG.A02N.01A",0.000554745695911721,0.00754787485625742,0.00775315960240856,0.0124533062553275,0.0108468439113235,0.00777904962207814,0.953065020056693
"TCGA.AF.6136.01A",0.0198333158240221,0.0455028549902087,0.0315150573948632,0.00668953852154596,2.07369988988972e-09,0.0067521906388586,0.889707040556801
"TCGA.AG.3580.01A",0.00706081730975882,0.0164680697818935,0.0221970950899217,0.0133728520416703,0.000226495133322233,0.0262643884155255,0.914410282227908
"TCGA.DY.A1H8.01A",9.04697399293672e-09,0.0125225101903811,0.00132906312558284,0.00305710750668244,1.34880931300629e-08,0.00791992914415594,0.97517136749813
"TCGA.AG.A032.01A",0.0029685789540807,0.0215844072063932,0.0272186458702697,0.00800294798350334,1.39916834550039e-08,0.00967954443576306,0.930545861558306
"TCGA.EI.6512.01A",1.23475856679447e-08,0.0107806793020435,0.0387620626981465,0.0152791898312265,0.000109241468123664,0.000917172933209201,0.934151641419665
"TCGA.AG.3575.01A",4.18429682007196e-07,0.00011997076331166,0.246748921865904,0.0227222921292688,6.7948869021745e-05,8.67496526380364e-07,0.730339580446286
"TCGA.AF.6672.01A",0.0153233129715515,0.0175445895584081,0.02176042430792,0.00423484430818592,7.48872712033698e-09,0.0113516088559288,0.929785212509279
"TCGA.EI.6514.01A",0.0012190807407061,0.132449153968346,0.0683675221580261,0.0103091267726545,4.83118411267167e-09,0.0306266664200567,0.757028445109026
"TCGA.AH.6644.01A",5.25204760141636e-09,0.00637855389062548,0.137417462771148,0.0127610887665954,1.04755155046558e-05,0.00158138388577289,0.841851029918306
"TCGA.AF.6655.01A",5.39435880693363e-09,7.22074592631397e-08,0.186220798850106,0.00821219766750356,6.75989752239719e-08,2.81742437258275e-05,0.805538684037871
"TCGA.AF.A56K.01A",0.0131454208445109,0.047055333117612,0.0688621414213291,0.0101077866765723,1.28121348789466e-08,0.00725039335459664,0.853578911773244
"TCGA.G5.6641.01A",0.00326012317059809,0.0147317029873896,0.00414110111470012,0.00251301910198145,9.23104531309655e-09,0.00380904050732518,0.97154500388696
"TCGA.DY.A1DG.01A",3.84258861801417e-08,0.0212582317742082,0.00493660470327479,0.00507058186771683,1.89541675132072e-08,0.00976111497955032,0.958973409295196
"TCGA.AG.4001.01A",1.01899715499147e-08,0.0457514825125744,0.183114870333034,0.027843159498906,8.00175618856427e-08,0.00275675338693762,0.740533644061014
"TCGA.AG.A026.01A",0.0242464085152468,0.219837229126544,0.0654996664249911,0.00242805373590914,1.96233826735656e-08,0.0551805229376544,0.632808099636271
"TCGA.EI.7004.01A",3.49767984943063e-07,0.36910528002379,0.429973702191092,0.0307171487530762,5.914047011265e-07,1.87581202104055e-07,0.170202740278153
"TCGA.AG.3878.01A",0.00469626838072479,0.0974678160886237,0.0763454743030352,0.0393113635268382,1.20218521287498e-07,0.0271050773283644,0.755073880153892
"TCGA.AG.3611.01A",0.0136872850087003,0.0103741067059023,0.0151598488618295,0.0132229350794904,1.07285977348696e-09,0.0144169860180385,0.933138837253179
"TCGA.AF.3400.01A",4.45363014779709e-08,0.0159820423465437,0.302709861635633,0.051980144371255,7.6268552562326e-07,6.7746179401815e-07,0.629326466962947
"TCGA.G5.6572.01A",6.67078152242545e-08,2.7897548332882e-07,0.18471799886657,0.00820681963066002,3.08470900123195e-08,3.11343460939956e-06,0.807071691537772
"TCGA.AG.3574.01A",4.26603099411872e-09,0.0493830275221618,0.0303715056241832,0.0207936635930144,4.76218003213083e-06,0.0100890309166311,0.889358005897946
"TCGA.AG.3605.01A",0.0111802518975607,0.0202759705125851,0.0140574243037556,0.0154922194343062,4.49522420647537e-08,0.013412194390852,0.925581894508698
"TCGA.AG.3731.01A",0.0336220964132828,0.0479822270680171,0.180003310009742,0.037871856130746,0.00420245320330226,0.00187504062857389,0.694443016546336
"TCGA.AG.A01J.01A",0.00407761897427633,0.0168648268381109,0.00695229534082868,0.00474479180643268,0.000234350627174556,0.0134058791863488,0.953720237226828
"TCGA.AG.A01N.01A",0.00760591103237382,0.0483957456083207,0.0204453091178604,0.00386632341808359,1.28645959835537e-09,0.0112613318569351,0.908425377679967
"TCGA.DT.5265.01A",2.01258285674326e-07,0.182764127400385,0.263841203419271,0.0231141138254619,2.19408510035915e-06,0.0332276989178191,0.497050461093677
"TCGA.AG.A00Y.01A",0.0178712865676022,0.0190215434825926,0.00408509125423158,0.0104264511911252,0.00172794783743849,0.0104793678743742,0.936388311792636
"TCGA.AH.6547.01A",0.155061393847085,0.00933926117571592,0.0879811031784331,0.0271481001672661,5.34742732230726e-08,0.0200921621370558,0.700377926020171
"TCGA.AH.6549.01A",7.60137545899838e-08,0.079967192663468,0.058982335148654,0.0222479673398008,8.14098632960063e-09,0.00937145108945129,0.829430969603885
"TCGA.AF.A56L.01A",0.00842544089612205,0.0272837083879038,0.0589572056704275,0.00805770956722974,1.2610576562884e-08,0.00901590126226218,0.888260021605478
"TCGA.AG.A036.01A",0.00539783978587371,0.0115704856666986,0.0460875248480168,0.00869633323672875,0.00107479713619481,0.0103135938862841,0.916859425440203
"TCGA.DC.4749.01A",0.0140487824676638,0.00144048415153954,0.0563369878626661,0.00547381530508646,1.03157028166755e-08,0.00700106238421126,0.91569885751313
"TCGA.AF.2687.01A",2.24834187108364e-07,0.0433392391310638,0.392489353446301,0.0507390334055678,4.2528831753723e-08,0.00381594932869348,0.509616157325355
"TCGA.AG.3883.01A",1.47493427865123e-07,0.140440195919573,0.108010442638409,0.0293968450589104,2.702655600981e-08,0.030475503932803,0.69167683793032
"TCGA.CL.4957.01A",0.00818014202621219,0.0315222470032546,0.0384159733821362,0.00406063149486628,2.39152342359325e-09,0.00551514860021657,0.912305855101791
"TCGA.AG.A01Y.01A",0.0654981553634378,0.0313247405801358,0.0522608192113573,0.023271492119017,3.88579169673347e-07,0.0178449751389327,0.80979942900795
"TCGA.AG.3890.01A",0.0768303275922659,0.0353932125635728,0.0292139562878505,0.0171409115254551,4.07994884290447e-11,0.0203976114056252,0.821023980584431
"TCGA.AG.A011.01A",0.0103298842864084,0.0181734203586076,0.0208634225977723,0.009315305673153,5.227574233363e-10,0.00944649566804819,0.931871470893253
"TCGA.AG.3592.01A",0.0158880390272741,0.0332988430408859,0.0262231008279302,0.0113901112841036,1.8404470726295e-08,0.015357058180772,0.897842829234563
"TCGA.AG.3892.01A",0.0371782919785256,0.0034870882860527,0.0275566687639798,0.0266334968768355,0.0160919618953102,0.0175155005520563,0.87153699164724
"TCGA.AF.A56N.01A",0.00130802836429947,0.0419624837520111,0.0800849338283438,0.0121345153472784,9.33793654021824e-09,0.0124092847186385,0.852100744651492
"TCGA.EI.6513.01A",0.00527228119772583,0.0425893971437426,0.0514441361247404,0.0108840126438745,1.08715280599373e-09,0.0171081383521207,0.872702033450643
"TCGA.EI.6882.01A",0.026726891787218,0.0245728505683805,0.034731902278138,0.0169330647841482,0.00364162623657693,0.0042286420127473,0.889165022332791
"TCGA.F5.6812.01A",0.0263146097025138,0.202928163813097,0.151704481968112,0.0121478321651524,2.40013070024825e-08,0.0524889561489214,0.554415932200897
"TCGA.AG.3726.01A",2.49204210726284e-08,0.114946282443135,0.0072099696504554,0.0141397264723456,1.33796737177312e-05,0.00794631959154389,0.855744297248381
"TCGA.EI.6917.01A",3.63331159270603e-08,0.0253264306402892,0.186938342315768,0.0829579821108603,0.000106052155011812,0.00778414733170869,0.696887009113246
"TCGA.AG.A02X.01A",0.00551270640853864,0.0139599691697135,0.00335542079841067,0.00611337949200996,1.4474558923309e-08,0.00749584332530812,0.96356266633146
"TCGA.AG.A015.01A",1.79638376520343e-08,0.0145814712161041,0.0118978721470862,0.00513229896717321,5.94845074417393e-08,0.00686252783591907,0.961525752385372
"TCGA.AF.2693.01A",0.0376405150962336,0.0428312760522213,0.0371277308275096,0.012813348105619,3.50114440435019e-09,0.0156381137526845,0.853949012664588
"TCGA.AG.4022.01A",8.38408420842616e-05,0.00986756644994489,0.140572871810347,0.02222039179414,5.75043952828764e-08,0.0109617403134346,0.816293531285654
"TCGA.AG.A008.01A",6.10241208143339e-06,0.0233369962768833,0.00119784741282996,0.00804369320148535,8.39783383566543e-10,0.0119021987228585,0.955513161134078
"TCGA.AG.3582.01A",0.0110794272673347,0.0402601259556122,0.0530131960956622,0.0163500430474375,1.19520414151523e-08,0.0178376308602541,0.861459564821658
"TCGA.G5.6233.01A",0.00205875757659977,0.0536334622160719,0.0256773803768912,0.0133359518682986,1.69076587314017e-08,0.00219489223179705,0.903099538822683
"TCGA.AG.3742.01A",7.76572732773323e-09,0.0150056129906763,0.0622194500106135,0.00991508937490411,3.15971650192788e-09,2.35154060529294e-07,0.912859601544302
"TCGA.EI.6509.01A",1.81885007222751e-07,0.0141365126551811,0.0606209446247125,0.00960716916542413,1.25477271049302e-08,3.11636833150683e-07,0.915634867485115
"TCGA.AG.3602.01A",8.4629770591212e-05,2.749813137428e-09,0.116005673505589,0.0147543974455094,1.30122640728701e-07,1.79970381747484e-08,0.869155148408819
"TCGA.EI.6506.01A",0.0407382223979749,0.0601724517987406,0.0152662625317351,0.0169517380734601,2.70169339654177e-08,0.0166601195289276,0.850211178652228
"TCGA.CI.6622.01A",0.00420691602387306,0.0309528161963985,0.0225235631024243,0.00756739545888325,8.92183196408541e-10,0.0040697459756649,0.930679562350573
"TCGA.AG.3901.01A",0.00555014987761427,0.132149123183846,0.248024076476735,0.0397943388003289,1.1158858002401e-08,0.0379281597448075,0.53655414075781
"TCGA.AG.3894.01A",1.49094458629836e-07,0.0362894558258534,0.0362357546239771,0.015338896714981,5.87014709621972e-08,0.00869552776333669,0.903440157275922
"TCGA.AG.4015.01A",0.0138390070902021,0.0311328019027596,0.023672799565963,0.0114543098586832,1.10224043803855e-09,0.0150540332021461,0.904847047278006
"TCGA.AG.3727.01A",5.28925520332612e-08,0.116450615781795,0.0235725522812662,0.018017866171388,1.01666172816944e-08,0.0168315481931422,0.825127354513239
"TCGA.CI.6623.01B",7.55285914154776e-08,0.0348208133367686,0.0295407667160551,0.00918581999451679,0.000127945501992962,0.00468493443341315,0.921639644488662
"TCGA.AG.A02G.01A",0.00653164891656323,0.0338699616062815,0.00404015004564875,0.00907688034037149,7.65012840096676e-09,0.0243412862384411,0.922140065202566
"TCGA.AG.3578.01A",1.70619376908836e-07,0.0160767706751464,0.0389846505524772,0.0170818443940522,4.65190106822919e-09,0.0148954703780087,0.912961088729037
"TCGA.DC.6681.01A",0.0194673322181907,0.182525946153137,0.143813561805702,0.00682162810448951,1.48040016980942e-09,0.0398678333913095,0.607503696846771
"TCGA.AG.3732.01A",0.0789006065796271,0.0404845089905131,0.0140449337910046,0.00693077700462922,7.93054343010292e-10,0.0439523476218869,0.815686825219285
"TCGA.EI.6885.01A",5.58878057387826e-05,0.0664286483021448,0.106131523056509,0.0146667591316966,6.61712002720635e-09,0.0234351822595782,0.789281992827213
"TCGA.DC.5337.01A",0.0019662808208543,2.32794978635521e-09,0.0757372473782751,0.00883080178251095,2.09979779342727e-07,0.0177670177863893,0.895698439924241
"TCGA.F5.6863.01A",0.0167374961730925,0.31205192536037,0.127994468629645,3.19470118295497e-08,1.42021441028016e-08,0.0573048626781399,0.485911201009596
"TCGA.EI.6510.01A",0.0478203444644267,0.0116537981561917,3.60385720926741e-10,0.00510838102244976,2.66085773736485e-05,0.0109746850022806,0.924416182416892
"TCGA.AG.3587.01A",0.00353112509179031,0.0579692564713212,0.0441550376952551,0.0129354692924158,5.74567016489788e-09,0.0288853673953155,0.852523738308232
"TCGA.F5.6464.01A",1.44731186957357e-07,0.277492399917537,0.368239301410389,0.0416365873213353,1.14701125975127e-08,0.0898844605852446,0.222747094564194
"TCGA.DC.6156.01A",1.24386383326562e-05,3.51061390391704e-07,0.395135933123647,0.0509983449655693,0.0142365139293306,2.28087129706487e-08,0.539616395473017
"TCGA.AG.A016.01A",0.00109135986864479,0.0457764183278078,0.00906214791340855,0.00634846330322632,3.48008477535066e-08,0.00818451238756839,0.929537063398496
"TCGA.F5.6810.01A",0.022063293671188,0.279704899998111,0.190813942757498,0.00259679987653289,1.15636917144421e-08,0.0609283904311139,0.443892661701865
"TCGA.F5.6811.01A",9.46316163255425e-07,5.23151225109697e-09,0.27574254350888,0.0220226680036073,7.43328498351226e-06,7.03423235985411e-09,0.702226396620622
"TCGA.AG.3584.01A",0.0146237105489484,0.0701281946850413,0.0382248815450807,0.0278018571751037,1.18994200888635e-08,0.0192183773274315,0.830002966818974
"TCGA.AG.3898.01A",3.9562090431053e-08,0.035238502415538,0.0612738260484902,0.0144979320881868,8.64838776281744e-09,0.0115954327175864,0.87739425851972
"TCGA.EI.6884.01A",0.0395458738733846,0.0495731405854476,0.0835418836357111,0.0221220330686341,2.19417921736324e-12,0.0158733008630742,0.789343767971554
"TCGA.AG.A002.01A",4.75346184464388e-05,0.066643155645252,0.00328015333097002,0.0105037022041387,6.958679279014e-09,4.28412938406662e-05,0.919482605948673
"TCGA.AG.3725.01A",0.0030004718166325,0.0196839405550201,0.00946231470785863,0.00754247389341423,5.59581196963483e-09,0.0182415522018245,0.942069241229438
"TCGA.CI.6619.01B",0.0079836229813332,0.0764497919376002,0.0109467604678528,0.012193670388785,4.57561449746544e-09,0.0165241834602525,0.875901966188562
"TCGA.AG.A00C.01A",0.00149014769914351,0.0157563027560328,0.00570278442268663,0.00673365645553212,1.8408981019399e-08,0.0132517833863821,0.957065306871242
"TCGA.DY.A0XA.01A",0.00631434307564375,2.57940019068892e-10,0.0598752446078162,0.00623651834336536,3.33508079298997e-06,1.90285909138435e-08,0.927570539605851
"TCGA.F5.6814.01A",4.02269134930024e-08,0.0815405536467952,0.0480894723092229,0.0403002670688341,0.00796132635593405,0.0208333539327787,0.801274986459522
"TCGA.AG.3893.01A",3.00271111700321e-07,0.0440995765139702,0.0800516331451796,0.0187345326233215,1.19140959085209e-09,0.0115097105342923,0.845604245720715
"TCGA.AG.3583.01A",0.0153780471117828,0.0306569191861959,0.00810228844715869,0.0109806118562465,6.31391292059796e-09,0.0151547624354462,0.919727364649257
"TCGA.AG.A01W.01A",0.0213265078493267,0.0179107481696096,0.0124576317088941,0.0113196169993434,3.23010710125572e-09,0.014885640249238,0.922099851793481
"TCGA.AG.A025.01A",1.82640071115641e-05,0.0438997734489513,0.0206741423454649,0.00796401567160774,2.03574710563073e-09,0.00583394409903335,0.921609858392084
"TCGA.DC.6155.01A",0.0320778543355364,0.0707952724310638,0.00395166497377674,0.00857432269577174,3.12131776525158e-07,0.0280710131702723,0.856529560261802
"TCGA.F5.6813.01A",0.0472063437056227,0.0872061282632162,0.0847479238914719,0.0117426724527958,4.32784069335738e-08,0.0349193256091862,0.7341775627993
"TCGA.AG.A020.01A",0.00417309720591057,0.0157940084234279,0.00580474089372233,0.00656775938930644,3.41022256289279e-07,0.00836465456165079,0.959295398503726
"TCGA.EI.6511.01A",0.138893472448409,0.0349431892204395,0.051499331231774,0.0463194135211427,0.0233186944051533,0.0144967913860632,0.690529107787018
"TCGA.AG.3608.01A",0.00644836742230694,0.0204236946446005,0.0281026949338923,0.0261811432612666,0.00572182764746496,0.0130961602929648,0.900026111797504
"TCGA.AG.A01L.01A",0.000906471964242839,0.03077365575315,0.0129995384113686,0.00997738696917452,8.36500537573376e-08,0.00706504336530368,0.938277819886707
"TCGA.AG.3586.01A",1.68694655534958e-05,0.0244800766325307,0.0259265656870482,0.0129088743349645,0.000846195713490004,0.00811914191159083,0.927702276254822
"TCGA.AF.3911.01A",0.00522534455270718,0.0594993182008777,0.105292731551511,0.0110293677486259,1.6540019395218e-09,0.0169947638932002,0.801958472399076
"TCGA.DY.A1DF.01A",0.00383278580574295,0.0935303225278775,0.0450722591356121,0.00344198658436352,6.13088294371757e-09,0.0198503040149635,0.834272335800557
"TCGA.AF.2690.01A",0.141275539550354,0.0672020549636401,0.393526386154842,0.093865563329981,2.20478117834501e-08,0.0389714492693498,0.265158984684022
"TCGA.EI.7002.01A",0.000178156856109074,0.0689800346277069,0.0818357296646906,0.0136168348407556,3.95694821401032e-09,0.00991538338199714,0.825473856671793
"TCGA.AG.3593.01A",0.0162119765093992,0.034700301667456,0.0174969588754721,0.0224322524304124,3.25876670347655e-09,0.0259909760911683,0.883167531167325
"TCGA.AG.3600.01A",1.66343985030524e-10,0.0242627163197619,0.0299982407775812,0.0318330568422105,0.00164829033387669,0.00845624895050721,0.903801446609718
"TCGA.DC.5869.01A",6.69511269262651e-08,8.95180562229292e-09,0.151834272837711,0.00815773026948637,0.000335710668461122,2.40845231050758e-10,0.839672210080564
"TCGA.EF.5830.01A",1.35076609898939e-08,0.0211203493297793,0.0160239051121572,0.0128743549859093,0.00183149076066925,0.00789683424233555,0.940253052061488
"TCGA.AG.3591.01A",0.00623744942817144,0.0290538635496471,0.0175895370410856,0.0110281655761104,3.98543743604589e-09,0.0147322785119391,0.921358701907609
"TCGA.CI.6620.01A",0.00828825059196966,0.0871265124594115,0.0397478566136968,0.00927326919573346,1.60600579647873e-09,0.00794686528842254,0.84761724424476
"TCGA.DC.6158.01A",2.08287178317326e-07,4.88289086498208e-07,0.268426203942686,0.0249077711080163,2.14773772558378e-08,3.31674106205518e-05,0.706632139485035
"TCGA.F5.6465.01A",0.0234669915094997,0.00659673875503814,0.19565945707007,0.0310379977339608,2.23798194096006e-08,0.0184675472058018,0.72477124534581
"TCGA.DC.6157.01A",0.0036414163282948,0.0180051211671828,0.0461895353558343,0.00794172069866258,6.95556960186408e-10,0.00848747996321403,0.915734725791255
"TCGA.AF.2691.01A",0.000942601711643126,0.0511459540968127,0.060670515886979,0.0250695568019316,1.2317187672145e-08,0.0319133139316054,0.83025804525384
"TCGA.AH.6897.01A",0.00664714646705481,0.031921399281925,0.0133114380455241,0.0056967531371259,3.45984276220159e-09,0.0133513468138417,0.929071912794686
"TCGA.CI.6621.01A",0.000360450794111562,0.0574424002035802,0.0537790258328025,0.0217062646929931,2.63842001409104e-07,0.0224267744706982,0.844284820163813
"TCGA.AG.3909.01A",0.0256741904065887,0.035260212157078,0.0294647268991892,0.0162408198498254,1.04851867608221e-08,0.0118800494847095,0.881479990717423
"TCGA.AG.3612.01A",0.0134742701333839,0.0302671849314574,0.0635187805194192,0.0236218169193075,1.48355420782457e-08,0.00673526519618415,0.862382667464706
"TCGA.AG.4005.01A",0.00939320161452914,0.0458435566913654,0.0671367431665906,0.0129296794600486,2.9234542795545e-09,0.00794271899100565,0.856754097153006
"TCGA.EI.6883.01A",0.0133199719097899,0.0447117879934042,0.0344422855127599,0.00840924900584871,8.61581944995572e-09,0.0296160613909678,0.86950063557141
"TCGA.EI.6508.01A",0.00580948908498298,0.0521267479388008,0.0468522056937518,0.0126369522036591,4.258483915004e-09,0.0124857865732607,0.870088814247061
"TCGA.EI.6881.01A",0.000918621093932467,0.0297778446300441,0.0111826495360999,0.0110437609268563,8.49204520206814e-09,0.0136230799399192,0.933454035381103
"TCGA.AG.3598.01A",1.07302469835893e-08,0.0184666224178431,0.0227999708265482,0.0245356092267757,0.00262216669353732,0.0162056109237087,0.91537000918134
"TCGA.F5.6864.01A",0.0154240139589877,0.151710073052042,0.250223906331194,0.0196321972011877,3.74910335627635e-09,0.0269754341937032,0.536034371513782
"TCGA.AG.4008.01A",3.06259175570919e-09,0.0318889382923209,0.117741176078372,0.0169606055966328,3.54940798432236e-09,0.00195003219036674,0.831459241230307
"TCGA.F5.6571.01A",0.00063736063372102,0.0139106397589591,0.123481344180657,0.0210814919360041,1.81643898041171e-08,0.0254796707182747,0.815409474607994
"TCGA.AG.3601.01A",2.11165205351344e-07,0.0420224021563877,0.0408641725050172,0.0118313086452419,8.4838562146251e-08,0.00208815771328399,0.903193662976302
"TCGA.AG.3609.01A",2.17365339848849e-08,0.0499916472759919,0.0828450537356467,0.0244593788879536,6.07953991486318e-08,0.0202570463802041,0.822446791188271
"TCGA.AG.3887.01A",0.00677770836208709,0.0452249165233636,0.0254035864258981,0.0135326092875182,4.69699308571806e-08,0.0273322881980579,0.881728844233144
"TCGA.AG.4021.01A",1.2993722077383e-08,0.0265659314107004,0.137325199749125,0.0186182619393056,9.60758292488937e-08,2.43246880688053e-05,0.817466173143249
"TCGA.AG.A023.01A",0.0218725340391344,0.0752727139928994,0.0620262782120322,0.00431560228064232,7.5455949801375e-09,0.0175751189712791,0.818937744958418
"TCGA.EF.5831.01A",4.3891417429433e-07,5.73127635824651e-09,0.105324604358936,0.0151925920820356,5.68521269788542e-06,1.55293903999133e-09,0.879476672147941
"TCGA.CL.5918.01A",6.89481653953943e-09,0.0225627570760629,0.00982241074895617,0.00564949275596674,1.2323493463768e-05,0.0121100385404973,0.949842970490237
"TCGA.AG.3885.01A",0.0178620991227391,0.0733599173136182,0.0011304368082267,0.0229439886283813,2.29911087939147e-08,0.0151175034215998,0.869586031714326
"TCGA.AF.5654.01A",2.30388598481231e-08,0.0211230639190239,0.0138776784947637,0.00600595585649895,3.63928122542185e-09,0.00551818926289116,0.953475085788681
"TCGA.BM.6198.01A",0.0229454496438958,0.000899797291458987,0.0553370369636719,0.0153401550641104,0.00365745713029426,0.00680068388438481,0.895019420022184
"TCGA.AG.3728.01A",0.0549562738994671,0.188418950271053,0.0489340207936006,0.0526450030276578,1.76090312534304e-08,0.0519873646466804,0.60305836975251
"TCGA.DY.A1DC.01A",0.00811062079806448,0.0206543582486011,0.0609153600435899,0.00878810822838846,2.21726818040567e-09,0.00956006700086042,0.891971483463227
"TCGA.EI.6507.01A",2.38317037594434e-08,0.0355082453161385,0.117040622739204,0.0437103762423437,0.0217743113100547,0.00694381843554453,0.775022602125011
"TCGA.DY.A1DE.01A",0.011571110652825,0.123174233094476,0.0630247034461721,0.0132354279501522,5.39227902278376e-07,0.0321876863911385,0.756806299237334
"TCGA.AG.3594.01A",2.51332553808902e-07,0.0279644411073034,0.00717835668917597,0.0350604193661861,0.0272485339581663,0.0138743851454947,0.88867361240112
"TCGA.AG.A00H.01A",0.000145683314576396,0.0483690366944202,0.0968813702007921,0.00789081034786817,5.83685079816816e-09,0.00924041937719279,0.8374726742283
"TCGA.AG.A014.01A",5.09355061918267e-07,0.0204615380395898,0.0172401384053792,0.00614566733937348,3.68923007292235e-09,0.00478295841156835,0.951369184759797
"TCGA.DY.A1DD.01A",0.0125127902960023,0.149292463532293,0.0590995513340734,0.00158657326770549,3.26841343317464e-09,0.039609731656656,0.737898886644856
"TCGA.DC.6154.01A",1.66716831145217e-08,0.0910020179830629,0.0570853391845939,0.01159501632927,1.29302558843313e-08,0.0271448207724349,0.813172776128699
"TCGA.DC.6160.01A",0.053699106931726,0.0299740498580497,0.0145189466564061,0.0134127578006458,2.36359394477962e-08,0.0205400206502367,0.867855094466996
"TCGA.AF.3913.01A",0.00288130264198248,0.044709298976246,0.0872803233858797,0.0106600927893681,8.38080685375487e-09,0.00762194573638103,0.846847028089336
"TCGA.AH.6643.01A",2.50066359627874e-08,0.0549005305783963,0.0344473529245818,0.0140903883782964,1.96553877444049e-08,3.55498946991574e-05,0.896526133562003
"TCGA.AG.4007.01A",0.0596752678617646,0.0476142186367019,0.0542334327100139,0.042578151413785,2.21605697953715e-08,0.0146076985802182,0.781291208636947
"TCGA.AH.6544.01A",0.00316002714416328,0.0107657763882568,0.0180775271568246,0.0034229715006085,2.03905966025494e-10,1.91995922377973e-08,0.964573678406649
"TCGA.AG.3882.01A",0.0140274998887925,0.0843788724053869,0.0156773872971079,0.0441713073866056,0.0273468022982622,0.0246180754623149,0.78978005526153
