"","cellFractions.B.Cells","cellFractions.Endothelial.Cells","cellFractions.Fibroblasts","cellFractions.Macrophages","cellFractions.NK","cellFractions.T.Cells","cellFractions.otherCells"
"TCGA.OR.A5LO.01A",0.0109621212477212,0.0878325304586815,0.00786955874669768,1.07885848319889e-05,7.83151158348601e-10,0.0214189668096301,0.871906033369286
"TCGA.P6.A5OG.01A",2.73769537668424e-08,0.271395610339457,0.0332970913153662,0.129818603624014,0.0224525344714098,1.81531465479708e-05,0.543017979726251
"TCGA.OR.A5J6.01A",0.0261556702292048,0.242432018858461,6.24494322723986e-06,0.0503107417215201,7.56327687259546e-09,0.0804806592537101,0.6006146574306
"TCGA.OR.A5LT.01A",0.00959038135586586,0.0680748670361345,0.0151070038619722,0.00515699755665098,8.22319103616682e-09,0.0409317363768895,0.861139005589296
"TCGA.OR.A5JY.01A",0.00978866779081535,0.114244089829541,0.0141981877447518,0.0219369237868328,1.09226194920856e-08,0.0187580839542798,0.82107403597116
"TCGA.OR.A5JV.01A",3.05131937213886e-07,0.18224167414704,0.000321831761204147,0.0872142734332399,4.89542192401926e-09,0.0738232627530171,0.65639864787814
"TCGA.OR.A5JT.01A",0.0326402184094312,0.210332391085848,0.00613638288945642,0.0036416184891925,1.4665893127664e-06,0.0936940674939885,0.653553855042771
"TCGA.OR.A5KX.01A",0.0409259084338336,0.227039987874225,0.00121291252633,0.00171916437139405,8.54032930398484e-09,0.0894292350238466,0.639672783230042
"TCGA.OR.A5K3.01A",0.0151438771473678,0.0814866498764438,0.00112995282938442,0.00743793111471758,2.13849203441382e-09,0.0398996719711414,0.854901914922453
"TCGA.OR.A5JZ.01A",0.0486384682566461,0.275381391280046,0.00633069776642605,0.00564785358855158,3.54679883545923e-09,0.127052891586008,0.536948693975524
"TCGA.OR.A5LC.01A",0.0182737372948852,0.125237947907669,0.0330438013300498,0.0162201147857986,4.04457326387305e-09,0.0392695045624201,0.767954890074604
"TCGA.OR.A5LH.01A",0.0154718763144376,0.120362428272784,0.00326228751083537,0.0172252532458984,5.35899837361168e-09,0.0456179800590321,0.798060169238014
"TCGA.OR.A5LM.01A",0.0125085455296607,0.0844606252946399,0.0049078470422361,0.00975362294391669,8.27943030187619e-09,0.0339063894300787,0.854462961480038
"TCGA.OR.A5J5.01A",0.0153682654752013,0.0655823112299091,0.000570018604149453,0.0025314629401846,1.01009997686318e-09,0.027197318888093,0.888750621852363
"TCGA.P6.A5OF.01A",0.00137977918373253,0.0744732196222251,0.0279892919566756,0.0136804808203981,3.22987835712848e-09,0.00904258089879765,0.873434644288293
"TCGA.OR.A5LD.01A",0.0242701790593332,0.12231987404341,0.00757059583570816,2.58072001913528e-09,4.7669245285724e-10,0.0486802947885367,0.797159053215599
"TCGA.OR.A5L3.01A",0.0211866689312533,0.0895818207024401,0.00461661944251002,0.000397459739662339,5.96747147375802e-10,0.0423680241427249,0.841849406444662
"TCGA.OR.A5LK.01A",0.000645864970318034,0.0522357708881368,3.49696250870619e-09,0.0212473424264773,3.41979993848973e-08,0.0204028638070899,0.905468120213016
"TCGA.OR.A5LG.01A",0.0340083663513586,0.219276744682018,0.0365311921852594,0.0398362668852673,1.89694537505588e-07,0.0929338204739339,0.577413419727625
"TCGA.OR.A5KO.01A",0.0237528226667282,0.122412883099528,0.0120208516919001,0.000367114894648987,9.35257219903515e-11,0.0488670502642449,0.792579277289424
"TCGA.OR.A5JJ.01A",0.00885400951430557,0.0309909213478153,0.0108897410245273,0.00647776236420396,0.00163825776031538,0.00357923711168998,0.937570070877143
"TCGA.OR.A5JL.01A",1.40375565952811e-08,0.0273633187552315,2.53204674014351e-08,0.0224009945691122,2.35803637551598e-08,3.86864817285744e-07,0.950235236872451
"TCGA.OR.A5KV.01A",0.0310092713993577,0.190744901823615,0.00622795364606926,2.61886402762071e-07,2.23903185674993e-10,0.0726571214726115,0.699360489548041
"TCGA.OR.A5JE.01A",0.110052917730483,0.413971159081367,0.0149506725930317,0.00899540387940846,1.97446554684219e-08,0.171983449109916,0.280046377861138
"TCGA.PK.A5HB.01A",0.0517041078528604,0.459883659349937,9.6687756171253e-06,1.76594623175036e-09,4.24793819277519e-08,0.172781972589606,0.315620547186651
"TCGA.OR.A5JM.01A",0.0172693077632871,0.0328245640685666,0.0841134238662037,0.00232246305351743,1.48890702755449e-08,0.0145010740145948,0.84896915234476
"TCGA.OR.A5JD.01A",0.00918332719629144,0.0889832885004999,6.72756074713975e-05,0.011782944667199,3.15854864025276e-07,0.0397635379036119,0.850219310270062
"TCGA.OR.A5LN.01A",0.0240266069587111,0.133860599247712,0.00192825964961945,0.00779736750607449,6.99849049896904e-09,0.0663057066570617,0.76608145298233
"TCGA.OR.A5K6.01A",0.00953682014677764,0.0979904537291841,0.000171533221347116,0.0118863257443211,1.67479995768787e-09,0.0300135386338641,0.850401326849706
"TCGA.OR.A5JR.01A",0.0384284967507382,0.227534487468747,0.00369377803953027,0.0064765697496412,2.50069457376096e-08,0.0977501184451344,0.626116524539264
"TCGA.OR.A5L6.01A",0.0256819767650238,0.127983421162612,0.00397864400753166,0.00234938370104149,3.4327958942791e-09,0.0617254415241105,0.778281129406884
"TCGA.OR.A5JI.01A",0.0185557973535829,0.108148150229948,0.0182259862173319,0.00338754637380179,9.70236676942336e-09,0.0511082780982228,0.800574232024746
"TCGA.OR.A5J2.01A",0.0311422260117811,0.210427037715048,0.00278733517495182,0.00729398185073778,5.56499379275098e-08,0.061143737969691,0.687205625627853
"TCGA.OR.A5LL.01A",0.0300246121681945,0.172620784537023,0.0233223107836208,0.00597652160108878,5.25552700145567e-07,0.0904265130058847,0.677628732351489
"TCGA.OR.A5K1.01A",0.0385431722485266,0.253376284486639,0.00329402126110976,0.00235832974300246,7.66601749261762e-07,0.0951226951408059,0.607304730518167
"TCGA.PK.A5HA.01A",4.40426634181222e-06,0.107709246779924,1.57029897374829e-09,0.0457087144430258,7.40580813373022e-08,0.0197073569928835,0.826870201889444
"TCGA.OR.A5LR.01A",0.0276954942219659,0.179171601522225,0.0178714530783758,0.00704546505871861,2.61775039654603e-09,0.109404766770646,0.658811216730319
"TCGA.OR.A5JX.01A",0.0238923848429669,0.159467276536957,0.00128904726603797,0.00365870023048304,2.58824915512027e-09,0.0512111970259393,0.760481391509367
"TCGA.OU.A5PI.01A",0.0203491840534788,0.124978547303464,0.025355048610456,0.00435707234668143,2.78695984470561e-10,0.0540917153335005,0.770868432073723
"TCGA.OR.A5JA.01A",0.0134767764625352,0.0943094750093132,0.0382502206023984,0.00722252546133565,3.18668776294307e-09,0.0466962432733647,0.800044756004365
"TCGA.OR.A5KY.01A",0.0361978535037531,0.132847137643449,0.00889421774808886,0.0213293168455698,1.27006955256404e-09,0.046304428732346,0.754427044256724
"TCGA.OR.A5L9.01A",0.0197875733217428,0.0904851018978538,0.0033944201449188,0.0028187976271792,8.32478380947642e-09,0.0445401848717255,0.838973913811796
"TCGA.PK.A5H9.01A",0.0337223083409748,0.23645576470311,0.0217463783023625,0.00508503446887044,2.91315460029754e-10,0.086834918014334,0.616155595879033
"TCGA.OR.A5JK.01A",0.0251364421428676,0.132761456244542,0.00561179563653427,0.0270846684080917,9.06747546187522e-09,0.0804935272150918,0.728912101285397
"TCGA.OR.A5LJ.01A",0.0240674049091646,0.122447304160919,0.00296419342253019,0.00634931630280259,3.33483457648796e-09,0.0565993646782955,0.787572413191454
"TCGA.OR.A5K9.01A",0.0228790717728267,0.116266652274938,0.0257533942187229,0.00224325518250129,8.05744463690921e-09,0.047902293175433,0.784955325318133
"TCGA.OR.A5LA.01A",0.0229371838670342,0.160697131445565,0.0103261211659453,0.0204206509799358,4.45345209152136e-09,0.0673106995409111,0.718308208547156
"TCGA.OR.A5JP.01A",0.0169558208971178,0.102705525724756,0.0233198213119077,0.00547844448163257,4.97122270694238e-09,0.0420466797554466,0.809493702857917
"TCGA.OR.A5LE.01A",0.0198316999481258,0.0380549080795917,5.79102646846466e-06,0.00186296462441452,8.27177087071216e-09,9.73965134958932e-10,0.940244627075664
"TCGA.OR.A5JB.01A",9.08429915390398e-11,5.39742694923616e-06,2.82905809086544e-08,0.258264744296001,0.0626950168777014,1.72237965410538e-07,0.679034640779959
"TCGA.OR.A5J3.01A",0.0168525227384678,0.0595398540154772,1.232946028487e-05,0.0028275691369093,1.46265168817007e-09,0.0175774491638624,0.903190274022347
"TCGA.OR.A5JQ.01A",0.0100513709800456,0.0805814729059968,0.0613510060554555,0.0249754726592571,1.68952688023932e-09,0.045973452620038,0.77706722308968
"TCGA.OR.A5J7.01A",0.0513076656535744,0.231781028680185,0.00281555806806632,6.0881222085929e-07,7.0571403721336e-09,0.0767136972174558,0.637381434511358
"TCGA.OR.A5KZ.01A",0.0269347289222661,0.187719625969349,0.0617650187340681,0.00723012616517577,4.47432808071716e-09,0.0569923591302289,0.659358136604585
"TCGA.OR.A5KW.01A",0.00114668937019959,0.059098471689102,0.00700731393943548,0.0071948407716828,5.71803190603477e-09,0.0160805676167286,0.90947211089482
"TCGA.PA.A5YG.01A",0.0127267375468013,0.153949828367637,7.24263403531527e-08,0.0216549641713469,3.36168039368304e-10,0.0639271473813373,0.747741249770369
"TCGA.OR.A5J9.01A",0.0291434503514322,0.177281293449163,0.00905507203690134,3.65839884598892e-05,5.98517058713711e-09,0.0570550588042797,0.727428535384593
"TCGA.OR.A5K4.01A",0.03813530182155,0.276641658246712,0.0181696315158559,1.01319071220683e-08,3.14463993324589e-08,0.15137337097213,0.515679995865445
"TCGA.OR.A5K2.01A",0.0954338873024447,0.226511557405843,0.00100872016953314,0.00898493616592536,2.30443150528206e-09,0.0823660813164151,0.585694815335407
"TCGA.OR.A5JO.01A",0.00615760787518906,0.404974539804773,3.27368206644579e-05,0.185069063246616,3.26827276273305e-08,0.1713493334139,0.232416686156129
"TCGA.OR.A5KU.01A",0.0134396686607777,0.0872822841017885,0.00947052373821515,0.00594754620183584,2.68382528908059e-09,0.0337941292313259,0.850065845382232
"TCGA.OR.A5LB.01A",9.78241888423342e-08,0.0555599099499873,8.34658705255052e-09,0.00324077826022444,1.2194718356059e-07,4.15395054190683e-07,0.941198668276775
"TCGA.OR.A5L8.01A",0.00268025039089637,0.0156813908820433,0.0689919351838827,0.00525179684624429,2.20295726623371e-08,0.017143546989695,0.890251057677666
"TCGA.OR.A5J8.01A",0.0803125920991981,4.46149433379379e-06,0.0501627161730867,0.803325935077043,0.000462721401122429,0.0657298613805602,1.71237465618947e-06
"TCGA.OR.A5LS.01A",0.0304718146700474,0.109889694430979,3.23597822794097e-05,0.00645313268658175,5.04211256331181e-09,0.0465384335613009,0.806614559826699
"TCGA.OR.A5JW.01A",0.0117607219543475,0.12601554900897,1.30980158447376e-07,0.00344739124945077,1.67872805037923e-09,0.0704792865587809,0.788296918569565
"TCGA.OR.A5JC.01A",0.0288593776237824,0.166359767173366,0.0170465073784024,0.00824637679778846,2.37508187609295e-09,0.0716727825998679,0.707815186051711
"TCGA.OR.A5LP.01A",0.0113724705018275,0.156183352395654,0.00764808563207481,0.034197265396184,2.4292314535816e-08,0.0545332713790703,0.736065530402875
"TCGA.OR.A5J1.01A",0.0227528778178162,0.147621339426335,0.00650082270274118,0.012753847833921,1.69187076069791e-09,0.060196685456446,0.75017442507087
"TCGA.OR.A5K0.01A",0.351223168088101,0.0790394174527059,1.76771033308345e-07,0.0259995366911787,7.10516848741925e-08,0.00596966333935721,0.537767966605939
"TCGA.OR.A5K8.01A",0.0159922891051468,0.086616300234908,0.00641106050451258,0.000491993042741797,8.94072948491705e-09,0.0409542657097449,0.849534082462216
"TCGA.OR.A5L5.01A",0.0876662184310262,0.172317974491752,0.0624538068409422,0.0148672024547661,4.06719508989914e-09,0.092459504801,0.570235288913318
"TCGA.OR.A5KT.01A",0.0648643758204191,0.529492902685998,0.0233028756686371,0.0797296016287764,2.74004660217321e-08,0.106119324566583,0.19649089222912
"TCGA.OR.A5JF.01A",0.0207791645783265,0.152621265325981,0.01142662961941,8.19958667692964e-09,1.13384005432409e-07,0.0728317014970615,0.742341117395629
"TCGA.OR.A5L4.01A",0.0233986902167592,0.168606963759154,0.000603929223536511,0.00415109484654691,1.83233800672765e-09,0.0529841464469994,0.750255173674666
"TCGA.OR.A5JS.01A",0.0488335456509415,0.18400076947178,0.0122060021451895,4.6727945275574e-05,4.60389362286885e-09,0.0814093864679623,0.673503563714957
"TCGA.OR.A5K5.01A",0.0447881562563487,0.16001186380455,0.0324339175373306,0.0142997305825651,7.61213373411494e-09,0.0516930016739051,0.696773322533167
"TCGA.OR.A5JG.01A",0.0209329371571196,0.139843269539161,0.00549666036806285,0.00922809616587154,1.30684623793574e-09,0.0701709415462485,0.75432809391669
"TCGA.PK.A5H8.01A",0.0489938900693196,0.2507975098949,0.00802762330126398,0.0124283897147821,4.88212307633921e-09,0.113333067264121,0.56641951487349
