"","cellFractions.B.Cells","cellFractions.Endothelial.Cells","cellFractions.Fibroblasts","cellFractions.Macrophages","cellFractions.NK","cellFractions.T.Cells","cellFractions.otherCells"
"TCGA.HQ.A5NE.01A",1.11443223188935e-07,0.0249756649221443,0.11689610009459,0.0115382129549371,7.54223924776776e-08,0.00603955549197652,0.840550279670736
"TCGA.FD.A5BT.01A",7.00937613652367e-09,0.000890594932783987,0.640975728262547,0.358022396601381,0.000110672181750183,5.96253867611884e-07,4.75829390127921e-09
"TCGA.DK.A3IQ.01A",1.64114721346683e-07,0.00488944810894022,0.994796773722118,1.83076535844286e-06,8.6167964553774e-05,0.00022561131325453,4.01105377762787e-09
"TCGA.ZF.AA4X.01A",0.000895569775362676,0.00812982319035518,0.00400345380671896,0.00305771149163463,5.29496504002401e-09,0.0140941826100654,0.969819253830898
"TCGA.GD.A3OQ.01A",3.29363665534084e-07,0.0351138033394561,0.05131967829124,0.00710375974930016,3.6705442252105e-09,0.00720403128232132,0.899258394303473
"TCGA.ZF.AA51.01A",0.0225237656169093,1.8378641351097e-08,0.0844166000611948,0.0250198904162994,0.00565392779515174,0.008473938982206,0.853911858749597
"TCGA.FD.A3SS.01A",1.59849757089359e-07,0.0506265397225966,0.0463058496867616,0.00680235058594143,6.35053751159478e-09,0.019793704903626,0.87647138890078
"TCGA.DK.AA71.01A",1.22503489337393e-08,0.0299724758462805,0.0286527417120808,0.0118611556408804,4.50114656498667e-07,0.0111552238707255,0.918357940565027
"TCGA.4Z.AA83.01A",3.49740272731775e-08,0.061043567977518,0.026164254979105,0.0106024075679205,2.85138400926318e-06,0.020010625392438,0.882176257724982
"TCGA.ZF.A9R4.01A",3.1132289188639e-08,0.014784145151025,0.00098909333006647,0.0112442808740367,0.0042886242747499,0.0129278162602977,0.955766008977535
"TCGA.BT.A20P.01A",1.78731940524113e-07,0.0260832805552705,0.0283108197461748,0.00401490095958318,1.20613219787795e-07,0.00958860912449639,0.932002090269315
"TCGA.HQ.A2OE.01A",1.18993473706133e-07,0.0227418528742445,0.00581061835203492,0.00968609291537162,1.3831510935417e-08,0.0135109599209243,0.94825034311244
"TCGA.R3.A69X.01A",0.0249698230026658,0.187251252629315,0.183727136736982,0.0281380268037009,2.0405013426418e-09,0.0684837306305359,0.507430028156299
"TCGA.BT.A3PH.01A",1.26326097247671e-07,0.029857421029519,0.0349638193214937,0.0119854152802102,5.97569831876696e-05,0.00731018857881693,0.915823272480675
"TCGA.UY.A9PA.01A",5.89031330312534e-10,0.0146467961456055,3.61336850632115e-07,0.0193880286206259,0.00780050459741432,0.0152175813712815,0.942946727339191
"TCGA.BL.A13J.01B",1.49525635577256e-07,9.93426425782032e-13,0.162685333278649,0.00971093342058541,4.13006563051921e-08,6.231743471807e-07,0.827602919299133
"TCGA.CF.A3MI.01A",4.13411392057713e-07,0.0317647299677325,0.00273286902403917,0.00214649020807005,3.73438451897485e-09,0.0102229119441606,0.953132581710221
"TCGA.XF.AAMW.01A",0.000193200840895626,0.0443266912854829,0.0283518639463392,0.0294500202760246,7.97190459042741e-09,0.00345524448004192,0.894222971199311
"TCGA.H4.A2HQ.01A",0.00737135297135463,0.0222252526098967,0.0215247491462433,0.00556163444295785,1.20832162633025e-09,0.0155276802252782,0.927789329395948
"TCGA.HQ.A5ND.01A",0.00281379604620912,0.0345842526741706,0.017942867791402,0.00319125690909252,4.78071532895704e-09,0.017589831433306,0.923877990365104
"TCGA.K4.A6FZ.01A",7.75206407387042e-08,0.0399994948310623,0.0033770727305626,0.033085053401814,1.66890372896147e-07,0.0166453656400011,0.906892768985546
"TCGA.DK.A3IV.01A",0.0148826509302368,0.000874213919885049,0.0067963562748389,0.0170120742052052,2.49037652613506e-08,0.0638434677021456,0.896591212063923
"TCGA.E7.A3X6.01A",2.20992585755437e-08,0.0353161406621004,0.0449558006283091,0.0230798588664246,0.00777343662376891,0.0290524654369119,0.859822275683227
"TCGA.BT.A42F.01A",0.111049086790916,0.00562086024471793,0.000569954352480513,0.0558563838475271,0.0293065466012186,1.28323135113008e-08,0.797597155330826
"TCGA.UY.A8OB.01A",9.72671928106638e-07,0.0208245178151911,0.021245592768163,0.0231027291194066,1.52573098314499e-08,0.0291528257285127,0.905673346639489
"TCGA.DK.A1A3.01A",5.75742352353706e-08,1.04530082987321e-05,0.112157623594857,0.031662581631814,3.09063538154064e-05,3.67702410414351e-06,0.856134700812875
"TCGA.DK.AA6X.01A",1.44320736913267e-08,6.60371248142947e-05,0.0654505405009762,0.0192728225047006,6.30002229963644e-08,0.0132586494981627,0.901951872939049
"TCGA.G2.A3IE.01A",0.0157038346031062,4.00273318807291e-07,0.0263638383998499,0.00482622469236113,4.55021325822692e-08,0.0159124136242808,0.937193242904951
"TCGA.FD.A5BU.01A",0.0216629682659681,0.227701578533293,0.188691860498974,0.0895168694315933,2.51710193389655e-08,0.0423752160854881,0.430051482013663
"TCGA.C4.A0EZ.01A",0.00432061827371876,0.0774804247209148,0.0419556238406539,0.00456282180279049,6.01213611427692e-10,0.00972881899952206,0.861951691761186
"TCGA.FD.A3B3.01A",0.0789105414227687,0.108103840636291,0.157265438949824,0.0776746861462045,0.00288658200010374,0.0781598554810443,0.496999055363764
"TCGA.FD.A5BZ.01A",3.06688717207202e-05,1.00541977757491e-05,0.722348082897396,0.00201627635226647,1.49561396521814e-06,1.23775636465999e-08,0.275593409689313
"TCGA.C4.A0F7.01A",6.53598753361931e-07,9.26716544803532e-05,0.202324387600105,0.00124716843025914,2.03498443790095e-10,4.2308817564302e-09,0.796335114282022
"TCGA.XF.AAMR.01A",5.39445164599601e-09,0.435317338380086,0.564675220365152,1.96187377388131e-06,4.68992613535234e-06,6.50901787253945e-07,1.33158614343805e-07
"TCGA.XF.AAN7.01A",1.90145220740583e-08,0.208417151212832,0.00544333204550976,0.0321492670788261,1.95419326448489e-05,0.0116110157177408,0.742359672997924
"TCGA.UY.A8OD.01A",0.0294950629974833,0.27581062070761,0.216264007585628,0.00512861941807733,3.82149524390593e-09,0.0998016085239164,0.37350007694579
"TCGA.FD.A3SP.01A",1.22013038060287e-08,0.0428196076457391,0.678264019541165,0.120157840779992,2.6090737800957e-07,0.0129778842870806,0.145780374637342
"TCGA.DK.A2HX.01A",3.08737334102479e-08,0.200086274439556,0.526212844094311,0.024851468324175,8.91775435172202e-08,0.038473078815598,0.210376214275083
"TCGA.CF.A8HX.01A",0.00098063044223564,0.0101920179784376,0.00876838710392253,0.00128513500442598,1.58405791217348e-09,0.00851579117226482,0.970258036714655
"TCGA.E7.A85H.01A",0.000921035687219096,0.0115916341089177,0.0502328713939911,0.0212328692490378,1.60391076887054e-08,0.0220610212816719,0.893960552240055
"TCGA.ZF.A9RL.01A",0.00385147304571231,0.0085650554695575,0.00513644552089088,0.00101602084646938,1.30129478024528e-08,0.0123369348406897,0.969094057263732
"TCGA.UY.A9PB.01A",0.100157219030408,0.0438451063690976,0.237604453003794,0.159160827440008,0.0201495488567987,0.0573537879868551,0.381729057313038
"TCGA.GV.A3JV.01A",0.0221462117540802,2.02250267887404e-06,0.0734007117788293,0.0192073845930204,2.78772013481185e-07,0.0361891913444501,0.849054199254928
"TCGA.GD.A6C6.01A",0.000673635334764359,0.0318347605442312,0.00741070493144373,0.0163694356461265,2.8658710178335e-08,0.0182009612517582,0.925510473632966
"TCGA.XF.A9SW.01A",9.50425772906609e-07,0.135755286876313,0.864196121191513,1.43307625777186e-09,1.64643482972208e-08,4.7560734265795e-05,6.28747102236743e-08
"TCGA.GV.A3QI.01A",0.022972052697361,0.0499251559586268,0.00401507577664232,0.0026764120891545,4.47117154042279e-09,0.00447595836978754,0.915935340637256
"TCGA.UY.A9PE.01A",0.0319354161530367,0.0632885211093448,0.0742628873159041,0.00250964334598714,1.56633582846496e-09,0.0218849145846167,0.806118615924775
"TCGA.E7.A97P.01A",1.57211089487437e-08,0.0852931144709146,0.116779074302604,0.0394132636882022,0.075764268446065,0.0136227179236322,0.669127545447473
"TCGA.G2.AA3D.01A",0.0103300776359021,0.00588859643757274,0.0118486032143961,0.00355930702496572,2.18342904195849e-08,0.0137066391550124,0.954666754697861
"TCGA.BL.A3JM.01A",4.46779293641022e-09,0.0297606210069792,0.0286169171014887,0.0252714319105575,0.00414445691007581,2.68990313670043e-07,0.912206299612792
"TCGA.GV.A3JZ.01A",0.00123714381566341,0.0187885935793332,0.0841253210218651,0.0201125404261227,7.93689502032444e-09,0.00577301260339127,0.869963380616729
"TCGA.ZF.A9R5.01A",0.00416961161035918,0.0143998676036625,0.00510338657054405,0.00425863747633312,0.000111590675053333,0.0145558193689454,0.957401086695102
"TCGA.UY.A9PH.01A",0.0317023687485394,2.9094498215287e-08,0.0650125240853384,0.0954110700701493,0.0157927942460865,0.00650435403148642,0.785576859723902
"TCGA.E7.A7XN.01A",8.51481182033064e-09,0.00173276132109799,1.78341696160258e-08,0.0560032212968377,0.103260168212989,1.18212909668375e-08,0.839003810998803
"TCGA.XF.A9T8.01A",1.16044192842346e-08,0.0430400114125002,0.0606523582123855,0.0981710763122694,0.0338774494401516,1.30545007991674e-05,0.764246038517475
"TCGA.DK.A3X1.01A",0.00446905015490033,0.0293153746525974,0.0304980419190963,0.00360205899339976,7.90933388655423e-09,0.0135930910514966,0.918522375319176
"TCGA.E5.A4TZ.01A",3.39094080058247e-08,0.0202635157340017,0.00223745514067686,0.0126921070064994,3.04425125492126e-08,0.000296220796874634,0.964510636970027
"TCGA.XF.AAN3.01A",4.31820510913239e-09,0.0249499515962883,0.17964336196999,0.0298452148399808,2.23587658601836e-06,0.00596418720936119,0.759595044189589
"TCGA.E7.A7DV.01A",1.75302637435436e-09,2.40907076410898e-08,2.33491565557267e-08,0.999999118646199,8.14284139782613e-07,1.18566606921127e-08,6.02011008289983e-09
"TCGA.BT.A20O.01A",4.43895580280219e-05,1.41789617407927e-05,7.03561803033533e-06,0.998875954998632,0.000127035836320568,0.000929013846212759,2.39118103514231e-06
"TCGA.XF.AAMY.01A",1.74952677965295e-07,0.0409387225799557,0.160442960590459,0.0134886127797321,5.10934197042669e-08,0.000249619555096043,0.78487985844866
"TCGA.BT.A20V.01A",2.67041605822721e-08,0.0317701013169702,0.00640887224506142,0.0278315627622206,2.62716311183275e-07,0.0283310676751631,0.905658106580113
"TCGA.GC.A3BM.01A",3.57838852865975e-09,0.0368347215945306,0.00984727334125617,0.0121495930506247,6.49689531612083e-09,0.0106873369705242,0.93048106496778
"TCGA.K4.A4AB.01B",2.09671925935346e-06,0.137299557153566,0.15587452621232,0.0255449696080973,2.51887162117755e-09,0.0377412195904986,0.643537628197387
"TCGA.FD.A5C0.01A",0.011065312992094,0.151775383661488,0.148857006992771,0.00716418718164353,3.41821000036328e-09,0.0445131121388696,0.636624993614924
"TCGA.G2.A2EK.01A",0.0213398815335981,0.0598581616421505,0.0469455863014549,0.000480734515351089,1.09370889060578e-09,0.0269257270193295,0.844449907894407
"TCGA.CF.A1HR.01A",0.00174812610345522,0.0545630494377559,0.0460579450661137,0.0116768796140328,2.13691698980871e-08,0.0155095036832371,0.870444474726236
"TCGA.GC.A3RD.01A",1.75031069877316e-07,0.0168661082303743,0.0292423458567926,0.00644700049113563,1.11622758367775e-07,0.0070644761509659,0.940379782616903
"TCGA.E7.A5KE.01A",0.000732744136091488,0.0203004998239083,0.0028253885893382,0.00291881464195243,1.38054884900982e-09,0.00463690733429661,0.968585644093864
"TCGA.ZF.A9R9.01A",0.0181320697708545,0.0545556157146893,0.238084298089472,0.00356184660621418,1.1230324322719e-08,0.00754421598232393,0.678121942606122
"TCGA.DK.A1AB.01A",5.30055186672501e-08,0.00849675218795207,0.333839131142705,0.0307980706516646,8.89556847671691e-08,0.000461322398034083,0.626404581658441
"TCGA.GU.A42R.01A",1.68844694432907e-08,0.0310212423959664,0.0119702061403118,0.00690606634679171,1.08715547252813e-07,0.00427738639664781,0.945824973120266
"TCGA.E7.A5KF.01A",2.04155083760806e-06,0.0176055953225092,0.000451247080769942,0.00382322264064457,5.14937718178661e-09,0.00625200173756831,0.971865886518293
"TCGA.ZF.AA54.01A",8.81819136401236e-07,1.63678105220046e-08,0.352219496159215,0.643995041376296,0.00348040997951219,0.000304146276244097,8.02178559080893e-09
"TCGA.CF.A3MF.01A",0.000266493493601626,0.0116905700776183,6.01193257843849e-07,1.06080810730185e-06,8.24505190908972e-09,0.0260090362580784,0.962032229924285
"TCGA.E7.A6ME.01A",0.00845936955886882,0.0348417265345672,0.0200562333459162,0.0151402255433371,0.00314394366903841,0.0254964947732219,0.89286200657505
"TCGA.DK.AA6M.01A",1.11409782680322e-07,0.026897267385825,0.0370361375919833,0.165132064631828,7.73295440157423e-07,0.0244703593430589,0.746463286342082
"TCGA.CF.A47W.01A",2.01329511088797e-08,0.0413055974830918,0.00582425447365232,0.00323740547213695,3.11893573802454e-11,0.0163919198375608,0.933240802569418
"TCGA.XF.A9ST.01A",0.00537756606312872,0.0385351200299262,0.0118681029654508,0.0021442566643246,1.24181927318715e-08,0.00745081427598951,0.934624127582987
"TCGA.FD.A3SN.01A",0.0158003320842188,0.0914014378129994,0.0848622693954122,0.0149995782317854,5.36025324758301e-08,0.0185840457434444,0.774352283129607
"TCGA.FD.A3B6.01A",1.86853499672054e-08,0.0144832270696479,0.0271874851830871,0.0888977511810678,0.050821246443847,2.39199342337803e-08,0.818610247517066
"TCGA.ZF.A9R7.01A",0.0348940503124924,0.00534168144802886,0.000378666799831991,0.0317338114502193,0.0719044495258195,0.0214666764801667,0.834280663983441
"TCGA.BT.A3PK.01A",8.19878864660017e-09,0.0939501261897551,0.0682914280753691,0.0243700801001985,3.00815041535434e-07,0.00116500745030995,0.812223049170537
"TCGA.FD.A62P.01A",1.08589134137088e-09,0.0428243846752788,0.127229341146463,0.0310884836827131,3.00924208959556e-07,0.0208928375355033,0.777964650949941
"TCGA.LC.A66R.01A",0.076813651345885,0.0891730413340263,0.0573970346790817,0.0358742246216346,0.0232044900725686,0.0136074579745252,0.703930099972279
"TCGA.DK.AA76.01A",0.0175413962916636,0.0111683746740014,0.018381901736635,0.000655778717231597,2.43336469090945e-07,0.0147904221847113,0.937461883059288
"TCGA.DK.AA6T.01A",0.774519099693768,7.26111777466501e-09,2.95120507852872e-09,2.02777520931117e-05,2.66427924898719e-08,0.000144353397348832,0.225316232301675
"TCGA.XF.AAMH.01A",2.64774850005646e-09,0.056445599432883,0.0365865148568348,0.01517733765793,4.25936252314054e-08,0.0290254411177331,0.862765061693245
"TCGA.FD.A43U.01A",0.207123030935661,0.149440945215554,0.210392110237263,0.0997810808747216,1.14629223109247e-09,0.0527988154500791,0.280464016140429
"TCGA.GC.A6I3.01A",0.144067820752062,0.0325773954851356,0.0428664016756026,0.0359897242672234,2.04192512961795e-07,0.0867791830826587,0.657719270544805
"TCGA.GC.A6I1.01A",0.33416013901688,1.8007701454231e-08,9.48728373446231e-09,0.238814605170447,0.0565588013939094,0.000198801858738547,0.37026762506504
"TCGA.FD.A3B8.01A",4.57513439789713e-05,0.204059189856865,0.584386611253512,0.211508278623582,1.59761133945982e-07,5.1026071654879e-09,4.05832091428434e-09
"TCGA.XF.A8HD.01A",2.41606198675897e-07,0.0532033167772967,0.0503589132591291,0.0446090195909763,0.0327112868292358,0.0245901862811079,0.794527035656056
"TCGA.ZF.A9R2.01A",4.0903094814793e-09,0.0204538330242871,0.000458401683623783,0.00575362136414758,4.81864008687208e-08,0.00541801506654417,0.967916076584687
"TCGA.FD.A62S.01A",7.03062791943008e-07,1.23344402091144e-08,0.567394319372575,0.0736571951340368,4.35855101042426e-06,6.25632916322738e-07,0.358942785912229
"TCGA.BT.A0S7.01A",0.000254997487744307,0.0515588707832247,0.0449930177904393,0.0101021899687937,3.36863590016253e-07,0.000779475035881174,0.892311112070327
"TCGA.CF.A8HY.01A",0.00394302698471389,0.0499485800171343,0.0046781769503893,0.00285291295982571,1.30940679885778e-08,0.0177731972487692,0.9208040927451
"TCGA.FD.A3B4.01A",0.0496097355116088,0.0757071875558305,0.1737282766514,0.0350965125259956,4.6882744781884e-08,0.0349737549519905,0.63088448592043
"TCGA.ZF.A9RF.01A",4.56124783230949e-09,4.30186116799744e-08,8.88083169756825e-07,0.213721430574474,0.107847292004387,3.76574231452901e-08,0.678430304100686
"TCGA.FD.A3SQ.01A",0.055819459969251,0.136394985710944,0.512777746878147,0.0208644906332564,3.48914421252813e-08,0.0113801334895857,0.262763148427374
"TCGA.4Z.AA7Q.01A",0.0345091189938842,0.0308636760486018,0.0159223424222675,0.0368324986609401,0.0278628528205812,0.0190146799292929,0.834994831124432
"TCGA.DK.AA6S.01A",7.77398625797934e-07,0.0238582936182581,0.288972513073162,0.0196255788303644,4.96588694654589e-09,0.0100272733882378,0.657515558725465
"TCGA.LT.A8JT.01A",9.82647229815339e-10,5.33522781290735e-06,0.0587188589762134,0.00583075595676607,0.00129213867188826,3.28346018274502e-06,0.934149626724489
"TCGA.BT.A2LD.01A",0.0153713369579559,0.0671141106318087,0.0389727129622187,0.0161286861216391,1.08284479194772e-08,0.0288589469044235,0.833554195593506
"TCGA.DK.A6B2.01A",1.3811649642187e-05,7.61925904689719e-06,0.230603378951553,0.0489101865209609,1.04225396590601e-08,0.000116828775052472,0.720348164421205
"TCGA.DK.A3IM.01A",2.55325817238273e-09,0.0135933063901658,0.00572458863101708,0.010916238376257,1.24249213152431e-08,0.00237045761743684,0.967395394006944
"TCGA.GU.A766.01A",3.79239736679948e-08,0.179304695726165,0.0170402468842109,0.0906638210762352,0.0307322593813885,0.120610733167525,0.561648205840501
"TCGA.LT.A5Z6.01A",0.0219539100926185,0.0162347127452096,0.00281261046335583,0.0106066720480137,0.000207925692861314,0.017687844479957,0.930496324477984
"TCGA.BL.A0C8.01B",0.0038257637493073,0.0577164382764036,0.0302594624823941,0.00403390120403991,1.81380748486333e-08,0.00188124942453103,0.902283166725249
"TCGA.FT.A3EE.01A",0.00152729909630774,0.0158696271628237,0.0303476709772907,0.00745914288226631,1.13291394898054e-09,0.000131736906615905,0.944664521841782
"TCGA.G2.AA3C.01A",1.74089802314769e-07,5.52100223356609e-08,2.47222731623507e-07,0.999998347689385,6.1202791435997e-07,1.08534598474714e-08,5.52906684457349e-07
"TCGA.KQ.A41S.01A",7.14654509270392e-06,2.1625203343451e-09,0.171304113028745,0.0304076096779277,8.20663269519704e-08,1.36273507240347e-06,0.798279683784314
"TCGA.DK.A3IU.01A",0.155880422226477,0.285312542660943,0.195526369106379,0.116364862051823,0.0346053340099898,0.212310467951246,1.99314304403199e-09
"TCGA.BT.A0YX.01A",1.34186968137471e-08,0.0173025637227965,0.0250536192293973,0.0335691984154451,0.00556507319731432,0.0089938827588833,0.909515649257467
"TCGA.2F.A9KO.01A",0.0162687142686658,0.0558175231181962,0.0872179666690704,0.0345196658561391,0.00982675554703214,0.0513019534359665,0.74504742110493
"TCGA.DK.AA6L.01A",1.95515593558901e-09,0.0185126396168107,0.0317724839803411,0.029807720435624,2.0866991005271e-08,0.0225807298569298,0.897326403288148
"TCGA.XF.A9SP.01A",0.0504834023426477,0.181706473568766,0.431030222766024,0.0240254295463485,2.09191322084942e-08,0.0379345272497692,0.274819923607313
"TCGA.E7.A4XJ.01A",1.51813275209195e-06,0.0194188935650427,0.0128160056136327,0.00163478604329083,2.45414085883064e-09,0.00940006731184399,0.956728726879297
"TCGA.XF.A8HB.01A",0.000373987970572897,0.0187636185031723,0.00465400462693586,0.00885412294010068,1.95864456504275e-08,0.00965385290560364,0.957700393467169
"TCGA.SY.A9G5.01A",3.02087624255247e-07,0.0285426949979852,0.267961989706925,0.0499778806114383,0.0144504070896976,0.0382414876743042,0.600825237832025
"TCGA.XF.AAMX.01A",0.00597697063510076,0.0179436209159318,0.0749976453820659,0.012694204084818,2.98124888699438e-06,0.00435678294617178,0.884027794787025
"TCGA.ZF.AA58.01A",1.04068326710731e-07,0.167509529852578,0.195749489092275,0.595483484498349,0.0327386992570222,0.00851869072454323,2.50690553679173e-09
"TCGA.XF.AAMG.01A",1.57872691221894e-07,0.048362615353023,0.0800578932519323,0.0144335728625551,7.19021255477609e-10,0.00960927092245435,0.847536489018323
"TCGA.DK.AA74.01A",3.14965776013184e-05,1.24318274141419e-07,0.604826076751793,0.395105326057596,5.89629996343539e-10,3.69755440532801e-05,1.61051884496119e-10
"TCGA.ZF.AA4T.01A",0.00480435120203638,0.00909759762339721,0.0110166401990307,0.00129588998796001,9.95431342377081e-09,0.00620584349546257,0.9675796675378
"TCGA.FD.A5BV.01A",1.10458425125333e-07,0.00902940247242478,0.0474898933052953,0.00322797424442037,1.14018242116919e-08,0.0046487008409339,0.935603907276676
"TCGA.YF.AA3L.01A",3.438908255795e-08,0.0602656508692655,0.0126179722395236,0.0109783539914469,7.84102644785925e-08,0.0281974452972083,0.887940464803209
"TCGA.FJ.A871.01A",4.98906375498403e-08,0.122983823932879,0.0528372739874862,0.0136782519487813,5.96263887813324e-08,0.0464546850245564,0.764045855589271
"TCGA.FD.A6TF.01A",0.0189350707677302,0.338947117151071,0.255311260028726,0.0174922586788877,4.29732424321502e-08,0.0540938427455511,0.315220407654791
"TCGA.ZF.A9RN.01A",5.6554884953689e-09,0.0266943357477067,1.93005761627549e-08,0.0169027392226346,0.0493663162125763,0.019403255950753,0.887633327910265
"TCGA.GV.A3QF.01A",0.0104277582014264,0.0298804055025438,0.00813775871607378,0.000577193756574498,2.15092516160112e-09,0.0115872957127351,0.939389585959721
"TCGA.FD.A3N5.01A",4.0625896933574e-07,0.0640839641486257,0.0253745231270532,0.0111618520903832,3.64707377124861e-06,0.0204225121627029,0.878953095138494
"TCGA.XF.A8HG.01A",0.00196028180926728,0.000314735629600133,0.00855717877276818,0.00214534168238293,6.33192073403947e-09,0.0040352634087531,0.982987192365308
"TCGA.XF.A9SM.01A",2.65463113482447e-08,0.0550621915806843,0.164406435567886,0.357102208386343,0.111570856366932,0.0190405504218479,0.292817731129995
"TCGA.XF.AAME.01A",0.0738039755705468,0.246547128493341,0.559402084434423,0.0721147212174432,7.19134110619471e-06,0.0481233400793496,1.55886379030271e-06
"TCGA.GC.A3YS.01A",1.19311505252768e-06,2.84271659863906e-08,0.293845776261836,0.0479724404091937,2.41983701805405e-08,6.04078236554261e-09,0.6581805315476
"TCGA.HQ.A2OF.01A",0.0246084374082276,0.0968200613796718,0.0100052295318498,0.00285262810445724,3.44785947089599e-09,0.0270010709257057,0.838712569202228
"TCGA.FD.A5BX.01A",0.0221774211164375,0.328621618946951,0.188849325033099,0.0718966555920264,1.78813162672311e-08,0.119804451438036,0.268650509992134
"TCGA.CU.A3KJ.01A",3.20933984177919e-08,0.0351713048908921,0.0256805516988402,0.0395139200261946,4.53475891920477e-06,0.00957452917115931,0.890055127360596
"TCGA.G2.A2ES.01A",1.34121239043469e-08,0.00663286827613368,0.0996084616858393,0.0346402519500709,0.00142402104797693,0.00446631959334388,0.853228064034511
"TCGA.FD.A6TI.01A",5.45509633363202e-08,0.0217606997462181,0.0559282472556198,0.0137787995773732,1.03488099108353e-08,0.0138446526914221,0.894687535829593
"TCGA.XF.A9SL.01A",6.05889844116898e-08,0.400416600353826,0.589029823374822,0.0105534479039748,1.77579628605519e-08,1.36337561168241e-08,3.6386674465594e-08
"TCGA.E5.A2PC.01A",1.03317048169067e-08,0.0289156321706573,0.00499513764463552,0.0100046736016887,3.38035241454116e-08,0.0288508862399964,0.927233626207793
"TCGA.FD.A3B7.01A",0.0468437037424438,0.0619975712653461,0.256935304554364,0.128411641939626,0.0661213328953366,0.031088153628802,0.408602291974082
"TCGA.BT.A3PJ.01A",1.99663163307743e-08,0.0159476081043554,0.0321594936346498,0.0523754494543444,0.000198252020368257,0.0165972244493944,0.882721952370571
"TCGA.ZF.A9R1.01A",0.0248995231575168,0.168311900111294,0.0858945076545843,0.000238516127236415,1.14539520716215e-08,0.054642717640876,0.66601282385454
"TCGA.ZF.AA5H.01A",1.53721886507517e-07,1.02521130848675e-07,0.0640847630508614,0.0466150027364514,2.99710921173896e-05,0.0512304141500404,0.838039592727512
"TCGA.BT.A2LA.01A",0.00241786509244812,0.0443630113362795,0.00866149219925213,0.00382223185441042,1.07386091733517e-08,0.00424289497673251,0.936492493802268
"TCGA.XF.A9T4.01A",1.17647091633839e-07,0.0491752256362135,0.0693026884456066,0.0148796286963076,1.22291824324738e-06,0.0130537621663356,0.853587354490202
"TCGA.GV.A3JW.01A",0.0031394251282166,0.0145168034699443,0.032153929890228,0.00256721300987105,3.34852384957306e-09,0.0029499993811891,0.944672625772027
"TCGA.ZF.A9RM.01A",0.00178064733102836,0.0153016464988629,0.00762172590471349,0.00286279502560909,1.9763315394834e-07,0.0114492328211237,0.960983754785509
"TCGA.KQ.A41P.01A",8.99797186756707e-07,0.0485695875958392,0.0675230400975258,0.0162420486170325,2.65853676174849e-09,0.0198422558543494,0.84782216537953
"TCGA.DK.A3IK.01A",0.0200372533691009,0.0292619608491678,0.0739365530791191,0.000326996064509671,2.43066289191377e-09,0.0111849712535295,0.86525226295391
"TCGA.CU.A0YN.01A",0.00863620596292843,4.1207433954368e-09,0.0922269006489285,0.0192865666381815,0.00375149370966159,6.06354526495265e-07,0.87609822256503
"TCGA.4Z.AA7W.01A",0.059266305177849,0.0586015882313923,0.0209152029337889,0.0941834211874744,0.154935620409253,0.0465666390193516,0.56553122304089
"TCGA.CF.A9FL.01A",0.00176368149596921,0.0124122796428739,0.0891575473751173,0.00623547084218278,1.97866202188123e-09,1.71496199321485e-05,0.890413869045263
"TCGA.E7.A7PW.01A",0.00799781874517102,0.0106863737200471,0.0100925003927338,0.00257499871625067,1.02218861058001e-08,0.0162936645110281,0.952354633692883
"TCGA.FD.A6TA.01A",0.0892368989472588,0.022379609100109,0.216291410876641,0.0316591602237615,7.52373427370149e-08,0.00903836876492708,0.63139447684996
"TCGA.FD.A43S.01A",0.224334105296448,0.285606827789089,0.192224049007755,0.0538512470176958,2.20139090380296e-08,0.153290583864777,0.0906931650103266
"TCGA.K4.A4AC.01A",1.38823332487468e-08,0.0595507798621913,0.0307564892347277,0.0837011321460828,5.31079136359091e-07,0.0159337340596681,0.81005731973586
"TCGA.2F.A9KW.01A",0.00899201556003065,0.126357375290434,0.0386619481931118,0.0105513094982831,2.20147465862231e-08,0.00679474568581225,0.808642583757581
"TCGA.4Z.AA81.01A",0.0026330541081154,0.00520309859574393,0.00812450142730796,0.0139398987917009,0.0330947762748766,4.9667665896788e-08,0.937004621134589
"TCGA.E7.A97Q.01A",0.00204335561927025,0.00833330664801776,0.113595032121204,0.00948542150701793,9.17111293040865e-08,0.00513505739613165,0.861407734997229
"TCGA.ZF.AA53.01A",2.02927003813245e-07,0.141745112732984,0.140956685622976,0.100627773694261,5.69850897452507e-09,0.0620822027032418,0.554588016621025
"TCGA.CU.A0YR.01A",1.0573930523031e-08,0.0491178061487024,0.049659343728952,0.0456435915255217,0.00276611380780794,0.00100181502960815,0.851811319185477
"TCGA.4Z.AA7Y.01A",0.00125459736762738,0.0535215969660551,0.00560777575103808,0.00373291303721232,1.46244775002992e-08,0.0110953731716007,0.924787729081989
"TCGA.XF.AAMJ.01A",0.00501700551238219,4.9431534161829e-08,0.512594032809646,0.00633702397546708,9.66414573994478e-07,5.45695107262283e-08,0.476050867286886
"TCGA.G2.AA3B.01A",0.0162463910339932,0.0214322982204699,0.00963465431586542,0.0025861221791683,7.43486954966192e-09,0.029980096283102,0.920120430532532
"TCGA.MV.A51V.01A",0.00367182693113274,0.0469547790284068,0.0186731708674633,0.00242921650899957,2.06060486445529e-08,0.0227242090090139,0.905546777048935
"TCGA.E7.A6MD.01A",0.0261142384010606,5.05232608404872e-08,0.148828070514257,0.00961365839373718,6.96861631776134e-09,0.013619924674823,0.801824050524245
"TCGA.K4.A3WU.01B",0.110373587354172,0.388005163487364,0.271039961008389,0.00423653951962017,1.40671987164311e-08,0.141204143496243,0.0851405910670127
"TCGA.FD.A3SL.01A",0.0100230130168668,0.316913788738718,0.431635665498956,0.0290411029267485,2.57007845052962e-09,0.0498578512961369,0.162528575952495
"TCGA.BT.A42E.01A",8.54672624923611e-09,0.01247952923487,0.00588342701960922,0.06782949616635,0.0137326681967124,0.0196726350499967,0.880402235785736
"TCGA.ZF.A9R0.01A",0.0112041219167526,0.127458070334525,0.0707260994691233,0.00294458362770414,7.51710379834304e-09,0.0408748411975999,0.746792275937191
"TCGA.DK.AA6R.01A",1.67994466160907e-07,0.0397850015388738,0.0428740725819963,0.00603534953316067,9.36100812158136e-09,0.0153001093368235,0.896005289653671
"TCGA.CF.A9FH.01A",8.45276291681932e-07,0.0282700323733597,0.00474292430998611,0.00306474892667447,2.0962367628573e-09,0.0157187468607124,0.948202700156739
"TCGA.KQ.A41N.01A",0.0115006413866631,0.0845869219194991,0.0180941759420786,4.16971113815626e-10,2.06067436102026e-09,0.0353409386681184,0.850477319605995
"TCGA.5N.A9KI.01A",2.0594755303628e-09,0.0860800966561729,0.116339634113683,0.0284831468434428,1.01941297981977e-08,0.0188217431786491,0.750275366954447
"TCGA.GD.A2C5.01A",1.10895860751327e-07,0.0268082225451597,0.12733439464036,0.00396865272980082,1.58362687661941e-07,0.0016441752801758,0.840244285545955
"TCGA.ZF.AA52.01A",0.0112801904779786,0.0673991607612964,0.344903373968091,0.0273988828540852,2.14731924725642e-08,0.000412631959276327,0.54860573850608
"TCGA.E7.A541.01A",0.00392466915811598,0.0114330514295869,0.041455280403666,0.0369181875362492,0.0307678278066059,0.0115062574199996,0.863994726245776
"TCGA.ZF.AA5P.01A",3.84644682771901e-09,0.345509178342227,0.65432464679913,0.000131173025226506,3.11666007180585e-05,3.8297286571948e-06,1.6575941087039e-09
"TCGA.ZF.AA4W.01A",3.53620383331992e-08,7.0523776256023e-08,0.108731076332363,0.00597156693031988,1.14097360488023e-07,4.01944870890527e-07,0.885296734809272
"TCGA.ZF.A9RE.01A",1.49519132130917e-09,0.0101567032494253,0.00850629582027289,0.00470664630196099,4.67891080520529e-07,0.00284541878399985,0.973784466458069
"TCGA.DK.A1AD.01A",0.0182519558524751,0.0333483652468654,0.0879619266842509,0.00423025771678083,2.3974570641931e-07,0.0227874591583019,0.833419795595619
"TCGA.GU.A42Q.01A",1.32816332715896e-06,0.052547937176306,0.048590399745164,0.0480243737284022,1.85311245470979e-07,0.00234034575216434,0.848495430123391
"TCGA.CF.A5UA.01A",2.13393822005913e-07,0.0381285472876081,0.00780623349656006,0.00902959241034949,6.1845942257658e-08,0.0201349764829001,0.924900375082818
"TCGA.BT.A20W.01A",0.0112196077840374,0.0507189340089987,0.0287399217628716,0.0063778580253707,6.69257561744742e-08,0.0271964980884731,0.875747113404492
"TCGA.DK.A1A7.01A",0.00847715004198711,0.00646424136429734,0.0120862807253571,0.000627744589276002,1.33872595026232e-09,0.00474975788814021,0.967594824052216
"TCGA.CF.A9FM.01A",6.95705140216626e-09,0.0276498526948505,0.0108156018919383,0.00907739248169002,6.17549485330044e-05,0.0172358869828842,0.935159504043052
"TCGA.XF.A9T3.01A",0.0403349355524143,0.333355253144012,0.295753979814009,0.0193028865080483,2.87712399313461e-08,0.0848017816457635,0.226451134564513
"TCGA.E7.A519.01A",0.01265810570871,0.0762602447562022,5.12668731147322e-09,0.00777540296940207,1.26951892352871e-08,0.0710860164650611,0.832220212278748
"TCGA.C4.A0F1.01A",6.16302211333535e-08,9.59297170323186e-07,0.172263067415403,0.0275923373788476,2.03163791810676e-08,7.12558580422687e-09,0.800143546836393
"TCGA.E5.A4U1.01A",0.00435761303079374,0.01608230201482,0.00559058899015506,0.000708874819748975,7.79584284610287e-09,0.0117124248484063,0.961548188500233
"TCGA.FD.A3NA.01A",5.49236728729871e-08,0.0245282967327856,0.0797257911154773,0.0215115289899575,5.09860305419145e-09,0.0225216607855017,0.851712662354002
"TCGA.KQ.A41O.01A",0.00261981488401914,0.0120897847729106,0.0014521913088686,0.000309563406101179,4.79777104769175e-08,0.0131998057219309,0.970328791928459
"TCGA.CF.A47V.01A",0.0075757570447963,0.075966682108071,0.00354184649899916,0.00144876131660599,1.52332049798082e-08,0.0278595178658835,0.883607419932439
"TCGA.FT.A61P.01A",3.26922199971779e-05,0.179377113803487,0.214422347123833,0.059126214494069,3.63031032929413e-08,0.0531700599503667,0.493871536105144
"TCGA.BT.A20J.01A",0.0310182270676128,0.0316213870935799,0.0022691775069274,0.0527093802749123,0.0118749326987839,0.0200386908512329,0.850468204506951
"TCGA.FD.A5BR.01A",0.0940843849355041,0.0838758856323696,0.0928493055921162,0.013161951925557,4.21772150089584e-10,0.0380041393919759,0.678024332100705
"TCGA.ZF.AA56.01A",0.0153904319835738,0.087592039808055,0.0764903872241626,0.04518986405244,1.73411869461469e-08,0.0128843863021169,0.762452873288465
"TCGA.XF.AAML.01A",0.00597429722285441,0.00816025430188047,0.00210138753707302,0.00639329982035627,2.4954958985446e-08,0.0244697713400608,0.952900964822816
"TCGA.DK.A6B5.01A",1.7392080359912e-08,0.0121993511047613,0.0449237662752148,0.0246333514204105,2.43569058133233e-08,0.0214821775292895,0.896761311921338
"TCGA.DK.AA6Q.01A",1.24910245316128e-07,0.0303864749972223,0.00159412643108042,0.0517550977660094,0.0069871798116321,0.0532520905462006,0.85602490553761
"TCGA.ZF.AA4U.01A",7.57590784771621e-09,0.0202604845125106,7.35649326140023e-10,0.00432013881639473,5.32554632487105e-09,0.00871167220085998,0.966707690833131
"TCGA.K4.A6MB.01A",7.38272921644923e-07,0.026224813993781,0.174861190758022,0.00700617937070036,3.03244957048057e-09,0.00017022396505582,0.79173685060707
"TCGA.4Z.AA82.01A",1.96621070202519e-08,0.0352739434147418,0.120479030094206,0.0113984813222707,1.29406083555758e-08,0.0157220741845001,0.817126438381566
"TCGA.FD.A3B5.01A",1.05928421085071e-06,0.013175010429913,0.0509809269665131,0.00912561054830657,1.76390603446598e-08,0.000131400095844394,0.926585975036152
"TCGA.CU.A3QU.01A",0.0166806935323195,0.0123325572736227,0.012479888746275,0.00170046637949315,1.52797494432839e-07,0.0219376858299353,0.93486855544086
"TCGA.GV.A3QK.01B",0.00370865901251381,0.0151151209515324,0.00315987157612158,0.00603691516808372,4.00034090101052e-08,0.0255736757955439,0.946405717492796
"TCGA.DK.A6AW.01A",0.00239927227505208,0.101062936020838,0.00665473336140247,0.00402472630631691,1.66046163833883e-08,0.0132157738610666,0.872642541570707
"TCGA.FD.A3N6.01A",8.90480272398355e-08,2.30415484949688e-08,0.0339287126305594,0.0100715649185611,0.012734607540486,0.000278144650205691,0.942986858170612
"TCGA.G2.A3IB.01A",3.51342680576456e-06,4.98017469428006e-08,0.0407232377159761,0.0166927619664006,9.49709491353477e-08,0.00233286347424883,0.940247478643873
"TCGA.BL.A5ZZ.01A",6.03559712500318e-08,0.250170785104242,0.222028967009954,0.0742338141144415,7.88795035283131e-08,1.95283017907005e-07,0.45356609925287
"TCGA.XF.A8HF.01A",0.01201396204597,0.0319175447484745,0.0945940633641337,0.0109430229113793,1.38272053585088e-08,0.0190956313365568,0.83143576176628
"TCGA.XF.AAN1.01A",0.00207867707275271,0.0491361797020753,0.00710539080563459,0.00334015278736443,4.1287130065551e-09,0.0182918815863687,0.920047713917091
"TCGA.DK.A2I6.01A",0.000432940803592483,0.0387784231709801,0.0353924032432549,0.00661562574059195,8.13668179372096e-09,0.0264568257016274,0.892323773203271
"TCGA.XF.A9SY.01A",0.0428402490986252,0.0077316799564809,0.166398326785764,0.140878689883197,0.0212176853696796,0.0545130043552051,0.566420364551048
"TCGA.K4.A3WV.01A",3.86050360373298e-09,0.0013787073419684,0.0366179070742413,0.00296148921225531,4.45484465325873e-08,1.92242199684909e-09,0.959041846040163
"TCGA.FD.A6TE.01A",0.00728907203577167,0.00964121246093711,0.00839527489211568,0.00539916022902229,1.78067951618153e-08,0.0216537665934155,0.947621495981942
"TCGA.GU.AATQ.01A",2.02507551180544e-08,0.0606745975575683,0.0349704917786528,0.0211028093264011,2.85876882209902e-07,0.0208961853043901,0.86235560990535
"TCGA.PQ.A6FN.01A",0.0355408513198991,0.124503033368361,0.0855354556752021,0.0138753142177084,3.8447462634459e-08,0.0231805656158941,0.717364741355473
"TCGA.CF.A47X.01A",2.01637413831223e-08,0.022936928597061,0.0021607494019897,0.00290943758851915,1.24763166397672e-09,0.00357049145414282,0.968422371546914
"TCGA.ZF.A9RC.01A",0.00665260873241616,0.109154817841556,0.232981847634717,0.00403943721137637,6.58232175614448e-09,0.0600267256877475,0.587144556309865
"TCGA.E7.A4IJ.01A",0.00641278237120929,0.0357123169850961,0.00824229499104157,0.00779987707862086,0.00690873109222329,0.0218911787852161,0.913032818696593
"TCGA.DK.A1AG.01A",0.000391424642301527,0.0394849257634748,0.000150325551409786,0.00782038941188311,4.48829677258639e-09,0.0229995137006776,0.929153416441956
"TCGA.4Z.AA7S.01A",0.000531931798893997,0.0355006518516744,0.017941438949997,0.00404284574512892,1.22909251375744e-09,0.0172042084949394,0.924778921930274
"TCGA.DK.A1A6.01A",2.15020477592532e-07,0.00613326047910737,0.0366778234128461,0.0371190339588613,0.025808189058287,0.00831331043042555,0.885948167639995
"TCGA.XF.AAMZ.01A",0.0300549841492518,0.0421192109126245,0.0313758858322091,0.00878776215888996,2.95864232931378e-09,0.0277983187967162,0.859863835191666
"TCGA.CF.A3MG.01A",4.35902657874913e-07,0.0295907513196544,0.00489660857834912,0.00695764988436674,1.42932334696587e-08,0.0182889990414772,0.940265540980261
"TCGA.K4.AAQO.01A",5.67987820658378e-05,0.594097646936182,0.405703301143528,1.40492043567114e-07,3.72696810026585e-05,0.000104818725993006,2.42391845690675e-08
"TCGA.FD.A3SM.01A",0.000168991486076733,2.5183818849329e-08,0.185224468736987,0.0107431222156815,3.57226466348899e-08,4.29494332511305e-08,0.803863313705356
"TCGA.YC.A89H.01A",0.0109961033161382,0.0572245057507164,0.0651477595215115,0.0273258210650522,8.08324777845877e-10,0.0211924950018562,0.818113314536401
"TCGA.GU.AATO.01A",0.0620919682594617,0.0714836778901048,0.0753988538881107,0.0509280301880396,3.92439608955306e-09,0.0465302405534951,0.693567225296392
"TCGA.DK.A6B6.01A",0.0281523244143604,2.07070158714819e-09,0.00733308496083468,0.0108327422222876,4.11964372039154e-08,0.0366091743808672,0.917072630754511
"TCGA.XF.A9SJ.01A",0.0094775445748537,0.054093246000171,0.0828484263320236,0.0479390516148936,0.0199036764501018,0.0298882926984738,0.755849762329482
"TCGA.XF.A8HH.01A",0.00114272983476655,0.0975990020843251,0.153277230088936,0.00980414437046411,4.3975009557862e-09,0.0232476450007569,0.71492924422325
"TCGA.XF.A9SZ.01A",4.66053312977375e-08,0.136910344149216,0.283505128602331,0.05320181492399,2.21566580399333e-08,0.0184843941657575,0.507898249396716
"TCGA.G2.A2EC.01A",0.0179783442086975,1.19325750431744e-08,0.291436011933554,0.00601873170693434,2.4350848148749e-06,0.00342730455421022,0.681137160579215
"TCGA.FJ.A3ZF.01A",0.00438468102210452,0.0158269942213027,0.00877073066228007,0.000287861104822993,1.53270951024857e-09,0.00678408148885776,0.963945649967922
"TCGA.XF.A9SH.01A",0.0011429606846953,0.0185138860383856,0.0195176969309169,0.00553000344083141,4.71647444644884e-09,0.0106539783792193,0.944641469809477
"TCGA.G2.A2EL.01A",0.00164723885478531,0.0270183023522246,0.00355157029533712,0.00335349155439695,6.24845613540937e-09,0.0034617746471222,0.960967616047678
"TCGA.GU.A763.01A",0.000229111614963988,0.0117461974246449,0.00309805138383456,0.00381542344250099,7.00615559593676e-10,0.0186646096483219,0.962446605785118
"TCGA.FD.A6TB.01A",0.12935637857421,0.127724325918244,0.172187926357747,0.0624198593150066,4.18827107440067e-08,0.0774122526156484,0.430899215336433
"TCGA.DK.A1AA.01A",8.33808284144335e-08,0.045488408744529,0.0127728668585604,0.00663332621553056,2.61897360375956e-09,0.0106633486663526,0.924441963515225
"TCGA.DK.A3IS.01A",2.92735898983215e-07,0.0335756025755442,0.00647951210510493,0.00631704276635557,1.6679314230809e-08,0.0115672139459471,0.942060319191835
"TCGA.DK.A3WY.01A",0.873738501768296,0.0257993412912624,0.0951232473370363,0.00533588186111759,4.01610996319274e-08,2.9849525286229e-06,2.62865890258215e-09
"TCGA.UY.A78L.01A",1.45062823860756e-08,0.0274052106455962,0.0801357968105515,0.0110517619591533,8.01968154777221e-08,0.00372126849809214,0.877685867383509
"TCGA.FD.A3SO.01A",1.14334888543455e-06,0.0308998215623384,0.148712236132358,0.0485758424178792,1.26928101130722e-05,1.27469422057473e-07,0.771798136259004
"TCGA.4Z.AA86.01A",3.38064612322981e-07,0.0709889643840175,0.214878647015097,0.111939326398976,0.0122775867724873,0.0702718065252772,0.519643330839533
"TCGA.G2.A2EO.01A",0.0650491318161025,0.0366761907467768,0.208599426367667,0.133177177695611,4.68720866725403e-08,0.046820002969741,0.509678023532015
"TCGA.XF.A9T6.01A",1.07988775290333e-06,0.0486245860663505,0.00917146988386645,0.0218523157825726,9.08363162776428e-09,0.0328727278794362,0.88747781141639
"TCGA.GV.A40G.01A",0.0072758713559445,0.0566225995092459,0.0023033278639537,0.000975322314442094,6.83480380455565e-08,0.00877074260747864,0.924052068000897
"TCGA.XF.A9T0.01A",0.0743974574129835,0.0547689825610174,0.0982933105186231,0.0193377086336247,3.4066920256025e-08,0.0214002840292522,0.731802222777579
"TCGA.GV.A6ZA.01A",0.00487729230491392,0.018470665506808,0.0074518491423023,0.00834606388308975,0.00614056449765743,0.0163673824180015,0.938346182247227
"TCGA.DK.A3IN.01A",0.00023895107136828,0.0828206135488565,0.148487523145254,0.0839756438460858,6.07656776929317e-09,0.019885028974903,0.664592233336965
"TCGA.K4.A5RI.01A",1.9051076173087e-07,0.103519001942452,0.102247271015842,0.0293657926292317,3.86824293155167e-08,0.0360470223108496,0.728820682908433
