"","cellFractions.B.Cells","cellFractions.Endothelial.Cells","cellFractions.Fibroblasts","cellFractions.Macrophages","cellFractions.NK","cellFractions.T.Cells","cellFractions.otherCells"
"TCGA.C5.A7UI.01A",0.103048168703203,0.0156932594025069,0.00229483905542136,0.0308920918529333,0.0308864125396882,0.0332346912986582,0.783950537147589
"TCGA.C5.A902.01A",6.73364955294713e-09,0.0163399590687089,9.99976267872715e-08,0.0160293243952313,0.0816176526643373,0.0311436606204898,0.854869296519956
"TCGA.DS.A1OB.01A",1.9497437098114e-08,8.3560242779774e-08,0.0205556089631934,0.0336712632123271,1.23702340408552e-05,0.00460858149823366,0.941152073034525
"TCGA.Q1.A6DW.01A",1.36033120852773e-07,0.0234892610623774,0.0361919442282293,0.0210060911235816,1.25650109179774e-07,0.0245969989091841,0.894715442993398
"TCGA.EK.A2R7.01A",0.0870349063256584,0.000369111348346451,0.0269434230482722,0.0208804003110668,0.012624780812961,0.0311501968013249,0.82099718135237
"TCGA.C5.A7X8.01A",0.211608162142475,0.0450078543421897,0.163272230569696,0.00423170549951462,6.79209919845646e-09,0.00410873071798214,0.571771309936043
"TCGA.Q1.A5R3.01A",0.00216369439130331,0.0948517350173353,0.0073313062225983,0.0289145768337304,7.82816578530756e-09,0.110311624370149,0.756427055336718
"TCGA.C5.A7X5.01A",4.14824711553623e-09,0.00456943359470143,0.0191045865544036,0.0113576702454575,4.70374089590938e-08,0.004366469609698,0.960601788810083
"TCGA.ZJ.A8QR.01A",0.0159998763546706,0.0258066042146133,0.00596013741693975,0.0103463899099138,2.44781894796271e-08,0.00996127255801893,0.931925695067654
"TCGA.HM.A3JK.01A",0.0514284663737624,0.249192945321903,0.403276735839263,0.0385802739657535,8.97003783249765e-09,0.0612582163394826,0.196263353189797
"TCGA.EA.A556.01A",2.53217545627165e-08,3.14540445394201e-09,0.223829027720186,0.0127537315737229,3.87453595801032e-05,7.9414636294183e-09,0.763378458937888
"TCGA.VS.A9V4.01A",0.00658711033873546,0.0244774123298192,0.00702261575591857,0.00246575118392776,1.11643951146861e-09,0.0160787355114297,0.94336837376373
"TCGA.IR.A3L7.01A",1.70968389658122e-07,0.0263050823397209,0.0440868709312138,0.0134879217912005,6.97124777336182e-08,0.00641515809344377,0.909704726163554
"TCGA.EK.A2RL.01A",0.0039519857693186,0.000655603539452299,0.0412306856364578,0.00734273704176947,0.00147774785165636,0.014981332242685,0.930359907918661
"TCGA.VS.A94X.01A",9.80176203685824e-08,0.0429709165185479,0.0152736683662485,0.0558456825182615,0.000156991738432925,0.0241941708464384,0.86155847199445
"TCGA.VS.A9V3.01A",7.28811585595437e-08,0.0107568923802066,0.0134676482479802,0.0499894742451026,8.07816110968049e-05,0.0444761553807181,0.881228975253737
"TCGA.EK.A2RO.01A",0.00123568619113449,9.43081319837333e-07,0.139715371952178,0.00924629620909084,0.000114277949728318,1.09751324686641e-07,0.849687314865224
"TCGA.JW.A5VJ.01A",0.00537329156883695,0.0117237347644963,0.0124915041574961,0.0211996542728356,1.20747714459657e-07,0.00588530782763038,0.94332638666099
"TCGA.MA.AA42.01A",3.28303095315351e-08,0.00018969371559667,8.51509544597697e-11,0.290059371505143,0.341983721353389,7.24761897554828e-08,0.367767108034221
"TCGA.C5.A1MK.01A",3.70300409703471e-08,9.61196251020383e-11,0.133581023382152,0.0178337772837519,6.94304921365645e-08,1.31581516840996e-07,0.848584961195927
"TCGA.UC.A7PG.01A",8.18315139361089e-08,0.0185938542896453,0.0273570065784754,0.0150155132894189,1.77137900403814e-07,0.0102415208324947,0.928791846040551
"TCGA.VS.A9UH.01A",0.0729388823402027,1.46718308029137e-05,0.04100831611447,0.386703175018343,0.119583038606056,2.65399963813223e-08,0.37975188955013
"TCGA.4J.AA1J.01A",6.01560299125767e-05,0.0926394468490847,0.123459948488654,0.0092805057265367,9.78163628388039e-10,0.0238627092227894,0.750697232704859
"TCGA.C5.A1ME.01A",0.0331856724140214,0.0200926314402353,0.00932711108654642,0.0143746019534197,0.00783633865054797,0.0391075353124839,0.876076109142745
"TCGA.C5.A8YR.01A",1.87317874137398e-08,0.000395274205708717,0.00686380507303354,0.0800248069288389,0.0440157463309502,1.77345404842637e-08,0.868700330995141
"TCGA.EA.A5FO.01A",3.63521732039842e-08,0.0154106691087495,0.00424218040559003,0.00834935944232541,1.1817050382123e-07,0.0133700997879766,0.958627536732681
"TCGA.MA.AA3Z.01A",1.55926575052995e-08,0.0173356511627097,6.99355503800585e-06,0.0266980132161379,0.0306820287199181,0.0584404139281211,0.866836883825418
"TCGA.C5.A8XJ.01A",0.0215074920754987,0.0805314377720799,0.111070559794317,0.0218474992623602,0.00757972297718054,0.0262306418630622,0.731232646255502
"TCGA.R2.A69V.01A",0.000443356372021335,1.49682526292234e-07,1.09972424390473e-09,0.57782763358039,0.298277812712191,0.000475722006697197,0.12297532454645
"TCGA.C5.A1BM.01A",2.15097384297554e-09,0.00652609600287888,0.00117356010592045,0.104715826677183,0.00615839006686751,0.00563577737439475,0.875790347621781
"TCGA.ZJ.AAXD.01A",3.12308516547246e-07,0.059271489500633,0.0916209021789318,0.0115528524477626,1.72411272662796e-09,0.0192483408273513,0.818306101012692
"TCGA.HM.A4S6.01A",4.58760541453553e-09,0.0227591341455872,0.0518485055112848,0.0738592126874539,0.0377367891183215,3.77724333018256e-07,0.813795976225414
"TCGA.EA.A5ZF.01A",2.15989817439738e-08,0.0130675301247537,0.160522791871703,0.0198054236740182,1.53408848867211e-05,2.27682729499574e-07,0.806588664162928
"TCGA.C5.A1M6.01A",1.10268690184043e-05,0.0368606330022707,0.0426621925970536,0.013056389592411,6.31249764653003e-09,0.00925974536108276,0.898150006265666
"TCGA.DG.A2KK.01A",9.17547738399503e-08,0.0385822633724768,0.0128695675515661,0.0357141898372128,0.000973776182878939,0.0415657217412063,0.870294389559885
"TCGA.HG.A2PA.01A",0.0293537572986893,0.00522189931952156,0.0659224634820192,0.0246571891441981,0.0103460611857365,0.0312896743012991,0.833208955268536
"TCGA.VS.A8EH.01A",8.43754070707076e-07,0.0331292988884499,0.0107909340268448,0.0407436855257119,5.05152606240682e-08,0.0126677126160302,0.902667474673632
"TCGA.FU.A5XV.01A",9.43425678262412e-06,4.65060782423116e-08,0.0659233029054352,0.0211094583363299,9.0184704113151e-07,2.74801979287949e-09,0.912956853400313
"TCGA.C5.A1MF.01A",0.0552902243903541,0.0541313641085918,0.0139837750842667,0.0274914630718798,5.71781997368698e-09,0.0534268995617693,0.795676268065318
"TCGA.EX.A449.01A",0.29768757804436,2.92541256229106e-08,1.58063709532951e-07,0.000161346017231223,6.22702039455092e-09,0.00468126014083161,0.697469622252722
"TCGA.C5.A2LX.01A",0.0636734550151318,0.00499863855575411,0.00212916867443724,0.0573191555545179,0.0469265576899608,0.164823699609005,0.660129324901194
"TCGA.HM.A3JJ.01A",1.93691877572239e-08,0.00416104125292378,0.19092487908873,0.0499887218111194,5.13446856940647e-06,0.0172300665348865,0.737690137474583
"TCGA.LP.A4AW.01A",0.0160644043498201,0.399808085465219,0.445513843458154,0.000122354511219891,5.29306210665302e-07,0.138490782814647,9.47290055145937e-11
"TCGA.C5.A8XH.01A",2.86287513523519e-08,0.0195965785434967,0.0102700345530083,0.0377107834478078,0.00746152359734306,0.0282163509040862,0.896744700325507
"TCGA.EK.A2RE.01A",8.81060579271286e-09,0.0122092416574877,0.0276307769485109,0.0084516202866021,4.95316894825734e-06,0.00168451664015619,0.950018882487689
"TCGA.EK.A2RC.01A",1.9130476152051e-07,2.51378887553537e-08,0.0759860215242238,0.0419073269485425,0.0154302261611014,0.0264107667177659,0.840265442205716
"TCGA.EA.A3HU.01A",0.0231654487030382,6.7162006700185e-07,0.00322258471824498,0.0989652365710444,0.196431142718965,1.86169380201855e-09,0.678214913806946
"TCGA.EK.A2PI.01A",7.03522319817913e-09,6.97770834614385e-06,0.0747629623821457,0.0103726770633398,2.61021641354647e-05,8.66467113209234e-08,0.914831187000098
"TCGA.EX.A8YF.01A",0.165845688056797,0.00894498922743275,0.00172776698078673,0.0259059604458977,0.0391345017283169,0.0104357699132467,0.748005323647522
"TCGA.C5.A7UC.01A",1.55130379834508e-07,0.0816180670315571,0.0404478488290299,0.0120390612230063,2.39138049519292e-08,0.0240000468355462,0.841894797036676
"TCGA.EA.A3QE.01A",0.022977154396259,2.10510872733754e-08,0.0134356567981549,0.0401862317661763,0.0427273514832535,0.0606368525012359,0.820036732003833
"TCGA.EA.A4BA.01A",1.69700579799499e-06,0.0658910084575077,0.0803778411661294,0.00621440452137871,2.21875937616763e-08,0.0117056855156953,0.835809341145897
"TCGA.EA.A411.01A",0.0351882543988057,0.0344111860799824,0.193977084033045,0.0126350230400905,4.10338044884584e-08,0.0053373400612706,0.718451071353001
"TCGA.IR.A3LL.01A",4.89842423352142e-08,1.32382518803464e-09,1.79048802266028e-10,0.124607257184638,0.0777743704833223,6.71917209319253e-09,0.797618315125752
"TCGA.IR.A3LF.01A",0.00740099958588839,0.00202546655540824,0.0443255150668231,0.0103124804269475,0.00382388500423455,0.0306489231301103,0.901462730230588
"TCGA.EK.A3GJ.01A",9.39669758446868e-07,7.26302056422103e-09,1.06233527598505e-09,0.0818471030353278,0.0442884121191011,3.70932674617252e-08,0.873863499757189
"TCGA.ZJ.AAXI.01A",1.7549283896733e-08,0.00658539249306914,0.00441935196997012,0.00998485575919738,4.61547834531597e-07,0.0111253840194924,0.967884536661153
"TCGA.C5.A1BI.01B",0.0306635014620121,6.19461831291172e-08,0.0430175644109813,0.0382427023086752,0.0170310279233356,0.0232351106261348,0.847810031322678
"TCGA.EK.A3GK.01A",4.72038891701587e-08,0.0140896573334304,0.00417661235856253,0.0166081937684967,0.0111206766806195,0.0302997980176863,0.923705014637315
"TCGA.EA.A3HT.01A",3.53455797265375e-06,2.46989508497214e-08,0.193192294365687,0.0363893591778693,0.00012601011146825,0.00148080733767945,0.768807969750372
"TCGA.C5.A2M1.01A",1.46621714665002e-08,0.00558588753599175,1.27258952522812e-07,0.0694399915256105,0.0235445462835277,0.0487788174331989,0.852650615300547
"TCGA.VS.AA62.01A",0.00660109564539807,0.0233276715883074,0.0272523784794567,0.0674683794716841,0.0289601622558804,0.0692254911664548,0.777164821392818
"TCGA.JW.A5VL.01A",5.03855857165976e-09,0.0132572423343062,3.96927593037131e-08,0.0791544259176369,0.0403247590916827,0.00758808935382695,0.85967543857123
"TCGA.EK.A2IR.01A",0.000785527986406641,0.0125314720614818,0.01005737587798,0.00480059133978329,7.15078376859788e-09,0.00361299301006523,0.968212032573499
"TCGA.VS.A9UD.01A",6.24228111122594e-06,1.32795601552187e-08,4.2005889710392e-07,0.243630155190955,0.181088732777323,3.37560110045543e-06,0.575271060811053
"TCGA.VS.A9UR.01A",9.06710568952858e-05,0.0172468437007533,0.016147304551237,0.0121706687468542,1.38755252776896e-07,0.0179909583585165,0.936353414830491
"TCGA.FU.A3EO.01A",8.57456246569358e-08,0.028344882457325,0.022713868930399,0.0368201793688808,4.83742127198592e-09,0.0288985630002173,0.883222415660132
"TCGA.JX.A3Q0.01A",1.51122138333178e-08,0.0117061159424352,0.00145546892960143,0.0530256322591432,0.0243822633280401,0.0100802075543378,0.899350296874228
"TCGA.VS.A8QH.01A",8.05377590025943e-09,0.010763766357007,0.0139509593254772,0.00346717129705316,1.9323174892518e-07,0.0053442917359823,0.966473609998956
"TCGA.EK.A2RM.01A",2.76792371237081e-07,0.0495241680616032,0.145268726991765,0.0146534529372464,3.37157633300096e-09,0.013001686779588,0.77755168506585
"TCGA.ZJ.AAX8.01A",2.94258710345794e-08,3.44093742385567e-07,0.158630495924633,0.0351748975327003,0.0105724059204372,0.0252916135422923,0.770330213560323
"TCGA.DR.A0ZL.01A",0.0102191166387775,0.0419967335008445,0.0123642810915845,0.0038913849909932,9.9178821103599e-10,0.0257411061102173,0.905787376675795
"TCGA.2W.A8YY.01A",0.00441451414922216,0.0604810595361783,0.0261801375119148,0.0379317620923557,3.67948418176748e-08,0.0169005052207079,0.854091984694779
"TCGA.BI.A0VR.01A",0.0752012377100606,0.00754789539099923,0.0468650303663823,0.0340557934872214,0.030837581833824,0.0221053508811854,0.783387110330327
"TCGA.FU.A23L.01A",1.38554695145935e-07,7.69650020465484e-09,0.0536945044269418,0.0403310798977778,0.0145208941972327,0.0608125731376031,0.830640802089249
"TCGA.VS.A8EJ.01A",0.0273152522092935,0.121188595168647,0.0221782018746772,0.00919675714734912,2.30727026782498e-09,0.0566823651388147,0.763438826153948
"TCGA.DS.A0VK.01A",2.67619519318683e-08,0.0319002922576805,0.0698693760209982,0.0131439061070791,2.4822105865599e-08,0.0122936277958382,0.872792746234346
"TCGA.LP.A4AX.01A",0.0174525835128485,0.0565288221269167,0.00469693235120972,0.107780623964784,0.155305906843393,1.76651888234629e-07,0.65823495454896
"TCGA.EK.A2RJ.01A",0.017665170842443,0.0219906188229001,9.13483564906471e-08,0.0383208986793689,0.0501272635537379,7.43995818158247e-09,0.871895949313235
"TCGA.JW.A852.01A",7.64767420927324e-07,0.0150301926979989,4.18130514435874e-10,0.0227590544890912,5.62161373313144e-07,0.0520529862446473,0.910156439221338
"TCGA.Q1.A73S.01A",7.07901958965024e-09,0.0153330197594896,0.0282649158764536,0.0136709564215566,1.77400094084335e-08,0.00282830742831411,0.939902775695157
"TCGA.ZJ.AAXU.01A",0.140960151361931,0.00138690036001962,0.00634173622160149,0.011196856084482,0.0237608439268751,0.0365108424192096,0.779842669625881
"TCGA.C5.A1MI.01A",0.0463564070603642,0.152923564486261,0.0505605749133022,0.0207319959766547,4.43360874287947e-09,0.128604107868136,0.600823345261673
"TCGA.VS.A8QA.01A",4.84721047803876e-08,0.00671461459082093,1.48109860626893e-08,0.0128414354929722,0.0109648183329687,0.0217851718786596,0.947693896421488
"TCGA.EA.A5ZD.01A",2.22624301120808e-07,0.0187960308971457,0.0323994675642504,0.0672322804892477,0.00539086128312173,0.0166181545293984,0.859562982612535
"TCGA.XS.A8TJ.01A",1.74973768886806e-09,0.0325929195603233,0.0260188174374431,0.0312409433173746,0.000833778125767315,0.0261614162159226,0.883152123593431
"TCGA.C5.A7CO.01A",7.63811193327142e-08,0.00413822374467905,0.00550674674048494,0.0154294647745983,0.00294439905688374,0.0192053572112104,0.952775732091024
"TCGA.MY.A5BF.01A",5.05303807580691e-10,0.00609180635217218,0.00662212534183036,0.0306445349180775,0.0396808807885378,0.0129245176225849,0.904036134471494
"TCGA.C5.A1BL.01A",2.70665043379261e-07,7.19479784896462e-11,0.0106458452042342,0.0499305575738811,0.0290062699159973,0.00281792592938767,0.907599130639508
"TCGA.C5.A1M5.01A",0.0128295082521332,0.00802103735384025,0.0363184570643647,0.02419886385968,0.001725516211962,0.0666988075475649,0.850207809710455
"TCGA.DS.A5RQ.01A",2.71008206475055e-08,0.0139332314085136,0.0191767121690368,0.0369374404480203,0.000869067786884515,0.0191813064109912,0.909902214675733
"TCGA.JW.A5VG.01A",1.94674827896825e-08,0.0436180361593059,0.00897973508787966,0.0611934951895722,0.0447777689028062,0.00747665410673252,0.833954291086221
"TCGA.WL.A834.01A",2.53350883163827e-08,0.0706263860706939,0.0426554766916449,0.0258838502888585,1.10297421822968e-06,0.029894174427343,0.830938984212153
"TCGA.DS.A1OD.01A",0.0144760241310203,0.073912804150994,0.061345225627858,0.0860390709219209,0.0534751386543908,0.256592737556191,0.454158998957625
"TCGA.Q1.A5R1.01A",1.17607662461634e-08,0.00743619266579384,0.0208349267199974,0.0182795613769912,2.28076250078831e-07,0.0187947328517493,0.934654346548452
"TCGA.ZJ.AAXF.01A",0.0272223860322543,0.00586130726721421,0.0475016455380637,0.0218953304514738,0.00577796507378605,0.051286593058869,0.840454772578339
"TCGA.LP.A5U2.01A",0.00310574547120828,0.00668174847317206,0.0147567292597388,0.0149536496171305,0.0232209904171012,9.83478764452534e-08,0.937281038413773
"TCGA.C5.A7CK.01A",0.015376410585917,0.0343191474511007,0.152031857563679,0.00669126538816618,6.51232934489999e-11,1.89623543137468e-06,0.791579422710582
"TCGA.ZJ.AB0H.01A",0.100775568720788,0.0177973509099494,0.0398041073790813,0.0540416107878625,0.0184065204825119,0.0334866974169241,0.735688144302883
"TCGA.EK.A2R9.01A",3.80920999827193e-06,0.0316423334172253,0.146263515550172,0.0354120399385216,0.0244417710912495,0.0676441370416542,0.694592393751179
"TCGA.VS.A954.01A",0.0115172204303765,0.0135370180935149,0.0459239587478199,0.0203356380582261,0.00450059674372237,0.0223801259696205,0.88180544195672
"TCGA.Q1.A73O.01A",2.57713200233178e-07,0.0207256117966732,0.03350677283714,0.0402444492712908,0.0156025352629135,0.024279027958202,0.86564134516058
"TCGA.VS.A9U6.01A",2.31577399540993e-08,0.00904610575020673,0.0489610030074786,0.0281924794022615,0.00597434500482142,0.0356172094331897,0.872208834244302
"TCGA.EK.A3GM.01A",0.00456669054102553,0.0170115492634628,0.0121503010359677,0.00316283688405722,4.16506942243088e-08,0.0111181995601732,0.951990381064619
"TCGA.C5.A7CJ.01A",0.0183172839755896,0.017295955191698,0.118263784009599,0.0296016138825812,0.00694403011602963,0.0264578651392084,0.783119467685294
"TCGA.FU.A3WB.01A",0.00779193227195552,1.3052726857722e-08,0.0685339714761913,0.00725595323822675,0.00384175071074027,6.54128796307215e-08,0.91257631383728
"TCGA.VS.A9V1.01A",0.0550684129139274,0.00616308311921985,0.0155714755301403,0.00607339723312068,0.00686042293947272,8.1383262836314e-08,0.910263126880856
"TCGA.C5.A1ML.01A",1.04554204193749e-07,0.0356930037737142,0.016339525015143,0.0554465357310409,2.28731469645902e-06,0.0168107683047351,0.875707775306466
"TCGA.IR.A3LB.01A",7.61087655229135e-08,1.6725573765505e-08,0.253429908247552,0.00980165462254505,1.2576620449382e-06,2.8206510541859e-09,0.736767083812868
"TCGA.VS.A9U7.01A",5.76031687401902e-08,0.0158677206512865,0.0151686535755532,0.0479535393311291,0.0315539224180156,0.0306767320146775,0.858779374406169
"TCGA.EK.A2RK.01A",2.65445349408292e-09,0.0130539325793194,0.00651802855044879,0.0291616199939516,0.00564166250696261,0.0462187087045016,0.899406045010363
"TCGA.C5.A905.01A",1.25520192873718e-07,0.0132333239594987,0.00494887833968677,0.0114578704422797,1.87238124606165e-08,0.0172360297592214,0.953123753255308
"TCGA.C5.A3HL.01A",1.24022204512119e-07,0.0270308842061181,0.0240239904976619,0.0322647120488706,2.26855275186811e-07,0.0197224742964997,0.89695758807337
"TCGA.C5.A1MH.01A",3.6114071939467e-08,0.0208091496691926,0.0267359606399065,0.154954757537214,0.0290071693440083,0.0173865198696469,0.75110640682596
"TCGA.Q1.A5R2.01A",1.25664359337679e-08,0.0333633980929807,0.0325315318813886,0.0688085642829396,0.0295246926772309,0.0223277514162238,0.8134440490828
"TCGA.FU.A3HY.01A",7.31823881690541e-10,0.0186817157758303,0.018391532105951,0.00609234768399959,7.37917895466152e-09,0.0134560931286698,0.943378303194546
"TCGA.EA.A439.01A",4.27855795862718e-06,2.62132887166516e-08,0.279421924381668,0.0166521442588121,3.21368889238308e-07,0.00905065044326096,0.694870654776122
"TCGA.C5.A7UH.01A",0.0109300696288987,0.0404695106560623,0.0173439634573785,0.0345219839586285,1.75936980021687e-07,0.0233338281142687,0.873400468247783
"TCGA.C5.A1M7.01A",0.0627212581535892,2.22708442995423e-10,0.0449539660335003,0.00551898965522658,0.00442233284053754,3.19202416798386e-05,0.882351532852758
"TCGA.EA.A50E.01A",0.000319428415149219,1.21765900045348e-05,0.120711679555737,0.032758601236402,2.958777348115e-08,5.32857784107003e-08,0.846198031329156
"TCGA.VS.A9V5.01A",0.0245711019484637,0.0162247887878951,0.0243830476267199,0.00880424198186052,3.78081380645741e-07,0.00050145800471069,0.925514983568969
"TCGA.BI.A20A.01A",4.93996711014131e-08,0.0196778696463392,0.0406762397988594,0.0535298413421611,0.0124825780559656,0.0460835530581846,0.827549868698819
"TCGA.C5.A2LV.01A",7.76086069012833e-08,0.000177381669209779,0.0311713885386729,0.0912558464621876,0.0301934706262677,8.33116137973425e-08,0.847201751783441
"TCGA.C5.A2LZ.01A",0.0102079430790779,0.00557321670340777,0.0106933167617998,0.0234106029070517,0.0162844962190866,0.017640891384516,0.91618953294506
"TCGA.Q1.A6DV.01A",0.0162094189759133,1.33144202519346e-07,0.0239554756399853,0.00795988090441772,0.00460796775974542,0.0232457146338599,0.924021408941876
"TCGA.EK.A3GN.01A",0.000504023804759221,1.73368604808791e-09,0.0336715770583989,0.00308172593120321,2.03906879440138e-08,5.71977100065011e-09,0.962742645361494
"TCGA.ZJ.A8QQ.01A",5.35578690300255e-09,0.0195175570701663,0.00415883326687237,0.0176393374470856,0.00167995253151719,0.00461027049620389,0.952394043832368
"TCGA.LP.A5U3.01A",2.89544768266191e-08,0.0078563513787505,0.00301876300314545,0.0263304599572948,0.0174050882479806,0.0127055428249492,0.932683765633403
"TCGA.VS.A94Z.01A",0.0351343943398676,3.98772263052243e-08,5.41356584988348e-05,0.141244916329961,0.204485330998252,2.91976243872791e-07,0.619080890819951
"TCGA.EK.A2PG.01A",3.64897074468502e-08,0.00904284988902529,0.000727918468410615,0.0172347723360519,0.000348923902708636,0.0148314576817661,0.95781404123233
"TCGA.DG.A2KL.01A",1.739982914784e-07,2.40984090811858e-06,0.302003864507039,0.0294356348465796,2.12063586315418e-05,8.28929599959093e-09,0.668536702159254
"TCGA.EA.A6QX.01A",0.0308235103828553,0.0102371448199822,0.0268311271835514,0.0336347868815557,0.0117723442484046,0.0249066987965026,0.861794387687148
"TCGA.VS.A9UT.01A",0.431203677871696,7.46924753741322e-09,6.49673233054882e-11,0.382072115664892,0.186551175888875,0.000173012526275191,1.05140474853461e-08
"TCGA.C5.A8ZZ.01A",6.28505185199612e-08,7.02388180257936e-09,0.353752398971192,0.0135474983356128,0.000318478605322915,1.03773811646412e-05,0.632371176832307
"TCGA.VS.A959.01A",0.11578639482448,0.0134162224072452,0.0248991319124554,0.0248916210091321,4.87678218490857e-08,0.0367316932030931,0.784274887875772
"TCGA.VS.A950.01A",0.107309027523093,0.0427767116123052,0.0285275222594369,0.00876877729584835,1.03184370424552e-08,0.0126354730829163,0.799982477907963
"TCGA.VS.A9UM.01A",0.0204521455429089,1.85339196634503e-08,0.0692235701666854,0.0384733250156102,0.0183021891854519,6.12927265020663e-09,0.853548745426151
"TCGA.DS.A0VM.01A",1.04622316179301e-07,0.0564555232568759,0.0718420471963375,0.0231387825068468,1.55429909013983e-08,0.0452448226952179,0.803318704179415
"TCGA.VS.A957.01A",1.04824061800962e-07,0.0127640019982517,0.00197471699255081,0.0111139807425655,0.0033801754564646,0.00684196128982956,0.963925058696276
"TCGA.EA.A3HR.01A",3.46473561640529e-08,0.0374419439975321,0.0211572648608149,0.00990834442826923,4.86900176481221e-11,0.02082356527575,0.910668846741588
"TCGA.C5.A2M2.01A",2.41056455611845e-07,0.0102690389762292,0.0151358989749923,0.0100270846186024,0.000295173331649079,0.0147753485456182,0.949497214496453
"TCGA.VS.A9UV.01A",0.0293972995277305,0.0104568793645679,0.00642178481128999,0.00794695217094475,6.67614164716245e-08,0.00699282023861031,0.93878419712544
"TCGA.EX.A3L1.01A",5.11241254346417e-07,0.0979380360704375,0.0552840559580946,0.0277785660351241,1.23493521202018e-08,0.0211625036160361,0.797836314729701
"TCGA.VS.A9UU.01A",0.0424804644672751,9.35273377554906e-09,0.0229223900029737,0.00953261651565133,0.00397493780736921,2.19325586806987e-07,0.92108936252841
"TCGA.MY.A5BE.01A",0.09799805899904,2.06175619173564e-08,1.81113032375962e-08,0.317225469415876,0.581812360908993,0.00296384323625691,2.28710968664728e-07
"TCGA.VS.A94W.01A",2.88060357788509e-08,5.29990936786078e-09,0.00120304960672087,0.0776055320378139,0.0176994802206665,0.0669291770952333,0.83656272693362
"TCGA.C5.A3HD.01B",3.72615228333861e-07,0.0120936816732236,0.0099249995477208,0.0130607667388525,6.59745425901724e-08,0.0114267883842776,0.953493325066154
"TCGA.JX.A3PZ.01A",5.29631566051187e-09,0.0473026048720204,0.0667764612790703,0.0575681542818566,0.0182504345918896,0.021594176131175,0.788508163547673
"TCGA.IR.A3LA.01A",1.22674997444542e-07,0.00599416200007705,0.0441177356557995,0.0168567467597622,5.28786149551167e-09,0.0207468122103302,0.912284415411172
"TCGA.C5.A3HE.01A",0.0250116257658128,0.0116230040830238,0.0143775142287481,0.019357302072233,0.0458505311865524,0.0126906496070831,0.871089373056547
"TCGA.Q1.A6DT.01A",6.11592306764587e-08,0.0108084405024587,0.00938105653183974,0.0197047416605568,2.54822718536409e-10,0.00751828732700409,0.952587412564087
"TCGA.C5.A7CL.01A",4.5162681482898e-08,0.024101769059714,0.0537928095638977,0.0182894944317017,1.23058988602548e-07,0.0120162813753567,0.89179947734766
"TCGA.IR.A3LK.01A",1.38637192684646e-07,0.146914601873887,0.0552844924737309,0.0428396158502612,0.00382387935191715,0.0299502651896562,0.721187006623354
"TCGA.MA.AA3X.01A",2.95539560110785e-07,0.0314688816944294,0.0134172995060361,0.0683798289069165,0.00659206435958925,6.21064242065297e-08,0.880141567887044
"TCGA.C5.A7XC.01A",0.0676277370999789,1.4006227805685e-08,0.086633684035309,0.0217538118033617,0.0261834440398913,1.40431615878159e-07,0.797801168583615
"TCGA.VS.A94Y.01A",8.34021362872833e-08,0.0620476933143135,0.0539701483032912,0.0181082440406976,2.42035005653869e-05,1.35246823141628e-07,0.865849492192173
"TCGA.EK.A2PM.01A",8.20928029518798e-09,0.000629905906530235,0.0319816107644685,0.0070729015675158,9.54728468507773e-09,0.00629219984594837,0.954023364158972
"TCGA.FU.A3TQ.01A",0.000189921029034201,0.00957517077915069,0.0369820077184021,0.0182330288474709,4.95023966135751e-08,0.01999048135122,0.915029340772325
"TCGA.EX.A69M.01A",0.0234718207157853,0.0073568199776764,1.20996060867582e-06,0.0335829004426343,0.0318701226863327,0.0178839944976671,0.885833131719295
"TCGA.ZJ.AAX4.01A",9.21684044753186e-08,0.00271165179715107,0.0173648745991769,0.0994994428666826,0.0369186556910705,6.21771862536054e-07,0.843504661105652
"TCGA.FU.A40J.01A",0.00807672658738813,5.05412103466525e-09,0.0755175208533189,0.00976664392903785,0.0237157292971011,6.77948946038372e-08,0.882923306484138
"TCGA.VS.A8QF.01A",0.0812626254642757,0.00521448925315775,0.0181517677428308,0.0284641477493613,4.95380806992225e-05,0.0212387269002822,0.845618704809393
"TCGA.Q1.A73R.01A",0.00427410105909091,0.0670607786015204,0.0128558925001519,0.00829749721610288,2.58943215147689e-09,0.0168279875833726,0.890683740450329
"TCGA.VS.A9V0.01A",3.0831686663168e-07,0.0550603520600505,0.0108942895951078,0.00817520835938724,1.26274894972297e-08,0.0103851993031144,0.915484629737984
"TCGA.UC.A7PF.01A",0.0155542125386344,1.02959444240738e-08,0.0581264480097731,0.0827648828868616,0.0381629896362157,0.020894789161988,0.784496667470583
"TCGA.C5.A1BQ.01C",4.2716435008992e-09,0.0200305289475679,0.0041850226973104,0.0571924919193818,0.0409017875738375,0.0280829044310279,0.849607260159231
"TCGA.C5.A1MN.01A",5.71405507244997e-07,0.031457153353234,0.0205298539338781,0.00817207636858503,1.19043402395175e-08,0.0166254464424295,0.923214886592026
"TCGA.VS.A8EB.01A",1.7514869168076e-08,0.0266941422104962,0.0252442494093917,0.0225765225728837,0.0151356311682088,0.0243884736937151,0.885960963430436
"TCGA.MY.A5BD.01A",1.11015410332986e-08,0.0185988312032493,0.0185560670366702,0.0113400210260812,1.14186776372385e-07,0.030441707539425,0.921063247906257
"TCGA.C5.A3HF.01A",0.0292051348705116,1.23785171021667e-08,0.0852161820817308,0.0123974177044543,0.0118063119643914,0.0118999545710518,0.849474986429343
"TCGA.HM.A6W2.01A",1.86474392382014e-06,9.44574370043714e-08,0.265586735776263,0.03581556373027,5.08057669730186e-06,1.25560329015758e-06,0.698589405112119
"TCGA.C5.A2LS.01A",9.14074747734705e-07,0.00874958063361348,0.00580501881439572,0.00864211631480852,2.43358145543575e-07,0.0124168093052727,0.964385317499016
"TCGA.C5.A8YT.01A",8.10354338685005e-07,1.51641849506289e-08,0.264188570526781,0.0106520379106265,0.02736171759779,2.18959110931908e-07,0.697796629487168
"TCGA.C5.A901.01A",0.00617433253915661,0.0133071493736831,0.0293656620387052,0.0135029728728832,5.89804961295893e-08,0.011510700399165,0.926139123795911
"TCGA.MU.A51Y.01A",8.54660184173973e-07,0.0176931650649243,0.0757578851021648,0.0640640219337668,0.00662535465008391,0.0622535797884754,0.773605138800401
"TCGA.EA.A5ZE.01A",6.97671477868305e-06,6.31404509397953e-09,0.110440802888196,0.0845868291062475,0.0122048045819883,0.00292076401620231,0.789839816378542
"TCGA.IR.A3LI.01A",0.0041108950785962,0.0309409705331939,0.00528443001620374,0.00336125416895459,2.23812781070408e-08,0.0211464216906893,0.935156006131084
"TCGA.ZJ.AAXA.01A",6.03855054672026e-06,0.0597475664702743,0.053146852342653,0.0166544230036858,6.48662979040754e-09,0.00408092346839109,0.866364189677819
"TCGA.FU.A3NI.01A",4.90402502447585e-09,4.44195660964046e-08,0.0664199271674491,0.0214286677185321,0.00377761772811709,0.00495184075806938,0.903421897304241
"TCGA.DG.A2KM.01A",6.34069075477516e-06,9.86796942757992e-08,2.26343579721923e-07,0.913055571552118,0.0869269715575104,1.07883558826209e-05,2.82046010634847e-09
"TCGA.EA.A97N.01A",4.9598463340734e-08,0.0482728081316894,0.112508046899624,0.0136595402019889,6.99425395692112e-08,0.0122863085619823,0.813273176663713
"TCGA.DG.A2KJ.01A",0.14980562231311,0.0165287738785565,3.87322374456486e-09,0.0592894879750766,0.0396765609589724,0.0511903694861375,0.683509181514924
"TCGA.VS.A8QM.01A",0.0489273003828288,0.045952079033237,0.0765066134790199,0.0201102355746994,0.0171467860029794,0.14044039737588,0.650916588151355
"TCGA.VS.A8EL.01A",5.37130588612425e-09,7.26219035937209e-09,0.241362442425926,0.0853670559256091,0.0799955948603699,2.82424394397035e-07,0.593274611730204
"TCGA.Q1.A73P.01A",0.0144617032415638,0.00414612537580285,0.027668133650051,0.0236376682242928,0.00367020149234587,0.030189873021401,0.896226294994543
"TCGA.PN.A8MA.01A",0.100809551589246,0.0390506541922267,0.0409560013239187,0.0218666565996575,0.016482502734075,0.00791277869776351,0.772921854863112
"TCGA.C5.A1BN.01B",2.47422426971119e-07,0.0137217373382641,0.0136824087046878,0.00740097315871567,9.17870253338791e-08,0.00232696383703418,0.962867577751846
"TCGA.DS.A1O9.01A",1.88780855268934e-08,0.0230947464163052,0.0713248227112072,0.128444820665657,0.023670100453718,1.58611616515433e-07,0.75346533226341
"TCGA.DS.A7WH.01A",1.23372987358365e-07,0.000214113286904646,0.2150980025344,0.00599841916257957,5.25252578722137e-08,2.52042508946662e-08,0.77868926391362
"TCGA.VS.A9UL.01A",0.0130174371195435,0.0386513851526436,0.00790216767399777,0.0018790624576792,2.34843850449715e-08,0.00814406993672809,0.930405854175023
"TCGA.VS.A953.01A",1.73577750947878e-08,0.0137978314032612,4.75992008095512e-05,0.0251896896858971,0.0110512161764394,0.0045449952759786,0.945368650899839
"TCGA.FU.A770.01A",0.00231336137952787,0.0168816924229161,0.0171331115134969,0.00284722285285049,0.00317225548407023,0.00606103387166596,0.951591322475472
"TCGA.C5.A7CM.01A",0.033909133709079,0.0463610546581323,0.0312021410586834,0.0202362365307705,1.24346324861486e-07,0.00248364202931859,0.865807667667691
"TCGA.ZJ.AAXT.01A",2.07778083849495e-08,0.0173508249955263,0.0143821602380214,0.0180851467562771,0.00607088475350183,0.0146679527821388,0.929443009696726
"TCGA.EK.A2R8.01A",6.88353629014136e-09,0.0331190620473729,0.0287445119835033,0.0194446377455802,0.00522739157378469,0.0205223683507837,0.892942021415439
"TCGA.C5.A1BJ.01A",1.44405166840804e-07,9.9160579505608e-07,0.0906224809463113,0.0119580408511927,9.80629958037348e-08,0.0524904425229322,0.844927801605606
"TCGA.VS.A9UJ.01A",7.10671745470803e-09,0.0400227471447703,0.030946731982947,0.0176899827014307,2.16827790721789e-07,0.0102051398790969,0.901135174357247
"TCGA.EA.A3HQ.01A",1.60792030646297e-09,0.0116843169582895,0.0566326205954549,0.0635659955838491,0.00155173001176868,0.020911575988157,0.845653759254561
"TCGA.JX.A5QV.01A",5.11849510234502e-09,0.00974620368426545,0.00257650861428735,0.053765284956395,0.00822297551717223,0.0389407709406941,0.886748251168691
"TCGA.C5.A1M8.01A",0.000861780242031733,0.0243068074920935,0.0247256862722709,0.0120839985715406,1.93593627243143e-09,0.00931238007156599,0.928709345414561
"TCGA.ZJ.AB0I.01A",1.43261893287399e-08,0.0190313222230976,0.0205490824842108,0.0130791324238872,0.0150135461746145,0.00147258359391615,0.930854318774084
"TCGA.C5.A0TN.01A",3.70628877952579e-07,0.0654714727031228,0.0224674511722602,0.0539711919663175,2.13429744063772e-07,0.032963458335477,0.8251258417642
"TCGA.VS.A9UB.01A",1.70572639596161e-08,0.0386571235160421,4.67576274212495e-06,0.12614014408523,0.104316395972765,0.00738963496078977,0.723492008645166
"TCGA.LP.A4AU.01A",0.0181378631634039,0.0325457035425049,0.0166301757015671,0.00791848688233932,0.0182141263493088,0.00506396043023608,0.90148968393064
"TCGA.ZJ.AAXN.01A",8.26674498550252e-09,0.0148772096238777,0.0434736807280231,0.0196858223814836,0.0243329152370144,1.76816571261714e-06,0.897628595597144
"TCGA.C5.A2LY.01A",1.58729760539158e-07,1.65364673086124e-08,1.51918611725177e-10,0.0986399296606403,0.0914980376387196,0.0456364963139919,0.764225360968502
"TCGA.EK.A2GZ.01A",2.92056693167213e-08,0.00870726523980756,0.0107911584649783,0.0183764285193713,0.00971791143440335,0.009273839011664,0.943133368124106
"TCGA.ZJ.A8QO.01A",0.100680313111566,2.04650646668174e-08,0.0680403193227365,0.0196295310693735,0.0085404758175873,0.0692743333829272,0.733835006830745
"TCGA.FU.A2QG.01A",3.52041265285056e-08,0.00536534447194699,0.0146963482634926,0.0101555021132505,0.0157074768282339,0.0047703420690704,0.949304951049879
"TCGA.BI.A0VS.01A",0.012660526407584,0.0293987974409327,0.0579952292432442,0.0336237679805862,5.27507725096625e-08,0.0335280864529674,0.832793539723913
"TCGA.DG.A2KH.01A",0.00604363759249687,0.00692290406712618,0.00325278077756654,0.00669747919434973,1.71863281499047e-08,0.0107249660564957,0.966358215125637
"TCGA.EK.A2RB.01A",3.44529465584158e-08,0.00675149106304658,0.00653642940101866,0.0112750182984165,0.00849418119633011,0.00569427860890493,0.961248566979337
"TCGA.VS.A8EI.01A",0.0290164794720535,0.00310303539942342,0.0376571258653879,0.0270969389199141,0.0202913850835155,0.0204578356875155,0.86237719957219
"TCGA.EK.A2IP.01A",7.9939283357999e-09,0.0117530330309379,0.0107775121864622,0.00708187742762877,2.55059132381845e-05,0.024457802139962,0.945904261307843
"TCGA.JW.AAVH.01A",7.38309610942394e-09,0.0139131028899777,0.013384486217493,0.0107725320256489,0.00291609697393762,0.0232735641586981,0.935740210351149
"TCGA.MU.A5YI.01A",0.000840666807321624,0.144917954023601,0.243592471550916,0.0155076065418783,1.29393260406021e-08,0.0431757626981113,0.551965525438846
"TCGA.C5.A7UE.01A",0.00807996141762445,0.000839006242787405,0.00756509350989558,0.0113622272954897,2.94535852660214e-08,0.0141812219936894,0.957972460086928
"TCGA.UC.A7PD.01A",6.70484342207786e-09,0.040607548982403,0.0159246647991513,0.0243530010778702,1.99821352384327e-07,0.0144843548707632,0.904630223743617
"TCGA.DS.A1OC.01A",5.05289256372352e-09,0.0210104192841988,0.0100426752065337,0.0617081259994113,0.0134629809220805,0.0355842391032682,0.858191554431615
"TCGA.EA.A1QT.01A",4.90219631678672e-05,6.71961393638735e-10,0.0569721164828772,0.0217887708523671,0.00736475952568771,1.96626719497335e-09,0.913825328537672
"TCGA.FU.A3TX.01A",2.11836716982394e-07,0.0429702149273542,0.00717809681817124,0.0203388189405593,3.15674853948799e-06,0.0553356372321609,0.874173863496498
"TCGA.VS.A9UQ.01A",0.0179229137545579,0.00422863270441633,0.0845152992611439,0.00800288053100908,6.88921124489105e-05,0.0149545471030044,0.87030683453342
"TCGA.FU.A3YQ.01A",0.0944772895085056,2.53576414045467e-10,0.0628051580232292,0.0338796726317617,0.0162786330437803,1.49932180311687e-07,0.792559096606966
"TCGA.EA.A5O9.01A",3.12715298663753e-08,0.0122950206769532,0.0020919867679689,0.0277979993219543,0.0140618146948737,0.00349216125206043,0.94026098601466
"TCGA.MA.AA3W.01A",6.959630050264e-08,0.0224441719927186,0.00428555256173154,0.0679381280598932,0.0697056721044776,0.0962501741920418,0.739376231492837
"TCGA.VS.A8QC.01A",0.00845831643644745,0.0120412498577423,0.0935193368790693,0.0177061350034583,2.92379302280835e-08,0.0180063436565284,0.850268588928824
"TCGA.VS.A9V2.01A",7.76300506027893e-08,1.25022137048449e-07,0.0324028525691878,0.0321137952655942,0.00929692596456816,0.0416472283328657,0.884538995215597
"TCGA.MY.A913.01A",2.67303967084536e-07,0.0503398805425148,0.0160858365255885,0.0499732670359104,0.00508357374377083,0.02736933476938,0.851147840078868
"TCGA.JW.A5VK.01A",0.00763044664494277,0.0171453436227221,0.0112165722147974,0.00975515879929169,1.66346932363238e-08,0.0231076394579065,0.931144822625646
"TCGA.VS.A9UO.01A",0.0258808941838013,0.0095405277099413,0.00201657489953406,0.0014703411800964,0.00146778982392914,0.0199168950008336,0.939706977201864
"TCGA.C5.A7X3.01A",0.236758844432066,0.0108375293004824,0.0611359845032853,0.0474551496441121,0.0119775025552579,0.00669232557690371,0.625142663987892
"TCGA.C5.A1M9.01A",1.29248736904054e-08,0.0258095738542703,0.0147593105559933,0.0218722316981534,0.0158368808786105,0.000478524559885336,0.921243465528213
"TCGA.EA.A44S.01A",5.73397133001238e-09,0.00934652703300693,0.0181342719158705,0.0387284331436196,0.0110673499510275,0.0163057378716131,0.906417674350891
"TCGA.EA.A43B.01A",0.00109630127652892,0.0636697062364293,0.0172994856968854,0.0657592285939227,0.00356333312685742,0.0840543617447393,0.764557583324637
"TCGA.FU.A3HZ.01A",2.17335806479308e-08,0.0800906496521862,0.00751141979608762,0.0227311482950001,0.0421653496995763,1.80175656034938e-06,0.847499609067009
"TCGA.C5.A1MJ.01A",2.76966390217749e-09,0.0627057128780695,0.152281045387046,0.0351745326086528,3.93614949136522e-07,0.00142222855023346,0.748416084191385
"TCGA.JW.A69B.01A",0.0131088011747661,0.019743570048796,0.0533697887646678,0.0292631538085372,2.81101516033292e-08,0.00182037401867974,0.882694284074402
"TCGA.EA.A3QD.01A",0.0404750753182885,2.23844078521001e-09,0.068830202726508,0.0829006117330773,0.0777672601227661,0.100901124284636,0.629125723576284
"TCGA.MU.A8JM.01A",1.74026307353451e-07,0.0195355272113055,0.0243559637811466,0.0237056787667533,8.89453320826762e-09,0.03015156389599,0.902251083423964
"TCGA.VS.A8EC.01A",0.00346951935262608,0.0108017014455275,0.00354857314162578,0.00295850769703099,5.6349797231359e-08,0.00954989846382679,0.969671743549566
"TCGA.C5.A1BK.01B",0.036088622459295,0.00705269548094571,0.00475342528816016,0.0528326416578004,0.0647055610320665,0.0645390609619169,0.770027993119815
"TCGA.VS.A8EG.01A",1.44168552265705e-07,0.0325180748400067,0.00804900871448015,0.016330032817056,4.05928630487319e-08,0.0230221383082116,0.92008056055883
"TCGA.ZJ.AAXJ.01A",0.00939868544748972,0.00282397772653094,0.00704944694758742,0.00392860526620965,1.86906856987775e-08,0.0115070188169247,0.965292247104572
"TCGA.EK.A2RN.01A",3.86182890587446e-08,0.00093953298371947,0.000537624727866923,0.0106447023753261,2.77027937035689e-08,0.00334031107374406,0.984537762518261
"TCGA.MA.AA41.01A",9.06996225381646e-09,0.00598207303820851,0.00810507632199343,0.0137884911728513,0.0105419756256306,0.012203953649216,0.949378421122138
"TCGA.C5.A907.01A",0.000226146039669565,0.0127127926331561,0.0148772469199738,0.0141962643500094,0.0122791040002514,0.0228357415028694,0.92287270455407
"TCGA.DS.A0VN.01A",4.98525351944533e-08,0.0386606052538153,0.0340532668743718,0.0631167089698026,0.10302366934186,6.90912394203862e-09,0.761145692798491
"TCGA.VS.A8Q8.01A",4.59703532729288e-09,0.00497831000106431,0.00253417279755017,0.0501723467195492,0.0136470425270442,0.0187088187891848,0.909959304568572
"TCGA.FU.A23K.01A",0.135097934962301,0.0281300823395784,0.01997246568805,0.0390462466707915,0.00887176190203667,0.0666403786754741,0.702241129761769
"TCGA.EA.A410.01A",6.08503410744104e-07,0.11238793004689,0.0565460742003374,0.0201232479315889,0.0196377678234804,0.0293962098522865,0.761908161642006
"TCGA.FU.A57G.01A",4.05018157602849e-08,0.182443923699712,0.240053106494576,0.0104785278239021,7.5380845582937e-08,0.0167687019584484,0.5502556241407
"TCGA.ZJ.AAXB.01A",0.00228362873011849,0.01836835753635,0.0866470748907068,0.00517816148631692,7.32115785019284e-10,0.00979878941885598,0.877723987205536
"TCGA.EK.A2PK.01A",0.118143711494877,0.00633186383010846,0.0190335116433511,0.0218783698094952,0.115170885127152,4.4032664872256e-09,0.71944165369175
"TCGA.C5.A1MQ.01A",0.333786807613066,3.01169160103579e-08,6.55028151940234e-08,0.250789020123385,0.0319734814707274,0.0163676071536747,0.367082988019415
"TCGA.EA.A3HS.01A",8.70928503741759e-08,0.00256531699789404,0.070801664509522,0.0346935230286863,0.00856218671494373,0.00689376706320759,0.876483454592896
"TCGA.DS.A7WF.01A",0.0296060271220816,0.21979980360452,0.0843800277355405,0.0065685623781044,1.47313720800202e-07,0.0385258893462742,0.621119542499759
"TCGA.VS.A9U5.01A",0.0453227196589752,0.00511702579961531,0.00633303071519311,0.0254849829192848,0.0253161127004809,0.025517583201626,0.866908545004825
"TCGA.DR.A0ZM.01A",0.00538322969677361,0.00477211248531694,0.00391521020913327,0.0279090503472631,0.0354627717678235,0.0209543314979656,0.901603293995724
