"","cellFractions.B.Cells","cellFractions.Endothelial.Cells","cellFractions.Fibroblasts","cellFractions.Macrophages","cellFractions.NK","cellFractions.T.Cells","cellFractions.otherCells"
"TCGA.55.8508.01A",0.534559318472287,0.0364215424635883,0.0657011880699639,1.43800250282654e-10,1.2234384401289e-08,6.64942560686846e-09,0.36331793196655
"TCGA.67.3771.01A",0.205226972571851,1.32759093345578e-09,0.151414605501007,0.132269325140414,0.00582582625243908,3.83036787352498e-07,0.50526288616991
"TCGA.55.A4DG.01A",0.107274295124938,1.63488847716164e-09,0.0656915219473517,0.0161571533268425,0.00143326904264399,0.0172854434378815,0.792158315485454
"TCGA.91.7771.01A",0.0180423171928314,3.95237284675539e-09,0.162433259516677,0.0689400445254426,0.00199606646199382,0.0435393233437362,0.705048985006946
"TCGA.91.6849.01A",0.158656932000105,7.92423098671299e-08,0.0572461473718767,0.0226702944235175,0.00498534955041164,7.50240438180332e-09,0.756441189909375
"TCGA.64.5781.01A",0.131118555706605,9.09362133185104e-09,0.223240602224091,0.0219908308143391,0.0461868146159178,0.0196745514934613,0.557788636051964
"TCGA.44.6146.01B",1.37192583573762e-06,1.58545537362136e-08,0.138061953311616,0.0029980034503811,0.00103918718764506,1.43769235267883e-07,0.857899324500733
"TCGA.97.7552.01A",0.21043566061939,0.0391064623890786,0.0671605140969889,0.0554279615606954,0.0569399807240807,0.0529517769519856,0.517977643657781
"TCGA.80.5608.01A",0.0129850477486825,0.0352167421875901,0.0201741213585202,0.0227789346027683,0.00220522970537926,0.0239845430310545,0.882655381366005
"TCGA.91.6829.01A",8.12051083689771e-06,3.21938166097536e-05,0.580593309110234,0.0465656401131659,3.27783580732415e-07,3.11168427069692e-10,0.372800408354405
"TCGA.49.AARE.01A",0.0336814253459798,0.0284896391138967,0.0787615239624956,0.0183045539153443,3.56567841182058e-09,0.0263251995394212,0.814437654557184
"TCGA.97.A4M1.01A",1.90691891241099e-08,0.115489873200039,0.0431354530418887,0.0594553421997187,2.50542191099468e-07,0.0248296806944748,0.757089381252498
"TCGA.83.5908.01A",1.4076311333233e-08,3.92658088356642e-08,0.124816939471408,0.151875651273329,0.1179421583213,2.52690014669547e-07,0.605364944901828
"TCGA.97.8179.01A",3.36685542777803e-09,0.123364637887411,0.062777164982327,0.046064371756308,9.21901037849623e-09,0.00329030523151465,0.764503507556573
"TCGA.64.1680.01A",1.42476042858673e-07,5.54095582750166e-09,0.0502851276458315,0.0214236788940211,8.64296861697397e-08,0.00500921024093239,0.92328174877253
"TCGA.73.4670.01A",0.0128583955021175,0.0448917502582366,0.138924230757869,0.0314889259195958,2.27708117340064e-08,0.00205469186689475,0.769781982924474
"TCGA.44.3396.01A",0.192061508364092,8.61006426466612e-09,0.358220703306608,0.0898013491114491,6.13083738286544e-07,8.03225960516463e-06,0.359907785264443
"TCGA.80.5611.01A",6.50439345265821e-08,4.54421166287629e-08,0.0258101227483708,0.139668984124023,0.00107585845391749,0.024289766557293,0.809155157630344
"TCGA.53.7624.01A",0.00475772409441716,0.00703007779691894,0.032349684097947,0.0421662647238443,3.01088604582376e-09,0.0332489221724648,0.880447324103522
"TCGA.91.6835.01A",0.0360840199115977,2.03994463502122e-08,0.140194442033486,0.146429768920218,0.0181447007030822,0.142164651370759,0.516982396661411
"TCGA.L9.A50W.01A",0.0132949469076928,0.0301646638824894,0.0466797757745606,0.0221203733109497,1.13280283319163e-08,0.0203320210667213,0.867408207729558
"TCGA.86.7713.01A",0.0211413278205051,0.0101038463831494,0.0370089800663022,0.0130116562215439,8.98089474039722e-08,0.00373928519366957,0.914994814505883
"TCGA.50.5044.01A",0.0289223076100641,0.0941236273351692,0.0505111325035648,0.0670167784644072,0.0135294183386921,0.0087384409442322,0.73715829480387
"TCGA.97.7941.01A",0.00283813695375163,0.0785670938497254,0.086381158903283,0.0379649341537889,3.92703703882038e-07,0.0108801301519731,0.783368153283774
"TCGA.86.7714.01A",3.62786081371682e-08,5.83822701312761e-08,0.144072758301293,0.0321587833339652,4.67309993771146e-07,9.14302589349807e-09,0.823767887250844
"TCGA.62.8402.01A",1.91347668224468e-06,0.0159962287857414,4.84971951605584e-07,0.0817570183941035,0.0134816015315684,0.0860520785109519,0.802710674329001
"TCGA.78.7162.01A",0.0478068743908496,0.130219184651279,0.0617749927640789,0.0280996752886704,0.01189222058342,0.0277358043989926,0.69247124792271
"TCGA.49.AAR0.01A",0.060843326878706,0.074281589841276,0.0349933393149594,0.104186916701189,0.000561233843998708,0.0519258356710459,0.673207757748825
"TCGA.35.4122.01A",0.0178107638790184,3.01171244838137e-08,0.223515939713008,0.263308873683406,0.0401608857111079,2.98204433169437e-08,0.455203477075891
"TCGA.55.7726.01A",1.32747659028314e-07,4.48247336188429e-08,0.302425778909727,0.0138853348167363,1.65799910418189e-05,2.4192845456631e-08,0.683672104517257
"TCGA.62.A46Y.01A",1.3475381232178e-09,0.013134664319204,0.019455436998199,0.0781409264618723,0.00492752286049952,0.0337247350326955,0.850616712979992
"TCGA.55.6980.01A",7.85992253621976e-08,0.0361054967731812,0.240219147578184,0.0323856719201442,5.89502188146334e-08,0.0516976130222076,0.639591933156839
"TCGA.05.4430.01A",1.36390035229513e-07,1.5764678409059e-07,0.349750015280437,0.0861277892173121,0.000174097169703753,5.0300231682537e-07,0.563947301293411
"TCGA.67.3772.01A",0.0641217924947109,3.55689854841664e-09,0.293385758882343,0.0286016160041197,3.34466571938657e-08,2.02683397827962e-08,0.613890775346931
"TCGA.MP.A4SY.01A",5.33086255511246e-08,5.00465829724335e-10,0.278706184092577,0.0869534788199072,7.78426234945674e-05,2.98896733465282e-08,0.634262410765256
"TCGA.78.7148.01A",3.58688989915663e-09,0.00848490813194761,0.0696064300788965,0.0242384811916881,0.0111014546513425,0.00256822704078908,0.884000495318446
"TCGA.35.3615.01A",0.00723390348752719,8.85979049685703e-09,0.0541579728468549,0.0296459951264444,0.00330519601882982,2.00426027543793e-08,0.90565690361795
"TCGA.55.A493.01A",0.0208959600984472,0.0131457725704643,0.0806017699840503,0.0733310160011287,0.0235538993530892,0.0634960314016434,0.724975550591177
"TCGA.49.6744.01A",0.084955755809967,1.32895326368165e-07,0.244341163206036,0.103579421023406,0.000217877394564296,0.0637912392777341,0.503114410392967
"TCGA.49.4494.01A",3.36260369768833e-07,3.62781016475724e-08,0.0621950249020432,0.0644942768181631,0.0146834233097832,0.0138708272853409,0.844756075146198
"TCGA.78.7143.01A",3.87608422767799e-08,0.0068205735073429,0.0365262586015508,0.0427076260841755,6.26452813256172e-08,0.0319244789448254,0.882020961455982
"TCGA.99.AA5R.01A",0.159679350141182,0.243221671002705,0.068269436795909,0.0534797741867304,0.0187295665795633,0.0853673620171691,0.371252839276741
"TCGA.55.8085.01A",0.0472374164847092,0.0104124393455233,0.0434243221795978,0.06027538111279,0.00921793584189799,0.049987388048403,0.779445116987079
"TCGA.44.8117.01A",0.00486677870098364,1.47878580490052e-08,0.137448391688555,0.0337148841125728,1.34828249635555e-05,5.42324015681755e-08,0.823956393652665
"TCGA.55.8506.01A",0.0154438895494349,0.0207410350893897,0.085596629396494,0.0462389401883678,5.03812731227092e-06,0.0249103480426613,0.80706411960634
"TCGA.NJ.A7XG.01A",0.000185711150193196,0.032233945530752,0.0109413178224913,0.00939925821049222,9.58110439263491e-09,0.0165026838707045,0.930737073834262
"TCGA.05.4384.01A",5.04630343567586e-09,0.0352260268626085,0.0752136792582199,0.0602024086699578,1.79139560538322e-07,8.51335469109702e-05,0.829272567476439
"TCGA.64.1679.01A",3.59588448209641e-05,2.49902893519449e-07,0.3090323125612,0.0586910677232986,1.31786516025588e-08,4.58019273701913e-07,0.632239939769862
"TCGA.73.4666.01A",1.36602804129177e-08,1.79306801196277e-07,0.0232711258653414,0.313308389763902,0.108096052452407,4.87049277658161e-07,0.55532375190199
"TCGA.55.8616.01A",0.0331090948840963,4.4738482412908e-08,0.0799696735223649,0.0165560684299844,4.42181254202469e-08,0.0143988617494104,0.855966212457536
"TCGA.38.6178.01A",0.00693274408095247,3.84084376440207e-08,0.252376453385291,0.036273458880079,9.07057523205517e-08,3.16488037417232e-05,0.704385565735746
"TCGA.93.7348.01A",0.16788634806014,4.76236015609886e-09,0.170919840137278,0.0103992197598307,1.95889954797976e-05,5.59270610744063e-09,0.650774992692205
"TCGA.55.1594.01A",0.0734758151296711,1.40959830494748e-07,0.0695479833312279,0.048826953084646,0.00453640569482206,0.0120147112887992,0.791597990511003
"TCGA.73.4658.01A",1.31590324639157e-07,3.55683432245976e-08,0.439470664334612,0.173563316619802,0.000480933515657111,0.000118391699792696,0.386366526671468
"TCGA.80.5607.01A",3.50751550983142e-08,1.87125653895588e-07,0.0868189643324664,0.0647097469614571,0.013554049725446,0.00571903685441322,0.829197979925408
"TCGA.55.8505.01A",0.0469547027220201,0.0198454770940464,0.202802505093964,0.0125057990631144,0.000223913593512041,4.40030675178568e-09,0.717667598033036
"TCGA.MP.A4T4.01A",0.243641664184534,1.34392319133425e-08,0.198394732874872,0.138988935136847,0.0561338746160999,0.0088970097955017,0.353943769952913
"TCGA.49.4506.01A",0.0588604002573347,0.0261535752785208,0.0217104101677906,0.033965202137982,0.0369463712660135,8.26701224866188e-09,0.822364032625346
"TCGA.97.8172.01A",0.175522510971764,7.14430013649992e-07,0.196949803967364,0.0523865608020752,1.47768332557567e-07,0.0363048067906995,0.538835455269751
"TCGA.O1.A52J.01A",1.28743188164406e-07,0.0347843791791174,0.0518079179714914,0.0483702721757467,6.76612291104473e-10,0.0323109126178454,0.832726388635999
"TCGA.78.7537.01A",0.0944341951654036,6.06622341071007e-10,0.157269552497039,0.0145121382880204,1.18255843423435e-07,4.41022852266391e-09,0.733783990776842
"TCGA.73.4662.01A",0.0923534834588315,7.41836409533323e-09,0.0859715569772174,0.042950378100572,5.75889519678239e-08,0.0404986598799878,0.738225856576075
"TCGA.62.8398.01A",0.00500629984120161,0.0359434721770147,0.0805365150336926,0.043595778873458,0.00297026929544604,0.0148514219653594,0.817096242813828
"TCGA.49.AAQV.01A",0.0527270493730909,0.0111988361025757,0.0313460768431814,0.0194577637118943,3.48671935768853e-09,0.0619785091047268,0.823291761377812
"TCGA.55.8621.01A",0.245688439474963,0.224551543012717,0.0732837372007662,0.346386701573565,0.00328327873262283,0.0228038844197609,0.0840024155856047
"TCGA.53.7626.01A",0.0883977622101157,0.0566353533238991,0.111606749753444,0.082090977000876,0.0181369643392221,0.0469799621195549,0.596152231252888
"TCGA.44.7669.01A",0.00545583023912329,0.0635550829156715,0.0448605355097925,0.0835418169190295,0.00616452533448718,0.00091348673385473,0.795508722348041
"TCGA.93.8067.01A",0.00961019945200297,0.0415818257245384,0.0535300235456041,0.0269963387264731,0.00422967630962811,0.00550705524924702,0.858544880992506
"TCGA.97.A4M2.01A",0.0986891786219338,0.0656270489851106,0.0328040648868457,0.195066697652497,0.00901040807123411,0.025920227249748,0.572882374532631
"TCGA.05.4425.01A",0.000203990600840256,1.90973168144577e-09,0.260479314810935,0.0754023981507542,2.59162226240720e-09,0.000197313144018893,0.663716978792098
"TCGA.69.7763.01A",0.0345035967172898,7.98166810997659e-09,0.233264757880914,0.0346159332803902,8.31889361352899e-06,3.33692387341065e-07,0.697607051553737
"TCGA.86.8056.01A",0.00664426524134456,5.39158646510993e-08,0.103109146862892,0.0550243412661654,0.00228285817427479,0.000532793228232725,0.832406541311225
"TCGA.50.5931.01A",1.87924779398614e-05,1.09706113107958e-05,0.254166213243505,0.00427814567381695,4.00973614127288e-09,1.47734476790966e-06,0.741524396638923
"TCGA.55.8512.01A",0.00304826450990692,0.0967474577300938,0.0473367238224951,0.023654797953825,4.18666178802211e-09,0.0196881770368338,0.809524574760184
"TCGA.75.7025.01A",0.0414271612182207,0.0126495340140671,0.141972826997237,0.017686172221401,2.86638718089124e-08,0.0214833952528673,0.764780881632335
"TCGA.50.5930.01A",0.314868891458448,2.72719662247296e-06,0.196087903258217,0.0438665140158677,1.00398431231034e-06,1.48011978361148e-06,0.445171479966749
"TCGA.75.6214.01A",1.52194376497966e-08,0.0097741228044627,0.0324639230537426,0.0133023616895408,1.43233808456455e-07,0.00466456641739206,0.939794867581616
"TCGA.L9.A743.01A",0.208574041498538,2.14940959438127e-08,0.152822353303872,0.0847180837438218,0.00504520767995149,0.0428994714082825,0.505940820871438
"TCGA.50.5939.01A",0.164541880015773,0.00143072665748253,0.124515349269783,0.083041184555228,7.4120591326763e-08,7.56601554040377e-09,0.626470777815127
"TCGA.78.7161.01A",0.0102210699065748,0.0175524475777861,0.114267733045653,0.00528248219552455,0.000866978831392273,1.0185385744908e-07,0.851809186589212
"TCGA.44.3398.01A",4.32037854904768e-07,3.50323171058939e-09,0.496371483878911,0.0923525590783742,8.62179968204376e-08,6.6440066848905e-06,0.411268791276947
"TCGA.97.8547.01A",1.50344732483274e-07,1.30030831568866e-09,0.332059465384121,0.0387687931797812,3.8353438491754e-07,8.95247647505558e-05,0.629081681491922
"TCGA.91.6840.01A",0.0476235649233158,0.143444950072187,0.0102023364446141,0.031082072688148,5.79663548472065e-08,0.0520446309092557,0.715602386996125
"TCGA.55.6986.01A",0.0150075277353998,0.0193658204091996,0.0505379455003518,0.0438897533467786,1.45576959801525e-07,0.0138427554479309,0.85735605198338
"TCGA.05.4395.01A",5.2293832729941e-09,0.0551923004155196,0.0183487246787661,0.0458685480923777,0.0149891659241103,7.14801677433016e-08,0.865601184179675
"TCGA.44.7672.01A",0.393643447318041,2.23135149107208e-08,0.280889346248623,0.117726204467914,0.00583491356445805,4.91272912516522e-07,0.201905574814537
"TCGA.44.2662.01B",8.4746366222079e-07,2.91794969836769e-09,0.222782993316039,0.0243016158485403,1.7843690273453e-07,1.60943133626087e-05,0.752898267703543
"TCGA.97.8175.01A",8.99154283211193e-09,0.01446812048001,0.0364073234417263,0.0672219337615969,1.27865966201588e-08,0.016649144738357,0.86525345580017
"TCGA.55.8087.01A",3.4986898081078e-08,0.0131679121998476,0.121146626802859,0.0246453200819241,3.90695538791629e-08,0.00498410797103988,0.836055958887878
"TCGA.78.7160.01A",1.64028587333885e-08,0.0513694178978862,0.153126146406939,0.0832836222991789,0.0129686461036267,0.0653982757207262,0.633853875168784
"TCGA.L4.A4E5.01A",0.0358207865545323,3.50579339837581e-08,0.0553480354645638,0.0157355797021035,0.00143688012800913,0.0117593975778715,0.879899285514986
"TCGA.97.A4LX.01A",0.206629485124184,7.97859922558954e-09,0.247567285506002,0.18974156909998,0.0401861656413205,0.00341788307266586,0.312457603577248
"TCGA.86.8359.01A",0.0296397050703909,0.0426943512775866,0.0759265701643632,0.0147612805987139,0.0431980905347163,0.0534085647194506,0.740371437634779
"TCGA.44.6145.01A",0.166873102028194,8.00023990304778e-09,0.224897624762725,0.0818486858911875,0.0516286126123884,1.53227384673578e-07,0.47475181347788
"TCGA.78.7155.01A",4.44483579047727e-08,0.0259147643817769,0.00875457791680273,0.0168150532680115,0.00757726133806522,0.00935811581075384,0.931580182836232
"TCGA.55.7816.01A",3.24283931185726e-08,0.0349128464311791,0.117061610330474,0.163193723676706,0.0133076908515557,9.72831874075119e-07,0.671523123449817
"TCGA.99.8025.01A",0.0243548829463875,0.0452125822893372,0.111346630015138,0.0192534206750862,4.85083956159615e-09,0.00517810209484653,0.794654377128365
"TCGA.44.A47G.01A",0.121300389153633,1.3653369908447e-09,0.141006148214609,0.0923225876133695,0.0105073673203541,0.0368195949823223,0.598043911350375
"TCGA.55.8615.01A",1.50739280838078e-07,0.00145959318724043,0.0714302625811827,0.0178682251701948,2.84202323831492e-08,0.00376657900373991,0.905475160898129
"TCGA.73.7499.01A",0.0678700063871273,3.49372906241941e-09,0.112195774647221,0.12226442678026,0.0500708159597719,0.0578097902240599,0.58978918250783
"TCGA.86.7711.01A",2.5592229195516e-08,0.010435297462793,0.121052899941243,0.130876494242533,1.31000117802134e-07,0.0206981255410314,0.716937026220052
"TCGA.86.8075.01A",0.0403378186983684,4.19835447814845e-09,0.383800698380154,0.0545368311754542,5.23246069956981e-08,3.65996290192738e-05,0.521287995594043
"TCGA.86.7955.01A",0.00483578324703595,0.0236176370929064,0.013279623349085,0.00677620463559739,3.22189114348575e-08,0.00617850489945014,0.945312214557014
"TCGA.55.8513.01A",0.0396515527188139,0.080685975318492,0.0574874510130433,0.132923959057447,1.53422586114092e-08,1.00709807506186e-07,0.689250945840138
"TCGA.MP.A4TC.01A",6.37154728330675e-05,4.78960821639316e-07,0.379272490795339,0.0964493972696489,0.00342140376963949,3.04716975615255e-07,0.520792209014742
"TCGA.05.4420.01A",0.0338863973969762,8.94378570068961e-10,0.0930589224149252,0.0199284158524044,2.54176403698659e-06,6.22237920028746e-06,0.853117499298078
"TCGA.86.8280.01A",0.0879545613268727,9.93339005934759e-08,0.232081643486923,0.0726864211138947,0.000591544857380706,0.0265677195901036,0.580118010290924
"TCGA.78.7166.01A",0.0291608253782638,0.0145822144162173,0.0173937801663279,0.00588315981121801,0.00111472146593512,0.0149129761766357,0.916952322585402
"TCGA.91.8499.01A",5.64602354564934e-07,0.0148020407973277,0.0766792541867167,0.0955808526226412,0.019190808541474,0.000625005787329753,0.793121473462156
"TCGA.71.6725.01A",1.32892999103555e-07,0.0292784506463375,0.0123588375304711,0.0350502635390077,3.03275560112287e-09,4.68469336255879e-08,0.923312265511495
"TCGA.69.7980.01A",2.21829057954703e-08,0.0489991426275431,0.0948942163078766,0.100156473466785,0.00188609864858358,0.0420842744062305,0.711979772360075
"TCGA.L9.A8F4.01A",0.249693391626083,0.0122337349443299,0.117053930577745,0.0859229331202226,0.00105874876085652,0.115674634262473,0.418362626708289
"TCGA.05.4433.01A",8.83261863504765e-09,0.042477788377638,0.0189767637754874,0.0458556135837046,0.00521583949059055,0.0303873867762839,0.857086599163677
"TCGA.55.A492.01A",0.0344313917073099,0.0640639113009797,0.0160440671594026,0.0122719006550989,1.04734958701436e-08,0.0108599245901932,0.86232879411352
"TCGA.73.4675.01A",0.00126738893395476,8.31453473193246e-09,0.154781086792207,0.0558446912291394,2.24808363509795e-08,6.96056622601178e-07,0.788106106192705
"TCGA.50.5936.01A",1.87227881383744e-07,0.04493262109259,0.148769924763858,0.0437959955949229,1.42797114064997e-07,0.0157623267079588,0.746738801815675
"TCGA.44.7662.01A",0.0674703222290537,0.027497982884772,0.396956712188869,0.0640742278859381,1.11274993018705e-05,5.55344145706751e-07,0.44398907196792
"TCGA.78.7154.01A",8.22276372974828e-09,1.8642836912754e-07,0.0823475976201327,0.0192793912186634,0.0043357122367283,1.87897738881906e-05,0.894018314499455
"TCGA.05.4244.01A",1.89845800537517e-08,0.0239017023870186,0.0325714439923014,0.0481504438612676,1.04749265192906e-08,0.019417970870343,0.875958409429563
"TCGA.73.7498.01A",0.0456363391789824,0.0947336898638693,0.0869285612938221,0.0199760296399027,1.72792959174315e-09,0.0204062220753133,0.732319156220181
"TCGA.50.5933.01A",9.98545909544764e-09,1.42192378740841e-06,0.465258369760141,0.193704753776072,9.30463621718059e-08,2.78108450007056e-08,0.341035323697334
"TCGA.55.8507.01A",3.28199937698899e-08,0.0493449782017585,0.0670174998247537,0.0501585429659769,5.94608672166876e-08,0.000229464429168712,0.833249422297481
"TCGA.S2.AA1A.01A",0.425804712560135,0.0235852603827902,0.183603150555777,0.0148486213602046,0.00142315104495855,0.0322646545757968,0.318470449520338
"TCGA.95.7948.01A",0.0379110167867887,0.0227007748403003,0.0856464322861204,0.0137746474620514,7.50424123395343e-09,0.0158647350832315,0.824102386037267
"TCGA.67.3774.01A",0.0309980706019731,2.90895404037744e-08,0.149136503944486,0.0701931701942814,0.0089964480006782,7.21588425486964e-07,0.740675056580616
"TCGA.38.4628.01A",2.04946695444008e-07,1.23160499427655e-09,0.225933454762145,0.0791969642550014,0.000113219695812442,8.12433072673497e-09,0.69475614698441
"TCGA.50.6595.01A",1.43293434180204e-07,0.000194244411151998,0.336308499058067,0.117208484667109,0.000612463015563716,5.86057556666761e-08,0.545676106948918
"TCGA.55.7903.01A",2.75353463688451e-08,0.019009864915834,0.0220943238573749,0.0382521327638058,0.0177100075111639,0.0143141671707391,0.888619476245736
"TCGA.50.5051.01A",0.0425502104251983,0.0368438195762858,0.0392220578981666,0.0102985033465476,1.27695862140811e-08,0.00189979150691454,0.869185604477301
"TCGA.86.6851.01A",0.422676909669117,2.77343234078137e-08,0.0416779017268578,0.151930914398468,0.0756356495791132,1.00826639505789e-07,0.308078496065481
"TCGA.75.6205.01A",6.87420658060269e-08,9.72660998169898e-09,0.211812069417157,0.368230309851587,0.0493272810241725,8.53889594432648e-05,0.370544872278965
"TCGA.55.8091.01A",0.0122848565370579,4.84755294000425e-08,0.220658962941552,0.0815543290694099,9.73309995768674e-05,3.94989404873036e-08,0.685404432477933
"TCGA.44.4112.01A",0.00995677994717526,6.93635068384394e-08,0.286585190416668,0.0376177653525941,1.06559084049086e-07,2.57160914445689e-08,0.665840062644881
"TCGA.44.3917.01A",0.0318800879239156,1.26488892329325e-10,0.218245319388785,0.0908455652051215,0.00861678641822405,2.66873771588908e-08,0.650412214250087
"TCGA.49.4505.01A",0.0170221418650803,7.53952527204318e-08,0.0868550417574565,0.0585847133453775,0.0214048633957427,1.63335633504139e-06,0.816131530884755
"TCGA.62.8397.01A",0.0115425327393753,9.21038834702868e-07,0.0426511741885497,0.0162338480573932,5.32420206333764e-06,2.42431590776282e-09,0.929566197349468
"TCGA.50.5942.01A",0.0465969986468681,0.0197436022914035,0.0965037250929118,0.0105147087893531,1.60779525078639e-06,0.00768995206298853,0.818949405321224
"TCGA.55.8206.01A",0.0494358847073671,0.0326648291994552,0.0983013873166241,0.0432175419684954,2.94849925055736e-09,0.0321422642657057,0.744238089593853
"TCGA.55.8094.01A",8.17619568278833e-06,2.62345721384065e-05,0.0470285336577864,0.00941205087355624,6.25937420508762e-10,1.4733909311185e-05,0.943510270165587
"TCGA.05.4382.01A",0.257506872642975,8.10540171745952e-08,0.422073453686694,0.228932201924329,7.91933840540953e-08,1.32185156482516e-06,0.0914859896470362
"TCGA.05.5423.01A",9.21753219853504e-06,4.20546902475272e-09,0.157769461310281,0.0820248760096788,0.00450790779955469,1.90878913075954e-08,0.755688514054927
"TCGA.49.AAR4.01A",0.276974390788679,1.3017487271874e-07,0.0391822179636858,0.0462337751415527,0.126462744840332,0.0553764185194798,0.455770322571397
"TCGA.97.A4M3.01A",0.011442779951181,0.0299272921745482,0.0819999235837689,0.0116832332875558,2.11964045656539e-08,7.22004474576217e-08,0.864946677606094
"TCGA.05.4397.01A",7.94498959831898e-08,0.128038744022912,0.0196069899748031,0.132846277579256,2.41931879535348e-08,0.0505673998623403,0.668940484917605
"TCGA.55.6984.01A",0.0397791745649121,0.0381924773628273,0.0210263616620208,0.00635335629743561,6.34771504361273e-09,0.00642894773853429,0.888219676026555
"TCGA.05.4427.01A",2.37592201242056e-05,3.19644101713963e-07,0.103549293129034,0.0753173314783326,0.00479404550016846,7.6371479537056e-09,0.816315243391091
"TCGA.86.8281.01A",0.0797453751073281,0.0027296321419236,0.0878969525325501,0.0152390170860195,2.48276997100696e-08,8.80945241977127e-08,0.814388910209955
"TCGA.44.A4SU.01A",0.143509990673162,3.33112827521364e-09,0.0885417401747707,0.00758862623510977,1.37600180792936e-05,0.0133311752872571,0.747014704280493
"TCGA.75.5147.01A",0.0862549097790957,6.48717370260477e-10,0.223596453599125,0.03830052482926,0.00427587953801933,3.65123222646288e-07,0.64757186648256
"TCGA.97.7546.01A",0.0392635300549881,1.73336003804291e-09,0.185753221337374,0.0274598387733217,0.00350653687570473,2.97046446795498e-07,0.744016574178804
"TCGA.86.8585.01A",0.0646202529636621,0.012102632751462,0.0568135646062074,0.115237374606362,0.00554954687098823,0.0698661198013286,0.675810508399989
"TCGA.55.8301.01A",0.434348048260783,0.0146275879279598,0.0974062944735615,0.118408681566478,0.0402716385229376,0.0432491548515398,0.251688594396741
"TCGA.86.6562.01A",0.000229588871677821,1.27490105840402e-08,0.245247928153819,0.0415746134527497,2.17625193819398e-08,2.02232755733567e-08,0.712947814786948
"TCGA.J2.A4AD.01A",8.1356428620824e-07,7.67699387075275e-06,0.125367419704808,0.010858898789724,1.78588985817514e-08,5.74505285103285e-08,0.863765115637884
"TCGA.50.5946.01A",0.00618140327993766,0.0456115041440543,0.0256840711096337,0.0157446690512397,9.88150994451194e-09,0.0173709269372879,0.889407415596337
"TCGA.55.8510.01A",0.0168412144053429,2.20225392252824e-08,0.143501108234457,0.111912597078265,0.0173625956776137,4.08253531052761e-07,0.71038205432825
"TCGA.99.8033.01A",0.00594739656364967,0.0281366644874339,0.0822516635806292,0.0383745812019131,0.0451854322922826,0.00142323162891785,0.798681030245174
"TCGA.69.7978.01A",0.0451802066611494,3.45693011833763e-07,0.208584115571518,0.229471978848625,0.0286226715659887,0.0751771435379707,0.412963538121736
"TCGA.86.8054.01A",1.28209345201041e-08,2.11875920934039e-07,0.0761586013178682,0.0181676527140149,5.13609296310703e-06,1.66343998405772e-09,0.905668383514858
"TCGA.44.7660.01A",0.0130940909203357,0.0113155333821068,0.0573736482263397,0.0364079151866767,1.17836482061679e-08,0.0168066576347415,0.865002142866151
"TCGA.78.8662.01A",0.000242014193363893,0.0151626460693742,0.0487087511404826,0.0144367409063014,1.3782720807581e-09,0.00873160123290225,0.912718245079304
"TCGA.75.7027.01A",0.00179396115059141,0.0428517707319548,0.249114062345965,0.0239084762836418,1.96090817382109e-08,1.85964286152177e-07,0.682331523914479
"TCGA.97.A4M6.01A",0.0110976369960445,1.48959444355601e-08,0.227694064176642,0.0588106115424396,0.00734794696883134,0.0310377025903495,0.664012022829748
"TCGA.MP.A4SV.01A",0.0973882807427496,3.67031475175763e-09,0.0968015169915605,0.0702545724009181,0.0244027592786361,0.0203554388443354,0.690797428071485
"TCGA.38.4627.01A",1.94501758907137e-07,3.72554341800574e-07,0.89808065740265,0.0774645334925647,0.0106935372291348,0.0137607003374722,4.48207754787786e-09
"TCGA.93.A4JO.01A",0.107951834458056,5.27130678050831e-09,0.0992872146312194,0.089725347522615,0.0212815935158245,0.0262704623886864,0.655483542212291
"TCGA.05.4426.01A",2.13053194951014e-07,0.0308085782387866,0.061687049912544,0.0376006311275387,1.37883660406733e-08,0.0189519973727053,0.850951516506864
"TCGA.97.7937.01A",1.02339987210573e-07,2.40565993353057e-09,0.0829164470811491,0.0123925071711051,2.71232767652175e-07,4.23401854530464e-09,0.904690665535313
"TCGA.75.6206.01A",1.50080341711385e-08,0.00509474982883161,0.126974660093678,0.0669298239361019,8.10342034455623e-07,8.76160481782106e-05,0.800912324743142
"TCGA.62.A472.01A",3.79106495661298e-08,0.000782429204782945,0.0435249123985131,0.0409950054604773,0.0136465917489251,0.0287534699246373,0.872297553352015
"TCGA.97.8174.01A",0.00308224211526504,1.15321369646675e-06,0.187107253332111,0.0565894058281054,5.10647612309905e-07,4.14463602204634e-08,0.753219393416849
"TCGA.44.6777.01A",0.0552627034839149,3.00641704198031e-06,0.520993014084227,0.372566019496131,1.01818380251911e-07,3.81742985060193e-07,0.0511747729573198
"TCGA.62.A46P.01A",0.0115714732441039,0.0348599929086109,0.035365692923729,0.0170277784505599,0.00366173830469077,2.7377667244561e-08,0.897513296790638
"TCGA.55.8089.01A",0.0278709956855399,2.07822629972208e-08,0.140606529229081,0.311233423922142,0.129806311466174,1.57515804296203e-07,0.390482561398996
"TCGA.MN.A4N5.01A",0.0101330452973146,0.0207215248433124,0.0338597122613433,0.0537932557651144,0.023306879805958,0.0160015561945321,0.842184025832425
"TCGA.49.AAR9.01A",4.54994966922165e-08,0.0174983093015931,0.037965206174652,0.0233033499072718,0.00963578851299536,4.29553624815973e-08,0.911597257648629
"TCGA.86.8671.01A",0.176947087624867,1.66767469444714e-07,0.178550088409192,0.158513832196124,0.0220920235090574,0.191728555115032,0.272168246378259
"TCGA.49.4507.01A",0.0653819662270935,0.145696372546527,1.60407163081914e-07,0.101035565501128,0.114288351289924,1.85665656636762e-08,0.573597565461599
"TCGA.62.A46V.01A",1.97546982064045e-06,2.15936154475468e-09,0.190672450298147,0.02602411566599,8.94170881665087e-05,4.91271399916124e-09,0.783212034405801
"TCGA.05.4389.01A",5.98718250031636e-09,0.00265802404410638,0.0242271183895266,0.11652927437405,0.0272117755492728,0.0616410282695814,0.76773277338628
"TCGA.50.6592.01A",9.4261188978042e-09,0.0176066657308395,0.14454574849574,0.102695105595249,0.0368512193971054,0.0329278164544593,0.665373434900488
"TCGA.91.6831.01A",0.129705804118795,1.15612734028682e-07,0.267610277014113,0.0582252536513412,2.74824727845767e-07,8.93094761319541e-05,0.544368965302157
"TCGA.55.6987.01A",0.299326871327435,0.0219664526234167,0.0761730835422316,0.0870672851183348,0.0947431382347695,4.53743616132786e-07,0.420722715410196
"TCGA.49.4510.01A",0.0802934036128865,0.0423815861811221,0.0716224800271495,0.0174249628889596,0.00191470500428699,7.06367311258385e-10,0.786362861579228
"TCGA.86.8672.01A",0.0768101409706223,0.0355938357140131,0.28303099139367,0.128150941947565,0.0161482593913723,0.0426515474258197,0.417614283156937
"TCGA.44.2668.01B",9.9078372148206e-07,3.62098596446744e-08,0.140291618673723,0.0285161645978455,4.14910007946891e-10,0.0950886469042857,0.736102542415655
"TCGA.93.A4JQ.01A",0.132894411277521,3.26619814336050e-09,0.263044492154578,0.0282096414921672,0.00149003168835563,0.0421216014466935,0.532239818674486
"TCGA.97.8177.01A",1.96979216323774e-07,3.3747753007749e-09,0.314984933079859,0.0794523314075648,8.70704983734864e-09,3.99389218268692e-07,0.605562127062317
"TCGA.05.4396.01A",0.00529507467379654,0.0519240641775071,0.0264930664979641,0.0161599297268031,2.71391904987251e-08,0.0143714423148909,0.885756395469848
"TCGA.55.6978.01A",1.61838398098138e-06,8.702115514124e-08,0.567406185698473,0.151585996055977,0.0754153606482124,2.37237230122165e-07,0.205590514954972
"TCGA.69.8453.01A",3.66384984677124e-08,0.043528403791407,0.087896490807975,0.285749137224138,0.00212081346850829,0.0197885748218734,0.5609165432476
"TCGA.50.7109.01A",0.0925084928756507,0.0208120409183385,0.0854732474203895,0.0360030342005483,0.00593824697350749,0.0239081671463232,0.735356770465242
"TCGA.49.4501.01A",0.0400914893919426,9.46695683983127e-10,0.217570983294712,0.0278374207430744,0.0086504742017626,4.2506748655684e-07,0.705849206354326
"TCGA.50.5049.01A",0.00122152430688588,4.09926059060592e-08,0.582545931156679,0.416231862773544,5.22886976301493e-07,1.00774734245776e-07,1.71085748699734e-08
"TCGA.78.8660.01A",0.0116197947041718,0.0358304805075257,0.0583991417142996,0.125337187638481,0.0625355700717501,0.0161908971330335,0.690086928230738
"TCGA.91.6828.01A",0.0191691377209271,0.0280126583240687,0.116305991377244,0.136742465163526,0.00719249682643467,0.0206385008925949,0.671938749695204
"TCGA.50.6590.01A",0.286216033994769,0.0373003456470173,0.0521804020850439,0.193726221673252,3.72589977111646e-07,0.0789343538245982,0.351642270185343
"TCGA.97.8176.01A",5.53194336712036e-08,0.0336076397323176,0.0482780855105074,0.0441259593652931,0.00100920207724371,0.000274933207091869,0.872704124788113
"TCGA.50.5935.01A",0.0252007888929147,0.0233061064504606,0.0675033705034002,0.027542897224608,5.42475733833831e-09,0.04481376090435,0.811633070599509
"TCGA.55.7281.01A",0.0198783880026434,0.0163215961449669,0.105713189016704,0.102553414928674,2.39729034587874e-08,0.0180024623297941,0.737530925604314
"TCGA.49.4488.01A",0.0334327542531273,7.52105003653665e-09,0.0747966432052667,0.0396723983772118,0.020069317391319,0.015323247065171,0.816705632186854
"TCGA.NJ.A55A.01A",0.102770175307089,0.071337804289243,0.148704600096151,0.0205288718533929,1.34162326197578e-08,0.0849018214889375,0.571756713548954
"TCGA.95.8494.01A",8.43878657010729e-08,0.0149791736223229,0.0395567563893134,0.0502445495614363,3.48456665294818e-06,0.00472599816314608,0.890489953309263
"TCGA.44.2657.01A",0.421033088757527,4.22494637333692e-08,0.149948763574052,0.0929333072251482,0.0586316994309039,0.00802409405835291,0.269429004704553
"TCGA.78.7158.01A",1.15804718296175e-08,1.0345729631695e-07,0.0523207047044564,0.0176605549678485,6.04410560493446e-09,4.54573077029861e-08,0.930018573788514
"TCGA.93.7347.01A",0.017075434517671,2.52397705733317e-09,0.209593962695189,0.0934476715867398,0.0479441747977237,0.0329235566219993,0.5990151972567
"TCGA.38.4630.01A",1.26086424930372e-05,1.2893236036687e-07,0.0896174617157943,0.0411701483884045,4.32502637387499e-09,0.000111849549975171,0.869087798445946
"TCGA.86.7953.01A",6.85873891814025e-08,1.87819877608412e-06,0.0828971012944208,0.0818441571944579,1.31845402027575e-07,0.0468212937758939,0.78843536910366
"TCGA.50.5072.01A",0.00192323209175923,0.0111880024587032,0.146404726745658,0.0389516937777462,6.89634687574268e-08,7.54290755234918e-10,0.801532275208374
"TCGA.62.A46S.01A",0.0476280939147349,0.0376162862179319,0.0306309784157382,0.0281882222890056,1.13298283167106e-07,0.0166424546479037,0.839293851216403
"TCGA.53.A4EZ.01A",0.00567269754594756,0.00689510651198567,0.0141774497794035,0.0132563768852573,0.000455538724291136,0.0171419067792482,0.942400923773867
"TCGA.69.7973.01A",0.0177031810207005,0.0147874083013826,0.140058949343125,0.0325434566533435,1.41135263458288e-05,6.37161212360439e-08,0.794892827438981
"TCGA.44.6775.01C",6.05047829901245e-07,1.65115985046361e-09,0.232383226874366,0.00635988043149445,3.28811174915591e-08,0.000279454413252574,0.76097679870078
"TCGA.55.8204.01A",0.239773081319081,0.0805652773412463,0.102959390671459,0.0249042586631839,1.28290487512304e-08,0.0110321625020812,0.5407658166739
"TCGA.35.5375.01A",0.0160224576132772,4.88703541795163e-09,0.119994206584002,0.0465859208758318,0.0250912250882708,1.07214676508992e-07,0.792306077736907
"TCGA.78.7539.01A",0.00373264141097216,6.26387606481262e-09,0.0626329562739347,0.0687544528224989,0.021065451678521,0.061211119135571,0.782603372414626
"TCGA.95.A4VK.01A",0.0546170736471878,0.0406318049526007,0.0641375448752907,0.0150277676416293,0.000827995967394341,0.0399468804472266,0.784810932468671
"TCGA.50.5055.01A",0.464882112894206,2.22472573458052e-08,0.329475807295106,0.0348032237588179,0.0461356797392452,0.019776387508522,0.104926766556846
"TCGA.44.7667.01A",0.0104095202341896,8.48405235205977e-08,0.117233226412325,0.0315150227656771,1.29249079950298e-07,5.9604933407275e-09,0.840842010537712
"TCGA.MP.A4TI.01A",3.89078778504509e-08,0.0457602692839468,0.177797121298367,0.229651931320633,0.0480452373993876,0.127431671248325,0.371313730541463
"TCGA.55.6979.01A",0.114597365642007,7.2844014909803e-09,0.156490512800587,0.205442326525544,0.0256183833403208,0.0314299429023841,0.466421461504756
"TCGA.55.7284.01B",1.71767463463369e-08,0.0620984047475406,0.102097327398134,0.048991223414074,0.00427493548969404,0.00265079658447547,0.779887295189336
"TCGA.44.6778.01A",0.106821311519666,0.173531979296325,0.0291509649158474,0.296405298676412,0.0832607113119085,0.0505166940777224,0.260313040202119
"TCGA.35.4123.01A",1.3982009286996e-10,1.28760311848904e-07,0.210229191440248,0.133305577166927,0.149468775137967,2.54989625442837e-06,0.506993777458472
"TCGA.44.6776.01A",0.0081513013597653,0.0395575723575638,0.0393539915145608,0.00717402116280542,6.77294295695977e-09,0.00499783707215209,0.90076526976021
"TCGA.44.2656.01B",9.88924505674598e-08,4.59471416598767e-09,0.154226601726299,0.0281530200426978,0.023873890660153,0.00898612286050148,0.784760261223184
"TCGA.73.4676.01A",4.70847110895331e-10,0.0154639109792156,0.0711717580338992,0.0795530208998803,1.09107505554303e-07,0.000113432700412215,0.83369776780824
"TCGA.86.8673.01A",0.0337135722906961,0.0349286151374363,0.0875369371220167,0.0339312263812954,0.00405145430807049,0.0252327541154979,0.780605440644987
"TCGA.62.8395.01A",0.0108164900439744,0.0347596596264566,0.114822806854479,0.0300793727177206,0.000255330760746518,2.67041213352645e-08,0.809266313292501
"TCGA.44.A4SS.01A",1.12027072291919e-08,1.29669704961211e-08,0.203953176938144,0.0932629005692013,0.0269456884535819,4.59462363516737e-06,0.67583361524576
"TCGA.86.8358.01A",0.0333848334503415,0.0277732944517316,0.0598580897017919,0.0299486016870932,0.0106788649176522,0.000912583337977406,0.837443732453412
"TCGA.55.6968.01A",0.197145977459474,0.0171755033946927,0.0572286788450335,0.0988341515837824,0.0278703062147283,1.57702286250554e-05,0.601729612273665
"TCGA.99.7458.01A",1.51813312739517e-08,1.78331113190309e-08,0.174044127327862,0.0508275638888421,0.0270894784855926,0.0176846078136708,0.730354189469589
"TCGA.05.4424.01A",5.58588184980348e-08,0.0672558762204322,0.118761952963122,0.106930582532019,2.01119640405672e-06,4.514002667723e-06,0.707045007226537
"TCGA.38.4631.01A",0.0568234810570728,4.97577980029011e-08,0.0948522645721302,0.0201826641204672,0.00421240430462013,1.88337726791438e-09,0.823929134304534
"TCGA.55.7283.01A",6.47547169207012e-09,0.0620349844266307,0.0355841594790334,0.0444235466605859,0.00766777346340728,0.0294077032376719,0.820881826257199
"TCGA.95.7567.01A",0.0974882675367117,1.30069812358159e-07,0.110494214576205,0.0763371113988697,0.00449970984858105,0.00988947185789087,0.70129109471193
"TCGA.38.4629.01A",1.31589890233952e-05,6.49667224762952e-09,0.22212776082539,0.210540349539088,0.0249394984703124,2.70645865676888e-07,0.542378955033648
"TCGA.91.8497.01A",0.261334504698558,0.0313778788083001,0.103312049886541,0.0762050803402837,2.80973601791732e-07,0.000737978905792979,0.527032226386922
"TCGA.78.7540.01A",6.79857069287633e-08,0.0191785099295104,0.0386618857204223,0.0188846330870053,0.00323432432037141,1.80253941823123e-07,0.920040398703042
"TCGA.55.A48Y.01A",0.0906959111060797,2.89878529261762e-06,0.198849515967754,0.010058227746747,6.21726859436857e-09,1.10175632969672e-07,0.700393330001226
"TCGA.55.7995.01A",3.31941546926887e-07,0.0231601463853202,0.0379319504645555,0.138743964313487,0.0548112808202455,0.06039840285084,0.684953923224005
"TCGA.44.3919.01A",0.0473806528137189,7.48949377469143e-08,0.113725252153015,0.0850057517870935,2.83142466424106e-05,0.0623972756419528,0.69146267846264
"TCGA.69.7764.01A",0.0556173781236066,0.0424148185514257,0.0472725323600801,0.013895590821961,2.4160648886501e-06,0.0455322365635752,0.795265027514463
"TCGA.95.7947.01A",0.0260512161758695,0.0295873792147416,0.029493975170287,0.0449622765824657,0.00537608529321052,0.0322794896398833,0.832249577923542
"TCGA.MP.A4TH.01A",0.234565793290618,0.00603753727241874,0.0738705302205664,0.035496575970507,3.2189991321761e-09,0.0699986632439421,0.580030896782949
"TCGA.55.7725.01A",0.00738806567172023,8.23837515569521e-10,0.0307716931043523,0.0221302367112225,5.46463320517443e-09,0.0577958976356291,0.881914100588605
"TCGA.L9.A5IP.01A",0.0292104462044879,0.0619922003925535,0.0206518087954428,0.0312253806162682,3.14728706893894e-08,0.0361605224444062,0.820759610073971
"TCGA.97.7554.01A",0.109986818719585,4.58363041892765e-08,0.280354545428368,0.0540468315975248,4.3148118615932e-05,2.00261551041406e-09,0.555568608296987
"TCGA.55.8619.01A",0.129904726957851,0.0687671139275623,0.050432897629971,0.178914834384944,0.0278320027477701,9.18748063322282e-08,0.544148332477096
"TCGA.55.7227.01A",4.61472785482077e-08,3.85827716524312e-08,0.200579369851722,0.0736461696743945,0.00613732869097824,0.0138542323011598,0.705782814751695
"TCGA.67.3770.01A",8.73526073677348e-09,2.62787231882493e-07,0.09307855534705,0.0703550004589337,0.00148557466298198,0.015340913509974,0.819739684498568
"TCGA.78.7145.01A",1.57833708542695e-08,0.000357355144238657,0.108989019888544,0.0365180591676404,1.33756347554928e-05,1.28001163798536e-07,0.854122046380286
"TCGA.49.AAR3.01A",0.0939073436992449,8.88320988143221e-08,0.111871252426826,0.138941380639575,0.0907675722946285,3.9358747224454e-06,0.564508426232905
"TCGA.44.A479.01A",0.306051038800554,3.45147397394178e-07,0.308061221556859,0.103354755845549,0.0428046901551044,2.67476021671583e-08,0.239727921746934
"TCGA.4B.A93V.01A",0.11419472822781,0.0222200920955494,0.00123736642545367,0.027614403005817,0.0202435494694875,1.84371652412591e-07,0.81448967640423
"TCGA.78.7633.01A",1.28249608240403e-07,0.138292863995562,0.000236375585285085,0.00903363814312459,2.77410258460945e-06,2.60161828318718e-09,0.852434217322217
"TCGA.NJ.A4YP.01A",3.13423716097621e-07,7.46354517611125e-09,0.308939458933572,0.033310709575225,1.32728767204944e-06,2.60383514585283e-06,0.657745579481124
"TCGA.38.4626.01A",1.48134857847032e-07,0.127796319530911,0.129942943916087,0.132817796485498,4.26358119865313e-08,4.07924745428453e-05,0.609401956822291
