"","cellFractions.B.Cells","cellFractions.Endothelial.Cells","cellFractions.Fibroblasts","cellFractions.Macrophages","cellFractions.NK","cellFractions.T.Cells","cellFractions.otherCells"
"TCGA.24.1104.01A",2.33554555585201e-08,0.0212976758162166,0.0103522874472659,0.0338399206301356,0.00920126324502828,0.00418911262075447,0.921119716885144
"TCGA.25.1320.01A",7.88766878234181e-07,8.26327976198143e-06,0.213496317134926,0.0297704035694323,1.84547672877127e-08,7.08759261744725e-09,0.756724201706642
"TCGA.24.1850.01A",3.68320044859396e-08,4.03201597347322e-08,0.0928237053623543,0.0845219507526832,1.76664493087304e-07,1.09519330167926e-07,0.822653980548975
"TCGA.61.2101.01A",5.65577141296364e-07,9.41897173538154e-09,0.104463266992159,0.0151023078180976,7.70656295983725e-09,9.84423484991657e-05,0.880335400138568
"TCGA.23.1111.01A",0.00777950307833875,0.0862600788821174,0.0176543462307746,0.00835963703894758,1.38734670004527e-08,0.0330892573545769,0.846857163541778
"TCGA.25.2396.01A",0.00519775144220572,0.0962466896186178,0.0381191381731926,0.0464872371080343,8.28236355654006e-09,0.0552663834621558,0.75868279191343
"TCGA.30.1714.01A",3.48687403823206e-08,0.0192034268175429,0.0121992450201653,0.0134143516977915,7.40644487964453e-08,0.00707212024204538,0.948110747289266
"TCGA.04.1347.01A",0.0149875417619682,0.069281955214423,0.0196867170274884,0.00592203608277659,5.70661616854711e-09,0.0301634599237555,0.859958284282972
"TCGA.59.2351.01A",0.139852836095161,0.084224491378797,0.0152013927499022,0.0635560029418183,9.68000221585815e-10,0.0238224295494865,0.673342846316835
"TCGA.09.1659.01B",1.01484903638722e-08,0.0403220321391271,0.0190455522548226,0.0339695175657902,2.83833897695443e-09,0.0165868185814732,0.890076066471958
"TCGA.24.1431.01A",5.27940318995564e-09,8.65829329295752e-09,0.0230040493342017,0.0208639461225989,0.000117494787910813,3.44145728042565e-09,0.956014492376135
"TCGA.31.1951.01A",2.60294764417535e-08,0.00748333341500825,0.11596896546627,0.0635550620748662,0.00337548081495048,0.00841942095869536,0.801197711240733
"TCGA.29.1769.01A",1.19290588940954e-05,6.24153660295844e-06,0.065004000420505,0.0458295373935329,5.24034836734438e-08,3.89908437267212e-08,0.889148200196138
"TCGA.13.0916.01A",0.0241779930797094,0.131118663355521,9.53041960659473e-09,0.0492863335990327,3.71380038838798e-08,0.0654730923682722,0.729943870929042
"TCGA.61.1721.01A",4.35143483047316e-07,0.253729924162603,0.13787612114133,0.0425773463195114,3.10543953772927e-08,0.0458338476942547,0.519982294484422
"TCGA.20.1687.01A",3.96422149080383e-09,0.0132778806236341,0.0545025920383251,0.0255252235508712,2.41359755949268e-08,0.00850600485387574,0.898188270833097
"TCGA.29.2414.01A",0.00993817578391185,0.0221263627375285,0.134392217029954,0.00729462209156674,1.14750572379343e-09,0.0167952807832876,0.809453340426245
"TCGA.13.1411.01A",2.3239458347454e-07,9.9899912191551e-09,0.144374337758707,0.189123296712881,0.0849156169689603,6.28569389217624e-08,0.581586443317939
"TCGA.24.1928.01A",7.15961148784912e-08,5.12037261545627e-08,0.106512916777891,0.0560460955563215,6.98601498764802e-08,6.1942594405658e-08,0.837440733063202
"TCGA.31.1959.01A",8.56152764898889e-09,0.0296294676619115,0.2287671155617,0.11711240552178,8.09370130022398e-06,0.0131072444126869,0.611375664579094
"TCGA.57.1586.01A",0.00763168745339116,0.031133123563551,3.71111184658464e-08,0.0194097991995427,1.05253487350989e-10,0.01304230153326,0.928783051033883
"TCGA.09.2044.01B",5.43426799442124e-09,0.0355613665086723,0.000130480908936175,0.0822924125330667,3.94719940256471e-07,0.00117824206031698,0.8808370978348
"TCGA.13.1506.01A",1.39608092837291e-08,0.026334062540922,0.00632474567852507,0.0237039150483653,7.62967407467012e-08,0.0153409436669604,0.928296242807677
"TCGA.25.1870.01A",0.000724027864974649,0.0274752339766056,0.0048686130549053,0.0362460414156125,1.37175485691776e-08,2.17735640504095e-11,0.93068606994858
"TCGA.09.0366.01A",2.03084235711797e-07,5.21564959433983e-07,0.000170117095893948,0.623381941842421,7.10496518618631e-08,1.41897924670485e-07,0.376447003464913
"TCGA.30.1892.01A",0.026543851505841,0.112479872761232,0.266727257818372,0.0141598241209933,6.78802324719089e-09,0.0605415622184968,0.519547624787042
"TCGA.13.0893.01B",0.0307327367705742,0.222456943513844,0.0605128497229588,0.0425221250314467,9.95709006023393e-09,0.105056253455682,0.538719081548405
"TCGA.09.2056.01B",1.08429931672102e-09,0.0250654251571566,0.0125756076343959,0.0239229491269838,0.000471395535081645,0.0298979700029579,0.908066651459125
"TCGA.29.1781.01A",0.389672650476379,0.000169006401489062,7.83657735475529e-10,0.201276152694224,0.0412792262235715,2.62375531629636e-08,0.367602937183125
"TCGA.29.1699.01A",1.33182868055847e-06,0.0182368848336153,0.00564461289541017,0.173301756299371,0.00155814822769932,7.32802189412456e-09,0.801257258587202
"TCGA.04.1364.01A",0.0230507770109126,0.124178196925878,0.0103903424251311,8.41199272449873e-09,4.71898584657037e-08,0.0556026837751591,0.786777944261069
"TCGA.59.2363.01A",1.06237215533006e-08,0.0238824650758214,0.00838546462159876,0.0112492643057199,6.97132916114733e-08,0.00477933065182787,0.951703395008019
"TCGA.24.1416.01A",3.33768503119748e-09,0.021546884795013,6.82070733074166e-06,0.022376981583304,0.000102074914161645,0.00591762301361856,0.950049611648887
"TCGA.20.1686.01A",0.0124505588293406,0.0293885316687438,0.0146229738648151,0.00620442413583272,5.74857477729457e-10,0.00979005865869661,0.927543452267714
"TCGA.29.1697.01A",1.91145994186352e-07,0.0287908251111372,0.000333867411774505,0.0159428419985437,5.1994730749479e-08,0.00555614426901807,0.949376078068802
"TCGA.29.1770.01A",0.0476616214173662,0.235710700364318,0.179682664280561,0.0100154183909406,6.3632680992629e-09,0.106910457493667,0.42001913168988
"TCGA.23.1116.01A",5.64029527916418e-07,0.00635464006036162,0.163643645378056,0.0584995004821526,4.20160691566405e-09,0.0226494701869085,0.748852175661386
"TCGA.29.2428.01A",0.0198793436592334,5.08107884448266e-10,0.0231039579915809,0.0622333616866479,0.0294938279595831,7.24794540251106e-08,0.865289435715393
"TCGA.24.2293.01A",6.94171250191174e-08,0.0267550246743413,0.293438947660254,0.0570109060992577,9.6398330250238e-09,0.0215900382235965,0.601205004285593
"TCGA.25.1635.01A",9.83806271883918e-09,1.09585199480943e-08,0.202570814089704,0.0436596546938123,0.000133584154818909,3.56750158154553e-08,0.753635890590066
"TCGA.25.2409.01A",1.02484167860776e-08,0.00709454072965589,0.0657216875279714,0.0774627758988881,0.00546797626098445,4.98104699682581e-08,0.844252959523614
"TCGA.24.2280.01A",0.0245294594500966,0.0811731406418675,0.149946081532344,0.0521335704264833,3.44183704222075e-08,0.0200150019937157,0.672202711537122
"TCGA.29.1710.01A",1.04247584789549e-07,1.95763064562124e-08,0.148371627769359,0.0960069957105133,0.019158811305035,1.14030283203315e-05,0.736451038362881
"TCGA.61.2095.01A",2.15074002200551e-08,0.0580709625618636,0.0401841572234336,0.0500710802483174,0.00531679296602005,0.016143550795361,0.830213434697604
"TCGA.13.1489.01A",0.00501651954936516,0.0566954147782125,0.00689402955130201,0.00772731483429409,5.74203484351916e-10,0.0249468206151683,0.898719900097454
"TCGA.23.1023.01A",0.00443846530446132,0.255452687030925,0.0270808612471659,0.0626929069947968,2.19729636243227e-08,0.0433610563303802,0.606974001119308
"TCGA.29.2425.01A",0.0198268637969884,0.0233503240048832,0.0309627165148676,0.0189773698974821,1.58785632477785e-08,0.0120800380146675,0.894802671892548
"TCGA.36.1574.01A",1.43940371717133e-08,3.47269027096318e-05,0.152283337167137,0.0432051475113345,5.75969199548947e-08,9.24187724382783e-08,0.80447662400909
"TCGA.30.1853.01A",0.0144457522708897,0.0804766858359371,0.011291096162038,6.96506984396551e-09,2.19018383173011e-09,0.0345382109863214,0.85924824558956
"TCGA.04.1648.01A",4.54810917558821e-08,0.0488589336173526,7.43181142287249e-05,0.0405325225529249,8.4007414446625e-08,0.0148688687288163,0.895665227498171
"TCGA.13.1409.01A",0.0148031876580363,0.0686847535584297,0.0240450734714064,0.000736688134319455,4.64957205260565e-09,0.0310647699379774,0.860665522590259
"TCGA.OY.A56Q.01A",1.00094964108226e-07,0.07196626651595,0.00209958242641278,0.00970712934130829,1.33832526444334e-08,0.0169403025523264,0.899286605685786
"TCGA.24.1471.01A",2.09593791948984e-07,0.0231864126338589,0.0045206662450688,0.0138500660825076,3.1080347975629e-09,0.0102680066732782,0.94817463566346
"TCGA.59.2350.01A",5.24344335565796e-08,0.0585846988903272,0.0196592520784206,0.0201904356512686,1.1125614503026e-05,0.0252709106172537,0.876283524713793
"TCGA.29.1688.01A",1.33366048029766e-08,1.78685096483653e-06,0.0776048990749194,0.094917527928284,0.00421609911567789,2.35419366652085e-07,0.823259438274182
"TCGA.61.1724.01A",0.0686877256507943,0.430047906418713,0.119867639039428,0.0294216098912359,6.59375940169573e-08,0.203200141052276,0.148774912009959
"TCGA.25.1628.01A",6.65310023431659e-08,1.51678283393705e-06,0.29991112067659,0.0862015650470389,0.00821161664407427,3.31670101169669e-08,0.60567408115145
"TCGA.09.1669.01A",0.0757381415595475,0.129577368223286,0.0157943375802747,0.0273592190973881,2.19883245266262e-09,0.0625986483900588,0.688932282950613
"TCGA.13.1405.01A",2.41879538634287e-07,0.0376480274223582,0.098783682537738,0.0424004314409725,3.37424618862575e-09,0.0233990001871341,0.797768613158012
"TCGA.24.2024.01A",0.00402336998099557,0.0440951488773574,0.0809608848080006,0.0239935583483628,4.82688327347908e-09,0.0202307733403477,0.826696259818053
"TCGA.24.1422.01A",1.63638066494167e-09,3.58245407140984e-05,0.168107261672676,0.0444018147033762,0.0245415086346453,1.35444566370595e-08,0.762913575267751
"TCGA.61.1740.01A",0.0569606618209396,0.00979887218960744,0.00991164760954668,0.169421617578626,0.0109045310527,4.77161676233639e-09,0.743002664976963
"TCGA.13.0891.01A",0.00588407581737614,0.0909724059121365,0.00959700038949567,0.00902691060369459,2.81865177337988e-09,0.0383273915788003,0.846192212879845
"TCGA.61.1728.01A",0.0136142610574102,0.141384634140696,0.0283055403207541,0.0234043241559741,5.10853424719624e-09,0.0591800450693381,0.734111190147294
"TCGA.61.1733.01A",1.05658624570546e-06,0.0201631784118241,0.121742338770578,0.0428637862906954,1.77504939993809e-09,0.0149667198296745,0.800262918335933
"TCGA.13.0720.01A",2.90257262541332e-08,0.0176522299693618,0.00521857414602031,0.0094786296811107,5.42375098895629e-08,0.00769497450387694,0.959955508436394
"TCGA.29.1698.01A",9.26821311613968e-07,5.47666901597761e-07,0.161186031861138,0.0223292466562066,1.87839389871599e-09,0.00131934182403387,0.815163903292014
"TCGA.24.2288.01A",0.127559040551195,0.112606430339837,0.0540660156025081,0.0739494446347903,3.19476589315025e-08,0.0511836283550536,0.580635408568958
"TCGA.25.1630.01A",3.1511381152536e-08,0.0313006242225406,0.0173938179641402,0.0515910794228113,0.0026221006721262,0.00575934799189257,0.891332998215108
"TCGA.13.0901.01B",0.00594462318074776,0.0189429805208875,0.0701629133746911,0.0131120012433961,8.48014286828284e-09,0.0106475347380671,0.881189938462068
"TCGA.24.1567.01A",0.000919036702776316,0.0684073383126972,0.00734717034141885,0.0105664078318648,3.13693064855037e-09,0.0179958607787883,0.894764182895524
"TCGA.23.2084.01A",0.00140767500009995,0.206072868891107,0.0543375153469712,0.0498462547308161,3.69151440043604e-08,0.0774598920183513,0.61087575709751
"TCGA.36.1576.01A",1.54968427203734e-07,1.54324217091187e-08,0.362113126059605,0.0992967920093245,0.000602001824863769,7.9587229969302e-07,0.537987113833058
"TCGA.13.0730.01A",6.9942721299664e-05,0.0270849329178934,0.0611047345057943,0.0426072961391147,4.94730352350477e-09,0.00593120985433914,0.863201878914255
"TCGA.04.1517.01A",0.00966042364494798,0.072100170659093,0.0101559833510856,0.00896167190956051,9.12055004558904e-10,0.0307533400982575,0.868368409425
"TCGA.29.1778.01A",0.0493556003805288,0.101908479909991,0.0078763294196058,0.0263937945944631,5.15559046572744e-09,0.0566302554418706,0.75783553509795
"TCGA.24.1413.01A",8.58135138824131e-09,0.0480245228920662,0.00225613055897117,0.0199701548534252,1.51960243428549e-06,0.0131434974221238,0.916604166089628
"TCGA.24.2023.01A",5.14863508499181e-09,0.0616614197492651,0.00325372031662518,0.0550828327952609,4.61073834725924e-09,0.024609905042329,0.855392112337146
"TCGA.13.0725.01A",1.15907000038717e-07,0.0281005534275705,0.0647237814384079,0.059758167833284,1.06374855244529e-08,0.00962531559483821,0.837792055161414
"TCGA.13.0883.01A",2.03844662221296e-05,8.74107631190188e-09,0.294565778776228,0.0422213161645029,7.22149637187662e-05,4.54399700131156e-08,0.663120251448282
"TCGA.24.1555.01A",3.22893294988607e-08,0.0509770503660616,0.00361102132048177,0.0153766000975112,2.0442828971054e-06,0.0218206322141581,0.908212619429561
"TCGA.23.1029.01B",3.6761445832957e-07,0.0923408041336393,0.0088463683905266,0.0290645234571557,4.50162107969228e-09,0.0245405902122888,0.84520734169031
"TCGA.13.1507.01A",0.0141828126853964,3.31757481455542e-06,0.175776063574593,0.0807777494615967,0.0231901820830321,9.4512469694389e-07,0.70606892949587
"TCGA.61.1998.01A",4.41401186892437e-08,0.0726915502312618,0.0595641925398269,0.0656467363208734,2.18187077569275e-10,0.00803473688054709,0.794062739669185
"TCGA.24.1419.01A",0.0115488995025932,0.0851080930613277,0.0161394521513816,0.00977966060944357,4.4086367147598e-09,0.036879029297938,0.840544860968679
"TCGA.30.1862.01A",0.0288770753947842,0.00973974815862007,0.145366730395854,0.0326183731687181,6.03141031602583e-09,0.0102426974321617,0.773155369418451
"TCGA.09.1670.01A",7.1678000414086e-09,0.0637048830010082,0.00157804878290849,0.0405799775599528,1.28289322235523e-08,0.0211253326992034,0.873011737960195
"TCGA.24.2281.01A",0.0245866764777266,0.0495468129204883,0.000905559111228074,0.0615129220487432,7.87758429578994e-09,0.04159259128074,0.82185543028349
"TCGA.57.1994.01A",0.00429458658121219,0.0474564621719767,2.82381801644905e-09,0.0644080856645994,0.00287869493264179,0.0471809116869861,0.833781256138766
"TCGA.24.0968.01A",5.57397731220954e-07,0.010047371661482,0.03586524695628,0.103908929054934,0.00769884790682068,3.93526567239883e-08,0.842479007670095
"TCGA.23.1113.01A",0.00473600533525442,0.0473975820326797,0.0404083249760775,0.0122438954342876,3.0403906892991e-09,0.0235604961058442,0.871653693075466
"TCGA.24.1548.01A",0.0121035102708266,0.0577270407495286,0.00285178731583738,0.0295491769246566,4.58590249193628e-10,0.0189743666267257,0.878794117653835
"TCGA.24.1552.01A",1.33197616750712e-08,0.057896769947069,0.0155666229888124,0.0192012102894658,2.12891174675524e-09,0.0185631101149317,0.888772271211048
"TCGA.24.1930.01A",0.0126337601467903,0.0208183817030132,0.0896325195026642,0.119622961675144,2.70130527926488e-08,0.0103618376634746,0.746930512295861
"TCGA.10.0936.01A",0.027957637536707,0.0992347995235403,0.000536430678901252,0.0321340347590531,2.22482786605695e-09,0.0569472218026656,0.783189873474305
"TCGA.61.2102.01A",4.29471841321609e-07,0.0881665049375519,0.102002250663862,0.0699646169587402,1.87219444417522e-07,0.0202197378960996,0.719646272852461
"TCGA.59.2352.01A",0.0822156143145009,0.139892898974134,0.00922276537652821,0.0290494149366458,5.77873363483654e-09,0.0593209381651627,0.680298362454294
"TCGA.61.1910.01A",2.36395338194793e-07,0.0388334295649131,0.00276849157775437,0.0151081627819339,2.05046035964667e-10,0.00711716175483479,0.93617251772018
"TCGA.13.1512.01A",1.29134021246821e-06,7.31730256115262e-10,0.0685631696534077,0.0372699092502656,0.00341112972603037,4.35700516679295e-08,0.890754455728302
"TCGA.29.1768.01A",1.1257220368045e-07,2.39243028832918e-08,0.376822702503675,0.0494502688764866,3.43602928200031e-08,1.07703876024039e-07,0.573726750059163
"TCGA.13.0897.01A",9.70027527789132e-09,0.00121913360048571,0.0780152723705545,0.0630977740544638,0.0102086664180048,1.31473007179287e-07,0.847459012383209
"TCGA.10.0938.01A",8.84527013179062e-05,0.0371665840796794,0.0050961535082259,0.00499841004934221,6.48396839836718e-09,0.0165864607960242,0.936063932381442
"TCGA.13.0804.01A",3.92549969816729e-06,0.0230501367848805,5.10154610567223e-09,0.0908161705112034,0.0107538904494895,8.64204567784222e-09,0.875375863011137
"TCGA.13.0920.01A",0.0214682530839785,0.00882215023912002,0.0177079924349404,0.0061127108742471,2.18973814583317e-09,0.00715817238417608,0.9387307187938
"TCGA.25.2042.01A",2.60558270791851e-06,2.2866969217637e-09,0.449909588304617,0.0410793967203428,4.07895708365391e-08,7.74155372438842e-07,0.509007592160692
"TCGA.13.1505.01A",0.0276804641207297,0.00471597227730819,0.183890985082428,0.0128094969377424,4.96428102946573e-08,0.0278537188237062,0.743049313115275
"TCGA.61.2110.01A",0.000683787591824267,0.033557201844269,0.0101471934081939,0.00894745611524991,5.62783633930775e-10,0.0154851496928869,0.931179210784792
"TCGA.24.1849.01A",0.019283659935365,1.07065479736573e-06,0.191257770330907,0.182348231116332,0.0284630995184435,2.19659287511052e-09,0.578646166247562
"TCGA.04.1341.01A",0.0381984229046314,0.0890842113148888,0.0324856356845479,0.010645614551452,3.71353668821242e-09,0.0451473353517487,0.784438776479194
"TCGA.24.2254.01A",8.16375039220791e-09,0.0776020910326711,0.030426845835104,0.0353207669593392,6.56109539498525e-09,0.0137357066802782,0.842914574767762
"TCGA.13.1488.01A",0.0186085315568692,0.033456696105015,0.0229328884435775,0.0167357247113957,9.69597966211907e-09,0.031727696865852,0.876538452621311
"TCGA.61.2094.01A",0.275268720588786,4.20138718993027e-08,9.01073221556876e-09,0.188536186101294,0.0908956567121555,7.38195173540656e-08,0.445299311753642
"TCGA.20.1683.01A",0.148182466143086,0.0548321668847575,0.0103819001846308,0.0244879905151398,5.71457977038107e-08,0.0121139263083152,0.750001492818273
"TCGA.29.1703.01A",0.0199392266721509,0.143428847989691,0.0316206425175373,0.0141818306326791,1.39113469531963e-08,0.0569545152384512,0.733874923038143
"TCGA.04.1343.01A",0.0489422184979277,0.203013730237304,0.0759299407837623,0.04160670264843,4.54746434960571e-09,0.0925595422394864,0.537947861045625
"TCGA.25.1627.01A",9.31728662889031e-08,0.0269768627719501,0.0164232324754472,0.0249809933431848,9.71428814834276e-09,0.00758871609031427,0.924030092431949
"TCGA.61.1919.01A",1.04883329492073e-08,1.62660068944106e-08,0.18678056667213,0.0914474483447866,1.13855495531218e-08,9.38956826400877e-05,0.721678051160554
"TCGA.24.1565.01A",1.93457063263431e-08,0.0340237601616235,9.42519248559763e-09,0.0464460371364299,1.33843853288214e-09,0.0195909463895053,0.899939226203104
"TCGA.31.1946.01A",1.56276586183671e-09,7.4776255957177e-09,0.185098544628587,0.0762336516617061,3.46888308255619e-06,4.28078294670696e-08,0.738664282978403
"TCGA.29.1774.01A",2.17144181432056e-05,0.0616213647302173,0.0206083988693009,0.00863082392408841,3.38227075409224e-09,0.00820630172948492,0.900911392946495
"TCGA.36.1577.01A",2.85366867948987e-08,0.0499938156397979,0.0112643459794495,0.0108139040161443,2.2997397637001e-07,0.0131403364971853,0.91478733935676
"TCGA.24.2261.01A",4.767463286218e-05,1.01978600032763e-07,0.0595408533406271,0.0969032817795123,0.025082148847221,5.41760912614318e-10,0.818425938879417
"TCGA.23.2077.01A",2.04928527806844e-06,0.0993410751069925,0.00590639151114163,0.0453259587962057,1.16484141237519e-08,0.0388387988652313,0.810585714786737
"TCGA.36.1581.01A",0.0586706670204734,0.026395294978474,3.84066481665897e-10,0.0621318269666631,0.0116546264963367,0.0352658177997598,0.805881766354226
"TCGA.09.1661.01B",0.00316963120387241,0.0498018669597062,0.0337687614037752,0.00825906882492332,4.92462949332418e-09,0.0228361156129183,0.882164551070175
"TCGA.13.1482.01A",2.66112849806037e-05,0.0132461122680681,0.0410491530586845,0.013129821336404,9.6030794053589e-08,0.0132247559187139,0.919323450102355
"TCGA.13.0924.01A",0.0336930203895051,0.200917963927443,0.0329475651868469,0.112347595809293,1.70865018460772e-08,0.11912708826737,0.50096674933304
"TCGA.23.1120.01A",5.44174342081502e-08,0.0474426541226147,0.020662503213527,0.0579367436201834,0.00533191857151769,0.0276387976852406,0.840987328369482
"TCGA.04.1357.01A",0.0484044470853496,0.0294134165006224,8.77271077053663e-08,0.14497141129985,0.0773881811566647,0.00319122426876677,0.696631231961639
"TCGA.04.1651.01A",0.00253655315480119,0.031714144792844,0.00292099107799534,0.0224009106456544,2.49107802317811e-08,0.012957777382004,0.927469598035921
"TCGA.13.1497.01A",0.0330516978263138,0.0129327261211046,0.0384247668902883,0.026379358423307,1.02549201692794e-07,0.00192568090848684,0.887285667281298
"TCGA.24.1557.01A",0.00976884562936534,0.12320764607745,0.017162809588695,0.0254715857209229,2.84268041065088e-09,0.0524164468952807,0.771972663245605
"TCGA.24.1562.01A",4.57400572512348e-07,0.0202142535028493,0.100307536544101,0.0232062038088144,3.77273098665991e-08,0.0241487185717159,0.832122792444637
"TCGA.24.2289.01A",5.10321702652601e-07,0.00480141650977293,0.21697455424571,0.0676372229323288,2.87597880127421e-08,3.27901963334485e-09,0.710586263951678
"TCGA.25.1871.01A",0.00117996637059813,0.0367595712939713,0.0022229744385151,0.0024875081346594,1.15461590661639e-08,0.00638478749519965,0.950965180720897
"TCGA.29.1777.01A",7.2465858171063e-08,1.06354940726709e-07,0.178921814578593,0.020016485371862,3.01733487022226e-08,2.85885021438839e-07,0.801061205170376
"TCGA.04.1542.01A",0.00357564131632168,0.0604574215826853,0.00768735012137949,0.0054758744120945,1.04963541863861e-07,0.0216170707050847,0.901186536898892
"TCGA.24.1556.01A",6.00919746760172e-08,0.0418963985246247,0.00440261738934606,0.067636070447347,0.00143212126156854,0.00982168888803344,0.874811043397105
"TCGA.24.1427.01A",0.0127536108160341,0.0665032386806737,0.148547129141791,0.0510233109230586,4.57129563749365e-10,0.0429002203186979,0.678272489662616
"TCGA.13.1403.01A",0.0188286629996672,0.12884153919637,0.0344625736594996,0.00728005659381418,1.45076273541398e-08,0.0486610360314007,0.761926117011621
"TCGA.13.0797.01A",0.00140913271386692,0.040849974604612,0.00571394269205572,0.029215882278505,1.65831647842898e-08,0.0281946485413757,0.89461640258642
"TCGA.09.1668.01B",1.66364324306319e-07,0.0571417932966417,0.0470846534000456,0.045129195845754,9.9542567154393e-09,0.0419621683912831,0.808682012747695
"TCGA.29.1694.01A",1.52063430557301e-08,0.0235101757604479,0.0645883751080609,0.0255110026230002,1.50627050208004e-08,0.0121903865964687,0.874200029642974
"TCGA.36.1571.01A",1.87912098558669e-07,0.0363505583038259,0.00975680125920439,0.00984545024666188,3.34376451004173e-09,0.0109364762705921,0.933110522663853
"TCGA.25.1318.01A",0.00793723072845454,0.123905196968599,0.0422890850022186,0.028479399002906,1.514457986696e-09,0.0481240165745572,0.749265070208806
"TCGA.13.0714.01A",0.00792245172883498,0.0372005319930722,0.0515952731113138,0.0238690084413556,3.03078049974235e-10,0.0230847667793667,0.856327967642979
"TCGA.24.1418.01A",9.0323060560527e-07,0.0275402683140541,0.105702382746278,0.0255229474072546,5.97741340509966e-09,0.0118297754542145,0.82940371687018
"TCGA.25.1633.01A",0.0199878496278162,0.196443086152609,0.276599878165406,0.0612380295617066,1.37172246815642e-08,0.12653533375747,0.319195809017767
"TCGA.13.2060.01A",0.0108348136518318,0.0626828168303625,0.0460732262266988,0.0685913301765108,4.55429893977796e-10,0.0416400145867481,0.770177798072418
"TCGA.13.0905.01B",0.0298979332424687,0.192704600445129,0.0227381900280569,0.00919717902179921,5.31121008384976e-09,0.0927491855904547,0.652712906360882
"TCGA.29.1785.01A",8.00765530206688e-09,0.0029538106034464,0.0187608196307664,0.110595579889588,0.0341186473569874,5.12283591846851e-08,0.833571083283197
"TCGA.09.0369.01A",9.03371631307384e-08,0.0588534326896296,0.117616428527646,0.0408354257691404,1.28064770540166e-08,0.00357003758602019,0.779124572283923
"TCGA.61.2088.01A",0.0251102189865776,0.153886198557433,0.00556698022758925,0.0119569867007556,2.20147480611547e-09,0.0691296796987182,0.734349933627451
"TCGA.13.0885.01A",2.60134494235505e-09,6.70443623460214e-05,0.00226200524046351,0.119763853310434,0.015796320645113,0.0125386957834353,0.849572078056863
"TCGA.13.0726.01A",0.00493808405375198,0.063440621710143,0.0359681663578608,0.0196635329019329,3.60530242706699e-10,0.045562491955415,0.830427102660366
"TCGA.13.0923.01A",8.50978453670589e-08,0.0686919372902132,3.75803976485398e-08,0.0476272059190719,3.97346483828928e-07,0.0394150151506865,0.844265321615302
"TCGA.24.1430.01A",0.000896389048706651,0.0400578567973762,0.0308680686345415,0.00776692102407521,3.52875415934266e-09,0.0138585637694269,0.906552197197119
"TCGA.24.1549.01A",0.000809290867040169,0.0389974937382746,0.00462925669322905,0.0216805668825912,0.0275302388937009,0.0180522470958454,0.888300905829319
"TCGA.24.1467.01A",1.02750304390715e-08,0.0279529652936448,0.00161339069320551,0.0177355086638947,1.71466865039862e-08,0.00969983653939694,0.942998271388141
"TCGA.20.0991.01A",0.115172112240627,3.54894523261148e-08,3.27797457490393e-09,0.544776997969643,0.144687821839217,2.18791966712491e-07,0.195362810391119
"TCGA.25.2401.01A",2.54621141492703e-09,2.8630142927531e-06,0.236784239816058,0.153490106830023,1.14615294526523e-06,4.14226734068456e-09,0.609721637498202
"TCGA.13.0919.01A",2.32012257706663e-09,0.0459357446749509,0.0926419216208592,0.0699456745607835,6.79282837873692e-08,0.00969154445181452,0.781785044443186
"TCGA.13.1485.01A",4.7914345740746e-05,0.000155405867547257,0.234224425316457,0.0158840128648345,2.88276372665661e-10,1.33537167899643e-06,0.749686905945465
"TCGA.24.1464.01A",0.00309118180249757,0.0690646873264371,0.00651950990922064,0.0358776329974295,1.54393825835615e-07,0.0506044279720811,0.834842405598508
"TCGA.31.1950.01A",7.47996196231895e-08,0.023741903758201,1.87211720899232e-06,0.0555313078521886,0.000653930209216505,0.00081346722413061,0.919257444039435
"TCGA.24.1434.01A",3.83583129062556e-08,9.2974266554622e-08,0.321336007676958,0.0853586475808854,4.7455691425412e-09,3.73211846728044e-06,0.593301476545541
"TCGA.24.1616.01A",6.52921903166816e-06,0.0453243036488094,0.00662955139750599,0.0109328954796187,7.93146607542854e-11,0.0122179567616418,0.924888763414078
"TCGA.09.1666.01A",2.22522659103657e-07,0.104558553412916,0.0054817424210457,0.0457534310749355,1.43461830373232e-08,0.0511697845032846,0.793036251718977
"TCGA.13.0762.01A",0.00283633242954742,0.0365907533580588,0.0191864797298292,0.00767999472996002,1.95041759399265e-09,0.0187620602006218,0.914944377601565
"TCGA.10.0934.01A",2.62975353583142e-07,0.0119216753751389,0.000130995149843647,0.00261178841641497,3.87338676778012e-07,0.00520909126011494,0.980125799484457
"TCGA.09.0364.01A",0.00261337058409264,0.0521615116474107,0.00327646547159533,0.00468679618442507,2.94270884462007e-10,0.00507453144067042,0.932187324377535
"TCGA.04.1331.01A",4.43448280870598e-05,0.0420388349737054,0.0349127668010121,0.013222473758783,2.63205733075745e-09,0.0164195937717704,0.893361983234585
"TCGA.24.1846.01A",1.00330015119767e-08,0.0029105939507446,0.0506115515871775,0.0316401795532921,1.24943720604765e-07,0.0114127016854227,0.903424838246641
"TCGA.24.1436.01A",1.48123408947476e-07,0.0371628630432878,0.0188613019752216,0.0766219093568631,9.47410781708727e-05,0.0108298979788932,0.856429138444154
"TCGA.13.1408.01A",0.0319169842836109,3.90083588077446e-10,0.145425898280313,0.0209573152182686,5.32141202862552e-08,4.39891483811201e-08,0.801699704624456
"TCGA.24.2033.01A",0.012146010155527,0.133474969556382,0.0759125496296536,0.0278389445528542,9.80626013048648e-09,0.0533041196066326,0.697323396692691
"TCGA.24.1843.01A",0.0235873549958553,0.0248204065920706,0.00139371048406166,0.0617246477247813,0.0035464385574526,0.0126175258524591,0.872309915793319
"TCGA.10.0927.01A",0.0072700191955407,0.04607972116838,0.0242449544306899,0.00784679511156255,8.10063701570633e-08,0.0177931440835219,0.896765285003935
"TCGA.10.0937.01A",0.00820592808298074,0.106136359617022,0.0061277034275852,0.0588769472727771,1.47068808725085e-09,0.0651497453526753,0.755503314776271
"TCGA.09.0367.01A",1.18856755273389e-07,0.026062398175744,0.000943675451474517,0.0238455133776708,0.00204795620338672,0.0141401972530402,0.932960140681929
"TCGA.24.1845.01A",4.31976244096262e-09,0.00564518108620209,1.6182935243287e-06,0.0215383196994355,0.000385760542486298,1.25846665509537e-07,0.972428990211924
"TCGA.24.1560.01A",0.000187266985710771,0.104601186932144,0.000239824705536692,0.0152240602190985,2.30204897098671e-10,0.0299423019884593,0.849805358938846
"TCGA.13.0724.01A",0.014429521951887,0.0944563845972928,0.0366577017150851,0.0155288554783766,1.32891132696716e-08,0.0492319011648906,0.789695621803355
"TCGA.5X.AA5U.01A",1.92556672468018e-07,0.0479533387239971,0.0149681837566879,0.00815503713467884,1.73395568453801e-09,0.0103734009104157,0.918549845183592
"TCGA.25.2393.01A",6.90877644960474e-09,0.0134489626747355,0.0178228197363496,0.0176653253068569,0.0059620272359524,1.49475615091093e-07,0.945100708661714
"TCGA.25.1322.01A",1.96152337380688e-08,0.023751215242164,0.0266886902701268,0.0926040673996838,5.0190663613831e-08,6.36243595500693e-05,0.856892332922578
"TCGA.61.2009.01A",3.26287915802094e-08,4.1449281239876e-07,0.276584101700365,0.0761345242900984,1.59583583990243e-07,5.49635894511025e-08,0.647280712340759
"TCGA.13.1481.01A",0.0696932350755772,6.21564934223877e-07,0.149614416872015,0.0135882299758788,7.97375822410793e-07,5.29607239975234e-08,0.767102646175048
"TCGA.13.0799.01A",0.00713676138576572,0.0386857319206031,0.000995329598027597,0.00453116459611354,2.38626999168983e-10,0.0200211172056825,0.928629895055181
"TCGA.13.1487.01A",0.00428282070140286,0.0147853653238616,0.0874252174978294,0.00738830446351175,1.11135319005714e-10,0.00938725092926766,0.876731040972991
"TCGA.24.1564.01A",6.53190356587934e-08,0.0157614105963427,0.0820662184757551,0.157783518025501,0.0014039933104232,1.67762846358468e-06,0.742983116644478
"TCGA.61.2109.01A",0.0114458852755414,0.13807168709321,0.0156554565041524,0.0175496041386225,1.05004972273536e-08,0.0536732162609929,0.763604140226984
"TCGA.59.2354.01A",1.33692185050518e-08,0.0289110372119298,0.210256913781912,0.0657582162323379,3.44124340393386e-07,0.0349295895140281,0.660143885766233
"TCGA.10.0926.01A",1.40806886088722e-05,0.0739624727690161,0.0228910225642866,0.0232311438948339,3.00049294405736e-09,0.0254910866327606,0.854410190450001
"TCGA.04.1519.01A",0.00103064244153926,0.0832868041881163,0.00869513505675006,0.0118141765711235,8.95069928591133e-10,0.0314620175469157,0.863711223300485
"TCGA.24.2020.01A",0.00578981888484684,0.052046098159192,0.00467004747216035,0.0090236785113228,2.04832334976686e-11,0.0137295657146289,0.914740791237366
"TCGA.3P.A9WA.01A",0.00285746863760222,0.0519871263394663,4.08378429598989e-06,0.00939782980894211,5.48541735326232e-09,0.0344615972378403,0.901291888706436
"TCGA.04.1348.01A",7.79972999656025e-08,0.0368298932464886,6.17372151214768e-07,0.0897661191554897,0.0194062422093416,0.0183690097377007,0.835628040281528
"TCGA.13.0906.01A",0.00613306541932304,0.0441175397205326,0.0100430199515248,0.0136804216905799,1.89438916989507e-09,0.0272709223480179,0.898755028975633
"TCGA.30.1860.01A",0.000461776215351128,1.03555482405274e-08,0.0153536723971199,0.153061252586122,0.0701477273126306,2.81640034637499e-06,0.760972744732882
"TCGA.36.1569.01A",1.66234458395624e-06,2.43354379655019e-08,0.203849838042798,0.0512193552092491,1.20754893975579e-07,0.0131092311649062,0.731819768148131
"TCGA.25.1319.01A",1.4490957367353e-10,0.0382175469453123,2.74478307671599e-09,0.0337797063360064,0.00241171423087834,3.25758928045956e-08,0.925590997022218
"TCGA.57.1583.01A",0.0100153737038659,0.0590850521763515,0.0331780411185098,0.00239530020021749,2.60227947881614e-09,0.0224287446830813,0.872897485515694
"TCGA.29.1776.01A",0.0158999947111996,0.118840169747751,0.134957570382069,0.0213143035819695,8.25830544142906e-09,0.0446718670237744,0.664316086294931
"TCGA.24.2271.01A",0.030330202135211,0.0634682467567091,0.100362539855431,0.0259897510922117,2.35024066118568e-08,0.0538400908054281,0.726009145852602
"TCGA.23.1109.01A",0.0107256312947624,0.102761766523866,0.0630226545713707,0.0297459743023041,1.03348918235777e-08,0.0494282070818523,0.744315755890953
"TCGA.61.2092.01A",0.00679281424382179,0.0100359672127978,3.86664586290589e-09,0.00501342256956834,2.3217839573168e-10,4.72690181187943e-07,0.978157319184807
"TCGA.13.0800.01A",0.0120205027458751,0.0875699376470874,0.00797210178659228,0.00296462418827491,6.13367489021966e-10,0.0328953329041192,0.856577500114684
"TCGA.24.1924.01A",3.37040395272639e-09,0.0756685062183932,0.0151670385971395,0.117131316716984,7.88805896378562e-07,0.0419747134009277,0.750057632890255
"TCGA.24.1563.01A",4.15753106576388e-08,1.15826167974522e-08,0.244801842442044,0.0255424917128658,3.86450555401707e-08,2.31999885010059e-08,0.729655550842119
"TCGA.29.1761.01A",4.47466611922991e-09,1.40912171642312e-08,0.0110013883302011,0.032976345366295,0.00981758643626902,1.37470020687671e-07,0.946204523831331
"TCGA.24.1423.01A",0.014611801592759,0.126425755742325,0.0204512417076444,0.0129604287913995,1.47728061427348e-09,0.0543031179398108,0.771247652748781
"TCGA.09.2045.01A",2.49125375434232e-08,0.0381026500252861,0.00575025314967101,0.0359380050967647,2.5985657883611e-09,0.00771154063729708,0.912497523579878
"TCGA.24.0979.01A",0.00747314633976764,0.0618268206699983,0.00714129096722369,0.00824912999460685,5.2781604466444e-09,0.0273539997236389,0.887955607026604
"TCGA.25.1314.01A",0.0167074979120034,0.112072519513325,0.0254409926499884,0.0230087012963396,4.72689827872279e-10,0.0457742361393059,0.776996052016348
"TCGA.29.1702.01A",0.00680140739631293,0.0932049390840851,0.00924349414582546,0.0119801245205666,3.19931248919236e-08,0.0234258782399586,0.855344124620126
"TCGA.13.0887.01A",6.77356723715034e-08,0.0310782485199786,0.0165695083758908,0.0404186901746228,9.54331418154662e-09,0.0084720682075376,0.903461407442984
"TCGA.61.1741.01A",0.040514982251406,0.0520640136770997,0.00512633966352907,0.0399985880949009,6.18602136904567e-09,0.0180799290054882,0.844216141121555
"TCGA.09.2048.01A",0.0151324534750402,0.0854643287718847,0.025684287744294,0.00870700116383538,1.13285456917516e-08,0.0409029825349755,0.824108934981424
"TCGA.09.1674.01A",9.31939740514883e-07,0.0377046994940195,0.0082110307623744,0.00542417727526352,5.00034382600388e-09,0.00339580200063953,0.945263353527619
"TCGA.61.2012.01A",0.1398985190098,0.0432273948843277,0.00518794632056761,0.0626319159226055,0.00258989727204706,0.0308226098828909,0.715641716707761
"TCGA.24.1847.01A",8.2320040520621e-09,0.0768132848072875,0.00813530102138425,0.106457410775647,0.0331127527838333,0.0523526474762659,0.723128594903578
"TCGA.10.0928.01A",0.00936603818691879,0.0919734662173328,0.00807654788455028,0.00489983554551859,6.3417368584341e-09,0.0324115706546839,0.853272535169259
"TCGA.29.1695.01A",3.11786973692075e-08,3.00008765239041e-07,0.164276059001238,0.0678530458650324,0.0140463534265883,0.000144126634831995,0.753680083884847
"TCGA.61.2016.01A",1.40865355721109e-07,0.0628752904798443,0.00848981009543973,0.0570374943928747,6.03032137569564e-08,0.0205699709135729,0.851027232949699
"TCGA.23.2081.01A",3.26227201298764e-08,0.0206702513805137,0.0723723614529941,0.0139654497133446,1.57383549545183e-08,0.00332476593158422,0.889667123160488
"TCGA.25.2397.01A",1.12057157947957e-07,0.0327068293245456,0.000445250679260364,0.0216401650411805,1.06852468713018e-06,0.00857551186397151,0.936631062509197
"TCGA.13.1501.01A",0.0154997652048197,0.04188172535277,0.0723576039228647,0.0115289929134932,6.24880385091924e-10,0.0282775437350987,0.830454368246073
"TCGA.24.1604.01A",0.0191366561004777,0.137583241572296,0.0273963771978262,0.0175183114349231,1.00032286969551e-08,0.0571161787292403,0.741249224962008
"TCGA.25.1626.01A",2.06652923777688e-08,6.22164477990214e-06,0.484494335618047,0.103979899750703,1.89276544642975e-07,3.6332766761117e-08,0.411519296711866
"TCGA.13.0888.01A",0.016780234235493,0.091610286131252,0.0129667563669756,0.00127750673521648,1.31270467513787e-10,0.0384966752596231,0.838868541140169
"TCGA.25.1631.01A",0.000875493740716358,0.0897877483225401,0.00819118152031729,0.0270015987330755,2.72957696472302e-07,0.0261027851274065,0.848040919598248
"TCGA.25.1321.01A",0.00613537873378357,0.0899132479238655,0.00842576616718239,0.0154870682484671,4.9406696096003e-09,0.0349113873532032,0.845127146632829
"TCGA.29.1690.01A",8.86245763296772e-08,0.0024086524482724,0.10037869987402,0.0832115655030099,4.34641612695202e-08,0.00991520411065346,0.804085745975307
"TCGA.13.1511.01A",4.1914417055635e-08,0.00562369557390258,0.0608663565590655,0.019766725511238,4.51426420235568e-07,5.03593991367555e-08,0.913742678655557
"TCGA.25.1328.01A",0.00577721860752289,0.0696092920345733,0.128334623998657,0.0201913181623141,3.10250117896443e-09,0.0367676982424365,0.739319845851995
"TCGA.09.1662.01A",2.01116543950059e-08,0.0430492820470168,0.0177683322056299,0.0266020781904516,0.00866175343783297,0.0184303120641078,0.885488221943307
"TCGA.13.0911.01A",4.06546524054721e-07,0.112948688988486,0.0840065092471209,0.101236505671527,2.16136282487025e-07,0.065401182849448,0.636406490560611
"TCGA.13.0727.01A",0.0122089810432338,0.157960752329258,0.0248600892459218,0.0295389098729999,1.2958880784928e-08,0.070359025018007,0.705072229531698
"TCGA.10.0933.01A",0.0188375068182646,0.102831423930449,0.0188727101375471,0.00274189946806572,7.06260561084717e-09,0.0482581772075112,0.808458275375557
"TCGA.61.2111.01A",5.79817340168116e-08,0.0304492770533957,0.0306685878977223,0.0257533424164142,3.08382513115575e-09,0.0109075221348144,0.902221209432094
"TCGA.29.1696.01A",8.89782369139213e-09,0.027042710199811,0.00481693568215092,0.015796336097973,6.98559308672495e-11,0.0146409394828629,0.937703069569523
"TCGA.23.1024.01A",0.00708109079383419,0.0725278705468059,0.00330348751187131,0.0083226988289609,1.74436344377076e-09,0.0391043462764834,0.869660504297681
"TCGA.25.1329.01A",4.84395217339207e-07,6.37936472233727e-06,0.110293279616522,0.0568858346157405,6.62833183535945e-06,8.74999227344143e-10,0.832807392800963
"TCGA.23.1110.01A",0.0198502586608246,0.117296336417448,0.0135565074541254,0.00291014051304912,3.02113795140647e-09,0.0452875688333853,0.80109918510003
"TCGA.20.1684.01A",2.48419135383068e-07,0.0558508516919521,0.0133340445115067,0.0113923681935438,1.00600390278697e-08,0.0202987876396163,0.899123689484207
"TCGA.24.1428.01A",2.00783296098619e-08,0.0337092705427688,1.37889085226899e-08,0.0664139529407857,0.00203602310195962,0.0124309866369881,0.885409732910259
"TCGA.13.0795.01A",5.67358262578733e-06,1.31838852330758e-08,0.0143314632225315,0.0795055343246906,0.00985983581652977,7.8533876280265e-07,0.896296694530974
"TCGA.13.0900.01B",4.50974583670089e-09,5.44279733597423e-08,0.188353491782231,0.0355361763038576,3.1329762121434e-07,1.76571450615771e-08,0.776109942021426
"TCGA.13.1410.01A",0.00381556843258794,0.0746675175015103,0.0605446414776314,0.0391927191176898,7.89524483622518e-10,0.0309124752717399,0.790867077409316
"TCGA.23.1026.01B",0.00355638957761492,0.114046282778641,0.0516557556587991,0.03891088821685,5.0770078918836e-10,0.0685436434423059,0.723287039818089
"TCGA.23.1032.01A",0.0117621427730017,0.0389475976850094,0.00841984233319723,0.00463999361082445,8.61499519570142e-09,0.025084149227723,0.911146265755249
"TCGA.13.0760.01A",5.28273130818942e-06,2.90725138623431e-05,6.79361964358233e-07,0.103835658019797,0.0198756203457811,1.81015343584701e-05,0.876235585492928
"TCGA.23.1028.01A",0.0184359404431731,0.0912591681403606,0.0197726817874167,0.00224323564414039,1.87492424113778e-09,0.052773921081672,0.815515051028313
"TCGA.23.2078.01A",0.00261289973259131,2.08607846479429e-10,0.11891547476711,0.0476218520780483,0.0072476120957754,3.55296083777053e-07,0.823601805821784
"TCGA.57.1584.01A",6.47583916530111e-07,0.0643026172744886,0.00412326164387975,0.0328440993049308,3.52762222695096e-09,0.021472470198362,0.8772569004668
"TCGA.13.1496.01A",0.0120956110941858,0.0351148344332942,2.33966254139649e-09,0.055578411801862,0.0162743080959342,0.0162508340773281,0.864685998157733
