"","cellFractions.B.Cells","cellFractions.Endothelial.Cells","cellFractions.Fibroblasts","cellFractions.Macrophages","cellFractions.NK","cellFractions.T.Cells","cellFractions.otherCells"
"TCGA.A5.A0R8.01A",5.60419321247881e-07,0.0771912698788439,0.0255582469574174,0.0252894439548091,1.20525773251612e-07,0.0376859007615801,0.834274457502255
"TCGA.A5.A0G3.01A",0.0195537584447595,0.146856873340054,0.0207493782429519,0.00702473127388101,3.23690247679607e-09,0.055394341706616,0.750420913754835
"TCGA.AP.A054.01A",0.00743269442845985,0.0368800495285405,0.0174991280966405,0.00674193074708618,0.00428092527430343,0.0167134988629305,0.910451773062039
"TCGA.A5.A0GX.01A",5.27306003577067e-07,0.333220989988749,0.0241245908202724,0.0244402930444563,5.02308208088588e-07,0.0420182134587952,0.576194883073516
"TCGA.DI.A2QY.01A",0.00998738495789312,0.0621110240657286,0.0141443777590757,0.00320986186460619,3.78693294148028e-10,0.0255618308478131,0.88498552012619
"TCGA.EY.A1GC.01A",0.136774128312858,1.38675863465437e-07,2.08788068188704e-08,0.0930716178356776,0.0209845499294306,0.00507528769911868,0.744094256668245
"TCGA.A5.A0GI.01A",0.000283676260696874,0.0720450275997932,0.0194219096879608,0.0138036359496542,1.27784219988615e-08,0.0291396508087116,0.865306086914761
"TCGA.D1.A17S.01A",0.0235412006102282,0.0124280921947011,0.0151182723991829,0.00612138358113448,2.16370299022533e-08,0.0195899635281826,0.923201066049541
"TCGA.EY.A5W2.01A",0.0293396069763039,0.0700786741115885,0.0552089189613388,0.0228989574637266,4.45766372209688e-08,0.0685503064524268,0.753923491457978
"TCGA.D1.A1NU.01A",2.18655618203634e-08,0.0527037744921771,0.00857953496413742,0.0282518526228121,3.58897238132837e-05,0.0263703706731511,0.884058555658347
"TCGA.BG.A18A.01A",2.15441850608231e-06,0.28018879167495,0.0682993079291646,0.0214292040817925,3.32327490335761e-08,0.0509143987973479,0.57916610986549
"TCGA.AX.A06B.01A",0.0182007632451663,0.166519034412767,0.111735955697694,0.0191591012525889,1.75158948126191e-09,0.0571570561266969,0.627228087513497
"TCGA.E6.A2P9.01A",1.04853837822115e-07,1.45929419782727e-05,0.08525944919582,0.014966980071213,0.0166488007740942,2.03411617226075e-06,0.883108038046885
"TCGA.PG.A917.01A",0.00877053385406805,0.0588640788988697,0.0436901550978774,0.0455329632702168,0.00572784323901327,0.0846975275419123,0.752716898098042
"TCGA.AX.A3FS.01A",0.00633457575183419,0.107125998738518,0.124291206379939,0.00953619943400248,4.80404893650631e-09,0.0219344382871379,0.73077757660452
"TCGA.A5.A2K4.01A",1.17673463909625e-07,0.0282904823142774,0.0772887788767295,0.0281736987487959,1.28229284911015e-07,0.0136124838961677,0.852634310261281
"TCGA.D1.A1O0.01A",0.010707436288302,0.0215722288206022,0.0220717508121383,0.0126910942723362,7.48357024923163e-07,0.0175879806356696,0.915368760813927
"TCGA.B5.A0JS.01A",0.0122892736861611,0.0486853024132461,0.0574891867444416,0.0247264502110348,0.0720395906971243,4.20205007307258e-07,0.784769776042985
"TCGA.AX.A1CE.01A",6.54519472399599e-09,0.0260515357531467,0.0166156428117338,0.0114979771129633,0.00041668573339317,0.014865839556027,0.930552312487541
"TCGA.D1.A17F.01A",2.8740897404787e-08,0.0178238475156804,0.00258532271090675,0.0241861316029541,3.21609021154918e-08,0.0285465110050322,0.926858126263627
"TCGA.EO.A3AV.01A",0.110320680055676,0.101997807144325,0.0365911060102292,0.0292096101434246,0.0728624953256857,0.014652822656477,0.634365478664183
"TCGA.D1.A17B.01A",0.0123565589444974,0.140756052324058,0.0233329285537728,0.0703827912608191,0.0189364386916145,0.00962945606184621,0.724605774163392
"TCGA.E6.A8L9.01A",1.26344319576196e-07,0.0138582035752783,0.169351409518999,0.0426884434581359,0.0454497743644687,1.81728389082978e-08,0.72865202456596
"TCGA.EY.A547.01A",0.0111103042224554,0.0232990046935335,0.00121450822984369,0.014068024670618,3.32410712420652e-09,0.0355807301352514,0.914727424724191
"TCGA.AJ.A3OJ.01A",1.26214006295687e-07,0.0294313905969555,0.106492247097683,0.0513027457829867,0.00542136758795907,0.0115068998348837,0.795845222885526
"TCGA.BS.A0TJ.01A",0.00515081205992116,8.65807624680109e-07,0.131238819628058,0.0123594224120797,0.0106073330159044,7.61846544913792e-09,0.840642739457947
"TCGA.BG.A0VV.01A",1.28650882598974e-08,0.0317102364170501,0.0100243885700278,0.0190063656384956,5.82373958099534e-06,0.0189305645837763,0.920322608185981
"TCGA.D1.A16V.01A",0.0264818752120799,0.0363050884355921,0.0113867335391759,0.0198916185639001,1.86218367229712e-08,0.0307497523877236,0.875184913239692
"TCGA.EO.A22R.01A",3.26160775363846e-09,0.0450820926178325,0.0544214127082857,0.0448096205983442,0.00770381966440578,0.00119894331489905,0.846784107834625
"TCGA.BG.A0MH.01A",0.0838290489354553,0.0390954264590566,0.115434366006253,0.0359390213364974,0.00379683267993352,0.0215557879664938,0.700349516616311
"TCGA.EO.A3KX.01A",2.23622454656864e-08,0.0126694307151956,0.0269636536069427,0.00867742523169958,8.37544738889259e-08,0.01849454528533,0.933194839044113
"TCGA.AX.A0IS.01A",8.2325793545374e-08,0.0607974053479096,0.0469754345883193,0.0236237964524789,9.77754462531822e-05,0.0171114673015204,0.851394038537725
"TCGA.EY.A1G8.01A",1.76262223875965e-07,0.0494566294225854,0.0148316240731724,0.0165396669974468,1.53220518149207e-08,0.00600542827263688,0.913166459649883
"TCGA.EY.A1GW.01A",0.137304480438381,0.0227726455952702,1.36743927694646e-06,7.00338444955827e-10,1.34769154634018e-07,4.58596245660525e-07,0.839920912461333
"TCGA.BG.A0RY.01A",1.23904004497729e-08,0.0365601982130669,0.0154706793856208,0.0250123268825671,4.5505160748588e-08,0.00846546678549022,0.914491270837694
"TCGA.D1.A1NY.01A",7.43393702520602e-10,0.0858335455815332,0.0745955345201708,0.0259390545108,4.82743616575328e-06,0.0212782598675535,0.792348777340383
"TCGA.B5.A3S1.01A",2.27714111072605e-08,0.0211403850618387,0.0392752384159739,0.0235334221930472,0.00102351107452985,0.00480061540784819,0.910226805075351
"TCGA.A5.A2K5.01A",0.0118521502663244,0.0892687525891929,0.0334802742757124,0.0447093573483895,7.01686873937555e-08,0.0619885116117896,0.758700883739904
"TCGA.AX.A062.01A",4.71393780437154e-09,0.0382069802917571,0.0486509576535737,0.0121350648688552,3.40901869979443e-09,0.0138503286411204,0.887156660421737
"TCGA.A5.A0G5.01A",0.120136834975227,0.0912566844587747,1.15684256022608e-05,0.177323192392231,0.157541884669882,6.91402262883757e-09,0.453729828164261
"TCGA.AP.A0LH.01A",6.92621282459648e-09,0.0203123926051797,0.013989235855783,0.0114658786553873,1.57624422685188e-08,0.0133817269181153,0.94085074327688
"TCGA.BS.A0WQ.01A",3.18258858475478e-06,0.03133673493457,0.021377951005034,0.0146855912729601,2.37985927580143e-08,0.0149862509863493,0.917610265413909
"TCGA.FI.A2EY.01A",0.0045637845669859,0.031949320026154,0.00557735924313273,0.000567996722291165,1.55584658340782e-10,0.00802418189509816,0.949317357390753
"TCGA.EY.A549.01A",1.49160156490154e-06,0.0183222057734475,0.0196376831217108,0.0216535917116261,1.44070231139593e-07,0.0223199903440968,0.918064893377323
"TCGA.FI.A2D0.01A",6.06277623605658e-08,0.0656489273496163,0.0403192139122239,0.0161168551903976,1.55516884939401e-07,0.024293359057283,0.853621428345832
"TCGA.BS.A0V7.01A",0.0348082673643742,0.185944965175385,0.00212927738377573,0.0126264002117737,7.74219569045857e-09,0.104168577550496,0.660322504571999
"TCGA.B5.A1MW.01A",6.76338544535177e-07,0.0569610344095318,0.0175129049739972,0.0314179181792581,4.83038897696196e-08,0.00202260888207139,0.892084808912707
"TCGA.D1.A17D.01A",1.02756708891972e-06,0.0616922178581515,4.74120230877403e-08,0.0186970113100431,0.00644684275474105,2.43917632687637e-07,0.91316260918032
"TCGA.BS.A0TA.01A",2.05068104105107e-09,0.045573151996377,0.0158219102282213,0.113108187808984,0.466196727510945,1.66323822489551e-08,0.35930000377241
"TCGA.AX.A05Z.01A",6.1387531335904e-08,0.0683323146841082,0.00955606401514787,0.0716944327046072,0.104239634005286,4.01193983275229e-05,0.746137373804992
"TCGA.D1.A17L.01A",0.0330722399723613,0.0341154130132133,3.47938650655241e-09,0.0128160560653412,3.21647658959927e-08,0.0280622727685479,0.891933982536384
"TCGA.A5.A0GQ.01A",0.00127333595005179,0.0297444920145591,0.00149430446606617,0.026268318768803,5.80220391551937e-09,0.0309929338826569,0.910226609115659
"TCGA.AX.A3G1.01A",0.188886673334142,0.0227782458010255,0.00524871217386038,0.0197129686203657,4.61222394312772e-08,0.0375565205992451,0.725816833349122
"TCGA.BK.A0CC.01A",2.18388977000928e-08,0.0349371038019981,0.0368024283099037,0.011404712622013,3.17142461661689e-05,3.6275777384108e-08,0.916823982905244
"TCGA.D1.A1O8.01A",0.253067285357368,0.0510838182776624,8.31397957330211e-10,0.145113773023803,0.131996911248821,5.10523550659986e-08,0.418738160208592
"TCGA.DI.A1NN.01A",2.25966029112799e-08,0.0476432603646858,0.00854887752207811,0.0837942582543258,0.00144086647788927,0.0182427769638493,0.840329937820569
"TCGA.B5.A0K9.01A",5.37149293104838e-08,0.031123508283998,0.0493629919660198,0.0176566018211194,2.14593688288734e-08,0.0266701439116393,0.875186678842925
"TCGA.FI.A2CY.01A",5.24414620538344e-08,0.0819997507928975,0.00469547837227994,0.0605325440056923,4.13908109755399e-08,0.0558045515659325,0.796967581430925
"TCGA.AP.A1DR.01A",3.89229810908308e-06,0.0270647904471989,0.0261257537601169,0.0172761220171142,0.0073138505446991,0.0172761107144577,0.904939480218304
"TCGA.B5.A11Q.01A",0.00375429063988885,0.0215286157377074,0.00218304699241651,0.00228676235536581,4.17284820603556e-11,0.00850474583794166,0.961742538394951
"TCGA.BS.A0U7.01A",0.0374197147088894,0.238397008527404,0.137895986348496,0.0208185262450301,1.98632492223869e-07,0.0894416372492203,0.476026928288467
"TCGA.A5.A0VQ.01A",0.000145026031198769,0.0887768181109779,0.023126258380679,0.0227366264394209,1.49393891426172e-08,0.0245725647113922,0.840642691386942
"TCGA.BS.A0TE.01A",6.16665762397473e-09,0.0311205714557166,0.0233645360671737,0.0197611541319965,0.00228413931581335,0.0230008032909709,0.900468789571671
"TCGA.BS.A0T9.01A",2.01200001091077e-07,0.0851588749727956,0.0826969402743045,0.0252339101947244,1.33161809096299e-07,0.0387259496387415,0.768183990557624
"TCGA.AW.A1PO.01A",0.000783433476108634,0.0169783011509833,0.0134666446222623,0.00667428017001985,8.08003318844562e-09,6.53878146283494e-09,0.962097325961811
"TCGA.AJ.A3I9.01A",1.10626019498085e-08,0.000615309875842227,0.0241664944526472,0.0122864456096155,2.62081634818876e-08,1.00458579201527e-05,0.96292166693321
"TCGA.AJ.A8CV.01A",3.90196142840767e-08,0.0558175643265579,0.0298143024595361,0.0358225668650272,0.00474524981810027,0.0355000222206293,0.838300255290535
"TCGA.B5.A121.01A",2.49106276821473e-08,0.0347492605068431,0.0202387978121104,0.0158201680950734,1.17396113568962e-07,0.0195865169170492,0.909605114362183
"TCGA.AX.A1CN.01A",2.51941883830416e-07,9.73917967145663e-08,0.110757683492719,0.00769710076005367,1.98280038111742e-05,8.0268454228536e-09,0.88152503038289
"TCGA.BK.A139.01A",1.95108666927938e-08,0.0685708461558705,1.69656748351472e-06,0.0325035123167513,2.40143729553837e-08,0.0289766506236941,0.869947250810961
"TCGA.EY.A1G7.01A",7.85217206660907e-08,0.0556866978997058,0.029366993449105,0.0119530922117582,2.04689175640366e-09,3.21190737648175e-07,0.902992814680081
"TCGA.BK.A6W3.01A",0.00363538141264013,0.0308069325190436,0.0474503422853107,0.0437686333775676,4.42348300903282e-08,0.0539524145360185,0.820386251634589
"TCGA.FI.A2CX.01A",6.22131867763748e-06,1.0191320687312e-05,1.48913391745226e-05,0.999958610597708,7.65501755847255e-06,2.4206128804423e-06,9.79331410533327e-09
"TCGA.DI.A2QU.01A",4.61266796593031e-07,0.0206359776119717,0.0143148275439376,0.0149351129322294,2.17600960154526e-08,0.0121567509098918,0.937956847975077
"TCGA.AP.A0LT.01A",5.95091011452643e-08,0.0240500200742375,0.0172760213748128,0.0184610069968149,2.63435858519206e-05,0.0307358621980579,0.909450686261124
"TCGA.EO.A3AS.01A",0.0261630327597124,0.05764198715727,0.0578968486202022,0.0211427571254838,3.3461086433639e-08,0.013060555127863,0.824094785748382
"TCGA.E6.A1LZ.01A",2.116728659336e-07,0.0379984590300622,1.48579556163885e-08,0.0287041055721592,0.0109653094806077,0.00487024698886739,0.917461652397482
"TCGA.AP.A1DO.01A",1.75170882793038e-07,0.0190846454987699,0.00187350313720315,0.00401992810014507,0.00821732769243366,0.020792985553826,0.946011434846739
"TCGA.AX.A2HC.01A",0.00871965985113882,0.113145084050558,0.0277224822416853,0.0140113389602241,2.78520985236006e-08,0.0197236492501418,0.816677757794154
"TCGA.EC.A1QX.01A",1.6099908742373e-07,0.0499705564783819,0.0435693816028768,0.0318475863481799,0.0428836496091409,6.8668104373593e-08,0.831728596294229
"TCGA.A5.A0GB.01A",0.00235566862762823,0.0191215639822454,0.0133036891954535,0.00842640766050005,0.00998040329701837,0.0159568027032185,0.930855464533936
"TCGA.B5.A11Y.01A",2.07243309821093e-08,0.0610247018451764,0.0016168206000198,0.0554529290979077,0.0290002747126383,0.0262744369441453,0.826630816075781
"TCGA.AJ.A3IA.01A",9.21251900293344e-08,0.00183907352054053,0.187046523038881,0.0294343626234028,0.00273902840369035,8.33445663091156e-05,0.778857575721986
"TCGA.D1.A1NS.01A",5.11504893442383e-08,0.048723216942923,0.00489990323530184,0.0264123400808003,1.15180309007317e-07,0.012838928615528,0.907125444794648
"TCGA.AX.A2H2.01A",0.0809910240949804,0.0363505877823795,0.00100993893436842,0.0325164101973086,0.0069592527468831,0.0223460499547715,0.819826736289308
"TCGA.D1.A162.01A",9.10567225974357e-08,0.0627298324236704,0.0274597343710135,0.0297147035550852,4.10151649483544e-08,0.0159720104872588,0.864123587091084
"TCGA.AP.A0LG.01A",6.2097318029724e-07,0.0857116392759486,0.0261559559015984,0.0164685267223837,8.17585467419229e-08,0.0229997244919575,0.848663450876385
"TCGA.DF.A2KN.01A",6.26994927653619e-08,0.0747112754230006,0.052643989079646,0.0934409580773473,0.0472285951363863,0.029927257369615,0.702047862214512
"TCGA.AX.A1C4.01A",3.3679226394809e-08,0.0517122857892761,0.0165679478588776,0.00627131509850311,1.19668494658216e-08,0.0059995930769167,0.919448812530351
"TCGA.AJ.A3EJ.01A",3.60865882346562e-08,0.142370518227651,0.0991423061951457,0.030495294843342,8.69218913003235e-09,0.0171031540367265,0.710888681918357
"TCGA.BK.A26L.01C",1.29276991678298e-08,0.000103397537863751,0.129692053577141,0.0127470939758819,1.326615422125e-08,8.7352094353773e-08,0.857457341363166
"TCGA.A5.A2K3.01A",2.63344364950523e-05,7.01799069892856e-06,7.97931433594875e-08,0.99996440588597,7.0911249061036e-07,1.41382953602162e-06,3.8951665822416e-08
"TCGA.AP.A05H.01A",0.00569814274785338,0.0473911500854207,0.075474671338228,0.00264285514575904,7.76994761514726e-08,0.0143682250777218,0.854424877905541
"TCGA.AX.A3FV.01A",2.93931455205992e-06,0.0221521599158417,0.00122712672812951,0.0116688339705514,0.00171588147142093,0.000407163279916388,0.962825895319588
"TCGA.D1.A16F.01A",2.11641513537036e-08,0.185634840239635,0.0672525210410638,0.0391304380414033,4.52354937279805e-07,0.0281384986137953,0.679843228545014
"TCGA.JU.AAVI.01A",0.0321740446181114,0.0344062306507185,0.0115798187562432,0.0447482199440348,0.0867478904571983,1.35556491472273e-09,0.790343794218129
"TCGA.AX.A06L.01A",0.00798241621886406,0.0694421491112765,0.027807186169796,0.0185940418846045,1.20518883006778e-08,0.0526332405857932,0.823540953977777
"TCGA.BG.A3PP.01A",3.17988577541714e-08,0.0732267497898854,0.115221528254998,0.0146992480201877,8.23958091530883e-09,0.00686207530399944,0.789990358592491
"TCGA.B5.A1MU.01A",1.27765382985158e-07,0.19411464997867,0.240938512967096,0.0848098765339215,0.218855476754527,2.15816674115252e-08,0.261281334418735
"TCGA.A5.A0RA.01A",1.04176871746983e-07,0.0400721827699197,0.0187043528915647,0.0240927378573651,1.00906796991474e-08,0.0167626342047586,0.90036797800884
"TCGA.BG.A0MK.01A",0.00396040788181496,0.0189424322136877,0.0634573891707836,0.0145807504473385,2.16742926555764e-08,0.0122301890122655,0.886828809599817
"TCGA.EO.A3L0.01A",1.00882758363378e-07,0.0645630321729319,0.0541622691815129,0.0164497603738323,1.09564753914827e-07,0.036887722413367,0.827937005410844
"TCGA.B5.A3F9.01A",9.23158124371317e-07,0.0144745760878135,0.0434889122647635,0.0356071502817871,8.5077119808556e-08,0.0259469292352877,0.880481423895104
"TCGA.AJ.A2QO.01A",4.55457934357384e-07,0.022298763725503,0.0171262057053539,0.0166121455595752,0.00252938051462735,0.00280591673709978,0.938627132299906
"TCGA.D1.A0ZO.01A",2.91847680960328e-05,0.128137362803211,0.103016576917084,0.0164055077631813,8.93019368926099e-10,0.0538067444534592,0.698604622401949
"TCGA.AP.A1DM.01A",0.00841764840627256,0.0398109731767344,0.0525691405821243,0.00494794042187738,2.41935874612352e-08,0.0258974687202896,0.868356804499114
"TCGA.SL.A6JA.01A",0.00120959533626429,0.0319849662850937,0.0107242234697163,0.0105311783499877,5.20546621910246e-08,0.0112001831236634,0.934349801380613
"TCGA.EO.A22T.01A",0.00589054758105014,0.0880237731572326,0.0596731928195308,0.0253785431370034,0.0112066372239456,0.039470087272685,0.770357218808552
"TCGA.B5.A11V.01A",0.0262429721489151,0.0728503117183772,0.0448063761825067,0.00737894755267133,7.14047273991103e-08,0.0281841553908404,0.820537165601962
"TCGA.AP.A051.01A",0.0191886941442613,0.0530737669318483,0.0314669862415981,0.0385969956324674,4.63615072027745e-08,0.0360760155270146,0.821597495161303
"TCGA.AJ.A2QL.01A",2.02351707186558e-06,0.0185223165318135,0.0426941064748631,0.0557266420608753,0.0339177899126242,0.0131692884505442,0.835967833052208
"TCGA.BS.A0TC.01A",6.45458782940173e-08,0.0339860939875923,0.00729589513473352,0.0252332423520155,2.18664404883542e-06,0.0116146967720101,0.921867820563721
"TCGA.B5.A1MS.01B",2.44428341563825e-06,0.00561670255360854,0.0490923920547448,0.00633859004087183,0.00341593530381865,1.6410082851739e-08,0.935533919353458
"TCGA.A5.A0R9.01A",0.00174630597622746,0.0967547561328514,0.0433739260594443,0.0328948453940416,2.83998797492384e-08,0.0478221747301014,0.777407963307454
"TCGA.A5.A0GV.01A",1.35589003353374e-07,0.0441874569896959,0.00975680046272991,0.0085169342237369,3.35301476121379e-08,0.014335294391768,0.923203344812918
"TCGA.B5.A1MZ.01A",8.58515723036381e-08,0.0134928298758976,0.0653777594077048,0.0297914189645276,1.45898487651183e-07,0.0183201133522464,0.873017646649564
"TCGA.D1.A1NW.01A",0.0088316701244904,0.0311079167268574,0.0112093683714136,0.0204934873540784,0.00538208573951549,0.0247762197855647,0.89819925189808
"TCGA.AX.A2HF.01A",1.12218087049742e-08,0.0310517517203614,0.0115016378439962,0.0327437868952847,0.0206555157312057,4.61103382917408e-08,0.904047250477005
"TCGA.A5.A2K2.01A",1.45412132991961e-11,0.0282772619109514,0.0141042651622785,0.0227613758845425,3.19134393305739e-05,0.00902487369382379,0.925800309894532
"TCGA.D1.A102.01A",2.01831557344505e-05,0.0406099392377348,0.0782296164064312,0.0364953907436359,2.47986202645662e-07,0.0356017154363478,0.809042907033913
"TCGA.BS.A0UL.01A",0.0256513324803217,0.341486077418326,0.193341892866637,0.00842547990353751,3.22977379841542e-08,0.133629467615437,0.297465717418002
"TCGA.BG.A0MA.01A",0.0436968935075153,0.0732103829386451,0.067168447003268,0.0165965877198673,1.52609121978621e-07,0.0561003746312343,0.743227161590348
"TCGA.EO.A1Y5.01A",3.07494900705317e-08,0.0821514672029545,0.014935925141017,0.0535464389757831,0.00964465789962602,0.0575428912659767,0.782178588765153
"TCGA.EY.A1GL.01A",1.0572197821241e-05,0.0468666608346615,0.0426017182253316,0.0232049175598546,1.24633424851946e-07,1.55470966825438e-06,0.887314451839238
"TCGA.A5.A2K7.01A",2.55438007586295e-06,0.0680017045920371,0.0907017281928848,0.0321168440043727,1.37696046241979e-08,0.011106435987868,0.798070719073157
"TCGA.EO.A2CH.01A",6.27302648889446e-07,0.0400272698546472,0.000337016809766539,0.0137307537174473,1.08756268411127e-08,0.00980349911074021,0.936100822329123
"TCGA.A5.A3LO.01A",0.00152291173537811,0.0407552183460718,0.0469872663751335,0.00754265583284089,1.06563693786925e-07,0.032518765137101,0.870673076009781
"TCGA.EO.A3B1.01A",1.42797405660753e-06,0.103120165293865,0.0699626487976858,0.030025603951631,0.0105351939014764,0.0398669434350043,0.746488016646281
"TCGA.AJ.A3NC.01A",1.62956345145711e-07,0.0469334202311815,0.0182186216249082,0.0184527450486444,4.16838570384729e-08,0.0158167159056935,0.90057829254937
"TCGA.B5.A11U.01A",0.00884934092576962,0.269255656547371,0.17701465785136,0.0113402900449195,2.2970817817478e-08,0.00768311716550186,0.52585691449426
"TCGA.D1.A168.01A",8.76381419251095e-08,0.474664693490686,0.178945699402866,0.0182713541401622,8.18645751118134e-09,0.0468617173833895,0.281256439758297
"TCGA.AP.A0LV.01A",3.30897128470216e-08,0.0810079642246651,0.0671851303961514,0.0313475084519884,7.40692216285761e-07,0.0142799452505149,0.806178677894751
"TCGA.A5.A0VP.01A",5.44696566964648e-10,0.0327749561751612,0.00298741487068704,0.0140361260047221,1.69007641370353e-07,0.0144559236781303,0.935745409718961
"TCGA.BK.A0C9.01A",0.000758182237876539,0.0652011511451904,0.0354580415959008,0.0335449293535578,7.49891271568347e-07,0.0620862192423584,0.802950726533845
"TCGA.D1.A16N.01A",1.86351704586519e-07,0.117477107103076,0.0294897590414089,0.0410707708129772,0.00019387383181577,0.0211826191383003,0.790585683720717
"TCGA.K6.A3WQ.01A",0.00188145371323138,0.0607566208413231,0.0270603512426055,0.0118414919079962,1.98258351338247e-09,0.0220533045914778,0.876406775720783
"TCGA.D1.A3JP.01A",0.00352155863220294,0.011164877819468,0.0394717390243082,0.0360535206890223,3.74276524600588e-09,0.0313762372907314,0.878412062801502
"TCGA.QS.A744.01A",1.31619804349995e-07,1.10002407073445e-07,0.137599916990798,0.0164339281039361,4.38606762713144e-06,5.0927973703172e-05,0.845910599241725
"TCGA.BK.A4ZD.01A",0.00987654828450812,0.0144622257132424,0.038034257395809,0.0104216874225638,8.99631930490673e-09,0.00480013263390958,0.922405139553648
"TCGA.AJ.A2QM.01A",8.38898821930406e-08,0.039377136167453,0.0380024448960697,0.031649728542653,1.41895506598564e-08,0.0156254482526233,0.875345144061768
"TCGA.FI.A2F8.01A",4.11332160271038e-07,0.0807326770370615,0.0362104330137687,0.0139751185285413,1.58050677385351e-09,0.0196147016796132,0.849466656828348
"TCGA.AX.A1CA.01A",0.0390531974082465,0.108898231939478,0.00881073171076931,0.0100494678905256,1.24778152806254e-08,0.065500634498075,0.767687724075091
"TCGA.EY.A1GQ.01A",0.0112562478294845,0.21408938374215,0.0676207715911658,0.00311352567179355,6.80489072539584e-09,0.0556599807609687,0.648260083599547
"TCGA.DI.A1BY.01A",0.041392339392405,0.0840858495331222,0.0415210893947032,0.00834667111758909,7.68224867983787e-09,0.0446626346739107,0.779991408206021
"TCGA.BG.A2AD.01A",2.17812689435598e-07,5.470269447859e-07,0.118581798728316,0.0102507723793293,5.79092480918524e-07,6.05227833847345e-06,0.871160032681901
"TCGA.EO.A3B0.01A",0.0252453518935947,0.174640028274928,0.107905488269688,0.0560591537938126,9.52591423224451e-08,0.0616255538771316,0.574524328631703
"TCGA.D1.A16X.01A",0.0468174947989259,0.0623443503687237,0.00538452559919868,0.0485775351931438,0.00288145127035579,0.0568156075755336,0.777179035194119
"TCGA.EY.A1H0.01A",4.87162626970327e-07,0.0208479249102879,0.0136564228517321,0.0125425472551896,1.50889546236034e-07,0.00998990040123145,0.942962566529386
"TCGA.B5.A3FD.01A",9.46927025840508e-08,0.0511764385644897,0.0319521109279704,0.0212545332743017,4.66904722219902e-09,0.0142601266958982,0.88135669117559
"TCGA.BG.A0YU.01A",0.0144626852085939,0.0227419755645651,0.0319908690221566,0.00379235869469117,4.26032925637651e-08,0.0139932586000603,0.91301881030664
"TCGA.EO.A3AY.01A",0.00421861189817282,0.0698558830769719,0.0229074472764371,0.0355747093042692,0.0518722021721497,0.00680126882289026,0.808769877449109
"TCGA.EY.A548.01A",0.0343127166667717,0.000937615397503644,0.0440180287477647,0.0161148959635664,2.20602599438097e-07,0.0432330242068727,0.861383498414921
"TCGA.D1.A16E.01A",5.33609050894394e-05,0.0851120444468789,0.019184704548478,0.0493679661792755,1.62831320310236e-08,0.0256136426936665,0.82066826494348
"TCGA.AJ.A3NE.01A",6.25955010467327e-09,0.0290994707897484,0.0606062132356544,0.0320458160221571,0.00175092064419904,0.0211218077042084,0.855375765344483
"TCGA.BS.A0TD.01A",2.48029998660438e-09,0.0349671176932038,0.0121386676701972,0.0155222020924323,3.21060803197028e-07,0.0265527422245934,0.91081894677847
"TCGA.EY.A2ON.01A",1.65527063918744e-07,0.0384081445250766,0.00365810111968097,0.0274315139934846,6.47420277292488e-08,0.00161798031785618,0.92888402977481
"TCGA.D1.A0ZP.01A",1.44487802987027e-06,0.0188416039971383,0.060675946985647,0.0147422444530553,7.04227304025108e-09,2.5669022968145e-06,0.90573618574156
"TCGA.EY.A1GT.01A",6.88635867329488e-06,0.166014506145914,0.0584355649900876,0.0210576472868029,5.63032644299557e-08,0.0293135362492446,0.725171802666013
"TCGA.BK.A0CC.01B",2.09673946365407e-08,1.29087543290571e-05,0.141609646623526,0.00748501416718914,1.13729080208688e-08,4.6840223164953e-09,0.850892393430631
"TCGA.KP.A3W4.01A",6.56259685522523e-09,0.0249950535355246,0.140877392807619,0.0220076698853653,0.000119623589052735,9.16053738904598e-07,0.811999337566102
"TCGA.FI.A2D6.01A",0.00436158426554564,0.213947563048985,0.0149444181742645,0.109377860526923,2.67895588698245e-09,0.136007668245588,0.521360903059738
"TCGA.BG.A0MQ.01A",2.61875320842745e-07,0.0498379471243713,0.0109836668027466,0.00757888805005486,4.76888135698191e-07,0.000924746940766717,0.930674012318604
"TCGA.D1.A16Y.01A",0.000385669789852296,0.158291066579166,0.0188880281344268,0.00997054707866024,1.6890677741321e-07,0.0111959899230554,0.801268529588062
"TCGA.A5.A0R7.01A",0.0213311555515277,0.080048262777062,0.108704709460448,0.00461608346919992,2.19123889922486e-08,0.042566039359542,0.742733727469831
"TCGA.BG.A186.01A",0.01671217785375,0.0369408980784314,0.0282124681801082,0.0152524431263358,2.18817699171169e-08,0.0164998859343636,0.886382104945241
"TCGA.AP.A05O.01A",7.70344298375106e-08,0.0313809817510505,0.0217513040167311,0.0680222976771967,0.000309902220156187,0.0262308165399631,0.852304620760472
"TCGA.AJ.A3BF.01A",1.13789466103427e-06,0.0418297553511707,0.0240767881743739,0.0173960724397714,6.40389064965402e-05,0.0104949141434864,0.90613729309004
"TCGA.BG.A0VT.01A",8.77363845986221e-08,0.0597389590678406,0.0324940119244901,0.0113255993959178,1.24660332506716e-08,0.0142450319602914,0.882196297449042
"TCGA.AP.A0L9.01A",2.78068612210858e-08,0.0418223363966686,0.0174031724654798,0.0172210198992398,2.16766030101454e-05,0.0139308469139279,0.909600919914812
"TCGA.AX.A1C9.01A",0.0320359180197618,0.0224444884665987,0.0207766886500213,0.032124671038739,1.00612168920573e-07,0.0215906262657462,0.871027506946964
"TCGA.D1.A16R.01A",9.26602444337023e-08,0.105463144247124,0.0506756322659263,0.0334285482683882,9.5353200592927e-08,0.0354989524661182,0.774933534738998
"TCGA.BG.A3EW.01A",7.32651228015356e-08,0.0765985984879515,0.0181167519953163,0.0203902852007729,9.07406425024354e-08,0.0068911664494419,0.878003033860752
"TCGA.AX.A2HD.01A",1.70852981689423e-07,0.0622436591261273,0.0246539772422764,0.0273759167299719,2.24886143437678e-08,0.00770725015079501,0.878019003409233
"TCGA.AJ.A3TW.01A",2.7482232640076e-08,0.00690306832082064,2.76804709506379e-10,0.086742076234822,0.0115151408134325,2.5437122347267e-07,0.894839432500664
"TCGA.AJ.A3OK.01A",0.000251466376853606,3.82109329624657e-07,0.108390861492346,0.0116870133997517,0.00543696207406125,0.0105512210134053,0.863682093534253
"TCGA.FI.A2EW.01A",0.0035034792888434,0.032873954648365,0.0132386761690003,0.00696282004859293,6.57068769984208e-09,0.014121682248618,0.929299381025893
"TCGA.BG.A0M2.01A",0.0084670666382922,0.0338617946972302,0.0192937017349744,0.00712077754676351,1.52774867378242e-07,0.0325919295577109,0.898664577050161
"TCGA.AX.A1CI.01A",0.00391882547932399,0.0107703412619383,0.00908488294328267,0.00776168603490202,3.05271359173575e-08,0.0113472056065486,0.957117028146869
"TCGA.A5.A0GR.01A",0.280164673985096,0.0263837874473209,0.00377757983962811,0.0161739965909681,0.0284777224414265,1.10738115250305e-07,0.645022128957445
"TCGA.D1.A0ZN.01A",2.99978028219127e-08,0.119390141014566,0.0673564796639341,0.035799883508503,5.80956304157625e-08,0.0372543781694113,0.740199029550153
"TCGA.BS.A0TG.01A",1.67700434012742e-07,0.0549004203221713,0.116416062201231,0.0536365605508779,4.02430236591433e-07,0.0100885741584849,0.764957812636565
"TCGA.BG.A0MO.01A",1.35603910175193e-05,0.0470479152209512,0.00291417375923152,0.0215668752931701,3.72701189583e-08,0.0463197301941065,0.882137707871404
"TCGA.D1.A15X.01A",0.0105259615947882,0.0290084623944855,1.51183912266567e-08,0.0220215503034296,0.0751400388150456,1.54615433021559e-07,0.863303817158427
"TCGA.B5.A0K8.01A",0.000451870327372934,0.026527822609449,0.0190311530503167,0.0121968528542452,0.0163841010316984,0.00827387848289989,0.917134321644018
"TCGA.DI.A1BU.01A",6.69307315195475e-09,1.63042498867432e-05,0.11246483115912,0.0242298368343341,0.0181058360162365,1.88596301018148e-07,0.845182996451049
"TCGA.EY.A1GI.01A",5.54977272846212e-08,0.0174074113237223,0.0662135357714375,0.0248510795654953,2.42558351151201e-07,0.0177738961758103,0.873753779107456
"TCGA.EY.A215.01A",2.13056261865404e-08,0.0141340088168983,0.00698103455512436,0.00386619219595661,0.0286061131478361,0.01910234073111,0.927310289247449
"TCGA.D1.A3DG.01A",3.11287577857606e-08,0.0383063230181518,0.00682769524377162,0.0308590556217031,1.61655947198859e-05,3.00134420464887e-09,0.923990726391552
"TCGA.EO.A22U.01A",0.0441305883040953,0.013822060722541,0.0397040339483269,0.0112081035054068,1.90289074722656e-07,0.0456800536751566,0.845454969555399
"TCGA.AX.A3FW.01A",2.11562712969063e-08,0.00416376259883601,0.00629289078621188,0.00596293746416417,2.00196698102088e-09,0.00424512563557293,0.979335260356977
"TCGA.AP.A1DP.01A",0.000775365304971461,0.0330937479798169,0.0187441793488852,0.00985772024388912,3.69015257941979e-09,0.0135359559392372,0.923993027493048
"TCGA.A5.A0GG.01A",0.0356231441278833,0.226399553608916,0.0836717798930416,0.0221650407853297,1.60031550099522e-09,0.0560618717317688,0.576078608252745
"TCGA.AP.A05D.01A",1.56148933979319e-08,0.0439508173911153,0.015207579647039,0.0553845025739322,0.0256572028715672,1.37947459071744e-06,0.859798502426862
"TCGA.KP.A3W3.01A",1.52640685913945e-06,0.0701084013817906,0.0189923325821495,0.0558756615430032,2.58640447739588e-09,0.0289585755702426,0.826063499929551
"TCGA.B5.A5OC.01A",0.0312237991167703,0.102712813655622,0.132972204685384,0.0455818017599673,0.0193769511556844,0.0767346106234138,0.591397819003158
"TCGA.BG.A0MU.01A",0.00202119002870087,0.0687193260361645,0.00313324661232154,0.0203974506516615,3.42221719846951e-07,0.0354999158003206,0.870228528649111
"TCGA.D1.A0ZV.01A",8.65922862520653e-08,0.0446267147890535,0.0173778815890386,0.0570317845569315,0.00989871209256865,0.0333488392348551,0.837715981145266
"TCGA.EO.A22X.01A",0.00615409666457988,0.0458092402549853,0.144297744265615,0.0455723917023538,1.96776265695934e-07,0.0158180825918383,0.742348247744362
"TCGA.B5.A11O.01A",1.1321704216321e-07,0.0432846721733293,0.0918883526497379,0.0271020210035152,1.18005973946637e-07,0.0132339906689308,0.824490732281471
"TCGA.QS.A5YQ.01A",0.0471341017613008,0.0109006659285487,0.049144688188524,0.02764610330608,1.24788516649771e-06,0.100990621895372,0.764182571035008
"TCGA.EY.A54A.01A",1.58724554901552e-07,0.050180152867364,0.0551819514243173,0.0354866491579317,2.72139692223254e-08,0.0136575003961842,0.845493560215679
"TCGA.D1.A3DH.01A",1.10583516641495e-08,0.0392220821573934,0.0305576240935895,0.0231615143771139,6.86198627431787e-05,0.000865072193795416,0.906125076257013
"TCGA.B5.A0JX.01A",4.27606220716726e-08,0.0856563754542738,0.0450691864404164,0.0583737914372694,3.50308690123119e-07,0.0398191669435594,0.771081086655169
"TCGA.AX.A3G4.01A",0.0136079398872507,0.308948009843221,0.171223681176508,2.48944395458768e-09,9.18644101269313e-10,0.0519069933260901,0.454313372358842
"TCGA.B5.A0K3.01A",4.04894391070932e-07,0.0267702383091753,0.00455710911242883,0.0240495019754284,4.04381025334454e-08,0.010542423442342,0.934080281828132
"TCGA.B5.A11R.01A",0.00911418675984587,0.039624061455356,0.0166404535763731,0.016940546195233,0.00886783072319586,0.0233467956211805,0.885466125668816
"TCGA.D1.A17K.01A",7.16931372159236e-08,0.026091182125693,0.00460439895958231,0.0141561870612485,5.9374235588812e-08,0.0189351434694309,0.936212957316672
"TCGA.D1.A17T.01A",2.98254188853816e-08,0.0569665690849618,0.00666796449972005,0.0337998651041597,0.00216761964507221,0.0205766032295477,0.87982134861112
"TCGA.5B.A90C.01A",0.00473142296269254,0.0626967765980648,0.0354969313404456,0.0103880457489782,2.21523395469008e-08,0.0153936800904649,0.871293121107014
"TCGA.A5.A0G1.01A",1.7045987607913e-08,1.41250079578725e-05,4.65921302892447e-08,0.178121466202441,0.479604687621243,9.46570210552486e-09,0.342259648064538
"TCGA.DF.A2KZ.01A",9.20655950535317e-09,0.153812046069548,0.0916672049954941,0.0407004058604278,1.18484031990278e-07,0.0360199591613419,0.677800256222597
"TCGA.B5.A11P.01B",2.83499078034628e-08,0.0557180953207965,0.0108069664907643,0.0242839083087669,2.15847666706538e-07,0.00452682977241895,0.904663955909679
"TCGA.A5.A0GW.01A",0.0668649931542645,0.0176238138216617,0.109849479026465,0.046706752447801,0.0364291204002118,0.0102354573716903,0.712290383777906
"TCGA.D1.A160.01A",0.00896740630575139,0.039869994414579,0.024415404500156,0.0191235977420324,5.05896263064648e-08,0.0484318794232511,0.859191667024604
"TCGA.A5.A3LP.01A",1.91293142426663e-07,0.0659169271248189,0.00319424349496818,0.0477228216312178,0.000407897287485655,0.00851740103444168,0.874240518133925
"TCGA.AX.A2HA.01A",4.66093857635942e-08,0.0187047799116706,0.00279175252180391,0.00806942281572329,0.00453638490740254,0.00956880999956216,0.956328803234452
"TCGA.EY.A1GH.01A",2.41899801216643e-09,0.00733819043646237,0.0262864398167814,0.0185539820481392,1.32119226080605e-07,0.00481647654131562,0.943004776619077
"TCGA.AJ.A3EL.01A",0.0926480460605047,0.0231703130531254,0.117143093762476,0.0554024482577985,0.0466174878994503,0.0119145337706172,0.653104077196028
"TCGA.EY.A3QX.01A",0.0169008218590356,0.0322470558758747,0.0131866604823109,0.0155051596018735,7.70873778995521e-09,0.0133796429129687,0.908780651559199
"TCGA.B5.A11F.01A",0.0413983192982779,0.0397325052237722,0.0654384797187094,0.0118081740804661,2.51477275814697e-08,0.0482079761598564,0.793414520371191
"TCGA.EY.A1GX.01A",0.00809881987979313,0.0315233086310511,2.58763276811938e-07,0.00420784738080506,8.57730147199384e-09,3.62951384550709e-09,0.956169753138258
"TCGA.D1.A15V.01A",3.51528725322398e-08,0.0359045035837205,0.00981732688509518,0.0231077468961252,0.0201573784851345,6.18937769324366e-08,0.911012947103275
"TCGA.AP.A0LO.01A",0.000107304007159704,0.00737078314317218,0.0310590926195242,0.0111735530416237,1.1801182789768e-07,0.0128447672385993,0.937444381938093
"TCGA.D1.A1NX.01A",2.05204469707586e-07,0.0634674084415958,0.0207066826661752,0.0160638029264634,3.02472698186421e-08,0.0148021045169473,0.884959765997079
"TCGA.B5.A0JV.01A",0.00191139433273558,0.0410544381829754,0.0264634431297006,0.0152611230852407,2.09847815163675e-08,0.0261556402920238,0.889153939992542
"TCGA.AP.A5FX.01A",0.0346283579949707,0.0253657800376504,0.00886939798228308,0.00194829311370289,3.41534864725114e-08,0.0208182734723442,0.908369863245562
"TCGA.AJ.A3EK.01A",0.0383168215294158,0.0532635035802085,0.0877102607298163,0.0457288288104975,0.00339558538141562,0.0363837735352233,0.735201226433423
"TCGA.AX.A1C8.01A",3.54345777878149e-07,0.0288616844963787,0.014372581646396,0.0107614771953212,1.45709917616364e-06,0.012598288572612,0.933404156644338
"TCGA.AX.A0IU.01A",0.0188125936195256,0.0891154218985797,0.0111923346395647,0.00674665986621074,7.29928020090261e-09,0.035871681749571,0.838261300927268
"TCGA.A5.A0R6.01A",4.68442619460944e-08,0.117595663924561,0.0227174698133158,0.01101227728436,0.00151924925501412,0.0141431594792978,0.833012133399189
"TCGA.BG.A0LX.01A",0.0113043355134648,0.138298649269741,0.0564899629012888,0.00543421791553624,4.10417242960032e-09,0.0442552687594217,0.744217561536375
"TCGA.B5.A11E.01A",0.00709927339207744,0.0599270016857817,0.0173520660662044,0.0123969105120596,0.0015684086709675,0.025596738003194,0.876059601669715
"TCGA.BG.A0W1.01A",0.00464108340700137,0.0473980942828173,0.0107159359280553,0.0094560822346359,1.99752751247869e-09,0.0202964043940275,0.907492397755935
"TCGA.AP.A05N.01A",0.00185873618777854,0.0942257421375908,0.0767461715834233,0.0142450847426782,2.24219492614423e-08,0.0191394821852494,0.79378476074133
"TCGA.BS.A0U5.01A",4.90270811413855e-08,0.0327335200673779,0.0583286027083573,0.0241465677436973,6.67325479361877e-08,0.0133680769765321,0.871423116744407
"TCGA.QF.A5YT.01A",2.32571962011144e-07,0.0795951280302487,0.0435233962165637,0.0229511255513063,3.15285057718331e-07,0.0241396089930353,0.829790193351826
"TCGA.AJ.A5DV.01A",0.00257279768067588,0.0328597391259885,0.0156041588735127,0.0393868159447428,1.5997671094025e-08,0.0117502687740869,0.897826203603322
"TCGA.AX.A3G3.01A",1.46497435596914e-08,0.187845653962554,0.0249316974314205,0.173996827698438,0.0123429432816447,0.0933347688126006,0.507548094163599
"TCGA.EY.A210.01A",6.04779075457651e-08,0.00300754993209231,3.60050703851582e-08,0.169930751940894,0.0527195636867192,7.04255357165775e-08,0.774341967531781
"TCGA.EY.A1GO.01A",2.44930014295454e-06,0.0407474326729469,0.0283927550331054,0.00991798533444036,1.44411693924237e-07,0.00490021908025388,0.916039014167417
"TCGA.QS.A8F1.01A",0.0542554987061808,0.24777670666857,0.00975353847590971,0.0148094542065671,5.4616922635286e-09,0.0975191040495169,0.575885692431563
"TCGA.AJ.A2QK.01A",0.0228756439400288,0.040234723399592,0.0315730147605962,0.0236100367351484,1.63059572214841e-08,0.0667799839063531,0.814926580952324
"TCGA.AJ.A3BI.01A",0.0184088946459154,0.0538159013919685,0.0148530913980131,0.0189765987537099,2.80946478251328e-07,0.071394848443651,0.822550384420264
"TCGA.BK.A0CA.01A",2.4146732243588e-07,0.0253274126365997,0.0186958690441943,0.0218649669832446,1.30167248443337e-06,1.69015332161948e-07,0.934110039180822
"TCGA.AX.A064.01A",7.71796352539379e-08,0.0359394563797724,0.0218510541761094,0.00808324584362032,8.87981337228348e-09,0.0153487232392899,0.918777434301759
"TCGA.AP.A053.01A",9.06648137463245e-08,0.0503079074127882,0.0307768712740045,0.00977314134517295,2.30678158574212e-07,0.009100091186891,0.900041667438171
"TCGA.DI.A1NO.01A",0.00527249745166905,0.0921331156010856,0.0114773148977291,0.0118127870036135,1.13225010982373e-08,0.0356329049784185,0.843671368744983
"TCGA.FI.A3PX.01A",0.00016595822964826,0.0401536739426346,0.00431678087671275,0.00474073346847735,1.96780861023709e-09,0.00607126014145195,0.944551591373266
"TCGA.BS.A0V4.01A",3.08525805581918e-08,0.125660320234371,0.00274988442394148,0.0165754412340097,1.20810175183686e-08,0.0236242530820182,0.831390058092061
"TCGA.AP.A1DQ.01A",0.00254497524863517,0.0653197268048186,0.00835637683184714,0.00826781554808665,5.52353166316738e-09,0.0368567775382686,0.878654322504812
"TCGA.AP.A1E0.01A",0.0063483190635565,0.0710066522897888,0.0852584087460138,0.0133654364567256,3.07288107101182e-08,0.0389004781089978,0.785120674606107
"TCGA.A5.A0GM.01A",5.03306247750267e-07,0.0718913065701591,0.0277657856820739,0.00592911990112104,9.27761494844332e-09,0.0117160766065299,0.882697198656253
"TCGA.AX.A0J0.01A",5.09537532016219e-08,0.030466913305002,0.0358751249346394,0.0195533124979234,0.0028398474119393,0.00868763936469749,0.902577111532045
"TCGA.BS.A0VI.01A",1.79344369055887e-07,0.208154877532575,0.0723320309189708,0.0211899868939264,1.37151607322474e-07,0.0542728491420745,0.644049939016477
"TCGA.FI.A3PV.01A",3.38804490272733e-08,0.0245500036851596,0.0158080490971245,0.00637513613954246,5.96539490136695e-08,0.00728345783821036,0.945983259705565
"TCGA.D1.A17N.01A",0.00265488537488712,0.256478841056545,0.0375561471708312,0.0358193418925833,3.78961362699471e-08,0.0968662840314868,0.57062446257753
"TCGA.PG.A916.01A",0.00423282437650547,0.0231668876714956,0.0266317429771676,0.01926122938626,3.27082643115133e-08,0.0183509222371278,0.908356360643179
"TCGA.BS.A0U9.01B",2.91218465620005e-08,0.0329752978101411,0.0165952671027048,0.0170046454679166,0.000299609486020969,0.00367609096762208,0.929449060043748
