,Plasma B cells,Non-plasma B cells,CD4 T,CD8 T effector,CD8 T (GZMK high),Double-neg-like T,DC,Endothelial Cells,CAFs,Myofibroblasts,Macrophages,Mast Cells,NK,Neutrophils,Monocytes,1-others,Cancer Cells
TCGA-EL-A3D0-01A,0.000,0.003,0.011,0.000,0.000,0.000,0.017,0.101,0.127,0.060,0.020,0.000,0.000,0.000,0.000,0.659,0.659
TCGA-J8-A4HY-01A,0.001,0.001,0.013,0.009,0.003,0.000,0.021,0.098,0.013,0.065,0.053,0.001,0.000,0.000,0.000,0.722,0.722
TCGA-L6-A4ET-01A,0.000,0.001,0.007,0.002,0.008,0.000,0.011,0.092,0.001,0.017,0.015,0.001,0.000,0.000,0.000,0.845,0.845
TCGA-DE-A4MC-01A,0.000,0.001,0.031,0.019,0.000,0.000,0.086,0.095,0.047,0.027,0.003,0.000,0.000,0.000,0.000,0.689,0.689
TCGA-ET-A25K-01A,0.002,0.002,0.010,0.000,0.001,0.000,0.009,0.233,0.037,0.079,0.023,0.009,0.000,0.000,0.000,0.596,0.596
TCGA-DJ-A3UU-01A,0.017,0.005,0.022,0.003,0.015,0.001,0.048,0.124,0.114,0.046,0.041,0.002,0.000,0.000,0.000,0.562,0.562
TCGA-EM-A1YA-01A,0.003,0.003,0.007,0.000,0.005,0.001,0.006,0.106,0.000,0.081,0.011,0.004,0.000,0.000,0.000,0.773,0.773
TCGA-CE-A483-01A,0.000,0.008,0.004,0.004,0.000,0.000,0.010,0.120,0.010,0.037,0.025,0.001,0.000,0.000,0.000,0.781,0.781
TCGA-DJ-A3VD-01A,0.033,0.063,0.037,0.006,0.011,0.001,0.091,0.102,0.168,0.023,0.067,0.002,0.000,0.001,0.000,0.397,0.397
TCGA-BJ-A28S-01A,0.001,0.008,0.002,0.000,0.003,0.001,0.007,0.157,0.001,0.093,0.010,0.001,0.000,0.000,0.000,0.717,0.717
TCGA-FY-A3R9-01A,0.021,0.002,0.004,0.000,0.000,0.000,0.009,0.083,0.000,0.077,0.003,0.001,0.000,0.000,0.000,0.800,0.800
TCGA-FY-A3R8-01A,0.000,0.001,0.015,0.002,0.000,0.000,0.044,0.110,0.068,0.005,0.062,0.002,0.000,0.000,0.000,0.689,0.689
TCGA-DJ-A3V2-01A,0.043,0.021,0.027,0.024,0.027,0.000,0.032,0.124,0.046,0.035,0.123,0.002,0.001,0.000,0.000,0.495,0.495
TCGA-ET-A25L-01A,0.000,0.002,0.029,0.000,0.000,0.000,0.042,0.098,0.181,0.020,0.047,0.006,0.000,0.000,0.000,0.575,0.575
TCGA-EL-A3D1-01A,0.001,0.001,0.015,0.001,0.001,0.000,0.015,0.125,0.045,0.046,0.071,0.008,0.000,0.000,0.000,0.671,0.671
TCGA-FY-A3I4-01A,0.007,0.001,0.019,0.000,0.009,0.001,0.025,0.168,0.139,0.055,0.055,0.007,0.000,0.000,0.000,0.515,0.515
TCGA-DJ-A3UV-01A,0.012,0.000,0.020,0.004,0.014,0.000,0.034,0.149,0.088,0.091,0.044,0.005,0.000,0.000,0.000,0.538,0.538
TCGA-BJ-A28T-01A,0.099,0.053,0.046,0.013,0.047,0.001,0.089,0.141,0.081,0.038,0.098,0.002,0.001,0.000,0.000,0.289,0.289
TCGA-EM-A3FQ-01A,0.005,0.014,0.034,0.001,0.014,0.001,0.110,0.089,0.063,0.030,0.072,0.002,0.000,0.000,0.000,0.566,0.566
TCGA-J8-A4HW-01A,0.004,0.005,0.005,0.000,0.000,0.001,0.007,0.121,0.035,0.029,0.007,0.013,0.000,0.000,0.000,0.775,0.775
TCGA-MK-A4N6-01A,0.001,0.002,0.013,0.011,0.000,0.000,0.024,0.076,0.087,0.023,0.072,0.001,0.000,0.000,0.000,0.690,0.690
TCGA-DJ-A3V8-01A,0.009,0.001,0.010,0.004,0.000,0.000,0.022,0.082,0.034,0.028,0.022,0.001,0.000,0.000,0.000,0.787,0.787
TCGA-DJ-A1QI-01A,0.002,0.003,0.014,0.001,0.002,0.001,0.019,0.111,0.094,0.041,0.043,0.002,0.000,0.000,0.000,0.667,0.667
TCGA-EL-A3H8-01A,0.001,0.001,0.010,0.001,0.000,0.000,0.014,0.131,0.060,0.025,0.021,0.014,0.000,0.000,0.000,0.723,0.723
TCGA-EM-A3O3-01A,0.032,0.004,0.029,0.005,0.010,0.000,0.089,0.021,0.063,0.000,0.082,0.001,0.000,0.000,0.000,0.663,0.663
TCGA-IM-A3U3-01A,0.008,0.002,0.025,0.008,0.000,0.001,0.046,0.095,0.053,0.032,0.042,0.001,0.000,0.000,0.000,0.687,0.687
TCGA-BJ-A191-01A,0.033,0.008,0.009,0.011,0.022,0.002,0.013,0.056,0.031,0.033,0.006,0.000,0.000,0.000,0.000,0.776,0.776
TCGA-E8-A3X7-01A,0.000,0.000,0.017,0.007,0.000,0.000,0.036,0.073,0.100,0.020,0.015,0.001,0.000,0.000,0.000,0.730,0.730
TCGA-FY-A3YR-01A,0.000,0.001,0.019,0.007,0.000,0.000,0.039,0.069,0.110,0.022,0.003,0.001,0.000,0.000,0.000,0.729,0.729
TCGA-KS-A41I-01A,0.008,0.001,0.003,0.013,0.000,0.000,0.027,0.108,0.007,0.104,0.075,0.001,0.000,0.000,0.000,0.654,0.654
TCGA-EL-A3CS-01A,0.000,0.003,0.008,0.000,0.001,0.000,0.024,0.061,0.041,0.052,0.001,0.000,0.000,0.000,0.000,0.809,0.809
TCGA-EL-A3GU-01A,0.000,0.001,0.009,0.000,0.000,0.000,0.052,0.096,0.191,0.056,0.003,0.002,0.000,0.000,0.000,0.590,0.590
TCGA-EM-A1CU-01A,0.000,0.002,0.016,0.000,0.000,0.000,0.020,0.135,0.047,0.002,0.040,0.001,0.000,0.000,0.000,0.737,0.737
TCGA-H2-A26U-01A,0.016,0.004,0.036,0.011,0.027,0.000,0.081,0.092,0.142,0.021,0.133,0.001,0.000,0.000,0.000,0.434,0.434
TCGA-DJ-A2PT-01A,0.000,0.001,0.017,0.003,0.003,0.000,0.081,0.066,0.114,0.011,0.088,0.002,0.000,0.000,0.000,0.613,0.613
TCGA-DJ-A3V6-01A,0.000,0.002,0.019,0.006,0.000,0.000,0.035,0.108,0.077,0.036,0.019,0.001,0.000,0.000,0.000,0.697,0.697
TCGA-DJ-A2Q7-01A,0.016,0.002,0.022,0.007,0.005,0.001,0.019,0.155,0.051,0.065,0.061,0.004,0.000,0.000,0.000,0.592,0.592
TCGA-ET-A3BV-01A,0.001,0.000,0.043,0.000,0.000,0.001,0.070,0.046,0.315,0.001,0.018,0.014,0.000,0.000,0.000,0.490,0.490
TCGA-EL-A3ZL-01A,0.000,0.001,0.011,0.002,0.000,0.000,0.016,0.126,0.060,0.105,0.056,0.001,0.000,0.000,0.000,0.621,0.621
TCGA-CE-A13K-01A,0.002,0.001,0.013,0.000,0.014,0.001,0.013,0.199,0.020,0.106,0.038,0.006,0.000,0.000,0.000,0.588,0.588
TCGA-DJ-A3UQ-01A,0.000,0.001,0.029,0.001,0.001,0.000,0.070,0.085,0.220,0.017,0.017,0.008,0.000,0.000,0.000,0.553,0.553
TCGA-BJ-A45H-01A,0.009,0.001,0.014,0.001,0.015,0.000,0.016,0.123,0.061,0.050,0.047,0.005,0.000,0.000,0.000,0.657,0.657
TCGA-L6-A4EU-01A,0.000,0.001,0.013,0.005,0.000,0.000,0.062,0.066,0.102,0.015,0.025,0.002,0.000,0.000,0.000,0.708,0.708
TCGA-DJ-A3VM-01A,0.001,0.014,0.006,0.000,0.003,0.001,0.008,0.161,0.003,0.069,0.025,0.001,0.000,0.000,0.000,0.708,0.708
TCGA-H2-A3RH-01A,0.003,0.004,0.004,0.001,0.003,0.000,0.008,0.113,0.021,0.057,0.034,0.005,0.000,0.000,0.000,0.747,0.747
TCGA-EL-A3ZR-01A,0.008,0.001,0.001,0.000,0.005,0.000,0.008,0.111,0.003,0.062,0.008,0.003,0.000,0.000,0.000,0.789,0.789
TCGA-BJ-A291-01A,0.006,0.000,0.003,0.000,0.013,0.000,0.006,0.189,0.014,0.092,0.002,0.000,0.000,0.000,0.000,0.674,0.674
TCGA-MK-A4N9-01A,0.001,0.001,0.009,0.007,0.004,0.000,0.013,0.128,0.046,0.063,0.020,0.001,0.000,0.000,0.000,0.708,0.708
TCGA-EL-A3MZ-01A,0.000,0.001,0.010,0.005,0.000,0.000,0.028,0.114,0.129,0.022,0.009,0.001,0.000,0.000,0.000,0.682,0.682
TCGA-EM-A2CP-01A,0.127,0.020,0.040,0.015,0.039,0.000,0.026,0.170,0.021,0.078,0.172,0.001,0.002,0.001,0.000,0.288,0.288
TCGA-DJ-A2PZ-01A,0.000,0.010,0.014,0.000,0.000,0.000,0.035,0.104,0.074,0.026,0.041,0.002,0.000,0.000,0.000,0.693,0.693
TCGA-EL-A3ZG-01A,0.000,0.000,0.003,0.007,0.002,0.000,0.004,0.132,0.003,0.090,0.017,0.000,0.000,0.000,0.000,0.741,0.741
TCGA-FE-A3PC-01A,0.011,0.001,0.008,0.009,0.002,0.000,0.011,0.084,0.028,0.085,0.073,0.000,0.000,0.000,0.000,0.687,0.687
TCGA-BJ-A0YZ-01A,0.015,0.002,0.008,0.000,0.001,0.000,0.001,0.151,0.040,0.142,0.014,0.001,0.001,0.000,0.000,0.624,0.624
TCGA-DJ-A13M-01A,0.011,0.004,0.003,0.003,0.003,0.000,0.007,0.083,0.003,0.045,0.014,0.000,0.000,0.000,0.000,0.822,0.822
TCGA-EM-A3OA-01A,0.052,0.001,0.003,0.000,0.009,0.000,0.005,0.080,0.001,0.033,0.001,0.000,0.000,0.000,0.000,0.814,0.814
TCGA-J8-A3YE-01A,0.000,0.001,0.002,0.007,0.001,0.000,0.010,0.052,0.006,0.028,0.003,0.000,0.000,0.000,0.000,0.890,0.890
TCGA-BJ-A0Z9-01A,0.003,0.000,0.019,0.000,0.000,0.001,0.026,0.039,0.029,0.010,0.049,0.001,0.000,0.000,0.000,0.823,0.823
TCGA-EL-A3CW-01A,0.060,0.084,0.030,0.000,0.025,0.013,0.038,0.118,0.056,0.059,0.041,0.003,0.000,0.000,0.000,0.472,0.472
TCGA-FY-A3R6-01A,0.083,0.020,0.031,0.013,0.028,0.000,0.049,0.168,0.064,0.059,0.080,0.002,0.001,0.000,0.000,0.402,0.402
TCGA-H2-A2K9-01A,0.012,0.010,0.004,0.000,0.008,0.001,0.005,0.170,0.033,0.062,0.019,0.009,0.000,0.000,0.000,0.669,0.669
TCGA-DJ-A2PO-01A,0.019,0.006,0.010,0.025,0.017,0.000,0.020,0.174,0.037,0.054,0.107,0.005,0.000,0.000,0.000,0.525,0.525
TCGA-FY-A40N-01A,0.044,0.012,0.007,0.009,0.019,0.000,0.017,0.083,0.010,0.023,0.050,0.001,0.000,0.000,0.000,0.724,0.724
TCGA-EM-A1YD-01A,0.021,0.002,0.008,0.000,0.014,0.000,0.007,0.196,0.074,0.147,0.010,0.001,0.000,0.000,0.000,0.519,0.519
TCGA-DE-A69J-01A,0.000,0.000,0.021,0.003,0.000,0.000,0.040,0.115,0.057,0.003,0.026,0.001,0.000,0.000,0.000,0.732,0.732
TCGA-EL-A3MX-01A,0.005,0.000,0.007,0.002,0.000,0.001,0.014,0.034,0.050,0.002,0.011,0.001,0.000,0.000,0.000,0.872,0.872
TCGA-J8-A3YG-01A,0.001,0.005,0.022,0.000,0.002,0.001,0.023,0.094,0.055,0.037,0.058,0.007,0.000,0.000,0.000,0.693,0.693
TCGA-BJ-A0ZC-01A,0.025,0.014,0.006,0.000,0.010,0.000,0.006,0.114,0.020,0.074,0.006,0.001,0.000,0.000,0.000,0.724,0.724
TCGA-FY-A40K-01A,0.004,0.001,0.017,0.001,0.009,0.010,0.027,0.142,0.064,0.050,0.130,0.009,0.000,0.000,0.000,0.535,0.535
TCGA-EL-A4K6-01A,0.002,0.007,0.000,0.000,0.008,0.006,0.011,0.030,0.000,0.004,0.004,0.001,0.000,0.000,0.000,0.927,0.927
TCGA-EL-A3H3-01A,0.000,0.000,0.033,0.006,0.020,0.000,0.090,0.088,0.043,0.025,0.073,0.001,0.000,0.000,0.000,0.622,0.622
TCGA-BJ-A290-01A,0.000,0.001,0.017,0.000,0.000,0.000,0.010,0.136,0.061,0.098,0.009,0.001,0.000,0.000,0.000,0.668,0.668
TCGA-BJ-A28Z-01A,0.086,0.025,0.040,0.014,0.028,0.000,0.078,0.150,0.094,0.035,0.134,0.002,0.001,0.000,0.000,0.311,0.311
TCGA-CE-A484-01A,0.001,0.001,0.002,0.000,0.010,0.000,0.013,0.119,0.006,0.125,0.044,0.000,0.000,0.000,0.000,0.679,0.679
TCGA-EM-A3FL-01A,0.075,0.021,0.010,0.000,0.006,0.000,0.004,0.046,0.004,0.047,0.003,0.001,0.000,0.000,0.000,0.783,0.783
TCGA-EL-A3GO-01A,0.002,0.010,0.003,0.005,0.013,0.000,0.005,0.225,0.000,0.097,0.018,0.003,0.002,0.000,0.000,0.618,0.618
TCGA-ET-A39T-01A,0.000,0.001,0.005,0.007,0.000,0.000,0.011,0.082,0.021,0.047,0.010,0.000,0.000,0.000,0.000,0.813,0.813
TCGA-EM-A2CK-01A,0.014,0.008,0.004,0.001,0.007,0.000,0.004,0.129,0.000,0.082,0.011,0.000,0.000,0.000,0.000,0.738,0.738
TCGA-DJ-A4UQ-01A,0.012,0.004,0.012,0.000,0.011,0.000,0.017,0.136,0.080,0.059,0.036,0.004,0.000,0.000,0.000,0.627,0.627
TCGA-DJ-A3UO-01A,0.001,0.001,0.013,0.002,0.000,0.000,0.011,0.099,0.048,0.042,0.028,0.001,0.000,0.000,0.000,0.753,0.753
TCGA-DJ-A1QM-01A,0.011,0.002,0.024,0.000,0.003,0.000,0.029,0.107,0.188,0.051,0.024,0.002,0.000,0.000,0.000,0.560,0.560
TCGA-ET-A3BS-01A,0.105,0.007,0.034,0.016,0.020,0.001,0.026,0.131,0.050,0.044,0.124,0.002,0.000,0.000,0.000,0.440,0.440
TCGA-EM-A3AO-01A,0.024,0.010,0.023,0.014,0.016,0.001,0.034,0.154,0.005,0.102,0.083,0.004,0.000,0.000,0.000,0.532,0.532
TCGA-DJ-A3UN-01A,0.004,0.003,0.011,0.006,0.001,0.001,0.012,0.138,0.028,0.076,0.080,0.007,0.000,0.000,0.000,0.634,0.634
TCGA-DJ-A13W-01A,0.000,0.000,0.005,0.008,0.009,0.000,0.002,0.066,0.000,0.167,0.008,0.001,0.000,0.000,0.000,0.734,0.734
TCGA-DJ-A3VE-01A,0.000,0.005,0.008,0.001,0.000,0.001,0.011,0.165,0.048,0.046,0.032,0.002,0.000,0.000,0.000,0.683,0.683
TCGA-DJ-A3VI-01A,0.022,0.002,0.008,0.011,0.000,0.000,0.013,0.064,0.012,0.021,0.019,0.001,0.000,0.000,0.000,0.828,0.828
TCGA-EM-A2CO-01A,0.014,0.001,0.003,0.000,0.000,0.000,0.001,0.060,0.000,0.128,0.013,0.000,0.000,0.000,0.000,0.780,0.780
TCGA-ET-A39L-01A,0.005,0.002,0.005,0.000,0.008,0.000,0.008,0.195,0.002,0.093,0.028,0.003,0.000,0.000,0.000,0.651,0.651
TCGA-EM-A3FO-01A,0.000,0.001,0.005,0.002,0.000,0.000,0.017,0.030,0.028,0.000,0.005,0.001,0.000,0.000,0.000,0.911,0.911
TCGA-E8-A418-01A,0.000,0.000,0.009,0.016,0.001,0.000,0.015,0.064,0.005,0.003,0.063,0.000,0.000,0.000,0.000,0.822,0.822
TCGA-DE-A4M9-01A,0.012,0.001,0.007,0.000,0.006,0.001,0.007,0.048,0.064,0.071,0.003,0.004,0.000,0.000,0.000,0.777,0.777
TCGA-BJ-A28W-01A,0.100,0.167,0.077,0.007,0.048,0.031,0.118,0.061,0.034,0.025,0.088,0.001,0.004,0.000,0.000,0.239,0.239
TCGA-DJ-A2Q6-01A,0.007,0.006,0.022,0.000,0.006,0.001,0.028,0.198,0.152,0.059,0.017,0.007,0.000,0.000,0.000,0.497,0.497
TCGA-EL-A3N2-01A,0.000,0.001,0.013,0.006,0.000,0.000,0.032,0.130,0.054,0.017,0.008,0.001,0.000,0.000,0.000,0.738,0.738
TCGA-FK-A3SG-01A,0.001,0.002,0.012,0.003,0.001,0.000,0.010,0.151,0.008,0.078,0.054,0.001,0.000,0.000,0.000,0.680,0.680
TCGA-DJ-A3UM-01A,0.013,0.002,0.017,0.000,0.002,0.001,0.018,0.141,0.065,0.037,0.050,0.007,0.000,0.000,0.000,0.648,0.648
TCGA-BJ-A45E-01A,0.239,0.003,0.040,0.051,0.053,0.000,0.058,0.069,0.070,0.041,0.197,0.000,0.001,0.000,0.000,0.177,0.177
TCGA-E8-A415-01A,0.008,0.000,0.009,0.006,0.009,0.000,0.018,0.109,0.055,0.021,0.043,0.002,0.000,0.000,0.000,0.721,0.721
TCGA-DJ-A4UP-01A,0.029,0.042,0.024,0.001,0.030,0.006,0.040,0.159,0.042,0.073,0.065,0.002,0.001,0.000,0.000,0.486,0.486
TCGA-ET-A39J-01A,0.000,0.001,0.010,0.000,0.000,0.000,0.005,0.234,0.048,0.085,0.022,0.005,0.000,0.000,0.000,0.590,0.590
TCGA-KS-A41J-01A,0.013,0.001,0.015,0.012,0.004,0.000,0.025,0.072,0.025,0.012,0.067,0.000,0.000,0.000,0.000,0.754,0.754
TCGA-BJ-A4O9-01A,0.001,0.001,0.001,0.008,0.004,0.000,0.010,0.088,0.000,0.012,0.007,0.000,0.000,0.000,0.000,0.867,0.867
TCGA-EM-A2CM-01A,0.000,0.004,0.004,0.001,0.000,0.000,0.021,0.078,0.000,0.059,0.032,0.000,0.000,0.000,0.000,0.800,0.800
TCGA-EM-A2OW-01A,0.024,0.004,0.006,0.000,0.006,0.000,0.007,0.193,0.000,0.100,0.024,0.000,0.000,0.000,0.000,0.635,0.635
TCGA-FE-A3PA-01A,0.000,0.000,0.015,0.000,0.012,0.000,0.030,0.122,0.034,0.037,0.039,0.000,0.000,0.000,0.000,0.708,0.708
TCGA-QD-A8IV-01A,0.048,0.008,0.004,0.002,0.015,0.000,0.014,0.141,0.002,0.065,0.024,0.002,0.000,0.000,0.000,0.675,0.675
TCGA-IM-A3U2-01A,0.000,0.000,0.017,0.000,0.000,0.000,0.030,0.058,0.091,0.017,0.004,0.002,0.000,0.000,0.000,0.780,0.780
TCGA-EL-A3H5-01A,0.000,0.009,0.021,0.003,0.000,0.001,0.050,0.134,0.433,0.029,0.022,0.001,0.000,0.000,0.000,0.295,0.295
TCGA-DJ-A13R-01A,0.012,0.002,0.011,0.024,0.103,0.000,0.001,0.027,0.000,0.059,0.188,0.000,0.000,0.000,0.000,0.572,0.572
TCGA-ET-A2MY-01A,0.000,0.006,0.010,0.004,0.000,0.000,0.021,0.073,0.028,0.034,0.013,0.001,0.000,0.000,0.000,0.812,0.812
TCGA-IM-A3EB-01A,0.028,0.001,0.014,0.010,0.009,0.000,0.031,0.082,0.036,0.017,0.028,0.003,0.000,0.000,0.000,0.743,0.743
TCGA-DJ-A1QF-01A,0.000,0.009,0.006,0.001,0.000,0.000,0.009,0.141,0.048,0.071,0.057,0.002,0.000,0.000,0.000,0.656,0.656
TCGA-EL-A3T1-01A,0.016,0.010,0.026,0.015,0.001,0.000,0.044,0.097,0.069,0.004,0.045,0.000,0.000,0.000,0.000,0.672,0.672
TCGA-FE-A237-01A,0.005,0.009,0.020,0.001,0.002,0.001,0.034,0.128,0.101,0.045,0.041,0.001,0.000,0.000,0.000,0.612,0.612
TCGA-EM-A3FJ-01A,0.000,0.000,0.015,0.004,0.001,0.000,0.030,0.126,0.062,0.020,0.046,0.001,0.000,0.000,0.000,0.695,0.695
TCGA-EL-A3D4-01A,0.000,0.000,0.008,0.000,0.006,0.000,0.010,0.200,0.043,0.127,0.060,0.001,0.000,0.000,0.000,0.545,0.545
TCGA-FE-A234-01A,0.000,0.000,0.025,0.001,0.000,0.000,0.045,0.112,0.055,0.010,0.044,0.004,0.000,0.000,0.000,0.704,0.704
TCGA-FY-A40M-01A,0.001,0.001,0.001,0.000,0.004,0.005,0.014,0.064,0.038,0.038,0.009,0.000,0.000,0.000,0.000,0.825,0.825
TCGA-EM-A2OX-01A,0.000,0.001,0.015,0.007,0.001,0.000,0.019,0.131,0.057,0.074,0.044,0.000,0.000,0.000,0.000,0.650,0.650
TCGA-EM-A4FR-01A,0.001,0.001,0.002,0.003,0.007,0.000,0.019,0.088,0.000,0.084,0.052,0.000,0.000,0.000,0.000,0.743,0.743
TCGA-EM-A22I-01A,0.000,0.001,0.016,0.000,0.000,0.000,0.048,0.090,0.072,0.018,0.006,0.001,0.000,0.000,0.000,0.747,0.747
TCGA-FY-A3ON-01A,0.011,0.003,0.019,0.002,0.010,0.000,0.020,0.180,0.035,0.034,0.041,0.007,0.000,0.000,0.000,0.636,0.636
TCGA-EM-A1YC-01A,0.001,0.008,0.004,0.000,0.006,0.002,0.006,0.046,0.001,0.064,0.020,0.001,0.000,0.000,0.000,0.840,0.840
TCGA-EL-A3TA-01A,0.010,0.001,0.021,0.000,0.019,0.000,0.027,0.169,0.045,0.085,0.099,0.006,0.000,0.000,0.000,0.518,0.518
TCGA-CE-A27D-01A,0.041,0.069,0.039,0.016,0.024,0.000,0.075,0.158,0.064,0.042,0.056,0.002,0.003,0.000,0.000,0.410,0.410
TCGA-ET-A3BT-01A,0.002,0.009,0.024,0.001,0.000,0.001,0.029,0.110,0.064,0.025,0.027,0.002,0.000,0.000,0.000,0.707,0.707
TCGA-DJ-A13U-01A,0.000,0.009,0.012,0.004,0.000,0.000,0.032,0.081,0.029,0.045,0.004,0.000,0.000,0.000,0.000,0.783,0.783
TCGA-EM-A3O8-01A,0.015,0.007,0.003,0.000,0.003,0.001,0.007,0.121,0.000,0.067,0.008,0.001,0.000,0.000,0.000,0.767,0.767
TCGA-H2-A422-01A,0.000,0.006,0.006,0.002,0.000,0.001,0.026,0.086,0.020,0.004,0.019,0.005,0.000,0.000,0.000,0.827,0.827
TCGA-EL-A3CL-01A,0.000,0.005,0.010,0.000,0.002,0.000,0.012,0.121,0.042,0.030,0.035,0.008,0.000,0.000,0.000,0.735,0.735
TCGA-DJ-A13V-01A,0.011,0.000,0.014,0.006,0.001,0.000,0.013,0.119,0.060,0.051,0.037,0.001,0.002,0.000,0.000,0.686,0.686
TCGA-EM-A22Q-01A,0.024,0.001,0.005,0.003,0.006,0.000,0.006,0.093,0.023,0.083,0.012,0.001,0.001,0.000,0.000,0.743,0.743
TCGA-EM-A22J-01A,0.017,0.002,0.002,0.001,0.007,0.000,0.010,0.148,0.000,0.067,0.023,0.000,0.000,0.000,0.000,0.722,0.722
TCGA-BJ-A0Z2-01A,0.012,0.003,0.014,0.004,0.005,0.004,0.015,0.084,0.004,0.030,0.018,0.003,0.000,0.000,0.000,0.806,0.806
TCGA-E3-A3E3-01A,0.000,0.002,0.011,0.006,0.000,0.000,0.032,0.079,0.033,0.030,0.011,0.001,0.000,0.000,0.000,0.795,0.795
TCGA-IM-A41Y-01A,0.000,0.002,0.005,0.002,0.000,0.000,0.009,0.075,0.027,0.010,0.005,0.000,0.000,0.000,0.000,0.864,0.864
TCGA-EM-A3AN-01A,0.000,0.000,0.010,0.001,0.008,0.000,0.025,0.102,0.039,0.029,0.026,0.000,0.000,0.000,0.000,0.759,0.759
TCGA-EL-A3ZP-01A,0.016,0.011,0.019,0.011,0.022,0.000,0.050,0.110,0.095,0.025,0.065,0.001,0.000,0.000,0.000,0.574,0.574
TCGA-BJ-A3F0-01A,0.025,0.003,0.007,0.000,0.006,0.000,0.000,0.233,0.024,0.096,0.009,0.001,0.003,0.000,0.000,0.593,0.593
TCGA-L6-A4EQ-01A,0.000,0.001,0.011,0.000,0.002,0.000,0.018,0.136,0.029,0.001,0.048,0.001,0.003,0.000,0.000,0.748,0.748
TCGA-FE-A3PB-01A,0.014,0.004,0.023,0.011,0.002,0.001,0.118,0.064,0.226,0.015,0.007,0.001,0.000,0.000,0.000,0.515,0.515
TCGA-BJ-A0ZB-01A,0.000,0.003,0.006,0.007,0.000,0.000,0.026,0.092,0.046,0.030,0.013,0.001,0.000,0.000,0.000,0.777,0.777
TCGA-BJ-A0ZJ-01A,0.032,0.052,0.034,0.003,0.028,0.004,0.041,0.139,0.036,0.091,0.071,0.002,0.000,0.000,0.000,0.466,0.466
TCGA-EM-A4G1-01A,0.001,0.013,0.009,0.000,0.001,0.002,0.057,0.076,0.001,0.056,0.006,0.001,0.000,0.000,0.000,0.777,0.777
TCGA-DJ-A3V7-01A,0.000,0.002,0.012,0.006,0.000,0.000,0.025,0.081,0.022,0.029,0.017,0.001,0.000,0.000,0.000,0.805,0.805
TCGA-KS-A4I3-01A,0.000,0.001,0.006,0.007,0.008,0.000,0.017,0.093,0.024,0.052,0.006,0.000,0.000,0.000,0.000,0.786,0.786
TCGA-EL-A3GR-01A,0.002,0.007,0.012,0.000,0.003,0.003,0.018,0.170,0.090,0.049,0.035,0.012,0.000,0.001,0.000,0.597,0.597
TCGA-EM-A3AQ-01A,0.001,0.001,0.010,0.005,0.007,0.000,0.012,0.148,0.017,0.076,0.053,0.001,0.000,0.000,0.000,0.669,0.669
TCGA-BJ-A45C-01A,0.004,0.003,0.003,0.000,0.009,0.005,0.004,0.083,0.030,0.089,0.001,0.005,0.000,0.000,0.000,0.765,0.765
TCGA-DJ-A2PN-01A,0.004,0.004,0.009,0.000,0.002,0.000,0.012,0.146,0.032,0.054,0.024,0.002,0.000,0.000,0.000,0.711,0.711
TCGA-ET-A2MX-01A,0.000,0.000,0.005,0.000,0.000,0.000,0.006,0.038,0.001,0.000,0.013,0.000,0.000,0.000,0.000,0.936,0.936
TCGA-DJ-A4V2-01A,0.002,0.001,0.019,0.002,0.001,0.001,0.022,0.086,0.032,0.026,0.055,0.007,0.000,0.000,0.000,0.746,0.746
TCGA-ET-A39P-01A,0.000,0.002,0.012,0.000,0.000,0.000,0.026,0.112,0.056,0.032,0.007,0.000,0.000,0.000,0.000,0.753,0.753
TCGA-DJ-A2Q3-01A,0.019,0.034,0.021,0.012,0.007,0.001,0.059,0.127,0.090,0.032,0.054,0.009,0.000,0.000,0.000,0.534,0.534
TCGA-DJ-A2QC-01A,0.002,0.001,0.010,0.005,0.006,0.000,0.004,0.179,0.005,0.085,0.073,0.003,0.001,0.000,0.000,0.626,0.626
TCGA-KS-A4IB-01A,0.000,0.006,0.004,0.002,0.000,0.000,0.015,0.083,0.015,0.048,0.010,0.001,0.000,0.000,0.000,0.817,0.817
TCGA-EM-A3AK-01A,0.001,0.002,0.015,0.001,0.006,0.001,0.011,0.188,0.029,0.099,0.062,0.006,0.000,0.000,0.000,0.579,0.579
TCGA-EM-A3ST-01A,0.001,0.001,0.000,0.008,0.001,0.000,0.013,0.086,0.000,0.059,0.026,0.001,0.003,0.000,0.000,0.799,0.799
TCGA-FK-A3SD-01A,0.022,0.002,0.004,0.000,0.007,0.000,0.001,0.071,0.029,0.084,0.002,0.000,0.000,0.000,0.000,0.778,0.778
TCGA-DJ-A2PQ-01A,0.000,0.001,0.006,0.001,0.002,0.000,0.013,0.112,0.027,0.079,0.039,0.000,0.000,0.000,0.000,0.720,0.720
TCGA-DJ-A13P-01A,0.000,0.004,0.008,0.000,0.000,0.001,0.009,0.180,0.006,0.079,0.043,0.001,0.004,0.000,0.000,0.665,0.665
TCGA-EM-A2CL-01A,0.015,0.004,0.002,0.000,0.010,0.001,0.004,0.091,0.005,0.090,0.002,0.006,0.000,0.000,0.000,0.771,0.771
TCGA-EL-A3MW-01A,0.000,0.001,0.007,0.001,0.001,0.000,0.009,0.133,0.031,0.062,0.083,0.001,0.000,0.000,0.000,0.671,0.671
TCGA-J8-A3NZ-01A,0.003,0.000,0.018,0.010,0.000,0.000,0.044,0.095,0.045,0.012,0.051,0.001,0.000,0.000,0.000,0.720,0.720
TCGA-DE-A4MD-01A,0.000,0.005,0.002,0.001,0.000,0.000,0.004,0.036,0.002,0.003,0.006,0.001,0.000,0.000,0.000,0.940,0.940
TCGA-DJ-A3UY-01A,0.001,0.003,0.027,0.000,0.002,0.002,0.058,0.103,0.136,0.041,0.039,0.003,0.000,0.000,0.000,0.587,0.587
TCGA-ET-A25O-01A,0.000,0.003,0.002,0.004,0.000,0.000,0.017,0.083,0.007,0.008,0.020,0.000,0.000,0.000,0.000,0.858,0.858
TCGA-EL-A3ZM-01A,0.000,0.000,0.016,0.000,0.000,0.000,0.025,0.028,0.088,0.005,0.018,0.001,0.000,0.000,0.000,0.817,0.817
TCGA-EM-A1YE-01A,0.033,0.001,0.007,0.000,0.010,0.000,0.005,0.078,0.028,0.096,0.008,0.000,0.000,0.000,0.000,0.735,0.735
TCGA-J8-A42S-01A,0.000,0.000,0.010,0.000,0.002,0.000,0.016,0.149,0.070,0.049,0.021,0.000,0.000,0.000,0.000,0.680,0.680
TCGA-ET-A2MZ-01A,0.001,0.003,0.011,0.000,0.000,0.001,0.004,0.237,0.015,0.095,0.040,0.010,0.000,0.000,0.000,0.583,0.583
TCGA-CE-A3ME-01A,0.001,0.001,0.003,0.014,0.002,0.000,0.017,0.087,0.024,0.031,0.011,0.000,0.000,0.000,0.000,0.808,0.808
TCGA-EM-A3AR-01A,0.001,0.001,0.015,0.000,0.009,0.002,0.020,0.102,0.100,0.050,0.015,0.002,0.000,0.000,0.000,0.683,0.683
TCGA-FY-A3BL-01A,0.000,0.002,0.004,0.012,0.000,0.000,0.023,0.046,0.010,0.005,0.006,0.000,0.000,0.000,0.000,0.893,0.893
TCGA-EM-A3FM-01A,0.000,0.000,0.013,0.010,0.000,0.000,0.050,0.051,0.083,0.003,0.027,0.000,0.000,0.000,0.000,0.762,0.762
TCGA-BJ-A4O8-01A,0.006,0.001,0.026,0.000,0.001,0.001,0.079,0.109,0.139,0.044,0.054,0.002,0.000,0.000,0.000,0.538,0.538
TCGA-H2-A3RI-01A,0.002,0.001,0.015,0.014,0.000,0.000,0.047,0.087,0.025,0.030,0.035,0.001,0.000,0.000,0.000,0.743,0.743
TCGA-ET-A3BQ-01B,0.000,0.001,0.013,0.000,0.001,0.000,0.014,0.220,0.057,0.066,0.055,0.004,0.000,0.000,0.000,0.567,0.567
TCGA-CE-A482-01A,0.000,0.001,0.017,0.000,0.001,0.001,0.016,0.150,0.012,0.087,0.056,0.009,0.000,0.000,0.000,0.651,0.651
TCGA-DJ-A4UT-01A,0.017,0.001,0.032,0.014,0.034,0.000,0.060,0.186,0.089,0.078,0.069,0.001,0.000,0.000,0.000,0.417,0.417
TCGA-BJ-A3PU-01A,0.001,0.000,0.010,0.005,0.000,0.000,0.033,0.048,0.022,0.001,0.019,0.002,0.000,0.000,0.000,0.858,0.858
TCGA-ET-A25I-01A,0.071,0.003,0.008,0.009,0.007,0.000,0.006,0.158,0.000,0.091,0.037,0.000,0.000,0.000,0.000,0.609,0.609
TCGA-BJ-A2NA-01A,0.007,0.002,0.011,0.010,0.000,0.000,0.014,0.130,0.049,0.047,0.052,0.002,0.000,0.000,0.000,0.676,0.676
TCGA-DJ-A3V0-01A,0.000,0.001,0.009,0.007,0.003,0.000,0.022,0.129,0.110,0.073,0.022,0.002,0.000,0.000,0.000,0.622,0.622
TCGA-DJ-A3VB-01A,0.000,0.001,0.020,0.010,0.001,0.000,0.043,0.071,0.052,0.021,0.028,0.001,0.000,0.000,0.000,0.753,0.753
TCGA-DJ-A2PV-01A,0.002,0.005,0.016,0.000,0.005,0.001,0.016,0.232,0.093,0.098,0.053,0.008,0.000,0.000,0.000,0.471,0.471
TCGA-BJ-A3PR-01A,0.067,0.172,0.055,0.014,0.049,0.000,0.055,0.090,0.057,0.021,0.098,0.003,0.001,0.000,0.000,0.318,0.318
TCGA-EL-A3CR-01A,0.003,0.001,0.020,0.000,0.001,0.000,0.032,0.110,0.157,0.031,0.202,0.000,0.000,0.000,0.000,0.442,0.442
TCGA-ET-A25N-01A,0.001,0.006,0.010,0.000,0.003,0.002,0.011,0.160,0.039,0.047,0.038,0.008,0.000,0.000,0.000,0.676,0.676
TCGA-EM-A1CT-01A,0.001,0.005,0.015,0.006,0.000,0.002,0.054,0.091,0.038,0.052,0.044,0.001,0.000,0.000,0.000,0.691,0.691
TCGA-DE-A0Y3-01B,0.000,0.001,0.006,0.006,0.000,0.000,0.021,0.079,0.018,0.001,0.008,0.001,0.000,0.000,0.000,0.859,0.859
TCGA-DJ-A2Q0-01A,0.000,0.001,0.005,0.000,0.000,0.000,0.002,0.152,0.000,0.097,0.015,0.000,0.000,0.000,0.000,0.727,0.727
TCGA-FE-A239-01A,0.041,0.003,0.002,0.000,0.008,0.000,0.005,0.068,0.024,0.042,0.008,0.004,0.000,0.000,0.000,0.794,0.794
TCGA-EM-A2CQ-01A,0.029,0.003,0.006,0.000,0.002,0.001,0.014,0.109,0.009,0.075,0.004,0.001,0.000,0.000,0.000,0.745,0.745
TCGA-EL-A3T6-01A,0.034,0.001,0.021,0.016,0.019,0.000,0.035,0.082,0.024,0.019,0.087,0.001,0.000,0.000,0.000,0.661,0.661
TCGA-DE-A4M8-01A,0.131,0.024,0.028,0.023,0.032,0.001,0.041,0.146,0.061,0.067,0.150,0.001,0.002,0.000,0.000,0.293,0.293
TCGA-J8-A3YH-01A,0.000,0.001,0.012,0.000,0.001,0.001,0.011,0.152,0.035,0.071,0.046,0.008,0.000,0.000,0.000,0.661,0.661
TCGA-FE-A235-01A,0.013,0.000,0.015,0.000,0.015,0.000,0.014,0.149,0.054,0.050,0.052,0.003,0.000,0.000,0.000,0.634,0.634
TCGA-FE-A233-01A,0.000,0.002,0.005,0.003,0.000,0.000,0.017,0.085,0.035,0.028,0.007,0.002,0.000,0.000,0.000,0.816,0.816
TCGA-EM-A4FN-01A,0.000,0.000,0.012,0.008,0.000,0.000,0.038,0.084,0.030,0.027,0.078,0.000,0.000,0.000,0.000,0.720,0.720
TCGA-ET-A39N-01A,0.017,0.001,0.006,0.000,0.005,0.000,0.003,0.082,0.018,0.068,0.003,0.000,0.004,0.000,0.000,0.792,0.792
TCGA-ET-A4KN-01A,0.097,0.001,0.028,0.011,0.001,0.000,0.013,0.014,0.108,0.001,0.063,0.000,0.000,0.000,0.000,0.663,0.663
TCGA-BJ-A3EZ-01A,0.000,0.001,0.012,0.008,0.001,0.000,0.040,0.071,0.035,0.002,0.010,0.001,0.000,0.000,0.000,0.821,0.821
TCGA-DJ-A3UR-01A,0.000,0.001,0.009,0.001,0.001,0.000,0.011,0.157,0.015,0.098,0.051,0.000,0.001,0.000,0.000,0.653,0.653
TCGA-FE-A236-01A,0.001,0.005,0.007,0.007,0.003,0.000,0.013,0.111,0.035,0.047,0.005,0.000,0.000,0.000,0.000,0.765,0.765
TCGA-ET-A2N4-01A,0.000,0.003,0.007,0.001,0.000,0.000,0.010,0.186,0.001,0.091,0.066,0.001,0.001,0.000,0.000,0.632,0.632
TCGA-ET-A3BO-01A,0.027,0.003,0.028,0.019,0.004,0.000,0.062,0.120,0.061,0.046,0.060,0.002,0.000,0.000,0.000,0.567,0.567
TCGA-FK-A4UB-01A,0.000,0.001,0.004,0.007,0.000,0.000,0.013,0.112,0.004,0.122,0.027,0.000,0.000,0.000,0.000,0.710,0.710
TCGA-DJ-A13L-01A,0.020,0.006,0.028,0.012,0.014,0.000,0.099,0.081,0.159,0.013,0.080,0.001,0.000,0.000,0.000,0.487,0.487
TCGA-EL-A3ZQ-01A,0.054,0.000,0.009,0.003,0.006,0.000,0.017,0.078,0.033,0.028,0.048,0.000,0.002,0.000,0.000,0.721,0.721
TCGA-EL-A4K9-01A,0.000,0.001,0.018,0.000,0.001,0.001,0.021,0.196,0.034,0.092,0.074,0.008,0.000,0.000,0.000,0.554,0.554
TCGA-ET-A25P-01A,0.005,0.010,0.005,0.000,0.006,0.002,0.009,0.185,0.001,0.111,0.027,0.013,0.000,0.000,0.000,0.627,0.627
TCGA-EL-A3ZH-01A,0.022,0.001,0.005,0.000,0.006,0.001,0.009,0.082,0.007,0.072,0.011,0.002,0.000,0.000,0.000,0.782,0.782
TCGA-EM-A4FU-01A,0.010,0.010,0.003,0.001,0.006,0.000,0.008,0.165,0.000,0.114,0.036,0.002,0.000,0.000,0.000,0.645,0.645
TCGA-KS-A4IC-01A,0.003,0.001,0.012,0.005,0.002,0.000,0.022,0.093,0.035,0.031,0.060,0.003,0.001,0.000,0.000,0.732,0.732
TCGA-CE-A481-01A,0.031,0.014,0.020,0.000,0.028,0.000,0.024,0.186,0.056,0.058,0.062,0.005,0.000,0.000,0.000,0.515,0.515
TCGA-EL-A3CT-01A,0.008,0.002,0.012,0.002,0.002,0.001,0.024,0.157,0.114,0.051,0.035,0.001,0.000,0.000,0.000,0.593,0.593
TCGA-DJ-A2QA-01A,0.001,0.000,0.012,0.004,0.001,0.000,0.007,0.108,0.065,0.052,0.036,0.000,0.000,0.000,0.000,0.714,0.714
TCGA-FY-A40L-01A,0.002,0.001,0.010,0.014,0.000,0.000,0.033,0.083,0.097,0.024,0.044,0.001,0.000,0.000,0.000,0.691,0.691
TCGA-DO-A1K0-01A,0.000,0.005,0.003,0.004,0.000,0.000,0.020,0.125,0.039,0.038,0.041,0.003,0.000,0.000,0.000,0.721,0.721
TCGA-EL-A3GW-01A,0.015,0.004,0.003,0.002,0.001,0.000,0.011,0.119,0.014,0.050,0.018,0.001,0.000,0.000,0.000,0.762,0.762
TCGA-EM-A3SU-01A,0.050,0.001,0.018,0.011,0.002,0.000,0.037,0.054,0.036,0.016,0.116,0.001,0.000,0.000,0.000,0.659,0.659
TCGA-MK-A84Z-01A,0.007,0.002,0.002,0.001,0.007,0.000,0.005,0.214,0.000,0.118,0.008,0.000,0.000,0.000,0.000,0.634,0.634
TCGA-EL-A3H1-01A,0.027,0.004,0.003,0.000,0.006,0.000,0.003,0.149,0.014,0.061,0.020,0.001,0.000,0.000,0.000,0.714,0.714
TCGA-EL-A3ZK-01A,0.017,0.008,0.013,0.004,0.001,0.001,0.054,0.090,0.023,0.001,0.053,0.006,0.000,0.000,0.000,0.728,0.728
TCGA-EL-A3GP-01A,0.001,0.010,0.014,0.000,0.000,0.001,0.028,0.093,0.275,0.022,0.218,0.017,0.000,0.000,0.000,0.320,0.320
TCGA-ET-A40R-01A,0.032,0.021,0.023,0.000,0.008,0.001,0.019,0.148,0.022,0.078,0.049,0.001,0.002,0.000,0.000,0.597,0.597
TCGA-DJ-A3UX-01A,0.024,0.020,0.023,0.005,0.021,0.000,0.027,0.126,0.051,0.064,0.034,0.001,0.000,0.000,0.000,0.604,0.604
TCGA-DJ-A1QQ-01A,0.012,0.009,0.018,0.000,0.001,0.001,0.017,0.138,0.080,0.038,0.026,0.016,0.000,0.000,0.000,0.645,0.645
TCGA-EL-A3GY-01A,0.003,0.001,0.018,0.003,0.002,0.001,0.032,0.117,0.050,0.041,0.065,0.010,0.000,0.000,0.000,0.656,0.656
TCGA-EL-A4K0-01A,0.001,0.003,0.021,0.003,0.000,0.003,0.036,0.118,0.160,0.032,0.056,0.003,0.000,0.000,0.000,0.565,0.565
TCGA-IM-A3ED-01A,0.033,0.019,0.022,0.001,0.005,0.001,0.015,0.133,0.069,0.041,0.087,0.017,0.000,0.000,0.000,0.556,0.556
TCGA-EL-A3GZ-01A,0.000,0.000,0.016,0.006,0.001,0.000,0.035,0.128,0.081,0.048,0.021,0.002,0.000,0.000,0.000,0.662,0.662
TCGA-DJ-A1QL-01A,0.003,0.003,0.004,0.000,0.005,0.000,0.004,0.181,0.012,0.048,0.015,0.000,0.003,0.000,0.000,0.721,0.721
TCGA-DJ-A4V5-01A,0.008,0.001,0.030,0.000,0.013,0.001,0.052,0.148,0.057,0.050,0.061,0.008,0.000,0.002,0.000,0.568,0.568
TCGA-EL-A3T3-01A,0.001,0.006,0.011,0.000,0.001,0.000,0.017,0.103,0.029,0.041,0.058,0.002,0.000,0.000,0.000,0.731,0.731
TCGA-E3-A3E1-01A,0.005,0.001,0.017,0.003,0.001,0.000,0.017,0.084,0.029,0.034,0.053,0.002,0.000,0.000,0.000,0.755,0.755
TCGA-EL-A3ZN-01A,0.003,0.000,0.006,0.000,0.010,0.000,0.011,0.201,0.029,0.100,0.041,0.002,0.001,0.000,0.000,0.596,0.596
TCGA-EL-A4KI-01A,0.016,0.001,0.005,0.001,0.001,0.001,0.001,0.094,0.023,0.090,0.012,0.000,0.000,0.000,0.000,0.754,0.754
TCGA-DJ-A2Q4-01A,0.011,0.001,0.011,0.007,0.001,0.000,0.021,0.115,0.036,0.036,0.011,0.001,0.000,0.000,0.000,0.750,0.750
TCGA-IM-A4EB-01A,0.052,0.010,0.021,0.007,0.012,0.000,0.032,0.099,0.083,0.027,0.049,0.001,0.000,0.000,0.000,0.606,0.606
TCGA-ET-A39M-01A,0.100,0.000,0.031,0.001,0.021,0.000,0.024,0.104,0.045,0.037,0.154,0.000,0.000,0.000,0.000,0.482,0.482
TCGA-EM-A2CU-01A,0.012,0.001,0.022,0.000,0.027,0.000,0.014,0.168,0.039,0.104,0.089,0.003,0.000,0.000,0.000,0.521,0.521
TCGA-E3-A3DZ-01A,0.012,0.004,0.006,0.000,0.004,0.003,0.009,0.132,0.001,0.066,0.005,0.006,0.000,0.000,0.000,0.753,0.753
TCGA-ET-A3BW-01A,0.000,0.001,0.002,0.001,0.005,0.000,0.008,0.127,0.015,0.069,0.010,0.001,0.000,0.000,0.000,0.761,0.761
TCGA-DE-A0Y2-01A,0.000,0.007,0.005,0.002,0.000,0.000,0.013,0.104,0.029,0.033,0.013,0.003,0.000,0.000,0.000,0.791,0.791
TCGA-DJ-A3VF-01A,0.000,0.000,0.030,0.000,0.000,0.001,0.090,0.117,0.277,0.025,0.015,0.009,0.000,0.000,0.000,0.434,0.434
TCGA-DJ-A3VA-01A,0.014,0.004,0.013,0.007,0.003,0.000,0.014,0.118,0.031,0.041,0.052,0.004,0.000,0.000,0.000,0.698,0.698
TCGA-E3-A3E2-01A,0.030,0.079,0.031,0.018,0.015,0.000,0.042,0.137,0.055,0.041,0.066,0.002,0.000,0.000,0.000,0.484,0.484
TCGA-DJ-A1QD-01A,0.002,0.005,0.006,0.006,0.001,0.000,0.022,0.110,0.049,0.014,0.014,0.002,0.000,0.000,0.000,0.770,0.770
TCGA-J8-A3O1-01A,0.000,0.003,0.003,0.001,0.000,0.000,0.007,0.042,0.024,0.013,0.016,0.001,0.000,0.000,0.000,0.889,0.889
TCGA-DJ-A3V3-01A,0.046,0.002,0.017,0.008,0.019,0.000,0.020,0.140,0.032,0.068,0.073,0.004,0.001,0.000,0.000,0.571,0.571
TCGA-DJ-A2Q2-01A,0.023,0.005,0.011,0.000,0.012,0.000,0.011,0.205,0.005,0.078,0.035,0.000,0.000,0.000,0.000,0.615,0.615
TCGA-KS-A41F-01A,0.001,0.000,0.006,0.004,0.000,0.000,0.003,0.069,0.008,0.029,0.035,0.000,0.000,0.000,0.000,0.844,0.844
TCGA-EL-A3N3-01A,0.062,0.002,0.024,0.007,0.008,0.000,0.050,0.097,0.085,0.006,0.051,0.004,0.000,0.000,0.000,0.604,0.604
TCGA-GE-A2C6-01A,0.012,0.009,0.030,0.001,0.027,0.001,0.050,0.125,0.125,0.084,0.073,0.004,0.000,0.000,0.000,0.461,0.461
TCGA-EL-A3D6-01A,0.018,0.003,0.023,0.005,0.000,0.000,0.065,0.083,0.114,0.011,0.008,0.001,0.000,0.000,0.000,0.667,0.667
TCGA-DE-A7U5-01A,0.022,0.002,0.024,0.008,0.003,0.000,0.046,0.077,0.184,0.022,0.058,0.002,0.000,0.001,0.000,0.550,0.550
TCGA-DJ-A3VJ-01A,0.007,0.000,0.020,0.001,0.013,0.000,0.019,0.181,0.053,0.050,0.036,0.003,0.000,0.000,0.000,0.616,0.616
TCGA-EM-A4FQ-01A,0.020,0.001,0.010,0.008,0.000,0.000,0.030,0.079,0.046,0.035,0.044,0.001,0.000,0.000,0.000,0.726,0.726
TCGA-CE-A3MD-01A,0.001,0.001,0.010,0.006,0.012,0.000,0.033,0.173,0.030,0.082,0.050,0.001,0.001,0.000,0.000,0.599,0.599
TCGA-ET-A25R-01A,0.001,0.002,0.027,0.004,0.000,0.001,0.077,0.071,0.078,0.010,0.011,0.001,0.000,0.000,0.000,0.718,0.718
TCGA-EM-A3AP-01A,0.019,0.012,0.006,0.001,0.000,0.000,0.009,0.167,0.036,0.105,0.045,0.008,0.000,0.000,0.000,0.592,0.592
TCGA-EL-A4JZ-01A,0.012,0.001,0.025,0.002,0.024,0.000,0.055,0.151,0.113,0.081,0.111,0.001,0.000,0.000,0.000,0.423,0.423
TCGA-FE-A23A-01A,0.070,0.001,0.022,0.025,0.012,0.000,0.048,0.046,0.049,0.005,0.053,0.000,0.000,0.000,0.000,0.669,0.669
TCGA-BJ-A45K-01A,0.010,0.002,0.002,0.000,0.010,0.000,0.002,0.132,0.012,0.085,0.006,0.001,0.000,0.000,0.000,0.738,0.738
TCGA-DJ-A1QE-01A,0.000,0.008,0.018,0.001,0.000,0.000,0.038,0.066,0.105,0.003,0.004,0.003,0.000,0.000,0.000,0.753,0.753
TCGA-E8-A433-01A,0.001,0.001,0.020,0.002,0.002,0.000,0.035,0.092,0.088,0.031,0.031,0.001,0.000,0.000,0.000,0.698,0.698
TCGA-BJ-A18Z-01A,0.000,0.001,0.024,0.000,0.004,0.001,0.045,0.079,0.218,0.020,0.032,0.008,0.000,0.000,0.000,0.569,0.569
TCGA-EL-A4K7-01A,0.000,0.000,0.006,0.004,0.000,0.000,0.015,0.039,0.038,0.000,0.037,0.001,0.000,0.000,0.000,0.860,0.860
TCGA-FY-A3W9-01A,0.006,0.005,0.003,0.000,0.005,0.002,0.012,0.098,0.006,0.042,0.009,0.007,0.000,0.000,0.000,0.805,0.805
TCGA-EM-A22P-01A,0.009,0.068,0.029,0.000,0.018,0.012,0.046,0.174,0.123,0.078,0.082,0.008,0.001,0.000,0.000,0.354,0.354
TCGA-DJ-A2PX-01A,0.065,0.027,0.027,0.013,0.017,0.001,0.029,0.172,0.027,0.094,0.099,0.002,0.001,0.000,0.000,0.427,0.427
TCGA-J8-A3YD-01A,0.002,0.001,0.011,0.000,0.005,0.001,0.014,0.101,0.032,0.047,0.007,0.003,0.000,0.000,0.000,0.778,0.778
TCGA-EL-A3CV-01A,0.005,0.017,0.029,0.021,0.031,0.000,0.075,0.195,0.176,0.046,0.072,0.003,0.000,0.001,0.000,0.330,0.330
TCGA-EL-A3CM-01A,0.000,0.015,0.013,0.002,0.000,0.001,0.032,0.150,0.169,0.042,0.011,0.001,0.000,0.000,0.000,0.564,0.564
TCGA-ET-A40Q-01A,0.020,0.001,0.020,0.012,0.005,0.000,0.064,0.066,0.094,0.020,0.067,0.000,0.000,0.000,0.000,0.631,0.631
TCGA-FK-A3SE-01A,0.002,0.001,0.006,0.000,0.003,0.000,0.017,0.096,0.044,0.031,0.006,0.005,0.000,0.000,0.000,0.788,0.788
TCGA-EM-A2OZ-01A,0.001,0.003,0.009,0.005,0.009,0.000,0.016,0.116,0.001,0.046,0.030,0.001,0.000,0.000,0.000,0.762,0.762
TCGA-ET-A3DW-01A,0.000,0.001,0.013,0.007,0.001,0.000,0.049,0.056,0.018,0.001,0.017,0.002,0.000,0.000,0.000,0.835,0.835
TCGA-H2-A421-01A,0.058,0.001,0.025,0.018,0.015,0.000,0.032,0.095,0.070,0.026,0.080,0.000,0.000,0.000,0.000,0.580,0.580
TCGA-E8-A417-01A,0.026,0.008,0.008,0.025,0.004,0.000,0.035,0.071,0.030,0.031,0.056,0.000,0.000,0.000,0.000,0.706,0.706
TCGA-EL-A3T2-01A,0.002,0.012,0.002,0.001,0.004,0.000,0.011,0.126,0.001,0.048,0.012,0.010,0.000,0.000,0.000,0.773,0.773
TCGA-E3-A3E0-01A,0.005,0.001,0.013,0.009,0.008,0.000,0.011,0.136,0.005,0.064,0.055,0.002,0.000,0.000,0.000,0.690,0.690
TCGA-DJ-A3UW-01A,0.098,0.012,0.033,0.014,0.012,0.000,0.063,0.088,0.101,0.029,0.066,0.000,0.000,0.000,0.000,0.483,0.483
TCGA-DJ-A3VG-01A,0.012,0.002,0.002,0.000,0.008,0.000,0.007,0.146,0.004,0.113,0.009,0.000,0.000,0.000,0.000,0.696,0.696
TCGA-BJ-A28V-01A,0.006,0.005,0.002,0.000,0.005,0.000,0.002,0.123,0.001,0.061,0.003,0.003,0.000,0.000,0.000,0.788,0.788
TCGA-EM-A2CJ-01A,0.015,0.001,0.005,0.000,0.007,0.000,0.008,0.079,0.042,0.064,0.009,0.003,0.000,0.000,0.000,0.769,0.769
TCGA-EM-A22O-01A,0.000,0.002,0.003,0.011,0.001,0.000,0.019,0.071,0.030,0.003,0.021,0.000,0.000,0.000,0.000,0.840,0.840
TCGA-E3-A3DY-01A,0.018,0.003,0.016,0.007,0.008,0.000,0.023,0.125,0.041,0.011,0.074,0.003,0.000,0.000,0.000,0.672,0.672
TCGA-BJ-A0ZH-01A,0.004,0.007,0.019,0.003,0.000,0.001,0.022,0.124,0.026,0.054,0.045,0.001,0.000,0.000,0.000,0.694,0.694
TCGA-BJ-A45J-01A,0.001,0.002,0.013,0.000,0.000,0.001,0.015,0.155,0.029,0.033,0.023,0.004,0.000,0.000,0.000,0.723,0.723
TCGA-FY-A3I5-01B,0.026,0.039,0.011,0.001,0.024,0.024,0.020,0.046,0.037,0.041,0.024,0.000,0.000,0.000,0.000,0.707,0.707
TCGA-E8-A413-01A,0.000,0.001,0.022,0.000,0.006,0.001,0.054,0.117,0.199,0.039,0.044,0.002,0.000,0.000,0.000,0.514,0.514
TCGA-FY-A3NM-01A,0.011,0.003,0.007,0.000,0.004,0.000,0.006,0.093,0.000,0.053,0.003,0.000,0.000,0.000,0.000,0.819,0.819
TCGA-FY-A2QD-01A,0.020,0.007,0.002,0.000,0.007,0.000,0.004,0.046,0.009,0.058,0.001,0.006,0.000,0.000,0.000,0.838,0.838
TCGA-CE-A485-01A,0.000,0.002,0.020,0.000,0.007,0.001,0.036,0.218,0.134,0.075,0.064,0.007,0.000,0.000,0.000,0.436,0.436
TCGA-DJ-A13S-01A,0.001,0.003,0.000,0.002,0.000,0.000,0.004,0.185,0.000,0.073,0.032,0.001,0.000,0.000,0.000,0.697,0.697
TCGA-ET-A3DR-01A,0.005,0.001,0.010,0.000,0.001,0.000,0.007,0.126,0.043,0.034,0.008,0.007,0.000,0.000,0.000,0.757,0.757
TCGA-DJ-A13O-01A,0.030,0.020,0.021,0.003,0.022,0.000,0.035,0.067,0.048,0.024,0.047,0.001,0.000,0.000,0.000,0.681,0.681
TCGA-EM-A22N-01A,0.073,0.005,0.008,0.000,0.006,0.000,0.006,0.124,0.000,0.099,0.035,0.000,0.000,0.000,0.000,0.644,0.644
TCGA-E8-A414-01A,0.005,0.014,0.027,0.001,0.004,0.001,0.048,0.161,0.184,0.063,0.034,0.010,0.000,0.000,0.000,0.447,0.447
TCGA-ET-A3BU-01A,0.000,0.003,0.015,0.000,0.000,0.001,0.013,0.198,0.041,0.055,0.046,0.009,0.000,0.000,0.000,0.618,0.618
TCGA-EL-A3ZT-01A,0.001,0.007,0.007,0.004,0.003,0.000,0.012,0.116,0.024,0.044,0.041,0.002,0.000,0.000,0.000,0.739,0.739
TCGA-ET-A39S-01A,0.005,0.001,0.016,0.000,0.002,0.002,0.011,0.185,0.056,0.059,0.036,0.012,0.000,0.000,0.000,0.616,0.616
TCGA-EM-A3O6-01A,0.016,0.002,0.004,0.000,0.005,0.000,0.000,0.166,0.000,0.093,0.003,0.000,0.000,0.000,0.000,0.711,0.711
TCGA-ET-A3DU-01A,0.121,0.001,0.026,0.019,0.027,0.000,0.050,0.070,0.095,0.007,0.110,0.001,0.000,0.000,0.000,0.473,0.473
TCGA-DJ-A1QN-01A,0.000,0.000,0.022,0.000,0.001,0.001,0.021,0.159,0.039,0.059,0.066,0.006,0.001,0.000,0.000,0.625,0.625
TCGA-ET-A3DP-01A,0.001,0.003,0.017,0.000,0.004,0.007,0.031,0.153,0.049,0.055,0.058,0.006,0.000,0.000,0.000,0.615,0.615
TCGA-FY-A3NN-01A,0.000,0.005,0.007,0.004,0.000,0.000,0.021,0.071,0.009,0.051,0.067,0.001,0.000,0.000,0.000,0.763,0.763
TCGA-DJ-A3V9-01A,0.012,0.005,0.016,0.000,0.006,0.001,0.013,0.179,0.052,0.070,0.051,0.014,0.000,0.000,0.000,0.581,0.581
TCGA-E8-A2JQ-01A,0.075,0.001,0.038,0.043,0.028,0.000,0.070,0.074,0.091,0.019,0.071,0.000,0.000,0.000,0.000,0.490,0.490
TCGA-EM-A4FH-01A,0.016,0.011,0.003,0.000,0.004,0.000,0.003,0.103,0.018,0.076,0.001,0.000,0.001,0.000,0.000,0.763,0.763
TCGA-IM-A420-01A,0.045,0.002,0.023,0.021,0.008,0.000,0.029,0.068,0.058,0.013,0.054,0.000,0.000,0.000,0.000,0.677,0.677
TCGA-EM-A22K-01A,0.011,0.002,0.005,0.000,0.006,0.001,0.009,0.171,0.007,0.096,0.036,0.001,0.000,0.000,0.000,0.654,0.654
TCGA-EM-A2P0-01A,0.004,0.004,0.010,0.000,0.001,0.001,0.016,0.152,0.039,0.035,0.028,0.018,0.000,0.000,0.000,0.690,0.690
TCGA-BJ-A28R-01A,0.021,0.001,0.018,0.016,0.014,0.000,0.035,0.126,0.036,0.036,0.032,0.001,0.000,0.000,0.000,0.664,0.664
TCGA-ET-A3BX-01A,0.000,0.001,0.014,0.000,0.000,0.001,0.032,0.034,0.026,0.003,0.017,0.013,0.000,0.000,0.000,0.860,0.860
TCGA-FY-A4B4-01A,0.009,0.005,0.017,0.000,0.003,0.001,0.021,0.117,0.062,0.026,0.076,0.011,0.000,0.000,0.000,0.652,0.652
TCGA-ET-A3DQ-01A,0.045,0.032,0.030,0.001,0.025,0.007,0.020,0.180,0.056,0.096,0.058,0.004,0.000,0.000,0.000,0.447,0.447
TCGA-ET-A3DO-01A,0.067,0.003,0.033,0.023,0.012,0.000,0.055,0.082,0.071,0.014,0.060,0.002,0.000,0.000,0.000,0.577,0.577
TCGA-E8-A416-01A,0.009,0.013,0.011,0.000,0.028,0.001,0.013,0.092,0.093,0.042,0.010,0.001,0.000,0.000,0.000,0.687,0.687
TCGA-DJ-A1QG-01A,0.000,0.008,0.005,0.000,0.006,0.000,0.006,0.189,0.000,0.079,0.037,0.001,0.000,0.000,0.000,0.667,0.667
TCGA-EM-A2OY-01A,0.000,0.006,0.004,0.000,0.000,0.000,0.001,0.044,0.000,0.033,0.007,0.000,0.000,0.000,0.000,0.905,0.905
TCGA-EL-A3CP-01A,0.000,0.006,0.010,0.000,0.000,0.000,0.019,0.120,0.077,0.042,0.011,0.001,0.000,0.000,0.000,0.713,0.713
TCGA-BJ-A45F-01A,0.018,0.014,0.002,0.000,0.001,0.001,0.010,0.179,0.000,0.093,0.034,0.001,0.000,0.000,0.000,0.647,0.647
TCGA-EM-A4FV-01A,0.041,0.016,0.022,0.007,0.013,0.000,0.027,0.163,0.027,0.058,0.091,0.006,0.001,0.000,0.000,0.527,0.527
TCGA-EM-A2P1-01A,0.058,0.080,0.059,0.023,0.019,0.006,0.078,0.090,0.106,0.016,0.065,0.001,0.000,0.000,0.000,0.399,0.399
TCGA-EL-A4JW-01A,0.015,0.001,0.011,0.005,0.007,0.000,0.014,0.142,0.053,0.073,0.009,0.001,0.000,0.000,0.000,0.670,0.670
TCGA-EM-A3AI-01A,0.011,0.001,0.004,0.000,0.002,0.004,0.002,0.109,0.003,0.079,0.002,0.000,0.000,0.000,0.000,0.782,0.782
TCGA-EL-A3GX-01A,0.002,0.001,0.017,0.010,0.000,0.000,0.028,0.063,0.031,0.001,0.126,0.006,0.000,0.000,0.000,0.716,0.716
TCGA-FY-A3NP-01A,0.012,0.004,0.004,0.000,0.005,0.001,0.006,0.107,0.002,0.067,0.025,0.007,0.000,0.000,0.000,0.759,0.759
TCGA-FY-A4B3-01A,0.001,0.005,0.011,0.000,0.003,0.000,0.017,0.136,0.088,0.022,0.026,0.006,0.000,0.000,0.000,0.683,0.683
