,Plasma B cells,Non-plasma B cells,CD4 T,CD8 T effector,CD8 T (GZMK high),Double-neg-like T,DC,Endothelial Cells,CAFs,Myofibroblasts,Macrophages,Mast Cells,NK,Neutrophils,Monocytes,1-others,Cancer Cells
TCGA-BP-4766-01A,0.001,0.000,0.001,0.000,0.000,0.000,0.000,0.245,0.000,0.133,0.163,0.000,0.008,0.014,0.000,0.434,0.434
TCGA-A3-3352-01A,0.007,0.001,0.006,0.000,0.000,0.008,0.003,0.273,0.000,0.094,0.142,0.000,0.021,0.009,0.000,0.435,0.435
TCGA-G6-A8L7-01A,0.025,0.000,0.002,0.000,0.004,0.000,0.000,0.064,0.000,0.119,0.043,0.000,0.007,0.000,0.000,0.734,0.734
TCGA-A3-A6NN-01A,0.000,0.000,0.010,0.000,0.001,0.001,0.004,0.340,0.069,0.101,0.137,0.000,0.030,0.010,0.000,0.296,0.296
TCGA-T7-A92I-01A,0.002,0.000,0.002,0.000,0.002,0.000,0.000,0.034,0.001,0.134,0.186,0.000,0.000,0.000,0.000,0.639,0.639
TCGA-B0-5713-01A,0.001,0.000,0.002,0.000,0.009,0.000,0.000,0.406,0.000,0.155,0.098,0.000,0.008,0.005,0.000,0.316,0.316
TCGA-CZ-4860-01A,0.000,0.001,0.003,0.000,0.006,0.000,0.000,0.023,0.154,0.007,0.180,0.000,0.000,0.000,0.000,0.625,0.625
TCGA-A3-3351-01A,0.001,0.005,0.027,0.003,0.065,0.000,0.031,0.205,0.018,0.152,0.198,0.007,0.001,0.024,0.001,0.262,0.262
TCGA-B8-4148-01A,0.007,0.001,0.019,0.016,0.087,0.000,0.023,0.251,0.000,0.134,0.157,0.001,0.008,0.018,0.001,0.277,0.277
TCGA-BP-4345-01A,0.000,0.000,0.017,0.001,0.015,0.000,0.009,0.244,0.199,0.307,0.163,0.000,0.005,0.002,0.000,0.037,0.037
TCGA-BP-5010-01A,0.000,0.000,0.002,0.000,0.009,0.000,0.001,0.239,0.196,0.347,0.053,0.000,0.004,0.001,0.000,0.147,0.147
TCGA-BP-4325-01A,0.001,0.001,0.000,0.000,0.039,0.000,0.000,0.162,0.000,0.083,0.195,0.000,0.004,0.009,0.000,0.505,0.505
TCGA-B0-5102-01A,0.011,0.000,0.000,0.000,0.006,0.000,0.000,0.154,0.000,0.087,0.125,0.000,0.004,0.000,0.000,0.612,0.612
TCGA-BP-5185-01A,0.001,0.000,0.000,0.000,0.001,0.000,0.000,0.131,0.001,0.187,0.058,0.000,0.000,0.000,0.000,0.622,0.622
TCGA-CZ-5986-01A,0.000,0.000,0.000,0.000,0.000,0.000,0.005,0.244,0.000,0.128,0.170,0.008,0.005,0.013,0.000,0.426,0.426
TCGA-CW-5590-01A,0.000,0.000,0.009,0.002,0.006,0.000,0.002,0.276,0.058,0.144,0.122,0.000,0.006,0.002,0.000,0.370,0.370
TCGA-CJ-4904-01A,0.000,0.000,0.002,0.000,0.019,0.000,0.010,0.396,0.001,0.197,0.113,0.001,0.003,0.005,0.000,0.251,0.251
TCGA-BP-4987-01A,0.000,0.001,0.000,0.000,0.021,0.000,0.000,0.310,0.000,0.162,0.129,0.001,0.011,0.010,0.000,0.353,0.353
TCGA-B0-4849-01A,0.001,0.000,0.005,0.000,0.005,0.000,0.004,0.301,0.000,0.236,0.105,0.003,0.008,0.009,0.007,0.314,0.314
TCGA-BP-4329-01A,0.001,0.000,0.001,0.000,0.000,0.001,0.006,0.260,0.077,0.200,0.133,0.000,0.005,0.001,0.000,0.313,0.313
TCGA-A3-3328-01A,0.010,0.000,0.001,0.000,0.000,0.000,0.000,0.018,0.000,0.017,0.017,0.000,0.001,0.000,0.000,0.934,0.934
TCGA-CJ-5672-01A,0.016,0.000,0.019,0.003,0.049,0.000,0.027,0.176,0.001,0.089,0.247,0.000,0.001,0.000,0.000,0.372,0.372
TCGA-B0-5104-01A,0.006,0.000,0.001,0.000,0.000,0.000,0.001,0.246,0.000,0.148,0.106,0.000,0.001,0.012,0.006,0.472,0.472
TCGA-CW-6097-01A,0.008,0.036,0.030,0.002,0.042,0.006,0.038,0.155,0.141,0.118,0.161,0.002,0.001,0.015,0.001,0.244,0.244
TCGA-B0-4700-01A,0.012,0.001,0.032,0.004,0.058,0.000,0.012,0.160,0.180,0.159,0.172,0.000,0.004,0.003,0.001,0.201,0.201
TCGA-B0-5095-01A,0.002,0.005,0.013,0.001,0.021,0.001,0.004,0.216,0.202,0.256,0.083,0.001,0.010,0.016,0.000,0.170,0.170
TCGA-B0-4810-01A,0.008,0.000,0.021,0.006,0.035,0.000,0.001,0.224,0.076,0.206,0.142,0.001,0.011,0.006,0.000,0.262,0.262
TCGA-CJ-4901-01A,0.033,0.001,0.023,0.023,0.057,0.000,0.007,0.161,0.093,0.096,0.221,0.000,0.015,0.008,0.001,0.260,0.260
TCGA-CJ-4643-01A,0.004,0.000,0.012,0.001,0.015,0.000,0.011,0.312,0.003,0.261,0.132,0.001,0.006,0.015,0.000,0.227,0.227
TCGA-B8-A54H-01A,0.001,0.000,0.005,0.000,0.034,0.000,0.000,0.344,0.001,0.132,0.088,0.000,0.007,0.005,0.000,0.381,0.381
TCGA-AK-3429-01A,0.006,0.000,0.010,0.000,0.063,0.000,0.021,0.194,0.000,0.089,0.142,0.000,0.000,0.000,0.000,0.474,0.474
TCGA-B0-4834-01A,0.003,0.000,0.000,0.000,0.000,0.000,0.000,0.192,0.000,0.096,0.015,0.000,0.000,0.000,0.000,0.693,0.693
TCGA-B0-4843-01A,0.000,0.000,0.003,0.000,0.000,0.000,0.004,0.261,0.100,0.336,0.059,0.000,0.006,0.000,0.000,0.230,0.230
TCGA-A3-3382-01A,0.000,0.000,0.012,0.001,0.020,0.000,0.000,0.177,0.053,0.086,0.174,0.000,0.008,0.011,0.000,0.459,0.459
TCGA-BP-4338-01A,0.007,0.000,0.002,0.000,0.000,0.000,0.000,0.032,0.002,0.048,0.196,0.000,0.001,0.000,0.000,0.713,0.713
TCGA-B4-5832-01A,0.004,0.000,0.000,0.000,0.010,0.000,0.000,0.143,0.253,0.065,0.175,0.001,0.000,0.009,0.001,0.340,0.340
TCGA-CW-6088-01A,0.000,0.000,0.004,0.000,0.000,0.000,0.002,0.392,0.019,0.158,0.097,0.007,0.009,0.017,0.000,0.293,0.293
TCGA-A3-A6NJ-01A,0.009,0.000,0.012,0.002,0.054,0.000,0.004,0.324,0.007,0.066,0.182,0.000,0.004,0.011,0.000,0.323,0.323
TCGA-B0-5088-01A,0.001,0.001,0.007,0.000,0.009,0.002,0.002,0.225,0.004,0.208,0.236,0.003,0.009,0.001,0.000,0.292,0.292
TCGA-A3-3308-01A,0.001,0.000,0.009,0.000,0.003,0.000,0.003,0.275,0.092,0.191,0.122,0.000,0.009,0.011,0.000,0.282,0.282
TCGA-CW-5589-01A,0.004,0.000,0.010,0.000,0.000,0.002,0.009,0.293,0.016,0.153,0.157,0.004,0.011,0.004,0.000,0.336,0.336
TCGA-B0-5702-01A,0.017,0.000,0.010,0.000,0.000,0.000,0.000,0.135,0.076,0.107,0.104,0.000,0.008,0.002,0.000,0.538,0.538
TCGA-BP-4169-01A,0.009,0.006,0.016,0.002,0.021,0.005,0.019,0.292,0.103,0.214,0.117,0.008,0.004,0.023,0.018,0.140,0.140
TCGA-CZ-5468-01A,0.000,0.000,0.007,0.000,0.002,0.000,0.000,0.112,0.128,0.075,0.164,0.000,0.007,0.002,0.000,0.503,0.503
TCGA-A3-3313-01A,0.001,0.000,0.000,0.000,0.000,0.000,0.000,0.070,0.003,0.075,0.126,0.000,0.000,0.001,0.000,0.724,0.724
TCGA-BP-4782-01A,0.000,0.000,0.016,0.001,0.014,0.000,0.001,0.240,0.009,0.154,0.183,0.000,0.007,0.002,0.000,0.373,0.373
TCGA-3Z-A93Z-01A,0.010,0.000,0.007,0.000,0.001,0.000,0.002,0.283,0.067,0.142,0.080,0.000,0.009,0.001,0.000,0.397,0.397
TCGA-CZ-5454-01A,0.000,0.000,0.001,0.000,0.004,0.003,0.000,0.168,0.000,0.067,0.395,0.000,0.001,0.000,0.000,0.360,0.360
TCGA-A3-3358-01A,0.023,0.002,0.012,0.002,0.015,0.000,0.007,0.174,0.005,0.063,0.246,0.004,0.006,0.004,0.000,0.436,0.436
TCGA-CJ-6031-01A,0.006,0.001,0.016,0.001,0.023,0.000,0.006,0.199,0.137,0.223,0.204,0.003,0.005,0.001,0.000,0.175,0.175
TCGA-BP-4790-01A,0.007,0.002,0.030,0.002,0.069,0.002,0.022,0.216,0.129,0.158,0.167,0.002,0.001,0.018,0.000,0.176,0.176
TCGA-B0-5699-01A,0.000,0.001,0.007,0.000,0.000,0.000,0.011,0.221,0.000,0.092,0.137,0.000,0.013,0.011,0.000,0.507,0.507
TCGA-CJ-4635-01A,0.002,0.000,0.012,0.003,0.069,0.000,0.000,0.179,0.077,0.066,0.223,0.002,0.001,0.007,0.000,0.358,0.358
TCGA-A3-A8CQ-01A,0.002,0.000,0.003,0.000,0.004,0.001,0.006,0.347,0.012,0.209,0.092,0.001,0.006,0.009,0.000,0.306,0.306
TCGA-AK-3447-01A,0.005,0.000,0.002,0.000,0.000,0.000,0.000,0.024,0.000,0.053,0.006,0.000,0.000,0.000,0.000,0.910,0.910
TCGA-BP-4159-01A,0.000,0.000,0.000,0.000,0.000,0.000,0.003,0.314,0.001,0.320,0.090,0.000,0.008,0.000,0.000,0.264,0.264
TCGA-B0-5698-01A,0.012,0.000,0.017,0.000,0.013,0.000,0.013,0.246,0.000,0.072,0.205,0.000,0.000,0.007,0.002,0.411,0.411
TCGA-A3-A8OU-01A,0.007,0.000,0.005,0.001,0.002,0.000,0.009,0.278,0.045,0.117,0.131,0.000,0.012,0.007,0.000,0.385,0.385
TCGA-A3-3380-01A,0.005,0.000,0.004,0.000,0.000,0.010,0.002,0.341,0.013,0.225,0.110,0.003,0.010,0.004,0.000,0.273,0.273
TCGA-BP-4998-01A,0.006,0.001,0.016,0.001,0.028,0.001,0.018,0.227,0.094,0.170,0.183,0.005,0.008,0.015,0.000,0.226,0.226
TCGA-A3-3383-01A,0.007,0.000,0.011,0.001,0.006,0.000,0.025,0.187,0.000,0.101,0.148,0.000,0.012,0.001,0.000,0.501,0.501
TCGA-BP-4353-01A,0.000,0.000,0.009,0.001,0.029,0.000,0.001,0.355,0.017,0.137,0.220,0.006,0.006,0.007,0.000,0.211,0.211
TCGA-CJ-5686-01A,0.007,0.000,0.012,0.001,0.020,0.000,0.005,0.210,0.005,0.075,0.184,0.000,0.004,0.008,0.000,0.469,0.469
TCGA-EU-5907-01A,0.002,0.000,0.002,0.000,0.000,0.000,0.000,0.113,0.034,0.044,0.150,0.000,0.000,0.000,0.000,0.654,0.654
TCGA-B0-4703-01A,0.000,0.000,0.016,0.004,0.035,0.000,0.009,0.197,0.253,0.210,0.106,0.002,0.004,0.016,0.000,0.147,0.147
TCGA-B0-5119-01A,0.000,0.000,0.003,0.000,0.018,0.000,0.000,0.309,0.002,0.168,0.114,0.000,0.005,0.004,0.000,0.376,0.376
TCGA-B0-4822-01A,0.006,0.000,0.005,0.000,0.012,0.000,0.000,0.329,0.077,0.162,0.160,0.000,0.008,0.000,0.000,0.241,0.241
TCGA-B4-5835-01A,0.002,0.000,0.000,0.000,0.004,0.000,0.000,0.023,0.005,0.003,0.218,0.000,0.000,0.000,0.000,0.745,0.745
TCGA-CZ-5460-01A,0.010,0.000,0.017,0.000,0.013,0.000,0.003,0.199,0.000,0.090,0.169,0.000,0.000,0.001,0.000,0.497,0.497
TCGA-B2-3924-01A,0.016,0.002,0.020,0.020,0.088,0.000,0.006,0.182,0.001,0.063,0.246,0.003,0.000,0.011,0.001,0.341,0.341
TCGA-CJ-4870-01A,0.001,0.000,0.000,0.000,0.000,0.000,0.000,0.352,0.000,0.212,0.084,0.004,0.003,0.002,0.000,0.341,0.341
TCGA-B8-4619-01A,0.003,0.000,0.001,0.000,0.000,0.000,0.000,0.116,0.001,0.097,0.023,0.000,0.000,0.000,0.000,0.759,0.759
TCGA-BP-5201-01A,0.015,0.000,0.011,0.011,0.050,0.000,0.008,0.170,0.001,0.131,0.120,0.001,0.000,0.000,0.000,0.483,0.483
TCGA-B8-A54J-01A,0.001,0.000,0.010,0.000,0.018,0.000,0.005,0.409,0.001,0.199,0.086,0.004,0.007,0.006,0.000,0.253,0.253
TCGA-CZ-5456-01A,0.025,0.003,0.013,0.000,0.009,0.000,0.000,0.085,0.131,0.026,0.214,0.000,0.007,0.002,0.000,0.482,0.482
TCGA-B0-4688-01A,0.001,0.000,0.003,0.002,0.000,0.000,0.000,0.050,0.320,0.000,0.122,0.003,0.006,0.005,0.000,0.488,0.488
TCGA-A3-3317-01A,0.001,0.002,0.012,0.001,0.024,0.000,0.005,0.163,0.084,0.188,0.160,0.005,0.006,0.012,0.000,0.339,0.339
TCGA-B0-5400-01A,0.016,0.000,0.005,0.000,0.004,0.000,0.000,0.061,0.165,0.178,0.182,0.000,0.011,0.004,0.000,0.374,0.374
TCGA-G6-A5PC-01A,0.010,0.000,0.000,0.000,0.011,0.000,0.000,0.072,0.000,0.042,0.096,0.000,0.001,0.000,0.000,0.769,0.769
TCGA-B0-5100-01A,0.000,0.000,0.004,0.000,0.000,0.000,0.000,0.172,0.142,0.448,0.015,0.000,0.012,0.002,0.000,0.204,0.204
TCGA-CW-5585-01A,0.001,0.000,0.002,0.000,0.000,0.000,0.000,0.284,0.001,0.171,0.061,0.000,0.009,0.003,0.000,0.469,0.469
TCGA-BP-4343-01A,0.009,0.005,0.018,0.000,0.021,0.000,0.006,0.121,0.196,0.111,0.233,0.001,0.007,0.000,0.000,0.270,0.270
TCGA-B2-5636-01A,0.004,0.001,0.010,0.000,0.000,0.003,0.001,0.377,0.065,0.173,0.089,0.010,0.007,0.010,0.000,0.250,0.250
TCGA-B0-5081-01A,0.037,0.001,0.042,0.006,0.056,0.000,0.038,0.155,0.087,0.200,0.179,0.000,0.001,0.008,0.001,0.188,0.188
TCGA-CW-5580-01A,0.000,0.000,0.005,0.000,0.000,0.000,0.001,0.274,0.032,0.141,0.153,0.005,0.009,0.013,0.000,0.368,0.368
TCGA-B2-3924-01A.1,0.016,0.002,0.020,0.020,0.088,0.000,0.006,0.182,0.001,0.063,0.246,0.003,0.000,0.011,0.001,0.341,0.341
TCGA-CJ-6027-01A,0.014,0.000,0.014,0.018,0.056,0.000,0.000,0.056,0.076,0.043,0.235,0.000,0.008,0.000,0.000,0.478,0.478
TCGA-B0-5075-01A,0.000,0.000,0.001,0.000,0.021,0.000,0.000,0.054,0.000,0.041,0.389,0.000,0.000,0.002,0.000,0.491,0.491
TCGA-BP-5200-01A,0.006,0.000,0.008,0.000,0.038,0.000,0.002,0.313,0.080,0.154,0.156,0.004,0.000,0.011,0.000,0.226,0.226
TCGA-BP-4158-01A,0.000,0.000,0.000,0.000,0.001,0.000,0.000,0.296,0.000,0.219,0.100,0.000,0.009,0.002,0.000,0.372,0.372
TCGA-BP-5173-01A,0.000,0.000,0.007,0.000,0.038,0.000,0.008,0.201,0.000,0.167,0.127,0.001,0.000,0.000,0.000,0.451,0.451
TCGA-B0-4710-01A,0.015,0.013,0.007,0.001,0.017,0.000,0.002,0.238,0.050,0.156,0.090,0.004,0.012,0.018,0.000,0.378,0.378
TCGA-A3-3367-01A,0.001,0.000,0.002,0.000,0.000,0.001,0.008,0.202,0.004,0.119,0.161,0.004,0.009,0.007,0.000,0.483,0.483
TCGA-BP-4344-01A,0.001,0.000,0.000,0.000,0.000,0.000,0.009,0.391,0.052,0.263,0.115,0.001,0.008,0.007,0.003,0.148,0.148
TCGA-A3-3335-01A,0.006,0.004,0.001,0.000,0.000,0.000,0.000,0.062,0.006,0.072,0.122,0.000,0.002,0.002,0.000,0.724,0.724
TCGA-B0-5099-01A,0.003,0.000,0.000,0.000,0.000,0.000,0.000,0.316,0.000,0.150,0.047,0.000,0.004,0.002,0.000,0.477,0.477
TCGA-AK-3427-01A,0.032,0.000,0.001,0.000,0.000,0.000,0.000,0.030,0.000,0.083,0.015,0.000,0.001,0.001,0.000,0.837,0.837
TCGA-DV-A4W0-01A,0.001,0.000,0.001,0.000,0.000,0.000,0.000,0.287,0.002,0.185,0.090,0.004,0.005,0.004,0.000,0.421,0.421
TCGA-B8-4143-01A,0.020,0.001,0.030,0.007,0.054,0.000,0.001,0.134,0.010,0.145,0.144,0.003,0.001,0.008,0.001,0.442,0.442
TCGA-B8-A54K-01A,0.001,0.000,0.000,0.000,0.000,0.000,0.000,0.238,0.002,0.159,0.022,0.000,0.006,0.003,0.000,0.568,0.568
TCGA-A3-3311-01A,0.010,0.000,0.004,0.000,0.016,0.000,0.000,0.192,0.076,0.092,0.199,0.001,0.001,0.010,0.000,0.398,0.398
TCGA-CZ-4854-01A,0.019,0.001,0.005,0.003,0.002,0.000,0.000,0.113,0.103,0.076,0.121,0.000,0.011,0.005,0.000,0.541,0.541
TCGA-B8-4153-01B,0.000,0.000,0.000,0.000,0.000,0.000,0.000,0.386,0.000,0.116,0.082,0.003,0.004,0.001,0.000,0.408,0.408
TCGA-B2-A4SR-01A,0.000,0.000,0.026,0.001,0.017,0.001,0.013,0.410,0.001,0.194,0.099,0.006,0.007,0.010,0.000,0.213,0.213
TCGA-CZ-5989-01A,0.000,0.001,0.000,0.000,0.046,0.000,0.000,0.368,0.000,0.097,0.186,0.011,0.000,0.010,0.003,0.278,0.278
TCGA-CZ-5470-01A,0.011,0.000,0.008,0.003,0.018,0.000,0.007,0.127,0.000,0.081,0.217,0.000,0.002,0.000,0.000,0.526,0.526
TCGA-BP-4349-01A,0.001,0.000,0.001,0.000,0.000,0.001,0.001,0.374,0.005,0.272,0.064,0.000,0.009,0.003,0.000,0.268,0.268
TCGA-A3-3307-01A,0.001,0.000,0.003,0.001,0.019,0.000,0.001,0.306,0.000,0.156,0.140,0.004,0.005,0.009,0.000,0.354,0.354
TCGA-CJ-4641-01A,0.008,0.009,0.042,0.035,0.058,0.001,0.040,0.102,0.088,0.101,0.200,0.001,0.002,0.011,0.000,0.303,0.303
TCGA-B0-5098-01A,0.000,0.000,0.000,0.003,0.000,0.000,0.000,0.033,0.058,0.006,0.011,0.000,0.001,0.001,0.000,0.888,0.888
TCGA-B0-4699-01A,0.000,0.000,0.014,0.012,0.049,0.000,0.000,0.051,0.135,0.012,0.190,0.004,0.000,0.002,0.000,0.531,0.531
TCGA-BP-5199-01A,0.000,0.001,0.020,0.012,0.084,0.000,0.012,0.199,0.082,0.287,0.129,0.004,0.005,0.004,0.000,0.160,0.160
TCGA-BP-4337-01A,0.012,0.002,0.013,0.000,0.003,0.000,0.000,0.141,0.176,0.277,0.086,0.000,0.005,0.001,0.000,0.284,0.284
TCGA-CZ-4853-01A,0.010,0.000,0.005,0.000,0.000,0.000,0.003,0.169,0.000,0.086,0.129,0.000,0.005,0.000,0.000,0.593,0.593
TCGA-B0-5115-01A,0.002,0.000,0.007,0.001,0.000,0.015,0.006,0.330,0.012,0.201,0.111,0.000,0.012,0.015,0.000,0.288,0.288
TCGA-B8-A54G-01A,0.001,0.000,0.032,0.005,0.089,0.000,0.046,0.066,0.001,0.016,0.386,0.000,0.000,0.010,0.000,0.348,0.348
TCGA-CZ-4861-01A,0.000,0.000,0.015,0.000,0.010,0.000,0.000,0.077,0.007,0.039,0.385,0.000,0.000,0.006,0.000,0.460,0.460
TCGA-B8-5545-01A,0.000,0.001,0.016,0.001,0.013,0.000,0.006,0.275,0.116,0.180,0.172,0.006,0.006,0.010,0.000,0.198,0.198
TCGA-CJ-4892-01A,0.000,0.000,0.012,0.001,0.063,0.000,0.000,0.205,0.028,0.224,0.113,0.000,0.011,0.004,0.000,0.337,0.337
TCGA-CJ-5678-01A,0.058,0.000,0.009,0.001,0.046,0.000,0.016,0.115,0.000,0.033,0.243,0.000,0.000,0.000,0.000,0.477,0.477
TCGA-AK-3433-01A,0.001,0.000,0.001,0.000,0.000,0.000,0.000,0.071,0.000,0.027,0.040,0.000,0.000,0.000,0.000,0.860,0.860
TCGA-B8-4621-01A,0.000,0.000,0.001,0.000,0.002,0.000,0.000,0.041,0.000,0.005,0.204,0.000,0.002,0.004,0.000,0.739,0.739
TCGA-BP-4967-01A,0.004,0.000,0.001,0.001,0.000,0.000,0.000,0.139,0.011,0.092,0.124,0.005,0.005,0.003,0.000,0.616,0.616
TCGA-A3-3320-01A,0.008,0.000,0.003,0.000,0.012,0.000,0.000,0.262,0.000,0.198,0.131,0.007,0.006,0.017,0.000,0.355,0.355
TCGA-B8-A54D-01A,0.000,0.000,0.010,0.006,0.085,0.000,0.001,0.129,0.000,0.043,0.313,0.000,0.000,0.010,0.000,0.403,0.403
TCGA-B2-4098-01A,0.022,0.000,0.002,0.000,0.000,0.000,0.000,0.017,0.000,0.023,0.232,0.000,0.000,0.005,0.000,0.697,0.697
TCGA-A3-3374-01A,0.000,0.000,0.002,0.000,0.000,0.000,0.000,0.016,0.000,0.009,0.399,0.002,0.000,0.000,0.000,0.570,0.570
TCGA-BP-5000-01A,0.006,0.000,0.009,0.000,0.015,0.000,0.008,0.199,0.032,0.203,0.124,0.000,0.004,0.000,0.000,0.400,0.400
TCGA-A3-A6NI-01A,0.000,0.000,0.001,0.000,0.000,0.000,0.003,0.184,0.041,0.081,0.146,0.000,0.010,0.004,0.000,0.528,0.528
TCGA-B0-4824-01A,0.003,0.000,0.005,0.017,0.043,0.000,0.002,0.247,0.006,0.091,0.209,0.000,0.009,0.008,0.000,0.358,0.358
TCGA-BP-4975-01A,0.004,0.000,0.000,0.000,0.000,0.002,0.001,0.233,0.026,0.179,0.139,0.001,0.005,0.004,0.000,0.405,0.405
TCGA-BP-4330-01A,0.032,0.014,0.032,0.007,0.065,0.001,0.023,0.205,0.006,0.169,0.155,0.002,0.014,0.017,0.001,0.256,0.256
TCGA-B0-4841-01A,0.000,0.000,0.000,0.000,0.000,0.000,0.000,0.534,0.007,0.234,0.041,0.000,0.001,0.000,0.000,0.182,0.182
TCGA-B8-5551-01A,0.045,0.004,0.041,0.005,0.063,0.000,0.037,0.075,0.024,0.018,0.359,0.000,0.001,0.011,0.001,0.316,0.316
TCGA-AK-3440-01A,0.004,0.000,0.001,0.000,0.000,0.000,0.000,0.057,0.000,0.023,0.021,0.000,0.000,0.000,0.000,0.894,0.894
TCGA-BP-5169-01A,0.230,0.002,0.007,0.000,0.017,0.000,0.001,0.050,0.086,0.104,0.147,0.000,0.003,0.000,0.000,0.352,0.352
TCGA-BP-4770-01A,0.000,0.000,0.006,0.000,0.011,0.000,0.000,0.068,0.693,0.000,0.114,0.000,0.000,0.000,0.000,0.106,0.106
TCGA-B4-5838-01A,0.000,0.000,0.007,0.000,0.002,0.000,0.001,0.130,0.087,0.135,0.104,0.000,0.002,0.000,0.000,0.530,0.530
TCGA-B0-4815-01A,0.113,0.019,0.027,0.006,0.075,0.000,0.013,0.101,0.064,0.079,0.179,0.001,0.010,0.016,0.001,0.298,0.298
TCGA-B0-4838-01A,0.011,0.000,0.009,0.004,0.101,0.000,0.007,0.197,0.000,0.123,0.124,0.001,0.000,0.010,0.001,0.411,0.411
TCGA-BP-5177-01A,0.001,0.000,0.002,0.002,0.000,0.000,0.004,0.274,0.024,0.434,0.028,0.000,0.006,0.000,0.000,0.226,0.226
TCGA-CJ-4639-01A,0.005,0.001,0.015,0.003,0.060,0.000,0.005,0.338,0.001,0.144,0.111,0.001,0.007,0.012,0.000,0.296,0.296
TCGA-CZ-4865-01A,0.007,0.000,0.008,0.001,0.017,0.000,0.006,0.240,0.084,0.152,0.165,0.000,0.015,0.002,0.000,0.304,0.304
TCGA-BP-5180-01A,0.011,0.000,0.005,0.002,0.000,0.000,0.006,0.095,0.011,0.030,0.177,0.000,0.005,0.000,0.000,0.657,0.657
TCGA-DV-5567-01A,0.000,0.000,0.001,0.000,0.000,0.000,0.000,0.272,0.001,0.203,0.049,0.004,0.001,0.002,0.000,0.466,0.466
TCGA-BP-4992-01A,0.003,0.000,0.011,0.001,0.103,0.000,0.023,0.122,0.000,0.075,0.147,0.000,0.000,0.007,0.000,0.509,0.509
TCGA-B2-5633-01A,0.003,0.002,0.024,0.001,0.018,0.001,0.011,0.256,0.042,0.157,0.171,0.004,0.011,0.011,0.000,0.287,0.287
TCGA-CJ-5675-01A,0.005,0.000,0.014,0.001,0.080,0.000,0.005,0.141,0.001,0.027,0.259,0.000,0.000,0.003,0.000,0.465,0.465
TCGA-B0-4701-01A,0.009,0.001,0.016,0.021,0.012,0.004,0.014,0.157,0.005,0.184,0.121,0.006,0.002,0.008,0.000,0.439,0.439
TCGA-BP-4784-01A,0.006,0.000,0.005,0.000,0.000,0.000,0.004,0.287,0.067,0.250,0.048,0.006,0.002,0.000,0.000,0.323,0.323
TCGA-B4-5843-01A,0.000,0.000,0.000,0.000,0.000,0.000,0.000,0.213,0.012,0.186,0.132,0.000,0.006,0.003,0.000,0.447,0.447
TCGA-B0-5705-01A,0.015,0.000,0.010,0.000,0.020,0.000,0.004,0.247,0.000,0.097,0.143,0.000,0.001,0.002,0.000,0.460,0.460
TCGA-BP-4965-01A,0.000,0.000,0.009,0.000,0.006,0.000,0.004,0.326,0.001,0.193,0.125,0.007,0.003,0.007,0.000,0.318,0.318
TCGA-B0-5085-01A,0.001,0.000,0.000,0.000,0.000,0.000,0.000,0.239,0.000,0.143,0.093,0.000,0.011,0.000,0.000,0.512,0.512
TCGA-B0-5113-01A,0.009,0.009,0.014,0.001,0.025,0.001,0.004,0.259,0.065,0.169,0.157,0.008,0.001,0.014,0.001,0.264,0.264
TCGA-CW-5581-01A,0.001,0.000,0.019,0.000,0.010,0.000,0.010,0.246,0.000,0.088,0.108,0.000,0.001,0.000,0.000,0.515,0.515
TCGA-AK-3454-01A,0.008,0.000,0.004,0.000,0.015,0.000,0.000,0.276,0.088,0.146,0.144,0.000,0.006,0.000,0.000,0.312,0.312
TCGA-BP-4989-01A,0.005,0.015,0.008,0.017,0.115,0.000,0.004,0.108,0.059,0.182,0.274,0.000,0.001,0.012,0.000,0.198,0.198
TCGA-AK-3456-01A,0.000,0.000,0.000,0.000,0.000,0.000,0.001,0.037,0.001,0.079,0.209,0.000,0.000,0.002,0.000,0.671,0.671
TCGA-A3-3370-01A,0.003,0.000,0.016,0.007,0.056,0.000,0.007,0.202,0.028,0.226,0.181,0.002,0.000,0.015,0.000,0.256,0.256
TCGA-DV-5565-01A,0.000,0.000,0.000,0.000,0.002,0.000,0.005,0.449,0.019,0.196,0.089,0.000,0.001,0.000,0.000,0.238,0.238
TCGA-BP-4795-01A,0.003,0.001,0.013,0.001,0.002,0.022,0.022,0.257,0.141,0.261,0.064,0.007,0.006,0.009,0.000,0.192,0.192
TCGA-B0-5083-01A,0.000,0.000,0.005,0.000,0.001,0.001,0.001,0.069,0.066,0.127,0.296,0.000,0.000,0.000,0.000,0.434,0.434
TCGA-BP-4789-01A,0.000,0.000,0.002,0.000,0.000,0.003,0.003,0.411,0.069,0.240,0.064,0.008,0.007,0.004,0.000,0.190,0.190
TCGA-B8-5163-01A,0.009,0.000,0.037,0.002,0.047,0.000,0.001,0.214,0.156,0.161,0.206,0.000,0.002,0.014,0.001,0.149,0.149
TCGA-CJ-6033-01A,0.003,0.000,0.007,0.000,0.001,0.000,0.000,0.206,0.007,0.244,0.095,0.000,0.005,0.000,0.000,0.431,0.431
TCGA-BP-4756-01A,0.012,0.000,0.002,0.000,0.008,0.000,0.004,0.035,0.003,0.043,0.176,0.000,0.000,0.000,0.000,0.716,0.716
TCGA-A3-3362-01A,0.001,0.000,0.005,0.000,0.006,0.000,0.000,0.238,0.048,0.201,0.108,0.000,0.004,0.006,0.000,0.382,0.382
TCGA-BP-4355-01A,0.001,0.000,0.001,0.000,0.000,0.001,0.000,0.415,0.008,0.383,0.054,0.000,0.004,0.003,0.000,0.128,0.128
TCGA-B0-4852-01A,0.007,0.005,0.002,0.000,0.004,0.000,0.000,0.263,0.011,0.135,0.094,0.004,0.007,0.008,0.000,0.458,0.458
TCGA-A3-A6NL-01A,0.004,0.000,0.014,0.000,0.013,0.000,0.004,0.355,0.001,0.202,0.128,0.000,0.013,0.011,0.000,0.253,0.253
TCGA-BP-4801-01A,0.000,0.000,0.006,0.000,0.010,0.001,0.002,0.224,0.113,0.137,0.264,0.007,0.006,0.005,0.000,0.224,0.224
TCGA-A3-3347-01A,0.009,0.004,0.020,0.006,0.026,0.001,0.006,0.114,0.221,0.099,0.239,0.001,0.006,0.019,0.001,0.229,0.229
TCGA-B2-3924-01B,0.008,0.010,0.012,0.051,0.070,0.003,0.004,0.243,0.016,0.152,0.140,0.016,0.002,0.038,0.002,0.231,0.231
TCGA-G6-A8L8-01A,0.009,0.000,0.000,0.000,0.000,0.000,0.004,0.266,0.000,0.142,0.029,0.000,0.008,0.001,0.000,0.539,0.539
TCGA-MM-A564-01A,0.000,0.000,0.000,0.000,0.000,0.000,0.000,0.321,0.043,0.222,0.025,0.000,0.017,0.001,0.004,0.368,0.368
TCGA-BP-4775-01A,0.010,0.002,0.014,0.000,0.016,0.001,0.011,0.202,0.001,0.154,0.121,0.005,0.005,0.014,0.000,0.445,0.445
TCGA-B0-5703-01A,0.002,0.000,0.003,0.000,0.008,0.000,0.000,0.145,0.000,0.272,0.033,0.000,0.018,0.000,0.000,0.517,0.517
TCGA-CZ-5463-01A,0.001,0.000,0.002,0.000,0.015,0.000,0.000,0.202,0.000,0.049,0.182,0.001,0.000,0.001,0.000,0.546,0.546
TCGA-B4-5844-01A,0.000,0.000,0.001,0.000,0.000,0.000,0.000,0.492,0.000,0.169,0.059,0.002,0.006,0.009,0.005,0.255,0.255
TCGA-BP-4963-01A,0.001,0.000,0.005,0.008,0.010,0.000,0.005,0.222,0.001,0.147,0.233,0.000,0.005,0.015,0.000,0.346,0.346
TCGA-B8-5546-01A,0.001,0.001,0.001,0.000,0.000,0.000,0.000,0.101,0.005,0.035,0.090,0.000,0.001,0.002,0.000,0.763,0.763
TCGA-B8-5165-01A,0.004,0.001,0.008,0.001,0.008,0.010,0.002,0.331,0.067,0.200,0.122,0.010,0.004,0.005,0.000,0.228,0.228
TCGA-CW-5587-01A,0.003,0.000,0.028,0.004,0.053,0.000,0.007,0.196,0.023,0.126,0.262,0.000,0.001,0.008,0.000,0.288,0.288
TCGA-BP-4983-01A,0.027,0.001,0.026,0.002,0.112,0.000,0.003,0.037,0.152,0.004,0.298,0.000,0.000,0.016,0.000,0.322,0.322
TCGA-BP-4177-01A,0.000,0.000,0.002,0.000,0.000,0.001,0.002,0.207,0.070,0.212,0.035,0.003,0.002,0.000,0.000,0.467,0.467
TCGA-B8-4151-01A,0.001,0.000,0.000,0.000,0.000,0.000,0.000,0.243,0.000,0.072,0.092,0.000,0.000,0.000,0.000,0.591,0.591
TCGA-MM-A84U-01A,0.001,0.000,0.003,0.000,0.000,0.000,0.001,0.162,0.096,0.167,0.150,0.000,0.010,0.000,0.000,0.411,0.411
TCGA-A3-3365-01A,0.000,0.005,0.005,0.000,0.010,0.002,0.005,0.351,0.070,0.241,0.087,0.018,0.014,0.006,0.000,0.184,0.184
TCGA-BP-4807-01A,0.000,0.001,0.005,0.000,0.000,0.000,0.001,0.148,0.097,0.138,0.234,0.001,0.008,0.007,0.000,0.360,0.360
TCGA-A3-A8OW-01A,0.009,0.000,0.009,0.002,0.024,0.000,0.003,0.423,0.000,0.186,0.088,0.004,0.004,0.005,0.000,0.241,0.241
TCGA-CZ-4859-01A,0.007,0.000,0.001,0.000,0.000,0.000,0.001,0.195,0.000,0.120,0.078,0.000,0.004,0.002,0.000,0.592,0.592
TCGA-CZ-5453-01A,0.002,0.000,0.000,0.000,0.000,0.000,0.000,0.256,0.000,0.121,0.084,0.002,0.002,0.000,0.000,0.532,0.532
TCGA-B2-5633-01B,0.008,0.005,0.031,0.023,0.019,0.029,0.024,0.208,0.062,0.149,0.185,0.020,0.012,0.039,0.001,0.186,0.186
TCGA-CZ-5458-01A,0.001,0.001,0.019,0.000,0.013,0.001,0.014,0.310,0.001,0.127,0.118,0.002,0.005,0.003,0.000,0.385,0.385
TCGA-BP-4354-01A,0.000,0.000,0.020,0.004,0.033,0.000,0.000,0.109,0.169,0.060,0.334,0.001,0.000,0.031,0.043,0.195,0.195
TCGA-B8-A54E-01A,0.003,0.000,0.003,0.000,0.000,0.000,0.000,0.027,0.000,0.025,0.183,0.000,0.000,0.000,0.000,0.760,0.760
TCGA-DV-5568-01A,0.000,0.000,0.005,0.001,0.031,0.000,0.001,0.192,0.116,0.153,0.148,0.000,0.001,0.000,0.000,0.352,0.352
TCGA-B8-5162-01A,0.078,0.005,0.027,0.001,0.066,0.001,0.002,0.177,0.108,0.137,0.316,0.000,0.000,0.013,0.000,0.069,0.069
TCGA-AK-3460-01A,0.001,0.000,0.000,0.000,0.003,0.000,0.000,0.314,0.008,0.174,0.141,0.002,0.011,0.001,0.000,0.343,0.343
TCGA-CJ-5677-01A,0.001,0.000,0.002,0.000,0.003,0.000,0.000,0.109,0.199,0.073,0.216,0.000,0.002,0.000,0.000,0.395,0.395
TCGA-CZ-4866-01A,0.002,0.000,0.002,0.000,0.000,0.000,0.000,0.108,0.000,0.045,0.223,0.000,0.001,0.001,0.000,0.617,0.617
TCGA-B0-4817-01A,0.021,0.000,0.002,0.000,0.000,0.000,0.000,0.025,0.086,0.018,0.099,0.000,0.010,0.045,0.000,0.693,0.693
TCGA-CJ-6028-01A,0.036,0.000,0.029,0.001,0.081,0.000,0.001,0.166,0.030,0.093,0.221,0.000,0.000,0.016,0.000,0.323,0.323
TCGA-B2-4102-01A,0.008,0.002,0.023,0.000,0.005,0.001,0.024,0.245,0.000,0.123,0.192,0.003,0.016,0.021,0.000,0.338,0.338
TCGA-B0-4844-01A,0.005,0.002,0.009,0.005,0.002,0.000,0.000,0.067,0.069,0.083,0.110,0.000,0.006,0.000,0.000,0.640,0.640
TCGA-BP-5184-01A,0.000,0.002,0.001,0.000,0.018,0.000,0.003,0.255,0.060,0.227,0.148,0.000,0.007,0.002,0.000,0.275,0.275
TCGA-BP-5168-01A,0.000,0.000,0.001,0.000,0.008,0.000,0.005,0.295,0.000,0.232,0.103,0.000,0.001,0.000,0.000,0.355,0.355
TCGA-BP-4160-01A,0.005,0.000,0.009,0.001,0.081,0.000,0.001,0.179,0.055,0.096,0.244,0.000,0.000,0.001,0.000,0.326,0.326
TCGA-BP-5190-01A,0.001,0.000,0.000,0.000,0.000,0.000,0.000,0.119,0.000,0.100,0.127,0.000,0.003,0.000,0.000,0.649,0.649
TCGA-CW-6087-01A,0.004,0.001,0.034,0.041,0.092,0.000,0.000,0.032,0.066,0.006,0.392,0.001,0.000,0.016,0.001,0.314,0.314
TCGA-CZ-5465-01A,0.004,0.000,0.000,0.000,0.000,0.000,0.000,0.229,0.000,0.105,0.094,0.002,0.001,0.001,0.000,0.562,0.562
TCGA-BP-5202-01A,0.000,0.000,0.000,0.000,0.000,0.000,0.000,0.291,0.000,0.152,0.157,0.000,0.006,0.003,0.000,0.390,0.390
TCGA-B0-4847-01A,0.016,0.000,0.006,0.026,0.057,0.000,0.028,0.128,0.000,0.054,0.192,0.000,0.000,0.001,0.000,0.492,0.492
TCGA-B0-4712-01A,0.000,0.001,0.012,0.001,0.008,0.000,0.001,0.080,0.167,0.119,0.167,0.000,0.007,0.000,0.000,0.437,0.437
TCGA-BP-4352-01A,0.013,0.000,0.000,0.000,0.000,0.000,0.000,0.004,0.161,0.011,0.016,0.005,0.000,0.000,0.000,0.789,0.789
TCGA-BP-4787-01A,0.000,0.000,0.008,0.000,0.010,0.000,0.000,0.124,0.175,0.081,0.241,0.000,0.005,0.006,0.000,0.348,0.348
TCGA-CZ-5459-01A,0.002,0.000,0.005,0.001,0.011,0.000,0.001,0.195,0.008,0.084,0.145,0.000,0.003,0.000,0.000,0.546,0.546
TCGA-B0-4837-01A,0.000,0.000,0.004,0.000,0.000,0.000,0.000,0.186,0.109,0.188,0.097,0.000,0.009,0.001,0.000,0.405,0.405
TCGA-BP-4970-01A,0.000,0.001,0.017,0.001,0.028,0.000,0.016,0.261,0.110,0.164,0.184,0.001,0.001,0.012,0.000,0.204,0.204
TCGA-B0-5700-01A,0.001,0.000,0.002,0.000,0.003,0.000,0.000,0.293,0.001,0.098,0.121,0.000,0.002,0.000,0.000,0.479,0.479
TCGA-AK-3425-01A,0.000,0.000,0.008,0.001,0.023,0.000,0.006,0.166,0.113,0.102,0.239,0.000,0.006,0.000,0.000,0.336,0.336
TCGA-B2-5633-01A.1,0.003,0.002,0.024,0.001,0.018,0.001,0.011,0.256,0.042,0.157,0.171,0.004,0.011,0.011,0.000,0.287,0.287
TCGA-B0-5117-01A,0.001,0.000,0.001,0.000,0.000,0.000,0.000,0.093,0.000,0.081,0.022,0.000,0.000,0.000,0.000,0.801,0.801
TCGA-B0-5121-01A,0.000,0.000,0.000,0.000,0.007,0.000,0.002,0.390,0.000,0.299,0.081,0.001,0.006,0.001,0.000,0.213,0.213
TCGA-CJ-4881-01A,0.023,0.000,0.013,0.001,0.015,0.000,0.004,0.124,0.122,0.120,0.175,0.000,0.008,0.009,0.000,0.384,0.384
TCGA-AK-3436-01A,0.012,0.000,0.003,0.001,0.000,0.001,0.000,0.136,0.057,0.131,0.083,0.000,0.004,0.000,0.000,0.573,0.573
TCGA-BP-4964-01A,0.002,0.000,0.005,0.001,0.003,0.000,0.006,0.228,0.008,0.202,0.125,0.000,0.009,0.002,0.000,0.409,0.409
TCGA-BP-4760-01A,0.000,0.000,0.002,0.000,0.000,0.000,0.000,0.198,0.078,0.237,0.070,0.012,0.001,0.004,0.000,0.396,0.396
TCGA-B2-5635-01A,0.005,0.001,0.017,0.003,0.036,0.000,0.005,0.209,0.006,0.062,0.248,0.006,0.001,0.019,0.000,0.381,0.381
TCGA-A3-3325-01A,0.011,0.001,0.005,0.000,0.000,0.006,0.020,0.239,0.049,0.147,0.124,0.008,0.006,0.008,0.000,0.376,0.376
TCGA-B8-5159-01A,0.003,0.000,0.005,0.001,0.025,0.000,0.000,0.174,0.002,0.109,0.134,0.000,0.000,0.004,0.000,0.542,0.542
TCGA-MM-A563-01A,0.013,0.002,0.036,0.003,0.022,0.000,0.036,0.177,0.137,0.169,0.164,0.000,0.005,0.006,0.003,0.226,0.226
TCGA-A3-3343-01A,0.010,0.000,0.010,0.000,0.000,0.000,0.021,0.259,0.000,0.055,0.193,0.000,0.018,0.011,0.000,0.421,0.421
TCGA-BP-4163-01A,0.001,0.000,0.006,0.000,0.004,0.000,0.000,0.143,0.026,0.151,0.200,0.000,0.005,0.008,0.000,0.455,0.455
TCGA-B0-5092-01A,0.003,0.000,0.034,0.024,0.111,0.000,0.027,0.130,0.019,0.165,0.133,0.000,0.000,0.004,0.000,0.349,0.349
TCGA-BP-4174-01A,0.013,0.000,0.005,0.000,0.010,0.000,0.001,0.095,0.000,0.067,0.199,0.000,0.001,0.003,0.000,0.605,0.605
TCGA-BP-4986-01A,0.009,0.002,0.019,0.001,0.001,0.003,0.002,0.212,0.186,0.131,0.171,0.002,0.011,0.017,0.000,0.233,0.233
TCGA-B0-4696-01A,0.000,0.000,0.000,0.000,0.000,0.000,0.000,0.049,0.509,0.032,0.057,0.000,0.000,0.000,0.000,0.352,0.352
TCGA-CZ-4856-01A,0.011,0.000,0.011,0.000,0.025,0.000,0.002,0.303,0.000,0.174,0.141,0.000,0.007,0.000,0.000,0.326,0.326
TCGA-CJ-4873-01A,0.013,0.000,0.008,0.001,0.020,0.000,0.006,0.089,0.073,0.061,0.294,0.000,0.010,0.000,0.000,0.426,0.426
TCGA-B0-5693-01A,0.004,0.000,0.000,0.000,0.000,0.000,0.000,0.372,0.001,0.222,0.079,0.008,0.004,0.004,0.000,0.305,0.305
TCGA-AK-3451-01A,0.000,0.000,0.000,0.000,0.009,0.000,0.006,0.078,0.000,0.093,0.132,0.000,0.001,0.000,0.000,0.680,0.680
TCGA-BP-4762-01A,0.005,0.006,0.009,0.001,0.013,0.017,0.013,0.220,0.166,0.175,0.145,0.006,0.006,0.004,0.001,0.214,0.214
TCGA-AS-3778-01A,0.000,0.000,0.008,0.001,0.002,0.000,0.003,0.248,0.053,0.180,0.121,0.000,0.011,0.008,0.000,0.365,0.365
TCGA-CZ-5457-01A,0.015,0.000,0.000,0.000,0.012,0.000,0.000,0.261,0.000,0.117,0.187,0.002,0.001,0.000,0.000,0.404,0.404
TCGA-B2-5639-01A,0.011,0.000,0.007,0.001,0.000,0.000,0.010,0.119,0.001,0.029,0.190,0.000,0.005,0.002,0.000,0.624,0.624
TCGA-B0-4811-01A,0.007,0.000,0.000,0.000,0.000,0.000,0.003,0.167,0.007,0.209,0.051,0.000,0.006,0.000,0.000,0.550,0.550
TCGA-CJ-4899-01A,0.007,0.001,0.011,0.001,0.008,0.012,0.003,0.302,0.053,0.276,0.146,0.019,0.005,0.012,0.001,0.144,0.144
TCGA-B0-5096-01A,0.024,0.000,0.004,0.000,0.007,0.000,0.000,0.061,0.145,0.043,0.233,0.000,0.000,0.003,0.000,0.480,0.480
TCGA-BP-4331-01A,0.001,0.000,0.015,0.001,0.018,0.000,0.008,0.223,0.005,0.133,0.180,0.000,0.006,0.011,0.000,0.398,0.398
TCGA-B0-4693-01A,0.030,0.000,0.005,0.000,0.026,0.000,0.001,0.252,0.000,0.128,0.140,0.001,0.008,0.013,0.001,0.396,0.396
TCGA-CJ-4637-01A,0.042,0.004,0.036,0.034,0.119,0.000,0.027,0.088,0.095,0.051,0.239,0.001,0.001,0.013,0.001,0.249,0.249
TCGA-CJ-4916-01A,0.016,0.000,0.010,0.008,0.108,0.000,0.001,0.182,0.001,0.101,0.242,0.000,0.000,0.005,0.000,0.326,0.326
TCGA-CW-5591-01A,0.000,0.000,0.004,0.000,0.000,0.000,0.000,0.149,0.115,0.082,0.083,0.000,0.007,0.006,0.000,0.554,0.554
TCGA-BP-5008-01A,0.004,0.001,0.006,0.001,0.028,0.026,0.012,0.247,0.081,0.236,0.122,0.011,0.002,0.017,0.000,0.205,0.205
TCGA-CJ-4903-01A,0.013,0.000,0.002,0.001,0.015,0.000,0.004,0.198,0.055,0.114,0.192,0.000,0.006,0.001,0.000,0.398,0.398
TCGA-B0-4714-01A,0.000,0.000,0.004,0.007,0.053,0.000,0.005,0.242,0.001,0.181,0.184,0.000,0.041,0.006,0.000,0.274,0.274
TCGA-B8-5550-01A,0.000,0.000,0.010,0.000,0.015,0.000,0.002,0.175,0.141,0.136,0.165,0.000,0.001,0.002,0.000,0.352,0.352
TCGA-B0-5094-01A,0.011,0.000,0.004,0.001,0.000,0.000,0.000,0.090,0.044,0.083,0.106,0.000,0.017,0.010,0.000,0.633,0.633
TCGA-CJ-4920-01A,0.004,0.000,0.005,0.001,0.000,0.000,0.002,0.251,0.092,0.161,0.119,0.003,0.007,0.010,0.000,0.344,0.344
TCGA-A3-3346-01A,0.003,0.000,0.006,0.001,0.007,0.000,0.000,0.021,0.066,0.011,0.195,0.000,0.006,0.004,0.000,0.678,0.678
TCGA-CJ-4885-01A,0.000,0.000,0.000,0.000,0.000,0.000,0.001,0.204,0.000,0.134,0.093,0.000,0.004,0.000,0.000,0.562,0.562
TCGA-B0-5707-01A,0.000,0.000,0.002,0.000,0.000,0.000,0.008,0.027,0.046,0.014,0.103,0.004,0.001,0.000,0.000,0.794,0.794
TCGA-CJ-4872-01A,0.009,0.000,0.006,0.001,0.012,0.001,0.007,0.279,0.105,0.253,0.109,0.002,0.013,0.003,0.000,0.198,0.198
TCGA-BP-5181-01A,0.000,0.000,0.005,0.000,0.000,0.000,0.004,0.274,0.000,0.183,0.111,0.000,0.010,0.001,0.000,0.410,0.410
TCGA-BP-4777-01A,0.007,0.009,0.021,0.001,0.069,0.000,0.005,0.141,0.001,0.101,0.297,0.000,0.000,0.000,0.000,0.348,0.348
TCGA-BP-4982-01A,0.001,0.000,0.012,0.001,0.017,0.001,0.003,0.295,0.049,0.227,0.140,0.007,0.009,0.022,0.000,0.215,0.215
TCGA-CZ-4857-01A,0.000,0.001,0.013,0.001,0.009,0.000,0.000,0.117,0.136,0.109,0.180,0.000,0.006,0.009,0.000,0.418,0.418
TCGA-A3-3349-01A,0.001,0.000,0.011,0.000,0.001,0.001,0.001,0.363,0.092,0.225,0.099,0.007,0.016,0.011,0.000,0.171,0.171
TCGA-B0-5711-01A,0.010,0.000,0.011,0.002,0.003,0.000,0.007,0.327,0.001,0.171,0.113,0.007,0.008,0.007,0.000,0.333,0.333
TCGA-GK-A6C7-01A,0.001,0.000,0.004,0.000,0.009,0.000,0.007,0.429,0.002,0.179,0.074,0.002,0.012,0.014,0.000,0.265,0.265
TCGA-BP-5192-01A,0.001,0.000,0.001,0.000,0.000,0.000,0.001,0.284,0.000,0.222,0.065,0.000,0.002,0.000,0.000,0.424,0.424
TCGA-CZ-5988-01A,0.000,0.000,0.007,0.001,0.019,0.000,0.001,0.298,0.026,0.154,0.091,0.005,0.000,0.005,0.000,0.393,0.393
TCGA-B0-4718-01A,0.013,0.000,0.000,0.000,0.011,0.000,0.002,0.267,0.001,0.231,0.097,0.000,0.004,0.000,0.000,0.372,0.372
TCGA-BP-4969-01A,0.007,0.000,0.000,0.000,0.000,0.000,0.000,0.273,0.000,0.133,0.067,0.000,0.004,0.000,0.000,0.515,0.515
TCGA-CW-5588-01A,0.000,0.001,0.005,0.001,0.011,0.000,0.002,0.210,0.141,0.131,0.212,0.000,0.004,0.003,0.000,0.279,0.279
TCGA-CZ-4864-01A,0.005,0.000,0.013,0.006,0.071,0.000,0.003,0.215,0.001,0.096,0.273,0.000,0.001,0.011,0.000,0.305,0.305
TCGA-BP-4973-01A,0.000,0.000,0.006,0.000,0.025,0.000,0.006,0.226,0.000,0.141,0.155,0.000,0.000,0.012,0.000,0.426,0.426
TCGA-DV-5573-01A,0.004,0.000,0.018,0.009,0.092,0.000,0.012,0.147,0.044,0.088,0.191,0.000,0.000,0.004,0.000,0.389,0.389
TCGA-BP-4960-01A,0.015,0.000,0.003,0.000,0.000,0.000,0.000,0.196,0.018,0.226,0.163,0.000,0.009,0.000,0.000,0.369,0.369
TCGA-B0-5694-01A,0.000,0.000,0.002,0.000,0.000,0.000,0.003,0.258,0.003,0.121,0.129,0.000,0.015,0.000,0.000,0.470,0.470
TCGA-BP-4993-01A,0.000,0.000,0.001,0.000,0.017,0.000,0.002,0.392,0.006,0.261,0.102,0.003,0.007,0.002,0.000,0.205,0.205
TCGA-B0-4833-01A,0.010,0.000,0.006,0.000,0.030,0.000,0.003,0.246,0.001,0.172,0.109,0.003,0.009,0.003,0.000,0.408,0.408
TCGA-CJ-4884-01A,0.010,0.000,0.006,0.004,0.020,0.000,0.000,0.175,0.000,0.102,0.250,0.000,0.001,0.000,0.000,0.431,0.431
TCGA-B0-5107-01A,0.000,0.001,0.004,0.004,0.023,0.000,0.000,0.006,0.000,0.002,0.152,0.000,0.000,0.000,0.000,0.809,0.809
TCGA-B0-5106-01A,0.008,0.000,0.006,0.000,0.013,0.000,0.003,0.282,0.005,0.169,0.185,0.003,0.010,0.009,0.000,0.305,0.305
TCGA-BP-4781-01A,0.000,0.000,0.004,0.000,0.004,0.000,0.001,0.162,0.107,0.065,0.202,0.005,0.004,0.002,0.000,0.443,0.443
TCGA-B0-4821-01A,0.006,0.000,0.002,0.006,0.006,0.000,0.000,0.091,0.106,0.136,0.048,0.000,0.019,0.000,0.000,0.580,0.580
TCGA-B0-4818-01A,0.057,0.001,0.015,0.001,0.013,0.000,0.001,0.304,0.000,0.186,0.099,0.000,0.011,0.008,0.000,0.303,0.303
TCGA-CZ-5461-01A,0.003,0.001,0.012,0.001,0.005,0.000,0.011,0.219,0.090,0.137,0.140,0.004,0.005,0.005,0.000,0.366,0.366
TCGA-A3-3385-01A,0.000,0.000,0.000,0.000,0.000,0.000,0.000,0.103,0.000,0.053,0.120,0.000,0.001,0.002,0.000,0.721,0.721
TCGA-B0-5709-01A,0.007,0.015,0.027,0.003,0.054,0.001,0.046,0.183,0.146,0.162,0.166,0.002,0.001,0.016,0.001,0.170,0.170
TCGA-BP-4771-01A,0.001,0.000,0.037,0.021,0.134,0.000,0.021,0.190,0.046,0.142,0.210,0.000,0.002,0.013,0.000,0.182,0.182
TCGA-BP-4327-01A,0.007,0.000,0.001,0.000,0.002,0.000,0.000,0.269,0.007,0.127,0.109,0.000,0.012,0.001,0.000,0.465,0.465
TCGA-B0-5710-01A,0.000,0.000,0.013,0.000,0.010,0.000,0.011,0.518,0.001,0.167,0.064,0.001,0.004,0.005,0.000,0.204,0.204
TCGA-B4-5834-01A,0.000,0.000,0.005,0.000,0.000,0.001,0.004,0.499,0.005,0.182,0.067,0.004,0.007,0.003,0.000,0.222,0.222
TCGA-DV-5576-01A,0.000,0.000,0.002,0.000,0.000,0.000,0.000,0.275,0.032,0.205,0.032,0.000,0.003,0.003,0.000,0.448,0.448
TCGA-AK-3443-01A,0.002,0.000,0.000,0.000,0.000,0.000,0.000,0.071,0.000,0.030,0.007,0.000,0.000,0.000,0.000,0.888,0.888
TCGA-BP-5009-01A,0.006,0.000,0.001,0.000,0.015,0.000,0.000,0.200,0.002,0.129,0.195,0.000,0.001,0.000,0.000,0.452,0.452
TCGA-BP-4173-01A,0.004,0.001,0.032,0.009,0.121,0.000,0.064,0.147,0.083,0.155,0.238,0.000,0.000,0.022,0.001,0.122,0.122
TCGA-B0-4845-01A,0.004,0.000,0.001,0.000,0.000,0.007,0.003,0.318,0.000,0.216,0.048,0.001,0.003,0.005,0.000,0.393,0.393
TCGA-B0-5812-01A,0.002,0.000,0.008,0.001,0.014,0.000,0.010,0.360,0.091,0.190,0.099,0.004,0.011,0.008,0.001,0.203,0.203
TCGA-B4-5378-01A,0.000,0.000,0.002,0.000,0.000,0.000,0.000,0.339,0.002,0.271,0.044,0.015,0.007,0.006,0.000,0.315,0.315
TCGA-CZ-4858-01A,0.014,0.000,0.017,0.012,0.054,0.000,0.000,0.046,0.194,0.024,0.155,0.000,0.000,0.006,0.000,0.476,0.476
TCGA-BP-4768-01A,0.007,0.000,0.000,0.000,0.004,0.000,0.000,0.120,0.001,0.093,0.125,0.000,0.000,0.003,0.000,0.646,0.646
TCGA-A3-3363-01A,0.000,0.000,0.001,0.000,0.000,0.000,0.001,0.032,0.015,0.004,0.174,0.011,0.003,0.001,0.000,0.757,0.757
TCGA-CJ-4893-01A,0.013,0.000,0.008,0.000,0.040,0.000,0.004,0.310,0.000,0.133,0.138,0.000,0.001,0.002,0.000,0.350,0.350
TCGA-BP-5195-01A,0.000,0.000,0.006,0.000,0.010,0.000,0.001,0.289,0.082,0.192,0.157,0.000,0.007,0.005,0.000,0.249,0.249
TCGA-B0-5712-01A,0.005,0.000,0.001,0.000,0.007,0.000,0.000,0.143,0.000,0.058,0.075,0.000,0.003,0.000,0.000,0.707,0.707
TCGA-AK-3426-01A,0.000,0.000,0.023,0.031,0.087,0.000,0.054,0.062,0.129,0.121,0.345,0.000,0.001,0.001,0.000,0.145,0.145
TCGA-B2-5635-01A.1,0.005,0.001,0.017,0.003,0.036,0.000,0.005,0.209,0.006,0.062,0.248,0.006,0.001,0.019,0.000,0.381,0.381
TCGA-CZ-5987-01A,0.005,0.000,0.009,0.003,0.003,0.000,0.001,0.090,0.018,0.051,0.174,0.000,0.000,0.001,0.000,0.646,0.646
TCGA-A3-3319-01A,0.020,0.000,0.003,0.002,0.005,0.000,0.000,0.040,0.045,0.015,0.172,0.000,0.006,0.008,0.000,0.682,0.682
TCGA-BP-4804-01A,0.005,0.002,0.024,0.003,0.050,0.000,0.014,0.189,0.110,0.228,0.181,0.000,0.002,0.003,0.000,0.187,0.187
TCGA-CJ-4891-01A,0.010,0.000,0.002,0.000,0.002,0.000,0.000,0.056,0.121,0.116,0.220,0.000,0.001,0.006,0.002,0.465,0.465
TCGA-A3-3326-01A,0.012,0.001,0.023,0.002,0.008,0.006,0.051,0.223,0.000,0.126,0.189,0.007,0.011,0.017,0.000,0.322,0.322
TCGA-BP-4959-01A,0.001,0.000,0.004,0.000,0.004,0.000,0.004,0.117,0.001,0.066,0.309,0.000,0.001,0.000,0.000,0.492,0.492
TCGA-BP-4332-01A,0.000,0.000,0.002,0.000,0.000,0.001,0.001,0.296,0.032,0.181,0.108,0.001,0.007,0.003,0.000,0.369,0.369
TCGA-CJ-5682-01A,0.005,0.000,0.001,0.001,0.002,0.000,0.004,0.213,0.164,0.237,0.076,0.000,0.009,0.002,0.000,0.285,0.285
TCGA-B0-4814-01A,0.018,0.001,0.002,0.000,0.000,0.000,0.000,0.208,0.030,0.202,0.093,0.000,0.007,0.006,0.000,0.432,0.432
TCGA-B0-4842-01A,0.033,0.000,0.015,0.000,0.007,0.000,0.001,0.064,0.111,0.050,0.222,0.000,0.010,0.001,0.000,0.485,0.485
TCGA-CW-5583-01A,0.001,0.000,0.006,0.000,0.000,0.001,0.002,0.302,0.037,0.227,0.079,0.005,0.009,0.012,0.000,0.318,0.318
TCGA-B8-4154-01A,0.001,0.000,0.003,0.000,0.004,0.000,0.004,0.200,0.000,0.103,0.134,0.000,0.012,0.001,0.000,0.540,0.540
TCGA-CW-5584-01A,0.001,0.000,0.006,0.000,0.000,0.000,0.006,0.261,0.003,0.160,0.157,0.000,0.003,0.008,0.000,0.394,0.394
TCGA-B0-4813-01A,0.003,0.000,0.001,0.000,0.000,0.000,0.000,0.119,0.045,0.188,0.063,0.000,0.003,0.000,0.000,0.578,0.578
TCGA-EU-5905-01A,0.000,0.000,0.014,0.000,0.000,0.000,0.003,0.228,0.152,0.107,0.142,0.001,0.010,0.002,0.000,0.339,0.339
TCGA-BP-4342-01A,0.006,0.002,0.016,0.001,0.005,0.003,0.002,0.184,0.110,0.221,0.105,0.000,0.013,0.014,0.000,0.318,0.318
TCGA-BP-4776-01A,0.042,0.000,0.000,0.001,0.003,0.000,0.001,0.360,0.000,0.289,0.064,0.001,0.005,0.000,0.000,0.234,0.234
TCGA-AK-3431-01A,0.000,0.000,0.005,0.000,0.000,0.001,0.003,0.342,0.125,0.252,0.082,0.000,0.009,0.003,0.002,0.173,0.173
TCGA-BP-4974-01A,0.004,0.001,0.009,0.003,0.009,0.014,0.006,0.429,0.013,0.276,0.059,0.001,0.006,0.012,0.000,0.160,0.160
TCGA-BP-4976-01A,0.000,0.000,0.004,0.000,0.000,0.000,0.002,0.234,0.000,0.148,0.113,0.000,0.003,0.002,0.000,0.494,0.494
TCGA-CZ-5452-01A,0.027,0.005,0.033,0.000,0.081,0.000,0.012,0.111,0.000,0.022,0.264,0.000,0.000,0.000,0.000,0.443,0.443
TCGA-CZ-4863-01A,0.005,0.000,0.014,0.006,0.087,0.000,0.009,0.199,0.001,0.146,0.181,0.000,0.000,0.010,0.000,0.342,0.342
