,Plasma B cells,Non-plasma B cells,CD4 T,CD8 T effector,CD8 T (GZMK high),Double-neg-like T,DC,Endothelial Cells,CAFs,Myofibroblasts,Macrophages,Mast Cells,NK,Neutrophils,Monocytes,1-others,Cancer Cells
TCGA-55-8508-01A,0.133,0.003,0.027,0.000,0.000,0.000,0.000,0.039,0.098,0.024,0.057,0.000,0.006,0.021,0.000,0.591,0.591
TCGA-67-3771-01A,0.047,0.002,0.017,0.009,0.011,0.000,0.002,0.036,0.081,0.027,0.184,0.000,0.001,0.006,0.001,0.576,0.576
TCGA-55-A4DG-01A,0.061,0.042,0.023,0.004,0.032,0.001,0.032,0.033,0.072,0.017,0.071,0.004,0.000,0.006,0.001,0.602,0.602
TCGA-91-7771-01A,0.029,0.011,0.032,0.010,0.025,0.001,0.039,0.075,0.099,0.036,0.127,0.002,0.001,0.004,0.001,0.510,0.510
TCGA-91-6849-01A,0.064,0.005,0.011,0.000,0.011,0.000,0.026,0.068,0.053,0.015,0.103,0.000,0.003,0.009,0.000,0.631,0.631
TCGA-64-5781-01A,0.051,0.000,0.012,0.035,0.001,0.000,0.000,0.021,0.135,0.010,0.039,0.000,0.002,0.005,0.000,0.687,0.687
TCGA-44-6146-01B,0.006,0.008,0.011,0.008,0.004,0.007,0.022,0.061,0.088,0.030,0.012,0.008,0.000,0.006,0.000,0.730,0.730
TCGA-97-7552-01A,0.035,0.038,0.030,0.022,0.028,0.000,0.053,0.094,0.075,0.025,0.094,0.004,0.006,0.008,0.001,0.485,0.485
TCGA-80-5608-01A,0.017,0.000,0.018,0.009,0.000,0.000,0.008,0.034,0.027,0.026,0.067,0.000,0.005,0.005,0.000,0.783,0.783
TCGA-91-6829-01A,0.004,0.000,0.010,0.008,0.006,0.000,0.000,0.073,0.268,0.027,0.096,0.005,0.003,0.002,0.000,0.498,0.498
TCGA-49-AARE-01A,0.023,0.004,0.010,0.009,0.001,0.000,0.012,0.009,0.078,0.011,0.077,0.000,0.004,0.006,0.000,0.755,0.755
TCGA-97-A4M1-01A,0.009,0.000,0.014,0.000,0.014,0.000,0.082,0.139,0.059,0.029,0.111,0.006,0.005,0.003,0.001,0.527,0.527
TCGA-83-5908-01A,0.002,0.001,0.028,0.092,0.009,0.000,0.044,0.050,0.082,0.012,0.085,0.001,0.000,0.003,0.000,0.591,0.591
TCGA-97-8179-01A,0.000,0.000,0.009,0.008,0.001,0.000,0.028,0.067,0.054,0.042,0.094,0.001,0.000,0.001,0.000,0.694,0.694
TCGA-64-1680-01A,0.019,0.000,0.007,0.000,0.001,0.000,0.035,0.017,0.037,0.010,0.039,0.005,0.000,0.002,0.000,0.827,0.827
TCGA-73-4670-01A,0.024,0.000,0.003,0.003,0.000,0.000,0.000,0.025,0.089,0.016,0.054,0.000,0.000,0.008,0.000,0.778,0.778
TCGA-44-3396-01A,0.051,0.001,0.030,0.003,0.019,0.000,0.025,0.048,0.159,0.016,0.127,0.001,0.000,0.023,0.001,0.496,0.496
TCGA-80-5611-01A,0.002,0.000,0.017,0.018,0.001,0.000,0.002,0.008,0.032,0.009,0.262,0.000,0.001,0.002,0.000,0.647,0.647
TCGA-53-7624-01A,0.007,0.000,0.024,0.021,0.002,0.000,0.001,0.022,0.038,0.012,0.103,0.000,0.001,0.004,0.000,0.763,0.763
TCGA-91-6835-01A,0.005,0.046,0.030,0.017,0.042,0.000,0.060,0.072,0.086,0.025,0.178,0.003,0.001,0.014,0.001,0.421,0.421
TCGA-L9-A50W-01A,0.021,0.000,0.020,0.004,0.002,0.000,0.069,0.058,0.071,0.021,0.073,0.008,0.002,0.007,0.000,0.645,0.645
TCGA-86-7713-01A,0.025,0.000,0.006,0.000,0.004,0.000,0.003,0.034,0.018,0.034,0.028,0.000,0.000,0.003,0.000,0.844,0.844
TCGA-50-5044-01A,0.016,0.000,0.026,0.013,0.001,0.000,0.039,0.082,0.129,0.033,0.043,0.001,0.000,0.000,0.000,0.617,0.617
TCGA-97-7941-01A,0.004,0.003,0.022,0.001,0.014,0.000,0.036,0.093,0.110,0.028,0.084,0.007,0.005,0.004,0.000,0.589,0.589
TCGA-86-7714-01A,0.001,0.000,0.009,0.001,0.000,0.001,0.109,0.018,0.086,0.015,0.085,0.005,0.000,0.003,0.000,0.667,0.667
TCGA-62-8402-01A,0.033,0.000,0.062,0.040,0.007,0.000,0.007,0.039,0.027,0.013,0.086,0.000,0.000,0.003,0.000,0.681,0.681
TCGA-78-7162-01A,0.018,0.004,0.023,0.000,0.016,0.000,0.035,0.137,0.068,0.051,0.065,0.005,0.008,0.003,0.000,0.566,0.566
TCGA-49-AAR0-01A,0.011,0.009,0.025,0.004,0.011,0.000,0.030,0.042,0.038,0.033,0.155,0.000,0.003,0.008,0.001,0.628,0.628
TCGA-35-4122-01A,0.033,0.000,0.021,0.011,0.005,0.000,0.024,0.018,0.063,0.009,0.201,0.003,0.004,0.001,0.001,0.606,0.606
TCGA-55-7726-01A,0.016,0.000,0.015,0.003,0.000,0.000,0.028,0.048,0.329,0.003,0.041,0.000,0.000,0.004,0.000,0.512,0.512
TCGA-62-A46Y-01A,0.015,0.000,0.018,0.003,0.020,0.000,0.062,0.043,0.026,0.015,0.132,0.001,0.004,0.005,0.001,0.654,0.654
TCGA-55-6980-01A,0.012,0.000,0.029,0.000,0.019,0.000,0.101,0.052,0.175,0.034,0.104,0.003,0.001,0.005,0.001,0.464,0.464
TCGA-05-4430-01A,0.014,0.000,0.020,0.000,0.015,0.000,0.044,0.106,0.139,0.030,0.093,0.003,0.003,0.010,0.000,0.522,0.522
TCGA-67-3772-01A,0.055,0.000,0.029,0.000,0.009,0.000,0.072,0.045,0.142,0.019,0.085,0.003,0.001,0.001,0.000,0.536,0.536
TCGA-MP-A4SY-01A,0.007,0.000,0.011,0.000,0.008,0.000,0.008,0.018,0.143,0.011,0.122,0.002,0.001,0.003,0.000,0.664,0.664
TCGA-78-7148-01A,0.010,0.000,0.019,0.009,0.005,0.000,0.005,0.049,0.061,0.018,0.059,0.000,0.001,0.002,0.000,0.762,0.762
TCGA-35-3615-01A,0.020,0.000,0.010,0.000,0.003,0.000,0.015,0.013,0.034,0.012,0.071,0.001,0.000,0.002,0.000,0.819,0.819
TCGA-55-A493-01A,0.016,0.010,0.021,0.037,0.017,0.000,0.069,0.026,0.057,0.018,0.104,0.001,0.000,0.004,0.001,0.619,0.619
TCGA-49-6744-01A,0.027,0.002,0.037,0.004,0.014,0.000,0.085,0.089,0.146,0.027,0.137,0.004,0.004,0.005,0.001,0.418,0.418
TCGA-49-4494-01A,0.008,0.000,0.014,0.008,0.004,0.000,0.020,0.030,0.024,0.007,0.074,0.001,0.000,0.002,0.001,0.807,0.807
TCGA-78-7143-01A,0.004,0.006,0.027,0.005,0.005,0.000,0.071,0.028,0.039,0.012,0.095,0.002,0.000,0.002,0.001,0.703,0.703
TCGA-99-AA5R-01A,0.024,0.028,0.024,0.006,0.024,0.001,0.069,0.224,0.087,0.080,0.125,0.003,0.008,0.010,0.003,0.284,0.284
TCGA-55-8085-01A,0.038,0.010,0.027,0.027,0.000,0.000,0.006,0.021,0.029,0.017,0.114,0.000,0.000,0.003,0.001,0.707,0.707
TCGA-44-8117-01A,0.013,0.000,0.011,0.010,0.002,0.000,0.000,0.033,0.087,0.020,0.078,0.001,0.000,0.000,0.000,0.743,0.743
TCGA-55-8506-01A,0.020,0.000,0.007,0.014,0.002,0.000,0.000,0.043,0.072,0.015,0.132,0.001,0.000,0.005,0.001,0.687,0.687
TCGA-NJ-A7XG-01A,0.004,0.000,0.006,0.000,0.000,0.000,0.042,0.015,0.016,0.008,0.003,0.004,0.000,0.002,0.000,0.900,0.900
TCGA-05-4384-01A,0.006,0.000,0.017,0.000,0.007,0.000,0.009,0.086,0.054,0.044,0.139,0.002,0.005,0.007,0.000,0.625,0.625
TCGA-64-1679-01A,0.007,0.000,0.017,0.001,0.001,0.000,0.027,0.040,0.202,0.031,0.129,0.002,0.003,0.003,0.000,0.537,0.537
TCGA-73-4666-01A,0.000,0.000,0.023,0.056,0.013,0.000,0.000,0.019,0.034,0.003,0.191,0.000,0.000,0.003,0.000,0.657,0.657
TCGA-55-8616-01A,0.011,0.019,0.015,0.000,0.021,0.000,0.026,0.026,0.069,0.023,0.044,0.002,0.001,0.001,0.000,0.742,0.742
TCGA-38-6178-01A,0.015,0.005,0.026,0.001,0.009,0.000,0.026,0.068,0.154,0.025,0.067,0.004,0.002,0.003,0.000,0.594,0.594
TCGA-93-7348-01A,0.059,0.006,0.025,0.004,0.008,0.000,0.041,0.068,0.157,0.019,0.068,0.003,0.001,0.004,0.000,0.535,0.535
TCGA-55-1594-01A,0.059,0.000,0.023,0.013,0.005,0.000,0.000,0.046,0.046,0.029,0.086,0.000,0.002,0.006,0.000,0.685,0.685
TCGA-73-4658-01A,0.011,0.000,0.022,0.005,0.011,0.000,0.056,0.089,0.165,0.041,0.186,0.002,0.001,0.005,0.001,0.405,0.405
TCGA-80-5607-01A,0.013,0.000,0.024,0.019,0.013,0.000,0.054,0.045,0.054,0.014,0.066,0.004,0.001,0.002,0.001,0.691,0.691
TCGA-55-8505-01A,0.022,0.000,0.010,0.003,0.000,0.000,0.000,0.044,0.162,0.018,0.071,0.001,0.001,0.003,0.000,0.666,0.666
TCGA-MP-A4T4-01A,0.065,0.000,0.024,0.049,0.019,0.000,0.020,0.044,0.121,0.017,0.153,0.001,0.001,0.005,0.001,0.481,0.481
TCGA-49-4506-01A,0.069,0.000,0.010,0.011,0.010,0.000,0.010,0.007,0.030,0.004,0.050,0.000,0.000,0.003,0.001,0.796,0.796
TCGA-97-8172-01A,0.027,0.042,0.025,0.006,0.029,0.001,0.053,0.091,0.126,0.045,0.095,0.008,0.001,0.008,0.001,0.443,0.443
TCGA-O1-A52J-01A,0.001,0.000,0.019,0.001,0.011,0.000,0.061,0.023,0.065,0.016,0.151,0.001,0.000,0.010,0.001,0.639,0.639
TCGA-78-7537-01A,0.067,0.000,0.011,0.000,0.001,0.000,0.028,0.038,0.120,0.011,0.066,0.002,0.001,0.000,0.000,0.656,0.656
TCGA-73-4662-01A,0.038,0.011,0.034,0.001,0.022,0.001,0.039,0.047,0.062,0.016,0.098,0.001,0.000,0.005,0.001,0.623,0.623
TCGA-62-8398-01A,0.013,0.000,0.027,0.008,0.000,0.000,0.018,0.038,0.094,0.012,0.077,0.001,0.000,0.002,0.000,0.708,0.708
TCGA-49-AAQV-01A,0.023,0.017,0.037,0.016,0.002,0.000,0.029,0.020,0.031,0.015,0.067,0.001,0.000,0.008,0.001,0.732,0.732
TCGA-55-8621-01A,0.043,0.001,0.024,0.005,0.011,0.000,0.022,0.124,0.089,0.040,0.215,0.005,0.014,0.008,0.002,0.398,0.398
TCGA-53-7626-01A,0.021,0.012,0.025,0.011,0.022,0.000,0.060,0.119,0.108,0.034,0.133,0.005,0.002,0.008,0.002,0.436,0.436
TCGA-44-7669-01A,0.015,0.014,0.028,0.024,0.002,0.000,0.014,0.063,0.034,0.020,0.115,0.001,0.001,0.006,0.000,0.663,0.663
TCGA-93-8067-01A,0.006,0.000,0.014,0.005,0.002,0.000,0.004,0.045,0.032,0.021,0.067,0.000,0.002,0.002,0.000,0.801,0.801
TCGA-97-A4M2-01A,0.035,0.003,0.017,0.008,0.018,0.000,0.052,0.090,0.056,0.031,0.243,0.006,0.008,0.013,0.002,0.420,0.420
TCGA-05-4425-01A,0.004,0.000,0.028,0.010,0.003,0.000,0.064,0.055,0.158,0.017,0.143,0.002,0.004,0.005,0.000,0.508,0.508
TCGA-69-7763-01A,0.024,0.000,0.014,0.000,0.006,0.001,0.017,0.107,0.165,0.047,0.068,0.002,0.001,0.002,0.000,0.546,0.546
TCGA-86-8056-01A,0.015,0.006,0.016,0.001,0.016,0.000,0.051,0.065,0.058,0.027,0.113,0.007,0.005,0.006,0.001,0.614,0.614
TCGA-50-5931-01A,0.006,0.000,0.006,0.002,0.000,0.000,0.006,0.023,0.116,0.023,0.010,0.000,0.002,0.001,0.000,0.804,0.804
TCGA-55-8512-01A,0.012,0.000,0.003,0.000,0.009,0.000,0.012,0.088,0.056,0.043,0.057,0.002,0.009,0.013,0.001,0.694,0.694
TCGA-75-7025-01A,0.025,0.017,0.027,0.002,0.021,0.000,0.111,0.070,0.150,0.036,0.065,0.003,0.005,0.003,0.000,0.466,0.466
TCGA-50-5930-01A,0.083,0.003,0.018,0.000,0.010,0.000,0.000,0.051,0.190,0.018,0.093,0.000,0.002,0.004,0.000,0.525,0.525
TCGA-75-6214-01A,0.000,0.000,0.006,0.007,0.000,0.000,0.001,0.019,0.013,0.006,0.023,0.000,0.001,0.008,0.000,0.917,0.917
TCGA-L9-A743-01A,0.043,0.008,0.038,0.009,0.023,0.000,0.065,0.078,0.114,0.026,0.119,0.003,0.001,0.009,0.002,0.463,0.463
TCGA-50-5939-01A,0.042,0.007,0.019,0.006,0.003,0.000,0.001,0.083,0.119,0.018,0.123,0.002,0.002,0.012,0.001,0.563,0.563
TCGA-78-7161-01A,0.024,0.000,0.014,0.000,0.000,0.000,0.002,0.086,0.119,0.045,0.018,0.000,0.000,0.002,0.000,0.688,0.688
TCGA-44-3398-01A,0.024,0.001,0.023,0.003,0.005,0.000,0.099,0.069,0.161,0.016,0.139,0.006,0.008,0.005,0.003,0.439,0.439
TCGA-97-8547-01A,0.005,0.000,0.022,0.001,0.000,0.000,0.035,0.036,0.208,0.015,0.120,0.001,0.001,0.004,0.000,0.551,0.551
TCGA-91-6840-01A,0.022,0.004,0.014,0.026,0.015,0.000,0.008,0.107,0.045,0.070,0.053,0.002,0.001,0.003,0.000,0.629,0.629
TCGA-55-6986-01A,0.019,0.004,0.014,0.000,0.012,0.000,0.036,0.041,0.055,0.011,0.078,0.001,0.000,0.002,0.000,0.727,0.727
TCGA-05-4395-01A,0.002,0.000,0.007,0.013,0.000,0.000,0.000,0.029,0.012,0.009,0.057,0.000,0.005,0.006,0.000,0.861,0.861
TCGA-44-7672-01A,0.057,0.014,0.046,0.010,0.012,0.000,0.033,0.053,0.172,0.010,0.138,0.002,0.003,0.004,0.001,0.448,0.448
TCGA-44-2662-01B,0.007,0.012,0.016,0.021,0.000,0.000,0.005,0.040,0.156,0.009,0.131,0.004,0.000,0.016,0.009,0.574,0.574
TCGA-97-8175-01A,0.002,0.000,0.023,0.000,0.001,0.000,0.053,0.036,0.027,0.009,0.081,0.003,0.005,0.003,0.000,0.757,0.757
TCGA-55-8087-01A,0.005,0.000,0.008,0.001,0.004,0.000,0.056,0.035,0.078,0.021,0.063,0.007,0.000,0.003,0.000,0.719,0.719
TCGA-78-7160-01A,0.004,0.006,0.022,0.006,0.018,0.000,0.027,0.072,0.088,0.031,0.142,0.001,0.003,0.006,0.001,0.573,0.573
TCGA-L4-A4E5-01A,0.033,0.000,0.011,0.017,0.001,0.000,0.013,0.037,0.033,0.011,0.036,0.000,0.000,0.002,0.000,0.806,0.806
TCGA-97-A4LX-01A,0.050,0.022,0.040,0.019,0.028,0.000,0.054,0.060,0.123,0.023,0.198,0.002,0.003,0.010,0.001,0.367,0.367
TCGA-86-8359-01A,0.026,0.000,0.021,0.021,0.020,0.000,0.005,0.031,0.064,0.045,0.027,0.000,0.000,0.018,0.001,0.720,0.720
TCGA-44-6145-01A,0.030,0.013,0.024,0.020,0.011,0.000,0.007,0.055,0.122,0.015,0.116,0.002,0.003,0.008,0.001,0.573,0.573
TCGA-78-7155-01A,0.006,0.000,0.000,0.002,0.025,0.000,0.001,0.021,0.002,0.000,0.036,0.000,0.000,0.000,0.000,0.906,0.906
TCGA-55-7816-01A,0.009,0.000,0.020,0.014,0.011,0.000,0.027,0.173,0.257,0.020,0.152,0.002,0.001,0.002,0.033,0.279,0.279
TCGA-99-8025-01A,0.018,0.000,0.010,0.000,0.005,0.000,0.001,0.055,0.082,0.029,0.054,0.001,0.000,0.001,0.000,0.744,0.744
TCGA-44-A47G-01A,0.039,0.013,0.030,0.013,0.028,0.000,0.085,0.049,0.139,0.016,0.168,0.003,0.002,0.005,0.001,0.410,0.410
TCGA-55-8615-01A,0.012,0.000,0.013,0.000,0.000,0.000,0.008,0.021,0.063,0.030,0.057,0.001,0.000,0.002,0.000,0.792,0.792
TCGA-73-7499-01A,0.033,0.000,0.028,0.023,0.021,0.000,0.029,0.023,0.044,0.011,0.116,0.000,0.001,0.005,0.001,0.665,0.665
TCGA-86-7711-01A,0.014,0.000,0.007,0.008,0.000,0.000,0.000,0.021,0.098,0.023,0.139,0.000,0.000,0.021,0.001,0.667,0.667
TCGA-86-8075-01A,0.019,0.003,0.021,0.005,0.000,0.000,0.004,0.060,0.182,0.019,0.136,0.004,0.002,0.005,0.000,0.540,0.540
TCGA-86-7955-01A,0.007,0.001,0.001,0.004,0.000,0.000,0.001,0.021,0.002,0.013,0.003,0.000,0.000,0.002,0.000,0.946,0.946
TCGA-55-8513-01A,0.018,0.014,0.023,0.001,0.005,0.000,0.057,0.117,0.080,0.028,0.219,0.004,0.007,0.011,0.001,0.415,0.415
TCGA-MP-A4TC-01A,0.011,0.000,0.016,0.022,0.001,0.000,0.001,0.039,0.200,0.015,0.104,0.001,0.001,0.006,0.000,0.582,0.582
TCGA-05-4420-01A,0.041,0.000,0.007,0.001,0.000,0.000,0.000,0.031,0.039,0.026,0.048,0.000,0.001,0.014,0.000,0.791,0.791
TCGA-86-8280-01A,0.041,0.006,0.032,0.001,0.025,0.000,0.070,0.091,0.126,0.023,0.104,0.004,0.005,0.005,0.000,0.468,0.468
TCGA-78-7166-01A,0.033,0.000,0.006,0.004,0.000,0.000,0.000,0.008,0.030,0.010,0.004,0.000,0.000,0.001,0.000,0.901,0.901
TCGA-91-8499-01A,0.019,0.001,0.023,0.015,0.004,0.000,0.000,0.020,0.040,0.015,0.079,0.001,0.000,0.000,0.000,0.782,0.782
TCGA-71-6725-01A,0.006,0.000,0.000,0.000,0.000,0.000,0.000,0.059,0.011,0.014,0.075,0.000,0.000,0.002,0.000,0.833,0.833
TCGA-69-7980-01A,0.005,0.000,0.017,0.023,0.006,0.000,0.029,0.059,0.083,0.026,0.106,0.000,0.003,0.002,0.000,0.640,0.640
TCGA-L9-A8F4-01A,0.058,0.006,0.034,0.015,0.030,0.000,0.020,0.021,0.105,0.019,0.128,0.000,0.001,0.005,0.001,0.558,0.558
TCGA-05-4433-01A,0.000,0.004,0.019,0.007,0.016,0.000,0.013,0.057,0.041,0.010,0.180,0.002,0.003,0.004,0.000,0.644,0.644
TCGA-55-A492-01A,0.038,0.000,0.006,0.000,0.001,0.000,0.003,0.032,0.008,0.028,0.044,0.000,0.002,0.002,0.000,0.834,0.834
TCGA-73-4675-01A,0.018,0.000,0.012,0.000,0.003,0.000,0.021,0.029,0.130,0.027,0.095,0.001,0.001,0.006,0.000,0.658,0.658
TCGA-50-5936-01A,0.008,0.002,0.022,0.000,0.000,0.000,0.001,0.047,0.112,0.008,0.102,0.001,0.001,0.002,0.000,0.692,0.692
TCGA-44-7662-01A,0.022,0.000,0.015,0.021,0.003,0.000,0.000,0.053,0.221,0.031,0.087,0.002,0.002,0.004,0.000,0.539,0.539
TCGA-78-7154-01A,0.000,0.003,0.011,0.002,0.005,0.000,0.009,0.054,0.053,0.011,0.042,0.000,0.001,0.001,0.000,0.808,0.808
TCGA-05-4244-01A,0.006,0.000,0.011,0.008,0.009,0.000,0.018,0.041,0.026,0.013,0.144,0.001,0.004,0.004,0.001,0.714,0.714
TCGA-73-7498-01A,0.027,0.000,0.019,0.002,0.009,0.005,0.035,0.105,0.093,0.063,0.055,0.005,0.002,0.005,0.001,0.574,0.574
TCGA-50-5933-01A,0.008,0.000,0.020,0.015,0.003,0.000,0.001,0.083,0.145,0.022,0.207,0.001,0.000,0.003,0.001,0.492,0.492
TCGA-55-8507-01A,0.010,0.000,0.013,0.001,0.002,0.000,0.000,0.064,0.062,0.037,0.087,0.002,0.001,0.009,0.000,0.712,0.712
TCGA-S2-AA1A-01A,0.094,0.027,0.031,0.007,0.025,0.002,0.073,0.089,0.178,0.023,0.061,0.005,0.005,0.008,0.001,0.370,0.370
TCGA-95-7948-01A,0.026,0.000,0.000,0.000,0.007,0.000,0.026,0.028,0.037,0.023,0.055,0.000,0.001,0.001,0.000,0.796,0.796
TCGA-67-3774-01A,0.032,0.000,0.024,0.002,0.015,0.000,0.036,0.079,0.101,0.037,0.079,0.001,0.004,0.003,0.001,0.584,0.584
TCGA-38-4628-01A,0.003,0.000,0.010,0.000,0.002,0.000,0.008,0.017,0.094,0.016,0.163,0.003,0.000,0.001,0.000,0.682,0.682
TCGA-50-6595-01A,0.004,0.000,0.016,0.018,0.000,0.000,0.002,0.102,0.208,0.030,0.076,0.001,0.002,0.001,0.001,0.539,0.539
TCGA-55-7903-01A,0.007,0.000,0.011,0.037,0.000,0.000,0.016,0.032,0.017,0.006,0.063,0.002,0.000,0.002,0.000,0.808,0.808
TCGA-50-5051-01A,0.022,0.000,0.009,0.005,0.000,0.000,0.030,0.034,0.046,0.037,0.021,0.001,0.000,0.003,0.000,0.791,0.791
TCGA-86-6851-01A,0.086,0.010,0.030,0.052,0.017,0.000,0.025,0.035,0.075,0.014,0.149,0.001,0.006,0.005,0.001,0.493,0.493
TCGA-75-6205-01A,0.010,0.005,0.027,0.011,0.028,0.000,0.110,0.070,0.134,0.019,0.195,0.005,0.004,0.005,0.001,0.376,0.376
TCGA-55-8091-01A,0.021,0.000,0.020,0.010,0.004,0.000,0.048,0.051,0.183,0.016,0.140,0.003,0.006,0.011,0.001,0.485,0.485
TCGA-44-4112-01A,0.028,0.000,0.011,0.009,0.001,0.000,0.013,0.051,0.113,0.017,0.090,0.004,0.000,0.002,0.000,0.661,0.661
TCGA-44-3917-01A,0.042,0.008,0.013,0.034,0.000,0.000,0.001,0.022,0.072,0.012,0.101,0.000,0.000,0.005,0.000,0.687,0.687
TCGA-49-4505-01A,0.033,0.000,0.022,0.001,0.019,0.000,0.099,0.059,0.077,0.024,0.097,0.007,0.002,0.006,0.000,0.554,0.554
TCGA-62-8397-01A,0.033,0.000,0.000,0.000,0.000,0.000,0.093,0.032,0.054,0.010,0.093,0.004,0.000,0.001,0.000,0.681,0.681
TCGA-50-5942-01A,0.032,0.000,0.014,0.000,0.018,0.001,0.056,0.055,0.133,0.031,0.037,0.013,0.000,0.002,0.000,0.608,0.608
TCGA-55-8206-01A,0.023,0.002,0.029,0.000,0.010,0.003,0.130,0.057,0.073,0.023,0.119,0.013,0.002,0.008,0.027,0.482,0.482
TCGA-55-8094-01A,0.022,0.000,0.005,0.000,0.000,0.000,0.000,0.028,0.011,0.017,0.009,0.000,0.000,0.002,0.000,0.905,0.905
TCGA-05-4382-01A,0.046,0.001,0.021,0.001,0.010,0.000,0.001,0.043,0.167,0.022,0.256,0.001,0.005,0.009,0.000,0.417,0.417
TCGA-05-5423-01A,0.015,0.003,0.020,0.000,0.012,0.000,0.088,0.042,0.046,0.012,0.175,0.004,0.003,0.004,0.001,0.576,0.576
TCGA-49-AAR4-01A,0.059,0.001,0.023,0.025,0.066,0.000,0.034,0.033,0.089,0.020,0.085,0.002,0.001,0.004,0.000,0.559,0.559
TCGA-97-A4M3-01A,0.009,0.000,0.009,0.000,0.001,0.000,0.018,0.074,0.076,0.055,0.044,0.001,0.000,0.002,0.000,0.710,0.710
TCGA-05-4397-01A,0.013,0.000,0.018,0.012,0.002,0.000,0.000,0.041,0.004,0.036,0.178,0.000,0.001,0.003,0.000,0.692,0.692
TCGA-55-6984-01A,0.010,0.011,0.015,0.000,0.000,0.000,0.017,0.037,0.036,0.020,0.021,0.001,0.001,0.002,0.000,0.829,0.829
TCGA-05-4427-01A,0.012,0.000,0.018,0.019,0.003,0.000,0.006,0.062,0.057,0.015,0.125,0.000,0.000,0.002,0.001,0.680,0.680
TCGA-86-8281-01A,0.040,0.000,0.012,0.000,0.007,0.000,0.017,0.056,0.055,0.027,0.055,0.002,0.003,0.006,0.000,0.720,0.720
TCGA-44-A4SU-01A,0.060,0.017,0.028,0.001,0.018,0.000,0.048,0.026,0.098,0.021,0.038,0.002,0.001,0.005,0.000,0.637,0.637
TCGA-75-5147-01A,0.047,0.005,0.035,0.003,0.013,0.000,0.025,0.027,0.074,0.021,0.101,0.002,0.002,0.009,0.001,0.635,0.635
TCGA-97-7546-01A,0.021,0.016,0.022,0.006,0.021,0.003,0.046,0.099,0.146,0.018,0.077,0.006,0.001,0.003,0.001,0.514,0.514
TCGA-86-8585-01A,0.030,0.010,0.020,0.014,0.011,0.000,0.014,0.017,0.069,0.011,0.150,0.000,0.001,0.005,0.001,0.647,0.647
TCGA-55-8301-01A,0.072,0.016,0.027,0.024,0.021,0.000,0.033,0.030,0.091,0.019,0.126,0.000,0.005,0.004,0.001,0.531,0.531
TCGA-86-6562-01A,0.014,0.001,0.017,0.002,0.004,0.000,0.004,0.068,0.137,0.017,0.124,0.003,0.002,0.004,0.000,0.603,0.603
TCGA-J2-A4AD-01A,0.011,0.000,0.006,0.006,0.000,0.000,0.001,0.027,0.115,0.022,0.057,0.000,0.001,0.003,0.000,0.748,0.748
TCGA-50-5946-01A,0.016,0.000,0.002,0.019,0.001,0.000,0.000,0.031,0.012,0.020,0.028,0.000,0.000,0.001,0.000,0.870,0.870
TCGA-55-8510-01A,0.019,0.000,0.026,0.015,0.013,0.000,0.039,0.050,0.128,0.019,0.192,0.002,0.005,0.006,0.001,0.484,0.484
TCGA-99-8033-01A,0.006,0.000,0.010,0.043,0.000,0.000,0.001,0.029,0.054,0.015,0.062,0.000,0.000,0.011,0.001,0.768,0.768
TCGA-69-7978-01A,0.035,0.006,0.028,0.019,0.029,0.000,0.031,0.060,0.120,0.018,0.203,0.002,0.001,0.009,0.001,0.439,0.439
TCGA-86-8054-01A,0.005,0.000,0.004,0.000,0.005,0.000,0.001,0.038,0.039,0.001,0.021,0.001,0.000,0.000,0.000,0.885,0.885
TCGA-44-7660-01A,0.010,0.001,0.019,0.002,0.006,0.000,0.004,0.005,0.071,0.009,0.100,0.000,0.001,0.002,0.000,0.770,0.770
TCGA-78-8662-01A,0.009,0.000,0.000,0.004,0.000,0.000,0.003,0.017,0.032,0.009,0.054,0.000,0.000,0.000,0.000,0.872,0.872
TCGA-75-7027-01A,0.016,0.000,0.015,0.001,0.000,0.000,0.001,0.043,0.187,0.014,0.056,0.000,0.000,0.001,0.000,0.664,0.664
TCGA-97-A4M6-01A,0.012,0.010,0.048,0.002,0.021,0.000,0.087,0.050,0.125,0.026,0.099,0.003,0.005,0.018,0.002,0.492,0.492
TCGA-MP-A4SV-01A,0.030,0.007,0.023,0.035,0.014,0.000,0.021,0.043,0.060,0.015,0.077,0.001,0.000,0.005,0.001,0.669,0.669
TCGA-38-4627-01A,0.012,0.000,0.017,0.001,0.011,0.000,0.019,0.090,0.405,0.037,0.152,0.003,0.004,0.006,0.000,0.242,0.242
TCGA-93-A4JO-01A,0.030,0.014,0.027,0.021,0.020,0.000,0.061,0.068,0.086,0.020,0.108,0.002,0.002,0.005,0.001,0.535,0.535
TCGA-05-4426-01A,0.005,0.000,0.017,0.004,0.006,0.000,0.000,0.040,0.060,0.009,0.121,0.001,0.003,0.005,0.001,0.729,0.729
TCGA-97-7937-01A,0.000,0.000,0.000,0.006,0.000,0.000,0.000,0.014,0.067,0.007,0.082,0.001,0.000,0.001,0.000,0.820,0.820
TCGA-75-6206-01A,0.008,0.000,0.012,0.000,0.005,0.000,0.010,0.059,0.107,0.027,0.131,0.003,0.000,0.002,0.000,0.636,0.636
TCGA-62-A472-01A,0.006,0.000,0.017,0.033,0.005,0.000,0.039,0.033,0.033,0.012,0.082,0.003,0.001,0.003,0.001,0.732,0.732
TCGA-97-8174-01A,0.020,0.000,0.026,0.000,0.013,0.000,0.053,0.121,0.160,0.066,0.071,0.003,0.004,0.005,0.000,0.456,0.456
TCGA-44-6777-01A,0.032,0.001,0.024,0.000,0.017,0.000,0.035,0.075,0.218,0.021,0.329,0.003,0.003,0.008,0.001,0.234,0.234
TCGA-62-A46P-01A,0.030,0.000,0.008,0.000,0.000,0.000,0.006,0.051,0.035,0.020,0.048,0.001,0.005,0.001,0.000,0.792,0.792
TCGA-55-8089-01A,0.021,0.006,0.023,0.061,0.003,0.000,0.029,0.056,0.103,0.004,0.207,0.001,0.007,0.005,0.001,0.473,0.473
TCGA-MN-A4N5-01A,0.014,0.001,0.022,0.039,0.000,0.000,0.011,0.040,0.045,0.016,0.074,0.000,0.001,0.006,0.001,0.730,0.730
TCGA-49-AAR9-01A,0.000,0.000,0.005,0.008,0.000,0.000,0.002,0.020,0.043,0.000,0.045,0.000,0.000,0.001,0.000,0.875,0.875
TCGA-86-8671-01A,0.021,0.036,0.046,0.015,0.038,0.000,0.106,0.099,0.153,0.025,0.184,0.003,0.007,0.011,0.001,0.253,0.253
TCGA-49-4507-01A,0.023,0.000,0.012,0.039,0.000,0.000,0.007,0.024,0.040,0.014,0.095,0.000,0.001,0.002,0.001,0.741,0.741
TCGA-62-A46V-01A,0.008,0.000,0.006,0.000,0.000,0.000,0.031,0.027,0.134,0.010,0.095,0.005,0.000,0.003,0.000,0.681,0.681
TCGA-05-4389-01A,0.006,0.000,0.026,0.006,0.022,0.000,0.036,0.017,0.033,0.016,0.143,0.004,0.003,0.005,0.001,0.683,0.683
TCGA-50-6592-01A,0.014,0.005,0.019,0.023,0.002,0.000,0.001,0.030,0.117,0.008,0.133,0.000,0.001,0.006,0.001,0.639,0.639
TCGA-91-6831-01A,0.047,0.000,0.018,0.007,0.002,0.000,0.001,0.031,0.138,0.026,0.099,0.000,0.003,0.007,0.000,0.621,0.621
TCGA-55-6987-01A,0.070,0.031,0.026,0.034,0.024,0.000,0.006,0.044,0.072,0.017,0.177,0.001,0.007,0.007,0.002,0.483,0.483
TCGA-49-4510-01A,0.051,0.000,0.008,0.000,0.000,0.000,0.019,0.063,0.054,0.033,0.052,0.000,0.004,0.000,0.000,0.714,0.714
TCGA-86-8672-01A,0.036,0.000,0.019,0.023,0.005,0.000,0.001,0.019,0.140,0.014,0.106,0.000,0.000,0.005,0.001,0.632,0.632
TCGA-44-2668-01B,0.015,0.025,0.034,0.057,0.000,0.001,0.047,0.063,0.126,0.014,0.053,0.004,0.000,0.042,0.036,0.483,0.483
TCGA-93-A4JQ-01A,0.024,0.061,0.037,0.020,0.020,0.001,0.047,0.062,0.180,0.021,0.069,0.001,0.002,0.005,0.002,0.449,0.449
TCGA-97-8177-01A,0.023,0.002,0.024,0.001,0.010,0.000,0.052,0.050,0.123,0.019,0.208,0.007,0.004,0.003,0.000,0.473,0.473
TCGA-05-4396-01A,0.012,0.000,0.019,0.000,0.005,0.000,0.006,0.053,0.028,0.046,0.049,0.000,0.000,0.003,0.000,0.778,0.778
TCGA-55-6978-01A,0.008,0.000,0.027,0.051,0.019,0.000,0.024,0.068,0.198,0.023,0.150,0.002,0.001,0.003,0.001,0.424,0.424
TCGA-69-8453-01A,0.005,0.004,0.026,0.002,0.016,0.000,0.036,0.073,0.071,0.031,0.268,0.005,0.005,0.005,0.001,0.451,0.451
TCGA-50-7109-01A,0.063,0.000,0.029,0.010,0.006,0.000,0.000,0.063,0.071,0.032,0.060,0.000,0.003,0.002,0.000,0.660,0.660
TCGA-49-4501-01A,0.030,0.012,0.025,0.000,0.018,0.000,0.046,0.055,0.112,0.028,0.073,0.004,0.002,0.001,0.000,0.593,0.593
TCGA-50-5049-01A,0.056,0.010,0.035,0.010,0.037,0.000,0.036,0.055,0.168,0.020,0.245,0.001,0.001,0.004,0.001,0.321,0.321
TCGA-78-8660-01A,0.021,0.005,0.032,0.015,0.019,0.000,0.020,0.041,0.052,0.013,0.112,0.001,0.002,0.004,0.001,0.661,0.661
TCGA-91-6828-01A,0.035,0.001,0.025,0.015,0.017,0.000,0.029,0.092,0.056,0.033,0.172,0.003,0.002,0.015,0.001,0.504,0.504
TCGA-50-6590-01A,0.054,0.010,0.032,0.031,0.003,0.000,0.014,0.039,0.096,0.023,0.144,0.000,0.001,0.003,0.001,0.549,0.549
TCGA-97-8176-01A,0.008,0.000,0.008,0.004,0.002,0.000,0.001,0.044,0.044,0.017,0.108,0.000,0.000,0.006,0.001,0.758,0.758
TCGA-50-5935-01A,0.020,0.000,0.032,0.000,0.019,0.000,0.068,0.060,0.079,0.018,0.077,0.001,0.002,0.005,0.000,0.618,0.618
TCGA-55-7281-01A,0.005,0.000,0.017,0.007,0.000,0.000,0.111,0.054,0.105,0.023,0.125,0.001,0.002,0.002,0.000,0.547,0.547
TCGA-49-4488-01A,0.029,0.000,0.021,0.012,0.005,0.000,0.065,0.023,0.051,0.013,0.070,0.000,0.000,0.000,0.000,0.708,0.708
TCGA-NJ-A55A-01A,0.019,0.042,0.028,0.009,0.029,0.000,0.073,0.088,0.116,0.040,0.052,0.009,0.004,0.006,0.001,0.485,0.485
TCGA-95-8494-01A,0.006,0.000,0.009,0.009,0.000,0.000,0.077,0.017,0.028,0.012,0.065,0.001,0.000,0.001,0.001,0.774,0.774
TCGA-44-2657-01A,0.070,0.061,0.029,0.015,0.034,0.000,0.057,0.065,0.110,0.022,0.128,0.003,0.004,0.006,0.001,0.394,0.394
TCGA-78-7158-01A,0.004,0.000,0.007,0.000,0.000,0.000,0.035,0.021,0.052,0.005,0.047,0.002,0.000,0.001,0.000,0.827,0.827
TCGA-93-7347-01A,0.025,0.005,0.039,0.001,0.030,0.000,0.084,0.056,0.132,0.017,0.160,0.004,0.005,0.005,0.001,0.434,0.434
TCGA-38-4630-01A,0.008,0.000,0.007,0.010,0.012,0.000,0.012,0.019,0.085,0.015,0.036,0.000,0.000,0.001,0.000,0.794,0.794
TCGA-86-7953-01A,0.004,0.001,0.031,0.014,0.002,0.000,0.028,0.058,0.057,0.020,0.176,0.001,0.000,0.008,0.001,0.599,0.599
TCGA-50-5072-01A,0.009,0.000,0.016,0.001,0.000,0.000,0.002,0.061,0.086,0.023,0.076,0.000,0.001,0.002,0.000,0.722,0.722
TCGA-62-A46S-01A,0.058,0.000,0.012,0.001,0.012,0.000,0.029,0.049,0.021,0.034,0.079,0.001,0.002,0.003,0.000,0.700,0.700
TCGA-53-A4EZ-01A,0.008,0.002,0.013,0.013,0.001,0.000,0.017,0.007,0.002,0.017,0.059,0.000,0.000,0.001,0.000,0.860,0.860
TCGA-69-7973-01A,0.021,0.000,0.021,0.006,0.002,0.000,0.017,0.056,0.103,0.032,0.042,0.001,0.000,0.002,0.000,0.695,0.695
TCGA-44-6775-01C,0.025,0.029,0.027,0.015,0.000,0.008,0.053,0.073,0.110,0.033,0.072,0.014,0.000,0.014,0.001,0.526,0.526
TCGA-55-8204-01A,0.050,0.000,0.016,0.001,0.013,0.000,0.021,0.060,0.101,0.031,0.026,0.001,0.002,0.013,0.001,0.662,0.662
TCGA-35-5375-01A,0.022,0.000,0.011,0.003,0.017,0.000,0.004,0.004,0.061,0.007,0.047,0.000,0.000,0.009,0.000,0.814,0.814
TCGA-78-7539-01A,0.023,0.001,0.022,0.020,0.035,0.000,0.056,0.031,0.045,0.013,0.126,0.002,0.001,0.002,0.000,0.620,0.620
TCGA-95-A4VK-01A,0.017,0.023,0.023,0.010,0.006,0.000,0.012,0.050,0.070,0.030,0.043,0.000,0.001,0.006,0.001,0.708,0.708
TCGA-50-5055-01A,0.043,0.084,0.042,0.002,0.031,0.001,0.109,0.090,0.165,0.025,0.069,0.003,0.006,0.003,0.001,0.328,0.328
TCGA-44-7667-01A,0.013,0.000,0.007,0.012,0.006,0.000,0.000,0.021,0.027,0.030,0.032,0.000,0.001,0.001,0.000,0.849,0.849
TCGA-MP-A4TI-01A,0.006,0.002,0.036,0.032,0.016,0.000,0.078,0.065,0.155,0.025,0.169,0.003,0.005,0.007,0.002,0.399,0.399
TCGA-55-6979-01A,0.029,0.001,0.043,0.020,0.010,0.000,0.018,0.063,0.096,0.017,0.239,0.002,0.001,0.005,0.001,0.455,0.455
TCGA-55-7284-01B,0.003,0.002,0.021,0.000,0.012,0.000,0.026,0.114,0.098,0.018,0.108,0.003,0.007,0.005,0.001,0.582,0.582
TCGA-44-6778-01A,0.032,0.024,0.038,0.012,0.038,0.000,0.013,0.133,0.047,0.023,0.260,0.004,0.003,0.021,0.002,0.353,0.353
TCGA-35-4123-01A,0.008,0.001,0.024,0.043,0.017,0.000,0.031,0.061,0.078,0.013,0.141,0.003,0.000,0.001,0.001,0.579,0.579
TCGA-44-6776-01A,0.015,0.000,0.011,0.000,0.000,0.000,0.022,0.047,0.033,0.024,0.038,0.003,0.000,0.000,0.000,0.805,0.805
TCGA-44-2656-01B,0.022,0.014,0.017,0.069,0.012,0.001,0.064,0.059,0.076,0.016,0.138,0.005,0.000,0.014,0.000,0.493,0.493
TCGA-73-4676-01A,0.002,0.000,0.010,0.000,0.007,0.000,0.001,0.038,0.045,0.013,0.139,0.003,0.000,0.001,0.000,0.741,0.741
TCGA-86-8673-01A,0.025,0.000,0.013,0.016,0.002,0.000,0.000,0.036,0.072,0.022,0.075,0.000,0.001,0.005,0.001,0.731,0.731
TCGA-62-8395-01A,0.017,0.001,0.018,0.000,0.008,0.000,0.031,0.081,0.083,0.047,0.084,0.003,0.005,0.006,0.000,0.614,0.614
TCGA-44-A4SS-01A,0.002,0.004,0.027,0.022,0.012,0.000,0.022,0.025,0.128,0.016,0.167,0.001,0.003,0.002,0.000,0.567,0.567
TCGA-86-8358-01A,0.031,0.000,0.028,0.013,0.024,0.000,0.007,0.026,0.041,0.038,0.070,0.000,0.000,0.004,0.000,0.716,0.716
TCGA-55-6968-01A,0.053,0.013,0.035,0.022,0.014,0.000,0.006,0.015,0.052,0.022,0.149,0.000,0.001,0.003,0.000,0.614,0.614
TCGA-99-7458-01A,0.009,0.005,0.038,0.014,0.023,0.001,0.075,0.093,0.101,0.019,0.107,0.002,0.001,0.006,0.001,0.506,0.506
TCGA-05-4424-01A,0.007,0.000,0.019,0.005,0.022,0.000,0.010,0.080,0.072,0.034,0.191,0.001,0.000,0.007,0.001,0.552,0.552
TCGA-38-4631-01A,0.029,0.000,0.009,0.004,0.002,0.000,0.000,0.015,0.038,0.008,0.055,0.000,0.000,0.001,0.000,0.838,0.838
TCGA-55-7283-01A,0.006,0.000,0.018,0.003,0.015,0.000,0.048,0.066,0.039,0.022,0.062,0.004,0.001,0.002,0.001,0.712,0.712
TCGA-95-7567-01A,0.047,0.000,0.020,0.010,0.005,0.000,0.001,0.049,0.072,0.008,0.075,0.000,0.000,0.003,0.000,0.709,0.709
TCGA-38-4629-01A,0.017,0.000,0.018,0.016,0.003,0.000,0.001,0.033,0.119,0.007,0.191,0.000,0.002,0.002,0.000,0.591,0.591
TCGA-91-8497-01A,0.062,0.041,0.033,0.001,0.016,0.004,0.056,0.099,0.121,0.038,0.124,0.007,0.006,0.010,0.001,0.381,0.381
TCGA-78-7540-01A,0.002,0.000,0.009,0.000,0.000,0.000,0.022,0.065,0.029,0.010,0.065,0.000,0.006,0.002,0.000,0.788,0.788
TCGA-55-A48Y-01A,0.047,0.000,0.012,0.002,0.002,0.000,0.000,0.049,0.160,0.019,0.056,0.000,0.000,0.003,0.000,0.649,0.649
TCGA-55-7995-01A,0.003,0.011,0.016,0.032,0.027,0.000,0.010,0.017,0.046,0.013,0.233,0.000,0.001,0.006,0.001,0.583,0.583
TCGA-44-3919-01A,0.020,0.008,0.029,0.011,0.020,0.000,0.068,0.051,0.088,0.016,0.125,0.004,0.001,0.005,0.001,0.553,0.553
TCGA-69-7764-01A,0.043,0.003,0.021,0.000,0.019,0.000,0.014,0.043,0.043,0.020,0.041,0.000,0.000,0.001,0.000,0.750,0.750
TCGA-95-7947-01A,0.011,0.018,0.016,0.024,0.007,0.000,0.012,0.045,0.028,0.013,0.091,0.000,0.002,0.005,0.000,0.729,0.729
TCGA-MP-A4TH-01A,0.059,0.058,0.034,0.009,0.023,0.000,0.085,0.064,0.086,0.029,0.069,0.002,0.004,0.007,0.001,0.472,0.472
TCGA-55-7725-01A,0.013,0.033,0.021,0.021,0.001,0.042,0.059,0.022,0.032,0.005,0.099,0.010,0.000,0.001,0.001,0.641,0.641
TCGA-L9-A5IP-01A,0.019,0.000,0.007,0.010,0.003,0.000,0.000,0.040,0.036,0.029,0.067,0.000,0.000,0.012,0.000,0.775,0.775
TCGA-97-7554-01A,0.047,0.000,0.015,0.007,0.013,0.000,0.003,0.094,0.152,0.013,0.120,0.001,0.000,0.003,0.000,0.531,0.531
TCGA-55-8619-01A,0.022,0.017,0.023,0.000,0.019,0.000,0.041,0.107,0.088,0.036,0.207,0.003,0.008,0.016,0.001,0.411,0.411
TCGA-55-7227-01A,0.009,0.000,0.031,0.003,0.018,0.000,0.065,0.064,0.118,0.016,0.106,0.001,0.000,0.002,0.001,0.566,0.566
TCGA-67-3770-01A,0.012,0.000,0.017,0.000,0.014,0.000,0.039,0.026,0.051,0.018,0.150,0.002,0.001,0.000,0.000,0.669,0.669
TCGA-78-7145-01A,0.003,0.000,0.013,0.000,0.000,0.000,0.029,0.041,0.060,0.015,0.090,0.003,0.000,0.001,0.000,0.745,0.745
TCGA-49-AAR3-01A,0.041,0.003,0.032,0.040,0.025,0.000,0.021,0.029,0.120,0.020,0.129,0.000,0.001,0.003,0.000,0.537,0.537
TCGA-44-A479-01A,0.085,0.012,0.043,0.011,0.026,0.000,0.032,0.040,0.172,0.019,0.136,0.000,0.010,0.006,0.001,0.406,0.406
TCGA-4B-A93V-01A,0.105,0.000,0.016,0.001,0.002,0.000,0.000,0.011,0.022,0.016,0.056,0.000,0.001,0.000,0.000,0.770,0.770
TCGA-78-7633-01A,0.006,0.000,0.003,0.000,0.000,0.000,0.003,0.081,0.010,0.045,0.047,0.001,0.001,0.000,0.000,0.802,0.802
TCGA-NJ-A4YP-01A,0.011,0.000,0.011,0.019,0.004,0.000,0.003,0.049,0.164,0.011,0.054,0.001,0.000,0.002,0.000,0.670,0.670
TCGA-38-4626-01A,0.003,0.000,0.014,0.002,0.004,0.000,0.013,0.169,0.102,0.031,0.267,0.004,0.003,0.010,0.004,0.373,0.373
TCGA-78-7535-01A,0.000,0.000,0.000,0.006,0.000,0.000,0.074,0.039,0.049,0.015,0.130,0.001,0.002,0.004,0.000,0.679,0.679
TCGA-55-6970-01A,0.034,0.000,0.023,0.006,0.012,0.000,0.019,0.065,0.041,0.018,0.113,0.001,0.001,0.006,0.001,0.660,0.660
TCGA-55-6543-01A,0.027,0.000,0.011,0.001,0.011,0.000,0.006,0.038,0.064,0.018,0.194,0.002,0.002,0.014,0.000,0.614,0.614
TCGA-05-4402-01A,0.027,0.003,0.021,0.004,0.002,0.000,0.019,0.034,0.091,0.017,0.123,0.001,0.003,0.004,0.000,0.649,0.649
TCGA-55-1596-01A,0.026,0.000,0.027,0.001,0.011,0.000,0.001,0.037,0.031,0.014,0.067,0.000,0.000,0.004,0.000,0.780,0.780
TCGA-49-4490-01A,0.004,0.000,0.019,0.001,0.005,0.000,0.030,0.065,0.123,0.027,0.051,0.001,0.004,0.001,0.000,0.667,0.667
TCGA-62-A471-01A,0.006,0.000,0.008,0.012,0.000,0.000,0.000,0.025,0.015,0.009,0.013,0.000,0.000,0.004,0.000,0.908,0.908
TCGA-86-A456-01A,0.013,0.000,0.017,0.003,0.014,0.000,0.015,0.071,0.069,0.026,0.199,0.003,0.001,0.004,0.001,0.564,0.564
TCGA-49-4512-01A,0.007,0.000,0.011,0.000,0.000,0.000,0.062,0.033,0.178,0.015,0.115,0.001,0.000,0.001,0.000,0.577,0.577
TCGA-75-5122-01A,0.009,0.000,0.019,0.024,0.054,0.000,0.100,0.062,0.031,0.015,0.314,0.001,0.000,0.008,0.002,0.359,0.359
TCGA-55-A48X-01A,0.036,0.064,0.025,0.014,0.015,0.000,0.046,0.072,0.089,0.028,0.051,0.003,0.003,0.007,0.001,0.546,0.546
TCGA-86-8278-01A,0.046,0.000,0.019,0.011,0.004,0.000,0.024,0.025,0.145,0.017,0.104,0.002,0.004,0.007,0.000,0.593,0.593
TCGA-55-6982-01A,0.026,0.003,0.019,0.009,0.000,0.000,0.010,0.018,0.170,0.012,0.182,0.001,0.002,0.003,0.000,0.545,0.545
TCGA-50-5045-01A,0.038,0.015,0.034,0.000,0.020,0.000,0.072,0.065,0.135,0.023,0.184,0.003,0.002,0.007,0.001,0.402,0.402
TCGA-05-4398-01A,0.036,0.001,0.023,0.014,0.008,0.000,0.028,0.033,0.061,0.015,0.142,0.001,0.000,0.009,0.002,0.626,0.626
TCGA-64-5775-01A,0.000,0.000,0.009,0.003,0.000,0.000,0.000,0.067,0.135,0.000,0.130,0.001,0.000,0.000,0.000,0.654,0.654
TCGA-97-7547-01A,0.022,0.003,0.031,0.000,0.009,0.000,0.023,0.049,0.077,0.019,0.126,0.003,0.003,0.003,0.000,0.631,0.631
TCGA-75-7031-01A,0.027,0.000,0.023,0.019,0.000,0.000,0.011,0.017,0.021,0.016,0.111,0.000,0.003,0.004,0.000,0.748,0.748
TCGA-44-2655-01A,0.018,0.009,0.028,0.000,0.003,0.000,0.055,0.072,0.052,0.029,0.059,0.001,0.000,0.004,0.001,0.669,0.669
TCGA-75-6212-01A,0.026,0.027,0.026,0.000,0.001,0.000,0.077,0.044,0.068,0.021,0.137,0.009,0.004,0.001,0.000,0.558,0.558
TCGA-05-4390-01A,0.043,0.000,0.014,0.002,0.000,0.000,0.000,0.043,0.058,0.022,0.060,0.000,0.000,0.012,0.000,0.746,0.746
TCGA-86-8674-01A,0.019,0.000,0.006,0.000,0.000,0.000,0.002,0.026,0.024,0.019,0.016,0.000,0.000,0.003,0.000,0.886,0.886
TCGA-49-6742-01A,0.000,0.000,0.007,0.000,0.000,0.000,0.000,0.068,0.036,0.025,0.063,0.000,0.003,0.002,0.000,0.794,0.794
TCGA-44-A47B-01A,0.004,0.000,0.007,0.019,0.010,0.000,0.018,0.049,0.046,0.022,0.107,0.002,0.000,0.003,0.000,0.713,0.713
TCGA-MP-A4SW-01A,0.046,0.004,0.022,0.009,0.011,0.000,0.029,0.035,0.051,0.015,0.168,0.001,0.002,0.006,0.001,0.602,0.602
TCGA-64-5815-01A,0.013,0.000,0.024,0.000,0.001,0.000,0.028,0.044,0.303,0.012,0.170,0.002,0.001,0.004,0.000,0.396,0.396
TCGA-MP-A4T8-01A,0.011,0.000,0.014,0.006,0.000,0.000,0.003,0.041,0.123,0.030,0.025,0.000,0.000,0.004,0.000,0.742,0.742
TCGA-NJ-A4YI-01A,0.001,0.000,0.006,0.000,0.004,0.000,0.046,0.036,0.097,0.011,0.133,0.001,0.001,0.003,0.001,0.661,0.661
TCGA-L4-A4E6-01A,0.009,0.001,0.017,0.000,0.010,0.000,0.030,0.154,0.076,0.027,0.473,0.004,0.009,0.007,0.001,0.182,0.182
TCGA-55-8302-01A,0.011,0.000,0.019,0.014,0.004,0.000,0.005,0.028,0.046,0.011,0.101,0.001,0.000,0.002,0.000,0.759,0.759
TCGA-05-4405-01A,0.030,0.001,0.011,0.002,0.013,0.000,0.027,0.079,0.191,0.025,0.116,0.003,0.001,0.005,0.000,0.499,0.499
TCGA-78-7147-01A,0.007,0.000,0.016,0.003,0.025,0.000,0.031,0.016,0.050,0.011,0.066,0.002,0.000,0.002,0.000,0.771,0.771
TCGA-MP-A4TD-01A,0.051,0.014,0.022,0.001,0.012,0.000,0.029,0.059,0.221,0.048,0.058,0.003,0.003,0.008,0.000,0.469,0.469
TCGA-55-6971-01A,0.065,0.018,0.036,0.026,0.013,0.000,0.018,0.080,0.090,0.017,0.162,0.004,0.001,0.011,0.003,0.456,0.456
TCGA-50-6591-01A,0.000,0.001,0.006,0.001,0.000,0.000,0.001,0.046,0.124,0.003,0.006,0.000,0.000,0.000,0.000,0.812,0.812
TCGA-95-7944-01A,0.000,0.000,0.010,0.082,0.000,0.000,0.001,0.033,0.087,0.004,0.092,0.000,0.006,0.001,0.000,0.684,0.684
TCGA-NJ-A4YF-01A,0.028,0.000,0.006,0.005,0.000,0.000,0.000,0.009,0.013,0.025,0.040,0.000,0.000,0.002,0.000,0.871,0.871
TCGA-86-8073-01A,0.004,0.003,0.013,0.004,0.010,0.000,0.008,0.053,0.102,0.022,0.182,0.002,0.001,0.003,0.000,0.593,0.593
TCGA-L9-A7SV-01A,0.014,0.001,0.001,0.010,0.011,0.000,0.003,0.031,0.004,0.021,0.040,0.000,0.000,0.000,0.000,0.862,0.862
TCGA-93-A4JP-01A,0.004,0.000,0.013,0.014,0.001,0.000,0.008,0.161,0.075,0.032,0.193,0.008,0.004,0.010,0.001,0.477,0.477
TCGA-78-7163-01A,0.015,0.000,0.015,0.005,0.007,0.000,0.009,0.007,0.002,0.010,0.007,0.001,0.003,0.005,0.000,0.915,0.915
TCGA-64-1678-01A,0.046,0.000,0.007,0.000,0.000,0.000,0.000,0.006,0.012,0.011,0.004,0.000,0.000,0.000,0.000,0.914,0.914
TCGA-NJ-A55R-01A,0.073,0.016,0.019,0.000,0.003,0.000,0.010,0.055,0.067,0.046,0.030,0.002,0.002,0.011,0.000,0.664,0.664
TCGA-97-A4M7-01A,0.043,0.003,0.036,0.003,0.018,0.000,0.138,0.086,0.107,0.022,0.062,0.005,0.004,0.008,0.001,0.467,0.467
TCGA-38-A44F-01A,0.032,0.021,0.032,0.002,0.011,0.000,0.070,0.089,0.104,0.040,0.104,0.007,0.008,0.005,0.001,0.474,0.474
TCGA-62-8399-01A,0.008,0.000,0.006,0.009,0.010,0.000,0.005,0.128,0.090,0.056,0.037,0.005,0.000,0.004,0.002,0.639,0.639
TCGA-49-4514-01A,0.022,0.001,0.012,0.012,0.000,0.000,0.003,0.013,0.006,0.011,0.032,0.000,0.002,0.000,0.000,0.886,0.886
TCGA-44-5643-01A,0.005,0.011,0.026,0.001,0.019,0.000,0.025,0.026,0.009,0.009,0.033,0.000,0.002,0.002,0.000,0.832,0.832
TCGA-J2-A4AE-01A,0.048,0.021,0.020,0.012,0.015,0.001,0.066,0.069,0.039,0.019,0.080,0.003,0.001,0.002,0.001,0.605,0.605
TCGA-05-4415-01A,0.006,0.000,0.000,0.022,0.008,0.000,0.000,0.037,0.029,0.003,0.069,0.000,0.000,0.008,0.000,0.818,0.818
TCGA-91-6830-01A,0.011,0.002,0.016,0.004,0.010,0.000,0.004,0.098,0.124,0.044,0.111,0.003,0.008,0.013,0.001,0.551,0.551
TCGA-49-6745-01A,0.001,0.001,0.030,0.021,0.007,0.000,0.040,0.066,0.108,0.021,0.109,0.002,0.000,0.002,0.001,0.591,0.591
TCGA-86-A4P7-01A,0.052,0.006,0.014,0.011,0.017,0.000,0.019,0.144,0.071,0.043,0.182,0.004,0.005,0.009,0.001,0.422,0.422
TCGA-44-4112-01B,0.024,0.012,0.012,0.024,0.003,0.021,0.021,0.072,0.116,0.034,0.057,0.012,0.000,0.012,0.004,0.575,0.575
TCGA-55-6975-01A,0.035,0.000,0.017,0.001,0.007,0.000,0.002,0.108,0.241,0.036,0.037,0.001,0.001,0.004,0.000,0.511,0.511
TCGA-95-7039-01A,0.005,0.000,0.009,0.010,0.011,0.000,0.007,0.084,0.082,0.026,0.057,0.001,0.000,0.001,0.000,0.704,0.704
TCGA-44-6147-01B,0.034,0.068,0.018,0.009,0.019,0.042,0.025,0.088,0.107,0.051,0.059,0.013,0.000,0.015,0.000,0.453,0.453
TCGA-05-4432-01A,0.060,0.003,0.025,0.009,0.006,0.000,0.003,0.038,0.071,0.040,0.106,0.000,0.002,0.009,0.000,0.626,0.626
TCGA-49-4487-01A,0.040,0.051,0.030,0.016,0.021,0.000,0.019,0.040,0.126,0.014,0.079,0.000,0.000,0.001,0.001,0.560,0.560
TCGA-55-7727-01A,0.015,0.039,0.041,0.014,0.001,0.000,0.020,0.031,0.036,0.005,0.076,0.001,0.000,0.002,0.001,0.719,0.719
TCGA-73-A9RS-01A,0.052,0.000,0.005,0.016,0.000,0.000,0.000,0.012,0.015,0.015,0.058,0.000,0.000,0.001,0.000,0.824,0.824
TCGA-44-5644-01A,0.042,0.000,0.005,0.000,0.007,0.000,0.000,0.025,0.045,0.029,0.020,0.000,0.001,0.006,0.000,0.819,0.819
TCGA-55-7914-01A,0.065,0.004,0.021,0.019,0.002,0.000,0.004,0.036,0.088,0.013,0.060,0.004,0.000,0.002,0.000,0.684,0.684
TCGA-62-A46R-01A,0.025,0.000,0.037,0.005,0.019,0.003,0.048,0.017,0.045,0.012,0.105,0.006,0.000,0.002,0.001,0.675,0.675
TCGA-49-AARQ-01A,0.004,0.000,0.002,0.043,0.000,0.000,0.025,0.003,0.006,0.002,0.088,0.000,0.000,0.002,0.000,0.825,0.825
TCGA-75-6207-01A,0.007,0.000,0.008,0.002,0.016,0.000,0.001,0.038,0.032,0.010,0.087,0.000,0.000,0.002,0.000,0.796,0.796
TCGA-53-7813-01A,0.126,0.000,0.014,0.017,0.000,0.000,0.000,0.006,0.025,0.014,0.001,0.000,0.000,0.002,0.000,0.794,0.794
TCGA-44-3918-01B,0.020,0.017,0.027,0.064,0.003,0.002,0.014,0.080,0.088,0.023,0.138,0.009,0.000,0.017,0.004,0.493,0.493
TCGA-64-1681-01A,0.010,0.001,0.022,0.000,0.006,0.000,0.095,0.074,0.099,0.032,0.077,0.002,0.002,0.001,0.000,0.578,0.578
TCGA-05-4410-01A,0.057,0.008,0.018,0.030,0.014,0.000,0.007,0.044,0.051,0.015,0.126,0.001,0.000,0.004,0.001,0.625,0.625
TCGA-55-8620-01A,0.036,0.011,0.036,0.005,0.026,0.000,0.013,0.020,0.019,0.027,0.089,0.000,0.001,0.006,0.000,0.709,0.709
TCGA-64-5774-01A,0.058,0.000,0.018,0.012,0.001,0.000,0.000,0.039,0.059,0.026,0.023,0.000,0.001,0.003,0.000,0.760,0.760
TCGA-44-6148-01A,0.039,0.006,0.015,0.000,0.014,0.000,0.052,0.088,0.145,0.021,0.085,0.015,0.003,0.006,0.000,0.509,0.509
TCGA-MN-A4N1-01A,0.013,0.000,0.011,0.000,0.001,0.000,0.005,0.029,0.055,0.009,0.043,0.000,0.000,0.001,0.000,0.832,0.832
TCGA-05-5429-01A,0.010,0.000,0.011,0.004,0.000,0.000,0.000,0.027,0.085,0.018,0.026,0.003,0.000,0.000,0.000,0.816,0.816
