,Plasma B cells,Non-plasma B cells,CD4 T,CD8 T effector,CD8 T (GZMK high),Double-neg-like T,Cancer Cells,DC,Endothelial Cells,CAFs,Myofibroblasts,Macrophages,Mast Cells,NK,Neutrophils,Monocytes
TCGA-BP-4766-01A,0.005,0.000,0.001,0.000,0.000,0.001,0.406,0.000,0.254,0.002,0.128,0.181,0.002,0.010,0.009,0.001
TCGA-A3-3352-01A,0.007,0.000,0.005,0.002,0.000,0.008,0.403,0.001,0.267,0.003,0.093,0.185,0.002,0.021,0.003,0.001
TCGA-G6-A8L7-01A,0.021,0.000,0.009,0.015,0.007,0.000,0.603,0.000,0.063,0.008,0.189,0.074,0.003,0.004,0.003,0.000
TCGA-A3-A6NN-01A,0.002,0.000,0.009,0.001,0.001,0.000,0.092,0.003,0.421,0.114,0.084,0.231,0.003,0.033,0.004,0.001
TCGA-T7-A92I-01A,0.001,0.000,0.003,0.000,0.008,0.001,0.548,0.001,0.061,0.010,0.012,0.354,0.000,0.000,0.000,0.000
TCGA-B0-5713-01A,0.000,0.000,0.004,0.007,0.007,0.000,0.013,0.000,0.559,0.008,0.187,0.190,0.000,0.019,0.003,0.001
TCGA-CZ-4860-01A,0.000,0.000,0.005,0.001,0.018,0.000,0.526,0.000,0.030,0.177,0.004,0.236,0.000,0.000,0.002,0.000
TCGA-A3-3351-01A,0.003,0.004,0.013,0.017,0.051,0.000,0.165,0.088,0.228,0.041,0.124,0.249,0.010,0.000,0.007,0.001
TCGA-B8-4148-01A,0.014,0.000,0.014,0.025,0.093,0.000,0.144,0.056,0.270,0.003,0.116,0.239,0.003,0.016,0.004,0.002
TCGA-BP-4345-01A,0.003,0.000,0.011,0.002,0.011,0.000,0.000,0.003,0.228,0.238,0.299,0.199,0.003,0.003,0.000,0.000
TCGA-BP-5010-01A,0.000,0.000,0.001,0.010,0.004,0.000,0.007,0.000,0.251,0.219,0.417,0.090,0.000,0.001,0.001,0.000
TCGA-BP-4325-01A,0.001,0.000,0.000,0.004,0.069,0.000,0.403,0.000,0.180,0.001,0.071,0.263,0.000,0.003,0.003,0.000
TCGA-B0-5102-01A,0.007,0.000,0.000,0.005,0.009,0.000,0.504,0.000,0.190,0.005,0.074,0.201,0.000,0.002,0.001,0.000
TCGA-BP-5185-01A,0.002,0.000,0.000,0.005,0.000,0.000,0.130,0.000,0.239,0.007,0.297,0.314,0.001,0.000,0.003,0.000
TCGA-CZ-5986-01A,0.001,0.001,0.002,0.003,0.000,0.002,0.176,0.005,0.355,0.031,0.145,0.257,0.005,0.014,0.003,0.000
TCGA-CW-5590-01A,0.001,0.000,0.008,0.011,0.003,0.000,0.317,0.000,0.264,0.062,0.150,0.174,0.002,0.007,0.000,0.000
TCGA-CJ-4904-01A,0.001,0.000,0.001,0.008,0.016,0.000,0.035,0.011,0.476,0.047,0.221,0.175,0.004,0.003,0.001,0.001
TCGA-BP-4987-01A,0.003,0.000,0.000,0.003,0.035,0.000,0.070,0.001,0.426,0.014,0.183,0.235,0.004,0.021,0.003,0.001
TCGA-B0-4849-01A,0.008,0.000,0.011,0.016,0.001,0.000,0.044,0.014,0.371,0.002,0.341,0.135,0.007,0.014,0.007,0.029
TCGA-BP-4329-01A,0.006,0.000,0.007,0.001,0.001,0.002,0.088,0.006,0.356,0.047,0.237,0.237,0.005,0.006,0.001,0.001
TCGA-A3-3328-01A,0.000,0.000,0.005,0.000,0.000,0.000,0.913,0.000,0.049,0.000,0.000,0.029,0.000,0.000,0.003,0.000
TCGA-CJ-5672-01A,0.021,0.000,0.007,0.018,0.040,0.000,0.275,0.017,0.180,0.030,0.101,0.307,0.002,0.000,0.000,0.000
TCGA-B0-5104-01A,0.007,0.000,0.003,0.009,0.000,0.001,0.198,0.000,0.383,0.002,0.178,0.182,0.002,0.000,0.006,0.029
TCGA-CW-6097-01A,0.016,0.026,0.021,0.002,0.029,0.002,0.253,0.030,0.188,0.127,0.097,0.205,0.002,0.000,0.001,0.001
TCGA-B0-4700-01A,0.021,0.000,0.014,0.015,0.043,0.000,0.207,0.001,0.154,0.188,0.146,0.208,0.002,0.000,0.001,0.001
TCGA-B0-5095-01A,0.007,0.000,0.004,0.005,0.015,0.000,0.069,0.001,0.223,0.286,0.254,0.119,0.004,0.007,0.006,0.001
TCGA-B0-4810-01A,0.011,0.000,0.008,0.020,0.016,0.000,0.259,0.000,0.213,0.085,0.204,0.172,0.004,0.005,0.002,0.001
TCGA-CJ-4901-01A,0.037,0.001,0.008,0.046,0.034,0.000,0.298,0.004,0.162,0.059,0.092,0.251,0.001,0.007,0.001,0.001
TCGA-CJ-4643-01A,0.007,0.000,0.007,0.007,0.016,0.000,0.019,0.023,0.393,0.040,0.262,0.203,0.002,0.010,0.005,0.003
TCGA-B8-A54H-01A,0.004,0.000,0.001,0.011,0.031,0.000,0.275,0.000,0.373,0.040,0.113,0.142,0.001,0.007,0.003,0.001
TCGA-AK-3429-01A,0.008,0.001,0.010,0.027,0.054,0.000,0.192,0.026,0.291,0.001,0.126,0.259,0.002,0.000,0.002,0.001
TCGA-B0-4834-01A,0.000,0.000,0.003,0.000,0.000,0.000,0.665,0.000,0.279,0.000,0.049,0.003,0.000,0.000,0.000,0.000
TCGA-B0-4843-01A,0.000,0.000,0.005,0.000,0.000,0.000,0.073,0.001,0.274,0.149,0.381,0.103,0.005,0.006,0.002,0.001
TCGA-A3-3382-01A,0.000,0.000,0.008,0.008,0.014,0.000,0.466,0.000,0.151,0.039,0.111,0.197,0.000,0.003,0.001,0.000
TCGA-BP-4338-01A,0.007,0.000,0.005,0.002,0.000,0.000,0.552,0.000,0.060,0.003,0.044,0.324,0.001,0.000,0.001,0.000
TCGA-B4-5832-01A,0.010,0.000,0.000,0.000,0.013,0.000,0.535,0.000,0.201,0.062,0.060,0.116,0.001,0.000,0.001,0.000
TCGA-CW-6088-01A,0.002,0.000,0.003,0.001,0.000,0.001,0.065,0.002,0.515,0.073,0.158,0.148,0.006,0.021,0.007,0.001
TCGA-A3-A6NJ-01A,0.009,0.000,0.004,0.008,0.046,0.000,0.293,0.001,0.288,0.035,0.058,0.246,0.002,0.004,0.004,0.002
TCGA-B0-5088-01A,0.004,0.001,0.008,0.004,0.009,0.002,0.072,0.000,0.254,0.068,0.201,0.362,0.004,0.007,0.002,0.000
TCGA-A3-3308-01A,0.004,0.000,0.008,0.001,0.000,0.000,0.273,0.001,0.268,0.123,0.148,0.168,0.001,0.003,0.000,0.000
TCGA-CW-5589-01A,0.008,0.000,0.011,0.000,0.000,0.000,0.308,0.007,0.292,0.054,0.129,0.176,0.004,0.008,0.001,0.000
TCGA-B0-5702-01A,0.022,0.000,0.008,0.005,0.000,0.000,0.421,0.000,0.170,0.112,0.107,0.135,0.010,0.005,0.002,0.001
TCGA-BP-4169-01A,0.016,0.003,0.009,0.010,0.015,0.002,0.047,0.023,0.319,0.129,0.240,0.138,0.008,0.003,0.013,0.026
TCGA-CZ-5468-01A,0.000,0.000,0.014,0.001,0.002,0.000,0.434,0.000,0.141,0.038,0.093,0.274,0.000,0.003,0.000,0.000
TCGA-A3-3313-01A,0.004,0.000,0.000,0.000,0.000,0.000,0.603,0.000,0.098,0.008,0.063,0.221,0.000,0.000,0.001,0.000
TCGA-BP-4782-01A,0.001,0.000,0.007,0.009,0.009,0.000,0.360,0.000,0.223,0.056,0.119,0.211,0.000,0.004,0.001,0.000
TCGA-3Z-A93Z-01A,0.013,0.000,0.008,0.002,0.000,0.000,0.344,0.003,0.295,0.077,0.141,0.103,0.001,0.009,0.002,0.001
TCGA-CZ-5454-01A,0.000,0.000,0.006,0.001,0.001,0.001,0.115,0.000,0.212,0.007,0.067,0.586,0.000,0.000,0.002,0.000
TCGA-A3-3358-01A,0.027,0.000,0.009,0.011,0.020,0.000,0.351,0.002,0.169,0.035,0.067,0.298,0.004,0.002,0.003,0.001
TCGA-CJ-6031-01A,0.008,0.000,0.009,0.003,0.017,0.000,0.153,0.000,0.192,0.168,0.191,0.248,0.004,0.002,0.002,0.000
TCGA-BP-4790-01A,0.011,0.001,0.015,0.003,0.042,0.001,0.202,0.023,0.257,0.134,0.110,0.196,0.002,0.000,0.001,0.001
TCGA-B0-5699-01A,0.000,0.000,0.013,0.000,0.000,0.000,0.404,0.011,0.269,0.003,0.080,0.197,0.000,0.022,0.001,0.000
TCGA-CJ-4635-01A,0.009,0.000,0.004,0.015,0.043,0.000,0.331,0.000,0.192,0.067,0.080,0.256,0.001,0.000,0.001,0.000
TCGA-A3-A8CQ-01A,0.005,0.000,0.003,0.002,0.000,0.001,0.099,0.016,0.442,0.072,0.196,0.143,0.004,0.010,0.006,0.001
TCGA-AK-3447-01A,0.000,0.000,0.005,0.000,0.000,0.000,0.941,0.000,0.040,0.000,0.004,0.006,0.000,0.000,0.002,0.000
TCGA-BP-4159-01A,0.001,0.000,0.000,0.000,0.000,0.000,0.014,0.000,0.384,0.010,0.426,0.149,0.001,0.012,0.001,0.000
TCGA-B0-5698-01A,0.014,0.000,0.021,0.002,0.018,0.000,0.253,0.016,0.303,0.001,0.083,0.274,0.001,0.000,0.004,0.010
TCGA-A3-A8OU-01A,0.008,0.000,0.003,0.002,0.001,0.000,0.378,0.012,0.246,0.066,0.100,0.167,0.002,0.010,0.004,0.001
TCGA-A3-3380-01A,0.007,0.000,0.009,0.002,0.000,0.016,0.013,0.001,0.449,0.049,0.257,0.174,0.005,0.013,0.004,0.001
TCGA-BP-4998-01A,0.007,0.000,0.008,0.007,0.018,0.000,0.236,0.040,0.242,0.113,0.124,0.188,0.006,0.006,0.004,0.001
TCGA-A3-3383-01A,0.008,0.000,0.009,0.016,0.009,0.000,0.387,0.020,0.213,0.002,0.122,0.196,0.004,0.011,0.002,0.001
TCGA-BP-4353-01A,0.001,0.000,0.003,0.004,0.027,0.000,0.071,0.000,0.400,0.064,0.144,0.277,0.005,0.003,0.001,0.000
TCGA-CJ-5686-01A,0.009,0.000,0.006,0.004,0.015,0.000,0.425,0.002,0.190,0.062,0.061,0.223,0.001,0.000,0.001,0.000
TCGA-EU-5907-01A,0.000,0.000,0.003,0.000,0.000,0.000,0.635,0.000,0.120,0.046,0.020,0.174,0.000,0.000,0.000,0.000
TCGA-B0-4703-01A,0.002,0.000,0.005,0.018,0.027,0.000,0.110,0.009,0.228,0.278,0.177,0.136,0.008,0.001,0.001,0.000
TCGA-B0-5119-01A,0.000,0.000,0.001,0.003,0.032,0.000,0.115,0.000,0.440,0.014,0.192,0.193,0.000,0.007,0.003,0.000
TCGA-B0-4822-01A,0.012,0.000,0.005,0.007,0.009,0.000,0.026,0.000,0.355,0.042,0.214,0.315,0.002,0.010,0.002,0.001
TCGA-B4-5835-01A,0.000,0.000,0.000,0.002,0.010,0.000,0.620,0.000,0.026,0.002,0.007,0.330,0.000,0.000,0.001,0.000
TCGA-CZ-5460-01A,0.016,0.000,0.020,0.003,0.033,0.000,0.256,0.000,0.260,0.001,0.132,0.273,0.003,0.000,0.002,0.001
TCGA-B2-3924-01A,0.024,0.000,0.007,0.018,0.066,0.000,0.291,0.009,0.204,0.002,0.058,0.314,0.005,0.000,0.003,0.001
TCGA-CJ-4870-01A,0.002,0.000,0.002,0.000,0.000,0.000,0.038,0.000,0.492,0.001,0.303,0.148,0.006,0.003,0.003,0.002
TCGA-B8-4619-01A,0.014,0.000,0.006,0.000,0.000,0.000,0.656,0.000,0.145,0.000,0.092,0.083,0.003,0.000,0.000,0.000
TCGA-BP-5201-01A,0.013,0.000,0.006,0.029,0.050,0.000,0.397,0.004,0.162,0.002,0.129,0.202,0.002,0.000,0.002,0.001
TCGA-B8-A54J-01A,0.006,0.000,0.008,0.007,0.021,0.000,0.057,0.001,0.498,0.019,0.217,0.140,0.005,0.011,0.005,0.006
TCGA-CZ-5456-01A,0.025,0.000,0.008,0.004,0.008,0.000,0.503,0.000,0.081,0.088,0.016,0.262,0.000,0.002,0.002,0.000
TCGA-B0-4688-01A,0.009,0.000,0.011,0.003,0.000,0.000,0.476,0.000,0.043,0.290,0.000,0.159,0.005,0.004,0.001,0.000
TCGA-A3-3317-01A,0.004,0.003,0.005,0.003,0.022,0.000,0.360,0.016,0.158,0.110,0.142,0.168,0.005,0.004,0.001,0.000
TCGA-B0-5400-01A,0.014,0.000,0.001,0.014,0.002,0.000,0.370,0.000,0.061,0.121,0.145,0.255,0.002,0.008,0.005,0.001
TCGA-G6-A5PC-01A,0.007,0.000,0.000,0.013,0.024,0.000,0.497,0.000,0.118,0.001,0.065,0.269,0.002,0.000,0.002,0.000
TCGA-B0-5100-01A,0.001,0.000,0.002,0.000,0.000,0.000,0.190,0.001,0.145,0.204,0.427,0.017,0.004,0.008,0.002,0.000
TCGA-CW-5585-01A,0.000,0.000,0.003,0.000,0.000,0.000,0.018,0.000,0.518,0.028,0.251,0.159,0.000,0.020,0.003,0.000
TCGA-BP-4343-01A,0.012,0.000,0.012,0.003,0.021,0.000,0.273,0.002,0.137,0.163,0.101,0.267,0.004,0.002,0.001,0.000
TCGA-B2-5636-01A,0.010,0.000,0.010,0.000,0.000,0.001,0.306,0.002,0.380,0.081,0.125,0.067,0.012,0.005,0.001,0.000
TCGA-B0-5081-01A,0.057,0.000,0.033,0.016,0.075,0.000,0.045,0.035,0.164,0.086,0.233,0.251,0.002,0.001,0.001,0.001
TCGA-CW-5580-01A,0.001,0.000,0.007,0.000,0.000,0.000,0.366,0.001,0.262,0.046,0.133,0.173,0.002,0.006,0.003,0.000
TCGA-B2-3924-01A.1,0.024,0.000,0.007,0.018,0.066,0.000,0.291,0.009,0.204,0.002,0.058,0.314,0.005,0.000,0.003,0.001
TCGA-CJ-6027-01A,0.018,0.000,0.008,0.035,0.038,0.000,0.445,0.000,0.057,0.040,0.047,0.309,0.000,0.002,0.001,0.000
TCGA-B0-5075-01A,0.002,0.000,0.000,0.007,0.022,0.000,0.417,0.000,0.057,0.002,0.042,0.450,0.000,0.000,0.001,0.000
TCGA-BP-5200-01A,0.011,0.000,0.006,0.004,0.042,0.000,0.034,0.001,0.381,0.146,0.147,0.218,0.003,0.000,0.005,0.001
TCGA-BP-4158-01A,0.000,0.000,0.002,0.001,0.000,0.001,0.015,0.000,0.436,0.002,0.308,0.208,0.001,0.023,0.002,0.000
TCGA-BP-5173-01A,0.001,0.001,0.008,0.012,0.048,0.000,0.139,0.001,0.314,0.042,0.208,0.221,0.004,0.000,0.001,0.000
TCGA-B0-4710-01A,0.024,0.006,0.005,0.009,0.019,0.000,0.386,0.001,0.230,0.035,0.147,0.098,0.006,0.013,0.020,0.002
TCGA-A3-3367-01A,0.001,0.000,0.004,0.003,0.000,0.006,0.397,0.007,0.213,0.029,0.110,0.219,0.003,0.006,0.002,0.000
TCGA-BP-4344-01A,0.004,0.000,0.001,0.000,0.000,0.000,0.005,0.017,0.435,0.060,0.294,0.162,0.002,0.010,0.004,0.004
TCGA-A3-3335-01A,0.008,0.003,0.003,0.000,0.000,0.000,0.651,0.000,0.083,0.002,0.077,0.169,0.001,0.000,0.003,0.000
TCGA-B0-5099-01A,0.005,0.000,0.000,0.004,0.000,0.000,0.339,0.000,0.415,0.001,0.152,0.073,0.001,0.004,0.005,0.000
TCGA-AK-3427-01A,0.001,0.000,0.006,0.000,0.000,0.000,0.883,0.000,0.066,0.000,0.032,0.005,0.003,0.000,0.004,0.000
TCGA-DV-A4W0-01A,0.003,0.000,0.002,0.002,0.000,0.000,0.372,0.000,0.288,0.026,0.170,0.133,0.001,0.001,0.002,0.000
TCGA-B8-4143-01A,0.026,0.000,0.020,0.039,0.035,0.000,0.327,0.001,0.132,0.005,0.190,0.217,0.006,0.000,0.001,0.001
TCGA-B8-A54K-01A,0.000,0.000,0.001,0.000,0.000,0.006,0.601,0.000,0.212,0.049,0.104,0.020,0.000,0.004,0.001,0.000
TCGA-A3-3311-01A,0.013,0.000,0.002,0.007,0.017,0.000,0.402,0.000,0.189,0.059,0.068,0.238,0.003,0.000,0.001,0.000
TCGA-CZ-4854-01A,0.017,0.000,0.003,0.010,0.001,0.000,0.589,0.000,0.090,0.070,0.071,0.140,0.000,0.007,0.001,0.000
TCGA-B8-4153-01B,0.000,0.000,0.000,0.008,0.000,0.000,0.025,0.000,0.590,0.001,0.175,0.190,0.000,0.007,0.003,0.000
TCGA-B2-A4SR-01A,0.002,0.000,0.016,0.010,0.013,0.000,0.023,0.023,0.518,0.025,0.218,0.137,0.006,0.008,0.002,0.001
TCGA-CZ-5989-01A,0.002,0.000,0.001,0.010,0.051,0.000,0.063,0.001,0.557,0.002,0.093,0.206,0.010,0.000,0.001,0.002
TCGA-CZ-5470-01A,0.015,0.000,0.007,0.020,0.024,0.000,0.400,0.015,0.141,0.004,0.070,0.299,0.001,0.001,0.001,0.000
TCGA-BP-4349-01A,0.002,0.000,0.005,0.003,0.001,0.001,0.033,0.000,0.456,0.028,0.335,0.118,0.002,0.014,0.002,0.000
TCGA-A3-3307-01A,0.004,0.000,0.002,0.025,0.022,0.000,0.140,0.001,0.372,0.002,0.184,0.228,0.004,0.003,0.006,0.008
TCGA-CJ-4641-01A,0.013,0.003,0.022,0.042,0.039,0.000,0.340,0.040,0.107,0.072,0.062,0.257,0.002,0.000,0.001,0.001
TCGA-B0-5098-01A,0.000,0.000,0.000,0.012,0.000,0.000,0.875,0.000,0.027,0.048,0.003,0.028,0.004,0.000,0.002,0.000
TCGA-B0-4699-01A,0.001,0.000,0.010,0.020,0.043,0.000,0.581,0.000,0.037,0.101,0.007,0.194,0.005,0.000,0.000,0.000
TCGA-BP-5199-01A,0.004,0.000,0.010,0.020,0.052,0.000,0.141,0.018,0.184,0.087,0.295,0.177,0.006,0.005,0.001,0.001
TCGA-BP-4337-01A,0.022,0.001,0.011,0.003,0.001,0.001,0.078,0.000,0.181,0.244,0.316,0.128,0.007,0.004,0.002,0.001
TCGA-CZ-4853-01A,0.006,0.000,0.023,0.004,0.000,0.001,0.259,0.000,0.267,0.002,0.136,0.292,0.000,0.008,0.001,0.000
TCGA-B0-5115-01A,0.003,0.000,0.011,0.003,0.000,0.010,0.016,0.014,0.424,0.088,0.212,0.203,0.001,0.012,0.002,0.000
TCGA-B8-A54G-01A,0.004,0.000,0.020,0.005,0.093,0.000,0.281,0.063,0.060,0.001,0.024,0.444,0.001,0.000,0.003,0.001
TCGA-CZ-4861-01A,0.004,0.000,0.015,0.005,0.013,0.000,0.414,0.000,0.084,0.002,0.031,0.429,0.001,0.000,0.002,0.000
TCGA-B8-5545-01A,0.004,0.000,0.008,0.001,0.007,0.000,0.183,0.003,0.308,0.150,0.148,0.174,0.007,0.004,0.002,0.001
TCGA-CJ-4892-01A,0.003,0.000,0.005,0.027,0.056,0.000,0.136,0.002,0.244,0.060,0.246,0.203,0.001,0.012,0.003,0.001
TCGA-CJ-5678-01A,0.052,0.000,0.009,0.019,0.052,0.000,0.218,0.008,0.149,0.001,0.049,0.439,0.001,0.000,0.002,0.001
TCGA-AK-3433-01A,0.000,0.002,0.004,0.000,0.000,0.000,0.912,0.000,0.061,0.000,0.012,0.009,0.000,0.000,0.000,0.000
TCGA-B8-4621-01A,0.007,0.000,0.001,0.000,0.007,0.000,0.635,0.000,0.036,0.012,0.000,0.297,0.001,0.000,0.004,0.000
TCGA-BP-4967-01A,0.006,0.000,0.001,0.006,0.000,0.000,0.494,0.000,0.147,0.050,0.096,0.189,0.005,0.003,0.001,0.000
TCGA-A3-3320-01A,0.007,0.000,0.005,0.005,0.019,0.001,0.140,0.002,0.381,0.007,0.214,0.194,0.005,0.005,0.014,0.001
TCGA-B8-A54D-01A,0.002,0.000,0.006,0.043,0.125,0.000,0.051,0.001,0.172,0.020,0.042,0.529,0.001,0.000,0.008,0.001
TCGA-B2-4098-01A,0.028,0.000,0.002,0.000,0.000,0.000,0.572,0.000,0.019,0.027,0.001,0.343,0.000,0.000,0.006,0.000
TCGA-A3-3374-01A,0.001,0.000,0.003,0.000,0.000,0.000,0.456,0.000,0.025,0.001,0.012,0.494,0.006,0.000,0.001,0.000
TCGA-BP-5000-01A,0.009,0.000,0.008,0.003,0.016,0.000,0.296,0.001,0.213,0.075,0.195,0.177,0.002,0.002,0.001,0.000
TCGA-A3-A6NI-01A,0.000,0.000,0.001,0.000,0.000,0.000,0.560,0.001,0.162,0.050,0.039,0.174,0.001,0.008,0.003,0.000
TCGA-B0-4824-01A,0.006,0.000,0.001,0.022,0.047,0.000,0.312,0.001,0.242,0.011,0.074,0.271,0.001,0.008,0.003,0.001
TCGA-BP-4975-01A,0.009,0.000,0.003,0.000,0.000,0.002,0.299,0.000,0.274,0.041,0.178,0.184,0.002,0.004,0.002,0.000
TCGA-BP-4330-01A,0.051,0.014,0.016,0.025,0.050,0.000,0.097,0.042,0.270,0.043,0.135,0.237,0.005,0.010,0.004,0.001
TCGA-B0-4841-01A,0.000,0.000,0.000,0.000,0.000,0.000,0.124,0.000,0.457,0.018,0.288,0.106,0.000,0.006,0.000,0.000
TCGA-B8-5551-01A,0.048,0.001,0.023,0.015,0.044,0.000,0.329,0.018,0.070,0.019,0.014,0.415,0.002,0.000,0.001,0.001
TCGA-AK-3440-01A,0.000,0.000,0.003,0.000,0.000,0.000,0.929,0.000,0.053,0.000,0.012,0.002,0.000,0.000,0.000,0.000
TCGA-BP-5169-01A,0.289,0.000,0.010,0.001,0.028,0.000,0.103,0.000,0.089,0.058,0.190,0.229,0.001,0.001,0.002,0.001
TCGA-BP-4770-01A,0.000,0.000,0.005,0.000,0.011,0.000,0.081,0.000,0.079,0.700,0.001,0.120,0.001,0.000,0.000,0.000
TCGA-B4-5838-01A,0.005,0.000,0.007,0.005,0.005,0.000,0.484,0.000,0.149,0.113,0.100,0.129,0.002,0.000,0.000,0.000
TCGA-B0-4815-01A,0.103,0.010,0.011,0.016,0.057,0.000,0.322,0.002,0.092,0.060,0.064,0.253,0.003,0.001,0.006,0.001
TCGA-B0-4838-01A,0.015,0.000,0.007,0.025,0.096,0.000,0.310,0.019,0.195,0.007,0.129,0.191,0.003,0.000,0.001,0.001
TCGA-BP-5177-01A,0.005,0.000,0.005,0.006,0.000,0.001,0.002,0.000,0.301,0.142,0.483,0.043,0.001,0.009,0.001,0.000
TCGA-CJ-4639-01A,0.009,0.000,0.004,0.027,0.059,0.000,0.062,0.015,0.463,0.013,0.140,0.194,0.002,0.008,0.002,0.001
TCGA-CZ-4865-01A,0.010,0.000,0.003,0.005,0.017,0.000,0.300,0.001,0.233,0.108,0.111,0.199,0.002,0.009,0.001,0.000
TCGA-BP-5180-01A,0.013,0.000,0.010,0.004,0.003,0.000,0.484,0.001,0.126,0.012,0.046,0.295,0.000,0.002,0.002,0.000
TCGA-DV-5567-01A,0.000,0.000,0.002,0.000,0.000,0.000,0.517,0.000,0.273,0.008,0.160,0.035,0.003,0.000,0.000,0.000
TCGA-BP-4992-01A,0.006,0.001,0.012,0.070,0.204,0.000,0.182,0.034,0.120,0.001,0.128,0.234,0.002,0.000,0.004,0.002
TCGA-B2-5633-01A,0.007,0.000,0.013,0.002,0.011,0.000,0.296,0.017,0.254,0.076,0.119,0.191,0.007,0.004,0.001,0.000
TCGA-CJ-5675-01A,0.004,0.000,0.006,0.006,0.068,0.000,0.392,0.001,0.144,0.005,0.031,0.341,0.001,0.000,0.001,0.000
TCGA-B0-4701-01A,0.010,0.000,0.009,0.032,0.015,0.000,0.438,0.007,0.144,0.018,0.172,0.144,0.006,0.000,0.003,0.001
TCGA-BP-4784-01A,0.010,0.000,0.006,0.000,0.000,0.000,0.340,0.008,0.285,0.092,0.211,0.040,0.007,0.000,0.000,0.000
TCGA-B4-5843-01A,0.002,0.000,0.004,0.000,0.000,0.001,0.380,0.000,0.251,0.082,0.140,0.138,0.000,0.001,0.000,0.000
TCGA-B0-5705-01A,0.008,0.000,0.009,0.005,0.033,0.000,0.359,0.001,0.257,0.002,0.086,0.239,0.001,0.000,0.001,0.000
TCGA-BP-4965-01A,0.002,0.000,0.006,0.003,0.005,0.000,0.314,0.000,0.316,0.037,0.160,0.144,0.009,0.001,0.002,0.000
TCGA-B0-5085-01A,0.000,0.000,0.000,0.014,0.000,0.000,0.053,0.000,0.377,0.001,0.284,0.250,0.000,0.018,0.003,0.000
TCGA-B0-5113-01A,0.014,0.009,0.013,0.003,0.027,0.001,0.138,0.004,0.316,0.074,0.174,0.220,0.006,0.000,0.001,0.001
TCGA-CW-5581-01A,0.002,0.000,0.014,0.000,0.010,0.001,0.430,0.000,0.284,0.028,0.086,0.143,0.000,0.000,0.000,0.000
TCGA-AK-3454-01A,0.012,0.000,0.002,0.003,0.012,0.000,0.321,0.000,0.240,0.058,0.134,0.203,0.002,0.010,0.002,0.000
TCGA-BP-4989-01A,0.014,0.023,0.008,0.047,0.153,0.000,0.006,0.001,0.098,0.083,0.176,0.386,0.001,0.001,0.002,0.001
TCGA-AK-3456-01A,0.001,0.000,0.000,0.000,0.000,0.000,0.644,0.000,0.042,0.009,0.007,0.295,0.000,0.000,0.002,0.000
TCGA-A3-3370-01A,0.007,0.000,0.008,0.030,0.058,0.000,0.073,0.020,0.252,0.048,0.219,0.276,0.003,0.000,0.005,0.001
TCGA-DV-5565-01A,0.000,0.000,0.001,0.001,0.000,0.000,0.008,0.000,0.549,0.086,0.218,0.133,0.002,0.000,0.002,0.000
TCGA-BP-4795-01A,0.006,0.000,0.010,0.001,0.001,0.020,0.172,0.029,0.274,0.201,0.214,0.059,0.007,0.004,0.001,0.001
TCGA-B0-5083-01A,0.007,0.000,0.007,0.001,0.000,0.007,0.412,0.002,0.088,0.064,0.102,0.309,0.001,0.000,0.000,0.000
TCGA-BP-4789-01A,0.001,0.000,0.005,0.000,0.000,0.001,0.033,0.000,0.510,0.109,0.248,0.076,0.008,0.008,0.001,0.000
TCGA-B8-5163-01A,0.017,0.000,0.018,0.015,0.030,0.000,0.130,0.000,0.223,0.180,0.125,0.256,0.002,0.000,0.001,0.000
TCGA-CJ-6033-01A,0.006,0.000,0.004,0.001,0.001,0.000,0.329,0.000,0.206,0.064,0.259,0.121,0.002,0.003,0.001,0.002
TCGA-BP-4756-01A,0.012,0.000,0.005,0.003,0.022,0.000,0.656,0.003,0.036,0.001,0.045,0.215,0.000,0.000,0.002,0.000
TCGA-A3-3362-01A,0.004,0.000,0.003,0.006,0.009,0.001,0.360,0.000,0.242,0.073,0.158,0.139,0.002,0.000,0.004,0.000
TCGA-BP-4355-01A,0.004,0.000,0.002,0.003,0.000,0.000,0.001,0.000,0.454,0.030,0.416,0.081,0.003,0.001,0.003,0.001
TCGA-B0-4852-01A,0.012,0.001,0.003,0.013,0.008,0.000,0.403,0.001,0.283,0.010,0.121,0.127,0.004,0.009,0.006,0.001
TCGA-A3-A6NL-01A,0.008,0.000,0.010,0.003,0.012,0.000,0.061,0.008,0.424,0.048,0.202,0.193,0.003,0.016,0.007,0.005
TCGA-BP-4801-01A,0.003,0.000,0.004,0.002,0.005,0.004,0.156,0.000,0.250,0.124,0.112,0.327,0.006,0.005,0.002,0.000
TCGA-A3-3347-01A,0.015,0.000,0.011,0.013,0.013,0.000,0.244,0.004,0.116,0.236,0.074,0.264,0.004,0.003,0.002,0.000
TCGA-B2-3924-01B,0.014,0.017,0.004,0.093,0.039,0.000,0.078,0.052,0.342,0.006,0.127,0.193,0.013,0.001,0.020,0.001
TCGA-G6-A8L8-01A,0.003,0.000,0.003,0.000,0.000,0.000,0.495,0.005,0.300,0.000,0.117,0.054,0.001,0.015,0.006,0.001
TCGA-MM-A564-01A,0.000,0.000,0.001,0.000,0.000,0.000,0.009,0.000,0.458,0.057,0.359,0.068,0.001,0.030,0.003,0.014
TCGA-BP-4775-01A,0.014,0.000,0.006,0.006,0.013,0.001,0.429,0.016,0.230,0.006,0.123,0.138,0.005,0.003,0.009,0.001
TCGA-B0-5703-01A,0.003,0.000,0.004,0.001,0.018,0.000,0.385,0.000,0.159,0.002,0.352,0.045,0.002,0.028,0.002,0.000
TCGA-CZ-5463-01A,0.001,0.000,0.002,0.012,0.031,0.000,0.290,0.000,0.300,0.002,0.070,0.291,0.001,0.000,0.000,0.000
TCGA-B4-5844-01A,0.001,0.000,0.003,0.000,0.000,0.000,0.005,0.000,0.606,0.019,0.244,0.084,0.003,0.013,0.003,0.019
TCGA-BP-4963-01A,0.004,0.000,0.005,0.024,0.007,0.001,0.050,0.001,0.282,0.017,0.199,0.401,0.001,0.005,0.004,0.000
TCGA-B8-5546-01A,0.002,0.000,0.010,0.003,0.000,0.001,0.696,0.000,0.120,0.002,0.033,0.129,0.002,0.001,0.001,0.000
TCGA-B8-5165-01A,0.007,0.000,0.005,0.002,0.005,0.012,0.231,0.000,0.354,0.085,0.164,0.126,0.006,0.000,0.001,0.000
TCGA-CW-5587-01A,0.010,0.000,0.015,0.018,0.040,0.000,0.134,0.003,0.252,0.032,0.124,0.369,0.001,0.000,0.001,0.001
TCGA-BP-4983-01A,0.041,0.005,0.019,0.026,0.092,0.000,0.344,0.001,0.057,0.065,0.001,0.347,0.001,0.001,0.001,0.000
TCGA-BP-4177-01A,0.000,0.000,0.003,0.000,0.000,0.002,0.495,0.001,0.192,0.105,0.158,0.041,0.003,0.000,0.000,0.000
TCGA-B8-4151-01A,0.000,0.000,0.001,0.002,0.000,0.000,0.144,0.000,0.423,0.001,0.122,0.304,0.000,0.000,0.002,0.000
TCGA-MM-A84U-01A,0.005,0.000,0.003,0.000,0.000,0.000,0.413,0.000,0.164,0.067,0.125,0.212,0.001,0.007,0.001,0.000
TCGA-A3-3365-01A,0.002,0.003,0.006,0.007,0.011,0.001,0.049,0.019,0.431,0.100,0.228,0.116,0.012,0.014,0.002,0.001
TCGA-BP-4807-01A,0.001,0.000,0.005,0.000,0.000,0.000,0.384,0.000,0.152,0.115,0.099,0.232,0.003,0.006,0.003,0.000
TCGA-A3-A8OW-01A,0.010,0.000,0.005,0.020,0.018,0.000,0.017,0.001,0.542,0.003,0.225,0.147,0.005,0.002,0.005,0.001
TCGA-CZ-4859-01A,0.006,0.000,0.004,0.000,0.000,0.000,0.535,0.000,0.242,0.001,0.106,0.095,0.000,0.008,0.003,0.000
TCGA-CZ-5453-01A,0.001,0.000,0.000,0.000,0.000,0.000,0.367,0.000,0.368,0.001,0.138,0.119,0.001,0.004,0.001,0.000
TCGA-B2-5633-01B,0.010,0.007,0.009,0.045,0.001,0.005,0.251,0.050,0.235,0.082,0.095,0.177,0.016,0.005,0.013,0.000
TCGA-CZ-5458-01A,0.003,0.000,0.014,0.004,0.010,0.001,0.309,0.019,0.314,0.038,0.130,0.151,0.004,0.002,0.001,0.000
TCGA-BP-4354-01A,0.002,0.000,0.012,0.011,0.034,0.000,0.243,0.000,0.127,0.108,0.051,0.358,0.002,0.000,0.022,0.030
TCGA-B8-A54E-01A,0.000,0.000,0.013,0.000,0.001,0.000,0.709,0.001,0.031,0.000,0.030,0.211,0.000,0.000,0.001,0.000
TCGA-DV-5568-01A,0.000,0.000,0.001,0.010,0.020,0.000,0.318,0.000,0.190,0.120,0.160,0.179,0.000,0.000,0.001,0.000
TCGA-B8-5162-01A,0.090,0.001,0.014,0.001,0.051,0.000,0.005,0.001,0.180,0.123,0.130,0.399,0.001,0.000,0.002,0.001
TCGA-AK-3460-01A,0.003,0.000,0.000,0.003,0.002,0.001,0.166,0.000,0.373,0.013,0.205,0.212,0.002,0.014,0.003,0.000
TCGA-CJ-5677-01A,0.010,0.000,0.006,0.000,0.001,0.000,0.283,0.000,0.126,0.181,0.081,0.311,0.001,0.000,0.000,0.000
TCGA-CZ-4866-01A,0.012,0.000,0.011,0.002,0.000,0.000,0.273,0.000,0.170,0.011,0.048,0.471,0.000,0.000,0.000,0.000
TCGA-B0-4817-01A,0.015,0.000,0.002,0.006,0.000,0.000,0.686,0.000,0.028,0.082,0.017,0.136,0.002,0.000,0.026,0.000
TCGA-CJ-6028-01A,0.038,0.000,0.012,0.007,0.046,0.000,0.326,0.000,0.167,0.072,0.088,0.241,0.001,0.000,0.001,0.001
TCGA-B2-4102-01A,0.013,0.000,0.016,0.003,0.002,0.001,0.315,0.046,0.256,0.007,0.091,0.226,0.005,0.012,0.008,0.001
TCGA-B0-4844-01A,0.008,0.000,0.008,0.011,0.006,0.000,0.591,0.000,0.056,0.070,0.082,0.162,0.001,0.000,0.004,0.000
TCGA-BP-5184-01A,0.002,0.000,0.001,0.003,0.020,0.001,0.062,0.000,0.345,0.088,0.246,0.223,0.001,0.005,0.002,0.000
TCGA-BP-5168-01A,0.000,0.000,0.002,0.001,0.014,0.000,0.096,0.000,0.393,0.001,0.323,0.167,0.001,0.000,0.001,0.000
TCGA-BP-4160-01A,0.012,0.000,0.003,0.005,0.065,0.000,0.314,0.000,0.188,0.050,0.070,0.288,0.002,0.000,0.002,0.001
TCGA-BP-5190-01A,0.000,0.000,0.001,0.013,0.000,0.000,0.313,0.000,0.186,0.015,0.138,0.332,0.000,0.000,0.002,0.000
TCGA-CW-6087-01A,0.009,0.002,0.025,0.029,0.112,0.000,0.278,0.001,0.039,0.061,0.006,0.431,0.005,0.000,0.002,0.000
TCGA-CZ-5465-01A,0.008,0.000,0.002,0.000,0.000,0.000,0.389,0.000,0.314,0.001,0.123,0.157,0.004,0.000,0.000,0.000
TCGA-BP-5202-01A,0.000,0.000,0.000,0.003,0.000,0.000,0.244,0.000,0.364,0.002,0.151,0.225,0.000,0.009,0.001,0.000
TCGA-B0-4847-01A,0.019,0.001,0.006,0.105,0.118,0.000,0.052,0.057,0.198,0.001,0.090,0.344,0.002,0.001,0.003,0.003
TCGA-B0-4712-01A,0.007,0.000,0.006,0.016,0.006,0.000,0.403,0.000,0.106,0.087,0.156,0.211,0.001,0.000,0.001,0.000
TCGA-BP-4352-01A,0.009,0.000,0.000,0.006,0.000,0.000,0.785,0.000,0.010,0.112,0.000,0.072,0.004,0.000,0.000,0.000
TCGA-BP-4787-01A,0.001,0.000,0.005,0.005,0.004,0.000,0.371,0.000,0.121,0.129,0.080,0.275,0.001,0.002,0.007,0.000
TCGA-CZ-5459-01A,0.003,0.000,0.005,0.007,0.010,0.000,0.459,0.000,0.204,0.011,0.088,0.210,0.001,0.000,0.002,0.000
TCGA-B0-4837-01A,0.001,0.000,0.005,0.004,0.000,0.000,0.274,0.000,0.185,0.136,0.193,0.194,0.001,0.004,0.003,0.000
TCGA-BP-4970-01A,0.003,0.000,0.009,0.007,0.027,0.000,0.204,0.021,0.275,0.120,0.112,0.217,0.005,0.000,0.001,0.000
TCGA-B0-5700-01A,0.005,0.000,0.004,0.007,0.001,0.000,0.211,0.000,0.419,0.003,0.152,0.190,0.002,0.002,0.003,0.000
TCGA-AK-3425-01A,0.005,0.000,0.002,0.004,0.019,0.000,0.350,0.000,0.146,0.065,0.104,0.301,0.002,0.001,0.001,0.000
TCGA-B2-5633-01A.1,0.007,0.000,0.013,0.002,0.011,0.000,0.296,0.017,0.254,0.076,0.119,0.191,0.007,0.004,0.001,0.000
TCGA-B0-5117-01A,0.000,0.000,0.002,0.000,0.000,0.000,0.816,0.000,0.073,0.000,0.099,0.009,0.000,0.000,0.000,0.000
TCGA-B0-5121-01A,0.001,0.000,0.001,0.002,0.010,0.002,0.001,0.000,0.452,0.000,0.382,0.128,0.004,0.014,0.002,0.001
TCGA-CJ-4881-01A,0.025,0.000,0.005,0.003,0.008,0.000,0.428,0.000,0.103,0.111,0.096,0.205,0.005,0.004,0.004,0.001
TCGA-AK-3436-01A,0.009,0.000,0.003,0.006,0.000,0.000,0.483,0.000,0.130,0.041,0.168,0.158,0.001,0.000,0.000,0.000
TCGA-BP-4964-01A,0.005,0.000,0.008,0.005,0.003,0.001,0.352,0.000,0.221,0.028,0.185,0.182,0.002,0.007,0.001,0.000
TCGA-BP-4760-01A,0.000,0.000,0.003,0.000,0.000,0.000,0.447,0.000,0.187,0.120,0.180,0.053,0.009,0.000,0.000,0.000
TCGA-B2-5635-01A,0.006,0.000,0.006,0.011,0.032,0.000,0.282,0.021,0.244,0.033,0.066,0.281,0.012,0.000,0.004,0.001
TCGA-A3-3325-01A,0.011,0.000,0.008,0.000,0.000,0.005,0.285,0.027,0.244,0.073,0.145,0.187,0.005,0.005,0.003,0.001
TCGA-B8-5159-01A,0.006,0.000,0.001,0.017,0.026,0.000,0.445,0.000,0.220,0.017,0.095,0.169,0.001,0.000,0.001,0.000
TCGA-MM-A563-01A,0.022,0.000,0.024,0.017,0.015,0.000,0.161,0.045,0.202,0.151,0.139,0.211,0.001,0.004,0.003,0.003
TCGA-A3-3343-01A,0.015,0.000,0.021,0.001,0.002,0.000,0.118,0.039,0.344,0.002,0.070,0.357,0.001,0.024,0.004,0.002
TCGA-BP-4163-01A,0.004,0.000,0.007,0.006,0.002,0.001,0.411,0.000,0.141,0.052,0.110,0.263,0.001,0.001,0.001,0.000
TCGA-B0-5092-01A,0.011,0.001,0.018,0.044,0.087,0.000,0.294,0.032,0.114,0.036,0.162,0.194,0.004,0.000,0.001,0.001
TCGA-BP-4174-01A,0.013,0.000,0.006,0.004,0.012,0.000,0.477,0.000,0.106,0.029,0.075,0.268,0.004,0.000,0.005,0.000
TCGA-BP-4986-01A,0.017,0.000,0.018,0.001,0.000,0.000,0.258,0.001,0.199,0.182,0.107,0.203,0.004,0.007,0.001,0.000
TCGA-B0-4696-01A,0.001,0.000,0.003,0.000,0.000,0.000,0.323,0.000,0.030,0.554,0.038,0.048,0.000,0.000,0.001,0.000
TCGA-CZ-4856-01A,0.016,0.000,0.007,0.004,0.019,0.000,0.205,0.000,0.322,0.026,0.190,0.201,0.002,0.006,0.001,0.000
TCGA-CJ-4873-01A,0.016,0.000,0.002,0.017,0.013,0.000,0.311,0.001,0.080,0.056,0.061,0.434,0.001,0.007,0.002,0.001
TCGA-B0-5693-01A,0.006,0.000,0.005,0.001,0.000,0.000,0.171,0.000,0.453,0.006,0.240,0.104,0.006,0.003,0.005,0.000
TCGA-AK-3451-01A,0.009,0.000,0.000,0.003,0.016,0.000,0.489,0.001,0.120,0.008,0.062,0.286,0.004,0.000,0.002,0.000
TCGA-BP-4762-01A,0.009,0.001,0.007,0.001,0.009,0.012,0.207,0.010,0.238,0.221,0.125,0.151,0.004,0.002,0.003,0.001
TCGA-AS-3778-01A,0.001,0.000,0.004,0.008,0.001,0.001,0.326,0.000,0.278,0.084,0.138,0.145,0.003,0.005,0.004,0.000
TCGA-CZ-5457-01A,0.019,0.000,0.000,0.002,0.011,0.000,0.332,0.000,0.288,0.004,0.114,0.226,0.003,0.000,0.001,0.000
TCGA-B2-5639-01A,0.019,0.000,0.012,0.012,0.000,0.000,0.499,0.007,0.148,0.017,0.028,0.252,0.000,0.005,0.001,0.000
TCGA-B0-4811-01A,0.005,0.000,0.000,0.008,0.000,0.000,0.497,0.000,0.154,0.012,0.218,0.092,0.001,0.009,0.002,0.000
TCGA-CJ-4899-01A,0.011,0.000,0.006,0.007,0.006,0.005,0.033,0.002,0.359,0.065,0.292,0.191,0.016,0.004,0.002,0.000
TCGA-B0-5096-01A,0.030,0.000,0.001,0.003,0.006,0.000,0.512,0.000,0.077,0.115,0.029,0.224,0.002,0.000,0.000,0.000
TCGA-BP-4331-01A,0.005,0.000,0.005,0.010,0.013,0.000,0.374,0.014,0.209,0.044,0.091,0.223,0.004,0.002,0.004,0.001
TCGA-B0-4693-01A,0.030,0.000,0.002,0.009,0.022,0.000,0.408,0.000,0.242,0.003,0.109,0.152,0.003,0.009,0.006,0.002
TCGA-CJ-4637-01A,0.043,0.001,0.019,0.028,0.098,0.000,0.285,0.027,0.095,0.050,0.039,0.311,0.003,0.000,0.001,0.001
TCGA-CJ-4916-01A,0.021,0.000,0.003,0.054,0.088,0.000,0.030,0.000,0.239,0.004,0.132,0.424,0.001,0.000,0.002,0.001
TCGA-CW-5591-01A,0.000,0.000,0.005,0.000,0.000,0.000,0.515,0.000,0.165,0.162,0.038,0.112,0.000,0.002,0.001,0.000
TCGA-BP-5008-01A,0.006,0.003,0.003,0.010,0.024,0.019,0.170,0.016,0.280,0.094,0.207,0.150,0.008,0.001,0.008,0.001
TCGA-CJ-4903-01A,0.013,0.000,0.003,0.011,0.030,0.000,0.082,0.000,0.306,0.080,0.145,0.325,0.001,0.002,0.002,0.001
TCGA-B0-4714-01A,0.001,0.001,0.003,0.033,0.075,0.000,0.013,0.017,0.263,0.007,0.209,0.321,0.000,0.053,0.002,0.001
TCGA-B8-5550-01A,0.001,0.000,0.007,0.001,0.013,0.000,0.330,0.000,0.183,0.182,0.111,0.168,0.002,0.000,0.001,0.000
TCGA-B0-5094-01A,0.009,0.000,0.002,0.007,0.001,0.000,0.662,0.000,0.058,0.039,0.064,0.136,0.002,0.013,0.005,0.000
TCGA-CJ-4920-01A,0.006,0.000,0.005,0.003,0.000,0.000,0.358,0.000,0.227,0.098,0.143,0.151,0.003,0.005,0.001,0.000
TCGA-A3-3346-01A,0.003,0.000,0.003,0.010,0.006,0.000,0.661,0.000,0.015,0.053,0.005,0.234,0.005,0.000,0.004,0.000
TCGA-CJ-4885-01A,0.000,0.000,0.000,0.001,0.000,0.000,0.433,0.000,0.261,0.028,0.126,0.144,0.000,0.005,0.001,0.000
TCGA-B0-5707-01A,0.003,0.000,0.000,0.001,0.000,0.000,0.759,0.002,0.034,0.049,0.006,0.138,0.003,0.000,0.004,0.000
TCGA-CJ-4872-01A,0.011,0.000,0.006,0.005,0.013,0.001,0.071,0.005,0.301,0.137,0.274,0.157,0.005,0.012,0.001,0.001
TCGA-BP-5181-01A,0.000,0.000,0.008,0.000,0.000,0.000,0.318,0.000,0.298,0.064,0.161,0.138,0.001,0.011,0.001,0.000
TCGA-BP-4777-01A,0.012,0.009,0.015,0.011,0.063,0.000,0.261,0.001,0.145,0.018,0.101,0.360,0.002,0.000,0.001,0.001
TCGA-BP-4982-01A,0.004,0.000,0.006,0.003,0.014,0.000,0.027,0.003,0.379,0.102,0.232,0.207,0.007,0.010,0.007,0.001
TCGA-CZ-4857-01A,0.001,0.000,0.008,0.009,0.004,0.000,0.454,0.000,0.113,0.111,0.099,0.194,0.000,0.002,0.003,0.000
TCGA-A3-3349-01A,0.006,0.000,0.008,0.000,0.000,0.001,0.011,0.001,0.443,0.147,0.210,0.140,0.009,0.016,0.006,0.001
TCGA-B0-5711-01A,0.019,0.000,0.013,0.014,0.003,0.000,0.066,0.008,0.443,0.059,0.186,0.170,0.006,0.008,0.001,0.001
TCGA-GK-A6C7-01A,0.006,0.000,0.005,0.007,0.001,0.000,0.063,0.013,0.491,0.081,0.194,0.110,0.003,0.017,0.003,0.005
TCGA-BP-5192-01A,0.006,0.000,0.006,0.002,0.000,0.001,0.122,0.000,0.465,0.005,0.275,0.114,0.002,0.002,0.001,0.000
TCGA-CZ-5988-01A,0.001,0.000,0.003,0.016,0.006,0.000,0.339,0.000,0.306,0.079,0.137,0.109,0.003,0.000,0.000,0.000
TCGA-B0-4718-01A,0.008,0.000,0.000,0.011,0.023,0.000,0.316,0.002,0.255,0.002,0.225,0.141,0.005,0.010,0.001,0.000
TCGA-BP-4969-01A,0.002,0.000,0.001,0.005,0.000,0.000,0.097,0.000,0.513,0.003,0.188,0.184,0.000,0.004,0.001,0.000
TCGA-CW-5588-01A,0.003,0.000,0.004,0.004,0.005,0.000,0.300,0.000,0.204,0.110,0.109,0.256,0.002,0.001,0.001,0.000
TCGA-CZ-4864-01A,0.009,0.000,0.007,0.033,0.087,0.000,0.020,0.006,0.264,0.017,0.109,0.438,0.003,0.001,0.004,0.001
TCGA-BP-4973-01A,0.002,0.000,0.009,0.017,0.045,0.000,0.050,0.016,0.342,0.016,0.202,0.294,0.003,0.000,0.003,0.001
TCGA-DV-5573-01A,0.011,0.000,0.005,0.023,0.072,0.000,0.366,0.024,0.138,0.054,0.064,0.240,0.002,0.000,0.001,0.000
TCGA-BP-4960-01A,0.027,0.000,0.004,0.001,0.000,0.000,0.033,0.000,0.239,0.067,0.347,0.264,0.003,0.011,0.001,0.001
TCGA-B0-5694-01A,0.001,0.000,0.005,0.000,0.000,0.000,0.375,0.001,0.257,0.056,0.138,0.156,0.000,0.011,0.000,0.000
TCGA-BP-4993-01A,0.001,0.000,0.000,0.002,0.019,0.000,0.033,0.000,0.462,0.056,0.266,0.145,0.004,0.009,0.001,0.000
TCGA-B0-4833-01A,0.016,0.000,0.004,0.019,0.032,0.000,0.214,0.004,0.299,0.002,0.202,0.184,0.006,0.014,0.003,0.002
TCGA-CJ-4884-01A,0.015,0.000,0.001,0.045,0.017,0.000,0.161,0.000,0.211,0.021,0.125,0.402,0.000,0.000,0.000,0.000
TCGA-B0-5107-01A,0.003,0.000,0.001,0.032,0.028,0.000,0.694,0.000,0.018,0.002,0.007,0.214,0.000,0.001,0.001,0.000
TCGA-B0-5106-01A,0.012,0.000,0.003,0.012,0.008,0.000,0.082,0.008,0.331,0.055,0.177,0.292,0.005,0.011,0.003,0.001
TCGA-BP-4781-01A,0.003,0.000,0.004,0.001,0.001,0.000,0.446,0.000,0.162,0.108,0.056,0.213,0.004,0.000,0.001,0.000
TCGA-B0-4821-01A,0.009,0.000,0.000,0.029,0.002,0.000,0.607,0.000,0.063,0.018,0.150,0.103,0.002,0.015,0.003,0.001
TCGA-B0-4818-01A,0.073,0.000,0.012,0.010,0.013,0.000,0.043,0.001,0.408,0.001,0.235,0.177,0.003,0.017,0.005,0.002
TCGA-CZ-5461-01A,0.005,0.000,0.010,0.002,0.008,0.000,0.371,0.008,0.218,0.068,0.126,0.179,0.005,0.001,0.001,0.000
TCGA-A3-3385-01A,0.000,0.000,0.001,0.000,0.000,0.000,0.524,0.000,0.190,0.001,0.076,0.206,0.000,0.000,0.001,0.000
TCGA-B0-5709-01A,0.019,0.010,0.020,0.009,0.043,0.000,0.074,0.059,0.242,0.166,0.138,0.213,0.004,0.000,0.002,0.001
TCGA-BP-4771-01A,0.012,0.001,0.020,0.042,0.133,0.000,0.041,0.013,0.204,0.071,0.157,0.294,0.007,0.001,0.002,0.001
TCGA-BP-4327-01A,0.010,0.000,0.002,0.007,0.001,0.000,0.404,0.000,0.286,0.026,0.110,0.138,0.001,0.013,0.001,0.000
TCGA-B0-5710-01A,0.004,0.000,0.013,0.003,0.006,0.000,0.003,0.011,0.613,0.071,0.160,0.105,0.002,0.007,0.001,0.001
TCGA-B4-5834-01A,0.002,0.000,0.007,0.002,0.000,0.000,0.003,0.001,0.613,0.104,0.163,0.088,0.004,0.009,0.002,0.001
TCGA-DV-5576-01A,0.000,0.000,0.003,0.000,0.000,0.000,0.468,0.000,0.238,0.093,0.155,0.039,0.001,0.001,0.001,0.000
TCGA-AK-3443-01A,0.000,0.000,0.004,0.000,0.000,0.000,0.908,0.000,0.083,0.000,0.004,0.000,0.000,0.000,0.000,0.000
TCGA-BP-5009-01A,0.010,0.000,0.000,0.009,0.015,0.000,0.355,0.000,0.188,0.061,0.121,0.241,0.001,0.000,0.000,0.000
TCGA-BP-4173-01A,0.012,0.001,0.017,0.022,0.107,0.000,0.038,0.099,0.154,0.097,0.129,0.314,0.002,0.000,0.007,0.001
TCGA-B0-4845-01A,0.002,0.000,0.001,0.002,0.000,0.018,0.344,0.000,0.301,0.001,0.256,0.065,0.004,0.001,0.004,0.000
TCGA-B0-5812-01A,0.006,0.000,0.009,0.003,0.013,0.000,0.025,0.015,0.470,0.122,0.183,0.133,0.005,0.011,0.003,0.002
TCGA-B4-5378-01A,0.001,0.000,0.003,0.000,0.000,0.000,0.350,0.000,0.323,0.036,0.230,0.037,0.011,0.006,0.003,0.000
TCGA-CZ-4858-01A,0.018,0.000,0.014,0.021,0.043,0.000,0.512,0.000,0.058,0.056,0.037,0.238,0.001,0.000,0.002,0.001
TCGA-BP-4768-01A,0.001,0.000,0.000,0.003,0.005,0.000,0.594,0.000,0.144,0.001,0.097,0.151,0.000,0.000,0.001,0.000
TCGA-A3-3363-01A,0.000,0.000,0.000,0.001,0.001,0.000,0.723,0.000,0.024,0.030,0.000,0.210,0.006,0.000,0.005,0.000
TCGA-CJ-4893-01A,0.009,0.000,0.002,0.007,0.034,0.000,0.275,0.001,0.336,0.004,0.130,0.198,0.002,0.001,0.000,0.001
TCGA-BP-5195-01A,0.001,0.000,0.004,0.000,0.006,0.000,0.137,0.000,0.351,0.093,0.194,0.204,0.001,0.005,0.001,0.000
TCGA-B0-5712-01A,0.005,0.000,0.000,0.016,0.002,0.000,0.631,0.000,0.169,0.004,0.070,0.101,0.001,0.000,0.000,0.000
TCGA-AK-3426-01A,0.004,0.000,0.011,0.044,0.070,0.000,0.078,0.039,0.050,0.138,0.115,0.445,0.003,0.000,0.002,0.001
TCGA-B2-5635-01A.1,0.006,0.000,0.006,0.011,0.032,0.000,0.282,0.021,0.244,0.033,0.066,0.281,0.012,0.000,0.004,0.001
TCGA-CZ-5987-01A,0.013,0.000,0.013,0.013,0.002,0.000,0.559,0.000,0.071,0.051,0.066,0.210,0.000,0.000,0.002,0.000
TCGA-A3-3319-01A,0.022,0.000,0.000,0.014,0.003,0.000,0.634,0.000,0.027,0.048,0.029,0.220,0.000,0.000,0.003,0.000
TCGA-BP-4804-01A,0.007,0.001,0.011,0.012,0.035,0.000,0.171,0.010,0.201,0.094,0.220,0.234,0.003,0.001,0.001,0.001
TCGA-CJ-4891-01A,0.014,0.000,0.001,0.001,0.005,0.000,0.410,0.000,0.059,0.044,0.148,0.307,0.004,0.000,0.006,0.001
TCGA-A3-3326-01A,0.029,0.000,0.029,0.009,0.017,0.001,0.060,0.114,0.282,0.002,0.135,0.293,0.010,0.014,0.005,0.001
TCGA-BP-4959-01A,0.007,0.000,0.002,0.001,0.008,0.006,0.402,0.000,0.126,0.045,0.048,0.351,0.003,0.000,0.000,0.000
TCGA-BP-4332-01A,0.000,0.000,0.002,0.002,0.000,0.001,0.398,0.000,0.264,0.061,0.144,0.118,0.001,0.005,0.001,0.001
TCGA-CJ-5682-01A,0.008,0.000,0.000,0.014,0.000,0.000,0.084,0.000,0.262,0.205,0.292,0.118,0.000,0.013,0.001,0.000
TCGA-B0-4814-01A,0.026,0.000,0.002,0.003,0.001,0.001,0.333,0.000,0.261,0.029,0.191,0.143,0.001,0.006,0.004,0.000
TCGA-B0-4842-01A,0.037,0.000,0.011,0.001,0.007,0.000,0.389,0.000,0.074,0.103,0.061,0.301,0.001,0.011,0.003,0.001
TCGA-CW-5583-01A,0.004,0.000,0.007,0.001,0.000,0.001,0.314,0.000,0.318,0.076,0.179,0.077,0.004,0.010,0.008,0.001
TCGA-B8-4154-01A,0.007,0.000,0.009,0.008,0.010,0.000,0.204,0.004,0.322,0.002,0.155,0.253,0.002,0.019,0.003,0.001
TCGA-CW-5584-01A,0.006,0.000,0.005,0.000,0.000,0.000,0.306,0.001,0.284,0.053,0.156,0.182,0.002,0.003,0.002,0.000
TCGA-B0-4813-01A,0.002,0.000,0.002,0.002,0.000,0.000,0.628,0.000,0.105,0.035,0.155,0.060,0.006,0.001,0.003,0.001
TCGA-EU-5905-01A,0.008,0.000,0.008,0.003,0.000,0.000,0.380,0.001,0.206,0.128,0.094,0.164,0.003,0.005,0.000,0.000
TCGA-BP-4342-01A,0.006,0.000,0.008,0.007,0.001,0.003,0.302,0.000,0.179,0.104,0.222,0.147,0.004,0.010,0.007,0.000
TCGA-BP-4776-01A,0.055,0.000,0.000,0.012,0.000,0.000,0.016,0.000,0.438,0.004,0.375,0.088,0.003,0.006,0.002,0.001
TCGA-AK-3431-01A,0.001,0.000,0.005,0.001,0.001,0.000,0.147,0.001,0.335,0.177,0.234,0.082,0.002,0.007,0.002,0.005
TCGA-BP-4974-01A,0.007,0.000,0.003,0.017,0.005,0.009,0.014,0.001,0.499,0.034,0.311,0.088,0.003,0.006,0.004,0.000
TCGA-BP-4976-01A,0.002,0.000,0.016,0.000,0.000,0.001,0.241,0.000,0.357,0.011,0.155,0.212,0.001,0.001,0.002,0.000
TCGA-CZ-5452-01A,0.028,0.002,0.029,0.012,0.081,0.000,0.288,0.006,0.121,0.012,0.027,0.393,0.001,0.000,0.000,0.000
TCGA-CZ-4863-01A,0.007,0.000,0.004,0.013,0.068,0.000,0.249,0.012,0.226,0.020,0.129,0.261,0.003,0.000,0.007,0.001
TCGA-B8-A54I-01A,0.160,0.000,0.007,0.005,0.000,0.000,0.378,0.000,0.101,0.040,0.032,0.272,0.000,0.003,0.002,0.000
TCGA-A3-A8OX-01A,0.015,0.000,0.013,0.003,0.013,0.001,0.348,0.017,0.183,0.116,0.114,0.168,0.001,0.003,0.003,0.000
TCGA-B0-5109-01A,0.051,0.000,0.006,0.051,0.012,0.000,0.542,0.003,0.099,0.091,0.063,0.071,0.004,0.000,0.005,0.001
TCGA-BP-5001-01A,0.005,0.000,0.001,0.040,0.023,0.000,0.057,0.000,0.402,0.002,0.247,0.199,0.001,0.019,0.003,0.001
TCGA-BP-5183-01A,0.012,0.000,0.007,0.011,0.023,0.000,0.453,0.000,0.189,0.007,0.031,0.254,0.001,0.008,0.003,0.000
TCGA-B0-4694-01A,0.018,0.000,0.011,0.002,0.035,0.000,0.334,0.000,0.100,0.099,0.071,0.325,0.002,0.000,0.002,0.001
TCGA-BP-4335-01A,0.082,0.000,0.005,0.024,0.018,0.000,0.029,0.008,0.354,0.010,0.262,0.205,0.001,0.000,0.001,0.001
TCGA-B0-5695-01A,0.002,0.000,0.001,0.001,0.001,0.000,0.195,0.000,0.446,0.044,0.188,0.103,0.005,0.012,0.001,0.000
TCGA-CJ-4868-01A,0.005,0.000,0.010,0.002,0.025,0.000,0.238,0.001,0.214,0.139,0.137,0.222,0.004,0.002,0.001,0.001
TCGA-B0-4690-01A,0.010,0.000,0.011,0.016,0.018,0.000,0.377,0.000,0.080,0.127,0.061,0.294,0.002,0.000,0.004,0.001
TCGA-B8-5158-01A,0.024,0.000,0.011,0.006,0.013,0.000,0.453,0.001,0.115,0.064,0.068,0.236,0.001,0.000,0.006,0.001
TCGA-CZ-4862-01A,0.008,0.003,0.011,0.036,0.052,0.000,0.311,0.056,0.189,0.044,0.069,0.211,0.005,0.002,0.002,0.001
TCGA-BP-4799-01A,0.021,0.000,0.000,0.000,0.025,0.000,0.039,0.000,0.276,0.003,0.404,0.230,0.001,0.000,0.001,0.001
TCGA-CZ-5455-01A,0.004,0.000,0.009,0.025,0.035,0.000,0.249,0.001,0.244,0.017,0.110,0.299,0.001,0.000,0.006,0.001
TCGA-B0-5116-01A,0.000,0.000,0.002,0.001,0.000,0.000,0.455,0.000,0.217,0.028,0.186,0.109,0.000,0.002,0.000,0.000
TCGA-CJ-4902-01A,0.008,0.000,0.009,0.012,0.009,0.000,0.033,0.008,0.320,0.120,0.240,0.224,0.005,0.009,0.001,0.001
TCGA-B0-5690-01A,0.004,0.000,0.009,0.001,0.000,0.000,0.008,0.008,0.598,0.019,0.223,0.089,0.003,0.016,0.005,0.019
TCGA-A3-3378-01A,0.031,0.002,0.017,0.005,0.026,0.000,0.229,0.000,0.110,0.035,0.076,0.445,0.001,0.000,0.023,0.001
