,Plasma B cells,Non-plasma B cells,CD4 T,CD8 T effector,CD8 T (GZMK high),Double-neg-like T,DC,Endothelial Cells,CAFs,Myofibroblasts,Macrophages,Mast Cells,NK,Neutrophils,Monocytes,1-others,Cancer Cells
TCGA-OR-A5LO-01A,0.002,0.000,0.003,0.000,0.002,0.004,0.000,0.028,0.007,0.042,0.008,0.000,0.000,0.000,0.001,0.903,0.903
TCGA-P6-A5OG-01A,0.001,0.000,0.012,0.014,0.003,0.000,0.000,0.136,0.117,0.159,0.132,0.000,0.000,0.000,0.022,0.405,0.405
TCGA-OR-A5J6-01A,0.000,0.000,0.009,0.000,0.000,0.000,0.001,0.102,0.000,0.037,0.250,0.004,0.000,0.000,0.000,0.596,0.596
TCGA-OR-A5LT-01A,0.000,0.000,0.002,0.000,0.001,0.000,0.000,0.001,0.007,0.015,0.027,0.001,0.000,0.000,0.000,0.946,0.946
TCGA-OR-A5JY-01A,0.000,0.000,0.009,0.002,0.000,0.000,0.001,0.044,0.013,0.042,0.093,0.005,0.000,0.000,0.000,0.792,0.792
TCGA-OR-A5JV-01A,0.000,0.000,0.013,0.000,0.006,0.000,0.003,0.046,0.001,0.048,0.366,0.007,0.000,0.000,0.000,0.511,0.511
TCGA-OR-A5JT-01A,0.000,0.000,0.009,0.000,0.000,0.000,0.000,0.052,0.000,0.057,0.060,0.000,0.000,0.000,0.000,0.821,0.821
TCGA-OR-A5KX-01A,0.000,0.000,0.003,0.000,0.000,0.000,0.000,0.053,0.007,0.029,0.079,0.001,0.000,0.000,0.000,0.827,0.827
TCGA-OR-A5K3-01A,0.000,0.000,0.002,0.000,0.000,0.000,0.000,0.008,0.000,0.016,0.069,0.001,0.000,0.000,0.000,0.903,0.903
TCGA-OR-A5JZ-01A,0.000,0.000,0.012,0.000,0.000,0.000,0.001,0.040,0.000,0.032,0.072,0.010,0.000,0.000,0.000,0.831,0.831
TCGA-OR-A5LC-01A,0.000,0.000,0.002,0.000,0.000,0.000,0.000,0.046,0.060,0.091,0.018,0.001,0.000,0.000,0.000,0.782,0.782
TCGA-OR-A5LH-01A,0.000,0.000,0.010,0.000,0.006,0.000,0.000,0.059,0.000,0.030,0.151,0.002,0.000,0.000,0.000,0.742,0.742
TCGA-OR-A5LM-01A,0.000,0.000,0.011,0.000,0.001,0.000,0.000,0.033,0.000,0.031,0.062,0.008,0.000,0.000,0.000,0.853,0.853
TCGA-OR-A5J5-01A,0.000,0.000,0.000,0.000,0.006,0.001,0.001,0.012,0.002,0.039,0.015,0.001,0.000,0.000,0.000,0.922,0.922
TCGA-P6-A5OF-01A,0.000,0.000,0.006,0.000,0.001,0.000,0.000,0.052,0.064,0.055,0.055,0.001,0.000,0.000,0.000,0.767,0.767
TCGA-OR-A5LD-01A,0.000,0.000,0.001,0.000,0.000,0.000,0.004,0.006,0.002,0.059,0.003,0.001,0.000,0.000,0.000,0.924,0.924
TCGA-OR-A5L3-01A,0.000,0.000,0.001,0.000,0.000,0.000,0.000,0.007,0.000,0.040,0.028,0.000,0.000,0.000,0.000,0.923,0.923
TCGA-OR-A5LK-01A,0.000,0.000,0.000,0.000,0.009,0.000,0.024,0.024,0.000,0.016,0.212,0.011,0.001,0.000,0.000,0.702,0.702
TCGA-OR-A5LG-01A,0.000,0.000,0.003,0.000,0.000,0.000,0.000,0.023,0.057,0.031,0.110,0.000,0.000,0.000,0.000,0.774,0.774
TCGA-OR-A5KO-01A,0.000,0.000,0.006,0.000,0.001,0.000,0.000,0.033,0.005,0.034,0.012,0.000,0.000,0.000,0.000,0.908,0.908
TCGA-OR-A5JJ-01A,0.000,0.000,0.012,0.003,0.005,0.000,0.000,0.020,0.009,0.036,0.020,0.001,0.000,0.000,0.000,0.894,0.894
TCGA-OR-A5JL-01A,0.000,0.000,0.013,0.000,0.000,0.000,0.000,0.077,0.000,0.034,0.107,0.006,0.000,0.000,0.000,0.761,0.761
TCGA-OR-A5KV-01A,0.000,0.002,0.002,0.000,0.007,0.000,0.004,0.021,0.001,0.030,0.018,0.002,0.000,0.000,0.000,0.915,0.915
TCGA-OR-A5JE-01A,0.000,0.000,0.007,0.000,0.000,0.000,0.000,0.024,0.011,0.017,0.077,0.000,0.000,0.000,0.000,0.863,0.863
TCGA-PK-A5HB-01A,0.000,0.000,0.004,0.000,0.000,0.000,0.000,0.074,0.002,0.104,0.009,0.000,0.000,0.000,0.000,0.806,0.806
TCGA-OR-A5JM-01A,0.000,0.000,0.003,0.000,0.002,0.000,0.000,0.022,0.008,0.022,0.009,0.002,0.000,0.000,0.000,0.931,0.931
TCGA-OR-A5JD-01A,0.000,0.000,0.005,0.000,0.012,0.000,0.002,0.023,0.000,0.035,0.165,0.000,0.000,0.000,0.000,0.758,0.758
TCGA-OR-A5LN-01A,0.000,0.000,0.002,0.000,0.004,0.000,0.001,0.018,0.000,0.014,0.116,0.000,0.000,0.000,0.000,0.843,0.843
TCGA-OR-A5K6-01A,0.000,0.000,0.011,0.000,0.000,0.000,0.000,0.030,0.000,0.033,0.102,0.000,0.000,0.000,0.000,0.822,0.822
TCGA-OR-A5JR-01A,0.000,0.001,0.006,0.000,0.009,0.000,0.009,0.040,0.000,0.053,0.103,0.001,0.001,0.000,0.000,0.777,0.777
TCGA-OR-A5L6-01A,0.000,0.000,0.000,0.000,0.000,0.000,0.000,0.017,0.000,0.047,0.070,0.005,0.000,0.000,0.000,0.859,0.859
TCGA-OR-A5JI-01A,0.000,0.000,0.005,0.000,0.008,0.000,0.001,0.046,0.226,0.071,0.070,0.001,0.000,0.000,0.000,0.571,0.571
TCGA-OR-A5J2-01A,0.000,0.000,0.011,0.000,0.000,0.000,0.001,0.088,0.012,0.061,0.051,0.002,0.000,0.000,0.000,0.774,0.774
TCGA-OR-A5LL-01A,0.000,0.000,0.006,0.000,0.001,0.000,0.000,0.018,0.005,0.031,0.062,0.000,0.000,0.000,0.000,0.877,0.877
TCGA-OR-A5K1-01A,0.000,0.000,0.008,0.000,0.000,0.000,0.000,0.083,0.000,0.100,0.075,0.006,0.000,0.000,0.000,0.726,0.726
TCGA-PK-A5HA-01A,0.000,0.000,0.008,0.000,0.000,0.000,0.000,0.046,0.001,0.062,0.185,0.003,0.000,0.000,0.000,0.694,0.694
TCGA-OR-A5LR-01A,0.000,0.000,0.005,0.000,0.001,0.000,0.007,0.037,0.028,0.069,0.060,0.009,0.000,0.000,0.000,0.783,0.783
TCGA-OR-A5JX-01A,0.000,0.000,0.004,0.000,0.002,0.000,0.010,0.059,0.006,0.091,0.030,0.000,0.000,0.000,0.000,0.797,0.797
TCGA-OU-A5PI-01A,0.000,0.000,0.007,0.000,0.011,0.000,0.002,0.039,0.059,0.026,0.038,0.001,0.000,0.000,0.000,0.817,0.817
TCGA-OR-A5JA-01A,0.000,0.000,0.008,0.000,0.000,0.000,0.000,0.028,0.013,0.048,0.049,0.008,0.000,0.000,0.000,0.845,0.845
TCGA-OR-A5KY-01A,0.000,0.000,0.001,0.001,0.002,0.000,0.002,0.021,0.025,0.025,0.082,0.002,0.000,0.000,0.000,0.839,0.839
TCGA-OR-A5L9-01A,0.000,0.000,0.001,0.000,0.000,0.002,0.001,0.007,0.025,0.104,0.080,0.008,0.000,0.000,0.000,0.772,0.772
TCGA-PK-A5H9-01A,0.000,0.000,0.004,0.000,0.000,0.000,0.000,0.125,0.070,0.069,0.124,0.007,0.001,0.000,0.000,0.600,0.600
TCGA-OR-A5JK-01A,0.000,0.000,0.018,0.000,0.039,0.000,0.026,0.020,0.084,0.054,0.122,0.001,0.000,0.000,0.000,0.635,0.635
TCGA-OR-A5LJ-01A,0.000,0.000,0.011,0.001,0.013,0.000,0.007,0.024,0.000,0.042,0.020,0.000,0.000,0.000,0.000,0.883,0.883
TCGA-OR-A5K9-01A,0.000,0.000,0.004,0.000,0.000,0.000,0.000,0.029,0.052,0.022,0.026,0.000,0.000,0.000,0.000,0.866,0.866
TCGA-OR-A5LA-01A,0.000,0.000,0.008,0.000,0.000,0.000,0.000,0.018,0.010,0.075,0.130,0.024,0.000,0.000,0.000,0.733,0.733
TCGA-OR-A5JP-01A,0.000,0.000,0.001,0.000,0.000,0.000,0.003,0.032,0.017,0.042,0.033,0.001,0.000,0.000,0.000,0.871,0.871
TCGA-OR-A5LE-01A,0.000,0.000,0.004,0.000,0.000,0.000,0.002,0.028,0.001,0.030,0.004,0.000,0.000,0.000,0.000,0.930,0.930
TCGA-OR-A5JB-01A,0.000,0.000,0.015,0.040,0.000,0.000,0.000,0.038,0.002,0.022,0.125,0.000,0.000,0.000,0.000,0.755,0.755
TCGA-OR-A5J3-01A,0.000,0.000,0.007,0.000,0.005,0.000,0.000,0.027,0.003,0.037,0.030,0.000,0.000,0.000,0.000,0.892,0.892
TCGA-OR-A5JQ-01A,0.000,0.000,0.010,0.000,0.020,0.000,0.030,0.074,0.107,0.059,0.082,0.005,0.000,0.000,0.000,0.613,0.613
TCGA-OR-A5J7-01A,0.000,0.000,0.011,0.000,0.000,0.000,0.000,0.046,0.000,0.050,0.019,0.000,0.000,0.000,0.000,0.873,0.873
TCGA-OR-A5KZ-01A,0.000,0.000,0.003,0.001,0.000,0.000,0.006,0.053,0.088,0.060,0.024,0.002,0.000,0.000,0.000,0.763,0.763
TCGA-OR-A5KW-01A,0.000,0.000,0.007,0.000,0.000,0.000,0.000,0.038,0.006,0.027,0.033,0.005,0.000,0.000,0.000,0.884,0.884
TCGA-PA-A5YG-01A,0.000,0.000,0.006,0.000,0.007,0.000,0.000,0.059,0.001,0.068,0.133,0.021,0.000,0.000,0.000,0.705,0.705
TCGA-OR-A5J9-01A,0.000,0.000,0.006,0.000,0.001,0.000,0.004,0.117,0.000,0.096,0.005,0.001,0.000,0.000,0.000,0.769,0.769
TCGA-OR-A5K4-01A,0.000,0.000,0.007,0.000,0.004,0.000,0.003,0.029,0.000,0.042,0.022,0.003,0.000,0.000,0.000,0.887,0.887
TCGA-OR-A5K2-01A,0.000,0.000,0.003,0.000,0.000,0.000,0.003,0.033,0.001,0.030,0.059,0.001,0.000,0.000,0.000,0.871,0.871
TCGA-OR-A5JO-01A,0.000,0.000,0.013,0.000,0.004,0.000,0.005,0.140,0.132,0.101,0.302,0.017,0.014,0.000,0.000,0.272,0.272
TCGA-OR-A5KU-01A,0.000,0.000,0.006,0.000,0.000,0.000,0.001,0.012,0.043,0.028,0.019,0.000,0.000,0.000,0.000,0.890,0.890
TCGA-OR-A5LB-01A,0.000,0.000,0.007,0.000,0.000,0.000,0.000,0.045,0.000,0.028,0.029,0.000,0.000,0.000,0.000,0.889,0.889
TCGA-OR-A5L8-01A,0.000,0.000,0.005,0.000,0.000,0.000,0.001,0.023,0.008,0.040,0.002,0.000,0.000,0.000,0.000,0.920,0.920
TCGA-OR-A5J8-01A,0.000,0.000,0.027,0.001,0.008,0.000,0.000,0.068,0.415,0.007,0.319,0.000,0.000,0.000,0.000,0.154,0.154
TCGA-OR-A5LS-01A,0.000,0.000,0.006,0.000,0.007,0.000,0.000,0.039,0.000,0.017,0.013,0.001,0.000,0.000,0.000,0.916,0.916
TCGA-OR-A5JW-01A,0.000,0.000,0.004,0.000,0.000,0.000,0.000,0.056,0.000,0.028,0.070,0.000,0.000,0.000,0.000,0.841,0.841
TCGA-OR-A5JC-01A,0.000,0.000,0.004,0.000,0.000,0.000,0.013,0.027,0.016,0.068,0.050,0.008,0.000,0.000,0.000,0.814,0.814
TCGA-OR-A5LP-01A,0.000,0.000,0.004,0.000,0.001,0.000,0.000,0.055,0.009,0.087,0.143,0.005,0.000,0.000,0.000,0.695,0.695
TCGA-OR-A5J1-01A,0.000,0.000,0.001,0.000,0.001,0.000,0.008,0.025,0.000,0.089,0.078,0.000,0.000,0.000,0.000,0.799,0.799
TCGA-OR-A5K0-01A,0.000,0.003,0.008,0.007,0.000,0.000,0.000,0.013,0.001,0.025,0.045,0.001,0.000,0.000,0.000,0.899,0.899
TCGA-OR-A5K8-01A,0.000,0.000,0.002,0.000,0.000,0.000,0.000,0.013,0.007,0.056,0.022,0.000,0.000,0.000,0.000,0.899,0.899
TCGA-OR-A5L5-01A,0.000,0.000,0.007,0.000,0.005,0.000,0.000,0.021,0.106,0.058,0.165,0.017,0.001,0.000,0.000,0.619,0.619
TCGA-OR-A5KT-01A,0.004,0.000,0.014,0.000,0.000,0.000,0.000,0.086,0.121,0.062,0.156,0.000,0.000,0.000,0.001,0.554,0.554
TCGA-OR-A5JF-01A,0.000,0.000,0.003,0.000,0.000,0.000,0.000,0.037,0.003,0.050,0.025,0.000,0.000,0.000,0.000,0.881,0.881
TCGA-OR-A5L4-01A,0.000,0.000,0.002,0.000,0.000,0.000,0.000,0.087,0.001,0.061,0.030,0.002,0.000,0.000,0.000,0.815,0.815
TCGA-OR-A5JS-01A,0.000,0.000,0.004,0.001,0.001,0.001,0.000,0.037,0.004,0.018,0.012,0.002,0.000,0.000,0.000,0.920,0.920
TCGA-OR-A5K5-01A,0.000,0.000,0.006,0.000,0.000,0.000,0.000,0.012,0.018,0.021,0.036,0.001,0.000,0.000,0.000,0.906,0.906
TCGA-OR-A5JG-01A,0.000,0.000,0.001,0.000,0.001,0.000,0.000,0.022,0.017,0.004,0.035,0.000,0.000,0.000,0.000,0.919,0.919
TCGA-PK-A5H8-01A,0.000,0.000,0.006,0.000,0.000,0.000,0.001,0.036,0.000,0.047,0.067,0.015,0.000,0.000,0.000,0.827,0.827
