,Plasma B cells,Non-plasma B cells,CD4 T,CD8 T effector,CD8 T (GZMK high),Double-neg-like T,DC,Endothelial Cells,CAFs,Myofibroblasts,Macrophages,Mast Cells,NK,Neutrophils,Monocytes,1-others,Cancer Cells
TCGA-BP-4766-01A,0.005,0.000,0.000,0.001,0.000,0.000,0.000,0.275,0.000,0.145,0.157,0.000,0.007,0.018,0.000,0.389,0.389
TCGA-A3-3352-01A,0.005,0.001,0.007,0.005,0.000,0.007,0.002,0.263,0.000,0.123,0.151,0.001,0.016,0.009,0.000,0.407,0.407
TCGA-G6-A8L7-01A,0.018,0.000,0.010,0.001,0.008,0.000,0.000,0.094,0.001,0.138,0.040,0.000,0.003,0.000,0.000,0.687,0.687
TCGA-A3-A6NN-01A,0.000,0.001,0.010,0.006,0.001,0.001,0.005,0.363,0.036,0.099,0.132,0.001,0.027,0.009,0.000,0.309,0.309
TCGA-T7-A92I-01A,0.007,0.000,0.001,0.001,0.002,0.000,0.000,0.050,0.029,0.031,0.148,0.001,0.000,0.007,0.000,0.724,0.724
TCGA-B0-5713-01A,0.001,0.001,0.006,0.012,0.006,0.000,0.001,0.397,0.000,0.165,0.100,0.000,0.006,0.007,0.000,0.298,0.298
TCGA-CZ-4860-01A,0.000,0.000,0.005,0.000,0.008,0.000,0.000,0.033,0.166,0.007,0.200,0.000,0.000,0.001,0.000,0.580,0.580
TCGA-A3-3351-01A,0.002,0.003,0.022,0.030,0.044,0.000,0.035,0.210,0.002,0.158,0.192,0.004,0.001,0.020,0.000,0.278,0.278
TCGA-B8-4148-01A,0.008,0.003,0.014,0.053,0.052,0.000,0.032,0.251,0.001,0.153,0.144,0.000,0.006,0.017,0.001,0.268,0.268
TCGA-BP-4345-01A,0.000,0.000,0.022,0.001,0.012,0.000,0.002,0.254,0.246,0.267,0.171,0.000,0.001,0.004,0.000,0.018,0.018
TCGA-BP-5010-01A,0.001,0.000,0.004,0.001,0.009,0.000,0.000,0.243,0.245,0.317,0.059,0.000,0.000,0.003,0.000,0.117,0.117
TCGA-BP-4325-01A,0.003,0.001,0.001,0.018,0.030,0.000,0.000,0.180,0.000,0.111,0.194,0.000,0.000,0.009,0.000,0.453,0.453
TCGA-B0-5102-01A,0.011,0.000,0.000,0.001,0.007,0.000,0.000,0.157,0.001,0.116,0.125,0.000,0.000,0.001,0.000,0.579,0.579
TCGA-BP-5185-01A,0.009,0.000,0.000,0.000,0.001,0.000,0.000,0.150,0.013,0.155,0.085,0.000,0.000,0.000,0.000,0.586,0.586
TCGA-CZ-5986-01A,0.000,0.000,0.000,0.003,0.000,0.000,0.008,0.265,0.000,0.147,0.146,0.004,0.003,0.018,0.000,0.403,0.403
TCGA-CW-5590-01A,0.000,0.000,0.013,0.011,0.001,0.000,0.001,0.297,0.031,0.169,0.125,0.000,0.005,0.004,0.000,0.342,0.342
TCGA-CJ-4904-01A,0.000,0.000,0.001,0.009,0.012,0.000,0.008,0.425,0.001,0.199,0.119,0.000,0.000,0.007,0.000,0.217,0.217
TCGA-BP-4987-01A,0.000,0.001,0.001,0.012,0.018,0.000,0.000,0.327,0.000,0.175,0.117,0.000,0.011,0.010,0.000,0.326,0.326
TCGA-B0-4849-01A,0.004,0.001,0.007,0.013,0.003,0.000,0.002,0.286,0.001,0.252,0.106,0.000,0.005,0.013,0.011,0.298,0.298
TCGA-BP-4329-01A,0.003,0.000,0.001,0.000,0.000,0.000,0.010,0.271,0.039,0.221,0.136,0.000,0.002,0.003,0.000,0.313,0.313
TCGA-A3-3328-01A,0.022,0.000,0.001,0.000,0.000,0.000,0.000,0.040,0.000,0.021,0.045,0.000,0.000,0.002,0.000,0.868,0.868
TCGA-CJ-5672-01A,0.016,0.000,0.014,0.011,0.052,0.000,0.026,0.196,0.000,0.123,0.244,0.000,0.000,0.002,0.000,0.315,0.315
TCGA-B0-5104-01A,0.005,0.000,0.000,0.004,0.000,0.000,0.001,0.245,0.001,0.187,0.101,0.000,0.000,0.018,0.013,0.425,0.425
TCGA-CW-6097-01A,0.010,0.030,0.036,0.004,0.034,0.001,0.033,0.185,0.162,0.101,0.171,0.000,0.000,0.010,0.000,0.223,0.223
TCGA-B0-4700-01A,0.019,0.001,0.039,0.010,0.047,0.000,0.005,0.168,0.196,0.152,0.168,0.000,0.003,0.005,0.001,0.188,0.188
TCGA-B0-5095-01A,0.006,0.001,0.015,0.014,0.014,0.000,0.002,0.235,0.255,0.217,0.083,0.000,0.007,0.011,0.001,0.137,0.137
TCGA-B0-4810-01A,0.013,0.001,0.030,0.028,0.026,0.000,0.001,0.239,0.057,0.207,0.130,0.000,0.009,0.006,0.000,0.253,0.253
TCGA-CJ-4901-01A,0.030,0.001,0.023,0.037,0.047,0.000,0.005,0.176,0.037,0.111,0.215,0.000,0.011,0.008,0.001,0.299,0.299
TCGA-CJ-4643-01A,0.006,0.001,0.009,0.016,0.009,0.000,0.017,0.341,0.005,0.254,0.131,0.000,0.006,0.016,0.001,0.190,0.190
TCGA-B8-A54H-01A,0.005,0.001,0.005,0.020,0.028,0.000,0.001,0.361,0.001,0.144,0.084,0.000,0.004,0.006,0.000,0.340,0.340
TCGA-AK-3429-01A,0.009,0.001,0.014,0.011,0.052,0.000,0.024,0.211,0.000,0.135,0.141,0.000,0.000,0.001,0.000,0.401,0.401
TCGA-B0-4834-01A,0.018,0.000,0.000,0.000,0.000,0.000,0.000,0.209,0.001,0.179,0.039,0.000,0.000,0.001,0.000,0.553,0.553
TCGA-B0-4843-01A,0.000,0.000,0.005,0.000,0.000,0.000,0.010,0.267,0.106,0.318,0.061,0.000,0.003,0.003,0.000,0.225,0.225
TCGA-A3-3382-01A,0.001,0.001,0.010,0.020,0.017,0.000,0.000,0.188,0.010,0.134,0.150,0.000,0.007,0.010,0.000,0.451,0.451
TCGA-BP-4338-01A,0.006,0.000,0.001,0.000,0.000,0.000,0.000,0.052,0.002,0.034,0.248,0.000,0.000,0.000,0.000,0.656,0.656
TCGA-B4-5832-01A,0.004,0.000,0.000,0.006,0.003,0.000,0.001,0.172,0.059,0.123,0.184,0.000,0.000,0.015,0.000,0.432,0.432
TCGA-CW-6088-01A,0.000,0.000,0.002,0.007,0.000,0.001,0.002,0.422,0.012,0.149,0.095,0.004,0.009,0.018,0.000,0.277,0.277
TCGA-A3-A6NJ-01A,0.009,0.001,0.008,0.017,0.052,0.000,0.006,0.324,0.003,0.097,0.177,0.000,0.002,0.010,0.000,0.293,0.293
TCGA-B0-5088-01A,0.005,0.001,0.010,0.005,0.011,0.002,0.002,0.250,0.006,0.212,0.218,0.002,0.003,0.004,0.000,0.269,0.269
TCGA-A3-3308-01A,0.004,0.001,0.011,0.006,0.002,0.000,0.001,0.299,0.095,0.176,0.123,0.000,0.004,0.011,0.000,0.267,0.267
TCGA-CW-5589-01A,0.007,0.000,0.011,0.001,0.000,0.004,0.012,0.329,0.008,0.154,0.157,0.003,0.007,0.004,0.000,0.302,0.302
TCGA-B0-5702-01A,0.017,0.000,0.008,0.000,0.005,0.000,0.001,0.150,0.125,0.111,0.118,0.000,0.005,0.000,0.000,0.459,0.459
TCGA-BP-4169-01A,0.012,0.001,0.013,0.013,0.011,0.002,0.023,0.314,0.101,0.196,0.116,0.006,0.001,0.022,0.022,0.146,0.146
TCGA-CZ-5468-01A,0.000,0.000,0.020,0.001,0.004,0.000,0.000,0.123,0.071,0.121,0.172,0.000,0.005,0.002,0.000,0.480,0.480
TCGA-A3-3313-01A,0.005,0.000,0.000,0.000,0.000,0.000,0.000,0.095,0.034,0.081,0.113,0.000,0.000,0.009,0.000,0.662,0.662
TCGA-BP-4782-01A,0.003,0.000,0.016,0.014,0.014,0.000,0.000,0.260,0.008,0.167,0.181,0.000,0.007,0.003,0.000,0.328,0.328
TCGA-3Z-A93Z-01A,0.013,0.001,0.014,0.004,0.001,0.001,0.002,0.305,0.035,0.158,0.079,0.000,0.006,0.003,0.000,0.380,0.380
TCGA-CZ-5454-01A,0.000,0.000,0.000,0.002,0.000,0.000,0.000,0.174,0.000,0.081,0.376,0.000,0.000,0.001,0.000,0.364,0.364
TCGA-A3-3358-01A,0.024,0.001,0.012,0.011,0.016,0.000,0.009,0.197,0.005,0.094,0.239,0.001,0.003,0.004,0.000,0.384,0.384
TCGA-CJ-6031-01A,0.009,0.001,0.016,0.002,0.016,0.000,0.001,0.222,0.149,0.202,0.214,0.002,0.002,0.002,0.000,0.162,0.162
TCGA-BP-4790-01A,0.008,0.001,0.033,0.011,0.053,0.002,0.026,0.253,0.145,0.135,0.161,0.003,0.001,0.013,0.000,0.154,0.154
TCGA-B0-5699-01A,0.000,0.001,0.005,0.002,0.001,0.000,0.017,0.233,0.000,0.124,0.135,0.000,0.009,0.010,0.000,0.464,0.464
TCGA-CJ-4635-01A,0.007,0.001,0.024,0.027,0.051,0.000,0.000,0.198,0.038,0.085,0.190,0.003,0.002,0.006,0.000,0.368,0.368
TCGA-A3-A8CQ-01A,0.004,0.001,0.002,0.008,0.001,0.001,0.012,0.365,0.001,0.204,0.089,0.001,0.005,0.009,0.000,0.297,0.297
TCGA-AK-3447-01A,0.042,0.000,0.002,0.000,0.000,0.000,0.000,0.029,0.000,0.006,0.089,0.000,0.000,0.000,0.000,0.831,0.831
TCGA-BP-4159-01A,0.000,0.000,0.000,0.000,0.000,0.000,0.000,0.321,0.001,0.331,0.092,0.000,0.008,0.000,0.000,0.246,0.246
TCGA-B0-5698-01A,0.008,0.000,0.014,0.004,0.013,0.000,0.010,0.251,0.000,0.105,0.218,0.000,0.000,0.009,0.004,0.363,0.363
TCGA-A3-A8OU-01A,0.011,0.001,0.005,0.008,0.002,0.000,0.014,0.297,0.016,0.145,0.125,0.000,0.008,0.008,0.000,0.363,0.363
TCGA-A3-3380-01A,0.005,0.001,0.004,0.004,0.000,0.011,0.003,0.343,0.007,0.225,0.109,0.003,0.006,0.007,0.000,0.271,0.271
TCGA-BP-4998-01A,0.007,0.001,0.010,0.018,0.020,0.001,0.027,0.262,0.089,0.158,0.171,0.005,0.006,0.013,0.000,0.213,0.213
TCGA-A3-3383-01A,0.011,0.001,0.012,0.005,0.013,0.000,0.026,0.203,0.001,0.134,0.142,0.000,0.007,0.001,0.000,0.446,0.446
TCGA-BP-4353-01A,0.000,0.000,0.008,0.015,0.022,0.001,0.000,0.382,0.013,0.137,0.214,0.006,0.002,0.007,0.000,0.192,0.192
TCGA-CJ-5686-01A,0.009,0.001,0.012,0.007,0.010,0.000,0.009,0.235,0.007,0.116,0.188,0.000,0.001,0.009,0.000,0.397,0.397
TCGA-EU-5907-01A,0.004,0.000,0.003,0.002,0.000,0.000,0.000,0.124,0.019,0.066,0.151,0.000,0.000,0.005,0.000,0.625,0.625
TCGA-B0-4703-01A,0.001,0.000,0.017,0.028,0.021,0.000,0.003,0.212,0.283,0.179,0.105,0.000,0.002,0.008,0.000,0.141,0.141
TCGA-B0-5119-01A,0.000,0.001,0.001,0.011,0.017,0.000,0.000,0.333,0.001,0.175,0.109,0.000,0.001,0.007,0.000,0.344,0.344
TCGA-B0-4822-01A,0.011,0.001,0.008,0.003,0.014,0.000,0.000,0.336,0.074,0.166,0.158,0.000,0.007,0.001,0.000,0.219,0.219
TCGA-B4-5835-01A,0.007,0.000,0.000,0.007,0.007,0.000,0.000,0.037,0.017,0.005,0.200,0.000,0.000,0.001,0.000,0.718,0.718
TCGA-CZ-5460-01A,0.012,0.000,0.018,0.002,0.018,0.000,0.001,0.217,0.000,0.129,0.168,0.000,0.000,0.003,0.000,0.433,0.433
TCGA-B2-3924-01A,0.014,0.003,0.019,0.042,0.063,0.000,0.004,0.202,0.000,0.082,0.216,0.000,0.000,0.010,0.000,0.345,0.345
TCGA-CJ-4870-01A,0.006,0.000,0.000,0.000,0.000,0.000,0.000,0.359,0.000,0.225,0.090,0.002,0.000,0.001,0.003,0.313,0.313
TCGA-B8-4619-01A,0.021,0.000,0.001,0.000,0.000,0.000,0.000,0.130,0.003,0.113,0.045,0.001,0.000,0.002,0.000,0.682,0.682
TCGA-BP-5201-01A,0.010,0.001,0.016,0.024,0.044,0.000,0.009,0.176,0.000,0.162,0.125,0.000,0.000,0.003,0.000,0.429,0.429
TCGA-B8-A54J-01A,0.008,0.001,0.014,0.014,0.017,0.000,0.001,0.424,0.000,0.194,0.089,0.001,0.007,0.007,0.001,0.222,0.222
TCGA-CZ-5456-01A,0.026,0.001,0.011,0.006,0.008,0.000,0.000,0.089,0.122,0.037,0.215,0.000,0.004,0.005,0.000,0.476,0.476
TCGA-B0-4688-01A,0.006,0.000,0.011,0.015,0.001,0.000,0.000,0.047,0.333,0.001,0.115,0.000,0.003,0.005,0.000,0.464,0.464
TCGA-A3-3317-01A,0.005,0.001,0.014,0.009,0.018,0.000,0.011,0.187,0.093,0.169,0.142,0.004,0.001,0.010,0.000,0.337,0.337
TCGA-B0-5400-01A,0.019,0.001,0.010,0.003,0.009,0.000,0.001,0.063,0.168,0.196,0.184,0.000,0.010,0.008,0.000,0.328,0.328
TCGA-G6-A5PC-01A,0.009,0.000,0.001,0.000,0.012,0.000,0.000,0.096,0.001,0.070,0.135,0.000,0.000,0.000,0.000,0.676,0.676
TCGA-B0-5100-01A,0.000,0.000,0.004,0.000,0.000,0.000,0.000,0.177,0.212,0.398,0.018,0.000,0.010,0.002,0.000,0.178,0.178
TCGA-CW-5585-01A,0.000,0.000,0.002,0.000,0.000,0.000,0.000,0.295,0.001,0.190,0.061,0.000,0.006,0.006,0.000,0.437,0.437
TCGA-BP-4343-01A,0.011,0.001,0.021,0.003,0.016,0.000,0.002,0.127,0.204,0.118,0.230,0.000,0.005,0.001,0.000,0.259,0.259
TCGA-B2-5636-01A,0.006,0.001,0.013,0.000,0.000,0.008,0.002,0.402,0.051,0.158,0.083,0.007,0.007,0.012,0.000,0.250,0.250
TCGA-B0-5081-01A,0.038,0.001,0.041,0.013,0.046,0.000,0.038,0.172,0.058,0.215,0.185,0.000,0.000,0.004,0.001,0.188,0.188
TCGA-CW-5580-01A,0.000,0.000,0.005,0.001,0.000,0.000,0.001,0.300,0.015,0.160,0.149,0.002,0.003,0.013,0.000,0.349,0.349
TCGA-B2-3924-01A.1,0.014,0.003,0.019,0.042,0.063,0.000,0.004,0.202,0.000,0.082,0.216,0.000,0.000,0.010,0.000,0.345,0.345
TCGA-CJ-6027-01A,0.016,0.001,0.024,0.040,0.044,0.000,0.000,0.059,0.017,0.070,0.210,0.000,0.010,0.002,0.000,0.505,0.505
TCGA-B0-5075-01A,0.002,0.000,0.000,0.005,0.018,0.000,0.000,0.066,0.000,0.069,0.375,0.000,0.000,0.007,0.000,0.456,0.456
TCGA-BP-5200-01A,0.008,0.000,0.005,0.003,0.028,0.000,0.001,0.333,0.045,0.166,0.161,0.000,0.000,0.013,0.000,0.235,0.235
TCGA-BP-4158-01A,0.000,0.000,0.000,0.004,0.000,0.000,0.000,0.299,0.001,0.221,0.092,0.000,0.009,0.004,0.000,0.370,0.370
TCGA-BP-5173-01A,0.000,0.000,0.013,0.004,0.030,0.000,0.002,0.222,0.000,0.188,0.125,0.000,0.000,0.001,0.000,0.414,0.414
TCGA-B0-4710-01A,0.017,0.006,0.007,0.006,0.012,0.001,0.001,0.252,0.029,0.166,0.080,0.004,0.010,0.018,0.001,0.390,0.390
TCGA-A3-3367-01A,0.000,0.000,0.001,0.005,0.000,0.001,0.015,0.221,0.001,0.139,0.150,0.001,0.001,0.009,0.000,0.456,0.456
TCGA-BP-4344-01A,0.000,0.000,0.000,0.000,0.000,0.000,0.014,0.414,0.023,0.269,0.112,0.000,0.005,0.010,0.002,0.148,0.148
TCGA-A3-3335-01A,0.011,0.000,0.001,0.001,0.000,0.000,0.000,0.085,0.001,0.101,0.127,0.000,0.000,0.003,0.000,0.669,0.669
TCGA-B0-5099-01A,0.006,0.000,0.000,0.002,0.000,0.000,0.000,0.337,0.000,0.158,0.042,0.000,0.000,0.005,0.000,0.448,0.448
TCGA-AK-3427-01A,0.031,0.000,0.001,0.000,0.000,0.000,0.000,0.064,0.000,0.071,0.041,0.000,0.000,0.000,0.000,0.790,0.790
TCGA-DV-A4W0-01A,0.003,0.000,0.000,0.004,0.000,0.000,0.001,0.291,0.001,0.194,0.096,0.000,0.000,0.009,0.000,0.401,0.401
TCGA-B8-4143-01A,0.019,0.001,0.051,0.037,0.032,0.000,0.002,0.137,0.007,0.177,0.145,0.000,0.000,0.008,0.001,0.382,0.382
TCGA-B8-A54K-01A,0.001,0.000,0.000,0.000,0.000,0.005,0.000,0.233,0.003,0.147,0.019,0.001,0.004,0.008,0.000,0.577,0.577
TCGA-A3-3311-01A,0.013,0.000,0.004,0.006,0.010,0.000,0.000,0.211,0.027,0.118,0.200,0.000,0.000,0.010,0.000,0.401,0.401
TCGA-CZ-4854-01A,0.020,0.001,0.005,0.016,0.001,0.000,0.001,0.123,0.091,0.100,0.116,0.000,0.010,0.006,0.000,0.511,0.511
TCGA-B8-4153-01B,0.003,0.000,0.000,0.002,0.000,0.000,0.000,0.377,0.001,0.139,0.085,0.000,0.000,0.003,0.000,0.390,0.390
TCGA-B2-A4SR-01A,0.001,0.001,0.021,0.018,0.013,0.001,0.015,0.428,0.000,0.175,0.093,0.003,0.005,0.009,0.000,0.216,0.216
TCGA-CZ-5989-01A,0.000,0.000,0.000,0.032,0.019,0.000,0.001,0.340,0.000,0.151,0.182,0.018,0.000,0.015,0.000,0.240,0.240
TCGA-CZ-5470-01A,0.011,0.000,0.009,0.011,0.015,0.000,0.007,0.137,0.000,0.110,0.215,0.000,0.000,0.001,0.000,0.484,0.484
TCGA-BP-4349-01A,0.001,0.001,0.003,0.004,0.004,0.000,0.001,0.383,0.001,0.261,0.063,0.000,0.006,0.005,0.000,0.265,0.265
TCGA-A3-3307-01A,0.002,0.001,0.002,0.022,0.011,0.000,0.001,0.313,0.000,0.170,0.144,0.002,0.000,0.011,0.000,0.321,0.321
TCGA-CJ-4641-01A,0.010,0.001,0.034,0.052,0.051,0.000,0.039,0.110,0.069,0.099,0.189,0.000,0.001,0.007,0.000,0.339,0.339
TCGA-B0-5098-01A,0.000,0.000,0.000,0.002,0.000,0.000,0.000,0.035,0.049,0.032,0.012,0.001,0.000,0.003,0.000,0.865,0.865
TCGA-B0-4699-01A,0.000,0.000,0.030,0.036,0.028,0.000,0.000,0.047,0.149,0.023,0.167,0.004,0.000,0.004,0.000,0.510,0.510
TCGA-BP-5199-01A,0.004,0.001,0.027,0.023,0.078,0.000,0.012,0.210,0.085,0.265,0.124,0.002,0.003,0.006,0.000,0.161,0.161
TCGA-BP-4337-01A,0.019,0.001,0.014,0.002,0.006,0.000,0.000,0.149,0.236,0.236,0.084,0.001,0.000,0.002,0.000,0.249,0.249
TCGA-CZ-4853-01A,0.008,0.000,0.009,0.007,0.000,0.000,0.000,0.176,0.000,0.130,0.122,0.000,0.000,0.003,0.000,0.544,0.544
TCGA-B0-5115-01A,0.005,0.000,0.004,0.008,0.000,0.017,0.012,0.344,0.010,0.194,0.113,0.001,0.004,0.013,0.000,0.273,0.273
TCGA-B8-A54G-01A,0.003,0.001,0.038,0.029,0.085,0.000,0.056,0.067,0.000,0.034,0.314,0.000,0.000,0.010,0.000,0.362,0.362
TCGA-CZ-4861-01A,0.002,0.000,0.013,0.003,0.007,0.000,0.000,0.083,0.002,0.058,0.367,0.000,0.000,0.009,0.000,0.456,0.456
TCGA-B8-5545-01A,0.003,0.001,0.014,0.002,0.008,0.001,0.002,0.307,0.123,0.155,0.176,0.004,0.004,0.010,0.000,0.191,0.191
TCGA-CJ-4892-01A,0.005,0.001,0.016,0.026,0.054,0.000,0.001,0.213,0.011,0.231,0.111,0.000,0.011,0.007,0.000,0.313,0.313
TCGA-CJ-5678-01A,0.049,0.000,0.009,0.002,0.047,0.000,0.021,0.137,0.000,0.064,0.230,0.000,0.000,0.000,0.000,0.439,0.439
TCGA-AK-3433-01A,0.021,0.000,0.001,0.000,0.000,0.000,0.000,0.074,0.000,0.043,0.086,0.000,0.000,0.000,0.000,0.775,0.775
TCGA-B8-4621-01A,0.004,0.001,0.000,0.000,0.003,0.000,0.000,0.043,0.002,0.000,0.206,0.000,0.000,0.008,0.000,0.732,0.732
TCGA-BP-4967-01A,0.005,0.000,0.000,0.006,0.000,0.000,0.000,0.169,0.012,0.123,0.138,0.003,0.000,0.007,0.000,0.535,0.535
TCGA-A3-3320-01A,0.005,0.001,0.002,0.014,0.007,0.000,0.000,0.278,0.000,0.205,0.125,0.005,0.000,0.018,0.000,0.339,0.339
TCGA-B8-A54D-01A,0.001,0.001,0.005,0.048,0.067,0.000,0.001,0.126,0.001,0.059,0.250,0.000,0.000,0.010,0.000,0.432,0.432
TCGA-B2-4098-01A,0.021,0.000,0.002,0.001,0.001,0.000,0.000,0.024,0.001,0.003,0.240,0.000,0.000,0.010,0.000,0.696,0.696
TCGA-A3-3374-01A,0.024,0.000,0.008,0.000,0.000,0.000,0.000,0.026,0.001,0.034,0.455,0.006,0.000,0.000,0.000,0.445,0.445
TCGA-BP-5000-01A,0.015,0.000,0.010,0.001,0.021,0.000,0.012,0.227,0.042,0.230,0.125,0.000,0.000,0.000,0.000,0.316,0.316
TCGA-A3-A6NI-01A,0.000,0.000,0.000,0.003,0.000,0.000,0.003,0.199,0.020,0.103,0.157,0.000,0.007,0.005,0.000,0.502,0.502
TCGA-B0-4824-01A,0.007,0.001,0.004,0.039,0.033,0.000,0.003,0.266,0.001,0.116,0.201,0.000,0.003,0.007,0.000,0.319,0.319
TCGA-BP-4975-01A,0.007,0.000,0.000,0.000,0.000,0.001,0.000,0.262,0.014,0.191,0.141,0.000,0.000,0.007,0.000,0.375,0.375
TCGA-BP-4330-01A,0.033,0.005,0.021,0.035,0.043,0.000,0.027,0.231,0.006,0.170,0.145,0.000,0.013,0.015,0.001,0.255,0.255
TCGA-B0-4841-01A,0.000,0.000,0.000,0.000,0.000,0.000,0.000,0.444,0.005,0.229,0.060,0.000,0.001,0.000,0.000,0.260,0.260
TCGA-B8-5551-01A,0.044,0.001,0.056,0.005,0.061,0.000,0.027,0.064,0.020,0.022,0.354,0.000,0.002,0.010,0.000,0.335,0.335
TCGA-AK-3440-01A,0.020,0.000,0.003,0.000,0.000,0.000,0.000,0.069,0.000,0.057,0.054,0.000,0.000,0.000,0.000,0.797,0.797
TCGA-BP-5169-01A,0.206,0.000,0.009,0.000,0.017,0.000,0.000,0.081,0.050,0.136,0.154,0.000,0.000,0.001,0.000,0.344,0.344
TCGA-BP-4770-01A,0.000,0.000,0.015,0.000,0.010,0.000,0.000,0.061,0.693,0.003,0.102,0.000,0.000,0.001,0.000,0.114,0.114
TCGA-B4-5838-01A,0.005,0.000,0.009,0.004,0.002,0.000,0.000,0.151,0.061,0.162,0.107,0.000,0.000,0.004,0.000,0.495,0.495
TCGA-B0-4815-01A,0.116,0.016,0.024,0.020,0.063,0.000,0.013,0.116,0.028,0.088,0.169,0.000,0.009,0.014,0.001,0.323,0.323
TCGA-B0-4838-01A,0.010,0.001,0.019,0.018,0.077,0.000,0.011,0.220,0.000,0.159,0.135,0.000,0.000,0.012,0.000,0.338,0.338
TCGA-BP-5177-01A,0.005,0.000,0.002,0.003,0.001,0.000,0.003,0.282,0.074,0.423,0.031,0.000,0.005,0.000,0.000,0.171,0.171
TCGA-CJ-4639-01A,0.006,0.001,0.011,0.033,0.044,0.000,0.003,0.347,0.000,0.155,0.101,0.000,0.007,0.010,0.000,0.279,0.279
TCGA-CZ-4865-01A,0.010,0.001,0.010,0.006,0.015,0.000,0.005,0.249,0.053,0.159,0.168,0.000,0.013,0.004,0.000,0.307,0.307
TCGA-BP-5180-01A,0.015,0.000,0.006,0.004,0.000,0.000,0.005,0.122,0.001,0.057,0.182,0.000,0.000,0.000,0.000,0.608,0.608
TCGA-DV-5567-01A,0.000,0.000,0.001,0.000,0.000,0.000,0.000,0.279,0.001,0.197,0.046,0.003,0.000,0.006,0.000,0.464,0.464
TCGA-BP-4992-01A,0.004,0.000,0.009,0.025,0.103,0.000,0.032,0.160,0.001,0.114,0.136,0.000,0.000,0.006,0.000,0.411,0.411
TCGA-B2-5633-01A,0.006,0.001,0.020,0.005,0.013,0.001,0.015,0.285,0.010,0.159,0.175,0.004,0.007,0.010,0.000,0.288,0.288
TCGA-CJ-5675-01A,0.007,0.001,0.018,0.009,0.076,0.000,0.002,0.146,0.000,0.056,0.238,0.000,0.000,0.005,0.000,0.442,0.442
TCGA-B0-4701-01A,0.009,0.001,0.017,0.030,0.003,0.001,0.018,0.175,0.001,0.190,0.112,0.003,0.000,0.007,0.000,0.433,0.433
TCGA-BP-4784-01A,0.009,0.000,0.007,0.001,0.000,0.001,0.008,0.302,0.069,0.246,0.047,0.005,0.001,0.002,0.000,0.302,0.302
TCGA-B4-5843-01A,0.000,0.000,0.000,0.001,0.000,0.000,0.000,0.236,0.009,0.197,0.122,0.000,0.000,0.004,0.000,0.429,0.429
TCGA-B0-5705-01A,0.009,0.001,0.018,0.006,0.019,0.000,0.001,0.254,0.000,0.136,0.144,0.000,0.000,0.006,0.000,0.405,0.405
TCGA-BP-4965-01A,0.000,0.000,0.007,0.005,0.007,0.000,0.000,0.353,0.000,0.185,0.133,0.004,0.000,0.007,0.000,0.297,0.297
TCGA-B0-5085-01A,0.003,0.000,0.000,0.001,0.000,0.000,0.000,0.254,0.001,0.195,0.114,0.000,0.005,0.000,0.000,0.426,0.426
TCGA-B0-5113-01A,0.010,0.004,0.014,0.014,0.013,0.001,0.008,0.278,0.017,0.187,0.142,0.006,0.000,0.012,0.000,0.292,0.292
TCGA-CW-5581-01A,0.006,0.000,0.012,0.005,0.010,0.000,0.003,0.282,0.000,0.114,0.104,0.000,0.000,0.005,0.000,0.458,0.458
TCGA-AK-3454-01A,0.013,0.001,0.006,0.004,0.014,0.000,0.001,0.298,0.100,0.148,0.146,0.000,0.006,0.002,0.000,0.263,0.263
TCGA-BP-4989-01A,0.010,0.004,0.007,0.041,0.102,0.000,0.007,0.124,0.023,0.209,0.265,0.000,0.001,0.008,0.000,0.199,0.199
TCGA-AK-3456-01A,0.001,0.000,0.000,0.000,0.000,0.000,0.000,0.051,0.012,0.004,0.180,0.000,0.000,0.006,0.000,0.745,0.745
TCGA-A3-3370-01A,0.005,0.001,0.013,0.034,0.032,0.000,0.006,0.226,0.006,0.214,0.168,0.000,0.000,0.013,0.000,0.282,0.282
TCGA-DV-5565-01A,0.000,0.000,0.000,0.000,0.001,0.000,0.000,0.447,0.015,0.195,0.103,0.000,0.000,0.003,0.000,0.233,0.233
TCGA-BP-4795-01A,0.006,0.001,0.013,0.001,0.001,0.024,0.030,0.292,0.197,0.211,0.066,0.005,0.005,0.009,0.000,0.140,0.140
TCGA-B0-5083-01A,0.007,0.000,0.005,0.001,0.000,0.000,0.000,0.091,0.108,0.176,0.275,0.000,0.000,0.000,0.000,0.336,0.336
TCGA-BP-4789-01A,0.000,0.000,0.001,0.001,0.000,0.003,0.000,0.440,0.043,0.237,0.064,0.005,0.004,0.006,0.000,0.195,0.195
TCGA-B8-5163-01A,0.012,0.001,0.040,0.014,0.033,0.000,0.001,0.226,0.174,0.142,0.206,0.000,0.002,0.010,0.001,0.139,0.139
TCGA-CJ-6033-01A,0.011,0.000,0.010,0.000,0.000,0.000,0.000,0.224,0.015,0.252,0.102,0.000,0.006,0.001,0.001,0.377,0.377
TCGA-BP-4756-01A,0.012,0.001,0.007,0.004,0.008,0.000,0.006,0.050,0.001,0.065,0.133,0.000,0.000,0.006,0.000,0.707,0.707
TCGA-A3-3362-01A,0.004,0.000,0.003,0.011,0.001,0.000,0.000,0.271,0.034,0.200,0.109,0.000,0.000,0.009,0.000,0.358,0.358
TCGA-BP-4355-01A,0.004,0.000,0.001,0.003,0.000,0.003,0.000,0.435,0.003,0.378,0.061,0.001,0.000,0.008,0.000,0.102,0.102
TCGA-B0-4852-01A,0.009,0.001,0.004,0.008,0.003,0.000,0.001,0.273,0.007,0.160,0.092,0.003,0.005,0.011,0.000,0.423,0.423
TCGA-A3-A6NL-01A,0.006,0.001,0.016,0.012,0.011,0.000,0.005,0.370,0.001,0.192,0.136,0.000,0.010,0.010,0.001,0.231,0.231
TCGA-BP-4801-01A,0.001,0.000,0.002,0.007,0.002,0.001,0.000,0.256,0.106,0.141,0.263,0.006,0.001,0.007,0.000,0.206,0.206
TCGA-A3-3347-01A,0.010,0.001,0.017,0.030,0.014,0.000,0.008,0.137,0.251,0.071,0.223,0.000,0.005,0.012,0.001,0.219,0.219
TCGA-B2-3924-01B,0.006,0.032,0.008,0.090,0.028,0.001,0.004,0.270,0.002,0.145,0.122,0.014,0.001,0.035,0.001,0.242,0.242
TCGA-G6-A8L8-01A,0.010,0.000,0.000,0.000,0.000,0.000,0.012,0.271,0.001,0.144,0.026,0.000,0.006,0.004,0.000,0.524,0.524
TCGA-MM-A564-01A,0.000,0.000,0.000,0.000,0.000,0.000,0.000,0.317,0.062,0.236,0.026,0.000,0.020,0.000,0.002,0.336,0.336
TCGA-BP-4775-01A,0.012,0.001,0.012,0.013,0.007,0.002,0.009,0.230,0.000,0.161,0.120,0.005,0.000,0.013,0.001,0.413,0.413
TCGA-B0-5703-01A,0.002,0.000,0.001,0.000,0.016,0.000,0.000,0.159,0.000,0.298,0.032,0.000,0.023,0.002,0.000,0.465,0.465
TCGA-CZ-5463-01A,0.002,0.001,0.001,0.010,0.014,0.000,0.000,0.197,0.000,0.079,0.169,0.000,0.000,0.005,0.000,0.520,0.520
TCGA-B4-5844-01A,0.000,0.000,0.003,0.001,0.000,0.000,0.000,0.515,0.000,0.178,0.057,0.001,0.005,0.013,0.002,0.223,0.223
TCGA-BP-4963-01A,0.003,0.001,0.005,0.022,0.002,0.000,0.002,0.250,0.000,0.157,0.233,0.000,0.000,0.013,0.000,0.311,0.311
TCGA-B8-5546-01A,0.001,0.002,0.002,0.004,0.000,0.000,0.000,0.103,0.029,0.057,0.085,0.004,0.000,0.003,0.000,0.710,0.710
TCGA-B8-5165-01A,0.005,0.000,0.008,0.006,0.001,0.011,0.001,0.370,0.035,0.187,0.119,0.010,0.000,0.009,0.000,0.238,0.238
TCGA-CW-5587-01A,0.007,0.001,0.030,0.019,0.046,0.000,0.002,0.223,0.003,0.142,0.256,0.000,0.001,0.009,0.000,0.260,0.260
TCGA-BP-4983-01A,0.026,0.001,0.048,0.011,0.094,0.000,0.001,0.039,0.143,0.003,0.257,0.000,0.000,0.007,0.000,0.370,0.370
TCGA-BP-4177-01A,0.003,0.000,0.002,0.000,0.000,0.007,0.004,0.225,0.082,0.194,0.035,0.002,0.000,0.004,0.000,0.440,0.440
TCGA-B8-4151-01A,0.005,0.000,0.000,0.001,0.000,0.000,0.000,0.223,0.001,0.109,0.105,0.000,0.000,0.002,0.000,0.553,0.553
TCGA-MM-A84U-01A,0.007,0.000,0.005,0.001,0.001,0.000,0.001,0.172,0.115,0.173,0.152,0.000,0.008,0.000,0.000,0.365,0.365
TCGA-A3-3365-01A,0.001,0.001,0.006,0.007,0.004,0.002,0.008,0.374,0.046,0.231,0.087,0.013,0.009,0.009,0.000,0.204,0.204
TCGA-BP-4807-01A,0.000,0.000,0.001,0.000,0.000,0.000,0.000,0.168,0.074,0.154,0.238,0.000,0.005,0.008,0.000,0.350,0.350
TCGA-A3-A8OW-01A,0.007,0.001,0.011,0.024,0.016,0.000,0.001,0.434,0.000,0.192,0.083,0.004,0.000,0.008,0.000,0.220,0.220
TCGA-CZ-4859-01A,0.010,0.000,0.001,0.001,0.000,0.000,0.000,0.214,0.000,0.154,0.080,0.000,0.000,0.003,0.000,0.537,0.537
TCGA-CZ-5453-01A,0.007,0.000,0.000,0.000,0.000,0.000,0.000,0.280,0.000,0.139,0.085,0.000,0.001,0.003,0.000,0.483,0.483
TCGA-B2-5633-01B,0.009,0.024,0.031,0.063,0.007,0.007,0.025,0.247,0.035,0.134,0.165,0.017,0.009,0.035,0.001,0.190,0.190
TCGA-CZ-5458-01A,0.002,0.001,0.017,0.005,0.012,0.001,0.016,0.343,0.001,0.155,0.121,0.000,0.000,0.005,0.000,0.322,0.322
TCGA-BP-4354-01A,0.000,0.000,0.024,0.020,0.022,0.000,0.000,0.115,0.172,0.068,0.321,0.000,0.001,0.033,0.046,0.179,0.179
TCGA-B8-A54E-01A,0.011,0.000,0.007,0.000,0.000,0.000,0.001,0.037,0.000,0.023,0.172,0.000,0.000,0.002,0.000,0.745,0.745
TCGA-DV-5568-01A,0.000,0.000,0.004,0.003,0.025,0.000,0.001,0.199,0.084,0.182,0.144,0.000,0.000,0.002,0.000,0.356,0.356
TCGA-B8-5162-01A,0.081,0.001,0.022,0.001,0.047,0.000,0.001,0.198,0.090,0.133,0.330,0.000,0.000,0.011,0.000,0.083,0.083
TCGA-AK-3460-01A,0.003,0.000,0.000,0.004,0.001,0.000,0.000,0.326,0.002,0.184,0.130,0.001,0.009,0.005,0.000,0.334,0.334
TCGA-CJ-5677-01A,0.009,0.000,0.006,0.000,0.003,0.000,0.000,0.120,0.210,0.080,0.226,0.000,0.000,0.000,0.000,0.344,0.344
TCGA-CZ-4866-01A,0.006,0.000,0.002,0.004,0.000,0.000,0.000,0.126,0.000,0.065,0.229,0.000,0.000,0.003,0.000,0.564,0.564
TCGA-B0-4817-01A,0.024,0.000,0.003,0.002,0.001,0.000,0.000,0.043,0.028,0.039,0.096,0.000,0.001,0.056,0.000,0.708,0.708
TCGA-CJ-6028-01A,0.030,0.001,0.031,0.014,0.065,0.000,0.000,0.190,0.017,0.108,0.207,0.000,0.000,0.016,0.001,0.320,0.320
TCGA-B2-4102-01A,0.010,0.001,0.019,0.009,0.001,0.001,0.028,0.257,0.000,0.132,0.193,0.002,0.010,0.017,0.001,0.319,0.319
TCGA-B0-4844-01A,0.011,0.000,0.016,0.013,0.006,0.000,0.000,0.083,0.037,0.125,0.111,0.000,0.000,0.002,0.000,0.594,0.594
TCGA-BP-5184-01A,0.000,0.000,0.000,0.007,0.013,0.000,0.001,0.290,0.029,0.232,0.144,0.000,0.001,0.004,0.000,0.277,0.277
TCGA-BP-5168-01A,0.000,0.000,0.001,0.001,0.006,0.000,0.000,0.310,0.000,0.255,0.100,0.000,0.000,0.002,0.000,0.324,0.324
TCGA-BP-4160-01A,0.009,0.001,0.009,0.009,0.066,0.000,0.002,0.194,0.014,0.124,0.234,0.000,0.000,0.004,0.000,0.335,0.335
TCGA-BP-5190-01A,0.003,0.000,0.000,0.004,0.000,0.000,0.000,0.128,0.001,0.122,0.125,0.000,0.000,0.000,0.000,0.616,0.616
TCGA-CW-6087-01A,0.007,0.001,0.052,0.031,0.087,0.000,0.001,0.032,0.039,0.010,0.361,0.000,0.000,0.014,0.001,0.366,0.366
TCGA-CZ-5465-01A,0.008,0.000,0.000,0.001,0.000,0.000,0.000,0.241,0.000,0.139,0.098,0.002,0.000,0.004,0.000,0.506,0.506
TCGA-BP-5202-01A,0.000,0.000,0.000,0.002,0.000,0.000,0.000,0.299,0.000,0.169,0.153,0.000,0.002,0.006,0.000,0.368,0.368
TCGA-B0-4847-01A,0.011,0.000,0.004,0.038,0.064,0.000,0.038,0.153,0.000,0.106,0.190,0.000,0.000,0.004,0.000,0.391,0.391
TCGA-B0-4712-01A,0.009,0.000,0.016,0.011,0.009,0.000,0.000,0.104,0.158,0.155,0.173,0.000,0.000,0.000,0.000,0.365,0.365
TCGA-BP-4352-01A,0.009,0.000,0.000,0.004,0.000,0.000,0.000,0.041,0.177,0.033,0.021,0.000,0.000,0.001,0.000,0.713,0.713
TCGA-BP-4787-01A,0.004,0.001,0.008,0.004,0.008,0.000,0.001,0.135,0.193,0.087,0.238,0.000,0.003,0.009,0.000,0.310,0.310
TCGA-CZ-5459-01A,0.005,0.000,0.006,0.009,0.010,0.000,0.000,0.212,0.001,0.119,0.139,0.000,0.000,0.001,0.000,0.498,0.498
TCGA-B0-4837-01A,0.000,0.000,0.006,0.000,0.001,0.000,0.000,0.185,0.115,0.198,0.101,0.000,0.006,0.002,0.000,0.385,0.385
TCGA-BP-4970-01A,0.001,0.000,0.012,0.010,0.018,0.000,0.018,0.286,0.101,0.156,0.188,0.000,0.000,0.009,0.000,0.200,0.200
TCGA-B0-5700-01A,0.006,0.000,0.002,0.003,0.002,0.000,0.000,0.315,0.000,0.132,0.130,0.000,0.000,0.000,0.000,0.408,0.408
TCGA-AK-3425-01A,0.006,0.000,0.008,0.001,0.018,0.000,0.002,0.184,0.087,0.130,0.251,0.000,0.001,0.002,0.000,0.308,0.308
TCGA-B2-5633-01A.1,0.006,0.001,0.020,0.005,0.013,0.001,0.015,0.285,0.010,0.159,0.175,0.004,0.007,0.010,0.000,0.288,0.288
TCGA-B0-5117-01A,0.019,0.000,0.002,0.000,0.000,0.000,0.000,0.101,0.001,0.126,0.054,0.000,0.000,0.000,0.000,0.697,0.697
TCGA-B0-5121-01A,0.000,0.000,0.000,0.000,0.006,0.000,0.000,0.390,0.000,0.321,0.087,0.000,0.004,0.002,0.000,0.186,0.186
TCGA-CJ-4881-01A,0.026,0.001,0.011,0.002,0.013,0.000,0.002,0.137,0.137,0.121,0.165,0.000,0.007,0.009,0.001,0.369,0.369
TCGA-AK-3436-01A,0.012,0.000,0.002,0.005,0.000,0.000,0.000,0.151,0.036,0.171,0.089,0.000,0.000,0.000,0.000,0.534,0.534
TCGA-BP-4964-01A,0.005,0.001,0.009,0.010,0.001,0.000,0.007,0.241,0.003,0.217,0.112,0.000,0.007,0.005,0.000,0.383,0.383
TCGA-BP-4760-01A,0.000,0.000,0.004,0.000,0.000,0.002,0.001,0.204,0.087,0.220,0.067,0.009,0.000,0.007,0.000,0.398,0.398
TCGA-B2-5635-01A,0.007,0.001,0.010,0.027,0.026,0.000,0.003,0.219,0.001,0.087,0.234,0.006,0.001,0.010,0.000,0.368,0.368
TCGA-A3-3325-01A,0.011,0.000,0.006,0.001,0.000,0.007,0.025,0.268,0.026,0.161,0.124,0.005,0.000,0.009,0.000,0.356,0.356
TCGA-B8-5159-01A,0.006,0.000,0.002,0.013,0.020,0.000,0.000,0.192,0.001,0.146,0.121,0.000,0.000,0.006,0.000,0.492,0.492
TCGA-MM-A563-01A,0.018,0.001,0.033,0.018,0.016,0.000,0.038,0.215,0.174,0.136,0.160,0.000,0.001,0.007,0.001,0.183,0.183
TCGA-A3-3343-01A,0.009,0.001,0.011,0.003,0.000,0.000,0.027,0.249,0.000,0.088,0.183,0.000,0.010,0.014,0.001,0.404,0.404
TCGA-BP-4163-01A,0.002,0.000,0.005,0.005,0.004,0.000,0.000,0.161,0.017,0.167,0.197,0.000,0.000,0.010,0.000,0.430,0.430
TCGA-B0-5092-01A,0.011,0.000,0.031,0.042,0.091,0.000,0.031,0.133,0.008,0.177,0.115,0.000,0.000,0.005,0.000,0.354,0.354
TCGA-BP-4174-01A,0.014,0.000,0.007,0.001,0.006,0.000,0.000,0.119,0.000,0.119,0.198,0.000,0.000,0.004,0.000,0.530,0.530
TCGA-BP-4986-01A,0.012,0.001,0.020,0.009,0.001,0.002,0.003,0.226,0.201,0.124,0.165,0.003,0.007,0.012,0.000,0.214,0.214
TCGA-B0-4696-01A,0.000,0.000,0.002,0.001,0.001,0.000,0.000,0.055,0.397,0.063,0.049,0.000,0.000,0.002,0.000,0.430,0.430
TCGA-CZ-4856-01A,0.014,0.001,0.015,0.007,0.021,0.000,0.001,0.322,0.000,0.181,0.142,0.000,0.008,0.002,0.000,0.287,0.287
TCGA-CJ-4873-01A,0.015,0.001,0.008,0.011,0.025,0.000,0.003,0.119,0.051,0.087,0.298,0.000,0.008,0.001,0.000,0.373,0.373
TCGA-B0-5693-01A,0.005,0.000,0.000,0.001,0.000,0.001,0.000,0.395,0.000,0.219,0.073,0.005,0.000,0.007,0.000,0.291,0.291
TCGA-AK-3451-01A,0.013,0.000,0.000,0.001,0.011,0.000,0.002,0.119,0.000,0.074,0.165,0.000,0.000,0.000,0.000,0.614,0.614
TCGA-BP-4762-01A,0.009,0.001,0.008,0.002,0.006,0.015,0.012,0.252,0.191,0.158,0.152,0.003,0.000,0.005,0.000,0.186,0.186
TCGA-AS-3778-01A,0.001,0.000,0.004,0.010,0.002,0.000,0.001,0.273,0.028,0.193,0.121,0.000,0.002,0.009,0.000,0.356,0.356
TCGA-CZ-5457-01A,0.017,0.000,0.000,0.002,0.008,0.000,0.000,0.295,0.000,0.133,0.184,0.000,0.000,0.001,0.000,0.358,0.358
TCGA-B2-5639-01A,0.015,0.000,0.006,0.008,0.000,0.000,0.015,0.130,0.001,0.052,0.184,0.000,0.003,0.003,0.000,0.582,0.582
TCGA-B0-4811-01A,0.009,0.000,0.000,0.001,0.000,0.000,0.001,0.186,0.007,0.233,0.065,0.000,0.000,0.001,0.000,0.496,0.496
TCGA-CJ-4899-01A,0.009,0.001,0.010,0.011,0.009,0.003,0.001,0.334,0.036,0.259,0.138,0.018,0.001,0.012,0.000,0.157,0.157
TCGA-B0-5096-01A,0.025,0.000,0.005,0.000,0.004,0.000,0.000,0.068,0.122,0.061,0.233,0.000,0.000,0.005,0.000,0.476,0.476
TCGA-BP-4331-01A,0.004,0.001,0.012,0.013,0.012,0.000,0.017,0.245,0.001,0.148,0.183,0.000,0.001,0.011,0.000,0.351,0.351
TCGA-B0-4693-01A,0.028,0.001,0.004,0.011,0.025,0.000,0.000,0.253,0.000,0.153,0.138,0.000,0.009,0.014,0.001,0.362,0.362
TCGA-CJ-4637-01A,0.038,0.001,0.037,0.052,0.092,0.000,0.026,0.086,0.042,0.065,0.231,0.000,0.001,0.010,0.001,0.319,0.319
TCGA-CJ-4916-01A,0.013,0.001,0.015,0.024,0.080,0.000,0.002,0.216,0.000,0.146,0.242,0.000,0.000,0.008,0.000,0.252,0.252
TCGA-CW-5591-01A,0.000,0.000,0.004,0.000,0.000,0.000,0.000,0.164,0.138,0.075,0.077,0.000,0.000,0.008,0.000,0.532,0.532
TCGA-BP-5008-01A,0.005,0.000,0.003,0.012,0.019,0.025,0.012,0.270,0.079,0.225,0.128,0.010,0.000,0.016,0.001,0.194,0.194
TCGA-CJ-4903-01A,0.012,0.001,0.002,0.007,0.012,0.000,0.002,0.227,0.014,0.150,0.191,0.000,0.000,0.006,0.000,0.377,0.377
TCGA-B0-4714-01A,0.001,0.001,0.003,0.033,0.045,0.000,0.009,0.245,0.001,0.199,0.179,0.000,0.027,0.008,0.000,0.248,0.248
TCGA-B8-5550-01A,0.000,0.000,0.012,0.001,0.012,0.000,0.000,0.199,0.174,0.126,0.164,0.000,0.000,0.004,0.000,0.306,0.306
TCGA-B0-5094-01A,0.012,0.001,0.008,0.011,0.001,0.000,0.000,0.102,0.004,0.115,0.097,0.000,0.017,0.012,0.000,0.618,0.618
TCGA-CJ-4920-01A,0.006,0.000,0.003,0.005,0.000,0.000,0.001,0.265,0.049,0.182,0.121,0.000,0.005,0.009,0.000,0.352,0.352
TCGA-A3-3346-01A,0.012,0.000,0.005,0.012,0.005,0.000,0.000,0.029,0.024,0.021,0.209,0.000,0.001,0.004,0.001,0.676,0.676
TCGA-CJ-4885-01A,0.003,0.000,0.000,0.001,0.000,0.000,0.000,0.214,0.000,0.153,0.097,0.000,0.000,0.003,0.000,0.527,0.527
TCGA-B0-5707-01A,0.003,0.000,0.002,0.002,0.000,0.000,0.008,0.030,0.040,0.019,0.101,0.002,0.000,0.003,0.000,0.788,0.788
TCGA-CJ-4872-01A,0.011,0.000,0.012,0.005,0.010,0.001,0.007,0.289,0.112,0.244,0.110,0.000,0.011,0.005,0.000,0.184,0.184
TCGA-BP-5181-01A,0.000,0.001,0.007,0.001,0.001,0.000,0.002,0.291,0.000,0.184,0.107,0.000,0.005,0.004,0.000,0.397,0.397
TCGA-BP-4777-01A,0.010,0.001,0.019,0.012,0.062,0.000,0.002,0.160,0.001,0.127,0.286,0.000,0.000,0.002,0.000,0.319,0.319
TCGA-BP-4982-01A,0.001,0.001,0.009,0.016,0.009,0.001,0.004,0.332,0.021,0.228,0.143,0.004,0.006,0.016,0.000,0.209,0.209
TCGA-CZ-4857-01A,0.001,0.001,0.009,0.014,0.004,0.000,0.000,0.132,0.127,0.115,0.180,0.000,0.004,0.008,0.000,0.405,0.405
TCGA-A3-3349-01A,0.002,0.001,0.013,0.001,0.001,0.001,0.001,0.386,0.087,0.204,0.102,0.005,0.015,0.012,0.000,0.169,0.169
TCGA-B0-5711-01A,0.010,0.001,0.011,0.011,0.001,0.001,0.011,0.332,0.000,0.186,0.113,0.004,0.003,0.010,0.000,0.304,0.304
TCGA-GK-A6C7-01A,0.005,0.001,0.004,0.015,0.001,0.000,0.012,0.440,0.001,0.182,0.073,0.000,0.011,0.009,0.001,0.248,0.248
TCGA-BP-5192-01A,0.006,0.000,0.000,0.003,0.000,0.000,0.000,0.295,0.000,0.218,0.068,0.000,0.000,0.003,0.000,0.406,0.406
TCGA-CZ-5988-01A,0.000,0.000,0.009,0.019,0.007,0.000,0.000,0.307,0.034,0.167,0.095,0.002,0.000,0.005,0.000,0.354,0.354
TCGA-B0-4718-01A,0.007,0.001,0.001,0.006,0.012,0.000,0.002,0.258,0.001,0.250,0.100,0.000,0.001,0.003,0.000,0.358,0.358
TCGA-BP-4969-01A,0.008,0.000,0.000,0.001,0.000,0.000,0.000,0.303,0.000,0.153,0.074,0.000,0.000,0.000,0.000,0.460,0.460
TCGA-CW-5588-01A,0.000,0.000,0.003,0.003,0.009,0.000,0.000,0.227,0.147,0.133,0.220,0.000,0.000,0.005,0.000,0.253,0.253
TCGA-CZ-4864-01A,0.006,0.001,0.013,0.033,0.050,0.000,0.005,0.223,0.000,0.126,0.246,0.000,0.000,0.012,0.000,0.282,0.282
TCGA-BP-4973-01A,0.001,0.001,0.004,0.012,0.018,0.000,0.006,0.232,0.000,0.166,0.157,0.000,0.000,0.013,0.000,0.391,0.391
TCGA-DV-5573-01A,0.008,0.001,0.016,0.031,0.069,0.000,0.011,0.161,0.021,0.094,0.176,0.000,0.000,0.006,0.000,0.406,0.406
TCGA-BP-4960-01A,0.018,0.000,0.004,0.000,0.003,0.000,0.001,0.215,0.036,0.260,0.178,0.000,0.004,0.002,0.000,0.279,0.279
TCGA-B0-5694-01A,0.005,0.000,0.002,0.000,0.000,0.000,0.002,0.289,0.001,0.139,0.131,0.000,0.010,0.000,0.000,0.421,0.421
TCGA-BP-4993-01A,0.000,0.001,0.000,0.003,0.016,0.000,0.000,0.418,0.009,0.253,0.099,0.000,0.007,0.005,0.000,0.189,0.189
TCGA-B0-4833-01A,0.011,0.001,0.014,0.009,0.030,0.000,0.005,0.259,0.000,0.185,0.114,0.000,0.008,0.006,0.000,0.358,0.358
TCGA-CJ-4884-01A,0.010,0.000,0.005,0.025,0.016,0.000,0.001,0.186,0.000,0.121,0.246,0.000,0.000,0.002,0.000,0.388,0.388
TCGA-B0-5107-01A,0.002,0.000,0.014,0.013,0.025,0.000,0.001,0.014,0.001,0.007,0.144,0.000,0.000,0.001,0.000,0.778,0.778
TCGA-B0-5106-01A,0.010,0.001,0.006,0.008,0.011,0.000,0.004,0.284,0.003,0.183,0.184,0.001,0.007,0.012,0.000,0.286,0.286
TCGA-BP-4781-01A,0.001,0.000,0.005,0.001,0.004,0.001,0.000,0.180,0.073,0.092,0.197,0.003,0.000,0.005,0.000,0.436,0.436
TCGA-B0-4821-01A,0.014,0.000,0.005,0.021,0.012,0.000,0.000,0.119,0.106,0.159,0.041,0.000,0.012,0.002,0.000,0.508,0.508
TCGA-B0-4818-01A,0.053,0.001,0.019,0.011,0.012,0.000,0.001,0.315,0.000,0.207,0.100,0.000,0.009,0.009,0.001,0.261,0.261
TCGA-CZ-5461-01A,0.006,0.000,0.016,0.003,0.005,0.001,0.013,0.241,0.045,0.156,0.145,0.002,0.003,0.005,0.000,0.360,0.360
TCGA-A3-3385-01A,0.000,0.000,0.000,0.000,0.000,0.000,0.000,0.128,0.000,0.091,0.116,0.000,0.000,0.007,0.000,0.656,0.656
TCGA-B0-5709-01A,0.013,0.004,0.022,0.016,0.037,0.000,0.050,0.230,0.177,0.139,0.166,0.000,0.001,0.015,0.001,0.130,0.130
TCGA-BP-4771-01A,0.007,0.001,0.032,0.041,0.112,0.000,0.023,0.205,0.023,0.155,0.209,0.000,0.003,0.014,0.001,0.175,0.175
TCGA-BP-4327-01A,0.009,0.001,0.001,0.006,0.002,0.000,0.000,0.277,0.003,0.147,0.109,0.000,0.006,0.004,0.000,0.433,0.433
TCGA-B0-5710-01A,0.001,0.001,0.017,0.005,0.009,0.000,0.012,0.541,0.001,0.175,0.062,0.000,0.002,0.007,0.000,0.167,0.167
TCGA-B4-5834-01A,0.001,0.001,0.007,0.003,0.000,0.001,0.001,0.516,0.005,0.185,0.066,0.003,0.004,0.006,0.000,0.203,0.203
TCGA-DV-5576-01A,0.000,0.000,0.005,0.000,0.000,0.000,0.000,0.294,0.020,0.194,0.029,0.000,0.002,0.007,0.000,0.447,0.447
TCGA-AK-3443-01A,0.022,0.000,0.000,0.000,0.000,0.000,0.000,0.090,0.000,0.086,0.029,0.000,0.000,0.001,0.000,0.771,0.771
TCGA-BP-5009-01A,0.008,0.000,0.002,0.003,0.013,0.000,0.000,0.213,0.001,0.167,0.212,0.000,0.000,0.001,0.000,0.378,0.378
TCGA-BP-4173-01A,0.009,0.001,0.025,0.028,0.097,0.000,0.068,0.161,0.035,0.157,0.238,0.000,0.001,0.019,0.001,0.161,0.161
TCGA-B0-4845-01A,0.005,0.000,0.001,0.001,0.000,0.011,0.000,0.334,0.000,0.230,0.051,0.001,0.000,0.009,0.000,0.356,0.356
TCGA-B0-5812-01A,0.003,0.000,0.009,0.006,0.010,0.001,0.007,0.393,0.052,0.190,0.100,0.004,0.008,0.009,0.000,0.206,0.206
TCGA-B4-5378-01A,0.000,0.000,0.002,0.000,0.000,0.002,0.000,0.349,0.001,0.257,0.045,0.012,0.005,0.012,0.000,0.316,0.316
TCGA-CZ-4858-01A,0.015,0.000,0.034,0.029,0.036,0.000,0.000,0.048,0.103,0.068,0.142,0.000,0.000,0.005,0.000,0.519,0.519
TCGA-BP-4768-01A,0.007,0.001,0.001,0.005,0.001,0.000,0.000,0.141,0.001,0.116,0.117,0.000,0.000,0.006,0.000,0.604,0.604
TCGA-A3-3363-01A,0.000,0.000,0.000,0.003,0.001,0.000,0.000,0.026,0.028,0.002,0.167,0.008,0.000,0.003,0.000,0.761,0.761
TCGA-CJ-4893-01A,0.010,0.001,0.009,0.005,0.041,0.000,0.001,0.319,0.000,0.158,0.145,0.000,0.001,0.006,0.000,0.304,0.304
TCGA-BP-5195-01A,0.001,0.000,0.006,0.003,0.007,0.000,0.000,0.314,0.046,0.200,0.158,0.000,0.002,0.006,0.000,0.255,0.255
TCGA-B0-5712-01A,0.009,0.000,0.003,0.008,0.005,0.000,0.001,0.150,0.001,0.100,0.070,0.000,0.000,0.002,0.000,0.652,0.652
TCGA-AK-3426-01A,0.004,0.001,0.021,0.022,0.084,0.000,0.051,0.067,0.135,0.121,0.323,0.000,0.000,0.002,0.000,0.168,0.168
TCGA-B2-5635-01A.1,0.007,0.001,0.010,0.027,0.026,0.000,0.003,0.219,0.001,0.087,0.234,0.006,0.001,0.010,0.000,0.368,0.368
TCGA-CZ-5987-01A,0.010,0.000,0.011,0.010,0.001,0.000,0.001,0.099,0.001,0.108,0.164,0.000,0.000,0.003,0.000,0.592,0.592
TCGA-A3-3319-01A,0.024,0.000,0.003,0.014,0.004,0.000,0.000,0.045,0.012,0.031,0.171,0.000,0.000,0.009,0.000,0.685,0.685
TCGA-BP-4804-01A,0.009,0.001,0.022,0.013,0.037,0.000,0.016,0.218,0.106,0.214,0.187,0.000,0.001,0.004,0.000,0.174,0.174
TCGA-CJ-4891-01A,0.014,0.000,0.002,0.000,0.004,0.000,0.000,0.075,0.113,0.154,0.240,0.000,0.000,0.010,0.003,0.386,0.386
TCGA-A3-3326-01A,0.011,0.001,0.023,0.014,0.001,0.001,0.054,0.237,0.000,0.137,0.190,0.003,0.003,0.017,0.001,0.307,0.307
TCGA-BP-4959-01A,0.005,0.000,0.002,0.002,0.005,0.000,0.000,0.134,0.006,0.089,0.301,0.000,0.000,0.001,0.000,0.453,0.453
TCGA-BP-4332-01A,0.000,0.000,0.001,0.003,0.000,0.001,0.001,0.316,0.018,0.184,0.112,0.000,0.002,0.005,0.000,0.356,0.356
TCGA-CJ-5682-01A,0.010,0.000,0.001,0.011,0.002,0.000,0.002,0.228,0.198,0.222,0.072,0.000,0.009,0.003,0.000,0.243,0.243
TCGA-B0-4814-01A,0.020,0.000,0.001,0.005,0.000,0.000,0.000,0.222,0.006,0.228,0.086,0.000,0.001,0.007,0.000,0.422,0.422
TCGA-B0-4842-01A,0.033,0.000,0.026,0.000,0.014,0.000,0.001,0.089,0.075,0.102,0.233,0.000,0.009,0.005,0.000,0.413,0.413
TCGA-CW-5583-01A,0.004,0.000,0.004,0.004,0.000,0.002,0.001,0.331,0.019,0.221,0.077,0.004,0.008,0.013,0.000,0.311,0.311
TCGA-B8-4154-01A,0.008,0.000,0.006,0.003,0.005,0.000,0.008,0.219,0.000,0.146,0.142,0.000,0.009,0.000,0.000,0.454,0.454
TCGA-CW-5584-01A,0.006,0.000,0.003,0.001,0.000,0.000,0.005,0.299,0.000,0.178,0.164,0.000,0.001,0.009,0.000,0.333,0.333
TCGA-B0-4813-01A,0.005,0.000,0.004,0.001,0.000,0.000,0.000,0.127,0.037,0.200,0.062,0.000,0.000,0.003,0.000,0.559,0.559
TCGA-EU-5905-01A,0.002,0.001,0.013,0.010,0.000,0.001,0.004,0.230,0.152,0.120,0.135,0.004,0.007,0.004,0.000,0.318,0.318
TCGA-BP-4342-01A,0.008,0.001,0.021,0.014,0.001,0.001,0.001,0.193,0.099,0.206,0.110,0.000,0.008,0.008,0.000,0.329,0.329
TCGA-BP-4776-01A,0.037,0.000,0.001,0.006,0.004,0.000,0.000,0.366,0.000,0.302,0.066,0.000,0.000,0.001,0.000,0.216,0.216
TCGA-AK-3431-01A,0.000,0.000,0.008,0.000,0.000,0.000,0.001,0.353,0.130,0.237,0.078,0.000,0.006,0.005,0.007,0.173,0.173
TCGA-BP-4974-01A,0.003,0.001,0.007,0.016,0.010,0.011,0.004,0.455,0.006,0.277,0.059,0.002,0.004,0.014,0.000,0.131,0.131
TCGA-BP-4976-01A,0.001,0.000,0.002,0.001,0.000,0.000,0.000,0.247,0.000,0.159,0.121,0.000,0.000,0.005,0.000,0.463,0.463
TCGA-CZ-5452-01A,0.022,0.001,0.030,0.007,0.089,0.000,0.005,0.129,0.000,0.037,0.248,0.000,0.000,0.003,0.000,0.429,0.429
TCGA-CZ-4863-01A,0.008,0.001,0.013,0.022,0.070,0.000,0.012,0.219,0.000,0.162,0.172,0.000,0.000,0.010,0.000,0.312,0.312
