,Plasma B cells,Non-plasma B cells,CD4 T,CD8 T effector,CD8 T (GZMK high),Double-neg-like T,DC,Endothelial Cells,CAFs,Myofibroblasts,Macrophages,Mast Cells,NK,Neutrophils,Monocytes,1-others,Cancer Cells
TCGA-OR-A5LO-01A,0.008,0.000,0.000,0.000,0.000,0.000,0.000,0.037,0.000,0.051,0.005,0.000,0.000,0.001,0.000,0.897,0.897
TCGA-P6-A5OG-01A,0.001,0.000,0.020,0.020,0.005,0.000,0.000,0.210,0.100,0.173,0.129,0.001,0.000,0.013,0.008,0.321,0.321
TCGA-OR-A5J6-01A,0.002,0.000,0.000,0.000,0.000,0.000,0.000,0.095,0.000,0.009,0.135,0.001,0.000,0.000,0.000,0.758,0.758
TCGA-OR-A5LT-01A,0.000,0.000,0.000,0.000,0.000,0.000,0.000,0.000,0.000,0.019,0.011,0.000,0.000,0.000,0.000,0.969,0.969
TCGA-OR-A5JY-01A,0.000,0.000,0.002,0.002,0.000,0.000,0.000,0.046,0.000,0.009,0.041,0.000,0.000,0.003,0.000,0.897,0.897
TCGA-OR-A5JV-01A,0.000,0.000,0.001,0.000,0.003,0.000,0.000,0.037,0.000,0.024,0.354,0.001,0.000,0.005,0.000,0.574,0.574
TCGA-OR-A5JT-01A,0.000,0.000,0.000,0.000,0.001,0.000,0.000,0.042,0.001,0.039,0.021,0.000,0.000,0.000,0.000,0.896,0.896
TCGA-OR-A5KX-01A,0.000,0.000,0.000,0.000,0.000,0.000,0.000,0.081,0.000,0.011,0.024,0.000,0.000,0.000,0.000,0.884,0.884
TCGA-OR-A5K3-01A,0.001,0.000,0.000,0.000,0.000,0.000,0.000,0.007,0.000,0.000,0.032,0.000,0.000,0.000,0.000,0.959,0.959
TCGA-OR-A5JZ-01A,0.000,0.000,0.000,0.000,0.000,0.000,0.000,0.040,0.001,0.054,0.028,0.002,0.000,0.002,0.000,0.872,0.872
TCGA-OR-A5LC-01A,0.000,0.000,0.000,0.000,0.000,0.000,0.000,0.068,0.025,0.044,0.025,0.000,0.000,0.000,0.000,0.838,0.838
TCGA-OR-A5LH-01A,0.002,0.000,0.001,0.000,0.005,0.000,0.000,0.065,0.000,0.025,0.061,0.001,0.000,0.002,0.000,0.838,0.838
TCGA-OR-A5LM-01A,0.003,0.000,0.000,0.000,0.001,0.000,0.000,0.042,0.000,0.020,0.032,0.000,0.000,0.001,0.000,0.902,0.902
TCGA-OR-A5J5-01A,0.003,0.000,0.000,0.000,0.001,0.000,0.000,0.023,0.001,0.072,0.015,0.000,0.000,0.000,0.000,0.885,0.885
TCGA-P6-A5OF-01A,0.000,0.000,0.000,0.000,0.000,0.000,0.000,0.064,0.024,0.108,0.040,0.000,0.000,0.004,0.000,0.759,0.759
TCGA-OR-A5LD-01A,0.000,0.000,0.000,0.000,0.000,0.000,0.000,0.013,0.001,0.089,0.000,0.000,0.000,0.000,0.000,0.896,0.896
TCGA-OR-A5L3-01A,0.003,0.000,0.000,0.000,0.000,0.000,0.000,0.007,0.004,0.000,0.010,0.000,0.000,0.000,0.000,0.974,0.974
TCGA-OR-A5LK-01A,0.009,0.000,0.000,0.000,0.002,0.000,0.000,0.016,0.001,0.002,0.186,0.005,0.000,0.000,0.000,0.778,0.778
TCGA-OR-A5LG-01A,0.000,0.000,0.000,0.000,0.000,0.000,0.000,0.041,0.001,0.061,0.074,0.000,0.000,0.000,0.000,0.823,0.823
TCGA-OR-A5KO-01A,0.000,0.000,0.000,0.000,0.000,0.000,0.000,0.042,0.001,0.062,0.010,0.000,0.000,0.003,0.000,0.881,0.881
TCGA-OR-A5JJ-01A,0.008,0.000,0.004,0.002,0.002,0.000,0.000,0.048,0.023,0.106,0.025,0.000,0.000,0.001,0.000,0.780,0.780
TCGA-OR-A5JL-01A,0.013,0.000,0.002,0.000,0.001,0.000,0.000,0.077,0.000,0.014,0.060,0.001,0.000,0.003,0.000,0.828,0.828
TCGA-OR-A5KV-01A,0.002,0.000,0.000,0.000,0.004,0.000,0.001,0.034,0.006,0.042,0.011,0.000,0.000,0.000,0.001,0.897,0.897
TCGA-OR-A5JE-01A,0.003,0.000,0.002,0.000,0.000,0.000,0.000,0.052,0.002,0.001,0.066,0.000,0.000,0.000,0.000,0.874,0.874
TCGA-PK-A5HB-01A,0.001,0.000,0.000,0.001,0.000,0.000,0.000,0.055,0.000,0.036,0.015,0.000,0.000,0.000,0.000,0.892,0.892
TCGA-OR-A5JM-01A,0.000,0.000,0.000,0.000,0.000,0.000,0.000,0.033,0.000,0.010,0.007,0.000,0.000,0.000,0.000,0.949,0.949
TCGA-OR-A5JD-01A,0.000,0.000,0.000,0.000,0.001,0.000,0.000,0.014,0.002,0.038,0.090,0.000,0.000,0.000,0.000,0.855,0.855
TCGA-OR-A5LN-01A,0.000,0.000,0.000,0.000,0.000,0.000,0.000,0.011,0.004,0.000,0.053,0.000,0.000,0.000,0.000,0.929,0.929
TCGA-OR-A5K6-01A,0.000,0.000,0.000,0.000,0.000,0.000,0.000,0.034,0.000,0.001,0.056,0.000,0.000,0.000,0.000,0.908,0.908
TCGA-OR-A5JR-01A,0.000,0.000,0.000,0.000,0.002,0.000,0.000,0.023,0.000,0.032,0.055,0.000,0.000,0.000,0.000,0.887,0.887
TCGA-OR-A5L6-01A,0.002,0.000,0.000,0.001,0.000,0.000,0.000,0.031,0.001,0.022,0.018,0.001,0.000,0.000,0.000,0.925,0.925
TCGA-OR-A5JI-01A,0.000,0.000,0.000,0.000,0.001,0.000,0.000,0.038,0.027,0.256,0.027,0.000,0.000,0.000,0.000,0.650,0.650
TCGA-OR-A5J2-01A,0.010,0.000,0.002,0.000,0.000,0.000,0.001,0.087,0.031,0.282,0.038,0.000,0.000,0.000,0.000,0.550,0.550
TCGA-OR-A5LL-01A,0.004,0.000,0.000,0.000,0.000,0.000,0.000,0.032,0.001,0.166,0.022,0.000,0.000,0.006,0.000,0.768,0.768
TCGA-OR-A5K1-01A,0.000,0.000,0.000,0.000,0.000,0.000,0.000,0.115,0.001,0.064,0.017,0.001,0.000,0.000,0.000,0.802,0.802
TCGA-PK-A5HA-01A,0.000,0.000,0.000,0.000,0.000,0.000,0.000,0.042,0.002,0.011,0.142,0.000,0.000,0.001,0.000,0.801,0.801
TCGA-OR-A5LR-01A,0.000,0.000,0.000,0.000,0.000,0.000,0.000,0.059,0.001,0.105,0.037,0.005,0.000,0.000,0.000,0.792,0.792
TCGA-OR-A5JX-01A,0.002,0.000,0.000,0.000,0.000,0.000,0.000,0.042,0.003,0.095,0.009,0.000,0.000,0.000,0.000,0.849,0.849
TCGA-OU-A5PI-01A,0.000,0.000,0.001,0.000,0.003,0.000,0.000,0.049,0.034,0.133,0.032,0.000,0.000,0.005,0.000,0.744,0.744
TCGA-OR-A5JA-01A,0.008,0.000,0.001,0.000,0.000,0.000,0.000,0.035,0.000,0.030,0.033,0.001,0.000,0.001,0.000,0.890,0.890
TCGA-OR-A5KY-01A,0.001,0.000,0.000,0.001,0.001,0.000,0.000,0.048,0.004,0.078,0.084,0.000,0.000,0.000,0.000,0.785,0.785
TCGA-OR-A5L9-01A,0.001,0.000,0.000,0.000,0.000,0.000,0.000,0.005,0.034,0.005,0.021,0.007,0.000,0.001,0.000,0.926,0.926
TCGA-PK-A5H9-01A,0.003,0.000,0.000,0.000,0.000,0.000,0.000,0.170,0.007,0.133,0.057,0.002,0.000,0.006,0.000,0.622,0.622
TCGA-OR-A5JK-01A,0.014,0.000,0.001,0.000,0.013,0.000,0.000,0.035,0.004,0.104,0.078,0.000,0.000,0.000,0.000,0.751,0.751
TCGA-OR-A5LJ-01A,0.001,0.000,0.001,0.001,0.001,0.000,0.002,0.042,0.000,0.069,0.022,0.000,0.000,0.000,0.000,0.861,0.861
TCGA-OR-A5K9-01A,0.001,0.000,0.000,0.001,0.000,0.000,0.000,0.030,0.001,0.057,0.023,0.000,0.000,0.000,0.000,0.886,0.886
TCGA-OR-A5LA-01A,0.001,0.000,0.000,0.000,0.000,0.000,0.000,0.038,0.003,0.033,0.061,0.011,0.000,0.000,0.000,0.853,0.853
TCGA-OR-A5JP-01A,0.002,0.000,0.000,0.000,0.001,0.000,0.000,0.051,0.032,0.076,0.020,0.000,0.000,0.000,0.000,0.819,0.819
TCGA-OR-A5LE-01A,0.001,0.000,0.001,0.000,0.000,0.000,0.000,0.039,0.000,0.001,0.004,0.000,0.000,0.000,0.000,0.954,0.954
TCGA-OR-A5JB-01A,0.002,0.000,0.002,0.052,0.000,0.000,0.000,0.012,0.001,0.104,0.099,0.000,0.000,0.001,0.000,0.727,0.727
TCGA-OR-A5J3-01A,0.003,0.000,0.000,0.000,0.000,0.000,0.000,0.027,0.000,0.046,0.011,0.000,0.000,0.000,0.000,0.913,0.913
TCGA-OR-A5JQ-01A,0.010,0.000,0.001,0.000,0.006,0.000,0.004,0.044,0.059,0.167,0.065,0.001,0.000,0.000,0.000,0.643,0.643
TCGA-OR-A5J7-01A,0.002,0.000,0.002,0.000,0.001,0.000,0.000,0.091,0.000,0.033,0.024,0.000,0.000,0.000,0.000,0.847,0.847
TCGA-OR-A5KZ-01A,0.000,0.000,0.000,0.000,0.000,0.000,0.000,0.116,0.034,0.067,0.025,0.000,0.000,0.000,0.000,0.756,0.756
TCGA-OR-A5KW-01A,0.008,0.000,0.000,0.001,0.000,0.000,0.000,0.034,0.000,0.021,0.022,0.000,0.000,0.000,0.000,0.913,0.913
TCGA-PA-A5YG-01A,0.000,0.000,0.000,0.000,0.002,0.000,0.000,0.050,0.001,0.088,0.120,0.014,0.000,0.000,0.000,0.724,0.724
TCGA-OR-A5J9-01A,0.000,0.000,0.000,0.000,0.000,0.000,0.000,0.127,0.004,0.076,0.004,0.000,0.000,0.000,0.001,0.787,0.787
TCGA-OR-A5K4-01A,0.000,0.000,0.001,0.000,0.002,0.000,0.000,0.023,0.000,0.040,0.010,0.000,0.000,0.003,0.000,0.920,0.920
TCGA-OR-A5K2-01A,0.001,0.000,0.000,0.000,0.000,0.000,0.000,0.053,0.000,0.016,0.040,0.000,0.000,0.000,0.000,0.889,0.889
TCGA-OR-A5JO-01A,0.001,0.000,0.000,0.000,0.002,0.000,0.001,0.169,0.128,0.214,0.179,0.008,0.011,0.000,0.000,0.288,0.288
TCGA-OR-A5KU-01A,0.006,0.000,0.000,0.000,0.000,0.000,0.000,0.025,0.020,0.297,0.007,0.000,0.000,0.001,0.000,0.643,0.643
TCGA-OR-A5LB-01A,0.002,0.000,0.000,0.000,0.000,0.000,0.000,0.074,0.000,0.027,0.013,0.000,0.000,0.000,0.000,0.884,0.884
TCGA-OR-A5L8-01A,0.000,0.000,0.000,0.000,0.000,0.000,0.000,0.056,0.007,0.297,0.006,0.000,0.000,0.000,0.000,0.632,0.632
TCGA-OR-A5J8-01A,0.005,0.000,0.029,0.001,0.020,0.000,0.000,0.062,0.509,0.005,0.264,0.000,0.000,0.003,0.000,0.102,0.102
TCGA-OR-A5LS-01A,0.005,0.000,0.000,0.000,0.001,0.000,0.000,0.049,0.000,0.003,0.013,0.000,0.000,0.002,0.000,0.926,0.926
TCGA-OR-A5JW-01A,0.000,0.000,0.000,0.001,0.000,0.000,0.000,0.077,0.000,0.021,0.027,0.000,0.000,0.003,0.000,0.871,0.871
TCGA-OR-A5JC-01A,0.000,0.000,0.000,0.000,0.000,0.000,0.001,0.063,0.001,0.046,0.023,0.000,0.000,0.000,0.000,0.864,0.864
TCGA-OR-A5LP-01A,0.000,0.000,0.000,0.000,0.000,0.000,0.000,0.067,0.000,0.092,0.103,0.000,0.000,0.000,0.000,0.737,0.737
TCGA-OR-A5J1-01A,0.000,0.000,0.000,0.000,0.000,0.000,0.000,0.027,0.003,0.048,0.029,0.000,0.000,0.000,0.000,0.891,0.891
TCGA-OR-A5K0-01A,0.001,0.000,0.000,0.003,0.000,0.000,0.000,0.021,0.000,0.001,0.012,0.000,0.000,0.000,0.000,0.963,0.963
TCGA-OR-A5K8-01A,0.000,0.000,0.000,0.000,0.000,0.000,0.000,0.022,0.001,0.024,0.007,0.000,0.000,0.000,0.000,0.945,0.945
TCGA-OR-A5L5-01A,0.006,0.000,0.000,0.000,0.001,0.000,0.000,0.044,0.053,0.180,0.092,0.008,0.000,0.000,0.000,0.617,0.617
TCGA-OR-A5KT-01A,0.012,0.000,0.006,0.000,0.001,0.000,0.000,0.148,0.074,0.056,0.146,0.001,0.000,0.009,0.000,0.546,0.546
TCGA-OR-A5JF-01A,0.002,0.000,0.000,0.000,0.000,0.000,0.000,0.064,0.000,0.121,0.012,0.000,0.000,0.000,0.000,0.801,0.801
TCGA-OR-A5L4-01A,0.000,0.000,0.000,0.000,0.000,0.000,0.000,0.112,0.000,0.027,0.020,0.000,0.000,0.000,0.000,0.840,0.840
TCGA-OR-A5JS-01A,0.010,0.000,0.000,0.001,0.000,0.000,0.000,0.056,0.000,0.109,0.012,0.000,0.000,0.001,0.000,0.809,0.809
TCGA-OR-A5K5-01A,0.008,0.000,0.001,0.000,0.000,0.000,0.000,0.034,0.001,0.004,0.026,0.000,0.000,0.000,0.000,0.925,0.925
TCGA-OR-A5JG-01A,0.003,0.000,0.000,0.000,0.000,0.000,0.000,0.033,0.000,0.001,0.037,0.000,0.000,0.000,0.000,0.926,0.926
TCGA-PK-A5H8-01A,0.000,0.000,0.000,0.000,0.000,0.000,0.000,0.033,0.000,0.013,0.069,0.002,0.000,0.002,0.000,0.882,0.882
