"","cellFractions.B.Cells","cellFractions.CD4.T","cellFractions.CD8.T","cellFractions.DC","cellFractions.Endothelial.Cells","cellFractions.Fibroblasts","cellFractions.Macrophages","cellFractions.Mast.Cells","cellFractions.Monocytes","cellFractions.NK","cellFractions.Neutrophils","cellFractions.otherCells"
"TCGA.OR.A5LO.01A",0.0308727257605048,0.00184855849558156,2.9901124587486e-05,1.8402420152185e-05,0.000465408585327583,0.0179705949043272,0.00072332556322968,0.000106075268261241,0.0330514515068099,0.000850729315221536,3.79884111868028e-06,0.914059028214878
"TCGA.P6.A5OG.01A",0.0408695649136622,3.40233049457796e-05,0.00992742187245205,0.0968803397693521,0.00690385678104147,0.0287108544843869,0.0312352900072689,9.33751152446322e-05,0.0485144469188174,0.0160774586632454,0.720701350163809,5.20180057745628e-05
"TCGA.OR.A5J6.01A",0.0240914582730739,3.31747137198561e-07,0.00184808107876254,0.646694523383299,0.00311669297623795,0.0473584547076335,0.0274724494796766,6.77946077913923e-07,2.06327587542636e-07,0.0014969865960468,0.000373227904654078,0.247546909579813
"TCGA.OR.A5LT.01A",0.0180754722182295,0.00396721417983999,0.000350092877621448,0.0769043304597613,0.000123033818065017,0.043684379199308,0.00377559964901251,0.000132072995774059,0.080493848728338,0.000460736187661136,7.51837941459264e-07,0.772032467848448
"TCGA.OR.A5JY.01A",0.0846111466892252,0.000679285108585514,1.21330717764755e-05,0.0721715534899303,0.00138650510862963,0.029883675951185,0.0169935681600107,6.51534759117888e-05,0.15153915056955,0.000715220817515853,1.99148290326534e-06,0.641940616074776
"TCGA.OR.A5JV.01A",0.0102012056210834,0.0257235925457394,2.20413115435553e-07,0.027560679510596,0.00125986409280178,0.0664284488195721,0.0904071522592077,0.000298233853211179,0.361094520114401,0.000965260353887973,2.37167684582269e-06,0.416058450739538
"TCGA.OR.A5JT.01A",0.0169993168593821,0.00579643402851141,1.57902508693856e-05,0.00220826774619634,0.000635625635934889,0.0525155244809848,0.000671721695889064,8.11122026619067e-05,0.189872904980209,0.00331320449026014,0.314878251182216,0.413011846446885
"TCGA.OR.A5KX.01A",0.0348131706367345,0.00184591974478972,2.04298901038137e-07,0.0553825647934256,0.0026252059760195,0.0491803581962789,0.00460968215822978,0.000327164598778661,0.0337370148400028,0.00111695797481756,0.00011992612288683,0.816241830659135
"TCGA.OR.A5K3.01A",0.00927569732991708,0.00284809470975491,8.51939190796816e-08,0.000455966025721411,0.000282100396100588,0.0185515989339831,0.0058494374583594,1.14339245097281e-05,0.00271717863001905,0.000485063102312974,8.16423862739073e-05,0.959441701909129
"TCGA.OR.A5JZ.01A",0.0409564090216788,0.00816749659730102,9.19089558724765e-07,0.0410866368863803,0.00183233284994262,0.109632877711898,0.0104924939657925,0.00038654666210354,0.348666748127939,0.0012937706581976,0.00305374715977607,0.434430021269431
"TCGA.OR.A5LC.01A",0.0829053517196344,0.000166345174697033,4.7999237855427e-05,1.79945548311076e-05,0.00118939187614931,0.0567609493477642,0.0123706044065294,0.000127532469965686,0.0703727386866498,0.00106675736747567,9.74468332747871e-07,0.774973360690115
"TCGA.OR.A5LH.01A",0.0183551262778823,0.000638689419843778,0.00164073457784528,0.281068211925967,0.00134214252916108,0.0269535028706945,0.0105243792601338,0.000104042882831865,0.0221689107116771,0.00426028711875114,1.14581971764355e-07,0.63294385784324
"TCGA.OR.A5LM.01A",0.0165194091932419,0.000537138900037743,6.53508624610658e-05,2.31101621809386e-07,0.000772250010477562,0.0192789726132764,0.00715078295648998,5.02690514273403e-05,0.0222204840682392,0.000876850240547022,2.41171185647892e-07,0.932528019830994
"TCGA.OR.A5J5.01A",0.0266475778941244,0.00062466465585963,7.33218031867898e-05,4.49850797997068e-08,0.000740048923039676,0.0158918105606202,0.00222714207326373,9.16833862188933e-05,0.0548182670643697,0.000313364375429614,1.3649045878289e-06,0.89857070937422
"TCGA.P6.A5OF.01A",0.0415612908096267,0.000430324473500019,3.46136358572408e-07,2.56945818329194e-05,0.00187471235184573,0.0395646886694064,0.0101277500840676,0.000409275811452073,0.229899448445393,0.000793346649400095,7.14249620595746e-05,0.675241697025057
"TCGA.OR.A5LD.01A",0.055560536712434,1.24793638569331e-06,0.000102495170750296,0.00851619234355725,0.000506927026510517,0.0311145058783702,0.000373424434671022,2.00803163922549e-05,0.0238478850444961,0.000335030289915009,0.000121744264358706,0.879499930582159
"TCGA.OR.A5L3.01A",0.0140595244713735,0.000377243779644945,2.43202527331239e-05,0.0767268021621645,0.000415604785559815,0.0227171202165065,0.00143095115910124,1.30201763261429e-05,0.0225983887974604,2.70508713486824e-06,4.22205068496553e-06,0.86163009706131
"TCGA.OR.A5LK.01A",0.0326044803774301,0.00272934949992665,0.0023946575230997,0.117734168968332,0.000690501900363601,0.0107206466165672,0.0121720015126596,0.00486785812949375,2.15014339020056e-06,0.00330582601852656,5.47945244480128e-07,0.812777811364966
"TCGA.OR.A5LG.01A",0.0244505406891251,2.12118777234924e-05,0.00142627757708033,0.0443176705884362,0.000895430018982332,0.0699062212832531,0.0259455358091524,1.28268228411676e-07,1.59682495409544e-06,0.00131697998425015,5.69112492692346e-05,0.831661495829545
"TCGA.OR.A5KO.01A",0.049617054045931,0.00313861423924737,0.00016729763034818,2.25745897086549e-05,0.000957466098852135,0.0393369785239874,0.000755406707270569,0.000223647656836553,0.165432944535535,0.000576166456890406,9.75119421803524e-07,0.739770874395971
"TCGA.OR.A5JJ.01A",0.0756550320580069,0.00296982422489189,0.00117156697968691,8.64800680723369e-06,0.000505199903010863,0.0178621963781929,0.00411289046923213,0.000297616877243636,0.036596931604267,0.00298646419118585,5.6303569093449e-08,0.857833573003906
"TCGA.OR.A5JL.01A",0.0273276629294833,0.00372863266324901,5.69725840934925e-07,0.0617375066689556,0.0011708077862742,0.00237237126971503,0.0134920328551698,8.49211696668746e-05,0.0583297130110584,0.0021877679222307,3.92181560352701e-06,0.829564092182752
"TCGA.OR.A5KV.01A",0.0372650967130145,2.58698548096751e-06,0.000140437721600867,0.0438036121668972,0.0021581580353838,0.046493259883661,0.00196444543619592,0.000351100089311954,0.068379792688211,0.00063011545746675,5.38966999050205e-05,0.798757498122871
"TCGA.OR.A5JE.01A",0.135571271339962,3.14064946548755e-06,0.00117317574780555,4.36528117814202e-07,0.00191285500519695,0.0968215248050605,0.0132833074324789,2.15309602967796e-05,2.72891458698952e-07,9.49106407216755e-05,4.45109022499264e-06,0.75111312290921
"TCGA.PK.A5HB.01A",0.0182931146590649,0.0142256993520829,2.28948525762015e-06,0.0489832961261476,0.00140383839165763,0.0916632560437669,0.000430551599568562,0.000236616352106816,0.106452841657455,0.000115796897724849,0.306963298805973,0.411229400629194
"TCGA.OR.A5JM.01A",0.0711413825906169,0.00178178241857911,3.26064299335224e-05,0.0760478220882163,0.00049510705455937,0.0370747426803121,1.13274066084871e-07,6.67882715506432e-05,0.178176546069911,2.50201995963613e-06,0.101664179721823,0.533516427380472
"TCGA.OR.A5JD.01A",0.00894027481095063,0.00398378761844489,0.000784335821215684,0.194676939910391,0.000497222311182699,0.0210859898647257,0.00771654000543136,0.000260118692253691,0.0732902885025579,0.00287866953228753,6.87152882571068e-07,0.685885145777677
"TCGA.OR.A5LN.01A",0.0107472459818189,0.00235105173530746,0.00233312914144975,0.000186975742594276,0.00122569285694741,0.0313184839766926,0.00692806512108924,0.000138428734972189,0.0166757464662698,0.00262168623535673,5.58324078855961e-05,0.925417661599616
"TCGA.OR.A5K6.01A",0.019467325185264,0.00134836159162703,0.000332479120147639,0.030160766433854,0.000751703181116178,0.0238300263966325,0.00869229343116981,0.000192031560788385,0.087220036942935,8.15625063062007e-05,5.37513054854412e-07,0.827922876137104
"TCGA.OR.A5JR.01A",0.012896280715825,0.00079198159791184,0.00201401809172176,0.0629539440910501,0.000784729331234956,0.0648402283374834,0.00871336804062984,0.000369664985314405,0.156399985110838,0.00382798735501293,7.11065999116772e-07,0.686407101276979
"TCGA.OR.A5L6.01A",0.0312871656170604,0.00243925840782889,6.98986549980887e-07,0.0304593011505305,0.000538016712323045,0.0322338952967464,0.00336899013068146,0.000164754350919561,0.0555949795903006,0.00341627963349427,5.76631762854883e-05,0.840438996947279
"TCGA.OR.A5JI.01A",0.0110907063378338,0.00105799005362154,0.00300166964310103,0.135882466791266,0.000584340322102107,0.047207073705343,0.00341523899995668,0.00010923778058349,0.0448338901426578,0.00130221147299134,6.37304350240458e-07,0.751514537446193
"TCGA.OR.A5J2.01A",0.0493008476459551,0.000381729750357744,0.000985277128514253,0.125762232189255,0.00158547863345754,0.0381073944247199,0.000594027106665111,0.000221566744287029,0.103302607191975,0.00040815956477046,0.408063855996235,0.271286823623808
"TCGA.OR.A5LL.01A",0.0356303843170186,0.00534578398873047,6.97716736566697e-08,0.000163440099602393,0.000776152120755809,0.0622442098534463,0.000609486892223962,0.000348970870118276,0.199707925017894,0.00152019886024744,0.403731836925803,0.289921541282486
"TCGA.OR.A5K1.01A",0.0202207177926781,0.00302705029238791,0.000434794123082769,0.195662191851608,0.00331230541508089,0.0623585622955437,0.00461462840886395,0.000226430502903803,0.120505950080462,0.00645631157455448,2.90990493614373e-06,0.583178147757898
"TCGA.PK.A5HA.01A",0.0160404438085016,0.00311604332460406,2.36695056888764e-06,0.34680810826507,0.00142014325870274,0.0193273296649935,0.0255382933676747,0.000285023437806613,0.0102307122872954,0.00295333662736405,2.18758824528375e-05,0.574256323124965
"TCGA.OR.A5LR.01A",0.0339796449545466,0.029978700271125,2.12562169315197e-07,0.000260389125101913,0.00135786525079883,0.0657557499095635,0.0083921643329673,0.000762801211531597,0.187596884875802,0.00268501913878676,0.000125505987588477,0.669105062380019
"TCGA.OR.A5JX.01A",0.0371006432447413,0.000330667856311303,0.000653849525572525,1.49081983163926e-05,0.00304947783401413,0.0330449940022155,0.0042874404854884,0.000108669000203419,0.0709974821057935,0.00135425286258973,3.64005447757575e-07,0.849057250879306
"TCGA.OU.A5PI.01A",0.0312771587963648,0.00558071357570638,1.11106156921844e-07,7.12404570214054e-05,0.000338661405021976,0.0409360663460175,0.00474516289240758,7.86384377212221e-05,0.0426704022111645,0.000348564446677692,3.44431957926724e-06,0.873949836006161
"TCGA.OR.A5JA.01A",0.0364970754668634,0.00945100329558162,2.87257498206407e-07,0.0214632147718881,0.000208412329464894,0.0347526014021018,0.00608233420457558,0.00080511467627279,0.0908344072407274,0.000634316326369401,1.17728485385855e-05,0.799259460180118
"TCGA.OR.A5KY.01A",0.0828300290058264,0.00422004228914822,1.48701135944889e-05,5.36988387711778e-08,0.000827737211610519,0.032410245432149,0.0151053789541846,2.7011192503531e-06,1.54393959724032e-07,0.000107684333453466,1.17002574968851e-05,0.864469403190488
"TCGA.OR.A5L9.01A",0.00959739156761638,0.00159094884239355,6.5628089913289e-07,2.5364397251279e-05,0.000907644596421919,0.0216794357232808,0.00327371613642146,0.000281400645712737,0.00943801388175832,0.00191699980827002,6.94341315125681e-06,0.951281484706823
"TCGA.PK.A5H9.01A",0.0644800302216054,0.00116562948665729,0.000710292984472301,0.324999681203769,0.00164264784828646,0.0616762817092739,0.00580180260756941,0.000677017779718514,0.0760999091631395,0.00308329385325989,2.63735144781482e-06,0.4596607757908
"TCGA.OR.A5JK.01A",0.0475937588735876,0.00582899199204386,0.00827608441168313,3.26559015470551e-05,0.00125352559095915,0.0338288287470626,0.0180986834482487,5.93747431460966e-06,0.000708528961857506,0.00989030722812939,3.2794261492359e-07,0.874482369427952
"TCGA.OR.A5LJ.01A",0.0523416854116099,0.00316979740044005,0.00131448567979162,0.0589174315608029,0.000453220784211207,0.0329127238992029,0.00566907364803177,0.000126689255763511,0.0989824107551362,0.00307778059599728,3.81474286381977e-06,0.743030886266149
"TCGA.OR.A5K9.01A",0.0421019076471094,0.00204337609175604,0.000959894227281927,4.43957781740336e-05,0.0005759775351692,0.0472683631064096,0.0030962081146919,6.73586012067685e-05,0.103900306480424,1.57041791167051e-07,0.000198003808743893,0.799744051567242
"TCGA.OR.A5LA.01A",0.0232839784889817,0.0043390204573508,3.44132154609177e-07,0.261202891604776,0.0018445029247403,0.0359028093791788,0.0130289928830163,0.0095415682447576,0.00785991020392629,0.00338723304839312,0.00043155295904214,0.639177195673683
"TCGA.OR.A5JP.01A",0.0636461988485564,0.00313485849747927,2.31261293500015e-06,7.9869222018277e-06,0.00158028332341268,0.0606608560089045,0.00511466523733712,0.00010875639615959,0.043936289364315,0.000209129422611953,4.72398957344648e-05,0.821551423470352
"TCGA.OR.A5LE.01A",0.108356364020127,6.9916433857388e-05,1.38345621644408e-07,3.4609918892998e-05,0.000572475078926357,0.00489170013307734,0.000610281045126966,6.25576244710434e-06,0.0958807467025465,0.000204401697625118,0.00437060641424148,0.78500250444751
"TCGA.OR.A5JB.01A",0.159418691788348,0.0477757220693554,0.0249781112854127,0.0948958097051123,0.000713960579129514,0.023458837026989,0.21300214584953,0.000781213151903457,0.352976233967852,0.0815723562048957,5.84330744773411e-06,0.000421075064024155
"TCGA.OR.A5J3.01A",0.049907200442549,0.00309269061198955,8.71066526589619e-08,1.10822327005448e-05,0.000537363106212151,0.0118927702807248,0.00231983859797804,0.000430921529891908,0.0350040895684802,0.00220896140563273,4.10557149581924e-05,0.89455393940223
"TCGA.OR.A5JQ.01A",0.137221319631946,0.00132811191919462,0.0134689878816299,0.382589848659485,0.00184816830638999,0.117332029720171,0.0169756120099312,0.000887654141169679,0.1025497769542,0.00458534245340159,1.61288860870438e-08,0.221213132193595
"TCGA.OR.A5J7.01A",0.10828758939565,0.00295688676865895,1.30033922535792e-07,2.27468763251522e-06,0.000820787950674982,0.0478330930470561,0.0023264399063569,4.83741623294116e-05,0.0216963066042631,0.000577945804285047,1.7856101946293e-06,0.815448386028976
"TCGA.OR.A5KZ.01A",0.0500388121582084,0.00138483516762028,0.000546130799798584,2.62234784987826e-05,0.00737309361698586,0.0937953204999375,0.00822085706669196,1.4535373628359e-05,0.105276097288354,0.00289314742981099,3.68894007005023e-07,0.730430578226458
"TCGA.OR.A5KW.01A",0.0247278955340308,5.78002634754762e-07,0.00136749721529935,0.0228571830711584,0.000697348196383768,0.0174247138085686,0.00385231523111752,0.000254984273804562,0.226014684550211,0.00440811042685466,0.00390885784977106,0.694485831840165
"TCGA.PA.A5YG.01A",0.0109308054248323,0.00193352452830484,0.00521789808761737,0.358072313496626,0.00132425193012408,0.0357504526389109,0.01505832809576,0.0100900523658016,0.080768195988484,0.00840391277787774,3.24833935023955e-06,0.47244701632631
"TCGA.OR.A5J9.01A",0.0647080817620332,0.00148621926490919,8.77096446597164e-05,3.07487142040589e-06,0.00191035873656653,0.0707338776761777,0.00209330148769461,5.19303189756297e-06,0.105695582136015,0.00253979440386398,2.0845612223477e-06,0.75073472242354
"TCGA.OR.A5K4.01A",0.0196436596558633,0.0111092924935357,0.000118585276570017,0.0260896526485093,3.54600950936968e-07,0.080887929966659,0.000118366311746531,0.000320814174320685,0.127416412086251,0.00154161405678327,0.144514863885956,0.588238454842854
"TCGA.OR.A5K2.01A",0.227433078388042,1.18349015518621e-05,0.00133038954240358,0.000333766424202408,0.00106954913006891,0.0484444908363821,0.00987307438440754,6.6825518530973e-05,2.86006518612344e-05,4.91799676411951e-05,7.6503746950459e-06,0.711351559880213
"TCGA.OR.A5JO.01A",0.0390792267160359,0.0107906653268432,0.00592862098528918,0.711965696243971,0.00392054262707756,0.0776665363248621,0.0903150740077445,0.0185038821496772,9.62136285442471e-07,0.0399933871957964,1.75285032072599e-06,0.00183365343609641
"TCGA.OR.A5KU.01A",0.0564279883097362,2.18455033980263e-05,0.000111684860135671,0.0119856782496731,0.000109089106292023,0.0229089926051276,2.52969548772342e-09,0.000174345279528497,0.144855840636816,0.00051177464959077,0.30613372908366,0.456759029186347
"TCGA.OR.A5LB.01A",0.0411441675048672,1.43007068506419e-05,6.20845189419891e-05,2.62543958736204e-07,0.00118276381467398,0.00463750176868757,0.00172687893799628,0.000119272765390103,0.0559908481919995,0.000401613031842584,1.82063185909901e-07,0.894720124151606
"TCGA.OR.A5L8.01A",0.0509801922462991,0.000848199915421554,3.16889242936613e-05,1.20493117095262e-07,0.00038204477748528,0.197585757031057,0.00238605733309829,0.000497743807817571,0.262562466111126,0.00134592966416504,1.17995374943017e-07,0.483379681700744
"TCGA.OR.A5J8.01A",0.174069068234101,0.000488538144740885,0.0338308540324926,1.7292748787635e-06,0.00181646390122589,0.272200625964691,0.389627022499173,0.00124334080915869,1.76011156651082e-06,0.0326085567252904,7.11582317621429e-07,0.0941113287203637
"TCGA.OR.A5LS.01A",0.0554189598852741,0.00264876600181951,7.47912382235527e-07,5.82664060705094e-08,0.000258330511302003,0.0246877938494539,0.00591058590507621,0.000286625154157158,0.021553604316688,0.00121092276337471,4.43536815785392e-07,0.88802316189725
"TCGA.OR.A5JW.01A",0.0241823127784502,0.0213265125383464,1.53227613164235e-05,2.72618285043201e-06,0.00095445957464285,0.0270221238641699,0.00393199497850438,0.00037529733345599,0.0396095588030366,0.000145159415399087,9.40472898930795e-08,0.882434437722538
"TCGA.OR.A5JC.01A",0.0354038116542627,0.00195058414864592,1.24211227448463e-06,1.96549802098522e-05,0.00161022087566549,0.0467569407883366,0.00796153576250022,6.59034945414596e-05,0.0695255968626758,0.00244654716266883,2.77165720696641e-05,0.834230245586149
"TCGA.OR.A5LP.01A",0.0091803228697256,0.00398746294452409,9.80979924728692e-07,3.00670172841096e-07,0.00125724583842212,0.0452326266979285,0.0247191621544031,0.00165410394347508,0.0617011437549501,0.00250970881765939,4.29700117257188e-06,0.849752644327642
"TCGA.OR.A5J1.01A",0.0272424576694326,0.000625650000715491,6.69379361000253e-06,0.0326343494063728,0.00133441954368652,0.0373484666306031,0.010011463793362,0.000125001035817254,0.0386058457196642,0.000911797699620764,1.1229388509688e-05,0.851142625318606
"TCGA.OR.A5K0.01A",1.44453158829656e-07,1.92367351223544e-07,3.82628784508024e-08,9.48365840194387e-08,2.79500004847237e-08,2.71876838000091e-06,8.46390406584074e-09,1.02915020596705e-06,0.0425645969483615,4.22889521399412e-07,0.957430674432326,5.14773283310961e-08
"TCGA.OR.A5K8.01A",0.0130433163143867,0.00283542720468032,9.16481237186298e-07,1.24892238889078e-06,0.000551714522216827,0.0218182981119736,0.00155475351375881,9.59060379255459e-05,0.0337830503077848,0.000693241369882676,1.46338176504312e-07,0.925621980875588
"TCGA.OR.A5L5.01A",0.264308795806892,0.00656319982552389,3.31734416080027e-06,0.330901507228781,0.000923987614559167,0.0781174777926793,0.0128256399103832,0.00402923106114006,0.0463139763364901,0.00639599934318623,5.00777929195141e-07,0.249616366958274
"TCGA.OR.A5KT.01A",0.161297842900799,0.0108711011875976,6.52362642974351e-05,0.369979933648371,0.00794196295496305,0.100516347249942,0.0470487940947648,5.84481530043876e-05,1.01661980260365e-05,0.00683430794034983,1.9909362378466e-07,0.295375660314261
"TCGA.OR.A5JF.01A",0.0453453328849646,0.0104328962318948,2.81356159498216e-08,0.00576915821832528,0.000900225758222599,0.0400209220783301,0.00148168805415835,0.000121740720533549,0.0529101898797577,0.000688766905211241,0.00018882467541024,0.842140226457575
"TCGA.OR.A5L4.01A",0.00956933740272079,0.00391443572696453,4.1724199387304e-07,3.07833194092733e-05,0.00150200850396747,0.0329460460782368,0.00508812614898722,6.99190920749083e-05,0.0180132841436277,0.000948158655117427,7.41393928443185e-06,0.927910069747616
"TCGA.OR.A5JS.01A",0.16614198947762,0.00137790839948376,0.00111181002968136,5.7127125162675e-06,0.000954727930156721,0.0696198043607311,0.0018328222070176,0.000932320236702361,0.265394542467146,0.00185955427079886,2.26287942194575e-06,0.490766545028724
"TCGA.OR.A5K5.01A",0.000191436024005062,0.000108268614850889,0.000188340704040642,3.29525336145293e-05,0.00106088455878889,0.0310649478432559,1.68957002814907e-09,3.22058745930424e-05,0.160934426598422,1.39142714147836e-05,0.806372234553128,3.86734316052475e-07
"TCGA.OR.A5JG.01A",0.0336249173586563,0.0118978247857154,2.65783014804033e-07,6.28363356217361e-07,0.000404749342969634,0.0358402623843787,0.00820476499731855,0.000541203632290933,0.0437540741719658,0.000487569101795262,2.15519381473551e-06,0.865241584884724
"TCGA.PK.A5H8.01A",0.0205126469437323,0.000646355242243267,6.44386220074245e-05,7.13722365951904e-06,0.000824153251941306,0.0703093119583299,0.0131888906707037,7.59977909879274e-05,0.106804406549349,0.00163164828381212,6.783874908062e-06,0.785928229588326
