"","cellFractions.B.Cells","cellFractions.CD4.T","cellFractions.CD8.T","cellFractions.DC","cellFractions.Endothelial.Cells","cellFractions.Fibroblasts","cellFractions.Macrophages","cellFractions.Mast.Cells","cellFractions.Monocytes","cellFractions.NK","cellFractions.Neutrophils","cellFractions.otherCells"
"TCGA.HQ.A5NE.01A",0.0398267450860332,0.00971341824931542,8.7317092921567e-07,0.232218526043287,0.00115143743261304,0.0483930357700699,0.000129827812875787,0.00105807543750198,0.117847374090462,0.00109406241754112,0.44316770772859,0.105398916760782
"TCGA.FD.A5BT.01A",0.179861440200029,0.0419457486549205,0.0433262230019275,0.245934948929791,0.00328564846164762,0.267760183071979,0.164994871690446,0.00399814866583269,3.63741413424742e-06,0.0473371167114406,0.00155197308648255,6.01113703295768e-08
"TCGA.DK.A3IQ.01A",0.00142646518370271,0.0022368628278922,0.000224179730240074,0.000612345049489993,0.00111505324949438,0.263494845978822,0.000485198594254764,0.00328684207579734,0.0307635797331365,4.55583514660799e-06,0.696349879900344,1.9184167924383e-07
"TCGA.ZF.AA4X.01A",0.0426299339458947,0.00944393501323201,2.785418261388e-07,0.0579683480167599,0.000189704763117356,0.00506782361956705,2.95422540351801e-06,0.000668073592369198,0.110399434176611,0.000705386996788717,0.0522134801056978,0.720710647002733
"TCGA.GD.A3OQ.01A",0.0256258967010383,0.00590009569906069,5.34844555266566e-05,0.0378600018617773,0.000219929399275773,0.0253586485566307,4.95668553839652e-09,0.000557840587620778,0.17023292726787,0.000675992168917166,0.31001830020516,0.423496878140437
"TCGA.ZF.AA51.01A",0.176855068289083,0.0276620486873888,1.20194121262555e-05,0.370581337997053,0.000482950593878374,0.0344122439618855,0.0145516291560049,0.000838242251299425,0.0296514247704569,0.00715166255941436,3.48375180365014e-07,0.337801023946229
"TCGA.FD.A3SS.01A",0.0385186839281917,0.00329714310712156,0.000549332437865712,2.46355114792346e-05,4.06478756005339e-05,0.030601275601736,1.72581753939005e-08,5.14218739468793e-05,0.191451282887141,0.000873147051539145,0.337946661468666,0.396645750998537
"TCGA.DK.AA71.01A",0.0315573066693028,0.00602955392902715,7.32173764536762e-07,0.131547321191387,0.00100639326993995,0.0162259636068113,0.0023748109365643,0.000114377301839712,0.0682311814332686,0.0018034373925745,0.283339955269804,0.457768966825716
"TCGA.4Z.AA83.01A",0.0243355559573845,0.0125695012246588,5.65573598523818e-05,0.103712863039434,0.000389588914020735,0.0223658626398003,0.0069110474267223,0.000551309654781509,0.129533189635558,0.00130159502306175,1.6380095660094e-06,0.69827129111516
"TCGA.ZF.A9R4.01A",0.0728785180722292,0.0133124240969504,8.07477495104524e-08,0.179832809376282,0.000297303121819457,0.00493025326795639,0.00614385660480454,7.60662763688395e-05,0.103012390652635,0.00705683834814054,0.000409279387285544,0.612050180047779
"TCGA.BT.A20P.01A",0.0586756297770787,0.00315061339957707,6.38916686664633e-06,0.0697696973601269,0.000124832940460527,0.0138330963561921,0.000192530598479692,0.000103831863232289,0.0722735300352511,0.000213901387317993,0.130133821457865,0.651522125657553
"TCGA.HQ.A2OE.01A",2.4561435030549e-06,0.00819764492229004,2.47273108500405e-06,0.40984067208271,0.000300516112408358,0.00640312699847261,1.13923363660342e-08,0.000430247150473806,0.211156715253234,4.71006058721001e-05,0.363618303406687,7.33200926919926e-07
"TCGA.R3.A69X.01A",0.102518567297237,0.0275626584557256,7.09581551312523e-06,7.66940152405743e-05,0.00281129064785986,0.12174633818583,0.0141517792291287,0.00589871579459348,0.194488253681539,0.00444418288323401,0.526281493369685,1.29306244138445e-05
"TCGA.BT.A3PH.01A",0.00629780589012033,0.00432956302684814,0.000214192001516356,6.41280302035658e-05,0.000254914207592324,0.0196622050978754,5.00093247743215e-08,0.000253421967267928,0.233189051417758,0.000536477379688456,0.628387011653277,0.106811179318528
"TCGA.UY.A9PA.01A",0.0280583453645706,0.0257034128680749,0.000851485041501862,0.296593654233917,0.000778188419243379,0.00419406783338253,0.0129639893068445,0.00127183192057566,0.207735218237696,0.0101774401539118,3.20293104329292e-06,0.411669163689239
"TCGA.BL.A13J.01B",0.142371488527837,0.0179867308594983,6.14807132411524e-07,0.344487939877237,0.000472780055487715,0.0561892003211609,0.00324120020176142,0.000473930752692703,0.130791004963238,0.00158716861083104,0.205839440176414,0.0965585008467099
"TCGA.CF.A3MI.01A",0.0137875592162591,0.00395422400548277,1.72238907681269e-08,0.0639285727866056,0.000908092153443019,0.00527478228396366,0.000304394555961181,0.000757496118458394,0.0244407588077221,0.00112122313678634,0.0661158702634813,0.819407009447946
"TCGA.XF.AAMW.01A",0.141654127304392,0.02179271162874,6.88357350634192e-05,0.2527095352751,0.0012675094256751,0.0254619312788655,0.0296037244005096,0.00115142318051533,0.491917045869848,0.00103757818141322,0.0332693677031894,6.62100166879896e-05
"TCGA.H4.A2HQ.01A",0.110668840933188,0.00720816142739199,2.90694987339935e-07,0.113199782837153,0.000145585694545088,0.0142988829367785,0.00197312265278396,0.000375742645975824,0.0798470017565457,0.00080159075933288,0.0708719224188439,0.600609075242473
"TCGA.HQ.A5ND.01A",0.0280754652458621,0.0051160836941253,5.89603963498831e-08,0.0707770420579744,0.000139155268795391,0.0139015099036558,0.000262593842507468,0.000204570794544852,0.017886428268344,0.0023131592326279,0.132250570838877,0.72907336189229
"TCGA.K4.A6FZ.01A",0.0403859279926597,0.0146379094999605,1.437513266717e-07,0.121503448456747,0.000710222818591144,0.00812119803660647,0.00938296805232398,0.00263825740283552,0.185926081720878,0.00339663826712589,0.613293325811686,3.87818925886851e-06
"TCGA.DK.A3IV.01A",0.172452438061829,0.0614416873288689,2.16029204114482e-08,0.300292659023398,0.000306272818405477,0.00850212842239643,0.0108922818494778,0.00169684178098139,0.108106632110319,0.00749939114982981,0.000221377726915494,0.328588268124658
"TCGA.E7.A3X6.01A",0.0947919541471586,0.0355532972060182,9.17239402780481e-06,0.335845894872741,0.000579759807581394,0.0290284727250542,0.015471512069326,0.000723921854052813,0.122388038732444,0.0153736066880911,1.75100002983025e-06,0.350232618503474
"TCGA.BT.A42F.01A",0.536086022187683,0.0327409311718741,0.00228037267000024,0.157987779809424,0.000330029734676443,0.0103771495244892,0.0301017866409252,0.00196306650898059,0.0599964531167355,0.0216020014732211,0.146534361375324,4.57866664737364e-08
"TCGA.UY.A8OB.01A",0.0128805073772115,0.00915040183573389,1.35150506419231e-06,0.176344406412064,1.30941228903968e-05,0.0132896505008073,0.000244426582492586,0.00018470878246408,0.0957977392963998,0.00584005609539763,0.68620465202245,4.90054670247151e-05
"TCGA.DK.A1A3.01A",0.0994896187388851,0.0210752812420188,1.75502712288086e-07,0.537869675664492,0.00157911664584452,0.0686395974031146,0.0245311175124886,0.00527876705801911,0.237777317235824,0.00375710466253656,2.73822211608939e-07,1.95451185399704e-06
"TCGA.DK.AA6X.01A",0.0421393442365424,0.0162837702568834,7.81749788503943e-06,0.0761793355605974,0.000700071731158077,0.0193033716317409,5.41334131606645e-07,0.00160061063342764,0.147920553895221,0.000848867813061912,0.69483425647818,0.000181458931170721
"TCGA.G2.A3IE.01A",0.0909398885305098,0.00823902213736276,1.94631147843715e-06,0.128174465302708,0.000122502891850561,0.0185112014045799,0.0015268451251666,0.00075186923224047,0.0751212573095431,0.000837088556293929,0.0636743566769311,0.612099556521336
"TCGA.FD.A5BU.01A",0.00979434010434771,0.00656130765866138,0.000685062186744763,4.50398385398169e-05,0.000389096688044857,0.0681533181847102,0.0213833619144658,0.00164083248257476,0.0732690383323975,0.00337883238952864,0.814698742782232,1.02743775310036e-06
"TCGA.C4.A0EZ.01A",0.0317883207735967,0.00179582451981091,0.000605489641631523,0.115985479716805,0.000691846373542387,0.0355018870741752,0.00326691228320913,0.000175015409235502,0.0245007655968291,0.000933139355865629,2.34354994536185e-06,0.784752975705353
"TCGA.FD.A3B3.01A",0.111962780311087,0.0396238928587038,4.31083412331057e-06,0.0298670373265765,0.000564370455839525,0.0646753381753398,0.0240642591614869,0.00256005355063833,0.063736700099991,0.0162509165105367,0.646689011225715,1.32948996222091e-06
"TCGA.FD.A5BZ.01A",0.111065833253002,0.00401686751313041,7.30038373662533e-06,0.0984007994663216,0.00116834625587612,0.183187296563215,0.000195635431081173,0.00351409339945133,0.065784074230093,0.000593980939562569,0.532055282368339,1.04901961908065e-05
"TCGA.C4.A0F7.01A",0.0417292480938523,0.00134056643099584,2.60011519908354e-06,0.0850970818786858,0.000621553773191273,0.0837778097820765,4.24444204670693e-09,0.00103001439538613,0.0687450408881533,0.000387557935745964,0.199639580216254,0.517628942246018
"TCGA.XF.AAMR.01A",0.0483925451732135,0.00310161812082744,0.000325329275221436,0.189133005100069,0.00169596834570802,0.30833754317581,0.00501285972289871,0.00418227586859897,0.0230124747300899,0.00115100825743167,0.415644131755566,1.12404745658566e-05
"TCGA.XF.AAN7.01A",0.0857854101000736,0.00011087548833151,0.00519754268556049,0.444716472301142,0.00597324855869779,0.0446027340721173,0.0246904660892963,0.00198504171986792,0.267027846037802,0.00304828984164511,0.116837633336106,2.44397693605169e-05
"TCGA.UY.A8OD.01A",0.118814018406953,0.0259665745583585,1.13522247164304e-07,0.514360481174676,0.00185215729673986,0.171777883062766,0.00788971431457245,0.00335433981794793,0.146537937387719,0.00433750679800107,9.03326605305879e-05,0.00501894099948842
"TCGA.FD.A3SP.01A",6.30167562642851e-06,0.0189502446063372,0.000841309800120265,8.7914414961145e-06,0.000893734845584872,0.122428539160728,0.0262316877827895,0.00244751171017193,0.0285452604223939,0.0121552597776506,0.787490238793699,1.11998340155871e-06
"TCGA.DK.A2HX.01A",0.00953585069521828,0.00557619975723528,7.30674857359554e-06,0.000132374377992337,0.000937146673925662,0.131307229089379,0.00163796000577374,0.00185117153195709,0.048884515862592,0.000308294776869403,0.799704886140869,0.000117064339614605
"TCGA.CF.A8HX.01A",0.0204082587316281,0.00357658948671694,1.25984960421603e-06,0.0189387933356767,0.000249799163987085,0.0058316358770878,0.000394762701705821,0.00013672828211406,0.0371582610753871,0.000102344011977297,1.2794843479682e-05,0.913188772640635
"TCGA.E7.A85H.01A",0.111094063575802,0.0189052435568177,0.000580093382989672,0.352075062148331,0.000571372184455234,0.0268353644160176,0.0129964638722066,0.00026953986201192,0.0964547485534437,0.00635809398384095,2.04104969465917e-06,0.373857913414389
"TCGA.ZF.A9RL.01A",0.0325599374945148,0.00430311108980419,3.00971776908356e-07,0.045482575165083,0.000101636677847824,0.00645835417152747,5.05092352223387e-06,0.000916244724826912,0.0454080103561637,0.00035335730709883,0.00910648330232817,0.855304937815506
"TCGA.UY.A9PB.01A",0.058438677390755,0.0139186158176267,0.0195528777130252,0.0201831095194653,0.000486818696206218,0.0718821154238673,0.0530409530686602,0.00249638743960508,0.0770469898560701,0.0236342447461928,0.659312659771721,6.55055680515719e-06
"TCGA.GV.A3JV.01A",0.215677014398221,0.0392097914956234,8.52354784569392e-09,0.407091988887124,0.000796087098694569,0.0482719349542371,0.0142679573540356,0.00208170876104763,0.212324267986565,0.00958632046859161,3.71096962266806e-05,0.0506558103760854
"TCGA.GD.A6C6.01A",0.0473596274843858,0.00241064542863177,1.94312337605347e-06,0.225427655248644,0.000556593450707152,0.00844607028439488,0.00137287475379609,0.000123146622490981,0.00615645343682846,0.00189846958957899,0.393514461505042,0.312732059072124
"TCGA.XF.A9SW.01A",0.0560501206132732,0.0018650079204789,0.00596302882227783,0.106202366501272,0.00625844199488633,0.559270347468305,0.0203155890615254,0.00663026988394214,0.0265541750637997,0.000266862870620258,0.210623044997644,7.4480197531726e-07
"TCGA.GV.A3QI.01A",0.156385241577551,0.000468035723005211,0.000192216718215319,4.98551783421349e-05,0.00021916014113804,0.0136602783875358,5.82785850626351e-07,1.152589638855e-06,0.0800441113148509,0.00031080819975915,0.164675862642581,0.583992694741533
"TCGA.UY.A9PE.01A",0.198111269200453,0.00433239219056906,8.63156175815737e-08,0.175858458539936,0.000530213292460361,0.0474070339072268,0.00178566105190813,0.000846689313839608,0.0744297986274533,0.000667636139321204,0.0329104766125295,0.463120284808685
"TCGA.E7.A97P.01A",0.0299632900081755,0.0295154174021012,0.00988289292057999,0.123177195263921,0.000459751535758497,0.0392444911791266,0.00675610959749606,0.000642809681002857,0.0508739843287517,0.0308611609323913,0.678473763065904,0.000149134084791134
"TCGA.G2.AA3D.01A",0.0742052337887195,0.00658537201153729,3.94540593577162e-07,0.0995490504670617,0.000516660308721019,0.0110959289093154,5.08446010810003e-06,0.000762383414543302,0.0829146391068093,0.000698930963833482,0.112017185874173,0.611649136154584
"TCGA.BL.A3JM.01A",0.0594903708722462,0.00523217022549862,0.00160192019039111,0.245914960889155,0.000833820578663997,0.015538950212549,0.00725057177764583,0.00111503076685582,0.170081267803931,0.00551508677017369,0.487392879878202,3.29700346875307e-05
"TCGA.GV.A3JZ.01A",0.0824215785619857,0.00699394988326527,1.36596674397637e-06,0.283206628231344,0.000460111065878487,0.0516901982550537,0.0103443616777575,0.000635766750345861,0.255673386759524,0.00233352685315725,0.261558207943748,0.0446809180511961
"TCGA.ZF.A9R5.01A",0.102066349517867,0.0140550299979292,0.000481349342698355,0.00749714013032761,0.000584127067940444,0.00415408752232977,0.0021332370781796,7.22700878831956e-05,0.0741808975412902,0.00248801347756363,5.52054162669844e-07,0.792286946181829
"TCGA.UY.A9PH.01A",0.366326530698634,0.0458924454826841,8.50686615003606e-05,0.190228515490196,0.000891575263408341,0.0407629987392665,0.0625120962612873,0.00190962331779509,0.158046530408436,0.0185477925371537,0.114760966097504,3.58570421338687e-05
"TCGA.E7.A7XN.01A",0.0202391479269481,0.0879673445855042,0.0277283801572806,0.275269198447503,0.000462234896746192,0.00859289296666162,0.0553845493890232,0.00104995200158769,0.398730755918418,0.124573324464015,2.05922573119404e-06,1.60020580842421e-07
"TCGA.XF.A9T8.01A",5.04403005099098e-07,0.00482930137775798,0.00438828114470334,3.40114176440738e-07,0.000417442808114097,0.0125687274585032,0.0113625362786951,0.000869454191005603,0.0291382881613747,0.0103779872975091,0.926046909605789,2.27159365899992e-07
"TCGA.DK.A3X1.01A",0.0422725300742588,0.00427849779007659,1.07422933378401e-07,0.123967426439563,0.000298376992917352,0.015006540151585,0.000175152629377878,0.000512151250915183,0.0449911607627185,0.000607496382226301,0.130988416430609,0.636902143672819
"TCGA.E5.A4TZ.01A",0.0415604493105285,0.00257777379206312,1.13958612208463e-07,0.122484937334267,0.000266027740357471,0.00347114820194524,0.0018092471135174,0.000807978793859611,0.113682881412778,0.000183901674253986,0.335530643512385,0.377624897155432
"TCGA.XF.AAN3.01A",4.88993822485057e-08,1.44609371600043e-07,5.24837557531613e-07,1.33363084591331e-07,4.62725607806461e-05,0.0323070776978724,1.07197014583359e-08,0.000758190858080002,0.039340559020931,1.14621901909175e-06,0.927545024131626,8.67082593583904e-07
"TCGA.E7.A7DV.01A",5.12260861701927e-05,0.0399294954607698,2.74736077810834e-07,0.107778010514689,0.000750207988780183,0.0830575885474451,0.535338176648416,0.000691972607064912,0.223263689792518,0.00912169843474187,1.60735836698401e-05,1.58559965826802e-06
"TCGA.BT.A20O.01A",0.000422525380440748,6.59750854232352e-06,0.137107602293274,9.03657174124462e-08,0.000527672811509086,0.0411216524318689,0.310798121339271,0.0120319976601204,0.0022311930729712,0.167845533717593,0.327906282950367,7.30468323924053e-07
"TCGA.XF.AAMY.01A",0.100641861100159,0.00656757867454244,2.72963235058055e-07,0.342415145190186,0.00153205998219737,0.0848383475538285,0.00616082320447149,0.00277042634679101,0.217656689277387,0.00138450865446836,0.227497239031024,0.00853504802170907
"TCGA.BT.A20V.01A",1.77097191019736e-05,0.00559474066088738,3.11898474570686e-05,2.45425843681054e-05,0.000427574843444571,0.00549626263225931,2.71480635398549e-10,8.53493147538289e-05,0.103348937359404,0.00395574887029039,0.881017545139049,3.98757503766348e-07
"TCGA.GC.A3BM.01A",0.0616050546909544,0.00726104551315261,2.32894697630389e-07,0.146921039332068,0.00031639115451089,0.00871079183210404,0.00190276258117566,0.000228183579532787,0.134079815188389,0.000866652155559359,0.322856899639781,0.315251131438074
"TCGA.K4.A4AB.01B",0.0725316656532416,0.0156092091260436,2.23020624206586e-06,0.48965650777552,0.000753562710435349,0.112904162834296,0.0186256281472108,0.00176116942349089,0.191012881248184,0.000957911122795002,0.0961849829200623,8.88324784299508e-08
"TCGA.FD.A5C0.01A",0.058102725221838,0.00795777923307484,9.02689093224605e-06,0.370327910854642,0.000694027695999131,0.0895581480489046,0.00184135922797448,0.00222448672782285,0.07433819422227,0.000720034264690486,0.263604899027492,0.130621408584359
"TCGA.G2.A2EK.01A",0.102418109295769,0.0117740586368307,5.28111463832848e-07,0.250643390473732,0.000462671964150302,0.0313651909602785,0.000184239182469069,0.00159176827248997,0.0316019662260565,0.000680905168080843,0.0303512926092397,0.538925879099439
"TCGA.CF.A1HR.01A",0.06658248604093,0.00956092511856943,3.44296078684223e-07,4.86308680716872e-05,0.00149423738685983,0.0249974440134221,2.57036447474252e-07,0.00141363001129297,0.138345866951284,0.00182122981379457,0.531546419233062,0.224188529230187
"TCGA.GC.A3RD.01A",0.0422005161437107,0.00251065084251086,7.14487714865929e-06,0.164148609172816,0.000249440215540864,0.016557944558484,0.00155832944881542,0.000346676051892357,0.0723233400229496,0.000408836299262934,0.114058719347335,0.585629793019534
"TCGA.E7.A5KE.01A",0.0457638916120621,0.000692604148369468,0.000448801645978097,9.75119388225384e-06,0.000188251459756916,0.00582227872728276,1.12531910876267e-08,0.00019605335548172,0.133819738885729,7.30655932617711e-05,0.06896091712679,0.744024634998215
"TCGA.ZF.A9R9.01A",0.128756061043507,0.00897039295463071,2.37667174808283e-07,0.423161459455253,0.000531548936635709,0.113723415791079,0.00326896946858188,0.00150547586864326,0.0757120115611898,0.00102742833230231,0.00188866994566237,0.241454328975339
"TCGA.DK.A1AB.01A",0.0474229062288068,0.0115884795829618,0.00038724380387635,0.00039099532942106,0.000468429753396562,0.0997288766822891,0.00785844633061377,0.00212273335547022,0.13215054261073,0.00312177081380461,0.694705169821529,5.44056870999018e-05
"TCGA.GU.A42R.01A",0.0207955093379136,0.00331380610678082,0.000717221321569356,8.44137421908406e-06,0.000578096063796704,0.00995506427846994,8.29744804002563e-10,0.000466525374113562,0.250880336762463,0.000342846348310897,0.290891910534565,0.422050241668053
"TCGA.E7.A5KF.01A",0.0392363805834465,0.0037735757744619,0.000311803063707603,3.57627298450174e-05,0.000302338900931143,0.00235229425159599,1.41723127156571e-09,0.00026846392021607,0.170398809148223,0.00109738372038515,0.0900009477498604,0.692222238740096
"TCGA.ZF.AA54.01A",3.92861325562483e-07,0.000241611430016884,0.00203243753666547,7.94190667612134e-06,0.00500626509552095,0.16723297317455,0.312191567219519,0.00176401466305025,0.178311672609048,0.00884204035088462,0.324267334411086,0.000101748741657543
"TCGA.CF.A3MF.01A",0.0101802764645478,0.0161288209002887,0.000250246565251006,6.03005587225741e-06,0.000250904880614893,0.00286510852978987,0.000132872194206718,0.000117045746403955,0.0181039040584704,0.00012076060381823,5.69840499480349e-06,0.951838331595741
"TCGA.E7.A6ME.01A",0.144043978371534,0.0153783260546302,0.00373117066714489,0.316068267732857,0.00196514370228144,0.0218173778886909,0.00937999684894413,0.00223683928368136,0.150522660625091,0.0106059507469478,4.21450576807668e-07,0.324249866627621
"TCGA.DK.AA6M.01A",0.1060723716819,0.0392286860821651,0.000525721704796218,0.0458633793460905,0.000831780937721821,0.0328563871394727,0.0874841777263686,0.00682310476508056,0.0254260301903604,0.0126001832788127,2.38066614017154e-08,0.64228815334057
"TCGA.CF.A47W.01A",0.031385885229127,0.00605686184681695,2.84695768982870e-09,0.139425971296734,0.00144185128450179,0.00897432086682094,5.14298618902391e-05,0.000269521862587963,0.0678579985563624,0.00127711763623995,0.0924654161150954,0.650793622596866
"TCGA.XF.A9ST.01A",0.0966641011455633,6.51494013497964e-05,0.000253442854154519,0.30695972870719,0.000462855752463577,0.0113215587620306,8.12901798598963e-10,0.00172452913650941,0.0823130923436652,2.98173835094328e-06,0.000157700198739197,0.500074859147082
"TCGA.FD.A3SN.01A",0.112008211528137,0.00444302597737631,0.00023634608031427,0.214122084128143,0.000338006684939908,0.0423326696683607,0.00110949779130828,0.000655124013471943,0.108470265345035,0.00544734981907509,0.510236422446754,0.000600996517084789
"TCGA.FD.A3B6.01A",0.11690344822146,0.0631052503756471,0.00374600856822873,0.398565910146851,0.000953630541671732,0.0315311341261502,0.0725970634658826,0.000519684766242646,0.254598405297042,0.0571298011850022,1.09118921054383e-06,0.000348572116611131
"TCGA.ZF.A9R7.01A",0.249790448441042,0.0588146290537421,0.0171406487341992,0.384481397575177,0.000565599928519895,0.00611593420903526,0.0175637777500643,0.0052048648534227,0.0249172894169527,0.043583607281171,2.03860252270628e-07,0.191821598896422
"TCGA.BT.A3PK.01A",0.0727725576683477,0.0150040335496335,8.32655621373572e-08,0.581746634269994,0.00145598406675095,0.056579841195777,0.0157062886238118,0.00168360035697933,0.182602083835788,0.0036703052520894,0.0686614164883553,0.000117171426910874
"TCGA.FD.A62P.01A",0.0509353839214995,0.0225930008503174,3.14083959145214e-06,0.284464423946224,0.000938720783644668,0.0838507091771306,0.0169807494262567,0.00226146159888026,0.207638138160346,0.012380575054891,0.31784545768713,0.000108238554088371
"TCGA.LC.A66R.01A",0.294556239156357,0.0323129737067487,0.00546320713669913,0.0571234690885034,0.00102795988666306,0.0622349516441493,0.0186875061097807,0.00238435004473763,0.144914822701827,0.01690988442136,0.36438409383771,5.4226546407346e-07
"TCGA.DK.AA76.01A",0.0253328100696999,0.00095654774112054,2.11768039702556e-06,0.000205213937706373,0.000147784019393011,0.0205849339713563,4.87521496041202e-06,0.000142573624343072,0.0500833147729907,9.19387556811313e-06,0.045471681632113,0.857058953460352
"TCGA.DK.AA6T.01A",0.961274226790631,0.00180642374826761,0.00330833850622215,0.00016458325350365,0.000395293757802762,0.0149730914073159,0.0121860923071449,2.36803626182643e-05,2.7943448107386e-05,0.00580192491046879,3.21254006934414e-05,6.27610722414913e-06
"TCGA.XF.AAMH.01A",0.0464473902184106,6.87312096454393e-06,0.00197418115860893,0.165137518441976,0.0020616467934693,0.0184433936673695,3.53299214566911e-07,0.000741494831791862,0.1053935335975,0.000146429930372986,0.555725043388203,0.103922141552119
"TCGA.FD.A43U.01A",0.0984977187229573,0.00167616139346711,0.00812668170521652,7.92939389043799e-07,0.0012132099327558,0.044792586810233,0.0150185777430491,0.0015597215098373,6.4902515620671e-06,0.00480304299011921,0.824298622298766,6.39370264733094e-06
"TCGA.GC.A6I3.01A",0.5363561974767,0.0432784880861096,3.16763938873979e-07,0.100809747941108,0.0010793594297893,0.029644551539312,0.0154533603042836,0.00117347285387907,0.00148040260667312,0.0144173070933494,0.256305964752361,8.31152497341399e-07
"TCGA.GC.A6I1.01A",0.0514282216788281,0.00397360240288658,0.0117063001008221,9.40652267166444e-07,3.17022058330066e-07,0.00724191484558023,0.0340596812843523,4.58926547486134e-05,0.000597411686157563,0.0120997573791711,0.878845927255621,3.30375071469982e-08
"TCGA.FD.A3B8.01A",0.00119143240109432,0.0119214816935764,0.00711183516124254,2.72209009742123e-05,0.000188093826646416,0.13352031680804,0.0448342948898281,0.00592925718503732,0.000205393598697571,0.00927247622975487,0.785790711286925,7.48601818312367e-06
"TCGA.XF.A8HD.01A",0.104222008310008,0.0367653044977386,2.38027688631278e-05,0.10078445297082,0.000549011185828291,0.0277003349105501,0.0142104014325127,0.000417453403891611,0.121830738399441,0.0230076797969325,0.570482459942941,6.35238047270381e-06
"TCGA.ZF.A9R2.01A",0.0247439203242034,0.00541629927914711,3.1707868575456e-05,0.00916013614568848,0.000544542330688121,0.00194393568703391,8.75492744769866e-11,0.000382633083988671,0.203867878021814,0.00026730955877857,0.194722296332344,0.558919341280189
"TCGA.FD.A62S.01A",0.180013098604356,0.038422010302831,2.01335750946587e-06,3.13464295710079e-05,0.000907945112072719,0.2275276666012,0.058645737267086,0.00708256857650939,0.229913870299477,0.00492491408976334,0.252259552604294,0.000269276755330707
"TCGA.BT.A0S7.01A",0.122878262641013,0.00600034530165307,1.63817236689978e-06,0.284081028643458,0.00188149263630369,0.0263001515784401,0.00559055874131013,0.000450992761729832,0.0832768588179515,0.0012116037214347,0.000815575368221176,0.467511491616117
"TCGA.CF.A8HY.01A",0.0601901576829169,0.0064517034451335,2.67517258779652e-08,0.095938887963214,0.000975190729536562,0.0105592173037127,7.16069411351493e-07,0.000527406341109326,0.0412934944262092,0.000737758796942636,0.118101007770538,0.66522443271955
"TCGA.FD.A3B4.01A",0.296057814502176,0.0201785341399127,0.000734401886009015,0.033854887874245,0.000591792419507343,0.0796156947406188,0.0155250937100038,0.00504203534388768,0.10541125255302,0.0101712928368116,0.432673926149144,0.000143273844663993
"TCGA.ZF.A9RF.01A",0.00318340037742231,0.0445930944556387,1.42789091612082e-06,0.0242651988933655,0.000227050875899982,0.00123828135954025,0.039075265482914,0.000393629339520158,0.0288002592761375,0.0281204792320207,0.830093036498795,8.87631782978312e-06
"TCGA.FD.A3SQ.01A",0.138725175641651,0.0089432802474623,2.24730809487382e-05,0.00597233643045047,0.000837903567688026,0.150806075884623,0.00598462806728099,0.0026760413050432,0.0725168215579433,0.00188539185869436,0.611624620406285,5.25195192865563e-06
"TCGA.4Z.AA7Q.01A",0.290229611427243,0.0451898554314998,0.00357069738947714,0.351797445264382,0.000843600690313531,0.0232833390443685,0.0253521887480869,0.000690151533002057,0.173207112698956,0.0289373374255759,0.056895111450147,3.54889694821768e-06
"TCGA.DK.AA6S.01A",0.0372604727729446,0.0230571912589527,0.000303092761011441,0.304521278531858,0.000425372600697176,0.089154493346521,0.00596045633797883,0.00146010450559791,0.104652065015869,0.0060367910229438,0.426801656369886,0.000367025475739733
"TCGA.LT.A8JT.01A",0.0715071571372134,0.0128661438134733,0.000133404922431134,0.148269612321785,0.000796049425253753,0.0147629995661901,0.00314134867585438,0.000910781954462866,0.0608098215384711,0.00133144517897851,5.76666820300549e-07,0.685470658799067
"TCGA.BT.A2LD.01A",0.111938188373933,0.0121568802880323,2.5612504774737e-05,0.488149625484782,0.000846705112950996,0.0358134547669268,0.00941680776225834,0.000957187819124922,0.0750435290046308,0.00246604387039816,1.16346212496554e-06,0.263184801550063
"TCGA.DK.A6B2.01A",0.207216237240552,0.0453653004828993,0.000296759195328382,0.167069504966022,0.00152939101457903,0.115925121006793,0.0433222156379408,0.00624503723618254,0.30418956101602,0.0072438491357553,0.101496082434791,0.000100940633135544
"TCGA.DK.A3IM.01A",0.0281787622975993,0.000351561265155164,0.000236991136776162,3.23851670315769e-06,9.04685524105966e-05,0.0011124820361471,2.239812489442e-09,6.77603608113715e-05,0.211314402780592,0.00018171226482254,0.575071985959718,0.183390632589452
"TCGA.GU.A766.01A",1.39945504621071e-08,3.43331824739249e-06,2.12092837319708e-06,1.13387710983007e-07,0.000102582052677845,0.0222039230082537,0.0212779580727641,3.66275518310239e-09,0.101982984349534,0.0212354366960058,0.83319133014629,1.00382838123302e-07
"TCGA.LT.A5Z6.01A",0.19119624189934,0.0176611642017382,5.69865739229677e-08,0.167018262858636,0.000486871848518669,0.00868640588057858,0.00529734299305038,0.000642075032053733,0.129496574335345,0.00467764998755433,0.0600454649162394,0.414791889060372
"TCGA.BL.A0C8.01B",0.104035286028586,0.00213849673360775,5.71307330980911e-07,0.248566581032295,0.000686387938024935,0.017036939044281,7.41982937842144e-05,0.000407202882438885,0.0924119148098728,0.000713889715137486,0.100989014571502,0.432939517643138
"TCGA.FT.A3EE.01A",0.0737053821210301,0.00289224619078487,3.55475776801452e-06,0.414898321167411,0.000340538229008052,0.0119732017155069,0.000498530620476012,0.000806182127880557,0.0899055283661051,5.27686011610777e-05,0.160015412784451,0.244908333318417
"TCGA.G2.AA3C.01A",5.76931795688538e-06,3.42978012949473e-06,0.00448031901129863,0.0163171898703507,0.0021093986061707,0.0435446828156461,0.288191044161642,0.000163191828637452,0.139506563212401,0.0138294454138938,0.491686341976445,0.000162624005428116
"TCGA.KQ.A41S.01A",0.0310403532947106,0.00467427744629184,8.11885358354904e-05,0.193742271793021,0.00277096697351712,0.0787675455026432,0.0146899423104169,0.00272327375621451,0.22396502514964,0.00132383473177586,0.446212036386859,9.28411907470175e-06
"TCGA.DK.A3IU.01A",0.199543007754173,0.030680779827418,0.0386007356776959,9.36019567280437e-07,0.000923643509257541,0.10172084186197,0.0467238828577796,0.00230853486109579,0.0345155975892019,0.0579760374454991,0.487005556932985,4.45663355695522e-07
"TCGA.BT.A0YX.01A",0.0145136154274234,0.00734243050426154,0.00249489588473314,0.280419618428257,0.000143925434632691,0.00755734435201868,0.00417292297836834,0.00191923147957349,0.0476964428327179,0.00409043288487252,0.62963487772777,1.42620653720044e-05
"TCGA.2F.A9KO.01A",0.221604342328559,0.048602233131452,9.93749972917513e-06,0.499982822226725,0.000498434874630626,0.0641392449929643,0.0227883125507443,0.000895531539036883,0.0863727048253461,0.0221130426078084,9.5055448639025e-06,0.0329838878781403
"TCGA.DK.AA6L.01A",0.106988170350827,0.0270589213025606,1.20405730733612e-07,0.440868176211385,0.000833066892062428,0.0289015977936869,0.0225119585409274,0.00174927002435251,0.299216466187199,0.00679500048538767,0.0650702707618152,6.98104406516106e-06
"TCGA.XF.A9SP.01A",0.25118554279745,0.0180434858599181,4.05545992267819e-08,0.413553594308155,0.00280680501125528,0.225281450428528,0.0205656130543722,0.00608439877737423,0.0596416759795032,0.00282618609350487,1.02216755000274e-05,9.85459840148291e-07
"TCGA.E7.A4XJ.01A",0.038318537553743,0.00453574935164507,3.16920205444925e-10,0.111220130208873,0.000246151946805408,0.00800596390285494,2.52522686349403e-06,0.000499139251131688,0.065176347936259,0.000163290511898987,0.0016564992973578,0.770175664495647
"TCGA.XF.A8HB.01A",0.0435462258086841,0.00350845120080383,1.47957623927524e-05,0.078275817264062,0.000378548921590347,0.00674160566278498,0.00293299081836037,6.21346751663767e-05,0.0782410581320558,1.10691232322995e-07,0.129256247469338,0.65704201359353
"TCGA.SY.A9G5.01A",0.191955679619757,0.0640964240586941,0.00326451309537411,0.125956005601127,0.000998192783788084,0.134784446921879,0.0336001167905915,0.00501785836760602,0.183550453174186,0.0285918758845877,0.228111597483806,7.2836218603666e-05
"TCGA.XF.AAMX.01A",0.0627360273305618,0.00883376741529965,4.54133801130141e-05,0.0588108264882726,0.000804956377985104,0.0383484124732666,0.00875694408928671,0.000271643734863081,0.0779461513271486,0.000788916290336621,5.28131065518123e-06,0.742651659782211
"TCGA.ZF.AA58.01A",2.90989927373105e-07,0.0335419415354615,0.0473556586426941,1.40488893148472e-05,0.00167597550447546,0.169648649176176,0.269934400314004,0.00116990190592129,0.172725919488337,0.0943457429823838,0.209586208541597,1.26202970830287e-06
"TCGA.XF.AAMG.01A",0.0507896780651765,0.00911451117105934,2.15618455672341e-06,0.3959502397479,0.0015680597378817,0.0436078720524675,0.00780945496858758,8.08696113812317e-05,0.135810773918548,0.00185519274360457,0.0701258920076355,0.283285299791202
"TCGA.DK.AA74.01A",5.70491387910566e-08,0.000694656063883231,0.0114302906528233,0.000408713600922349,0.00199107043361607,0.122578893520352,0.0801909388398165,0.00374153948290386,3.58167303825213e-07,0.0154338276028467,0.763529184960318,4.6962607544932e-07
"TCGA.ZF.AA4T.01A",0.035960521985445,0.00283251364049644,5.69372125706867e-08,0.0160563794181877,0.000356816635797622,0.0077682944982756,2.80829816533437e-08,0.000232224646706268,0.0513301132865158,6.24936610746818e-05,0.0295076259014712,0.855892931305835
"TCGA.FD.A5BV.01A",0.0209557757067636,0.00615337941210878,2.78723677633072e-08,0.112658035887807,0.0006732548672578,0.0196372985664403,0.000396269743225893,0.000543193716429191,0.0649960841851367,0.000165786489296192,0.0761315112184267,0.69768938233474
"TCGA.YF.AA3L.01A",0.0198099963150464,0.0120397575969818,1.37779242972394e-07,7.91902047036645e-06,0.00401884944346055,0.014007727219904,9.3608889667682e-07,0.000631063873523705,0.106102568391797,1.66969129013464e-05,0.497239530571017,0.346124816786758
"TCGA.FJ.A871.01A",2.66362640861034e-06,3.23593458710801e-06,7.56881005732411e-07,1.63924842005501e-06,8.50346444304186e-05,0.0300091285324897,1.78379509860425e-10,0.000110832919212032,0.121878832367791,3.65692003609006e-07,0.847907509239266,7.36005455771331e-10
"TCGA.FD.A6TF.01A",0.104515982806865,0.00894059295958531,2.66077400389e-06,0.224642854881138,0.00435868430796432,0.163318617658783,0.00828570730826406,0.00333876324678395,0.0946442199482296,0.00201126110822866,0.385935361808093,5.29319206064086e-06
"TCGA.ZF.A9RN.01A",0.101000008805221,8.63456532235929e-05,0.0272120382715019,0.262363679920842,0.000330843164773378,0.00481894700721757,0.0100658296660968,0.00067590927598475,0.0701334164039469,0.023210083013954,9.85569222168478e-07,0.500101913248015
"TCGA.GV.A3QF.01A",0.0607740937530202,0.00189643090159575,1.1014788396605e-07,0.0602904738527727,0.000284261887728601,0.0123376080359671,0.000126568444254407,0.000361983297817781,0.0385924126042621,0.000595950206178825,0.00797242996898987,0.816767676899529
"TCGA.FD.A3N5.01A",0.0258977614860235,0.00871114031299089,0.000237468017725531,0.197796444332535,0.000590296757123239,0.0248223224189555,9.29823757279991e-09,0.00028746493276821,0.143534779081166,0.00463476947677884,0.438189969014644,0.155297574871051
"TCGA.XF.A8HG.01A",0.0161032632347267,0.000938496147419773,1.1969844581164e-07,0.00627811832511495,0.000109824775386183,0.00554223989798316,0.00104695570782311,8.88139367093391e-05,0.0290581000011006,9.95305629686367e-05,0.000422798969096956,0.940311738743225
"TCGA.XF.A9SM.01A",0.0639918893586714,0.0822745653752452,0.0478182546019475,0.328814165557102,0.00157663730883376,0.112060827014958,0.188001946001222,0.000931174862715812,0.0997072062611419,0.0748003023083401,5.72979286036368e-07,2.24583705355211e-05
"TCGA.XF.AAME.01A",0.0622546781444811,0.0181729101968039,1.5635236646156e-05,9.69093449235285e-05,0.00263771436557928,0.127226567330652,0.0139363781168651,0.003790936175858,0.000989998451508427,0.00349974778139937,0.767375693918038,2.83093724548831e-06
"TCGA.GC.A3YS.01A",0.0204934011427527,0.00798315222363834,9.26251018296219e-06,0.000108278686671721,0.000403315290894197,0.0554554684986991,0.00645754053729785,0.000893347371754264,0.0636724445623676,0.00214516703093794,0.842332598143203,4.60240016007423e-05
"TCGA.HQ.A2OF.01A",0.000108465062302112,2.77631319061247e-05,1.35914754294473e-09,0.829565301268199,0.000418800941717928,0.0265092017276034,5.38031315355056e-08,0.00025670459365104,0.128718227502797,5.74423885094381e-07,0.0143926937382968,2.21244736235998e-06
"TCGA.FD.A5BX.01A",0.039620356385561,7.27724359128382e-06,0.00389285918026507,0.202670344548662,0.00239175141927193,0.0813430052584643,0.0186053246363091,0.00205580117294185,0.0199003723632707,0.00387319817549277,0.625628259108334,1.14505078356704e-05
"TCGA.CU.A3KJ.01A",1.81359519006681e-08,2.23172477900421e-06,4.14728575927008e-08,9.34335895019118e-08,1.19527046446522e-07,0.000148802798293895,7.57663324384618e-10,2.01411295852318e-08,0.0018672586355738,2.81238200309469e-07,0.997981115662403,1.64725120741019e-08
"TCGA.G2.A2ES.01A",0.00511313270253231,0.0182656124513192,1.39957710108207e-06,0.368444884493208,0.00068200906238763,0.039483032199545,0.0175680602038842,0.00110256309254189,0.203895820201807,0.00658653664967331,0.338853078803688,3.87056231219088e-06
"TCGA.FD.A6TI.01A",0.0135901531844613,0.00761870567749123,2.42526714873145e-07,0.199594875849625,0.000438902338182773,0.0250571099453914,0.00114818554138478,0.00150234391623082,0.0972797342417286,0.000884572441536376,0.429455688416626,0.223429485920627
"TCGA.XF.A9SL.01A",0.18562810080998,0.0393057384195141,0.000283017031237355,0.06609476035012,0.00516330085699498,0.323977679533971,0.0142966781607249,0.0164799052099437,0.0129768635749372,0.00463301521199451,0.331121681187076,3.92596535058214e-05
"TCGA.E5.A2PC.01A",0.0380921234062204,0.0167796419297532,7.81952592801909e-09,0.204540569669762,0.000147966145450962,0.00785489803884717,0.0045616718452514,0.000183839005542399,0.132991155910449,0.00437971205699152,0.0606074104111246,0.529861003761082
"TCGA.FD.A3B7.01A",2.25754191625301e-05,0.00110918123325047,0.0120740372499666,6.81420374553074e-06,0.00125935001992312,0.0467462470008474,0.0260912799896522,0.00211446393819855,0.0459412273446767,0.0202025457606825,0.844429928220943,2.34961895175242e-06
"TCGA.BT.A3PJ.01A",0.00304037381360739,0.00891860372485069,1.89106957363963e-05,3.82354405894681e-05,0.000381737610316732,0.00611897974036051,0.0025794879685776,2.87964821521406e-05,0.0481161392958777,0.00303856836156042,0.927689862357052,3.03045093189156e-05
"TCGA.ZF.A9R1.01A",0.11397515303428,0.00823760354309836,2.68274662960045e-08,0.35039361753303,0.000592662852395902,0.0862241656883439,4.08078336542629e-06,0.00112208730934667,0.123498932456039,0.000759922357944595,0.0956275484582537,0.219564199156435
"TCGA.ZF.AA5H.01A",0.235205269543405,0.0632369103089972,1.31553404118287e-06,0.321187848101084,0.000573645828661741,0.0428050145614072,0.0397494562053238,0.000575571080730196,0.279454694392598,0.0172071884533961,3.06289710110557e-06,2.30932542604316e-08
"TCGA.BT.A2LA.01A",0.0754108183824623,0.000753685697887811,6.12213233133664e-07,0.0960668906727527,0.000494113658242514,0.0102737691769045,0.00174583831960988,6.39770666758242e-05,0.0671965552151204,0.000910524278338084,0.00213452114527002,0.744948694173503
"TCGA.XF.A9T4.01A",0.0539805892018926,0.00915318849624099,2.57390241824565e-05,0.192458349349983,0.000851207466483397,0.019214652700815,0.000418975836985785,0.000347009608787795,0.119682189975155,0.00408311915779989,0.527963996405269,0.0718209827764047
"TCGA.GV.A3JW.01A",0.0308780408055158,0.00126273647205317,0.000151509511657699,0.0532860568341709,0.000376988035102872,0.0170000874318835,1.70416326807708e-07,0.000624480699895841,0.0842967596552973,0.000389642756365618,0.0771564164013514,0.734577110980379
"TCGA.ZF.A9RM.01A",0.0389079083073155,0.00253721125763217,2.29188355182699e-05,0.000552857946643554,0.000306515605678546,0.0105047936788823,1.91427430005591e-07,0.000141234958687224,0.172187553678622,0.000584922691534416,0.0332364552151249,0.741017436396931
"TCGA.KQ.A41P.01A",0.0580920532992823,0.00981854731436789,1.18266979708128e-06,0.623290284694501,0.000734995529450549,0.0415138154573185,0.00876903041850618,0.00123131135401291,0.0797226167933288,0.00215854161707129,4.44546928958603e-06,0.174663175383074
"TCGA.DK.A3IK.01A",0.0934952543997712,0.0046626697483144,1.27890461014161e-05,0.133047589308549,0.000655939831378806,0.0362508069985362,0.000576394699645829,0.000952460475934003,0.0392485896462283,0.00136387002725221,0.00779914270475501,0.681934493113533
"TCGA.CU.A0YN.01A",0.205940767574937,0.0330193184869446,1.76369903223806e-06,0.232575217270507,0.000530458743910044,0.0440214907040434,0.00887715081225185,0.00150337539049075,0.192226051339696,0.00457630990704702,0.275920655298529,0.000807440772609682
"TCGA.4Z.AA7W.01A",0.38166462681659,0.145638183101336,1.75837759836138e-06,0.281155071651665,0.000264647381592114,0.0406827422093,0.050595631008361,0.000428407564104431,0.0059753258017058,0.0935907598309299,2.34990149980285e-06,4.9635531727008e-07
"TCGA.CF.A9FL.01A",0.0765730559301792,0.0034365352344095,1.38530347673637e-06,0.0888007005926032,0.000581129408009375,0.032234470499864,3.71137945284228e-08,0.000370174945371631,0.104023009111515,0.000435716109081845,0.267049976164712,0.426493809586983
