"","cellFractions.B.Cells","cellFractions.CD4.T","cellFractions.CD8.T","cellFractions.DC","cellFractions.Endothelial.Cells","cellFractions.Fibroblasts","cellFractions.Macrophages","cellFractions.Mast.Cells","cellFractions.Monocytes","cellFractions.NK","cellFractions.Neutrophils","cellFractions.otherCells"
"TCGA.C5.A7UI.01A",0.603951592748176,0.0573105061364428,0.00191533100626041,0.131711719430734,0.000765181286148012,0.0130452654847756,0.0205431733721774,0.00184784940796643,0.0349188149240178,0.0256699995300097,1.1880385440035e-06,0.108319378634748
"TCGA.C5.A902.01A",0.0626976470128115,0.0985369068769325,0.00871088241437607,0.370249770804779,0.00082726307986667,0.00625081647521456,0.00805968827519215,0.00120805255162794,0.214469700239893,0.0662661548880609,0.162607364528501,0.000115752852744639
"TCGA.DS.A1OB.01A",0.0789078988660375,0.0134745758883461,0.00037744994331193,0.524281251990332,0.000306965024511022,0.0129551402562982,0.0240989146535677,0.000842279964234321,0.221189489979542,0.00232739584596652,6.50777583434385e-07,0.12123798681027
"TCGA.Q1.A6DW.01A",1.94941277929064e-07,0.00304137565315127,0.00532666736100336,4.62007864638353e-08,0.000210166153631777,0.0120276253445417,4.12534300232719e-09,0.000449078401030547,0.156825018104355,0.00394516861207911,0.818174581142336,7.39604639248264e-08
"TCGA.EK.A2R7.01A",0.208237092290206,0.0191764797331279,0.000161960151202078,0.0547333800105504,0.000392842773906286,0.00788252323609583,4.12350943693717e-11,0.000990881981980239,0.0220067997053758,0.00709424431296737,0.679323336177032,4.59586321052442e-07
"TCGA.C5.A7X8.01A",0.643895249997996,0.0105486978649216,0.00828043293047608,0.000500063141594578,0.00157974867458696,0.0770990709256908,0.00574855236851836,0.0062370251824138,0.0720714889109119,0.0028357937731425,0.171129063602341,7.48126274066686e-05
"TCGA.Q1.A5R3.01A",5.66448011654688e-05,0.0198342419309782,3.49258243357125e-06,9.23762713481222e-08,0.000178601542091241,0.0132644283481777,3.39414024464059e-08,0.00235754912795531,0.0618720884038523,0.00690724159640295,0.89552221748221,3.36786705980273e-06
"TCGA.C5.A7X5.01A",0.0345860461109189,0.00233707974190429,3.52166139161831e-06,0.100809929916256,9.12460023685421e-05,0.00790284685195625,0.00235738348053546,8.9638676577954e-05,0.092814358628327,0.000315964507300439,0.259273208667979,0.499418775754485
"TCGA.ZJ.A8QR.01A",0.219808682965257,0.0049073471751462,0.0030319405403499,2.16727195469954e-05,0.000654358061619709,0.00925644731615673,2.50814997640484e-08,0.00149262766100608,0.321210360252969,0.00309545584924345,0.436519794211423,1.28816578143745e-06
"TCGA.HM.A3JK.01A",0.00881153636760669,0.0077002096763115,0.000987458895562989,2.75665439320882e-05,0.0010478379157431,0.0909306091198966,0.00314148300208098,0.00134104042812585,0.0239152174142314,0.00326925543368644,0.858781285521252,4.64996815698614e-05
"TCGA.EA.A556.01A",0.0400018300783442,0.00480437376394238,0.00212836928312065,0.347273296671367,0.000580815645593063,0.0648884230817679,0.00288866753272911,0.00107046961671006,0.170762764433392,0.00416440785642946,0.361166524192663,0.00027005784394172
"TCGA.VS.A9V4.01A",0.090498335007636,0.00679942189192899,8.84349415185678e-09,0.440427215665951,1.51656631103618e-05,0.0073920174248847,6.07627140776729e-07,0.000425588324415721,0.0340253172530852,0.000513298423501788,0.000145025991532028,0.41975799788332
"TCGA.IR.A3L7.01A",0.00010077958430936,0.000142405783861817,0.00121149493088632,2.78221259629506e-06,0.000344747791596386,0.0246545967801826,2.45557403230153e-10,0.000532885195845374,0.24927423528233,0.000569860266498446,0.723165975490138,2.36436197587191e-07
"TCGA.EK.A2RL.01A",0.177208127180877,0.0158415223772508,0.00044138683233117,1.90008406240992e-05,0.000383144701182503,0.0177503832962095,1.69331081330241e-07,5.56597131628492e-05,0.225716944757849,0.0041748399554511,0.301005561511732,0.257403259502249
"TCGA.VS.A94X.01A",4.54355132896609e-08,1.15437279381298e-05,3.28808318513926e-07,1.37953790388793e-06,3.4361252726055e-06,1.10108551130709e-05,7.85023837649559e-10,5.91020247923637e-06,9.4118608430423e-05,1.80154896977112e-07,0.999871947764877,9.79942329709376e-08
"TCGA.VS.A9V3.01A",2.15646345009266e-06,0.04218057850984,1.68808211968029e-07,5.4144926107221e-05,0.00027564892960387,0.0124757466263237,0.0234685192167645,0.00236245542014994,0.268007523553881,0.00775955373382804,0.643413432071447,7.17403922941146e-08
"TCGA.EK.A2RO.01A",0.0612652663370149,0.00607462066228079,1.3861776763524e-07,0.324899918148958,0.00067724638433813,0.066419761773288,0.00505540590520265,0.000260404873314559,0.082311349814411,0.00648776188914397,0.0218498376309932,0.424698287963287
"TCGA.JW.A5VJ.01A",0.137682405218535,0.00405975016982985,0.00254553287375463,0.207325353984675,0.000324634523634904,0.00656938537978352,0.00488190153374821,0.000487681512412719,0.126182142613105,0.00196907455197011,0.425291311205588,0.0826808264329642
"TCGA.MA.AA42.01A",0.479655157297339,0.132405204515117,0.105544698174629,0.00258068957969748,0.000707659975224018,0.00653307234781814,0.130039846949776,0.000500585610984357,3.36199343464039e-06,0.140748175928833,9.81161645032077e-06,0.00127173601069705
"TCGA.C5.A1MK.01A",0.0433268776949816,0.0213230172066684,6.22251936010445e-05,0.671271766439018,0.000441487842393441,0.0605018430702708,0.00988112606579533,0.000523547667370127,0.135740904798384,0.00489091599005724,0.0519165124256441,0.000119775605816065
"TCGA.UC.A7PG.01A",0.0313288681287223,0.00521932878138012,0.00324542692668736,4.08816728965058e-06,0.000184334200521517,0.0150411375212962,2.35434330642977e-08,0.00159542538111631,0.192818949040404,0.00290023570149658,0.622931279699579,0.124730902908074
"TCGA.VS.A9UH.01A",0.00471934565734123,0.000162781703681066,0.0296340595693801,5.66735085986839e-07,0.000189512236915748,0.0146957449372513,0.0565764562759722,0.000605477099555813,0.00743011620946793,0.0225972203250839,0.863375086165785,1.36330844794236e-05
"TCGA.4J.AA1J.01A",0.0553956644855096,0.00664985624745767,2.44015815576188e-05,0.187862672315133,0.000721002025568078,0.0808144580610605,1.24973598224529e-08,0.002357398808987,0.197897744571613,0.0031425327175677,0.452305438800564,0.0128288178876233
"TCGA.C5.A1ME.01A",0.187000636469263,0.019714601499365,0.00298288482879748,0.22728950516607,0.000787719408936625,0.00747475206968682,8.51265016645492e-08,0.00357178420059581,0.0501738790771538,0.00862419065915482,0.492379717220357,2.44274118438293e-07
"TCGA.C5.A8YR.01A",0.0544756924774488,0.0621232845749958,0.00641123894199735,0.000238015846691614,3.2739628579658e-06,0.0182163896680158,0.0779200599904817,0.00116939479454388,0.371832563187759,0.0579871888680862,5.73713924292134e-06,0.349617160547879
"TCGA.EA.A5FO.01A",0.0394998236900132,0.00813628480403656,0.000839165641004621,2.159369010821e-06,0.000116252185227792,0.00760298614465729,1.04100227037386e-08,0.000220670972608337,0.530522046148308,0.00220927716992847,0.386571827030623,0.0242794964345595
"TCGA.MA.AA3Z.01A",0.0195907731664114,0.0506185837075893,2.13006115391688e-05,0.0775115358525958,0.000155940333613549,0.00549021762060061,0.00405614503691742,0.000393539599424926,0.140536281952826,0.0213453552840953,0.680268610314887,1.17165194997132e-05
"TCGA.C5.A8XJ.01A",0.22075536479794,0.00608524220908526,0.0227218691433271,0.0416390422197693,0.000737851395112953,0.0698676841658369,0.0123386995563901,0.00110239805127878,0.24914134446836,0.0166304825330639,0.358978155805757,1.86565407974254e-06
"TCGA.R2.A69V.01A",0.0244501706565645,0.057286554223566,0.0399738205467038,0.0364654610733159,0.000399348292573557,0.0131600649896789,0.110088048346882,0.00282421245725582,0.0121321603079395,0.0636065945963671,0.639610209563167,3.3549459855147e-06
"TCGA.C5.A1BM.01A",0.0244654149386533,8.06090751230843e-05,0.019322629235634,0.000572640847124975,0.000145837082916849,0.00876601059121444,0.0506090731302301,0.000553695812799554,0.223847388630291,0.00671526378099885,0.66490402368875,1.74131862635894e-05
"TCGA.ZJ.AAXD.01A",0.00172483452761137,0.000816187145121206,0.00415145266824518,2.41010042347257e-06,0.000293742832757954,0.0457680837254001,3.88342207305889e-08,0.00137556089634885,0.218942829423649,1.50488447615815e-07,0.72692321510256,1.49425521402981e-06
"TCGA.HM.A4S6.01A",7.92616340598793e-09,0.000451494792161316,0.0149547415790358,6.29324891694012e-08,0.000269522695342739,0.0165668083388225,0.0208289311451256,0.000253704616384732,0.131030376666002,0.0184084762625135,0.797235844838876,2.82070828886083e-08
"TCGA.EA.A5ZF.01A",8.69462942554945e-05,4.81654201344034e-05,5.67852324598369e-06,3.96708430683383e-06,0.000472355675327195,0.0401600889749947,2.83671977332115e-09,0.000713117238058316,0.132971598905899,1.88269185872939e-06,0.825536171743911,2.46112883983875e-08
"TCGA.C5.A1M6.01A",0.0381109733649714,1.19011746814861e-05,1.5463655468061e-06,0.0123929802804139,3.86891590513008e-05,0.0139338529397936,5.12616169362532e-12,0.00032644441980493,0.147945787974295,2.71128356591817e-06,0.787235097360389,1.56723612990875e-08
"TCGA.DG.A2KK.01A",3.12959636662607e-08,2.11937681844779e-07,0.000212349000277676,1.27918561617169e-07,2.7819510533586e-09,0.00353516460255561,1.95503562569318e-10,6.22728505448794e-05,0.031794531276157,0.00250907955912065,0.961886224813988,3.76769395570931e-09
"TCGA.HG.A2PA.01A",0.000525518009866653,0.000383323384385238,0.00573928511431622,0.000279517673432958,0.000320232664654591,0.0132141839716751,2.78361327398326e-09,0.00354813171090435,0.0693989621164353,0.00458075845080149,0.902009917870876,1.66249038390253e-07
"TCGA.VS.A8EH.01A",5.87655288598642e-07,1.37775591406033e-07,0.00011413883421837,9.00379849907942e-07,6.70411970590883e-07,2.95049530440277e-07,1.31778742401395e-09,0.00039621163553593,0.00283247029704163,8.14948658728777e-09,0.996654567732442,1.07612572069953e-08
"TCGA.FU.A5XV.01A",3.03697867478057e-05,0.00062841398298584,0.000339585625316669,2.02526829593102e-08,1.079185255716e-05,0.00775887102995338,4.07104029510139e-08,0.0033801233864494,0.104405208941033,0.000176800982567881,0.883269648520077,1.24929225326503e-07
"TCGA.C5.A1MF.01A",0.275223038189718,0.0224323066168747,0.00017348227050878,0.402847871839297,0.000245432597670784,0.0209375007819624,0.011816087888005,0.00312645707060195,0.0496195726414374,0.00841227213519308,0.205134620280391,3.13576883390927e-05
"TCGA.EX.A449.01A",0.505021956450779,6.81721922821818e-07,2.57385445863166e-05,2.49345331041617e-07,0.000494706245537979,0.00916300063962791,6.68180041883311e-10,8.44006880430293e-05,0.0516080357611493,0.000900499743526723,0.43270071548195,1.47093663422071e-08
"TCGA.C5.A2LX.01A",0.433574833324727,0.0847075527789857,0.0743642913589341,0.201398660133914,0.000368470984227169,0.026556025523327,0.0378972741500503,0.0170226859325338,0.0747514666281077,0.0449724046505971,0.00437283285368212,1.35016809139686e-05
"TCGA.HM.A3JJ.01A",0.0156565643478841,0.00591406781125303,0.00672152036134383,4.38172440417856e-06,0.000307386862002608,0.0404622232604699,0.00789373014601082,0.00218293779406003,0.0848278989088376,0.00467391572986793,0.83133476415879,2.06088950764248e-05
"TCGA.LP.A4AW.01A",0.117357840392235,0.00937900390460359,1.70757396698099e-05,0.0736596781463497,0.00292406112869793,0.232991001043342,1.68234288810208e-08,0.00246685486292188,0.0482816479636036,0.00213599684229975,0.510783157699069,3.66545377851319e-06
"TCGA.C5.A8XH.01A",0.0701878965677848,0.028420702959613,4.4046486292041e-06,0.259231362261046,0.000224475669486415,0.0130036149913525,0.0185073606814436,0.00126448565064723,0.21134066501939,0.0137770626502289,0.383992305291355,4.56636090234928e-05
"TCGA.EK.A2RE.01A",4.88200331210731e-05,0.00330372491848303,0.00122906249391068,1.66268715699786e-05,0.00102692775948303,0.0203939528936372,3.16660232648614e-09,0.000118083634686976,0.421016517818184,7.01631378329214e-06,0.445682002490619,0.107157261605919
"TCGA.EK.A2RC.01A",0.107151563508812,0.0303294629491677,0.00590683936829958,0.000134121002000112,0.000435217001086614,0.0212698258654793,0.00914467629895592,0.00206970428991424,0.110691611905213,0.0086423455413632,0.704221283505029,3.34876467857312e-06
"TCGA.EA.A3HU.01A",0.191161806050438,0.0671914000632481,0.0217421439356167,2.39518763940781e-05,0.00032935478424559,0.00664389126119838,0.039873756521232,0.000278222441703074,0.0833463285322773,0.100300576455585,0.489103917764109,4.65031395281469e-06
"TCGA.EK.A2PI.01A",0.0295899263154444,0.00186638601115975,0.00158443770848994,5.45592305443325e-06,2.79081595298951e-06,0.0227704975865788,3.0418155378961e-08,0.00113046369000297,0.160645228986378,0.000308954605367958,0.485315050137908,0.296780777801508
"TCGA.EX.A8YF.01A",0.559294139195369,0.0120482542541885,0.0217620558621036,0.000200865537628546,0.000319910285408944,0.00707217924899155,0.0122984920103167,6.96792967785631e-07,0.0568967268331244,0.0186285090927686,0.311477303486417,8.67400715733035e-07
"TCGA.C5.A7UC.01A",4.1092694441869e-05,0.000248521408807862,6.41501807012337e-05,4.13429149404951e-08,6.00287734377205e-06,0.0300398028430832,2.81095249054712e-09,0.000546624002592039,0.175645330125653,8.42638478102339e-08,0.793407790984416,5.56465246390185e-07
"TCGA.EA.A3QE.01A",0.207237116610925,0.0731755587931387,0.0175277089738676,2.1936821445756e-05,0.000314208565301505,0.00939685204590929,0.0178933645682003,0.00166419956091384,0.163505319480039,0.0300234882564975,0.479230021204,1.02251197619948e-05
"TCGA.EA.A4BA.01A",0.0634069405589095,3.80717555339994e-07,0.00202250539110605,0.104900066558166,0.00513990903087174,0.0534580738230084,2.96992997071671e-08,0.00211761497909028,0.30173436515133,0.000323034712126233,0.291940623146941,0.174956456231595
"TCGA.EA.A411.01A",0.207574861503023,0.0158117083683255,4.62533381738896e-05,0.268129548388088,0.000927791181711988,0.0693933717803455,0.00346491336413523,0.0023842536158162,0.0858523126519922,0.00269885215878215,0.343706491436226,9.64221338030222e-06
"TCGA.IR.A3LL.01A",0.0889274035122706,0.0540099263338006,0.0156653126497218,0.516950644864614,4.61610985489959e-05,0.00438098774668938,0.0644979142052466,0.0168206362208695,0.011726652390907,0.0461349897535332,4.01935435714222e-07,0.180838969288363
"TCGA.IR.A3LF.01A",0.13717993412951,0.0344586048210951,0.00603894545464827,0.428443326969673,0.000638637127075689,0.0237530895873885,0.00414945252774386,0.00294661387560782,0.142317528003313,0.00757972969440558,0.0786086995024232,0.133885438307116
"TCGA.EK.A3GJ.01A",0.0392461736764135,0.0394051957669077,0.028843986328133,0.397973540343314,1.862375856192e-06,0.00523447041121502,0.0653141961509452,0.000677387974778514,0.236768470008014,0.0410102524872867,1.26441385308562e-08,0.145524451832997
"TCGA.ZJ.AAXI.01A",0.0314997019934331,0.0032288534056409,0.00324747488800913,4.25528540932609e-06,1.56457661719494e-08,0.00280323438766454,1.77405202746377e-05,0.00019061592830405,0.373199579370313,0.00251142427012118,0.419019383303922,0.164277721001142
"TCGA.C5.A1BI.01B",0.190426521660418,0.0363860713172716,0.00090975496965758,1.36775582684594e-05,0.000396817550547421,0.0152516523711341,0.0111633055690222,0.00152860622942175,0.124063528527074,0.0123358396446634,0.607523805943346,4.18659176074298e-07
"TCGA.EK.A3GK.01A",0.0906951235970388,0.018681608229212,0.00860753262125767,0.231071955623686,0.000135415622360107,0.00895531065712543,0.00571190911317495,0.00172842735704056,0.288007922480239,0.0164732092279885,0.329838559860545,9.30256103320205e-05
"TCGA.EA.A3HT.01A",5.25290107224505e-06,1.9930192074514e-05,0.00094397428032891,2.74955126367415e-05,1.81514591817886e-05,0.0268824009395174,2.20581650507544e-09,0.000900439743955149,0.0298195718610229,4.95183737946784e-07,0.941382110232209,1.7548844669891e-07
"TCGA.C5.A2M1.01A",0.020248406610868,0.0155021661395387,0.00963386701735028,1.30852919348026e-05,8.36153529016655e-05,0.00371455186660321,0.0103276711350398,0.000502823648503349,0.0662144930404514,0.00939326604938167,0.864366047808875,6.03855206982121e-09
"TCGA.VS.AA62.01A",6.49016612515313e-05,0.00848099554615565,0.0134831128919314,3.08954477285656e-07,0.000129413108177584,0.00525270366403333,0.0014866332035596,0.000543130558494522,0.00116326959201049,0.00735987298886027,0.962034952543737,7.05287311476577e-07
"TCGA.JW.A5VL.01A",0.022795171387581,0.0433131589451815,0.0220279154593003,0.404589744175217,0.000302707882506485,0.0146359175582805,0.0632436029993539,0.000146948831571075,0.28859678956511,0.0413020882623913,0.0990458626294393,9.23040673503636e-08
"TCGA.EK.A2IR.01A",0.0358856654887651,0.00110992738069895,1.1877202991428e-05,0.0499431181825507,0.000115633339590781,0.00614680826625722,0.00211221741203474,0.000217726165613658,0.0638200590980254,4.46698802999157e-05,0.0166391083296584,0.823953189253514
"TCGA.VS.A9UD.01A",0.365742866148856,0.111906962973675,0.0587278722253319,0.22385244386905,0.00039421627534936,0.00347630709023858,0.117772341197599,0.00260828435600201,0.0247813132624004,0.0907092880649377,1.68945677210216e-07,2.79355908824396e-05
"TCGA.VS.A9UR.01A",0.000130836039182761,0.0104994223875094,0.000567393716705283,6.97702096328986e-05,0.000127775123844548,0.00874651026272766,2.26083358741777e-11,0.00049739267662993,0.236825943565726,0.00281663293215523,0.73971830671351,1.63497684648376e-08
"TCGA.FU.A3EO.01A",0.0273210033339688,0.00651281542815889,1.73165415895585e-08,0.241929512166135,0.00041974230428533,0.00738469787353698,0.00135493801236469,0.000653206641256767,0.00544844601271713,0.00219134171019751,0.706782021890819,2.25731001860119e-06
"TCGA.JX.A3Q0.01A",0.161199679500543,0.017445303604448,0.0314604297105876,1.3107860240309e-05,0.000206393755331045,0.0141225745751505,0.0481997443394358,0.00023586525491149,0.297075954066516,0.0271343825227214,1.89661750977969e-07,0.402906375148364
"TCGA.VS.A8QH.01A",0.033685305025496,0.00190797047554534,0.00148065629310969,0.286960431142265,0.000164760133065335,0.00733331672051677,5.66858893672597e-10,0.000288113795749264,0.0597219167311358,0.00107979336156617,0.0505724640105082,0.556805271744183
"TCGA.EK.A2RM.01A",0.0469908364541492,0.00611407247015552,3.35430312519176e-06,0.107692629249548,0.000174400431558921,0.0542394404911061,1.13193829689063e-06,0.000264680318505672,0.158352591305198,0.000392788524403268,0.625769620416672,4.45409728021251e-06
"TCGA.ZJ.AAX8.01A",4.52830855519933e-08,0.00512907169062781,0.00911978671017788,1.27486699360346e-06,0.00013181038731342,0.0223151345275656,8.48797297961312e-10,0.00392224654277203,0.0353312818857551,0.00328292500959716,0.920765186781112,1.23546620275128e-06
"TCGA.DR.A0ZL.01A",0.0771633522513999,0.00810105025675812,0.00145817654669263,0.0834614872028059,0.000301385025843021,0.0195822158540995,4.61783536302057e-08,0.000524390934324186,0.191685730512083,0.00132842458491812,0.124143118836349,0.492250621816374
"TCGA.2W.A8YY.01A",0.0757369121676619,0.00342105112435768,0.0037843714736421,0.121847704175376,0.000329137868587992,0.0133288299129073,0.0059927889830542,0.000154579345261459,0.0810154262384427,0.00404702980404636,0.690276910225977,6.52586806853905e-05
"TCGA.BI.A0VR.01A",0.143667792751066,0.0203623071861907,0.00628044846094445,9.53037698748241e-09,0.000231331913819756,0.014730520825613,0.00527582185962716,0.00195515148825989,0.0732223263504654,0.0144545928678653,0.71981968411487,1.26509008380342e-08
"TCGA.FU.A23L.01A",0.0917603754802363,0.0528746035793839,0.00903484804088718,0.193120468729664,0.000539053571763418,0.0521115383667744,0.0213901138261163,0.000646703077794124,0.194765261780349,0.0207161617131363,0.363040169036314,7.02797581370061e-07
"TCGA.VS.A8EJ.01A",0.104636267726165,0.0113045039414238,8.70045612594919e-08,0.27667048807401,0.000132916713351243,0.0397511290639166,0.00107062727707253,0.00031522464193738,0.0897457656830191,0.00501018950713907,0.342419581859609,0.128943218507794
"TCGA.DS.A0VK.01A",0.0401384820789452,0.00891757034365828,0.000316585179960392,0.0218233835122554,0.000917675920193287,0.0310455659034499,5.62385248688239e-08,0.000346032003699224,0.142902176390217,0.00162286553583213,0.561905180208699,0.190064426684565
"TCGA.LP.A4AX.01A",2.84036151299982e-05,4.70090931713034e-07,0.0272088068571019,5.31318214157658e-08,0.000306716882289554,0.00657702741344172,0.0149892259707374,1.32953145819201e-06,0.0263296390391056,0.0361219714685365,0.88843632906008,2.69393661194199e-08
"TCGA.EK.A2RJ.01A",0.221248486389547,0.0407313266079707,4.87259939968866e-07,0.534853747584712,0.000182057147195064,0.00684363473002814,0.024895662961356,0.00109386843124034,0.121732555321025,0.0410149379267081,7.54721918455754e-06,0.00739568842109312
"TCGA.JW.A852.01A",0.057840269981747,0.0148382582970948,1.1477289548304e-07,0.120389586947486,0.000258239900320712,0.00233575822387962,2.12515021639447e-06,0.00253183666287378,0.0567970026330626,0.00334785705985546,0.670696201883703,0.0709627484868655
"TCGA.Q1.A73S.01A",0.0338299910723989,0.00197821135377883,0.000231067169647067,0.207761785781504,0.000138227922891224,0.0182116886705334,0.00808927054506866,0.000313200420765862,0.128785876537968,0.000129492303174677,1.02409028639862e-06,0.600530164131983
"TCGA.ZJ.AAXU.01A",0.301550462915104,0.0121144851872662,0.0173721148203681,1.40917329096092e-06,0.000199250136071468,0.00618654930585282,2.82167751695929e-08,0.00149938287368731,0.0471751686662702,0.0111499231809123,0.602751159807046,6.57173552881792e-08
"TCGA.C5.A1MI.01A",0.190293667267174,0.0587950638678152,0.000257377574384061,0.2999715379045,0.000639092194620925,0.0750870192164988,0.0179127766906563,0.00139632612052881,0.111554244546391,0.0120481120398845,7.92989532220772e-06,0.232036852682224
"TCGA.VS.A8QA.01A",0.0695422089639124,0.019085868842689,6.46859311862001e-06,0.278572184298785,0.000266627483362702,0.0022829306547678,1.99824190240602e-09,0.000219529431894552,0.142557898682867,0.00924384528862143,0.422172891488879,0.0560495442728604
"TCGA.EA.A5ZD.01A",3.23358251276446e-06,0.0154269562990541,0.00139730789142472,0.0193181429557838,0.000463785244967671,0.0110615945600758,0.0120626249105609,0.000952527513389787,0.0861022443743758,0.00496313920826814,0.84821205044786,3.63930117264214e-05
"TCGA.XS.A8TJ.01A",0.041989423006992,0.0138331999188869,4.09346264668836e-08,0.0734991836168055,0.00143116209679782,0.0122180050031799,0.00364840699096962,0.00386860749105763,0.112300924008035,0.00467173953703148,0.732539297557212,9.83840552666679e-09
"TCGA.C5.A7CO.01A",0.102728089580527,0.0145615095167031,0.0106621950996448,0.120812048823567,0.000388253281373184,0.00704873415424532,0.0102964230045678,0.000291803847855059,0.218676885477617,0.00582592653795762,6.80470495899646e-07,0.508707450205446
"TCGA.MY.A5BF.01A",0.0257367074752145,0.0183794366594157,0.0205426013876281,0.24168364185069,0.000446716678947845,0.00483193808310721,0.0112231599005343,0.000178478827540951,0.187540888353582,0.0242679643870174,0.465127336884747,4.11295115753426e-05
"TCGA.C5.A1BL.01A",0.218105091707039,0.0561667070585983,0.0127400907177221,0.280829328855312,0.000210408467242201,0.00910891162905806,0.0457778580041102,0.000771944661374182,0.346734916495745,0.0295207183617887,1.6124307756173e-07,3.38627989326795e-05
"TCGA.C5.A1M5.01A",0.119181748420706,0.0349536441985649,1.70193767218984e-07,0.135791231145788,0.000275566666079373,0.0111060183542471,0.00140156768199083,0.00189024743597514,0.0460010241761457,0.00686710286404886,0.642522795905711,8.88295697585231e-06
"TCGA.DS.A5RQ.01A",0.020573447737802,0.00872348010272915,0.00124179669974935,0.0322659579928298,0.000226809117337271,0.00594764109226136,0.00192598630535673,0.00040452905647858,0.0805118942696173,0.00331037149201792,0.844867783285292,3.02848528164211e-07
"TCGA.JW.A5VG.01A",3.14846406091206e-06,0.00394790648166623,0.0044001460852883,2.04159773995351e-07,1.35203171223313e-05,0.00585536852285508,0.00107284863268747,0.00119860809280873,0.0142857165969521,0.0108985889548762,0.958323943243308,4.48600710065384e-10
"TCGA.WL.A834.01A",8.08588602768465e-06,3.1221512534511e-06,1.86009867536358e-06,6.11237763002921e-07,0.000413333490570228,0.00995874216201446,1.2607393618899e-11,0.000237277152120971,0.036787254871456,4.32867043897137e-07,0.952589187245061,9.28254066035963e-08
"TCGA.DS.A1OD.01A",0.285456919286618,0.13001756537003,0.0580767894785777,0.0238111455970609,0.00176526690592202,0.0560683002991162,0.050016776234931,0.00442737657959291,3.10884892532582e-07,0.05164474931382,2.54146341401648e-07,0.338714545903097
"TCGA.Q1.A5R1.01A",0.000517509745780362,0.00429077900376533,0.000841491369134333,5.47997298729646e-09,0.000317242582602866,0.00700428846254766,6.75862889693449e-10,0.00151440457020102,0.151899194354291,0.000948360999297765,0.832666627636452,9.51200913733878e-08
"TCGA.ZJ.AAXF.01A",0.153983244961729,0.0179238448143143,0.0142770956248712,3.68057294716944e-05,0.000955679973342487,0.0159803874569869,0.000603433843155462,0.0011794012524613,0.0800876686337239,0.00621622316615729,0.708755697317576,5.17226211049799e-07
"TCGA.LP.A5U2.01A",0.190471406522421,0.00374567364129013,0.0141830267150988,0.000186832538062278,0.000199740528836983,0.00736601794561165,0.00939035461158762,5.20562293071322e-08,0.0746827932365505,0.0149464670307889,1.84996199549726e-06,0.684825785211527
"TCGA.C5.A7CK.01A",0.151656591936552,0.00346806259374142,0.00053091632155421,0.233368424186041,0.000396856141044281,0.059141833753587,1.82673430404849e-07,0.000481595306193813,0.112392550459572,0.000613356623069391,0.313809336700752,0.124140293304462
"TCGA.ZJ.AB0H.01A",0.269499046320338,0.0276321349802359,0.000894954361042506,2.67897205934129e-05,0.000813195896957869,0.0161280102728248,0.0134610669653556,0.000923801278647903,0.0333244919172587,0.0109879480980114,0.626306191813124,2.36837560982828e-06
"TCGA.EK.A2R9.01A",0.0474092399413922,0.0210657530469035,0.00399144150134172,0.0252127893053693,0.000133259820399223,0.0261406386259154,0.00112814624622007,0.000154257458638349,0.0318643527912647,0.015359850664438,0.82753383202924,6.43856887705657e-06
"TCGA.VS.A954.01A",0.254991594475707,0.0314589977453551,0.00608829058533117,0.257316959837934,0.000432791949388965,0.0351391911113263,0.0175611351923542,0.000253428650679119,0.38168685105973,0.0150698064549056,7.692317882544e-07,1.8370550062254e-07
"TCGA.Q1.A73O.01A",5.63995495131598e-09,1.95123630961708e-06,4.41637313780636e-06,3.10801791442261e-05,1.02866608956461e-05,0.00231972141888767,3.21185961142252e-09,0.000749426152952988,0.000933496513020518,0.00150846646362218,0.994440989689031,1.56461183730988e-07
"TCGA.VS.A9U6.01A",2.25260106389704e-06,0.0124321705383426,0.00241971111615477,8.05219226859918e-07,9.09176299306392e-05,0.00894508015010898,7.93786529881328e-09,0.000830452549756405,0.0881948966612647,0.0053729403790192,0.881709901357293,8.63859973388057e-07
"TCGA.EK.A3GM.01A",0.0970406337869329,0.000524152143667017,0.0017802274948345,0.114449502854502,1.80727141038438e-08,0.00836611986496472,5.50806338507875e-06,0.00113098561502238,0.103157231112679,0.00251964498682399,0.0717204227971908,0.599305553207284
"TCGA.C5.A7CJ.01A",0.148433470186084,0.0406144233216986,3.76467644270167e-06,0.000214755825015017,0.0011678087288804,0.045343917644575,0.0108004175494973,0.00441454012426227,0.179083990565129,0.0107374904628475,0.559171841005372,1.35799101962208e-05
"TCGA.FU.A3WB.01A",0.128867568219773,0.00742435120047817,0.0041538236304507,0.0959896381249359,0.000312687973331937,0.0252251253757546,0.00199528659351803,0.000791377280208548,0.147440767470454,0.0051525338636109,0.153533963592512,0.429112876674973
"TCGA.VS.A9V1.01A",0.3975938462779,0.00131255668274107,0.0023787822721924,3.68038884656319e-06,0.00045549750047647,0.00813258918341416,8.68281755495302e-11,0.000136033805340127,0.231616208994549,0.00766646995020999,0.35070432911398,5.74352269412645e-09
"TCGA.C5.A1ML.01A",8.87817093739687e-08,0.000696344125244381,9.52402552272961e-05,1.58455931768631e-06,0.000108954856382148,0.00107423635249872,4.96760758624157e-10,2.25880330151191e-06,3.92039687878256e-05,0.000174284611241665,0.997807747940763,5.52487655284689e-08
"TCGA.IR.A3LB.01A",0.0679429595962247,0.0119664564692253,0.0026572105115168,0.211466982702319,0.000347281694690594,0.0453156795629549,0.000479881706927141,0.00197433678995997,0.0972552115123902,0.00561451523784613,0.488922002215312,0.0660574820006331
"TCGA.VS.A9U7.01A",0.0313435971216849,0.0150027153618001,0.00647756130670995,1.92594851449069e-07,0.000137262976287971,0.00431681333253838,0.0024348614504375,0.000548285334505651,0.0424924960973129,0.0111698723110552,0.886075264698118,1.07741469826427e-06
"TCGA.EK.A2RK.01A",0.0768538385440114,0.0330444623368077,1.10964472338511e-05,0.444830346399413,0.000629730696069908,0.010486919106872,0.0180126845857579,0.00072888348504763,0.0952783283985283,0.0118402302068052,1.0629825281777e-06,0.308282416810925
"TCGA.C5.A905.01A",0.0557982691007971,0.010426324896819,1.07220736413297e-06,0.0765558555807173,0.000270282307318371,0.00512588266312351,0.001379697376191,0.000496691727091392,0.137671098397749,0.00267611897040052,0.336671061318547,0.372927645453882
"TCGA.C5.A3HL.01A",0.00584907447623083,5.72518928122986e-07,2.75995254408504e-05,1.11314900512567e-08,2.93452497183799e-05,0.00266881434781208,2.77784258744728e-11,0.000658025911553229,0.00988424945815547,1.15822046307643e-06,0.980881134434604,1.46978249391605e-08
"TCGA.C5.A1MH.01A",0.0349480605777238,0.0366986556980882,0.0135138168625511,0.0113057557806495,0.00233791706423901,0.0225989177940231,0.0710825914711316,0.000737570692018641,0.186897585648252,0.02056050529387,0.599271480305036,4.71428124171175e-05
"TCGA.Q1.A5R2.01A",0.0248894489571127,0.0148942701724243,0.00329943063200545,1.23161960189766e-08,0.000154854321940642,0.0112114522403433,0.010490713029853,0.00161857959205231,0.0642073265956886,0.0134817712586398,0.855752119489659,2.13940842199854e-08
"TCGA.FU.A3HY.01A",0.0366843055263118,0.00171649520865409,0.00539327862405723,8.08819394547058e-05,0.000338169512749223,0.013612320558498,1.02774417642214e-08,0.000946779097771313,0.30246025057213,0.00180797994125812,0.219993558779304,0.41696596996237
"TCGA.EA.A439.01A",0.0629162052544358,0.0115905166635391,0.00152894389994646,0.170679963120657,0.000307022381700443,0.0684445846359222,0.000786322719147506,0.000450274851672724,0.0770087748853545,0.00483321277969238,0.601401214974986,5.29638329463554e-05
"TCGA.C5.A7UH.01A",0.129079994323367,0.0174097028665339,1.29798708690141e-05,0.0475847435720471,0.00034454540801752,0.0136932761027559,0.00966489445470102,0.000433812956791416,0.155788638312296,0.00655059892517379,0.619435482942258,1.33026518968443e-06
"TCGA.C5.A1M7.01A",0.417880802863793,0.0233658462494746,7.70947522079342e-09,0.313997260346005,0.000398482368585712,0.0207487522703606,0.00191531683638767,0.00318718430524935,0.114347872257898,0.00374509692845703,0.0796806146047886,0.020732763259526
"TCGA.EA.A50E.01A",0.0501984736258045,0.00435524622170818,0.000762806514231378,0.227563347575538,0.000620479229282461,0.0308425859881606,0.00639630380463656,0.000394182686106764,0.0856761325219013,0.002374621315464,0.590799853520614,1.59669965516349e-05
"TCGA.VS.A9V5.01A",0.235151052270677,0.0058601869794388,0.00057804658704409,0.000557495142383704,0.00072621209128145,0.0143918693444472,2.39783972180548e-08,0.00188052468205693,0.308969801323446,0.00187934972766282,0.4300027214391,2.71643406554762e-06
"TCGA.BI.A20A.01A",0.0113495531919835,0.0203543322410184,0.0108858891041179,3.20061109189092e-06,0.000969253625047687,0.0178369644251402,0.0135010030148435,9.73043674200069e-05,0.137415530802871,0.0103407405285504,0.777245490231578,7.37856337943108e-07
"TCGA.C5.A2LV.01A",1.21349599873335e-08,2.38981293140703e-05,1.26846592639003e-05,5.64641771360893e-06,2.11655705243213e-08,0.00849747643409438,0.0117676621319704,2.81226420483278e-06,0.0656256244210763,4.41404886651376e-06,0.914059690994935,5.71980305738724e-08
"TCGA.C5.A2LZ.01A",0.155483535149312,0.0306361423293673,4.55543108459698e-06,0.0762791981383955,0.000270699371329844,0.00554033428450339,0.0062385877059047,0.00273351126847144,0.191128033760902,0.0140872650544966,0.517597858382133,2.79124099340643e-07
"TCGA.Q1.A6DV.01A",0.195892244579326,0.0148977230968113,0.000826962188280861,0.0116823813516929,0.000507400690032597,0.0150249252434309,1.64720040055981e-09,0.00333574130360979,0.290524167634973,0.00597442119303681,0.350554911303349,0.110779119768256
"TCGA.EK.A3GN.01A",0.0819183070763513,0.000963938140263525,9.24907648222337e-05,0.0333507778029189,2.12837249405109e-05,0.0122471619043531,0.00122086824763661,0.000921979069976294,0.0740004996615091,0.000645567352961203,1.35054833054225e-07,0.794616991199434
"TCGA.ZJ.A8QQ.01A",0.0400686510845526,0.00712920477436701,3.28294187992015e-07,0.239155697173145,0.000290271219270239,0.00526102947812481,0.00351963873517715,0.000859764997519575,0.201089979014723,0.0039529222430015,0.424524558590927,0.0741479543950043
"TCGA.LP.A5U3.01A",0.0741102412652692,0.0342023706304704,0.0033679535247682,0.404750566216274,0.000285550754910094,0.00944060623120693,0.021879911317814,0.000590556144385643,0.337005462285057,0.0236658690414719,2.13386977575016e-07,0.0907006992013947
"TCGA.VS.A94Z.01A",0.319456825171301,0.122063056219207,0.0553197694750829,0.0592396422517626,0.000395585051052996,0.0123108241343705,0.0829062524780429,0.00154012584807229,0.107516538792278,0.118607803135282,0.120616649873441,2.69275701072027e-05
"TCGA.EK.A2PG.01A",0.00991208110439996,0.000939884499645953,0.00363549044676838,9.08423310134065e-06,2.82669846893036e-05,0.000574239063683982,1.02343800335744e-10,0.000127718209346255,0.21333401691927,0.0034841502656435,0.767955017231856,5.09392520064488e-08
"TCGA.DG.A2KL.01A",2.06617156108162e-05,0.01582123248443,1.26717211568046e-07,3.03348421328305e-05,0.000262262982726932,0.0778114285480347,0.00496312772832657,0.00141248552104232,0.128678697140629,0.00324773950513595,0.767727966445572,2.39363691469496e-05
"TCGA.EA.A6QX.01A",0.140911240120605,0.0202588720021144,4.42998614868045e-06,7.10308729794283e-06,0.00030384075105539,0.00978055180293808,0.0051283959367571,0.00134471985736733,0.0977962919599385,0.00907850101687041,0.715384726461654,1.3270172533763e-06
"TCGA.VS.A9UT.01A",0.123795782233826,0.00079131855903636,0.0306366943001217,1.34244485590888e-07,6.84354713739178e-05,0.00654508966098439,0.078254004651023,1.57422913454946e-05,0.0026828381075271,0.0481450046061911,0.709064955614026,2.60059141395191e-10
"TCGA.C5.A8ZZ.01A",0.0918052366904569,0.010506480097427,1.19069986675299e-05,0.442584111131704,0.00215165143780319,0.151524315664006,0.00983813245323851,0.00616981973796156,0.17717072791406,0.000324545038626548,0.107903140965128,9.93187091990972e-06
"TCGA.VS.A959.01A",0.276992850450784,0.0158559704787039,0.00364637022851698,2.23344862261542e-08,0.000269331975758098,0.00974959856750031,0.00234082529976947,0.000346087184227749,0.0304572657094853,0.00375622771706634,0.656584991863806,4.58189896023873e-07
"TCGA.VS.A950.01A",0.344784420805114,0.00431109123651101,0.00129885003335741,1.72292294212071e-05,0.000218592940018624,0.0201304459425371,3.24969012239547e-08,0.00037064193312961,0.115573567464452,0.00271272047375466,0.510580217982228,2.18946257569139e-06
"TCGA.VS.A9UM.01A",0.459400434995791,0.0566592987349793,0.00220255796213928,0.0648700281957029,0.000731729482135686,0.0379625098949939,0.0352835494692757,0.00353270244034078,0.287735744499824,0.0208944176375373,1.32212467124011e-07,0.0307268944748138
"TCGA.DS.A0VM.01A",0.0536530592904135,0.020479781527989,1.03076937827431e-06,0.260256449810651,0.000220962193971371,0.0440614279903281,0.00874534951106178,0.000685065483980646,0.186560893733659,0.00814194758538674,0.41702771185647,0.000166320246710384
"TCGA.VS.A957.01A",0.0939735406963666,0.00789164340314144,0.00775921126094533,8.83487188936027e-07,0.000181065817716152,0.00552670677593815,0.0068679992264065,0.000175584352544426,0.690408476418642,0.0100929080164332,9.47981722782284e-07,0.177121032562954
"TCGA.EA.A3HR.01A",0.02256044280958,0.0102658368072723,2.06613647439141e-06,0.212386689865377,0.000389715705063979,0.0174940370529925,0.00203022756544352,0.000757302685406402,0.110030145204048,0.00372146614384573,0.236762554613899,0.383599515410597
"TCGA.C5.A2M2.01A",0.0158591606551664,0.00833108414111915,0.00614698652423811,3.15718828549104e-05,0.000198755668008089,0.00833652672912899,2.55566468220911e-09,0.000551820511600525,0.41658415168268,0.00386471968630307,0.540095184027777,3.59354590129514e-08
"TCGA.VS.A9UV.01A",0.217974032096288,0.0072363103434176,1.14370262245211e-05,0.125313567392909,0.000181467188419631,0.00784182669413898,0.00450776131726509,0.000901270767892119,0.121040257166058,0.00305095118710296,0.00270000511974239,0.509241113700542
"TCGA.EX.A3L1.01A",4.45376100340987e-07,6.69713367981941e-09,3.88623310725403e-07,3.23361760775376e-09,2.27096105412978e-06,0.0124425893691357,5.26608545235548e-10,0.000120040900835938,0.0592707031457699,6.1530085299843e-07,0.928162898157729,3.7707851060142e-08
"TCGA.VS.A9UU.01A",0.0196902507049958,5.06597133162525e-07,0.000896293107235784,3.5698203919285e-07,0.000179155658296365,0.0188351063829468,7.02604750797781e-12,0.000534219624436397,0.281488560579182,0.00240264158713425,0.675972854512846,5.42567280122321e-08
"TCGA.MY.A5BE.01A",0.238759735650245,0.195507555705347,0.176548139566266,0.000319708021925186,0.000517012333311537,0.0229246217228588,0.14348716140709,0.00524328105032318,1.81224787003044e-05,0.216312356475651,0.00035399086238634,8.31472589542466e-06
"TCGA.VS.A94W.01A",0.299361583178365,0.0849937965436146,0.0249209337764205,0.101114797636941,0.000417734924197593,0.034701390693428,0.0606874501657941,0.00307873099512095,0.196117590643867,0.0226586775663828,3.25885500513933e-07,0.171946987990367
"TCGA.C5.A3HD.01B",1.2670542161608e-07,6.43852780319439e-05,5.51817695821903e-07,2.29275776287146e-07,3.25836477592605e-06,0.00562899053414752,1.15773861689286e-09,0.00116078918389421,0.229004724745775,0.000350212177842462,0.763786494500514,2.3625838711572e-07
"TCGA.JX.A3PZ.01A",0.0335821151392928,0.00816906350381434,4.30694512052281e-07,0.0087473079796931,0.000111111770882011,0.0185600915374104,0.00684609887543315,0.000195122006598979,0.0544308784610849,0.0134793190674543,0.855868645390544,9.81557327989197e-06
"TCGA.IR.A3LA.01A",0.0487121669261193,0.0122877463645792,0.00227435779203266,0.286894752035966,0.00132057596273499,0.0225248031805204,0.00646136917544702,0.000288856318633384,0.16737339921645,0.00354308640181668,0.242745145652849,0.205573740972851
"TCGA.C5.A3HE.01A",0.3847701735814,0.0584441583688955,0.0105642530617504,0.296903156918552,0.000463013833446033,0.00941629764591174,0.0133851572940732,0.0089106293831193,0.179178240133792,0.0378116565326644,1.05850601166092e-07,0.000153157395793105
"TCGA.Q1.A6DT.01A",0.0220512912143478,0.00401525706469101,0.000625880114691429,0.0995506231366981,2.95380153791364e-05,0.00503739888702356,2.58354266346755e-08,1.78940243110067e-05,0.136445754897394,0.000490144305940561,0.66564032767247,0.0660958648316262
"TCGA.C5.A7CL.01A",0.0360339089782075,0.0115644057877945,0.00112768177898803,4.31298081846549e-05,0.000362793925471426,0.0213204383457938,7.4831803976175e-06,0.00341089492597766,0.19885404845289,0.00222148260115336,0.725038861251665,1.48709634767105e-05
"TCGA.IR.A3LK.01A",0.0674210060322556,0.0230187185899797,0.000160126856172991,0.277327534132017,0.000203540902533351,0.108135364091344,0.0281142877666575,0.00139770235255801,0.221681474058268,0.0159315475383452,0.255977519918411,0.000631177761456996
"TCGA.MA.AA3X.01A",1.12702657262197e-06,0.0041410198526802,0.000103528948729073,0.10377953236463,0.000249619524576918,0.00647366538222254,0.0125007743689468,1.51496235939623e-05,0.0656787317839795,0.00604384701458318,0.8010075174943,5.48661518517263e-06
"TCGA.C5.A7XC.01A",0.127562478237206,0.00629839172578821,0.00369416953248066,4.16678219541976e-06,0.000548251881511262,0.0183614526971856,2.4662891302675e-09,0.00290579616381433,0.0659852972581721,0.0126051042222198,0.762034884198575,4.83456309921806e-09
"TCGA.VS.A94Y.01A",0.0252704044705843,0.0083336088898311,1.33376599865322e-05,0.00012058627178754,0.0129378540432902,0.0167902764110216,1.11305451503491e-09,0.000846663343690211,0.155778621803005,0.00244786410782248,0.777460717530682,6.43552448439049e-08
