"","cellFractions.B.Cells","cellFractions.CD4.T","cellFractions.CD8.T","cellFractions.DC","cellFractions.Endothelial.Cells","cellFractions.Fibroblasts","cellFractions.Macrophages","cellFractions.Mast.Cells","cellFractions.Monocytes","cellFractions.NK","cellFractions.Neutrophils","cellFractions.otherCells"
"TCGA.BP.4766.01A",9.58615334800043e-05,0.00307472971174814,0.00427469259607339,0.342040945754042,0.00307938429763075,0.0233494111970485,0.0130426541437275,0.00146426946134966,0.159956804233755,0.00913620513480154,0.440456003961341,2.90379750032322e-05
"TCGA.A3.3352.01A",0.00261127535258677,0.0197628203298808,0.00529702315290052,0.051141114726921,0.00434444028019018,0.0168899258370982,0.0248013469275733,0.0016444339090918,0.282929080772368,0.0206513761221013,0.569926256045907,9.0654338110931e-07
"TCGA.G6.A8L7.01A",0.0554700339246727,0.0136135222981225,0.00304863835498347,0.471238488372671,0.00154884929514336,0.0143541625098534,0.00855099522567293,6.19288370229091e-05,0.0801045432417506,0.0261503564083625,0.136464665460569,0.189393816071176
"TCGA.A3.A6NN.01A",0.137869107437127,0.021325980391713,0.0115963606092864,0.577260249892695,0.0119328292688708,0.0317954807221565,0.046301816886274,0.00291688541276435,0.0590189894926932,0.041264916793963,5.79696315834901e-05,0.0586594134608728
"TCGA.T7.A92I.01A",2.90156973827499e-07,0.000271172617377215,0.000144817631981675,0.000607777041739734,8.82433376578839e-07,0.00681760996362362,3.10631389779099e-11,8.79549910908549e-05,0.0516679910293046,0.00024221044235335,0.940159292144131,1.5169840432536e-09
"TCGA.B0.5713.01A",0.0229843330686177,0.00112187471754176,0.0128535990704989,0.470992292004744,0.00525381227399085,0.0249781666192581,0.0212394197534355,0.000821772457645833,0.0233443409876413,0.0263061787428668,1.26617265194931e-05,0.39009154857724
"TCGA.CZ.4860.01A",0.00012756455920035,4.20559843091972e-05,7.91709012231125e-07,1.33547313299895e-06,3.57074576469276e-05,0.015908487649312,0.0138799094452009,2.09542857385812e-08,0.0218465491120726,1.41951754012617e-05,0.948143329813749,5.26666764415453e-08
"TCGA.A3.3351.01A",0.00367049853661954,1.43876457523108e-06,0.0947979159127291,0.563474544960746,0.00382869483843226,0.0351096569339106,0.071418271309365,0.00419828333436987,0.167149224588637,0.0561955056817293,6.14524446181704e-06,0.000149819894424466
"TCGA.B8.4148.01A",0.0583086630544849,4.86360329486645e-06,0.0952221369954006,2.22368028132114e-05,0.00297648037002824,0.0161096957235367,0.0523315841632889,0.00159114198122747,3.17846240486451e-05,0.0651915738420188,1.97562664701132e-05,0.708190082573388
"TCGA.BP.4345.01A",4.73777178424071e-05,0.0327527823841542,0.00622584861869581,0.206628692105526,0.00396442690142655,0.129816732202523,0.0300855552271323,0.00300022316973276,0.155908845954952,0.0130617742605592,0.418502884691224,4.85676623138091e-06
"TCGA.BP.5010.01A",0.0400425630406243,0.0113639508728228,0.00594105004027591,0.398071990550465,0.00380528243805927,0.075118716428718,0.00792148535011333,0.00016817476447701,0.0363555712644816,0.00927606726955376,2.40995007192885e-06,0.411932738030337
"TCGA.BP.4325.01A",0.040546740916475,3.61347072025106e-08,0.0638279710836189,0.405021287531333,0.00155877134249014,0.01651516676506,0.0391891384686064,0.000724703042367005,0.212884837383047,0.0491150714216477,1.78387598648962e-05,0.170598437150783
"TCGA.B0.5102.01A",0.0662649278013343,0.0043760198190159,0.0120719758243494,0.164061171954833,0.00194041991710708,0.010240824642532,0.0234742801261987,0.000748206518446129,0.064872248589013,0.0164246108239608,4.12536212312405e-08,0.635525272729588
"TCGA.BP.5185.01A",0.0222783909550961,1.50268441558648e-05,0.00794537916116126,0.203278591052699,0.0011589119842159,0.0134550050245335,0.00469325752344881,0.00096952370151259,0.0530358919975461,0.0115216571855245,1.68387844879172e-07,0.681648196182261
"TCGA.CZ.5986.01A",0.0157350578715454,0.0214722053453799,0.000679675689506749,0.709766070731912,0.00422888375188359,0.0314371017959279,0.0223186927963685,0.00319767462250662,0.174652809883392,0.0113933545551995,2.56476899901789e-07,0.0051182164794779
"TCGA.CW.5590.01A",0.0510307538880919,0.0235996938331616,0.0182820118985827,0.411810086363141,0.00580152067855701,0.0320995558416052,0.0435940989224986,0.00274755147398494,0.118720757646942,0.0270992530893696,3.52555418286812e-05,0.265179460822236
"TCGA.CJ.4904.01A",0.0299360788787464,0.00521617133338531,0.0227277788674114,0.677142140621895,0.0118311937818032,0.0335366928340649,0.0297465971933765,0.00309958398108238,0.127488999032148,0.0208285092487657,1.3578827038613e-05,0.0384326754002827
"TCGA.BP.4987.01A",0.00472279564394107,4.28220974370399e-05,0.0340760311229247,0.614251151519559,0.00576791971070208,0.0293178996070405,0.0379832295383623,0.00377924278526436,0.23701763008773,0.0329099712959121,0.000129708792004152,1.59779912282379e-06
"TCGA.B0.4849.01A",0.0376274288364273,0.000883490314638016,0.0150936712944552,0.0640980039466537,0.00261252973124171,0.0282864321966453,0.0253823131505708,0.00334148381056131,0.056262031958403,0.0134678239668055,5.82713217883684e-06,0.752938963661419
"TCGA.BP.4329.01A",0.0365080813996518,0.0120424687726051,0.00903140524772304,0.356429504688029,0.00335355764979848,0.0424269801467772,0.0246734585118218,0.00315539402254318,0.0608384747824948,0.0146881066319566,9.16035054523147e-07,0.436851652111544
"TCGA.A3.3328.01A",1.67682735953173e-06,0.000710656840056294,0.000432688995988599,1.98791154590635e-05,0.000394079375178999,0.00442095028434661,2.14669014991811e-09,0.00028060583810246,0.432134656850651,0.000651833135508544,0.533768724494717,0.0271842460959421
"TCGA.CJ.5672.01A",0.0798788754157251,4.24030698936515e-05,0.0677078117634286,1.2239843671687e-07,0.0033222894016967,0.0296866019267713,0.075199242185656,0.00205569107684735,9.21097200601034e-09,0.0853046776660943,2.95719363733231e-07,0.656801980165115
"TCGA.B0.5104.01A",0.0324503210279799,0.00859744211151799,0.00165546302977027,0.511697118525232,0.00181654425389183,0.011849182243174,0.00175474516825457,0.000437735806530115,0.17086598454735,0.00470614481246773,0.253769470446295,0.00039984802753681
"TCGA.CW.6097.01A",0.267442228617694,0.147425793315276,0.000404500345217847,0.0698922274452766,0.00415442219460066,0.155665984959629,0.106419139530167,0.00395372754728127,0.20022195832724,0.0383103173169657,0.00610154062631019,8.15977434243048e-06
"TCGA.B0.4700.01A",0.122350327369206,8.22519505238419e-05,0.0766483925764748,0.100597006064106,0.00236161676258348,0.0508108937055626,0.0531269547419702,0.000704259444451456,0.024795333111094,0.0924405360684395,0.476066966668643,1.54615369457312e-05
"TCGA.B0.5095.01A",0.0451633343941684,0.000179561596361893,0.0223235367116879,0.365941419611403,0.01033765503092,0.147240394606225,0.0223837221273094,0.0013640291496141,0.116301563631882,0.0225586264588476,0.246184425678281,2.17310033002048e-05
"TCGA.B0.4810.01A",0.138139692089174,0.000322656917338908,0.0815558708983193,0.481547044381351,0.00663539804714131,0.0724853157546404,0.0856298816214771,0.00480567024369918,0.0334088952866892,0.0954609752630763,1.06432888119845e-06,7.5351682121301e-06
"TCGA.CJ.4901.01A",0.267480433710854,1.31482720825115e-05,0.0824732507765693,4.61334136022051e-05,0.0022131125222539,0.0189928424316713,0.0577129606097268,0.000881982655937255,8.13239335615199e-07,0.064283431251341,3.15914318767776e-07,0.505901575202308
"TCGA.CJ.4643.01A",0.0419330096674919,0.00176020100479738,0.0229646945770381,0.741605168367122,0.00524680895117074,0.0505393854215585,0.0287919200839849,0.00138149433694733,0.0611809126841774,0.0146519193818319,5.23495910669899e-06,0.0299392505647728
"TCGA.B8.A54H.01A",0.0217647598367352,7.65934868142486e-06,0.0434481620478585,0.615445226363932,0.00826464205865601,0.039484557985496,0.0203801576491544,0.00106150093287687,0.124932411454624,0.0397748191428004,0.085432969305191,3.13387399444328e-06
"TCGA.AK.3429.01A",0.0657739251083293,2.69784951957061e-07,0.100720128675898,0.457799231932356,0.00195693572471228,0.0145827732735322,0.0373725791672613,0.00170074054730918,1.90347366592718e-06,0.0790921347675643,9.68482417347644e-08,0.240999280696177
"TCGA.B0.4834.01A",0.00610694656110776,0.000370557886420276,1.2112228142533e-06,0.0969031694605277,0.000915204057841042,0.00697054565300873,0.000187502598800218,4.61854113270365e-05,0.0382430792666809,0.00125814593618901,0.119995212620352,0.729002239324931
"TCGA.B0.4843.01A",0.0421507945460026,0.0118828640853257,7.06927145918209e-06,0.413021836384618,0.00595523768757729,0.0678748518409916,0.00761317181286832,0.00226038471202051,0.0482555124869784,0.00802433008687023,3.29202091486455e-07,0.392953617883197
"TCGA.A3.3382.01A",0.132120196352691,0.0659775316838126,0.0117988485680493,0.146689768808954,0.0077332946796312,0.0493892981459051,0.0848817000975786,0.00029068294049026,0.456258825986523,0.0448322075364588,2.70552599852691e-05,5.89939921275427e-07
"TCGA.BP.4338.01A",2.30720499914188e-07,3.69829831770152e-05,0.0039324657218277,1.84009625627485e-06,0.000234746231668415,0.00429496140580061,0.023734144952843,0.000278270722838219,0.155713092042597,0.00194260690272738,0.809830334878123,3.23341642465549e-07
"TCGA.B4.5832.01A",0.0190131838382976,0.0248060009810336,0.000178113835483299,0.340907603435159,0.00032056539920055,0.00852798319451201,0.00341641785147506,0.000448134305297494,0.0369667558641471,0.00148560185857994,9.83059431883978e-07,0.563928656377383
"TCGA.CW.6088.01A",0.0199702152981246,0.00845575890206523,0.00320378877520743,0.428658402247805,0.00712922570783295,0.0458069389733076,0.0159098787746651,0.00381892146438291,0.132346977489864,0.0170113755127411,1.91118013722859e-05,0.317669405052632
"TCGA.A3.A6NJ.01A",0.00099870009363957,9.44587831303302e-07,0.0833846991172125,0.431063577931132,0.00823431933420585,0.0282564346943304,0.0789611612845064,0.00121153271892883,0.177704362806645,0.114837523576029,0.0753464159876221,3.27867916914201e-07
"TCGA.B0.5088.01A",0.0898781997860753,0.0521443965377727,0.00451615564763499,0.281270284127321,0.00800491502025524,0.0611568561771753,0.0668765816151404,0.00480766678548904,0.360369447115718,0.0267152073024436,0.0440249626148739,0.000235327270101214
"TCGA.A3.3308.01A",0.0747114330426876,0.00666584786761994,0.0101290202584981,0.31466752174753,0.00380751477414206,0.0534608192171114,0.0376331197773861,0.00129958640948987,0.0690042152309329,0.00851857131390834,5.63144004674264e-06,0.420096718920647
"TCGA.CW.5589.01A",0.000335244996333544,0.00960479286208273,0.00674604995994485,0.0745882987402147,0.00924561512620991,0.0461781363638641,0.0350068261074446,0.00312914924199454,0.154146247602283,0.0214771542327107,0.638791456887078,0.000751027879840007
"TCGA.B0.5702.01A",0.0498726956669835,1.57349709693595e-06,0.0265922337872224,0.672033932222668,0.0416803360859617,0.0414245590614094,0.0967714247181208,0.0170314465569839,2.50392920963827e-08,0.0545766382698604,1.4005690567129e-05,1.12940383395019e-06
"TCGA.BP.4169.01A",0.10448934179937,0.0450238928169488,2.33107534669626e-06,0.607027629448161,0.00764291785238918,0.103609733765415,0.0550461015922237,0.00546849714572555,0.0563026298150724,0.0151950919210856,6.51723964180637e-06,0.000185315528619738
"TCGA.CZ.5468.01A",0.0382922873756974,0.000424896379519234,0.0105865502504814,0.154648225413253,0.00130825798932702,0.0291898438231458,0.0391369258728293,6.55884189994999e-05,0.121550290938766,0.0124590221496776,0.592295632166568,4.24792217365625e-05
"TCGA.A3.3313.01A",0.0299660055354756,0.000109887431114709,0.00100426429671749,0.166101262830263,0.000409657468680533,0.00703116670026946,1.50939602579764e-07,0.000140512854956079,0.120027530795948,0.000687976004360485,0.661833411990006,0.0126881731526058
"TCGA.BP.4782.01A",0.0505321508092434,0.0079273224855397,0.0664250660151954,0.26477442996498,0.00823380897584746,0.0524207848364243,0.10817157818625,0.00226495452807848,0.354282348183107,0.0643154085899904,7.56802232125528e-07,0.0206513906231117
"TCGA.3Z.A93Z.01A",0.0587084756909106,0.00010265637174194,0.0151504506127359,0.692971122778644,0.0132934572778941,0.0540341188884445,0.0282593507516725,0.00188686046901967,0.102615319507348,0.0285490545652507,0.00312840829835309,0.00130072478798547
"TCGA.CZ.5454.01A",2.97372617116202e-08,7.31512581337837e-08,3.41297049968283e-06,9.9812498246917e-09,0.00115938333185705,0.00103785977343251,0.0268094631272751,6.22959263249641e-07,0.00417792602889789,4.50286473962083e-06,0.966806073488107,6.42586158064518e-07
"TCGA.A3.3358.01A",0.203274433282163,0.0287260332274274,0.0355952697018202,0.377519886780368,0.00340999141903985,0.0204761431235952,0.0671311071025705,0.00416521172024873,0.19628907047505,0.0294936714922047,3.1788022034236e-07,0.0339188637952931
"TCGA.CJ.6031.01A",6.45988233000857e-05,0.000234055593689402,0.084621067945839,8.15985785952296e-07,0.0134249668378969,0.200179477370653,0.158553839939956,0.00950124639719982,0.462792575778712,0.0705263340994256,1.33332913504228e-05,8.76879361924614e-05
"TCGA.BP.4790.01A",5.51412289462701e-06,0.0102438844397915,0.0675936278450082,0.000422796124003225,0.006007433483799,0.0705870098920525,0.0350674369825917,0.0032882912879103,0.213815179414791,0.0247398150178379,0.568131526047859,9.748534146107e-05
"TCGA.B0.5699.01A",2.90551734108128e-07,0.0152872352452933,0.000234243463032074,0.144090445543142,0.00272095541757529,0.00649305189546817,0.00884210039979051,0.000572820010667957,0.118296323029263,0.015303219656254,0.688129334564031,2.99802237491322e-05
"TCGA.CJ.4635.01A",0.00730744126695043,1.89852122127755e-05,0.0577693301136275,0.00113056689813794,0.0021796166546028,0.0170303085537662,0.0256299955889512,0.000826080397406891,0.157246443090103,0.0256608185470372,0.705195431295373,4.98238183190208e-06
"TCGA.A3.A8CQ.01A",0.0161301664132404,0.01080811646534,0.00661698598857944,0.557418942134439,0.00705162953925765,0.0404367622542697,0.0123908442284967,0.00344018721244855,0.143543611921795,0.0105215352290779,0.191547798250921,9.34203621342665e-05
"TCGA.AK.3447.01A",0.00588695090749255,2.68062837232245e-07,0.000718525160078051,0.0394934342294438,0.000409281439879124,0.00132952434903312,4.20486350903417e-09,2.53261222620754e-05,0.0227861357448879,0.00295526324352035,0.137347846595844,0.789047439939858
"TCGA.BP.4159.01A",0.0234113030097364,2.16845109328716e-05,0.00804319047359964,0.503305053372305,0.00491450930500407,0.055905316735029,0.0097855465129873,0.000951955383130528,0.0639397655002058,0.0205889476535948,4.26335110370015e-07,0.309132301208364
"TCGA.B0.5698.01A",0.0331309402992306,0.0523855790949826,0.0421341946640502,0.150057281400825,0.00711615635565691,0.0188074372196983,0.0664444897331378,0.00235126940772406,0.593103863656311,0.0344125076736339,1.17004454927051e-06,5.51104502005402e-05
"TCGA.A3.A8OU.01A",0.045959049719088,0.000531116787535784,0.0229251883507787,0.612417842079084,0.00625036335341751,0.0337383417316628,0.0277192565065271,0.00158052900661732,0.124651199923204,0.020762041222096,0.103439139913521,2.593140646708e-05
"TCGA.A3.3380.01A",0.0225714908162309,0.0303844259089224,3.16083230054862e-05,0.377076070605353,0.00991517640364821,0.0659121076851049,0.0343348949714209,0.00448837157637323,0.33958798164718,0.0221943404168106,0.0935031440780758,3.87567874199427e-07
"TCGA.BP.4998.01A",0.0735331894455304,0.00919887971601202,0.0305661020289,0.66175481526962,0.00530222936838818,0.0837214074532501,0.0522098519929966,0.00420788068959299,0.0543940025623991,0.0249738024207516,6.13183139578552e-05,7.65207386010569e-05
"TCGA.A3.3383.01A",0.0548717443183472,0.0110655665109461,0.0360152022567701,1.20107289528553e-05,0.00467304064588067,0.0196757734438548,0.0832978608966291,0.00457526102520076,2.55003007560773e-07,0.0442904840933717,8.83122070350059e-07,0.741521917954969
"TCGA.BP.4353.01A",9.37613608357974e-05,0.0137737095018642,0.0600310441432108,0.315286956751142,0.012262148418104,0.0900173878972835,0.110079371196802,0.00571886223212485,0.344807084127988,0.0477149181768313,7.19003055908391e-05,0.000142855888221907
"TCGA.CJ.5686.01A",0.00459739345410078,0.060604107357664,0.00108258035929124,0.235405919737511,0.00495481196641845,0.0286449472773372,0.0542869405595694,0.00159617832522949,0.265301337679045,0.034909574085695,0.308564717254004,5.14919441350586e-05
"TCGA.EU.5907.01A",3.44345086663408e-06,0.00058619980463569,0.00275151868135041,0.000758002707024032,0.000778036092672843,0.00982508498544579,0.0110203943604203,0.000221780276618311,0.0835602299514765,0.00170069870662857,0.88875872044853,3.58905343310989e-05
"TCGA.B0.4703.01A",0.0875540155516433,0.047905678389514,0.0108547419402587,0.307024142133186,0.00303003395735412,0.137153335202235,0.0501919840450185,0.00127925305472266,4.69774884346942e-07,0.0369360507940879,1.57082915019181e-06,0.318068724327944
"TCGA.B0.5119.01A",0.0938106333370438,7.55949988932576e-05,0.0327684279610472,0.347489685897408,0.00689214913986736,0.0359146218949107,0.0307074516046911,0.00151999399192865,0.222002597025489,0.0294570563991695,0.198595428192511,0.000766359557039498
"TCGA.B0.4822.01A",0.116107077363319,0.00373002934572009,0.0207768122304798,0.0815886549932854,0.00465655577153921,0.0353550198014813,0.0456348089987674,0.00253344410528044,0.0736639129391346,0.0235291726251445,4.33442092415578e-07,0.592424078383756
"TCGA.B4.5835.01A",3.84422937092466e-08,2.14560299804928e-06,1.35854392806505e-07,1.72354483122414e-06,3.03683343623051e-07,1.85185942283219e-07,8.78940430193981e-05,2.69676720079314e-08,2.73684777910515e-06,4.77505231988076e-11,0.999904809727944,5.2033451816822e-11
"TCGA.CZ.5460.01A",0.0681890774986307,0.00346922094223661,0.0393686185796347,0.641279978840982,0.00360195850885244,0.0124919335830723,0.031907280381223,0.00188183609205209,0.116232501888406,0.0266809782849929,6.29601417841802e-07,0.0548959857984988
"TCGA.B2.3924.01A",0.18017731515763,0.00013555130533302,0.165838148630645,0.000107965017844372,0.00494680685852832,0.0146601930743526,0.171107361416612,0.00154794259515313,2.69189288989386e-05,0.144804911234498,2.07368267448752e-06,0.31664481209783
"TCGA.CJ.4870.01A",0.017548292181331,0.0127015340139133,1.1249754994972e-07,0.601967780524812,0.00642392896482812,0.0234181208002295,0.0135605484277519,0.00742396911024922,0.0450170289736044,0.00978563920728702,8.08953018572202e-05,0.262072149996587
"TCGA.B8.4619.01A",0.0174860884710677,0.00274016594010808,0.000272119332598821,0.201224105901466,0.00114471405546546,0.0125024919512976,0.0036651619392735,0.000180134291078271,0.0642139961938522,0.00137790139779581,0.00588482898493788,0.689308291541059
"TCGA.BP.5201.01A",0.0529249933791609,4.60236488066851e-07,0.0763117177665917,0.151162244825903,0.00184283876646206,0.0159325139608489,0.0319933850090586,0.00144752814979268,0.0805797038179991,0.0616681261861106,8.06447962745896e-07,0.526135681453622
"TCGA.B8.A54J.01A",0.0251495410352919,2.70136720212952e-05,0.0349430809588968,0.677308676130758,0.0111746993397114,0.0382533320569861,0.029050146049211,0.00333904419691335,0.132795465944693,0.047475741677462,0.000371621703009971,0.000111637235045283
"TCGA.CZ.5456.01A",0.103665718337042,0.0229634755748039,0.000417890369023663,9.02588161592836e-06,0.00096192151386121,0.0131102836530732,0.0307679348716531,8.09616588800047e-05,0.0833616932986401,0.00631806503330346,0.738338734417196,4.29539090747437e-06
"TCGA.B0.4688.01A",0.014610055542254,0.0165972944206151,4.64479587609196e-06,0.000734154277374978,0.00130283843211771,0.0935895318188938,0.128040161525371,0.00481412695480538,0.641870932042861,0.0255976120464439,0.0728384404061424,2.0773724494405e-07
"TCGA.A3.3317.01A",0.00158740955331528,0.0323377672480647,0.0054223741739585,0.609062133306009,0.00240494597544736,0.101064632016722,0.0328516846781283,0.00160519354542124,0.187278777289402,0.0263100969420621,6.97051248933003e-06,6.80147589796236e-05
"TCGA.B0.5400.01A",4.24393328604378e-06,4.17697482971077e-05,9.64554023113679e-06,3.68610832975266e-06,1.21450746533302e-06,0.00886957814106016,0.00402998923998178,2.80270065819654e-06,3.03843951224651e-07,6.91608102416044e-06,0.987029158510573,6.91645141994875e-07
"TCGA.G6.A5PC.01A",0.0817349102808916,0.00353550789271943,0.0228765128791403,0.709644441867194,0.00138330292940704,0.00952750059353821,0.0179884136993875,0.00032505573024335,0.0168212387313434,0.0246634178981449,4.5763843326233e-07,0.111499239859557
"TCGA.B0.5100.01A",0.0710419891484574,0.0104672015427518,6.51369711968731e-06,0.467951822096589,0.0106193275899579,0.332163528113882,0.0101901465789233,0.00424465459444198,5.38046903860137e-05,0.0199461931088652,1.12035774871294e-05,0.0733036152611393
"TCGA.CW.5585.01A",0.00584069879843533,0.00358139632668396,0.000387952857253571,0.295045264126065,0.00507174464790248,0.017978645823549,0.00177980645646825,0.000820447633002647,0.0916260870338379,0.0123949612473766,0.56546414884491,8.84620451514623e-06
"TCGA.BP.4343.01A",0.0740378576118096,0.0246485448744158,0.0553929429380361,0.358349458528785,0.0033411093922164,0.128393134792629,0.0734615395009802,0.00394710639104562,0.244730753280447,0.033574664434761,9.32420316036234e-08,0.000122795012841713
"TCGA.B2.5636.01A",0.0886404613164377,0.00758575833546731,0.00128869437144636,0.113160443437047,0.00985293133298234,0.0570113949018085,0.0388235507507643,0.00650079705445061,0.000201270917435567,0.0106631865739608,8.61171873614415e-06,0.666262899289464
"TCGA.B0.5081.01A",0.402028963493949,0.00552367667698659,0.0797559056523276,0.156962810236976,0.00217096362988753,0.034047888449193,0.0489745104175079,0.00219192442984691,0.000973032249263462,0.0358906640734158,8.14818406617446e-07,0.23147884587224
"TCGA.CW.5580.01A",0.00374975941974907,0.00936317724169537,2.03742067914892e-05,0.00498830119184545,0.00413670339405837,0.0225385991817516,0.0153179288623897,0.000748351621781772,0.16433146550781,0.00756826810028485,0.767202398559965,3.46727118777218e-05
"TCGA.B2.3924.01A.1",0.18017731515763,0.00013555130533302,0.165838148630645,0.000107965017844372,0.00494680685852832,0.0146601930743526,0.171107361416612,0.00154794259515313,2.69189288989386e-05,0.144804911234498,2.07368267448752e-06,0.31664481209783
"TCGA.CJ.6027.01A",0.179749159847982,1.07632620196199e-05,0.130354645700913,0.000108980384040181,0.000996800909262718,0.0211316487324116,0.119789656770742,0.000197871787522738,0.170314250642143,0.135600776463222,8.4604002799977e-06,0.241736985099461
"TCGA.B0.5075.01A",1.35831004133194e-05,3.52505189282538e-07,0.0192313375580554,9.77027630189041e-06,0.000252309470383175,0.00810804656683745,0.0344731043827495,0.00120185424846029,0.162282771965067,0.0137917323326413,0.760634468794296,6.68799605286895e-07
"TCGA.BP.5200.01A",0.0885651430137455,0.0390089898408743,0.00873721299919208,0.00304977754485042,0.00556203327745186,0.0477875432764949,0.0424303708340099,0.00444132065381064,0.164755959834324,0.0364712617831708,2.57566728831554e-05,0.559164630269192
"TCGA.BP.4158.01A",0.0215030611057537,0.00118633764233879,0.0134158748392397,0.519176424244941,0.00310825908435648,0.0215871132513148,0.0129512100049358,0.00291556655471741,0.178022074589147,0.0182529649215328,2.16053778306225e-07,0.207880897707944
"TCGA.BP.5173.01A",0.0275251009708791,4.28699784764838e-06,0.0631206823741314,0.728560857536039,0.00270796985533566,0.0287365549769408,0.0471004514694994,0.00406240963290462,0.0511641717061645,0.0469814607699414,1.46403149418724e-05,2.14133953746747e-05
"TCGA.B0.4710.01A",0.203182356011338,0.00108600538096653,0.0255955754807416,0.510051734929769,0.00434290911438244,0.0399347157720022,0.0212477832681264,0.00211086630821763,0.160613766007086,0.0318294767904333,1.31438638444191e-06,3.49655055359239e-06
"TCGA.A3.3367.01A",0.0213641976211732,0.0238806468567006,0.00425424356439235,0.305554839995271,0.00298825192073141,0.0160631799172385,0.0340795475308012,0.00270381874356607,0.200714536718123,0.0108605088210157,7.82050239946451e-06,0.377528407808588
"TCGA.BP.4344.01A",0.0289529204666864,0.0103491967187353,0.00246820732080788,0.761988365261177,0.00566936739892837,0.0708971730509139,0.0238448784484657,0.00104275111669873,0.0852857069641062,0.00945054483109792,2.09900129250597e-05,2.98984094577522e-05
"TCGA.A3.3335.01A",0.0327576370715605,0.00913903794419149,1.78261731433737e-06,0.160815161358643,0.000541343853416514,0.00538311196639188,0.00111962626304423,0.000324505799970739,0.0782159395353247,0.00218946810233487,0.709510187328355,2.19815945224519e-06
"TCGA.B0.5099.01A",0.0461535901161234,0.0015285818873661,0.00178739268077127,0.161747366170319,0.00331661448124434,0.0138747246158056,0.000656546677232954,0.000808840741399216,0.108344511059421,0.0039929082802101,0.324178400239044,0.333610523051063
"TCGA.AK.3427.01A",0.0138236461589079,0.000551541801074611,1.34194075961502e-07,0.0842940634263893,0.000584886633949249,0.00644368437451421,0.000597748203537495,4.220478137986e-05,0.0437842738595228,0.00125707146946429,0.112864631889365,0.73575611320782
"TCGA.DV.A4W0.01A",0.0491813204184553,0.0058252864300498,0.00242997756133103,0.346135913094487,0.00366004927478053,0.0562596294740679,0.0110229549241662,0.00123274880283383,0.16130454436855,0.00928153763197247,0.353665974313775,6.37055305634997e-08
"TCGA.B8.4143.01A",0.268062449274333,0.000226683584928462,0.0779947021068628,1.3927892855448e-07,0.000574450123837079,0.0191581668312863,0.109013533687907,0.000613068833014797,9.86090462034164e-06,0.0972570453233203,1.97671900392766e-07,0.427089702379061
"TCGA.B8.A54K.01A",0.0333976135129682,0.00143173220934138,0.00114777606100685,0.274690468658344,0.00572242399811218,0.0276726071833996,0.00437956712245103,0.00105863733890622,0.105938955737868,0.0091720169178523,0.0240772782729808,0.51131092298677
"TCGA.A3.3311.01A",0.0811023723494025,8.58412681324678e-05,0.0280813072676441,0.676952082360489,0.00217921939461238,0.0167242700579641,0.0454150810213189,0.00137305684455583,0.132589358419723,0.0150776929201738,1.02753740063306e-07,0.000419615342243356
"TCGA.CZ.4854.01A",0.182125287999449,0.00155148182266648,0.0248726783904323,0.40855234078206,0.0017089683296667,0.0367797133302798,0.0263666770473419,0.00101335921667165,0.172935505027082,0.0165560804021146,4.12550859408952e-07,0.127537495101376
"TCGA.B8.4153.01B",0.0167268767840255,0.00769457608139867,0.0023926764790712,0.322545782624171,0.00333801457851817,0.00840292384708486,0.00908791586086024,0.00141709360730464,0.122141653563878,0.0115126371384567,5.51490237985956e-05,0.494684700411432
"TCGA.B2.A4SR.01A",0.00905943500553508,0.0307892561802686,0.00993682137448253,0.634928673686114,0.0108619935325217,0.0427145236590835,0.0240812467245033,0.00458530230694804,0.134784933348025,0.0164120633351687,0.0818342461951425,1.15046522073737e-05
"TCGA.CZ.5989.01A",0.0101480502058775,2.06643940244977e-07,0.0490884745474906,0.751768136326959,0.00064546977471284,0.00303522264526106,0.00112964116049033,0.000876549269855641,0.0619302117398207,0.000264476728969673,0.000267274692147353,0.120846286264475
"TCGA.CZ.5470.01A",0.105932894892482,0.000496013925116005,0.0444181806814879,0.433444642573093,0.00232517537470256,0.0153459994914321,0.0462924213288596,0.00130945557932169,0.0310761189732182,0.0281971923874179,2.83919231469048e-07,0.291161620873638
"TCGA.BP.4349.01A",0.051696757731578,0.0199652873809935,0.000945140534388852,0.532109793416083,0.00604110854105825,0.0396744389429921,0.0103031360751292,0.00143775381638865,0.0978522228248249,0.0141218324992512,2.65175175846997e-06,0.225849876485554
"TCGA.A3.3307.01A",0.0210952557344206,0.0134838561282571,0.0604092701060857,0.0605742123455323,0.00958970225363306,0.0498162534842651,0.078492842198694,0.00334200623117371,0.643087031076893,0.0600332599192968,8.73385335475456e-08,7.62231832154121e-05
"TCGA.CJ.4641.01A",0.119788502961884,0.0359726629595141,0.106817557745762,0.453486982606685,0.00203458771507803,0.0432105366820818,0.0864278937352891,0.00178775726458887,0.0796696733522701,0.0707197872014372,5.31626968006094e-07,8.35261484418658e-05
"TCGA.B0.5098.01A",0.0730573372409112,0.00181011882696319,0.00270576012220093,0.149759797360872,0.000389342362451624,0.0115724474865776,0.00230690238897519,8.97442715247241e-08,0.296716334325464,0.00337056277065198,0.00697098419497442,0.451340323175686
"TCGA.B0.4699.01A",0.00323586416364129,8.60799962907788e-05,0.0813021826002188,0.000861759628109405,0.00091281741145207,0.0750683970946085,0.0810048351227952,0.00100823170585745,0.252685313804577,0.102686586257672,0.401139834167687,8.09804708970549e-06
"TCGA.BP.5199.01A",0.0735733751110354,0.00014719897750101,0.123677785364246,0.234731221359658,0.00527470012717229,0.106477742597782,0.0590340859710991,0.00402341484382904,0.0357130699609214,0.150421539323429,8.05876054953324e-07,0.206925060487272
"TCGA.BP.4337.01A",0.200349646100575,0.0183566094549648,0.000347868598457475,0.594366871937806,0.00315709671742789,0.123875895319006,0.0137686795066292,0.00481671087647726,0.0347127638466362,0.00567080376814461,2.45342042031248e-06,0.000574600453456171
"TCGA.CZ.4853.01A",0.00783419477229911,0.0084212901879109,0.00702265248621778,0.245771013697977,0.00142145988085437,0.00663704636979061,0.00696202760311506,0.000506258024394494,0.106521955046722,0.00605519700265355,0.602844472269791,2.43265827395052e-06
"TCGA.B0.5115.01A",0.0379863290002386,0.0323965281216154,0.00750957743009345,0.583758024949104,0.0057980382669174,0.0546814479494325,0.0258363401544797,0.00165671125211829,0.22516179647471,0.0250099844464271,0.000174119707554033,3.1102247309301e-05
"TCGA.B8.A54G.01A",0.0646202123722796,4.78992200376929e-07,0.227917766425714,0.444509155368194,0.00121306281795403,0.0062587588740126,0.129066590016421,0.000270819824438733,0.0232044776967846,0.102467152834536,1.81130956847794e-07,0.000471343646507656
"TCGA.CZ.4861.01A",3.46754670159162e-09,0.0239333340132732,0.0239486831966015,3.09917015559336e-07,0.00133931444770377,0.0141789850439939,0.226302048730333,0.00175341287535031,0.431533263030382,0.025112873067364,0.251895294760465,2.47744997118595e-06
"TCGA.B8.5545.01A",0.0870711188709717,0.036607415686252,3.04909960279212e-07,0.398464014823,0.012102844153006,0.0953271105592731,0.0993643268815563,0.00443899520401865,6.82891917392962e-05,0.0182897830212766,0.000102740688957353,0.248163056009989
"TCGA.CJ.4892.01A",0.0042400865418603,9.30685914033135e-08,0.12825403422531,0.353773542166421,0.00548478374719239,0.0698289037651897,0.0393375658348712,0.00345148004148567,0.261405784953859,0.134046832776686,5.15691500643204e-06,0.000171735963525876
"TCGA.CJ.5678.01A",0.199634742034926,5.95826519505688e-05,0.129808709526243,0.245679006234708,0.00303599443667335,0.0154766648320247,0.0829765609902685,0.000628752020230481,0.155768721271067,0.126100307461165,0.040795659801618,3.52987391261467e-05
"TCGA.AK.3433.01A",0.0103526322649225,0.00110529273977934,2.89926683171031e-05,0.0800969887433417,0.000407919339170244,0.00308770232162868,0.00297035237302735,0.000132196753075379,0.0401200320392799,0.00146330844646328,3.15617200954432e-07,0.860234266693794
"TCGA.B8.4621.01A",1.4753391752815e-05,0.000263316778605729,0.000457450227612888,1.69461769994353e-06,0.000402975755630228,0.000872790151591961,0.00321979758161264,0.000311062542602852,0.0672698138898014,0.000597339968358117,0.926588662745496,3.4234923548536e-07
"TCGA.BP.4967.01A",0.0714633374288651,3.66843158938995e-05,0.00957609872850701,0.396080301600925,0.00204382339882249,0.0173563571463998,0.0194304653340412,0.00554088171791806,0.152882634844568,0.00967935045308575,2.94012484911348e-07,0.315909771018488
"TCGA.A3.3320.01A",1.10701204583493e-07,0.0330262466388104,0.000812441541338601,0.349299593894667,0.00555167413288282,0.0310076301740657,0.0333096118400757,0.00481222298800615,0.300576056824001,0.0153639392206761,0.226211408162369,2.90638819025089e-05
"TCGA.B8.A54D.01A",0.0594878494329423,1.21582666238193e-07,0.0834439876647841,0.647470102541972,0.00160950271170005,0.0168353048198764,0.0350990727303799,0.000270835105727032,0.0883968328414252,0.0661007604865448,4.76247480435539e-05,0.00123800533393795
"TCGA.B2.4098.01A",0.0321919114365767,3.31492988761303e-08,0.00388032340472443,1.4150292673828e-05,0.000227658197719523,0.00284814775532412,0.00624849400688321,0.000264942995162749,0.077607835397667,0.000647575812419623,0.876068222867154,7.0468439566301e-07
"TCGA.A3.3374.01A",3.47394872721512e-05,1.63097051185491e-06,9.92842224683791e-07,2.50928709887075e-06,0.000169368705085865,0.00232952408267497,0.000373495663606288,0.000538601936876031,0.0607767797014204,0.000434350792674481,0.935337971908739,3.46218148788407e-08
"TCGA.BP.5000.01A",0.0609910245713816,0.0298041762206926,0.00882785678964469,0.490617449221295,0.00287254989329467,0.0483645111485885,0.0161610792627994,0.00204555683479312,0.0430884707920645,0.0203200020397597,0.000137787555323925,0.276769535670362
"TCGA.A3.A6NI.01A",0.0706784268833548,0.0144936014042561,0.00490368789352729,0.492698293601282,0.0074623278192651,0.0405471608487834,0.0869036105090602,0.00187671412884404,0.257241031056741,0.023184982387906,7.08438397844773e-06,3.07908300133485e-06
"TCGA.B0.4824.01A",0.0357681203438149,1.19006456940343e-06,0.104186014012917,0.262432630199164,0.0046039867960235,0.0320583117400633,0.0968602207639954,0.00328266546937587,0.326913346507852,0.133867285087365,1.86792052083138e-07,2.60422228076807e-05
"TCGA.BP.4975.01A",0.155501338071885,0.019212955470245,0.00288751673482503,0.33978082507006,0.008224415388886,0.0472723986659327,0.0358810564539702,0.00485341323208134,0.374128011270185,0.0122406347992521,6.66438519941015e-06,1.07704574784668e-05
"TCGA.BP.4330.01A",0.261858846079441,0.000496726352723347,0.10088844339158,0.232134842748694,0.00343249895378856,0.0535209104957827,0.0556578119823944,0.00315853245848229,0.0956356018271223,0.0622494156106504,0.130933340878356,3.30292209850969e-05
"TCGA.B0.4841.01A",0.0125990631048055,0.0019289168810255,0.00274609354614386,0.202516998495283,0.00434526106487685,0.0205746245477306,0.0037947608983499,0.000801751108455569,0.011292228850192,0.0103516058493567,1.10773025387349e-06,0.729047587923526
"TCGA.B8.5551.01A",0.028055122796754,2.32857425412304e-05,0.129310371585938,4.67101244638486e-06,0.00321614599196674,0.0192032867328581,0.617003031205003,7.96450777105461e-05,0.0009833394027513,0.202120319251613,7.13538068090306e-07,6.76623491158804e-08
"TCGA.AK.3440.01A",0.0290939640572601,0.000681119153146128,1.60654210556379e-05,0.059930700060339,0.000508831827868296,0.00296782397824354,0.00188553669262667,5.66450190920191e-05,0.0370729008273057,0.000621563122076454,2.16777298805742e-07,0.867164633063688
"TCGA.BP.5169.01A",0.914715931511657,0.00842271129116194,0.0147860261792518,6.35716124340285e-08,0.000327233574258621,0.0173619625883472,0.0335612708240923,0.000442597238807297,8.2740023675582e-05,0.0102976262821053,1.80572151326342e-06,3.11935169430477e-08
"TCGA.BP.4770.01A",6.14034687791959e-06,8.33922959192194e-07,0.00443933170684131,0.000975677649478315,0.00205651670685422,0.0835283470943306,0.0214999232521959,0.000515251485541412,0.0236403097418192,0.00400922344590552,0.859325004406311,3.44024088507746e-06
"TCGA.B4.5838.01A",0.0549266900648036,0.00226230311756351,0.0117660635100187,0.163140155303581,0.00138244627027429,0.0412296195704697,0.00795922653904503,0.00161241413509581,0.16678815925644,0.00941745583692535,0.539503587920379,1.18784754039694e-05
"TCGA.B0.4815.01A",0.577010446231665,3.42788838333725e-06,0.110499769529773,7.91556672243684e-08,0.00101234071935454,0.0418911253267527,0.12620070050404,0.000679058087710916,2.1406401834121e-09,0.142702825404959,9.11061988661766e-08,1.33904854443011e-07
"TCGA.B0.4838.01A",0.0846354730702274,1.73234423285671e-08,0.100220667481006,0.0424321408441419,0.00229739552872049,0.0183258890459141,0.0262107111156798,0.00174203541612578,6.0881981255197e-07,0.0609267763831538,2.59472279747342e-07,0.663208025499496
"TCGA.BP.5177.01A",0.0554369341249386,0.00307441215306841,0.0104804909191497,0.558409233385682,0.00462812228006865,0.0992778424298319,0.00729343911302306,0.00131574775481061,0.0464853622541149,0.0146750263874777,3.14460938008877e-05,0.198891943104033
"TCGA.CJ.4639.01A",0.0700867546296831,1.89576943317406e-06,0.110168412943547,0.369226634042386,0.00886541465653976,0.0248914583396742,0.0363999791554757,0.00233178375700915,0.2729110445386,0.105071049726506,4.06869234761974e-05,4.88551766922575e-06
"TCGA.CZ.4865.01A",0.124153842331219,0.000568564075943903,0.0355079534120448,0.608323778349263,0.00395068833738762,0.0562586213333523,0.0531093028928583,0.00245792602771271,0.07071711247077,0.03804606868343,6.35804699219505e-07,0.00690550628131995
"TCGA.BP.5180.01A",0.129327531672173,0.0203570319507496,0.0307355654849522,0.521133495918058,0.00126337374451213,0.0109271133406092,0.04689706080178,0.00055864966192081,0.221711942957868,0.0168170051586857,2.91848118162673e-07,0.000270937460573919
"TCGA.DV.5567.01A",0.0241284584433029,0.00144611031332977,0.000137149149619869,0.294134225269156,0.00602855515202284,0.0267699730206987,0.00710921900550476,0.00317899145537792,0.121763833212972,0.00525791558458478,0.143727720179537,0.366317849213894
"TCGA.BP.4992.01A",0.0623584992383804,0.0341953893963544,0.0140736211481212,0.153095589656521,0.000441128911420464,0.00709283890893989,0.00830295515197493,0.00042885034220721,0.0222439910545719,0.0204881883116065,2.50300290526692e-07,0.677278697579612
"TCGA.B2.5633.01A",0.0638581455356313,0.0589386985576854,0.010153961658766,0.329521450522219,0.011769120585694,0.0642270049659544,0.0965824103735178,0.00622668078872046,0.328556986104335,0.0300670422792716,3.61423889171428e-05,6.23562392874849e-05
"TCGA.CJ.5675.01A",0.0538176048309006,0.000146264501096756,0.137067694477235,0.0732353440858828,0.00315563608379412,0.0170431965287375,0.0973739010345422,0.000688712899571429,0.000130201815986891,0.172021115183048,1.1479504814653e-07,0.445320213764157
"TCGA.B0.4701.01A",0.0721671083948665,0.0572680899098364,0.0143734906812179,0.588878781533946,0.00304283648812256,0.0275021634365495,0.0356393158177989,0.00427158784048382,0.174489599138855,0.0222289295925783,7.66436665875359e-07,0.000137330729079561
"TCGA.BP.4784.01A",0.12280027494021,0.00909664175411894,8.56777198262292e-06,0.451629750712775,0.0163583111943043,0.0979646295308516,0.00782283875380712,0.00669270890031176,0.111825351884524,0.00525786892510437,0.169773235792037,0.000769819839973325
"TCGA.B4.5843.01A",0.0167009284223391,0.00508093947528856,7.90499362448827e-05,0.268616711368228,0.00216616547481358,0.0289883830303043,0.00878357459315581,0.000616359568789086,0.144780429910941,0.00547790506601368,0.518703939558024,5.61359585859399e-06
"TCGA.B0.5705.01A",0.0312226216947299,7.63467752958408e-06,0.0420125199580215,0.590708711067839,0.00413841102341791,0.0119545614975345,0.04517838368331,0.00305232756106266,0.239722424612869,0.031798143762083,2.11322273320149e-06,0.000202147238870229
"TCGA.BP.4965.01A",0.0169639929385798,0.00809102318616482,0.023209427847932,0.258114396257708,0.00972926109931855,0.093859792393515,0.0574909449782334,0.00979020268462945,0.509166977887897,0.013567810435967,4.60396896460828e-06,1.15663210910644e-05
"TCGA.B0.5085.01A",0.0250569216238994,0.00876815400687692,0.00194882732737539,0.362484901544719,0.00196860991694154,0.0134975496157023,0.0101019331707209,0.00162862810981406,0.156132910005877,0.0171076675078354,2.14239612627849e-05,0.401282473208975
"TCGA.B0.5113.01A",0.0684718897962881,0.019637948073332,0.0310752282980808,0.640974059972901,0.0035326973087277,0.0427580539768567,0.0362018507965079,0.0052216505352345,0.134868636542322,0.0172576870960733,6.21374154982315e-08,2.3546626127231e-07
"TCGA.CW.5581.01A",0.00178778553940128,0.0164926941350136,1.62012308961328e-06,0.0149630456737024,0.00300621760271777,0.01010350021039,0.000174472022853508,0.000522329984675062,0.0656999165902501,0.00598279618081086,0.881177962496261,8.76594408348724e-05
"TCGA.AK.3454.01A",0.112049523698745,0.00333134127006971,0.016753557589303,0.106120113715171,0.00418409282418118,0.0341751935076831,0.0357100533604941,0.00255038935763642,0.0810579535917643,0.0264524230706067,5.24173982238795e-06,0.577610116274523
