"","cellFractions.B.Cells","cellFractions.CD4.T","cellFractions.CD8.T","cellFractions.DC","cellFractions.Endothelial.Cells","cellFractions.Fibroblasts","cellFractions.Macrophages","cellFractions.Mast.Cells","cellFractions.Monocytes","cellFractions.NK","cellFractions.Neutrophils","cellFractions.otherCells"
"TCGA.BQ.7044.01A",0.0487945249726454,3.67798836554893e-07,0.00309828624543677,0.103002093727821,0.000264569559544746,0.00150853919045624,0.00286735410134346,0.000172867703766412,0.132003845645765,0.00218301893068356,0.297348097197906,0.408756434925795
"TCGA.SX.A7SR.01A",2.82823090529292e-06,0.0147634174877166,0.00261367643608088,0.0020469928462442,0.000984434567603122,0.0059071128179792,0.0143318420730417,0.0254697598771234,0.57372458577569,0.00412489456731624,0.356029694960056,7.60360243602446e-07
"TCGA.MH.A854.01A",0.0670344530881343,0.0193687182605637,0.00148053793502428,0.245533339832319,0.00128223628130444,0.0369161407527905,0.0047567228094255,0.00409429275967975,0.320980294001384,0.0032184340875322,0.179855530454468,0.115479299737374
"TCGA.B3.8121.01A",4.47491658168654e-07,1.03280092221473e-07,1.73976332139418e-08,1.2115664643142e-07,5.96210594955643e-06,0.00433883866743897,0.0154496806065141,0.00139993706060364,0.0345539601694814,0.00140706476212307,0.942843732896672,1.34405186917167e-07
"TCGA.2Z.A9JJ.01A",0.000222734934312166,0.00132981521504067,0.000391063475129587,3.00826466639533e-06,0.000117981515622104,0.0119928423215729,0.000588078697352693,0.00114443096735728,0.0399869666900013,8.63522020981896e-05,0.944132231849796,4.4938670504474e-06
"TCGA.B1.7332.01A",0.000294404771834167,0.000126138837076888,0.00387321297597975,0.281541710264731,0.000673062145623371,0.0129326932473348,0.00954463123110624,0.0027899663549743,0.189245481514451,0.00133312717640068,0.497642078912518,3.49256796991055e-06
"TCGA.WN.A9G9.01A",0.0408375713509373,1.65423748208159e-06,0.301502245551016,2.3290383250393e-07,0.000331145598636758,0.000796314048881275,0.127286637053076,0.00026659290443984,1.43445258319362e-05,0.403035866127199,0.000124517658257925,0.12580287804041
"TCGA.A4.8310.01A",0.00328627509923769,4.51682793777073e-07,3.1039744154493e-05,0.133580974263417,8.45805914873042e-05,0.00429390581028522,0.00129232789486729,3.06604791584034e-05,0.039109335563267,8.04238124115902e-05,0.818209948268074,7.67908468354507e-08
"TCGA.2Z.A9JT.01A",0.0421019715393783,0.0064551619651391,0.00970438938846699,0.759630484147387,0.000975325916969528,0.00628035439973866,0.0317380074884328,0.00344273397249179,0.0622190540745827,0.00892699669577844,0.0684821211090037,4.33993026310577e-05
"TCGA.5P.A9K2.01A",0.0235776565908913,0.00131630715227525,0.000116461643595936,0.0584495779294577,0.000342644216484714,0.00272804757724791,0.00256356161843871,0.00133923353312552,0.0936706140535342,0.000324944466268638,3.68367559438452e-08,0.815570914381924
"TCGA.4A.A93W.01A",0.0350785158145763,0.00310355503315833,0.00818929144312227,0.319564216893173,0.000869111323699101,0.0175425059364838,0.00741327201577822,0.0022614137102579,0.343933308294097,0.00306892013356792,0.258972925818321,2.96358376546689e-06
"TCGA.DW.7837.01A",0.0241123351086375,0.0189928598704714,0.000487699142052029,0.468662166308557,0.000415245322695449,0.00990398812359198,0.011478805876678,0.00777406425233386,0.142157559657484,0.00319238336626492,0.31282224898303,6.43988204006472e-07
"TCGA.A4.A5DU.01A",0.0365346530391809,0.0078491782325482,0.00284066552200269,0.386295010350472,0.000395508812309799,0.00586600086938803,0.0089442285369392,0.000240917633430099,0.270354372809115,0.00224710162317249,0.094124747455073,0.184307615116368
"TCGA.2Z.A9JI.01A",0.608643904278152,0.000784870615013525,0.0227385513104818,0.000176438600357801,0.00108032394938464,0.0352408279319911,0.0567214991237139,0.000896686844698016,0.25221296463327,0.0199802203505322,0.00150461802796807,1.90943344369938e-05
"TCGA.BQ.7050.01A",0.00404078895206138,3.05911773559779e-05,0.00271443470990179,0.131271271959894,0.000144912171907052,0.0168403181788706,9.78528248291521e-07,8.0978735961064e-05,0.117210904552415,0.00203361815966791,0.725627087292578,4.11558114000976e-06
"TCGA.BQ.5894.01A",0.292028243491542,0.057407512705365,0.000900344886836418,4.74034452339727e-05,0.00455711082088233,0.103402708774077,0.0916658538145692,0.0125141158752727,0.269227443510433,0.0462608719705552,6.43282784973962e-07,0.121987747422448
"TCGA.BQ.5879.01A",4.04000784156719e-05,0.000715916857564264,0.00076183848245661,0.000431332059823849,0.0011167157216716,0.0112785578635265,0.0001879368974522,0.0088100905782746,0.0682520873784785,0.000737412180230707,0.907660289450473,7.42245163270573e-06
"TCGA.AL.3472.01A",0.0458085821962416,0.00639276811844811,0.00138803540176188,6.86309588985453e-06,0.000445935507517569,0.0154997666932741,0.00376558135557925,0.00386882882554909,0.246702293769044,0.00180225907946252,1.48450230848155e-08,0.674319071112209
"TCGA.MH.A560.01A",0.0175571957203149,7.79521416002877e-05,0.000795084929443392,0.160159868452103,0.000406809083928432,0.00329498154830358,2.56010587564818e-10,9.99553408094087e-05,0.0551756041587589,0.000282032615994487,0.377060433514963,0.38509008223777
"TCGA.BQ.5891.01A",1.02231088901021e-05,2.65412197874349e-05,0.00201388640537422,0.0125147564181496,0.000233773379235017,0.00594478907399196,2.881522592236e-10,6.90141810325328e-06,0.176472692778049,0.00016625059512268,0.802610174129535,1.11856088146456e-08
"TCGA.B9.A5W7.01A",0.00292844088236777,0.00688211516610064,3.97563758078071e-07,0.210157588317498,0.000611567403020828,0.00224197409076026,0.00225962976913357,0.0127819491831611,0.146945073453888,0.00207774575468895,0.613105776917565,7.74149805786197e-06
"TCGA.UZ.A9PR.01A",3.40623359122317e-05,3.20983877884767e-07,0.000507330973942841,0.00346274320655158,0.000239915070497259,0.00487995923578716,0.00907377572847108,0.00243735153670133,0.213514341858348,0.00053635813819075,0.765311781382757,2.05954896232515e-06
"TCGA.B9.A69E.01A",3.54266703511854e-05,0.00137488404443852,0.0240135148862324,0.556504296129629,0.0020771686703058,0.0212151465237992,0.0680742954080205,0.00101919627663358,0.306147993884915,0.0195238830233617,2.18406765542042e-07,1.39760755475898e-05
"TCGA.B3.4104.01A",0.0629899473620485,0.00989484352301659,3.12519748083723e-07,0.202050697807175,0.000720115818566214,0.0238132864978387,0.00372942872255571,0.00130277250663563,0.0968081322521184,0.000635083766908228,1.79223166477148e-06,0.598053586991725
"TCGA.SX.A71R.01A",0.0335788728948309,0.00215162360551075,0.00144533353037255,1.52834085698086e-06,0.000764576639174299,0.00384477433055074,0.00228557204809821,0.002520258478768,0.150579086426161,0.00268293119588133,3.33328518492884e-07,0.800145109181277
"TCGA.MH.A55Z.01A",0.0500291931934365,0.00492181132831263,0.00612901001971888,0.504686426474595,0.000722993489236835,0.00413064883391154,0.0147775849227614,0.00256240915933956,0.215178135426955,0.00775384090878828,6.77721676397844e-08,0.189107878470776
"TCGA.UZ.A9PO.01A",0.000369460272606503,0.000983861998340259,0.000607800962268622,7.74562511265752e-05,0.000194488446480183,0.00151913255030019,0.00150649815473498,0.00020330569374987,0.055977770798245,0.000334662458514956,0.938199246151336,2.63162622972913e-05
"TCGA.G7.7501.01A",0.0268875302831149,5.88163069788258e-07,0.00941419106899024,0.592518156281958,0.000539634452024864,0.0164003498940672,0.0311492759480493,0.000106513421416411,0.314833919121867,0.00814935184937816,4.24381267581798e-07,6.51347970393008e-08
"TCGA.DW.7836.01A",0.0152802383461614,0.00190505834719542,0.00027553217883922,0.0812873047141674,0.000309998240452605,0.0339390464367793,4.23679035233544e-08,0.00219031858753525,0.181865070797827,0.00015702617191884,0.600284798203755,0.0825055656074651
"TCGA.HE.A5NI.01A",0.0211543987051701,0.00586949381903407,0.00130882456470675,0.129849178040686,0.000916597932851829,0.00706721831703291,0.00682197456035036,0.010840680204167,0.163107893829331,0.00262704231753063,5.08294748248043e-07,0.650436189414392
"TCGA.G7.A8LE.01A",0.0107113891357458,0.0108231027934123,5.99926321083812e-06,0.121352808714889,0.00125922373862337,0.0538530741287709,0.00367415515435373,0.00274775089187449,0.262106275774356,0.00178327518770878,0.531680550391301,2.39482575355329e-06
"TCGA.Y8.A895.01A",0.0409846451576771,0.00555051865617141,3.99528239116322e-07,0.290768485004119,0.000846649550341017,0.00319754845971158,0.00173083531970361,0.00325929037508494,0.313289763420231,0.00192164088070736,0.153935080546604,0.18451514310141
"TCGA.UZ.A9PQ.01A",0.0226234887392061,0.000692307139798008,7.13480574269669e-07,0.110918966437605,0.000896215521298663,0.0128755882408327,0.000317708112127948,0.000227838387373402,0.126686103530173,0.00103372484483004,0.161537566526061,0.56218977904012
"TCGA.BQ.5884.01A",2.0582441035962e-08,1.85356699266431e-08,9.3475970320238e-07,4.19829774390359e-07,4.46234944262292e-09,1.26564077335856e-05,0.000610066697104091,6.79025105801493e-09,0.000520903650410213,2.84254867412769e-07,0.998854613104303,7.09253926175894e-08
"TCGA.BQ.5893.01A",0.0277239645839582,0.00399995794354156,0.00141002049636223,0.160994078364166,0.00165066372535239,0.0148026250229409,0.00126667179265131,0.00317734460962104,0.103337141161592,0.00612052327737904,0.279076547210084,0.396440461812352
"TCGA.UZ.A9PV.01A",0.038271984457817,0.00188489847573821,8.64887698452326e-05,0.00695162843865952,0.00030568095755051,0.0074789284477514,1.57701499477101e-09,0.00100363583594397,0.355534043508414,0.000253203246452171,0.409769674597325,0.178459831687487
"TCGA.B9.4113.01A",0.010901269440044,0.00573206238066418,0.017338864010335,0.133173704014944,0.000455563908521301,0.0102537174960106,0.0371339796583542,0.0216544003882511,0.46069295521511,0.00677666955263195,0.295884474829456,2.33910567726234e-06
"TCGA.B3.3926.01A",0.0430999456720299,0.0119018667917843,0.00122904343589776,0.202779786939535,0.000352227485546993,0.0216291747965654,0.010451079964236,0.00106404935641325,0.118687679329212,0.00413174108239978,1.55888726491064e-06,0.584671846259114
"TCGA.2Z.A9J3.01A",0.0230726009256149,0.000247833106437957,0.000632007553118851,0.0355806531980227,0.000302193310619558,0.00348823263615764,0.000870752893920853,0.000839972132518764,0.0776442775515558,0.000585651032705802,0.00645737626937133,0.850278449389956
"TCGA.Y8.A8RZ.01A",0.0200400724913769,0.000121855286419329,0.00110626645317694,0.170783910586739,0.000485336580454159,0.00289167504985217,0.0152213465240176,0.000127262719630619,0.160944799639208,0.000564149570473831,7.45097280486009e-06,0.627705874125846
"TCGA.AT.A5NU.01A",0.0877424806232028,0.00360779203572649,0.00344115919306283,0.00146386748533243,0.000684387692497669,0.0227988744841514,0.00442399577064829,0.00171657844635647,0.204466999548026,0.000512833884019497,1.02707310819387e-05,0.669130760105895
"TCGA.G7.6792.01A",0.00176466594098263,0.0103801834152585,0.000212740896507693,0.353989548108413,0.000608908398512007,0.00382335253796455,0.00236149644594252,0.00626349282641864,0.154618907900069,0.0100363035554787,0.455940165516038,2.34458414189744e-07
"TCGA.5P.A9KC.01A",7.25466716039565e-08,1.56328153871826e-08,3.89152227658162e-07,2.26044341007865e-07,1.22127885120293e-07,1.13118536211519e-05,0.00239916842191358,2.81056592556614e-08,9.45771480146594e-07,2.38492283872127e-06,0.997585213990457,1.21430089636628e-07
"TCGA.Y8.A8S0.01A",0.0347164553151733,0.00627255260634906,8.31366402570251e-07,0.566037662438941,0.00051877819915633,0.0146514589543527,0.0166878456544227,0.00618509534212239,0.354737572778517,9.0763511972116e-05,7.49126556804676e-08,0.000100908919934679
"TCGA.B1.A655.01A",7.71907102513646e-07,1.3828880171215e-07,7.6711273763224e-07,3.76406495652015e-07,4.782713990028e-05,0.00161866034625925,1.8120568915887e-10,1.47324333835064e-05,0.0331030841756453,6.18342193671563e-08,0.965213519039349,6.1134899892159e-08
"TCGA.J7.8537.01A",0.274098403478147,0.00598389812184012,0.060453957810031,0.42480317667785,0.00142706444045334,0.0207693212892852,0.0578997548776438,0.000316236333056776,0.102510824490946,0.0517278854222967,3.66115007008232e-08,9.44044694991116e-06
"TCGA.KV.A6GD.01A",0.011703715900775,0.00562591964688956,0.00377827348963401,2.23247663222908e-05,0.000471650394880889,0.0600691432734306,0.0373953735765452,0.000438931375068677,0.0615930070429811,0.00451010739241269,0.814385906423137,5.64671792300602e-06
"TCGA.G7.A4TM.01A",0.203617585814323,0.00101713344200478,0.013786131655499,0.0194068807034969,0.00129456009656335,0.0257889854624297,0.0300199735887722,0.023512655059026,0.271897976341929,0.00274700581816527,2.82450184296494e-06,0.406908287515948
"TCGA.G7.6790.01A",0.0198513615809552,0.00689101605043654,1.23664535484965e-06,0.13752364413097,0.000396626837275111,0.00305805665514082,1.7740049482677e-08,0.00030205950713732,0.141408582100611,0.00143936995169064,0.689121887073924,6.14172645568445e-06
"TCGA.A4.8515.01A",0.0127831458673849,0.00113927789805469,0.000305762711572244,0.0616219200996654,0.000152215035390549,0.00419759232686729,1.34057035319579e-08,8.42427939553354e-05,0.173251570102765,0.000739695980699375,0.572179763767489,0.173544800010453
"TCGA.BQ.7049.01A",0.219389600285871,0.000737193884982015,0.00181198139844355,1.53501013732014e-07,0.000330927702217647,0.021171533833289,8.88365152523178e-09,0.00293812957116766,0.000192531626026961,7.23378413011766e-05,0.753355600475987,9.96049001392277e-10
"TCGA.SX.A7SL.01A",0.0345777862127396,0.00140571032618033,0.000202506278963796,5.61202216217897e-06,0.000752083450445637,0.0127546726015548,0.00139841348150636,0.00524843199806458,0.210583983000893,0.00105182967284212,0.00141911414143733,0.73059985681321
"TCGA.A4.7734.01A",0.000278857717400326,0.015488458715771,1.18125203323238e-05,0.0942863019824055,0.000653730823063556,0.0299603838046121,0.0153672906420066,0.00263331384795667,0.252808652506469,0.00152063962023256,0.58698760965324,2.94816650984701e-06
"TCGA.BQ.7053.01A",0.0838509107320349,0.00498814962227542,0.00460468882940885,0.286584011236728,0.000393039412661765,0.0118703128703947,0.00633630104453654,4.17129536713966e-05,0.173789678305878,0.00370552506488312,0.423834131330306,1.53859722137058e-06
"TCGA.G7.6797.01A",0.0242116607165629,0.00219779223621115,0.00293708325961134,0.225919069526527,0.000443653623591659,0.0161164758379315,0.00693789675882017,0.00940296975434353,0.461411409401147,0.00125129270449321,0.114679842216613,0.134490853964148
"TCGA.IZ.8196.01A",0.0154964273066637,0.00350308574583731,2.11664760083307e-05,0.144161135736077,0.000887194627652579,0.0339706163635529,0.012476273067267,0.00560306812898296,0.642272592407362,1.24966349605027e-07,0.141606743207962,1.57196628414896e-06
"TCGA.P4.A5EB.01A",0.00294766253742317,4.06728702047974e-06,0.00113484057213693,0.12315753796126,0.000238614427455741,0.00294511597361639,9.60540614768224e-09,4.96717928582448e-05,0.0931964775767802,0.000182179784945479,0.776143629667003,1.92814094844835e-07
"TCGA.BQ.7058.01A",0.00579741343845222,0.00250598486670308,0.00012686625113043,8.37300506157965e-06,0.00048465081610566,0.00470373788259299,2.72562006100068e-09,2.28130943891385e-06,0.373904559606019,0.000738910648018189,0.561025543996036,0.0507016754548223
"TCGA.B9.A8YI.01A",0.000491530376323163,0.000268203029394478,0.00163721821499862,0.0850321890222877,0.000113075229257363,0.00101150912345573,1.06351818111335e-09,5.35461625179012e-05,0.155467863067006,0.000440139323679795,0.616535517599602,0.138949207787959
"TCGA.HE.7128.01A",0.00113577710052758,0.00662185423752511,0.000122099448628665,1.43162170370881e-05,0.000109061605135986,0.00222986396008792,0.0200240267308017,0.00166954036358725,0.0116243344221343,0.00189825604683636,0.954548934744447,1.93512325137596e-06
"TCGA.4A.A93Y.01A",5.27182250374246e-08,5.77556980074205e-07,4.69055143637456e-06,2.61165177499234e-08,0.00132207552916284,0.0398341072664745,0.0552675745164168,4.75070213529917e-05,5.15137071845151e-06,3.53802180508616e-06,0.903514613895456,8.54354538335768e-08
"TCGA.HE.A5NF.01A",2.62813077385081e-05,7.22339003630494e-07,0.0122060530854493,0.000118839656549397,0.000374288475869116,0.00824127030324954,0.0762917337545654,0.000404322399376695,0.342620483374313,0.00225744595677823,0.557455771857124,2.78748998306615e-06
"TCGA.B1.A654.01A",0.0927704944639566,0.00695451410485017,0.00180904643534954,0.43717247757079,0.000603717970160403,0.0178807520059381,0.0139882083782275,0.00398251013612164,0.097063546723969,0.00162787849343383,0.326146719250814,1.34466389490547e-07
"TCGA.DW.7834.01A",4.37992018314884e-07,0.0143788739737774,9.70964620198758e-05,0.0931330848726853,0.000616509443167354,0.0216827948616471,0.0099968946067945,0.00612058200427462,0.193625245418866,0.00230693228686818,0.658041475691068,7.2386812993044e-08
"TCGA.A4.8516.01A",0.000186975230177871,0.000281935283212615,0.00566723849706657,0.331101323507595,0.000329025525902884,0.00301721028181879,0.00961547490644395,0.002563124206332,0.260590780575875,0.00344214483712532,0.383204727497272,3.96511776142451e-08
"TCGA.P4.A5E7.01A",0.0490507258118027,0.017609097698406,2.20645241509222e-05,0.536646157700915,0.000717761509305245,0.0269169281876446,0.0141751852079145,0.00583889005646594,0.345637474019482,0.00338543303427628,6.57362691930408e-09,2.75676009456043e-07
"TCGA.IA.A83T.01A",1.36511191942233e-07,2.09758724269468e-06,0.00801577152881784,6.82289935262356e-06,0.000952937789705412,0.00974084719718517,0.277423804327046,0.00532608188782779,0.374627959011574,0.0119021937389164,0.312000023492491,1.32402864886162e-06
"TCGA.G7.A8LC.01A",0.037559384988612,0.0047314720996069,0.00135038745691979,0.0134670502848683,0.00252488293380954,0.0128437623533236,0.00255590634991965,0.000833878057147573,0.0476566149395571,0.00576697373527019,4.40241889349954e-07,0.870709246559076
"TCGA.P4.AAVO.01A",0.00492489785193397,1.06255288910879e-07,0.000162969385602355,0.0323766469398046,7.15737000331685e-05,0.00248472062109738,1.27237938762462e-06,1.23119733571017e-08,0.203063521597313,0.000193390862441815,0.6341027710619,0.122618117033224
"TCGA.A4.8311.01A",0.0264415861678243,0.003999829504827,0.000140741775351649,2.97676982378329e-06,0.000266032445283685,0.00475303153716049,0.00217836615886548,0.00230340967186946,0.15148410775969,0.000513899643459068,6.21597014599307e-08,0.807915956406144
"TCGA.Y8.A8RY.01A",0.0515168281432947,0.00657637333682857,0.0102273784476265,0.509046898312016,0.000993097635561438,0.00882763999013029,0.0261369426388621,0.0214868985952912,0.251365969518637,0.00944690578292375,5.10457425322173e-07,0.104374557141403
"TCGA.A4.A57E.01A",0.0476806859669851,3.08795907009547e-05,0.00110423764952132,0.44711229714607,0.000686062793088499,0.0078210284468559,0.00643058090485873,0.000146175391644997,0.206575479078583,0.00142720778630354,0.280828316322567,0.000157048922819924
"TCGA.PJ.A5Z8.01A",1.22265833595235e-05,0.00296743206924237,0.0218694878723232,0.35349323818198,0.000389570867769998,0.0144653812779153,0.0333706958278146,0.000260441688685646,0.128188963417334,0.0326138854386418,0.412367529018674,1.14775625992103e-06
"TCGA.KV.A74V.01A",0.0187583823811612,0.00707104810316352,0.001104702349209,0.179536116451773,0.00046367614133931,0.00415087193955549,1.40029126479499e-08,0.00138951587875324,0.0849444714706378,0.00243373002212424,0.545737399388415,0.154410071870955
"TCGA.2Z.A9JL.01A",0.319155598104628,5.05702885426199e-05,0.00689338787803358,1.22598392490711e-06,0.000257359864918637,0.00788305672026807,0.0104539638377745,0.00445757787749972,0.136599866816642,0.000524136649448645,0.513723235568049,2.04102700604177e-08
"TCGA.DW.7963.01B",0.0221915290555057,0.00460608565296325,1.97348497846188e-07,0.203918517602672,0.000250568258630202,0.00124990099208453,0.00037898639867577,0.000428217850952812,0.0537201245035479,0.00126009679349699,0.372997626184907,0.338998149358066
"TCGA.B1.A47N.01A",0.0335722899779044,0.0153393122316408,0.00297501370830666,0.104112926439925,0.000286691947857919,0.0127504085472292,0.007029555544202,0.00371950273816343,0.0649397450204855,0.00109592810842048,1.38020183764617e-06,0.754177245534027
"TCGA.5P.A9KH.01A",0.019771194124544,0.000574191066588022,0.00109855244700662,0.254396488356068,0.00217894749815595,0.00241849541236812,0.00544225096292131,0.000417264961148252,0.0855416663715993,0.00234863309178032,0.102684629806631,0.52312768590119
"TCGA.EV.5902.01A",0.0257499131770266,0.000263317211419066,1.92674515075227e-07,1.44762990930637e-05,0.000220067287121173,0.0222724237548116,9.38481401858349e-07,0.000465490846498682,0.358589876305704,8.4353248630175e-07,0.240730005473372,0.35169245495655
"TCGA.F9.A4JJ.01A",0.114763363455833,0.00455618725874839,0.0137198040033758,5.53579819219532e-07,0.000976933419679755,0.0102825800215708,0.00585833527148134,0.0132140516945812,0.274289452741974,0.0289125970522964,0.53338325573583,4.28857648103124e-05
"TCGA.Y8.A8S1.01A",4.00137292159303e-07,1.36246024005714e-07,3.95624228238742e-08,2.09320197271185e-07,0.00130533744804117,0.00787850713886941,0.0646805416950555,0.000639336957618866,0.00804252770868931,4.81894280055027e-08,0.917452771591084,1.4400527726649e-07
"TCGA.GL.A9DC.01A",7.54622648104897e-07,0.000576907431159874,0.0027897630738507,0.0253266481615492,0.000985429047086841,0.00512756984752068,0.00708581418106724,0.0140032174846457,0.296859139452404,0.00122004126202101,0.646017989852956,6.72558309043838e-06
"TCGA.BQ.5889.01A",0.260444334173052,0.0469875715256451,0.00447972548277399,0.486328490539372,0.0038670512362787,0.0747399703847593,0.0440751853949879,0.0038504398978993,0.0433640573002634,0.0318627638811942,3.9171490359222e-08,3.7101228442057e-07
"TCGA.BQ.5882.01A",2.45535096442112e-06,1.51275469565687e-06,0.00595416679495911,9.20147808042403e-06,0.000197126312601078,0.0115974270106287,0.000463785833176465,1.98689638373701e-07,0.0417273653169926,0.0103616963318219,0.929685063959495,1.66946300874742e-10
"TCGA.A4.7997.01A",9.21957865194326e-08,5.89671979956397e-06,0.000774895786767782,1.06522382993485e-07,0.000249750190150588,0.00591448266941006,0.0148235749299793,0.00410819193304129,0.145614377235634,0.000795762923860991,0.827712850629743,1.82634435121745e-08
"TCGA.IA.A40U.01A",0.0313921297631021,0.00620216333673841,0.00913323470933434,0.589351818424012,0.00186346555334376,0.0110198661262807,0.0131957019155145,0.010156581992604,0.225903561690409,0.00482433442407555,0.0969552532090409,1.88885554472833e-06
"TCGA.DW.7838.01A",1.2849440677634e-08,0.00256600072460885,0.00199382940535343,1.15885269256135e-05,0.000168588614438397,0.00538504600803883,0.00751430946679534,0.00062846331979416,0.0190795202342263,0.00021850299211423,0.962433746037143,3.91821121446726e-07
"TCGA.HE.7129.01A",0.016919383404498,0.000486723876406959,0.00061899804905512,0.0725488719513859,0.000315241739705498,0.00343364078460374,1.88595450251283e-05,0.0105243505652347,0.155591560969845,0.0010746354589454,0.343036653637791,0.395431080017504
"TCGA.BQ.5887.01A",3.83230822123023e-06,1.78577091814621e-05,0.00178756420169009,1.59859243308739e-06,0.000487518797791871,0.0421008193724145,0.00505593317174531,0.00025084214350689,0.01549585684673,0.000770728311833385,0.934021668693824,5.77985062843996e-06
"TCGA.P4.A5EA.01A",0.40315852465649,0.0325652690214266,0.0310899244350317,8.05960833964951e-08,0.00080518003317463,0.0177567925713148,0.0110430340677743,0.00755063772354932,1.61496521630797e-05,0.0197323462978643,0.476282053945308,6.99982072686711e-09
"TCGA.UZ.A9PL.01A",0.0487892959385957,0.00124751988500872,0.000695528126525897,0.00153200393382596,0.000407207683799709,0.0147395125763112,0.000138010223571274,0.00236509121300995,0.38834934883454,0.0033627735754513,0.337140606096627,0.201233101912733
"TCGA.HE.A5NL.01A",0.0235479404635302,0.00905083803627918,0.0118267413663216,0.661385431021567,0.00116133579999455,0.00394855250830959,0.0237182642828715,0.00457269215228177,0.25303680396068,0.00774737276668208,3.33894291866552e-07,3.69374719006172e-06
"TCGA.J7.A8I2.01A",0.0197545430064339,0.00401053499653211,5.8540705156501e-06,0.0427182138761556,0.000353654363377847,0.00755755513830847,0.000141472786123552,0.00014372768673884,0.0335182778949664,0.00148556007882857,2.37032590919154e-06,0.89030823577611
"TCGA.G7.6793.01A",0.00037431271761063,0.000347885798984203,0.000512925013713846,0.272876391510296,0.00199524643095591,0.0519738373692832,0.0163252159654818,0.00459365249503427,0.0847304519874473,0.00178428103660495,0.564463564263957,2.22354106304316e-05
"TCGA.UZ.A9PK.01A",0.00176781778786829,0.00274506847473491,8.57204466617271e-06,0.309202512047232,0.000214606669568685,0.00440683917193739,0.0042333926956208,0.0020139611172422,0.0811472460395283,0.00101936496238129,0.593236506894858,4.11209436212676e-06
"TCGA.GL.6846.01A",0.0129433727001484,0.000377586024576262,0.00190345040643764,0.174622519570622,0.000426207931723008,0.00974256209658741,0.00269225566082543,0.000566065991817496,0.161134977672672,0.000458228217570284,0.400963497749713,0.234169275977306
"TCGA.5P.A9JW.01A",0.00114460801342161,5.0185018384062e-08,0.00370013481119012,0.14257135212253,0.000193553476165236,0.00197739954970765,0.00245696907519522,5.3862985376893e-05,0.120164774596346,0.00117847429708558,0.726558813767914,7.12004870526538e-09
"TCGA.DW.7842.01A",0.0192406719367591,0.00228011773831523,0.00106562877782838,0.340874518287371,0.000740640044724031,0.020598243207196,0.0126479881154651,0.00591803076582208,0.586711430420645,1.81118607814117e-07,4.91098145154952e-06,0.00991763860581418
"TCGA.UZ.A9Q0.01A",0.0155209703105043,0.00182621151632042,0.000762211730507769,0.0721771984753966,0.000468831349311119,0.00313229290488445,0.00256852787436761,0.00220956284322689,0.136375711574389,0.00120869056706335,9.45197718355429e-07,0.76374884565631
"TCGA.UZ.A9PN.01A",0.0366742303432641,0.0238496866622206,0.00598992872028585,0.164323147346656,0.00162395367749658,0.0871733941471774,0.010240502422639,0.00176220910365365,0.219290337228796,0.00431887400151327,0.444643545414485,0.000110190931812697
"TCGA.5P.A9JY.01A",0.0447647130627046,0.0022942106234265,0.00393023267997261,0.368662975851313,0.000821774704738237,0.00600827039250123,0.00653895089355858,0.000844369846526757,0.225171762436744,0.00804179990504387,0.065844726281806,0.267076213321664
"TCGA.P4.A5E6.01A",0.0308090342759645,0.00631397228327586,0.00353959085512914,0.424097804758704,0.000595702528700944,0.00688110513975899,0.00897990246324497,0.00186372263636808,0.171633319912348,0.00678235951664225,0.302089224093586,0.0364142615362775
"TCGA.2Z.A9JO.01A",0.0144531092055039,0.00108119618712281,0.000784024597266948,0.216627831228757,0.00028563153472288,0.012381461723672,0.00196145149938437,0.000208685185737699,0.0497314857443568,0.000897497440226158,0.515908944231897,0.185678681421353
"TCGA.5P.A9K4.01A",0.027420635207042,5.09019203344716e-05,0.00110749814466568,0.131018340176397,0.000271422894316801,0.00431356612989371,0.000924045980327577,0.00128648706133897,0.185360712040179,0.000248131142366298,0.647991001840553,7.25746258529928e-06
"TCGA.UN.AAZ9.01A",0.0340913098670203,0.00500945934083285,0.00182086992125152,0.158148809006986,0.00140623165716489,0.0239686252160538,5.93474987700785e-05,0.00528603971046351,0.0990980119166591,0.00578950148402386,0.170524252137874,0.4947975422429
"TCGA.SX.A71W.01A",0.0434325970293053,0.00125054875977108,0.00398861085490713,0.422067908261387,0.00074536722313293,0.0146078352490303,0.00705346745724497,0.00896539568851182,0.269263787047778,0.00527565033059127,0.163174250014812,0.0601745820835283
"TCGA.MH.A855.01A",0.0277036311586184,0.0238295329367947,0.000191134254618565,0.0899367914820316,0.00158576959128126,0.00805190820108705,0.0168743660315413,0.000594386284472982,0.203202060817674,0.00897164523069072,0.619048924807758,9.8492034310316e-06
"TCGA.B1.A47M.01A",0.0550120450003584,0.00224961828153692,0.00643612145695037,0.501095037252208,0.00191106556049935,0.0158376576458734,0.011715367895714,0.00221473727756877,0.263909564540571,0.00712096489994673,1.48510594573581e-07,0.132497671678178
"TCGA.DZ.6133.01A",0.00142635143570292,2.18869343878335e-05,0.000776912398636871,1.38652784181166e-06,0.000430239649085442,0.0127236003160559,5.90829829112175e-10,0.000589292929201006,0.245254916485205,2.90729378863624e-05,0.738746257987752,8.18074149394455e-08
"TCGA.DW.7839.01A",1.03752701534495e-05,0.00498234784451379,0.00312348863610133,1.06559035993393e-05,0.000265336357047913,0.0159444340487801,1.13426079435414e-07,0.000712667485995234,0.331464857205742,0.000196070758627452,0.502112283292916,0.141177369770444
"TCGA.5P.A9KF.01A",7.22490311267824e-08,5.44551582707041e-05,0.00198857740236277,4.94239071350049e-08,0.000120699511040504,0.00714687013331967,1.61395946176964e-08,0.000728384728655988,0.101221876051224,8.44486331078675e-06,0.88873047683173,7.75075532389202e-08
"TCGA.SX.A7SP.01A",2.77114445087422e-05,0.00120963251845392,0.00267285226159783,0.261799452626803,0.000471866452961852,0.00360892997118995,0.0173633965760514,0.00202195236697311,0.133165985829383,0.00365865491406838,0.573999426870829,1.38167180508484e-07
"TCGA.G7.6795.01A",0.0164237636787952,8.76035778301234e-06,0.0027149132029295,0.177980601952372,0.000612261449504712,0.00623787629764133,0.00231628489491351,0.000776215264283685,0.0747578153101854,0.0077577170093579,0.127960513614651,0.582453276967583
"TCGA.A4.A772.01A",2.81557034297773e-06,0.00298249679372804,0.00599324638211092,0.000515370991709442,0.000587866737998357,0.00389931472532273,0.0095279896026232,0.00380357942311238,0.159269296611295,0.00161138414253406,0.811806169711703,4.69307520835793e-07
"TCGA.BQ.5890.01A",0.00762254668630166,4.72279977757643e-05,0.00173704137599685,0.244082771861883,0.000228413289027799,0.000905775192338272,0.000923198275847476,2.38415992285399e-06,0.0895822418689287,0.00300035474278916,0.651867951247482,9.33017062808419e-08
"TCGA.B9.7268.01A",0.012640817168641,0.00017586485030301,0.000358463559770042,0.111862998067004,0.000305879020606861,0.00603112985648612,1.04482369545943e-05,0.000358441363095825,0.117760661266876,0.000205829421572041,0.501951552993797,0.248337914194893
"TCGA.AL.3466.01A",0.0698511923364441,0.00837870602339127,0.000914260857790698,0.170329456345726,0.00010268285330422,0.00901287080980988,0.000980818019325604,0.000101553291561117,0.0913453843922809,0.00257254370532257,1.02521989909942e-05,0.646400279166053
"TCGA.GL.8500.01A",0.0279592442557691,0.00347211714306852,0.000104134365625117,0.0525933783477179,0.000160865542634028,0.00341063582513859,6.05146139238785e-09,0.00131506209905168,0.131565500301044,0.00244612594995654,0.345984018594775,0.430988911523758
"TCGA.A4.8517.01A",0.000841694788743699,0.000423703200980976,0.000488882954650342,0.343938112654891,0.000456365139219819,0.00204744207115934,0.00428266813855437,0.00107229259088546,0.136996577798031,0.000936194641498041,0.508486684330572,2.93816908138104e-05
"TCGA.2Z.A9JR.01A",7.84511345340258e-06,0.0117009479083813,8.18798753448684e-07,0.00957118309074955,0.000232054905494027,0.00339242101962717,0.00565113948824486,0.00135249514610912,0.130652504363242,0.00226109129063539,0.835177371894827,1.26980482462374e-07
"TCGA.A4.A6HP.01A",0.000823598978603541,0.00016748294960824,0.0115842742936718,0.443988857723761,0.00106723087158208,0.00635194752567498,0.0399930842288926,0.0153558151287519,0.0956458496552139,0.00426307538132417,0.38074850179895,1.02814639653976e-05
"TCGA.F9.A97G.01A",7.13649806103053e-06,5.43776238769269e-05,0.000364686377437959,0.000603195435105384,0.00030145710344545,0.00445646404999852,0.00182487180369568,6.79184267523976e-06,0.0279224529443248,0.0012986033806675,0.963159136477975,8.26462736176379e-07
"TCGA.2Z.A9J9.01A",0.026986490585486,0.00732460520653773,5.5402393944212e-05,0.324675810740331,0.00415192834995265,0.0210544406627475,0.00647376350710224,0.00290702883544014,0.106901422442487,0.00945336249035681,3.17736200581132e-07,0.490015427049415
"TCGA.A4.A5Y0.01A",4.49765361578229e-07,2.39195365265672e-08,1.59982947214264e-07,5.2690727376796e-08,0.000207550853814241,0.00439627653337621,6.6285179199945e-09,3.76297930769692e-06,0.312727634357742,2.70276622565982e-07,0.682663788656659,2.33553873535822e-08
"TCGA.2Z.A9JD.01A",7.38065018136299e-05,0.000576146353674685,0.00110535786985995,1.18367301274248e-06,0.000335585256233897,0.00567373252670107,1.10385553953618e-09,4.21910849945441e-05,0.26453243252614,0.00106043298863592,0.465044753581841,0.261554376533237
"TCGA.A4.7828.01A",0.0445458197451977,0.00634879642073271,0.00109148582518857,0.428704542721999,0.00427922913348223,0.0542848154476013,0.00709341102830943,0.00584681515389079,0.136762994854292,0.00565846165605998,0.305257764693647,0.000125863319599672
"TCGA.MH.A857.01A",0.0134345359791138,0.0028971760796145,0.000210038607826597,0.266349091870121,0.000370474447520191,0.00638634439427441,0.00481456769504236,0.00320132499872175,0.0806335341681373,0.00129784525486322,0.0217754205052538,0.598629645999511
"TCGA.2Z.A9J2.01A",0.00592113879017113,0.00296221631384472,3.68807013969262e-09,3.37095011826028e-07,0.000164589067341929,0.00185354031582663,1.78261912696516e-09,3.70888459925689e-05,0.0726614676759859,6.86130729020093e-05,0.916330487900845,5.15451388994595e-07
"TCGA.A4.8518.01A",0.00654335760325966,0.000150695641401411,0.000967240197073589,0.0119574886549526,0.000166418187254734,0.00365620038937666,1.21736072511251e-08,0.000236777797276838,0.100651406233428,0.000129250488149581,0.875539333363569,1.81927065094878e-06
"TCGA.A4.7585.01A",9.98144969789052e-08,0.00219691457426699,0.00486419164996263,1.58633826283873e-07,0.0001605382483602,0.0126046169090928,0.00797590889848666,1.68496395896046e-06,0.0437013851411313,0.00177518703047272,0.926719312634619,1.50132570965565e-09
"TCGA.BQ.7046.01A",2.86580227097056e-07,0.00297447898934499,0.000163975172223273,0.0242893527661341,0.000295304913991956,0.00320070751036114,0.014638923598575,0.000299431150446221,0.139252578351811,0.0013877759716541,0.813497181167707,3.82752423844184e-09
"TCGA.BQ.5886.01A",0.019052708154651,0.00104365916976073,2.63171483869408e-05,0.0705199747674917,3.6382556158996e-05,0.000882409777554679,3.1676675315609e-09,0.000229886471407624,0.143322103005382,0.000911339609815172,0.414767720261869,0.349207495909855
"TCGA.4A.A93X.01A",5.12881491270828e-06,1.78664175276029e-05,2.44136836368454e-05,4.06306565378806e-07,0.000202116761828661,0.000580651959764782,1.53499804209261e-11,1.76058345802801e-07,0.151068731406154,2.41959971193339e-05,0.84807446368856,1.84889023490436e-06
"TCGA.IA.A40X.01A",0.0108360508139034,0.000980063689268744,0.0113839913187637,0.256876512860701,0.000578237723322704,0.00541555572899665,0.00713174237329014,2.20958247287718e-05,0.199821130341803,0.00446257442750984,0.502491967722807,7.71749051214324e-08
"TCGA.BQ.5888.01A",0.26742537795094,0.0187462959354651,0.000517801959297199,0.46288918423061,0.00117568016824562,0.00669860074675523,0.0141252007224914,0.00156708406721152,0.0664971290609651,0.0105162742132665,1.51491684432661e-06,0.149839856027908
"TCGA.A4.7915.01A",0.00473146995588329,0.00637950968473035,0.00295408158805238,0.107505407317392,0.00100374815943174,0.0205121880909993,0.00215299128094438,0.00165663770267662,0.129339202875444,0.00748196459811203,0.716281564432801,1.23431353285568e-06
"TCGA.SX.A7SQ.01A",0.0327491168269781,0.001782970064956,0.00165511607300105,0.143772468770686,0.000791339845302722,0.00857606132641202,0.00143237331575207,0.00328752154552166,0.249937184843457,0.000511356148552533,0.55547068358239,3.38076569904801e-05
"TCGA.F9.A8NY.01A",0.0429286124912565,0.0101956204462233,0.00766112592597391,0.205525969265882,0.00152368644355132,0.0191985597363957,0.00339976477046601,0.00113500997595632,0.100071862582799,0.00680164272387926,0.198303971490166,0.403254174147451
"TCGA.2Z.A9JE.01A",0.0327758448432107,0.000833705700913628,0.000843006498451205,0.158299867564655,0.000317839121236315,0.00366987846724245,5.42933365874889e-09,0.000766829454504852,0.0886602397266756,0.000417690979517616,0.321265848261219,0.392149243953041
"TCGA.IA.A83V.01A",0.000118221398441764,0.0118977147906617,0.000905555785564655,4.60502238123552e-05,0.000443156521432154,0.0384306565494737,0.0356916961014065,0.00153629231396988,0.0562010755223391,0.00501665193834156,0.849700788260309,1.21405942477158e-05
"TCGA.2Z.A9JP.01A",4.90872252415868e-07,7.35857556173342e-06,0.00142755555793533,0.012631959546363,0.000288189764348708,0.00294481699523352,0.0066650624160889,9.49775467408848e-05,0.0826618816516033,0.000281384896069556,0.892996266879992,5.52978103665006e-08
"TCGA.2Z.A9J5.01A",5.39634239404102e-07,0.00254011338873593,0.0101130293698618,0.0357008335399121,0.000741380106709923,0.00732339092483361,0.0379032238366095,0.00281622925931966,0.126620320543784,0.00930741182684547,0.766924810952179,8.71661696924353e-06
"TCGA.B9.4617.01A",0.0190352176066743,0.0062958309351448,0.00028957279281026,0.15444356548783,0.000171150432302512,0.00509114543933732,0.00279862951562138,0.0092510100964214,0.0638948825278425,0.00132839310925249,3.35701218751092e-06,0.737397245044576
"TCGA.A4.7288.01A",2.98683323443735e-09,1.59300025982345e-05,6.91448150989185e-05,3.55632021350528e-06,0.000375453719051026,0.00958539379262733,4.62328653452848e-11,0.000863191307234765,0.244964186547802,6.97381293510302e-05,0.744053366997257,3.5335700786848e-08
"TCGA.GL.7773.01A",0.0500022713531059,0.00945185932528524,1.39557552491962e-05,0.0491603360169456,0.000351370462851853,0.00912317244966672,1.92195217270987e-09,0.00186932270269119,0.174144102288315,0.0039958376986988,0.701887704012845,6.60123933066053e-08
"TCGA.B1.A47O.01A",0.0974206025675257,0.007047258922106,0.00306496895849673,8.58484259030802e-06,0.00109587244224868,0.00441610134453429,0.0137840404102712,0.00284933866039205,0.357895553501015,0.00220957322437639,6.31589412183829e-07,0.510207473537031
"TCGA.GL.A4EM.01A",0.00172718055962275,0.00365920848217427,3.64956556217433e-07,3.98767704348107e-08,0.000224646822406473,0.00692499287164923,0.00473925402125644,9.56317076500608e-05,0.0701698778181657,0.00140794968899464,0.911048000917502,2.85227725170092e-06
"TCGA.UZ.A9PZ.01A",0.0391098658085787,0.00662192545404786,0.000224467229331647,0.222437482562499,0.000609960735319467,0.00688357735999481,0.00305111260758451,0.0125748039755013,0.219438360266056,0.00189320026053769,1.08950414357331e-06,0.487154154236406
"TCGA.B9.A5W9.01A",2.76824947719884e-07,7.87554899644762e-05,0.000198574311902535,5.20984820693537e-06,0.00026317195501921,0.00630170104866367,5.35024289267007e-10,0.00016268232132209,0.170365915055462,2.74730345870257e-05,0.822596112675063,1.26899837907059e-07
"TCGA.DZ.6132.01A",9.99015338804885e-05,0.000114880441536258,0.00280666281421562,0.000341550298058474,0.000832065842116255,0.0104468729740577,0.0688697241977878,0.000154243759572643,0.0184364233811447,0.00620493933977996,0.891692733886199,1.53165133118316e-09
"TCGA.A4.7583.01A",0.0196338747269359,0.0561433854027018,0.00650284123640646,0.464717079181923,0.000929233173286247,0.00876478081999345,0.0154880454388539,0.00388913744087487,0.409253845188965,0.01465153980653,1.60166467420886e-05,1.02209367872577e-05
"TCGA.UZ.A9PM.01A",0.000193253572753753,7.59824112581131e-06,0.00263983853270871,5.84290883571627e-06,0.000273185224635967,0.000918001192212418,0.0095952199014865,0.000953258313316239,0.0663894530878872,0.00381609500409887,0.915207040496196,1.21352474281782e-06
"TCGA.SX.A71S.01A",0.0135722313767484,0.00132181672273042,0.00387220108600311,0.294802063683916,0.00044509943892349,0.0185850252410237,0.0119524556287369,0.00402141012943282,0.296008578571436,5.78339878263177e-05,0.355328205641506,3.30784917160836e-05
"TCGA.G7.7502.01A",0.00188009827385994,0.00222658191569062,0.0106314273751267,0.128051078361274,0.000279603413518292,0.0110763289811458,0.0139292293023379,0.000877737017352392,0.154957193670041,0.0025433522819092,0.673545726017639,1.64339010467788e-06
"TCGA.B3.3925.01A",8.73831748462981e-06,0.0224458961388034,0.00119542093432485,9.56567626809972e-06,0.000392042227830612,0.0151558830149872,0.0199888613422827,0.00781070229453818,0.278865694993576,0.0013481503022742,0.652778148037182,8.96720448034271e-07
