"","cellFractions.B.Cells","cellFractions.CD4.T","cellFractions.CD8.T","cellFractions.DC","cellFractions.Endothelial.Cells","cellFractions.Fibroblasts","cellFractions.Macrophages","cellFractions.Mast.Cells","cellFractions.Monocytes","cellFractions.NK","cellFractions.Neutrophils","cellFractions.otherCells"
"TCGA.94.7943.01A",0.150395217786021,0.0171812904868953,8.11055848880828e-08,0.0997476548681423,0.000997799077303804,0.0258995668035447,0.0118479713128929,0.00132806588505958,0.225720739365249,0.00364526872479646,0.463228036902881,8.30768162941113e-06
"TCGA.68.8251.01A",0.0924135015827504,0.037709467192194,1.15935650159074e-07,0.274969229697223,0.00075595559985058,0.068922516055542,0.0148571320543994,0.0047917380076177,0.0814260715686401,0.00612512625257861,0.418019131027807,1.00150257462836e-05
"TCGA.33.A5GW.01A",5.6695206383518e-05,1.47222133224e-07,5.67200256313371e-08,1.77178572434082e-06,0.000225880461732994,0.000609821236812897,1.60409333500897e-09,0.00118563893945936,0.0562738617585759,1.63587183300084e-06,0.941644472004989,1.71882363836786e-08
"TCGA.85.8070.01A",0.236820692453389,0.00327665858064544,0.00146147947606172,8.22531435565863e-06,0.000846347309105514,0.0110644074626681,6.70735067746405e-10,0.000113512567756627,0.241812007653211,0.00157003892216022,0.425009302666544,0.0780173269233675
"TCGA.85.8479.01A",4.24969586320149e-09,1.10444082680334e-07,8.01479413840451e-05,2.93148603165819e-07,0.000289935782870062,0.00742387592634955,2.35832167762806e-09,0.000679373576457961,0.100006903850026,2.57850810080197e-06,0.891516635369379,1.38844728637936e-07
"TCGA.22.5482.01A",8.51223562945034e-05,0.00587937648067151,5.61074039575644e-07,0.0237397129604297,0.000210508501736548,0.00147377694006813,3.17392029051049e-07,0.00052729350291335,0.000394934362576143,1.57540377676543e-06,0.967686516201006,3.04824458868506e-07
"TCGA.21.1077.01A",0.00553764712465316,0.00571818802386413,9.06042984241574e-08,6.76757993897167e-06,0.00123973093815005,0.0194619196120983,2.22985370218598e-10,0.0011144133938967,0.0305631648729689,4.5820022374968e-06,0.936353428980248,6.66446609687959e-08
"TCGA.43.6773.01A",0.387575836862462,5.04634645071468e-05,0.0108859401315179,1.34382048948837e-07,0.00261814519731101,0.0763453225809794,0.0567233563706655,0.0051284409796692,1.68584611779989e-07,0.0172933217495922,0.443378695906764,1.73789870384095e-07
"TCGA.34.8455.01A",0.0398294278698697,0.00593695909404592,0.000119355738038733,1.73723477897042e-07,0.000838011845420836,0.0341975717441206,2.13939763329284e-09,0.00438237646261003,0.0903183808733243,0.0017945517423414,0.822578940263707,4.24850364598282e-06
"TCGA.85.7950.01A",0.139905810159954,0.0854412376404268,3.10341000497491e-05,0.406913651018467,0.00542530287940375,0.161198861362243,0.014241936971455,0.00374754725828291,0.104589388562715,0.0228251025965165,5.26033511535232e-07,0.0556796014169746
"TCGA.60.2715.01A",0.0629148380283529,0.0341430838826631,6.14874722527664e-07,0.0743523316754934,0.00334284591675592,0.0812535653191951,0.0293840420300571,0.00571846355222606,0.038270852140374,0.00711184957349167,0.663477276128188,3.02368784799561e-05
"TCGA.85.A5B5.01A",0.0923788844660835,0.0114776481117981,1.9285390137448e-06,0.221625677262255,0.00025769937709714,0.0226628459087702,0.00271619628245671,0.00039465287682058,0.0971768405283713,0.00205279923122996,0.44502636513262,0.104228462283484
"TCGA.33.4583.01A",2.2442800109582e-08,3.61366106327489e-05,0.00331128039125251,1.24976984938688e-08,0.000140002208227497,0.00402278120099192,2.73992062599612e-11,0.00130180936747263,0.0946605892809693,0.00493142405652181,0.891595899484171,4.24318625559304e-08
"TCGA.60.2725.01A",0.067394445329699,0.0296268983979536,2.72309668460627e-06,5.34975702657298e-05,0.00206832555455081,0.0534101846842297,0.0267043423015791,0.00313544454662702,0.0327788243986002,0.00843966698862403,0.77638522887807,4.18253115732685e-07
"TCGA.85.8072.01A",1.74174354146936e-06,0.000225213441538676,4.52988374895429e-05,8.84566512995233e-07,0.000377222044855112,0.00580575751478448,2.08883657516727e-05,0.000592755054354526,3.61762877255295e-06,0.000228005565651266,0.99269848833148,1.26905267413912e-07
"TCGA.22.4601.01A",0.100318697919503,0.00770133841127613,0.00199345195732774,0.163598843218666,0.00120717589541956,0.0159625035218712,0.00955398165516093,0.00182279919090672,0.108931619407475,0.00187602288176334,0.587025301306426,8.26463420439351e-06
"TCGA.66.2781.01A",0.172076728641261,0.000270209404802136,1.81256378653043e-05,0.000879094796487969,0.000429867197318986,0.147355295294083,4.92240792010887e-05,0.0032140255145515,0.0405637078108784,0.000972599333502411,0.634164376361765,6.74592828289006e-06
"TCGA.22.0940.01A",2.679106002093e-07,9.3428283161586e-08,0.00166376420148044,3.07170703529961e-06,2.37392057440747e-06,0.0228528240093701,0.00716848703145229,0.00118551582316299,3.03042160678847e-09,0.00311837247487291,0.964005070160622,1.56302124934499e-07
"TCGA.43.6143.01A",0.155941056155678,0.00815229381306281,2.07341788674299e-06,6.37724750361194e-05,0.00103108885074908,0.0532288134914528,0.00646196341313666,0.000976354540703921,0.194084774667799,0.00325787882396459,0.576796747174181,3.18317635037787e-06
"TCGA.39.5021.01A",0.184017827064917,0.0186172333729349,0.000318339401900945,2.50640812941538e-06,0.00158226142983395,0.0202989737065925,0.012875832491382,0.00211421082294325,9.93067486964844e-06,0.00465822404671182,0.755486150486315,1.85100934700764e-05
"TCGA.22.1012.01A",0.00010807709993253,0.00300884983839855,0.00406188679354926,1.14972734319686e-05,0.0012421381726048,0.0141220122343461,4.95385902825049e-10,0.0018985231004468,0.0815482505509235,0.00231169900687184,0.891687035048066,3.03860427750779e-08
"TCGA.33.AASL.01A",0.110319952083812,0.0161517404077449,3.22937834907707e-07,0.283719724229998,0.000450652496485491,0.00549586212321497,0.00580147725584675,0.00131753789475187,0.0659805522485367,0.00761131425836632,0.204698741080814,0.298452122982594
"TCGA.33.4533.01A",2.78495697958969e-05,0.0052270475527456,8.64043796233965e-05,1.33345913624778e-05,0.000431557086493909,0.0298555757657327,1.66809558286908e-09,0.00076053058466055,0.133581599295619,0.00196242548403296,0.828053515992565,1.58029272906721e-07
"TCGA.43.6647.01A",3.45564452815179e-08,3.47685483816414e-07,4.05499144964443e-06,0.000143226704757669,7.4682928904148e-05,0.0862449080151091,0.00276909510305743,0.000401609433044133,0.00153210556749949,1.4415914140872e-07,0.908828505167576,1.28568753231579e-06
"TCGA.77.6845.01A",1.33510045869112e-07,1.00744117019101e-07,2.39515755537453e-08,3.57926419778551e-06,0.000312136161114275,0.0065612287678694,1.24280248333157e-08,0.000394133346673086,0.0615284324742418,1.20920211645777e-06,0.931198538623803,4.71526220924241e-07
"TCGA.56.8504.01A",0.0596431189818468,0.01862114518685,0.00192647828065034,0.0176987324503655,0.00114090991732538,0.0360594019993898,0.0158995911409802,0.00245405469195493,0.175207983754031,0.00852745880228776,0.662820622235495,5.02558823495626e-07
"TCGA.56.8629.01A",1.4513496991926e-06,3.19115255289477e-07,6.80259522419282e-08,9.95943599761727e-07,2.13424970951524e-08,0.000157782969856606,5.47978326846212e-09,3.1184449934473e-05,2.55498598407814e-05,7.78676295310823e-09,0.999782532196107,8.14807111136325e-08
"TCGA.63.A5MY.01A",0.0546218153250664,0.000664899073338596,4.57459050748013e-05,0.0813143667504871,0.000354284045537986,0.0252810268013167,1.24604394521182e-05,0.000165326855800259,0.0545232046416769,0.000477491098901218,0.0298513114693144,0.752688067594034
"TCGA.37.4130.01A",0.354195195514372,0.0133191628666551,0.0918896342826924,1.93040604881587e-06,0.000199285548609766,0.0125386633441315,0.03903875269544,0.00207685368175208,0.00727008845266648,0.071657818807863,0.407811892820261,7.21579507817463e-07
"TCGA.22.1002.01A",0.197867819046243,0.0258598494843891,9.44613574785176e-06,0.00011160116560445,0.00536866086274157,0.340207998248647,0.0161530404442004,0.00540241546056897,0.154774777224802,0.00929506433686154,0.244948535451494,7.9213870061849e-07
"TCGA.18.3410.01A",0.0670839314136945,0.0690090438820668,3.47958762802279e-07,1.16200810316821e-07,0.000416185323203439,0.0258663323229629,0.0125338605308212,0.00415121522140612,0.183939038672441,0.0249188315349208,0.612080674429214,4.22509696608782e-07
"TCGA.39.5011.01A",0.0190336114814283,0.0366913087976749,0.00774703315604458,1.68769257724384e-05,0.000722564702758836,0.0104524438703141,0.0486928406809068,0.000432682452701969,0.0450765555239489,0.025826857535303,0.805307175203491,4.96696552033395e-08
"TCGA.56.7580.01A",0.281934888693452,0.00724652321003292,1.76839462428784e-05,1.40437261033399e-05,0.000463533613320069,0.0410973166602639,6.21114155443512e-08,0.00160159116299399,0.0381818923325367,0.00252516125035136,0.62691675260351,5.50689777388164e-07
"TCGA.98.8023.01A",0.423199766677181,0.0305108389046251,0.00044146844879895,5.88197332392553e-07,0.00076403343439333,0.05148518066867,0.0156885987141048,0.00334943230028094,0.0169826610907306,0.0127942668359897,0.444782831879764,3.3284812912831e-07
"TCGA.33.4586.01A",1.0067452484203e-07,3.55801746797745e-06,1.76603318233048e-07,1.59155353022786e-05,1.44266970946609e-05,0.00248408811237884,1.15026722651502e-08,0.000101186895659862,7.25584703337999e-05,3.97238415199759e-07,0.997307029496275,5.50756556494326e-07
"TCGA.58.8388.01A",4.8973500449781e-06,0.0130085060830852,0.0108582585776716,3.81907795791502e-06,0.0012480285673494,0.0460095999269756,0.0207455162330762,0.00172923679183055,0.118448486580821,0.0104472137265293,0.777440264694614,5.61723900439817e-05
"TCGA.77.A5G3.01A",0.109058279932067,0.0292167396090675,9.342584803803e-08,0.485735172412796,0.000445423544232791,0.044258813227837,0.0161370249690338,0.00194224747273144,0.202192024517484,0.0125311512918156,0.000600452035978197,0.0978825775611096
"TCGA.85.8071.01A",0.0871026629964122,0.0177704912106816,0.00203480190280211,0.000113854937250297,4.14887453865856e-05,0.0295508588306412,7.25175271739226e-08,0.00442407437076284,0.230018773781048,0.0094500483470364,0.504692489913215,0.114800382447236
"TCGA.33.A4WN.01A",0.445397391255488,0.0102010857982089,2.09641597189849e-06,0.0528567771496504,0.000483845567431751,0.0145096143452433,0.00152976312046602,0.00175671486871652,0.054602264850891,0.00185084076712421,0.416804163663425,5.44219738320169e-06
"TCGA.77.7141.01A",0.0921986897305261,0.00679483396336295,0.0025816088573696,4.86251186116679e-07,0.000745199614002907,0.0284394278082224,0.0146217225713827,0.00353295932992764,0.258407045470888,0.00260250088402069,0.590070620755531,4.90476358037902e-06
"TCGA.60.2716.01A",0.030098170172201,0.00169150110169074,0.000780641164650485,0.035316114258089,0.000423323497602678,0.145629570681115,1.14111169197612e-07,0.000339916847901103,0.122373192000395,0.000807823148754504,0.266647391638093,0.395892241378339
"TCGA.85.7844.01A",1.79520289130338e-09,3.18945589092715e-06,1.3416251392911e-08,8.16717960187745e-06,5.32763928137514e-06,0.0182393825246341,8.87478930667651e-06,0.00307581767573395,1.30343629427101e-06,6.91883553914749e-08,0.978657851552364,1.34708370035729e-09
"TCGA.98.A53H.01A",0.287779264163547,0.03743580373537,1.64514526787833e-05,0.0030748118745697,0.00505600474369755,0.0899637537606294,0.0145991849708426,0.00522667216984035,0.0633661058981779,0.00943248735418683,0.484049263432761,1.96443698942784e-07
"TCGA.37.A5EM.01A",6.56125193678029e-06,1.88119372784164e-06,3.42820011940258e-06,4.14614600434608e-06,1.14312031898458e-06,0.0197667451236621,0.000995754235642271,0.000595952819504728,1.11971018883809e-05,3.00284187240843e-06,0.978609803778033,3.8418728983562e-07
"TCGA.63.A5MU.01A",0.0934482983536851,0.00450872675881986,0.000526680394007354,0.162636240444006,0.000350229902945714,0.130744116966061,0.000428572484772706,0.00550515250273842,0.0863049624625574,0.000953062117120893,0.303610664794046,0.210983292819239
"TCGA.39.5016.01A",0.0992044528659178,0.0431432510664507,0.000166981422018527,6.96301225845031e-05,0.000338414437230048,0.0121456862855105,0.0329698580420136,0.00210774194453354,0.186181020632494,0.0145078917837806,0.609155823506491,9.24789097467798e-06
"TCGA.33.4582.01A",0.0652837415167351,0.00524160108002338,0.00116693475719831,0.178932033243708,0.00020452874377873,0.180918926134999,0.00336476619900631,0.000106219665568377,0.0845827020235272,0.00268163048640814,0.21339554535846,0.264121370790587
"TCGA.85.8666.01A",3.35050588436509e-07,4.19689854742567e-06,1.19092747413222e-06,2.07103866868734e-06,1.9874042616594e-06,0.00258805499479511,0.00161136597182314,7.21861455095453e-07,5.41901194366911e-06,8.16797538116148e-07,0.995783742084355,9.79585497176648e-08
"TCGA.66.2791.01A",0.01335613425357,0.00471320048411852,0.00967951728775551,3.29169807473525e-07,0.000153408175558463,0.0253864131459267,0.00936631605697634,0.0035546546784188,1.20246331309616e-06,0.0102523536612514,0.923536111842319,3.58780984582645e-07
"TCGA.6A.AB49.01A",0.0633611085886731,0.00632594496657012,0.0011760003104678,1.11015759615194e-05,0.000756505166002073,0.027466525136514,0.00153843423501647,0.00011633658148913,0.189055599660635,0.00277953844254973,3.53111731674041e-06,0.707409374218805
"TCGA.66.2782.01A",0.438438076046947,0.0283644688435997,0.00166672354084632,0.000130357459477668,0.0010067488275115,0.0790449337977734,0.0516391829338934,0.00363980966555814,0.0701258552921168,0.0107757563648554,3.3007005710773e-05,0.31513508022171
"TCGA.39.5036.01A",0.000675339688871537,0.000212848977170324,0.00117794223097977,2.34770501173519e-06,0.000195232874388307,0.00379260253651727,1.10259987909631e-09,0.000106783300362434,0.0580736389071886,0.00088684055847108,0.934876342439888,7.9678551288288e-08
"TCGA.NK.A5CX.01A",2.47992721694738e-07,0.000995199016381538,3.11892457423944e-05,2.91503749833883e-07,9.94886015470369e-05,0.0178433662305495,0.00127053342473956,0.00110795426303365,6.5834096492141e-08,0.000401283955035301,0.978250333492028,4.64403751288486e-08
"TCGA.77.8154.01A",0.0581392896798982,0.00512869230578765,0.000370882508806554,0.263227739278219,0.00252302104877189,0.400242340670676,0.000246733846450407,0.00227652481155217,0.122411776109464,0.000775600462080796,0.143192440186155,0.00146495909213918
"TCGA.37.4132.01A",0.666749325970412,0.000205517027412421,0.0348221811776092,2.3092908356874e-05,0.000504013281944019,0.0390663034351652,0.035595909141234,0.000708903422734823,0.112945512465379,0.0150075263869671,0.0943705741067026,1.14067608310561e-06
"TCGA.98.8020.01A",0.0335650904509946,0.0123227915013233,2.89010051275783e-06,1.96422440986104e-06,0.000455743573074318,0.029186385954044,0.00992315403557793,0.000575045346985946,0.018848359474596,0.00412310632649016,0.89098190643113,1.35625808611858e-05
"TCGA.56.A5DS.01A",0.321288669410837,0.021490065565481,1.97027316496156e-06,0.109268766235806,0.000687352260304287,0.0317816277954438,0.00258812004624812,0.00363642733745637,0.0840363840668997,0.00416289000886402,0.421057291456937,4.35542557538228e-07
"TCGA.60.2707.01A",7.17479745109263e-07,5.47929624841463e-06,4.10116694132394e-08,8.4562482416674e-08,1.19254579656703e-05,0.0252387901759568,8.53656591309617e-08,0.00100836188820478,0.000107413524648645,2.13048451536407e-07,0.973626740560388,1.476285802216e-07
"TCGA.66.2734.01A",1.62951353956031e-09,0.000939273772633647,1.80616656063542e-05,3.90513069116073e-08,0.000245829922025599,0.0180073212210689,0.00606193266948658,0.000846364231914769,0.0179127550905145,0.000384900619015711,0.955583450952801,6.91741128132472e-08
"TCGA.66.2742.01A",9.5438973729599e-06,2.49192512133714e-06,9.45202422672539e-06,2.45656812982017e-05,8.1338924748509e-06,7.37770250610558e-05,0.00148325959490422,0.00117019156263067,0.019118627802155,2.23807852050675e-05,0.978077574723278,1.08627157842693e-09
"TCGA.22.5481.01A",0.750257752678469,0.00470454698476439,0.0333228579035078,0.0405264981544056,0.000590144493240173,0.0191355834607905,0.0205178570549769,8.65234824556805e-05,0.098810660571815,0.0320471493500027,2.68162945936258e-07,1.57702626127815e-07
"TCGA.21.5787.01A",0.135016004461026,0.0572638002057603,0.0122324997442549,2.41110131779277e-06,0.0013477923361084,0.0230516278956812,0.025929345251014,0.00347860059127971,0.068902598706838,0.0480105903909694,0.624764146953256,5.82362494723073e-07
"TCGA.66.2783.01A",0.366511631522455,4.3204230142202e-05,0.00818676523132071,0.0295439636276947,0.000518424899290531,0.0206323715093694,0.00724550986755547,0.00365811722462186,0.042562773314995,0.00228363643859893,0.518807350880705,6.2512532511535e-06
"TCGA.92.8063.01A",1.04303465067495e-05,1.15500941477409e-06,4.70825749792202e-07,6.38260623472424e-06,3.73726886430795e-05,0.00867044152233157,2.70552667245549e-09,6.25582184239011e-05,0.000122514922398519,4.97178427752927e-06,0.991083577590734,1.21779758613786e-07
"TCGA.66.2757.01A",0.261889354231136,0.0168547546397821,0.0120569095388549,3.20494708276831e-05,0.00195219283944961,0.0420002077078289,0.0364182179355358,0.00109403325185897,0.155298785008404,0.0200907353955439,0.452308886367206,3.87361357222319e-06
"TCGA.39.5022.01A",0.0684111807359277,0.00483940141617725,0.0214252234000188,5.34908807170804e-06,0.000438814763151389,0.0345274074224946,0.0222668607574567,0.00177115409533766,0.00487736458089891,0.0107036420589868,0.83073216851376,1.43316771855307e-06
"TCGA.94.A5I6.01A",0.000376843861315126,0.00582021437150212,2.18765524859636e-10,0.00023976911167402,0.000306649722925994,0.0206018250436676,1.94621281367496e-10,0.00198187177401224,0.122230907394228,0.000965915418376072,0.847475692360634,3.10528278410163e-07
"TCGA.85.7698.01A",0.339662513352023,0.0586950815285602,3.54584573908849e-05,0.116371856156887,0.00123173252339722,0.100103492866578,0.0305915852437604,0.00256811742313205,0.212008451716532,0.011081380656672,0.127637308215181,1.30218598868179e-05
"TCGA.37.4141.01A",0.411122229006221,0.0129307305576188,0.0301955892759888,0.128182705640236,0.00178867072966297,0.0546876005457127,0.0459332517696387,0.011366356882015,0.284275916463578,0.0188619733785494,4.21722861505299e-05,0.000612803464628032
"TCGA.66.2753.01A",0.154481388163866,0.00900782272420373,3.11212174133754e-07,0.00615556576256153,0.000802066482533447,0.0338821161581682,0.00268101952587481,0.00302072908850284,0.0883588981229562,0.00243847465264093,0.699171524503452,8.36030661834771e-08
"TCGA.43.A474.01A",0.0131962041898787,0.00246952092413703,3.87134506843543e-06,0.0111146570207503,0.000326277939874891,0.0599354056411932,2.72657891979147e-07,0.00385002471148483,0.242993599258209,6.24368037721396e-06,0.665909491561637,0.000194431069497095
"TCGA.63.5128.01A",0.0659274979038424,0.00316464105168526,2.89256515507961e-06,0.220406551961621,0.000475934317027522,0.0259798383440611,0.00426828799073098,0.000774261950437633,0.164289612450342,0.000774335994047696,0.241819730004547,0.272116415466502
"TCGA.56.8625.01A",7.84058150929976e-07,1.2164921388315e-06,0.0126349216794044,3.3956421663946e-06,0.000224535828233802,0.0421234650120242,0.0565596483278731,0.00335185629071349,1.4318549156895e-06,0.00622108469637151,0.878875656875879,2.00324212900195e-06
"TCGA.63.A5MB.01A",0.0607431382432255,0.00893090668320199,0.0043460915174706,0.0418990386046627,0.00109544133972596,0.0195622035325162,0.00935735865623008,0.00123513802754669,0.173045611677072,0.005880446134184,0.673903773285241,8.52298923499734e-07
"TCGA.22.5471.01A",0.273400989301609,0.101879922390416,0.00343468616338464,0.217930251873238,0.00302002555456469,0.0520289137694791,0.0469123302035677,0.0039137003981944,0.214922233689952,0.0825273528055918,1.52514831376695e-07,2.94413351703668e-05
"TCGA.56.A4BX.01A",0.0309435616455756,1.54224485630651e-06,4.68811270901359e-05,0.090323745608015,0.00135705109590837,0.0104269939043189,6.10537132393582e-06,0.000374100333144122,0.291715156334104,1.24025270666356e-05,0.461322223151686,0.113470236656911
"TCGA.63.7021.01A",0.44465385568033,0.00816542015660637,0.000123249224033348,4.13748215243375e-06,0.000768970430775726,0.0234812944070735,0.00826472963469315,0.00226971432009547,1.17810668133855e-06,0.00415999088068241,0.508105542066904,1.91760997245702e-06
"TCGA.85.A511.01A",0.0820696311085031,0.0129873089300528,0.000515786106095354,3.31492979670322e-05,0.000380154694272071,0.0488186439348388,0.00374613365853239,0.00200708069946234,0.0377764009309137,0.00287373035085839,0.808784201521471,7.77876703311938e-06
"TCGA.66.2755.01A",0.0181930280935817,0.0350212343153426,5.5720407040346e-06,0.00383590561624337,0.0010267146755512,0.0298573435832532,0.00745703021034716,0.000147505757953214,0.0359201617371036,0.027231596232279,0.841303432416329,4.75321311719764e-07
"TCGA.46.3769.01A",1.30406490486204e-06,0.0726609084052422,0.00101336712348229,1.61882239875213e-07,0.00152816705121616,0.128023205699846,0.181024068972989,0.00221845591024359,0.494650197581721,0.0270171091147657,0.0918630384458837,1.57474652476939e-08
"TCGA.21.1070.01A",0.0466492691371428,0.0197916070183982,4.31838443532491e-05,8.26622538384287e-08,0.000171640266898602,0.00922239048939532,8.49171257988561e-08,0.000701849599654552,0.00553202038780765,0.00288841030800349,0.914999202059696,2.5930927014929e-07
"TCGA.22.5477.01A",0.129357453806819,0.0214449650163135,0.00213749185934329,0.362760978256295,0.00181525505694345,0.0196117487264662,0.0170377720005525,0.00272276552866769,0.147398874600294,0.00848264982661318,2.79819697054421e-07,0.287229765501995
"TCGA.18.3412.01A",0.0628540143706371,0.0100396275564479,0.000556480550362101,0.284373683577149,0.00138359592113616,0.0328248464366018,0.00742505352663341,0.00530605782164244,0.130801427802108,0.00380358966776102,0.460609045959062,2.257681045855e-05
"TCGA.34.5929.01A",0.0806591982273686,0.0269939812137649,7.27800129063446e-05,0.398871842620217,0.00216777083725697,0.0338269757524913,0.0325595729843411,0.00481483733461147,0.116379895514447,0.00397956469057845,6.90369744629726e-08,0.299673511775043
"TCGA.NK.A5CT.01A",4.78961372128729e-10,4.30271075476005e-07,0.000243821631292724,2.88859195672867e-05,4.36648868768927e-07,5.66156012755901e-06,1.6484917931769e-09,0.000952201238537384,0.0577481606545244,3.06156935878264e-07,0.941019944821226,1.48970391669291e-07
"TCGA.46.6025.01A",0.0828403937759407,0.00694324873219154,2.48591421872871e-06,0.263697340423855,0.000628255451982271,0.0187128537965897,0.00473476960200572,0.00212987232119068,0.146585660973094,0.0036854518351914,0.439985390258271,0.0300542769154691
"TCGA.NK.A7XE.01A",3.00562214942157e-08,6.68805692113805e-07,4.61435118766572e-07,3.7758683417924e-07,6.81120556689842e-08,0.00101499671974961,1.63099080178203e-09,2.74548963491337e-06,0.0349511549905834,2.34599835644234e-06,0.964027054052783,9.51219797016604e-08
"TCGA.33.AASI.01A",0.479514214015235,0.03109212890403,2.2195637273497e-06,0.385789702285199,0.00117291525140952,0.0109415671010984,0.0116223266398484,0.00040345618757236,0.0684384662732904,0.00988013030187084,8.34161876512786e-07,0.00114203931484314
"TCGA.56.A4ZJ.01A",6.72625273149856e-08,4.04604439076515e-06,7.32738567457517e-07,1.43933342199406e-08,0.00107692334205773,0.0300486562679203,0.0123334724117278,0.00194232037692758,0.00248354154112108,2.88862697019408e-07,0.952109925784043,1.09746856055498e-08
"TCGA.34.5239.01A",0.123467697377878,0.0231531606420668,0.00859558922104535,6.81956035603517e-06,0.000705586215729255,0.0724009683542271,0.00857890327796208,0.00774718721519258,0.0339102952479982,0.0104302412493163,0.710992812662198,1.0738976030322e-05
"TCGA.66.2754.01A",0.0933363320900519,0.00400923579673582,0.00332226872763751,0.132267077863707,0.00122658091001712,0.0195208664381559,0.0137322558842115,0.000758011371768427,0.139860487939505,0.00281736065315059,5.31266269093234e-09,0.589149517012397
"TCGA.66.2756.01A",0.2585372285117,0.0159397883078457,5.22550851661895e-06,0.0793474200183652,0.000992166938857746,0.0397368686415431,0.00843438593814172,0.000384631618106045,0.173485124912151,0.00857675096292731,0.414552757540905,7.6511009401831e-06
"TCGA.58.8390.01A",0.157442266938833,0.0287221285221297,2.85628163568985e-06,0.294012735372657,0.00132899132307233,0.167421965592019,0.0194854345951127,0.00233052283984515,0.311178596260446,0.0169689396840915,0.00010105416012715,0.00100450843003035
"TCGA.77.A5GB.01B",0.146341974677374,0.00542829592218848,0.00106728859330499,5.04424098992529e-06,0.000323453305112504,0.0196649806802027,0.00373279701344669,0.00143403577752443,1.76810771024377e-06,0.00269650064193777,0.819303581262437,2.79777770818922e-07
"TCGA.O2.A52S.01A",0.216195171717106,0.017830066060536,0.00287866602917656,0.171964217247261,0.000396092713623656,0.00820445899478118,0.0284484229558192,0.000544389562020061,0.0539983968366375,0.00631865011967525,0.493207369278844,1.40984845192563e-05
"TCGA.60.2713.01A",2.33490793616461e-07,1.90169699640746e-06,0.000840360809827227,1.30880140987538e-07,7.59753566068032e-06,0.0315610675545474,0.0153348157359523,0.000812852013584173,4.27557434942633e-05,8.79589008944224e-05,0.951310206981443,1.18656665530162e-07
"TCGA.37.A5EN.01A",0.374768271853381,0.0281301103233017,0.0263153711989874,0.227075502995543,0.00123117919683398,0.0230920464877752,0.00878203662817152,0.00219139336703033,0.115651556352217,0.00394338994262087,1.18646879697106e-07,0.188819023007259
"TCGA.56.8626.01A",1.33070967098753e-07,5.6220687030615e-08,2.5626507886898e-06,2.49538596814473e-09,3.89687620179366e-05,0.0153859225012435,0.00218664638767954,0.00056643743055046,0.0234014079566185,3.94271010819013e-10,0.958417805990072,5.61397185322435e-08
"TCGA.L3.A4E7.01A",0.0520010196786565,0.00274185400889983,0.00033768712438025,2.97604333265376e-07,0.00106081217504915,0.0136493805077783,1.94776723923946e-09,0.00227161919696681,0.0271453797621022,0.00189883377118929,0.898892706920226,4.07302651125203e-07
"TCGA.22.5472.01A",6.78101403334711e-08,0.00342069976279909,0.000145614760655413,6.60915034875877e-06,0.00133006830340984,0.0190085998517853,0.0101338349515975,0.00130877911790804,0.0440958746990805,0.00376640719280189,0.916783444257203,1.42270347588673e-10
"TCGA.63.A5MW.01A",0.0725810400168478,0.0152263548612378,2.32474404398175e-05,0.354168401175241,0.000938225778571194,0.101293826505306,0.00520462315422347,0.00222980459201016,0.147448249865183,0.00720332628963075,0.293627194287188,5.57060341220875e-05
"TCGA.63.A5M9.01A",0.0961373262314282,0.0143282450758533,6.79599575167259e-06,0.00408463143621491,0.000957722200746037,0.0232980520766289,0.0071516792537109,0.0028432421569131,0.10770406507852,0.00424125556464247,0.739243034954549,3.94997504161371e-06
"TCGA.60.2710.01A",0.0783738319703795,0.0201222657209235,1.80262163656932e-07,0.000115543193665732,0.0014289408054237,0.0380389953329399,0.020030832023101,0.00743582277112504,0.116529191210414,0.00597200317244465,0.711943927005939,8.46653147988893e-06
"TCGA.77.6843.01A",0.00404676753475374,5.28372510375644e-06,6.56190494605382e-06,0.00135585266825115,2.3833431989339e-06,0.00201329223418918,1.43394902020745e-10,0.00115044374542699,0.000568364284286864,7.45616350534872e-06,0.990843486742538,1.07510405425426e-07
"TCGA.21.5786.01A",0.236771888339016,0.00472936463023585,0.00103970712952802,1.84814611331496e-06,0.000372295172031492,0.0660688557083435,0.00126580877748453,0.000941566319507947,0.0169229996490156,0.00247599698504953,0.669408512685983,1.15645769099605e-06
"TCGA.68.7755.01A",0.208240360771776,0.0179489262330938,6.0055364464931e-07,0.424055925097029,0.00061556856139012,0.0408536790586753,0.0128965636627318,0.0102096512834749,0.184224863502298,0.00456278195458363,0.00511063450518951,0.0912804448161137
"TCGA.85.A50Z.01A",2.00251920195334e-07,1.47343868888042e-06,2.79684650362674e-06,8.64772776684558e-07,0.000287205856776199,0.0253112676229953,4.178802679453e-09,0.00117063056422317,0.0491908450968138,0.00191908477211939,0.922115469706479,1.56891900968154e-07
"TCGA.66.2737.01A",1.06435374644505e-05,0.00178620414333433,0.000525393813448653,9.38505365233566e-07,0.000185590104549383,0.0566297804201832,0.0055057129267847,0.00142631727949801,0.0031933104825432,0.00178565312759224,0.928949917082787,5.38576449512959e-07
"TCGA.NC.A5HK.01A",0.239642157496072,0.00380338457052406,0.00889993485857091,5.99456268805996e-06,0.00131481487424618,0.128081714992526,0.0081649118498631,0.000868350011314277,0.336322401368364,0.00881555870778846,0.263700212661924,0.000380564046117891
"TCGA.85.A4JC.01A",0.0815134206127983,0.00364389270359266,0.00361006951970264,0.000398794298408554,0.000846823110407225,0.0342956883705917,2.83734532157371e-07,0.0010920585976226,0.067393550742374,0.000969360278983477,0.806223961037917,1.20969930695671e-05
"TCGA.58.A46J.01A",0.279838553672734,0.0309318388446772,5.08957121013639e-06,0.255986298516314,0.00734398478083624,0.0456843533422874,0.0474212350019678,0.00806652702634503,0.291666212774056,0.00863170428927266,0.0244201710827747,4.03109752437552e-06
"TCGA.46.6026.01A",0.0552539971166032,0.00397633491946104,3.23195738620614e-08,0.293952907128438,0.00101848978410197,0.0175926501866527,0.000246725381862721,0.000698714075722794,0.097673339476198,0.00123232420522677,0.255611366535945,0.272743118870214
"TCGA.46.3765.01A",0.319964079588525,0.0142453340334239,9.74023341378123e-05,5.29947893720355e-06,0.00050550303960633,0.0410213960550067,0.00794276833888105,0.00124696018594878,0.0704948047889331,0.00285075768063626,0.541624702091601,9.92384363345148e-07
"TCGA.O2.A52V.01A",0.0598001261337408,0.00834173843124383,1.94774578311591e-07,6.33393954744176e-07,0.000138694905808435,0.0132081066099579,1.83855443577902e-08,0.000936446804275704,0.011822226768959,0.00139346188114238,0.904358151939355,1.99971439319737e-07
"TCGA.92.7341.01A",0.0103297456380715,0.011745442009631,7.66882310077531e-06,0.0567902157671216,0.00045078394832792,0.0534288959887287,0.00786991279773631,0.00381158576204543,0.165171692024336,0.00125174885590297,0.689141539135251,7.69249747158222e-07
"TCGA.51.4080.01A",0.0485955263063043,0.00730285751712055,3.0873536155747e-07,0.286693489802995,0.00152451764349775,0.014462072900954,0.0157077052852379,0.000824215888543314,0.196405163118082,0.00423017002761153,1.00141440909589e-05,0.424243958630202
"TCGA.21.1076.01A",0.00928202828325838,0.00613431266348173,0.0161102542062691,3.29029719373458e-06,0.00178971360578504,0.0373739084329152,0.0265019310173386,0.00165062532726238,0.0434892874153622,0.00118687285132964,0.856462114677539,1.56612222649213e-05
"TCGA.56.7730.01A",0.0477450108423607,0.00353721367740392,1.58384380837246e-07,0.158801103075052,0.0021299481385538,0.00650328145952344,0.00107393153943431,0.000684136001226853,0.0815897107279648,0.000555104263273311,0.452311263541959,0.245069138348867
"TCGA.NC.A5HO.01A",0.0467627333340829,0.0149247236974819,0.000143008162446636,0.189511380739086,0.000310341740821621,0.0124523177945274,0.00131781906582884,0.0014230158457717,0.101466580702778,0.00657616798322088,0.49270026446923,0.132411646464724
"TCGA.21.1079.01A",1.56079208495881e-07,3.89524509615023e-06,3.07034523901363e-06,1.45856938230013e-06,9.20197416484743e-05,0.0215969443957875,9.86829062231518e-11,3.2165625058486e-05,0.00589663185986883,1.96483392091813e-07,0.972373456874421,4.68221460329829e-09
"TCGA.21.1076.01A.1",0.00928202828325838,0.00613431266348173,0.0161102542062691,3.29029719373458e-06,0.00178971360578504,0.0373739084329152,0.0265019310173386,0.00165062532726238,0.0434892874153622,0.00118687285132964,0.856462114677539,1.56612222649213e-05
"TCGA.NC.A5HT.01A",0.0428151617488496,0.00377202869557878,2.2629378929189e-08,0.0824108547245227,0.00085724881879744,0.0234160465370384,3.52802304038799e-06,0.000670702624358034,0.0753504197560759,8.22465513868707e-05,0.11903382988043,0.651587910010543
"TCGA.56.6545.01A",9.54955458308635e-08,2.54790192595517e-05,0.000752601035345119,2.21833396776755e-06,1.14903349998094e-05,0.060214731088009,0.00727228187857416,0.00304911513768807,0.00258826220980467,9.93879929915713e-07,0.926073646930638,9.08465623817936e-06
"TCGA.85.8582.01A",0.0471833670937353,0.00706274365986102,0.000517047635058168,0.00968543293872329,0.000417120450285192,0.0993855771984247,2.7460022224646e-09,0.00149818672867995,0.0389240926408498,0.000879867911190986,0.794445818326002,7.42671187353219e-07
"TCGA.66.2787.01A",0.485710370065264,0.0254628082316723,0.0452324148276708,9.10901571514489e-06,0.000956131384827024,0.0647676731246024,0.0759390945020102,0.0067030330224714,0.263935517626831,0.0312584706531414,2.53602959600016e-05,1.72498346681585e-08
"TCGA.60.2698.01A",1.10048155210454e-08,0.000121581434187327,2.07581913845299e-06,9.40554200294345e-08,0.000327495757560989,0.0108691308806723,0.0173515640283766,0.00175282329697894,0.00814816258219649,0.00134484032939956,0.960081453089367,7.67721886976078e-07
"TCGA.O2.A5IB.01A",0.139955071356393,0.010690137243864,6.9495833170272e-07,0.0743212680231845,0.00121753680494456,0.0258487640900121,0.0055397878751499,7.37990360483556e-06,0.283209884197113,0.00122192048077116,0.000102053118944527,0.457885501947687
"TCGA.22.1000.01A",0.0139139748027765,0.00213913972886409,0.00591927532717657,9.62669223435776e-06,0.00127161507341671,0.0572801991759369,0.0194822421338783,0.00201148649594369,1.46900699005282e-06,0.0011714773057466,0.896797341679948,2.15257708811001e-06
"TCGA.56.8083.01A",0.0690661687410466,0.000608981187170777,0.00124789011728885,0.425849607983872,0.00203720631073194,0.0304129221150835,0.0034597636547866,0.000668429421197646,0.0939862038818498,0.000720829775678377,4.4768949130701e-06,0.371937519916381
"TCGA.66.2763.01A",0.436859099492834,0.0191976872797087,4.13082750906953e-07,0.267245655331106,0.00111612083689978,0.0422312775440104,0.0206717138181765,0.00748285447797417,0.197424585214795,0.00775583156288637,9.83466047858255e-08,1.46630122532929e-05
"TCGA.77.8153.01A",0.175578807938897,0.0046825848127852,4.47981498562248e-05,1.82442871081264e-05,0.000288231226678516,0.0113924179453837,5.07073035843928e-10,0.00306232292321855,0.178315049311168,0.000600284064120498,0.626017156272956,1.02560755374101e-07
"TCGA.21.1083.01A",0.288669098523126,0.041401284110332,9.5084743517314e-05,0.354271746455963,0.0010596970214902,0.0547353426475666,0.0307493798803422,0.00037051666880847,0.212230018159938,0.0163969010930632,2.46785071533508e-06,1.84628451375668e-05
"TCGA.85.8049.01A",7.54010888197868e-08,5.10210856366602e-09,2.22847758897566e-07,1.01966991745114e-07,9.21038843532464e-07,0.00545070831668691,0.00720917838506427,0.000404767129985598,2.20532546009189e-07,1.1764061278465e-08,0.986933743972511,4.3542353751661e-08
"TCGA.34.8456.01A",0.328658933087137,0.0298739603010547,5.70585503608753e-07,0.00306601147144793,0.00278880678439327,0.038682075437496,0.0102328763349078,0.00441796883911996,0.170075799875949,0.00294756017224544,0.409252362518057,3.07459268930437e-06
"TCGA.33.6737.01A",0.0592455157768925,0.0206788219580312,4.47321743961176e-07,0.624276753273863,0.00669407248168363,0.0409143961595259,0.0151017234035474,0.00666309560394797,0.214720389080371,0.00979882432579028,2.67048169249281e-07,0.00190569356643408
"TCGA.77.8140.01A",0.239327018092148,0.00921224529119862,2.73901126663862e-08,0.194361276474107,0.00159155469409014,0.0171866105254946,0.00127263920641141,0.00468783099294029,0.0783334607132178,0.0040972034120454,0.103906288819619,0.346023844388615
"TCGA.39.5028.01A",0.0325043600676653,0.00291903908105878,0.00356306129462361,2.11574813669092e-05,0.000316030894607741,0.0909891270574403,0.00577807471020938,0.00139683815664497,0.0427427899323648,0.0017987916301149,0.817922361026571,4.83686673328603e-05
"TCGA.34.5240.01A",0.0406431139300045,0.00186768175806311,0.00280761099149776,0.00276079786448114,0.000412585158740105,0.045366805517892,0.00296524411145628,0.00124607862833982,0.0823919999793113,0.00106443809884842,0.818472575336926,1.06862443914716e-06
"TCGA.79.5596.01A",0.00131825915380274,0.00375115188226659,2.96774433511233e-08,4.17100779018359e-05,0.000661597304349903,0.0202380735699158,9.60586621733709e-10,0.000807892118792001,0.189646382351711,2.49563288699601e-05,0.783509848493996,9.80803643335048e-08
"TCGA.56.8308.01A",0.194049006182815,0.00710864500500884,2.38307421460243e-05,8.16177913095138e-05,0.000761751470188124,0.0232813639747542,0.00120918516224642,0.00356611995515192,0.0445401682975693,0.00188409813463043,0.723487622926398,6.59035778149704e-06
"TCGA.90.7964.01A",7.37926733086393e-06,7.68318898041497e-05,0.000627767636679892,0.0070936855376509,0.000875646447897929,0.0177377606429685,0.0106343722415465,0.00230614621383932,0.0777181373325385,0.00151858662767523,0.881397663747857,6.02241421107754e-06
"TCGA.18.3408.01A",5.69273667012529e-07,0.0114501239515025,0.00196619631012644,3.24305656908791e-07,0.000105063468502362,0.0150634932304797,4.21069586915695e-09,0.0026944475667753,0.0549350304284846,0.000637013498616539,0.913143871369126,3.86238636638976e-06
"TCGA.18.4721.01A",0.131049306782387,0.0311687634792805,0.00011224358240551,1.9463795723497e-05,0.00032518158786943,0.0400371647263162,0.0233058891877932,0.00404050021473305,0.0356622071032453,0.0126867816303204,0.721587608875632,4.88903429399154e-06
"TCGA.22.5478.01A",0.191088395048827,0.0148024802663407,5.75780753413033e-06,0.000241401319351285,0.000744394221043176,0.0463834466675892,0.00789997885433549,0.00113588053996687,0.0895567344025424,0.00354690339767026,0.644594622123506,5.35129374038743e-09
"TCGA.66.2773.01A",3.64319088198953e-06,5.38768209882785e-08,9.05170007164743e-06,3.90841175234541e-08,2.10457323129463e-06,2.02210443900912e-06,0.0155684669812428,5.77029760316158e-05,0.000502134836748787,8.1601647306728e-08,0.983854403796477,2.95278289937246e-07
"TCGA.22.5479.01A",0.253850440959361,0.00891892382877345,1.6398005998688e-05,6.9417036204752e-05,0.000959315113910176,0.0174585335240156,0.00331652570008338,0.000628208430419985,0.0131290364134247,0.0042592499142366,0.697391485916596,2.46515697586161e-06
"TCGA.39.5019.01A",0.144520051298671,0.0307165736122868,6.41623541217563e-08,0.222032130415725,0.000883103405889522,0.0418669557426899,0.00441259633288452,0.00743213630099503,0.0339887881467287,0.00475901416760604,0.509388582813238,3.60093216257996e-09
"TCGA.NK.A5CR.01A",0.211020573405802,0.000494909112279774,0.00174780851065878,7.88856992092318e-05,0.00046944802436495,0.0120511935348247,4.17431699851742e-11,0.000966715640568539,0.182534347567039,0.000103880226066217,0.590532158783693,7.94537510817793e-08
"TCGA.39.5040.01A",0.51358656219424,0.01615024026186,0.0017988629604654,1.71214096085021e-05,0.00240313941573918,0.0314652341586414,0.0155671222668043,0.0020301867443687,0.205979716256126,0.00515302988075336,1.81729173108039e-07,0.20584860272222
"TCGA.77.A5G6.01A",0.202188235729011,0.00776682347844494,0.000124487415915859,0.262177043471003,0.00154521829376848,0.0248769639829862,0.00902619947356849,0.00328827094192986,0.121052720061672,0.00303965973440308,1.96361468725318e-07,0.364914181055828
"TCGA.98.A539.01A",7.1434418622408e-07,4.45687169997396e-07,7.57114721103544e-08,2.07205241542913e-07,0.000277834080314858,0.00557970104766121,1.759237929132e-09,0.0004198463994825,0.0210242237675555,1.88325646382228e-06,0.972695050683032,1.60581829252407e-08
"TCGA.85.6175.01A",1.05080501210077e-06,1.84961520464856e-06,3.2036828961324e-06,4.36318322868481e-05,3.64281362702078e-06,0.0454344721577134,0.0137991493294018,0.000340593952041375,1.67912834156776e-07,4.61099329077959e-07,0.940371414075171,3.62724481968074e-07
"TCGA.34.5927.01A",0.147125989455441,0.0103638680968124,1.03096296438446e-07,0.25062027738541,0.000458750885358487,0.0181363100301305,0.00276956058272958,0.00148991807445073,0.0922508435147007,0.00339407108564733,0.375663576338779,0.0977267314542429
"TCGA.85.8350.01A",0.0709143880477507,0.00952749400824911,6.30156967525662e-07,9.24286012476935e-07,0.00109646295275633,0.0256329525276771,0.000580232481494603,0.00334180384907747,0.015676719504778,0.00259531496568156,0.870632904344294,1.72875261331129e-07
"TCGA.NC.A5HM.01A",0.00161009587470907,0.00515270785234416,0.00179472814670851,1.57712281621706e-05,9.90230109318365e-05,0.0079548923341435,6.42832650069054e-09,0.00018601703005159,0.14631115897216,0.00319919086311699,0.833676387035647,2.12236985982566e-08
