"","cellFractions.B.Cells","cellFractions.CD4.T","cellFractions.CD8.T","cellFractions.DC","cellFractions.Endothelial.Cells","cellFractions.Fibroblasts","cellFractions.Macrophages","cellFractions.Mast.Cells","cellFractions.Monocytes","cellFractions.NK","cellFractions.Neutrophils","cellFractions.otherCells"
"TCGA.EL.A3D0.01A",1.58451104112022e-05,1.28812522655677e-06,2.23567925638175e-09,2.67855367999423e-07,5.20098385305655e-07,0.000879017981829272,1.20793294369884e-06,4.03263091644674e-06,8.55153856365812e-06,1.08727969793915e-07,0.999088478618702,6.79144004458572e-07
"TCGA.J8.A4HY.01A",0.000194026637497069,5.60826391497867e-05,2.5109029496942e-07,4.13458032877339e-05,8.66476417322358e-06,0.010371054708507,0.00732162660649482,2.051390383557e-05,0.000420838749343917,6.29130383529731e-05,0.981502637046673,4.50123900488656e-08
"TCGA.L6.A4ET.01A",5.36366468517592e-06,1.05658564852427e-06,4.43670143731236e-07,3.6281583150392e-06,2.61753584425631e-06,4.23821041504987e-06,1.55846014815188e-05,4.07388457438948e-05,1.7881134401718e-07,1.31721828468819e-06,0.999924621060877,2.11637216976215e-07
"TCGA.DE.A4MC.01A",1.03621721427737e-05,1.61443349603632e-08,1.34319738038691e-07,1.86927925491326e-07,1.77707922731716e-06,5.61935328372316e-05,0.00267351674040398,8.67972072826786e-07,8.69326491483079e-06,1.00781141440326e-06,0.997246317449208,9.26585780040133e-07
"TCGA.ET.A25K.01A",1.63664747136153e-08,1.30164502339874e-05,1.14479369667871e-06,0.000104991918145323,0.00164890554338793,0.000140018768204987,1.0336088127196e-08,3.71829351469002e-05,0.0129176035806506,3.10684814255674e-06,0.985133472895131,5.29564697667618e-07
"TCGA.DJ.A3UU.01A",8.85351533208367e-08,2.81989790156145e-06,4.08020446693569e-07,1.56278013980617e-08,1.07362703515353e-08,9.75829098173313e-06,0.000134333034383135,5.00379616475744e-07,1.39957723297643e-06,2.76178250330699e-06,0.999847853537389,5.05803201153951e-08
"TCGA.EM.A1YA.01A",6.03571266624852e-06,2.52475019885676e-08,2.7434635834696e-07,3.90300533225636e-08,2.24591471696679e-05,2.12125543829544e-05,2.87637834227256e-05,3.0907923334298e-06,0.00150881588561986,3.84437676311941e-09,0.998409183028328,9.66277864896118e-08
"TCGA.CE.A483.01A",1.37822620259256e-05,3.52693519597334e-08,1.30178888422808e-05,7.88791479030863e-05,2.07186781805862e-05,1.43030854460222e-08,0.00684880311106716,1.66321205858905e-06,0.0191197546799676,3.13633086243064e-08,0.973903117217321,1.82866888022352e-07
"TCGA.DJ.A3VD.01A",8.52776712006933e-07,6.35626714621113e-06,1.29895203923604e-06,1.80318387627007e-07,1.88017388706823e-06,0.000368861510013179,0.00186064063429017,9.06072990555294e-08,1.14069659453962e-06,1.36939321026119e-07,0.997758561080396,4.39135470482995e-11
"TCGA.BJ.A28S.01A",8.92821415324964e-06,1.40894551457657e-05,1.93269357650818e-06,0.000620984171076562,0.000123592229327884,2.80653946778559e-06,0.0073507478020723,3.76257567718014e-06,6.4597254041702e-07,2.22990306156109e-06,0.991869529412301,7.51031599749643e-07
"TCGA.FY.A3R9.01A",1.81514920640586e-05,1.1630262383882e-05,2.57508894464211e-08,9.19883050959976e-05,8.99489765569258e-06,1.47892924074329e-05,0.00165204344638669,9.91789995694711e-06,1.80687102614022e-05,2.26117908193452e-07,0.998173523388459,6.40436531330652e-07
"TCGA.FY.A3R8.01A",7.44046507612519e-08,1.63200965518784e-07,5.64517985035825e-07,3.95513406545772e-07,1.28409895161797e-07,7.34572763604034e-07,0.00716152819792092,2.6906661455308e-08,2.83598868051986e-07,1.01269857395967e-07,0.992835994761034,4.64599111456119e-09
"TCGA.DJ.A3V2.01A",1.81302192520773e-07,2.61675848545469e-07,1.66683215699665e-08,4.08245939299202e-07,3.15900728067549e-06,0.000509720881223829,0.0141432638540744,1.34512113009145e-07,9.22494430434395e-08,1.18472362538606e-07,0.985342537922651,1.05208549188318e-07
"TCGA.ET.A25L.01A",6.90289525229693e-07,5.79173842021338e-07,2.90617187639294e-07,2.9119709288873e-05,5.04437286978007e-07,7.6651348896876e-07,0.00280462748948205,8.33840660655535e-07,0.0122998967805951,4.11995281223206e-10,0.984862543945472,1.46791175715339e-07
"TCGA.EL.A3D1.01A",2.07311458698279e-07,8.92377320600932e-07,2.4512372584935e-07,2.86507240698808e-08,0.000350882983842867,0.000987401463047827,9.64126228038817e-09,5.82446652094605e-07,0.00677682154735682,4.00398973140502e-08,0.991882884453564,3.96114732443661e-09
"TCGA.FY.A3I4.01A",1.60650082839868e-05,1.66788191908888e-05,1.70206412839043e-06,1.78907290158868e-08,0.00019502288123061,0.00972480031120184,4.5778352979393e-11,1.85351960612686e-07,7.72584205362632e-08,5.16830566114409e-06,0.990040222154638,5.99087766225688e-08
"TCGA.DJ.A3UV.01A",1.13051918829921e-06,6.91405175494881e-08,1.07216837516721e-05,7.07551290387567e-05,0.000162946588353424,0.00492771963242634,3.91955631894205e-09,6.10692969723783e-08,4.41538482058585e-06,5.84278929575463e-07,0.994821591359284,1.29483695397483e-09
"TCGA.BJ.A28T.01A",0.000190455218222632,0.000100180701028207,0.00402414398841827,3.5634736045193e-07,3.24722863253429e-05,0.00882058411920113,0.00232366237215148,2.49908113474076e-05,4.50384836930459e-05,0.000204684515867708,0.984233317547631,1.13608753471912e-07
"TCGA.EM.A3FQ.01A",6.97788173278791e-07,1.09242829004474e-06,1.54921938816224e-07,1.47826806072594e-06,7.33750662310841e-06,5.69552310336475e-05,0.000120147524152066,0.000194267802060396,0.000442692406346838,1.46285245855555e-07,0.999174982964099,4.68739766899599e-08
"TCGA.J8.A4HW.01A",4.06609226782509e-08,9.66039872875919e-09,4.00800447431965e-08,4.33888296252017e-05,0.000127426818109823,0.00350065525419008,3.29911003161989e-10,0.000426501310101576,0.00346564962787617,0.000350947654936645,0.992085268771485,7.10023987329642e-08
"TCGA.MK.A4N6.01A",1.95686176113956e-06,6.77882045586402e-09,2.65924796058886e-07,2.31077432945998e-06,5.78251020791586e-06,7.02427652475188e-07,0.003052928622308,1.71128523533163e-06,3.7755168123554e-06,8.83793994806847e-07,0.996929280770678,3.94733404297479e-07
"TCGA.DJ.A3V8.01A",1.92386597477351e-09,3.83929990096375e-07,1.07571866110948e-06,0.000656246279744543,0.000145681806549042,0.000624245751473857,0.00584797775764266,4.6608989721869e-08,0.00624782543608804,3.37836199117732e-05,0.986442727654592,3.5124916101321e-09
"TCGA.DJ.A1QI.01A",1.34007148966692e-08,3.15718296991277e-05,4.66508343929105e-08,8.76410372733315e-08,0.000351737696629871,4.93433179789973e-06,0.00186779345630955,1.542618261633e-06,6.34970041511896e-06,2.83800508554169e-07,0.997735353553561,2.85320230687518e-07
"TCGA.EL.A3H8.01A",8.12347462351193e-07,2.17137263218226e-05,9.52559954207337e-08,7.14428107872366e-06,3.65908968006608e-06,8.20515686158168e-07,0.00045495703706588,2.48030179414625e-07,2.54913315829279e-07,2.05456432168645e-07,0.999509738078955,3.51267827067164e-07
"TCGA.EM.A3O3.01A",0.00101676564413319,0.00214784975931916,0.000215252954963207,0.00158750951572276,3.60632383428699e-06,0.00231917059993573,1.08090739090211e-09,0.000406905543547871,0.0023665476417151,0.000956013770412963,0.988980351467903,2.56976053156823e-08
"TCGA.IM.A3U3.01A",6.02140736635981e-06,2.71228164298566e-06,4.41301892959727e-07,0.000799216051773831,1.6217705407469e-05,8.98415160420868e-06,0.00461061566615871,4.30607798811035e-07,0.000217023137790894,1.6437996643097e-05,0.994321843197102,5.64948186601171e-08
"TCGA.BJ.A191.01A",0.400443683188743,0.000187307118599708,0.0118026147222766,0.00607144316160324,0.000575833599539783,0.0162397058347745,0.00538106848075807,1.08894351751352e-06,0.131124001810408,0.0056982875474245,0.422474833501598,1.32090757245067e-07
"TCGA.E8.A3X7.01A",1.7017873803341e-05,5.47656554121511e-06,1.80500090644508e-07,3.12562794459826e-06,3.81602476552419e-06,0.000376923758919318,5.40033632611101e-08,1.21779034998066e-06,2.01410491932796e-06,5.79818873770119e-05,0.999532098985018,9.2877908141492e-08
"TCGA.FY.A3YR.01A",0.000137495061905173,8.04707914696678e-05,5.81707682674746e-05,1.63815261957666e-07,6.92100179252696e-05,8.91256013717013e-05,0.00439835995107957,3.07761690117288e-06,0.0119331405122692,3.17373814289775e-05,0.9831979333102,1.11517191985456e-06
"TCGA.KS.A41I.01A",6.9375937481137e-06,1.21490993026893e-06,9.0207971508378e-07,9.60164526140011e-05,3.26112019253478e-05,0.000181233256344505,9.42159158808821e-07,0.000137719283632157,0.0107104969706825,2.17383589817425e-06,0.988829400724546,3.51531804922101e-07
"TCGA.EL.A3CS.01A",1.47127066331393e-08,5.24264432695208e-08,2.83198922263392e-07,1.63219344209945e-07,3.22792233938991e-05,1.15398599908477e-07,0.000328199083016998,6.9036807012047e-06,0.0183252409317027,1.05648616430895e-06,0.981304967595406,7.24043599076256e-07
"TCGA.EL.A3GU.01A",2.70611800209305e-07,2.36702728575611e-07,4.62885874442046e-08,5.12193925918508e-08,3.0961592399009e-07,0.000542466987110787,4.45840465337859e-09,3.97271820677956e-07,1.26995129734787e-07,8.38384116480916e-09,0.999456040421325,4.10439352669174e-08
"TCGA.EM.A1CU.01A",4.7288281049117e-06,1.36274332433914e-08,3.60514153628495e-08,5.96092761668544e-06,9.73644605768552e-05,0.000147392170779149,2.60805572069377e-06,1.03948698086919e-06,0.0149591644121287,3.4486888804081e-09,0.984780769662406,9.18868148386705e-07
"TCGA.H2.A26U.01A",5.56395851133411e-07,3.15714997904281e-07,2.80253136254878e-09,9.01023897691112e-06,1.47998893307742e-07,9.99199046071238e-07,0.017565354446303,2.67076951761829e-08,0.000131006383354892,2.93128974687637e-07,0.982292243563364,4.34200113261125e-08
"TCGA.DJ.A2PT.01A",4.35635294089787e-08,5.38596442578626e-08,7.04110779116543e-08,8.02098984333025e-07,4.10650741609679e-09,1.25403845167807e-08,0.00472922695668981,2.37296768484309e-08,4.90097070765556e-08,1.68032753404005e-07,0.995269416764106,1.28926938926859e-07
"TCGA.DJ.A3V6.01A",3.98112057344421e-07,3.35773371389476e-06,0.000251562713271911,0.000512805427733882,0.000164325043754071,0.000158459890547604,0.00062166879460955,1.11860104661553e-07,3.52841620008104e-05,3.9810376699467e-07,0.998251619033316,9.12512360161277e-09
"TCGA.DJ.A2Q7.01A",3.33938417342278e-07,2.34425306239794e-07,1.24361619380386e-07,1.80939782470164e-08,9.98363125531374e-09,1.68433033343634e-06,0.00199672222795943,1.33866074398516e-06,6.54330904485143e-05,5.7763517958999e-08,0.997933741625872,3.01498172237661e-07
"TCGA.ET.A3BV.01A",1.85259983115852e-05,2.47311996287954e-07,6.5047058191607e-08,1.78577158176956e-06,1.87987351326785e-05,0.0245977865317993,1.07875186311071e-10,0.00489004898058719,0.00914579832498229,9.28533749574811e-09,0.961326926518419,7.38691856051202e-09
"TCGA.EL.A3ZL.01A",2.17256350921906e-07,3.62367509935666e-08,8.31556679185163e-07,3.606046837544e-08,0.00208457450092612,0.0025250071340848,1.65621486718902e-08,3.7499127520673e-07,3.05654247334737e-08,2.57372293363822e-07,0.995388604917781,1.28458165775943e-08
"TCGA.CE.A13K.01A",0.000368833745274696,3.91434405748264e-05,0.000223382747663835,0.000650052948390829,0.000107174003322329,2.99802171680804e-05,3.51821664675627e-05,0.00221282908390078,7.28586180479388e-05,0.0024634616977002,0.993785379845173,1.17214863163237e-05
"TCGA.DJ.A3UQ.01A",3.03645264959826e-08,1.38411747953434e-06,4.14479094474069e-06,8.90812747986462e-07,2.27734401561512e-06,1.16012583476953e-06,0.00142842248070197,2.71431690501304e-06,3.85855959042715e-06,3.3974311809189e-07,0.998553473954522,1.30338961320675e-06
"TCGA.BJ.A45H.01A",5.84212297381517e-06,2.84529227040649e-07,5.17482591623364e-06,6.16577572448624e-07,6.59609217125206e-06,0.000213156466753432,2.17636524315775e-05,4.20644412174574e-07,0.000624054550437498,6.82253742166266e-07,0.999121232114651,1.76169711247499e-07
"TCGA.L6.A4EU.01A",2.61036708873735e-08,2.64838833951557e-08,1.34901435236052e-07,2.97386090878919e-07,6.29563670407042e-08,6.14337221003102e-07,0.00566788737372158,6.71871584645583e-08,1.6539626878453e-07,3.42418469556195e-08,0.994330302754206,3.80878130013305e-07
"TCGA.DJ.A3VM.01A",3.95217460592278e-06,6.15601448198513e-07,2.73789074326265e-06,2.24805701028003e-06,1.29451821107803e-05,8.40344016350483e-06,0.0122210014178051,3.27582384927822e-06,2.17880833121133e-07,5.39002344303648e-06,0.987739005604327,2.06903660698464e-07
"TCGA.H2.A3RH.01A",0.000121846142967276,0.000158945540178877,8.26537277921682e-05,2.0082985524461e-05,2.19152538908561e-06,0.00283093768617042,5.09563450170641e-10,5.77787270964392e-05,0.00687922507878326,2.50366770042328e-06,0.989843678281483,1.56127351342181e-07
"TCGA.EL.A3ZR.01A",1.17208783760878e-07,6.6987318288852e-08,1.85308068053216e-08,2.07048821455077e-07,9.45664135828406e-09,7.23970979717635e-08,9.64241020523944e-07,7.77362185223316e-08,2.51484475452771e-07,2.36615605057115e-07,0.999997932805971,4.54872395116675e-08
"TCGA.BJ.A291.01A",6.77859856765528e-06,7.55182668914111e-08,5.55349006554693e-06,7.66693382123081e-06,0.0108617972865457,0.00143604658529707,9.07285574176647e-09,1.31452532947678e-06,8.50110335694765e-07,3.6976599382991e-07,0.987678814559624,7.23553297107251e-07
"TCGA.MK.A4N9.01A",2.27404126068567e-06,1.65333878970934e-07,4.94209532433977e-06,7.2096100387302e-06,8.90663858812467e-06,0.000134393221853581,0.00050691022817346,3.93255897804254e-07,0.00375114142034767,2.81362465390931e-08,0.995583531659168,1.04359222389797e-07
"TCGA.EL.A3MZ.01A",1.20445655182225e-07,3.71339862568045e-06,2.90770056987199e-07,7.79340183612676e-08,8.14116956566803e-07,7.60623830785232e-06,0.00572692091032853,2.44989287788443e-06,2.15732953584702e-06,2.20502713506045e-08,0.994255752237439,7.46759262704169e-08
"TCGA.EM.A2CP.01A",4.3230379496308e-06,1.0303225325827e-05,8.00188762286346e-08,1.42476786348167e-05,7.44697631186894e-06,3.19596227444347e-05,0.0350051042655358,1.5918860253387e-07,3.66626442938553e-05,3.63135240797459e-07,0.964888402342439,9.47864045271471e-07
"TCGA.DJ.A2PZ.01A",3.3325483155682e-07,5.05609603303697e-06,5.66418489766023e-07,1.10918053470473e-05,7.60070013429782e-08,8.22985027807736e-07,0.00378840055097834,1.03356802608273e-07,0.0104699345121537,4.25485985417094e-08,0.985723243191194,3.29273542566815e-07
"TCGA.EL.A3ZG.01A",2.91530113820028e-07,2.34860209684434e-08,4.30703157490225e-05,4.95509244914945e-07,1.11898352997196e-05,3.26506808577898e-05,0.00164238697103913,3.01746720656726e-06,2.56797618986873e-05,5.17472849835088e-08,0.998239768761619,1.37393366526998e-06
"TCGA.FE.A3PC.01A",1.23725026696344e-05,8.38570209376299e-07,3.58629965497887e-05,2.1704742270643e-05,4.7223695814292e-05,1.06756063976722e-06,8.79867515633519e-07,5.54218797716253e-06,9.8154575244518e-05,2.93717109053029e-07,0.999775909206625,1.5037737490633e-07
"TCGA.BJ.A0YZ.01A",2.89657196682577e-05,2.94172076402201e-06,5.49768373193054e-06,5.55780398757533e-06,0.000802914654973217,0.0226324625894622,2.3626515970394e-09,3.52077293207474e-07,0.0906672847801274,1.51787385944282e-06,0.885849210022156,3.29271132490001e-06
"TCGA.DJ.A13M.01A",6.65501508885403e-06,5.59482029019767e-07,7.66715665162724e-09,3.55453296904671e-07,2.15628758359949e-06,6.72246369108846e-06,0.00199928602167492,5.59211338484815e-05,6.51488234173398e-07,1.06391732501856e-07,0.997927483148729,9.54469351014193e-08
"TCGA.EM.A3OA.01A",5.22956812566206e-09,8.54398550103099e-08,4.85360748192505e-07,0.0140294968249896,6.59913010334263e-08,7.24383394204581e-07,1.9465437295377e-09,4.94320937887891e-07,7.95954242434115e-09,4.88001446507148e-06,0.985963389300447,3.63228207687007e-07
"TCGA.J8.A3YE.01A",5.23254722950281e-07,2.64953229374706e-08,6.81863147426384e-09,6.11149504591245e-08,2.86245272737282e-06,1.59203611889998e-06,0.000392073054196654,2.35179872021948e-07,2.37219187622322e-07,4.46037366224718e-07,0.999601921664734,1.46721694027703e-08
"TCGA.BJ.A0Z9.01A",1.88458905966992e-06,2.27114114287169e-05,1.26183762459385e-05,6.2381240762168e-08,0.000152681171221729,2.33628561914629e-06,0.000974217619668654,4.48178281431459e-06,0.0262999704271005,1.52461132379042e-05,0.97251377506736,1.4775002284593e-08
"TCGA.EL.A3CW.01A",9.09207317167575e-05,6.51844838202818e-05,2.32995860371926e-06,3.66641544205685e-06,4.93985473603548e-06,0.000284251923608671,5.24030005993691e-06,8.07575824297291e-05,0.0137026644144853,7.82652446977876e-06,0.985751666908752,5.50901875822756e-07
"TCGA.FY.A3R6.01A",2.11333332920712e-08,3.77961358934507e-06,2.34059328249349e-07,1.9856333598243e-08,5.76616197173968e-07,5.24430949297356e-05,0.00101773879335058,1.88313928510203e-07,1.58121146926844e-06,1.32952181364274e-07,0.998923234981301,4.93740581681031e-08
"TCGA.H2.A2K9.01A",5.90840061780782e-07,6.46162407073683e-07,9.23760975995446e-07,2.07347790664844e-07,3.23408184548897e-08,5.94672078997433e-07,3.65248046349023e-10,3.44529716276671e-06,2.55805175616586e-06,3.35582457926518e-08,0.999989703823468,1.26377998629202e-06
"TCGA.DJ.A2PO.01A",4.44177063115125e-07,8.35703943561209e-09,2.26051354906724e-08,4.85605590405051e-08,2.58927082065783e-07,0.000178573301832604,0.00949377308367689,4.34929625574384e-06,5.95905632127441e-05,0.000309867353559064,0.989951726442005,1.33733257847168e-06
"TCGA.FY.A40N.01A",7.65716269016579e-07,4.49480622225325e-07,0.00013571366050459,0.000315199840165894,2.62010412582664e-06,0.000176040180688449,0.00143150991916116,5.84008324454378e-07,0.0235922122007657,4.28459474747442e-07,0.974344430986737,4.54431607238747e-08
"TCGA.EM.A1YD.01A",2.4811218805439e-05,7.95760684051009e-09,8.94060160165569e-06,7.24412602818856e-06,0.00428786302353272,0.021142553891788,3.22730474360032e-09,4.89279744461733e-05,0.0593395751847591,8.77856670126856e-06,0.915130020190386,1.2740370394598e-06
"TCGA.DE.A69J.01A",7.42746783880977e-06,2.7756875793554e-06,4.35768678889704e-06,0.000111195376090969,4.72247440204226e-05,3.02097458940872e-05,0.00192924998103268,1.59603833220867e-06,7.94251785371908e-06,4.23092139941614e-06,0.997853191754277,5.98078892904354e-07
"TCGA.EL.A3MX.01A",3.46613881544351e-08,7.43428533137726e-09,5.50000262874318e-07,1.1024484619062e-08,2.36943824089312e-07,0.00211710541084924,4.75614037050667e-09,8.79665587614376e-07,0.00544006554801748,7.40274844210656e-08,0.992440984451236,4.60764395655393e-08
"TCGA.J8.A3YG.01A",0.000100857172614515,1.35447048301715e-06,2.53263130063516e-05,0.000168629014129857,4.8488574083114e-05,1.18891176915365e-05,6.90989106896151e-07,3.11655997686202e-06,4.92435897224774e-07,7.77237702434278e-06,0.999631114795537,2.68180449052246e-07
"TCGA.BJ.A0ZC.01A",3.73941385313759e-08,6.38121595887975e-06,1.71311867196609e-08,5.38897516903781e-06,0.000159878692831899,8.59731455720835e-06,3.53667195973167e-08,1.52605372171001e-06,1.50344239301921e-06,4.95138239161489e-07,0.999816007596253,1.31678831655119e-07
"TCGA.FY.A40K.01A",2.01611278729935e-05,3.2779973752677e-08,5.27645136997443e-06,1.54718176121286e-05,3.20624533586585e-07,1.02839788560579e-05,0.00292610257586637,2.22139516797364e-06,0.000512807240089482,6.56131791558286e-07,0.996506615797877,5.00789887115018e-08
"TCGA.EL.A4K6.01A",6.28627380157064e-09,4.1654676096674e-08,7.52823089256223e-09,4.24837746433052e-06,1.29663115943442e-06,6.33055135713512e-06,1.58714505952964e-10,3.51159603522647e-08,0.00148223557706443,1.36321830306955e-06,0.998504403906403,3.09943924535492e-08
"TCGA.EL.A3H3.01A",0.0338524813268705,0.015151930776247,0.00474480988867158,0.000779010385432449,0.000285182795980464,0.00599519956076838,0.0042227591427017,0.000321582177290603,0.0966544765963304,0.00280629550854798,0.835183685073374,2.58676778448165e-06
"TCGA.BJ.A290.01A",1.59208425041974e-08,5.80518905491425e-08,1.37273466153054e-05,2.03832277362254e-05,5.49471537680539e-07,0.00537378820187739,0.00121641574045515,3.48978057858166e-07,0.0207160789982742,6.83588014551633e-07,0.972657938297115,1.21775839796642e-08
"TCGA.BJ.A28Z.01A",7.42142609730488e-08,3.27406274821653e-07,3.71310711513446e-08,2.00998507150783e-05,1.89627030602286e-08,0.00127160950432939,0.0170424828054684,2.52348198936819e-06,4.19093678666447e-05,3.06611141292649e-05,0.981590250483089,5.67810301843955e-09
"TCGA.CE.A484.01A",7.26642845798863e-06,1.23425027845252e-06,1.29412259393437e-08,4.67228304283392e-07,8.02562049168439e-08,3.5600628130719e-07,1.58202246508294e-08,7.65667071905101e-09,5.54760332307479e-07,1.49149079924542e-08,0.999989898351286,9.13858248933669e-08
"TCGA.EM.A3FL.01A",5.0295351153686e-07,2.26268310155219e-08,4.09489095174547e-06,1.20807424778401e-05,1.09779817044848e-05,1.28952809055177e-05,0.000438472239453896,3.77396763522349e-05,0.0438008327027142,6.09589868213939e-07,0.955681770990819,3.24410636585351e-10
"TCGA.EL.A3GO.01A",3.15059486714359e-07,1.2518249114457e-06,8.68338669633726e-07,3.00657650530738e-07,4.96140029662562e-06,7.82840907161285e-08,1.12095324923745e-08,1.27249558497358e-07,4.36447180913401e-05,1.12948946266442e-06,0.999947276406224,3.53620251702722e-08
"TCGA.ET.A39T.01A",3.05642388765766e-06,4.12233420887795e-07,6.37177271662306e-06,0.00046304125107937,0.000218604290853412,1.19459826904131e-07,0.00920817116282163,1.14585767234389e-05,3.26852654847049e-05,6.15565144782789e-07,0.990053969352907,1.49464513305872e-06
"TCGA.EM.A2CK.01A",6.62467132177602e-08,6.81142352425738e-08,6.05456250068777e-06,1.06415150612604e-05,5.26619376293628e-06,2.09993564233328e-06,0.00338335922015932,5.21113268898103e-07,1.02695161122411e-08,1.73170295169764e-06,0.996590168501816,1.26243722646001e-08
"TCGA.DJ.A4UQ.01A",0.000363340601699785,4.47124770839553e-05,1.41759719316347e-06,9.80584049750411e-05,0.000125708820794365,2.20738041514218e-06,3.6743243626497e-06,2.09075202127125e-05,6.13483392859766e-07,5.16457733249156e-06,0.999333564604937,6.30207600363846e-07
"TCGA.DJ.A3UO.01A",3.12697442013941e-06,1.20044137181086e-06,1.43048115826216e-07,5.63205121604867e-06,4.80096811054183e-07,5.21905281963551e-06,0.000274897874767036,9.05902388166086e-07,0.0135896644730054,7.52489432218488e-06,0.986111159242466,4.59482972608128e-08
"TCGA.DJ.A1QM.01A",1.15055330063079e-08,0.000175019047430649,7.88320086208963e-05,0.00143228081922317,4.15325951580033e-05,0.000434958965705498,0.000503488315722237,0.00015117709422186,1.85008331653827e-05,3.71183564354777e-05,0.997125524852719,1.55560606505519e-06
"TCGA.ET.A3BS.01A",9.53208253548374e-07,1.07868667753536e-06,4.73117875820844e-08,2.46329797432751e-06,6.77708565088414e-10,3.41903075386884e-06,0.0117147920677198,1.38647280221979e-09,1.73683767563378e-05,1.24075721304512e-06,0.988258429201547,2.05997135795263e-07
"TCGA.EM.A3AO.01A",0.000856099337877704,0.000306363576954163,0.0018934280762127,3.93547373020489e-05,0.000777290306286971,0.00834029033236431,6.323049559223e-10,0.000444923292154794,0.0138553651217678,0.00229063602016865,0.971196245518504,3.04810210347515e-09
"TCGA.DJ.A3UN.01A",0.000966610852245633,2.68816029262865e-05,8.33894860945482e-06,0.000150672245920565,2.43141870828528e-06,0.00371990245051726,0.00337165983318707,9.89200146811083e-05,7.22508759068547e-06,0.00109463767884331,0.990551540068487,1.17979828375065e-06
"TCGA.DJ.A13W.01A",0.00543550299096103,0.00145233350304686,0.00127973475543593,0.0172091938054165,0.00325208488764713,0.0148797950271732,1.0420070760929e-08,0.00053358825809207,0.268139213650924,0.00271211085925227,0.213955843138685,0.471150588703295
"TCGA.DJ.A3VE.01A",9.86266004912095e-08,3.45892375065765e-07,1.84596818505114e-07,1.53562692766805e-07,5.16556990587115e-06,0.000860949511939265,1.39083907492202e-09,1.15226159684425e-06,0.00831594677070319,6.20852218080664e-07,0.990815380756732,2.07579172139807e-10
"TCGA.DJ.A3VI.01A",1.17071698095046e-06,6.7959770200548e-07,1.07063530001872e-06,7.23988719577138e-05,5.58111978679862e-06,5.54377902037464e-05,1.2883970371525e-07,5.52870994946002e-05,0.00518793096957688,6.92511865444631e-05,0.994550935408164,1.27764585347989e-07
"TCGA.EM.A2CO.01A",1.62950706123034e-06,1.24106546115824e-05,5.65395492654018e-08,6.41262941189511e-07,4.92548463239399e-06,5.87478576889404e-07,0.0131943333299444,1.76402311140209e-05,0.000355196056673046,5.00555193117647e-05,0.986362363577157,1.60358427179225e-07
"TCGA.ET.A39L.01A",2.18549856907305e-07,3.61256317546927e-08,1.09358654130068e-05,3.24028203552711e-08,0.000148185997101438,2.71525310544739e-05,8.47237574928648e-07,3.89886395402865e-07,0.00109143905136088,1.04506742191839e-07,0.998719679283527,9.78562522052377e-07
"TCGA.EM.A3FO.01A",2.50338442024958e-09,1.0476391796441e-06,3.1790925150095e-06,9.26311848772847e-08,1.66437307316438e-07,0.00150301274680695,1.6821387073676e-09,4.08635025233614e-06,0.0246171143999884,6.71887199448994e-07,0.97387058336867,4.12613725523181e-08
"TCGA.E8.A418.01A",5.0912716125401e-07,5.27226281724548e-08,7.34575140307184e-07,3.32616141086496e-07,1.51476468147595e-07,4.61069999324878e-07,0.00242449382487818,8.70859565388192e-08,8.46453484844997e-08,1.31999323520772e-09,0.997572585007366,5.0652891903239e-07
"TCGA.DE.A4M9.01A",0.00012752819929209,9.8686980203002e-06,2.47755239225451e-05,0.000141252820157022,0.000546720526207404,0.0117243197592145,1.55997459463571e-11,1.91184591232143e-05,0.0690511239220687,9.9247842482064e-06,0.918345316362927,5.09292196688095e-08
"TCGA.BJ.A28W.01A",0.0157962226263515,0.0017082878810901,0.0677244086439648,1.39781301359383e-07,0.00165442735141184,0.00702165620625603,0.0103001391583286,1.07197517159345e-05,1.97262683135141e-08,0.0167662194385302,0.879017644446863,1.14987918501681e-07
"TCGA.DJ.A2Q6.01A",1.53227967409711e-06,2.6399200256469e-08,9.5638287808676e-06,6.68597021241148e-07,3.87595989328182e-07,0.00557280293936694,0.00606737524010775,5.8956958701388e-05,0.0145166932937251,8.90624701662898e-08,0.973770718734245,1.18507071746158e-06
"TCGA.EL.A3N2.01A",8.51266964586148e-07,3.85568345438427e-06,5.42589268502091e-06,1.99744582863455e-06,2.60259187758929e-05,2.56095563888286e-05,0.0108490298764224,2.08072860292091e-05,0.000598276838382399,4.47112376354171e-06,0.988463004513255,6.44598050365312e-07
"TCGA.FK.A3SG.01A",1.45241172661566e-07,3.89137120532677e-05,5.09935924273637e-08,2.4376075507774e-07,6.01330866543779e-06,1.1904856326082e-08,0.000159475396527148,1.1323936540938e-06,0.0197868404899764,1.96932103781234e-08,0.980007147438504,5.66703268467372e-09
"TCGA.DJ.A3UM.01A",1.00452527046455e-06,2.28381588914448e-08,2.78260806101576e-06,5.13114581478144e-05,2.16653669065975e-05,1.45326143339961e-06,0.00202204594679171,5.22307224165186e-08,0.00687241989291483,2.03180578616021e-05,0.991006753213667,1.70600064350433e-07
"TCGA.BJ.A45E.01A",0.0359065318962724,0.00545311679197787,0.0191218137285717,1.55309105213911e-06,0.000191202911909154,0.00499462833108383,0.0161142403507916,1.7405869681401e-06,0.000445507078273781,0.0170985674647485,0.900670514646313,5.83122037739281e-07
"TCGA.E8.A415.01A",7.06869386541848e-06,8.13976482541581e-09,3.14585130000313e-07,9.88748912431713e-08,4.20923669854897e-06,1.04991701007948e-07,0.00172229790796799,3.68361247599381e-07,5.24275981850658e-07,1.4723678284638e-07,0.998264852201932,5.4940371336299e-09
"TCGA.DJ.A4UP.01A",1.32794667671839e-06,1.47479138364978e-07,2.4803747645061e-06,2.34881837685577e-07,0.000379140754256341,0.00375329766682019,2.49681193709314e-10,7.16618388721637e-07,2.3982857410351e-06,1.91597435800754e-06,0.995858332934852,6.8334852814814e-09
"TCGA.ET.A39J.01A",7.43865686995457e-07,1.36004477487882e-09,1.44984943199332e-07,3.4973877024954e-08,3.10169954033507e-07,2.68052859073787e-06,0.000152144531946712,5.55719293848702e-08,1.13828161765882e-07,3.69403743288881e-08,0.99984304334669,6.89897801462657e-07
"TCGA.KS.A41J.01A",1.99829475991006e-05,1.83719684458277e-06,1.56577731877871e-06,3.31998672065057e-05,5.75890901016383e-07,7.64316605296536e-06,0.00337964991258944,8.42779913949016e-07,2.53989310684489e-06,9.91476977621814e-07,0.996550972380035,1.9871145424828e-07
"TCGA.BJ.A4O9.01A",1.79202276978833e-06,8.49937254626212e-08,1.56611573099408e-05,4.0200122243382e-06,1.21679302856279e-05,2.74835896463878e-08,0.00795404258033653,2.48762434791788e-08,0.000820664697113791,1.50741714718352e-08,0.991191261023001,2.38149229182268e-07
"TCGA.EM.A2CM.01A",1.75186320372593e-07,1.57039763958237e-06,5.16211451049433e-08,1.84665864537652e-06,2.03027001938547e-06,8.37908181920888e-08,2.31933334876071e-07,3.54494952702757e-08,8.27904254314894e-06,0.000493395559172245,0.999491874891311,4.25199555295356e-07
"TCGA.EM.A2OW.01A",5.42281778455398e-08,2.40848650850195e-07,8.92148714758239e-05,0.000453345682367544,1.10693080224844e-05,0.000199292920415621,0.00305650318579278,6.99333580331701e-06,5.62024005424388e-07,2.05345436157803e-06,0.996178424702606,2.24543832091754e-06
"TCGA.FE.A3PA.01A",1.61398991906115e-07,2.45912008939397e-07,1.90631551477974e-08,6.45404172466121e-07,0.000199134134711877,0.00364971402823774,9.80448929763528e-10,1.4295959419664e-06,0.000230905065478675,4.08727169644074e-07,0.995916385157874,9.50531808415582e-07
"TCGA.QD.A8IV.01A",0.000172766381486568,1.288512342027e-06,2.14241522782766e-05,1.68704286627115e-06,9.94416330550904e-06,1.87136431703476e-06,0.00193262465560198,1.69341978800108e-05,5.17717949438289e-06,2.42540824253758e-06,0.997833319455332,5.37486853313929e-07
"TCGA.IM.A3U2.01A",1.32186642751599e-06,6.48451558755438e-07,1.89518374072275e-07,1.81453618643507e-06,2.24065484732101e-06,1.21706788455344e-06,0.000287862894102467,2.98883825467493e-07,4.9657529875823e-09,9.1400302650064e-07,0.999703473541552,1.36164619801541e-08
"TCGA.EL.A3H5.01A",5.16187167546854e-05,0.000220660166093481,0.000294596603192108,0.000257796572768576,0.000198762156105228,0.0175630469134683,2.19649868338159e-08,0.000152552524613714,0.00700772484132193,1.41084274286534e-06,0.974248631987284,3.17671066866492e-06
"TCGA.DJ.A13R.01A",0.0435996012136417,6.33982430807286e-09,0.0153661571677498,0.00470031819802954,0.000581833055124377,0.00492461292964859,0.000638899732921272,1.11513793940981e-08,0.0485622073610267,0.0093402426885839,0.872285273278463,8.36883607207628e-07
"TCGA.ET.A2MY.01A",6.41899269806995e-05,1.31529828603441e-07,3.82551365837784e-07,0.000279731609063059,4.74273097070857e-06,2.78408888857319e-05,0.00164734635944491,3.66414285317191e-05,3.80778341568806e-06,2.52924172179117e-06,0.99793052331204,2.13263775103181e-06
"TCGA.IM.A3EB.01A",1.00289382049171e-07,9.95760632602445e-07,5.86147131981134e-08,6.78792342519781e-05,1.55289681867612e-07,7.61695193123898e-06,0.00613378905314522,2.16820771034996e-06,2.71771120389015e-05,1.02215563131767e-08,0.993758381536198,1.6677287578387e-06
"TCGA.DJ.A1QF.01A",3.09267156073448e-05,7.25632175032462e-08,3.77587854974186e-05,4.77827622484406e-07,9.00315103219981e-05,3.349963453444e-05,0.000581760565611419,9.08971633945877e-07,1.07873968035373e-05,1.2850983074461e-05,0.999200918415687,6.63038803747433e-09
"TCGA.EL.A3T1.01A",1.752995841888e-06,8.03331627644657e-06,2.95692763216456e-06,5.71028758652616e-07,2.60886864272623e-05,1.51493335996136e-06,0.00266401555944316,6.91222340098122e-05,1.23213349656232e-06,8.78662512210115e-06,0.997215549746818,3.75812813739626e-07
"TCGA.FE.A237.01A",2.39184813905162e-07,3.38492599983029e-06,2.6849801665763e-06,4.98245151321614e-07,1.6171810848482e-07,6.96483166226469e-08,0.00111695826272934,1.41499827164631e-07,8.20506661943656e-05,9.2765467935545e-08,0.998793715161438,2.94178662473116e-09
"TCGA.EM.A3FJ.01A",2.47581598209464e-07,2.66100119091638e-07,1.22278038193236e-06,1.48331336098496e-07,5.20129305329213e-07,1.59316611034638e-08,9.99115620624278e-05,6.88759432681623e-08,4.63102186561242e-07,7.85228080118122e-08,0.999896820890087,2.36192510897643e-07
"TCGA.EL.A3D4.01A",1.00843398968476e-06,2.43181294162651e-07,1.70663958423084e-07,1.86745577389672e-06,0.000843643816411446,0.0069091177948204,7.20596061304378e-09,9.6098509564602e-08,0.000110030842319991,1.63032722770797e-06,0.992131769139826,4.15039908475333e-07
"TCGA.FE.A234.01A",1.06154816119382e-06,2.29904054481365e-08,5.40523952318292e-07,5.74642947934292e-08,8.55149727525e-07,3.97395803355624e-07,0.00398416620323584,4.60650367468896e-07,2.5777789393219e-07,1.11618890515297e-08,0.99601182672775,3.42406519396564e-07
"TCGA.FY.A40M.01A",0.030086675912288,1.46303940974429e-06,0.00259630658975254,0.146043275629262,0.00186285454464444,0.0128968562288367,9.63858552611941e-06,3.41569346096814e-08,0.166220925820739,0.000476571157974304,0.520732167912337,0.119073230422295
"TCGA.EM.A2OX.01A",3.97623849229277e-06,6.03313661122006e-09,3.19969918282368e-08,9.46848510639975e-06,1.02593147363692e-05,0.00367866427691523,1.8323465353727e-08,2.9286436098779e-05,1.35342044034558e-05,1.54008218068335e-09,0.996254525192421,2.27958150358145e-07
"TCGA.EM.A4FR.01A",7.94001987003354e-07,2.72283168095376e-07,6.60917051722359e-05,2.02788137954291e-05,0.00102260565126975,0.00559695004987676,1.8875489630676e-09,3.29665482354011e-06,0.036719882529587,6.1156997364899e-05,0.956508517787114,1.51638292390735e-07
"TCGA.EM.A22I.01A",2.54265922220929e-08,4.73363952909198e-08,2.3107622944942e-06,6.87398550714145e-07,9.78470900458601e-07,5.52609094199318e-08,4.38764415071183e-07,1.24991234225774e-08,5.81919381683427e-07,5.11820575128754e-07,0.999993700895216,6.49445645911209e-07
"TCGA.FY.A3ON.01A",2.45047199102807e-08,7.48600784955125e-08,6.36251016643962e-06,3.21079132173007e-06,2.01603906727305e-05,0.00118795863865593,1.23552852055579e-08,6.35435425216201e-06,0.0133771803623161,9.36604031518939e-06,0.985389255238958,3.99532578505429e-08
"TCGA.EM.A1YC.01A",5.5730312198103e-09,9.41422561598006e-08,2.48016569515793e-08,1.79522973926381e-09,2.79506516166547e-08,1.34468401019288e-07,1.60559021872266e-08,1.2682608325799e-08,9.24786328341473e-07,4.43064365475005e-08,0.999998606072635,1.07364862498914e-07
"TCGA.EL.A3TA.01A",2.33002525126071e-08,7.85193356300223e-08,6.86068870126271e-08,5.44143575073344e-07,0.000358966826279453,0.004998129941111,4.40951053148897e-08,2.25595964403512e-05,0.000224902852572322,6.00062577756073e-07,0.994394071125832,1.09300315686364e-08
"TCGA.CE.A27D.01A",7.45986477675598e-07,0.000663118948693666,0.000822487990239958,2.76636889778039e-05,8.60181759800098e-05,0.00367424695793789,1.15000929064991e-07,7.46333538521547e-10,0.000252482921506828,1.03292225213368e-05,0.994462788557532,1.80287034809743e-09
"TCGA.ET.A3BT.01A",7.62203675391687e-08,2.43128187470805e-08,4.6726142366417e-06,3.36971514347828e-07,8.67689620808448e-06,2.65196287736093e-06,0.00274409884478331,1.63944935695816e-07,1.68411661957128e-06,1.75978259200552e-07,0.997237142135343,2.96002036294014e-07
"TCGA.DJ.A13U.01A",4.77509704385259e-07,4.42250815300414e-07,6.00225395480884e-07,1.11362282928301e-06,5.78005879148063e-07,3.04677261662226e-06,0.000385382892814898,7.99384326338739e-07,1.54925560522197e-06,3.68554943921658e-07,0.999605615816389,2.5708680749544e-08
"TCGA.EM.A3O8.01A",8.00226562580131e-07,4.27976665030016e-05,2.7770315002272e-07,6.67839762835325e-06,1.16309534565887e-06,0.000145546577460612,2.61683446030444e-05,2.37024307393921e-06,0.00347819214678691,2.26548657118826e-07,0.996295688729656,9.0320572813564e-08
"TCGA.H2.A422.01A",5.86928869967736e-07,5.45564688862539e-07,4.75042158833272e-09,7.17666283575701e-08,3.00932564170378e-07,7.42284474096185e-07,9.12376160539854e-08,0.000103037500309605,0.00275819140235942,9.1873302548109e-08,0.997135972761219,3.62997545899626e-07
"TCGA.EL.A3CL.01A",1.49279384812583e-06,4.16471294060382e-06,5.481496269573e-06,6.71141427008168e-07,8.34833285962732e-06,6.55696376189904e-06,2.55250221346805e-07,3.22369887450044e-06,1.85824798812684e-05,1.84704630498718e-06,0.99994892816435,4.4791926070519e-07
"TCGA.DJ.A13V.01A",0.000642486632571009,7.15921558436253e-05,1.17732883371217e-07,1.4305138447512e-06,0.000659305696933722,6.94392330917166e-09,0.00220640522484179,0.00101642997601726,0.000223486618253447,5.12193563659566e-06,0.995173608418072,8.15117877394387e-09
"TCGA.EM.A22Q.01A",2.60138112565367e-08,8.73630756840165e-06,4.24841650902e-06,8.49688071024773e-06,1.25462031844447e-05,6.6461010179099e-06,0.000375466700589657,2.37399369387853e-06,0.000491997632121871,2.22302391314352e-06,0.999085830595481,1.40813139880155e-06
"TCGA.EM.A22J.01A",2.72492803125835e-08,2.96078057730303e-08,3.93282157516071e-07,4.21036232933066e-07,2.17203748387269e-07,1.7020920428388e-08,8.33010873377907e-10,3.60733717580991e-07,1.5594430827911e-08,5.65702206186336e-08,0.999998179019775,2.81848700048714e-07
"TCGA.BJ.A0Z2.01A",1.98074765905312e-05,0.000117006624146222,7.20680940292277e-06,3.09722260829598e-09,6.8960430230971e-05,1.375886336524e-05,0.0010358259656769,8.02142053219433e-05,5.51762959102488e-06,5.277015066235e-05,0.99859866597665,2.6277113911594e-07
"TCGA.E3.A3E3.01A",6.62049619622199e-05,2.46819390064849e-06,1.1657943833829e-05,7.46702866331511e-05,0.00164877249484288,0.000106325286374292,0.000301762283002189,1.16690204219269e-05,5.87470397977638e-06,5.42394155352089e-05,0.997715585746855,7.69662658818873e-07
"TCGA.IM.A41Y.01A",5.69247536772005e-08,3.33248369227209e-07,1.81994821625607e-08,1.21798847226047e-07,1.26341314483099e-07,7.15985652676779e-07,0.00430839906750888,2.98106186417239e-06,3.22911172935506e-07,1.16260055696227e-07,0.995686260540472,5.47660506343443e-07
"TCGA.EM.A3AN.01A",1.40148199819732e-05,0.000342372128458143,0.000475631920242204,1.65060841622612e-05,1.23915772728813e-05,0.00411782428104006,0.00197938777825486,0.00170245928590248,0.00635543575412976,0.000195935259495511,0.98478763897014,4.02140920226232e-07
"TCGA.EL.A3ZP.01A",5.57358709342115e-07,3.27602330390384e-08,8.15244811782144e-07,3.085243302585e-07,4.98065433074909e-05,0.000230472480519526,2.97333215287413e-05,1.30179379924109e-07,2.04446465955538e-05,4.14769607300804e-08,0.999667653553705,3.90991852580167e-09
"TCGA.BJ.A3F0.01A",4.63508926301079e-07,8.81748547201132e-07,5.97606699450522e-07,3.26867357628923e-07,8.87607240316581e-08,2.84386615319369e-09,6.85116943763305e-08,2.49540083870873e-08,1.98661778046933e-06,3.21517926166944e-08,0.999994984419783,5.42008820816228e-07
"TCGA.L6.A4EQ.01A",7.19546772954489e-06,2.74187381809028e-07,8.43552008691258e-07,5.58348797256287e-06,1.01724730349986e-06,2.53724560782593e-06,0.00534349110545067,3.72942218977818e-07,0.0039111074286809,9.76652722445496e-07,0.990726507041097,9.36418258366014e-08
"TCGA.FE.A3PB.01A",9.87247827943214e-07,3.22037943594067e-06,3.41062463072725e-08,7.64794489406648e-07,7.58278548627897e-06,0.00918264183270601,1.816377735634e-09,6.55719505541495e-06,0.00565831971624901,6.73045238654247e-09,0.985139837641854,4.57538199759231e-08
"TCGA.BJ.A0ZB.01A",3.425995312715e-08,7.13299693661738e-08,2.24899537146134e-07,5.09502110946284e-07,1.5862314232505e-06,2.69742447198457e-07,1.39427133379317e-07,7.70879232687411e-06,3.14283743185848e-07,6.01262092723749e-06,0.999982315113047,8.13797381534673e-07
"TCGA.BJ.A0ZJ.01A",8.88839784217601e-07,7.7500367231056e-06,9.61257267958358e-08,3.28234880398713e-07,1.07286658464879e-07,6.56753746811468e-07,0.00195388459275196,2.86039691752544e-06,1.56309704485929e-07,1.32458387196582e-06,0.998031417014291,5.29824943179227e-07
"TCGA.EM.A4G1.01A",2.44241241119447e-07,7.5606796836371e-07,3.27874143097816e-08,3.40204967315133e-07,2.14207509620969e-06,2.25081923500487e-06,0.0102241658936391,2.03340340486478e-06,0.0014703267802236,8.4163547747719e-06,0.988287637586778,1.65378525771015e-06
"TCGA.DJ.A3V7.01A",3.51623245031768e-07,5.96877370068159e-08,2.45521612923206e-08,7.37197221748956e-07,3.19836357214269e-07,9.40568775613655e-09,0.00100866270436208,3.90157575762468e-08,0.0019475537080178,7.7371577228904e-08,0.997041860015868,3.04882007690164e-07
"TCGA.KS.A4I3.01A",1.56409542426662e-07,2.77799960832035e-07,1.53839100868687e-05,3.88931773300744e-08,4.23868028707601e-07,1.89687554944769e-07,0.000294441413093,2.41236554856451e-05,8.13569031260664e-05,9.13102064713762e-08,0.999581981417804,1.53473193377291e-06
"TCGA.EL.A3GR.01A",8.93535779960135e-08,1.27451730785828e-07,4.55782229911518e-06,5.80618778185264e-07,0.0001039203756473,0.00394085733112887,1.16410451901119e-07,7.45920284311051e-07,0.00150418681687629,6.84150576038426e-06,0.994437957221278,1.91721863748066e-08
"TCGA.EM.A3AQ.01A",0.000125877331486441,1.25242527347259e-08,2.41540556315334e-05,3.87610748071453e-06,1.94291491295835e-05,0.000822095631347059,2.15311476671654e-08,1.63322509891043e-06,0.00224819454649008,9.0955556940019e-06,0.996745608441472,1.90076920680499e-09
