"","cellFractions.B.Cells","cellFractions.CD4.T","cellFractions.CD8.T","cellFractions.DC","cellFractions.Endothelial.Cells","cellFractions.Fibroblasts","cellFractions.Macrophages","cellFractions.Mast.Cells","cellFractions.Monocytes","cellFractions.NK","cellFractions.Neutrophils","cellFractions.otherCells"
"TCGA.A5.A0R8.01A",0.0719102810458779,0.0147129000296191,2.97932903982633e-07,0.101172644165339,0.00238386025904571,0.0138822066915986,0.000556580292332806,0.000330263187085906,0.0668476903014256,0.0047330972561645,0.72346936957583,8.09262776596121e-07
"TCGA.A5.A0G3.01A",0.0622342155807597,7.57267958537754e-05,0.00126417725320801,0.172911529137558,0.000744054626634188,0.0466994213607608,0.00616319843343118,0.000237290777026687,0.152153233709776,0.000153006036391072,2.28990254565742e-06,0.557361856386055
"TCGA.AP.A054.01A",0.0832415177797322,0.00911750212056886,0.00160538624283171,0.112690602752266,0.00112652903501855,0.0148846642556147,0.00210277098677828,7.89447096411036e-05,0.0863273257534143,0.00798001155171556,0.119771324353956,0.561073420458463
"TCGA.A5.A0GX.01A",0.0683922721900411,0.0163372192428274,0.00378461443304566,2.05989678986414e-05,0.00642782765145208,0.0766287709766251,0.0189431421873883,0.00351246182421723,0.352469595627759,0.0138176084437318,0.438591296183216,0.00107459227179749
"TCGA.DI.A2QY.01A",0.0306730080393522,0.00369425749038256,7.81109706551364e-07,0.128087018623853,0.001041311031341,0.0184346342021341,6.83950780671659e-07,0.000563552224272183,0.05983495321553,0.00215782832545993,0.149974955137233,0.605537016649954
"TCGA.EY.A1GC.01A",0.238482690505369,0.00635618732450203,0.011309595997669,1.53466527736781e-05,0.000530472022396155,0.0109428109146936,0.033451775447822,6.91661978028465e-05,0.0869397186492191,0.0121669530594558,0.599734994904298,2.88323998595983e-07
"TCGA.A5.A0GI.01A",0.121013384177212,0.0248334364383181,0.00023451106421859,0.242192173153512,0.0011040070161745,0.0208768554514084,0.00560520440705763,0.000206713875826397,0.24621383771447,0.00420200864930936,0.248710463781656,0.0848074042708374
"TCGA.D1.A17S.01A",0.113344391194572,0.00153882682471994,0.00164870581592923,0.0990287763055462,0.000744973821877449,0.0263467532760649,0.00323472741489705,0.000474139274862815,0.129434117089186,0.000465757894194402,1.20117999044039e-05,0.623726819288245
"TCGA.EY.A5W2.01A",0.252084491562825,0.0110308812927049,0.00526483607488262,0.181124461347774,0.000458641940672365,0.0387281988013574,0.00603703159253976,0.000358012094146544,0.0635711561645428,0.0110658594973602,0.430276288985253,1.40645941753498e-07
"TCGA.D1.A1NU.01A",0.0403829430602859,0.00416769473034016,0.00186506515138986,0.0103285381612538,0.000651444810312865,0.00861250964466542,0.000226904219003682,0.000217164367083036,0.101880671437669,0.0054684805568676,0.826190222657683,8.36120344606534e-06
"TCGA.BG.A18A.01A",1.43446389407554e-06,0.00228359018024535,0.000375492679220782,0.00396459401378934,0.00312583862190332,0.043816774329902,0.00179759065698048,0.000569751855603494,0.135575032123809,0.0060434429370844,0.802402362374164,4.40957634037758e-05
"TCGA.AX.A06B.01A",0.074844467294515,0.0160684995597357,0.000338199120312793,0.104336115313267,0.00193507977497547,0.0456992960043475,0.00082466568189148,0.000228193249776102,0.0711750317766308,0.00435987065603791,0.680102611877066,8.79696914439623e-05
"TCGA.E6.A2P9.01A",0.199202650878377,0.029039866701178,0.0154618440088809,0.233432900654965,0.000571953582379971,0.00905714196721767,0.0104545505832462,0.00113739497681892,0.137529977116552,0.0136631982818375,6.07123505927853e-07,0.350447914125042
"TCGA.PG.A917.01A",0.0650619844324822,0.0183576874505759,0.0126536491603495,0.198442781891272,0.000722128435697009,0.0287333935598456,0.0119639808330653,0.000113394235795677,0.0681340756589378,0.0145483726752414,0.581268268948912,2.82717825704065e-07
"TCGA.AX.A3FS.01A",0.127068681666923,0.00390541457591687,0.00580294493647584,0.28126848433295,0.000508457344503362,0.107022107271467,0.00697733926616338,5.86515072290627e-05,0.0847530160300418,0.00627618341217715,5.85046202278746e-06,0.37635286919413
"TCGA.A5.A2K4.01A",0.000159165075355116,0.00182225429361742,0.000970830515444611,0.000102010853045178,0.000588762854998904,0.0148212200480764,9.92008212971303e-09,0.000383663889117881,0.0645944291463299,0.00253172614442568,0.914025803676599,1.2358290739939e-07
"TCGA.D1.A1O0.01A",0.144512571327047,0.0053199466603606,0.000661754300404793,3.87616704308637e-05,0.00091221663168989,0.0250777951423228,0.00839331041904655,0.000108094264209152,0.0993777039512818,0.00434465388038763,1.9691581949999e-06,0.711251222594624
"TCGA.B5.A0JS.01A",0.019049066580517,0.00690662071860482,0.00493080646927034,0.000583886601174486,0.000668091644679672,0.0214356075498334,1.05197781242418e-09,0.000416991138048354,0.0828433472898628,0.0351174129180892,0.828044401328532,3.76670941014841e-06
"TCGA.AX.A1CE.01A",0.0259171856302724,0.00452874640936521,0.00314082537347261,0.127598191325661,0.000707905180590802,0.00856403965925153,0.00130053511639832,0.000411140822354434,0.0487881424359133,0.00360829651320269,0.327933754870033,0.447501236663485
"TCGA.D1.A17F.01A",0.124173492072572,0.033430102189284,0.000689384767059908,0.497239703907217,0.00232366827030286,0.0101424236005542,0.0170106541094715,9.47938412884929e-05,0.27644260764114,0.00677671995313612,0.0316444819516791,3.19676962957826e-05
"TCGA.EO.A3AV.01A",0.32157821280674,0.0331778246254516,0.00535047820794317,0.00306003060942917,0.000388816699708233,0.0311631845372122,0.0101485510991694,9.53434224087752e-05,0.0739313271503541,0.0454685840977991,0.47563763409113,1.26526544571356e-08
"TCGA.D1.A17B.01A",7.57354152033043e-07,0.00115730619173086,0.000789464390787313,2.88562447932962e-07,0.00117556551445073,0.0169437056603683,0.00973221654406599,0.00015204314996787,0.0497673885974885,0.00923253960644283,0.911044288011321,4.43641677661362e-06
"TCGA.E6.A8L9.01A",0.0246640482686538,0.00230742898251267,0.018290728961703,0.204093872546464,0.0156639674758043,0.0629004117451073,0.0197123072695401,0.000377652550936833,0.155137565724235,0.0463291231587267,0.449989341576893,0.000533551739423092
"TCGA.EY.A547.01A",0.0674544075574925,0.00440099985845962,5.96435332865669e-08,0.20504560185935,0.00231570921884902,0.00973352088325286,0.00215909823931505,0.000112096670858017,0.000621625379415799,0.00239390104077222,0.307982095159996,0.397780884488705
"TCGA.AJ.A3OJ.01A",0.00450306098620226,0.000257013013548848,0.000147849213414374,0.0634507513522436,0.000315741386404508,0.0135372535737657,0.000837343351286374,0.00138543729369788,0.0115383715145309,0.00327788018714213,0.900735671376677,1.36267510864308e-05
"TCGA.BS.A0TJ.01A",0.122707331969501,0.0148898099695415,0.00507626179551001,0.221928215521212,0.000944625661916643,0.0329900716995848,0.00526150547761846,0.000408438960286536,0.133059749313298,0.0138549576489191,0.206599967102232,0.242279064880379
"TCGA.BG.A0VV.01A",0.0878169018688696,0.0125497013038872,0.000108925156730152,0.193553367242326,0.0013784144324435,0.00804217906590838,0.000711798660439151,0.000101093892523193,0.109809151100793,0.00425956503283281,0.581589494138652,7.94081045944452e-05
"TCGA.D1.A16V.01A",0.299176403580049,0.0305990896184344,4.56517066228413e-07,0.194928468652835,0.00152994453336247,0.0241634419316523,0.0152578612236049,0.000139753853297086,0.20570584078517,0.00863963400107453,0.000137827880190454,0.219721277423264
"TCGA.EO.A22R.01A",3.0865361303172e-05,0.00723498770005294,0.00241769723334248,2.83366477054554e-06,0.000410201717652002,0.014902374851116,0.00850047110626973,0.000140802904666205,0.133339170462801,0.00707907197288123,0.82594146361571,5.94094347956991e-08
"TCGA.BG.A0MH.01A",0.268428433287036,0.0147560052911098,0.00783867005906669,0.000213171172306256,0.0016455817998396,0.0476604713169953,0.0133579524223264,0.00246021348743682,0.104794670461437,0.00890996698050186,0.529934858528001,5.19394351052529e-09
"TCGA.EO.A3KX.01A",0.0377751616634881,0.0109358582506918,0.00028190639947519,0.103497310647196,0.000375576107216441,0.0112378262722845,0.000135146655338769,0.000414057893627961,0.0686525195443764,0.00408331733444347,0.317015094500793,0.445596224731068
"TCGA.AX.A0IS.01A",1.71755809001179e-08,5.26975160444019e-05,8.39275442167844e-06,7.90440948356503e-07,0.000113768943130481,0.00886397266765521,1.75725155420355e-10,8.97528930631377e-05,0.0665166200269037,1.90349742031982e-07,0.924353790421797,6.6349884324206e-09
"TCGA.EY.A1G8.01A",2.13310801956027e-05,3.9714223204649e-06,1.74345528136151e-06,1.22760734318351e-06,0.000299843559737985,0.00754294759088566,8.61842090446562e-11,0.000198850237384853,0.163802462830031,3.65505874094384e-06,0.82812395154612,1.55257744751597e-08
"TCGA.EY.A1GW.01A",0.68128627763945,4.54561337747799e-05,0.000344863603753721,5.60000152425634e-06,0.000900048969829975,0.0148697505525192,1.92035746088975e-05,0.000323199935016938,0.0560668702205048,0.00157023493110486,0.0338034491321549,0.210765045305758
"TCGA.BG.A0RY.01A",0.00613133574113517,0.00418452970879755,1.45982666902921e-06,0.0204688595798637,0.000423621791411923,0.015640336765861,0.00560229662912643,0.000988744900439948,0.262501299112997,0.000857858234522833,0.683195450706328,4.20700284727415e-06
"TCGA.D1.A1NY.01A",6.73057126714534e-06,8.37740639360987e-06,0.000203341151585893,1.72476268955422e-07,0.000126936432492706,0.0136974528648807,1.34070070726341e-12,0.00071524352966529,0.0482137422125957,0.000538590143795046,0.936489410624261,2.58545278632789e-09
"TCGA.B5.A3S1.01A",0.0739408949986752,0.00993980510859754,0.00485733394986905,0.279376474652531,0.000282099544038177,0.0243062243682025,0.0102069525003149,0.000119402811604598,0.24192520598748,0.00414827116695715,0.350897074974282,2.59937447645596e-07
"TCGA.A5.A2K5.01A",0.0419427021236764,0.00669480505848562,0.00681326418711453,0.506169683720758,0.000638067696755609,0.0314039366461298,0.0137985194363785,1.84322015622506e-05,0.018016160664006,0.00605882344729804,0.36820108881568,0.000244516002155801
"TCGA.AX.A062.01A",2.68975436327445e-06,0.000695897433055699,0.000410559722527478,0.000123200085199006,0.000740273875138364,0.0190317648099609,3.80315507628276e-10,0.000398906886592363,0.25763177378739,0.000122138918690298,0.720842747820943,4.65258237232043e-08
"TCGA.A5.A0G5.01A",0.236371064542077,0.0550984173005057,0.0105623473302679,1.46725666735153e-05,0.000446399494147845,0.0162232121092345,0.0574066019274519,0.000365600082580022,0.0278318045148077,0.0620768413592225,0.533603027236981,1.1536050835293e-08
"TCGA.AP.A0LH.01A",0.0460894365070164,0.0075201819431232,0.000451905936061718,0.0121010918220619,0.00027040207416578,0.00793271146423836,5.23907630690768e-09,0.000512980883112968,0.167514920380093,0.00158698009253361,0.467486964564629,0.288532419093888
"TCGA.BS.A0WQ.01A",0.0702069091546621,4.85095877360895e-07,0.00340908802792738,0.226314754435315,0.000397028134425886,0.0147927178741437,0.00478060433686042,0.00080174407498363,0.246850311149515,0.0031745008383295,0.278250025241433,0.151021831636527
"TCGA.FI.A2EY.01A",0.0389213473462232,0.000461911344839622,7.37441182476865e-08,0.0348228656718828,0.000440763601483172,0.00873453421865847,0.000482155386827534,6.03630212166706e-05,0.0108649332201394,0.000294263138529586,3.06724404475694e-07,0.904916482581677
"TCGA.EY.A549.01A",3.08429710106119e-07,3.19836588071698e-06,0.000384840612264015,7.63219490831427e-07,0.000139208817083542,0.00783588707719904,8.51916592412929e-10,3.38766915546095e-05,0.108215079356252,9.82816642259981e-06,0.883376649889092,3.58523133971737e-07
"TCGA.FI.A2D0.01A",1.56022545664952e-08,1.08963596365662e-06,0.000791290149890381,3.2944241850947e-05,0.000221265872095779,0.0129177167358425,4.00585236304606e-09,0.000356833107969611,0.105273808607889,0.00376412957323275,0.876639871797064,1.03067009341754e-06
"TCGA.BS.A0V7.01A",0.120711758435446,0.0425044412136609,0.00253159904472238,0.552457312183619,0.0150075436832219,0.0462544099121282,0.00909187707773678,0.000479594473705056,0.0682932064520663,0.0132399011729882,1.77565964515091e-07,0.129428178784741
"TCGA.B5.A1MW.01A",1.59469610871254e-06,4.12596558767002e-07,6.86443040380807e-07,3.45345635431986e-05,0.000414846033362697,0.00112494709512159,7.30831249009245e-09,8.96326283153409e-08,0.0493235814170504,1.07232229239879e-08,0.949099239406209,5.00848414759797e-08
"TCGA.D1.A17D.01A",0.129169453326171,0.0228969119414104,0.00200448239210056,1.87916012410382e-06,0.00268514617561631,0.0161203317954826,0.0201095529166896,0.000882857249281064,0.541819432162843,0.0119813585796175,2.83461274960538e-06,0.252325759687914
"TCGA.BS.A0TA.01A",0.242322104397235,0.0287357884736556,0.16323134746716,4.14782370176783e-06,0.000411717597825844,0.0282357598689859,0.0729718920614183,0.000962953856756,0.0638566407557983,0.30693848520408,4.43092263642034e-07,0.0923287194011197
"TCGA.AX.A05Z.01A",4.11193174712188e-05,0.039523268429413,0.0437634308176351,2.32566292921822e-05,0.00105367213008846,0.0305879634292985,0.0552349594789328,0.000953229608268407,0.328062032636476,0.0934540237421767,0.407299296403829,3.74737711839919e-06
"TCGA.D1.A17L.01A",0.261476630898829,0.0251934153664996,0.00128374648000473,0.0408975331637115,0.00219344196452113,0.0122461837056641,0.00920592076724368,0.000279976171680981,0.139124034587639,0.00668519752258903,1.5357603564944e-05,0.501398561768052
"TCGA.A5.A0GQ.01A",0.0754177105535485,0.0169271968081569,5.31533773400872e-08,0.100533083398032,0.0016694635922839,0.00657032135264751,0.00529624577361077,0.000842768007881407,0.174124373916404,0.0048798602901622,0.613733774248603,5.14890529196943e-06
"TCGA.AX.A3G1.01A",0.498996321312063,0.0100953274258066,0.00697270747193282,0.0135017063067734,0.000774606734745849,0.0138779931178066,0.00537750558292718,6.93621562253643e-05,0.00308614635492195,0.00735556392459893,0.43989243990733,3.19704869089555e-07
"TCGA.BK.A0CC.01A",0.0783750229067723,0.00717586315195305,5.55336802931679e-09,0.0999503134426667,0.000729219426222494,0.0247910607435503,0.0045610369027111,0.00179375506479592,0.327186342111601,0.00112353046191856,0.195859991928503,0.258453858305938
"TCGA.D1.A1O8.01A",0.649079553857794,0.00176671407702632,0.0591967903555482,9.2751441068279e-05,0.00417776887786368,0.0268235246807605,0.099841805171522,0.000111296703400677,0.0852440209305998,0.0736547815178082,1.08962398611985e-05,9.61467472736205e-08
"TCGA.DI.A1NN.01A",1.17560189635069e-07,0.0173687435462462,0.00315326941536097,5.79417923333423e-07,0.00151094927297707,0.0134347197924197,0.0331321691746886,0.00173431354776422,0.187166477760862,0.00610954409241844,0.736388704256831,4.12162318509319e-07
"TCGA.B5.A0K9.01A",0.0770975794378246,0.0147311196074231,2.51536550559696e-06,0.0916567666709085,0.000417549884923216,0.0187611045879329,2.67981120741953e-08,7.45905061912201e-05,0.140819037790689,0.00434389708111231,0.65208236881494,1.34434544377109e-05
"TCGA.FI.A2CY.01A",2.31973154364833e-07,0.000968479660195486,0.000144337805618136,9.86337251382783e-07,7.96496924934838e-05,0.00485187774636378,0.00190551367705561,1.69346562069518e-08,0.0272812695009377,3.57525573322247e-06,0.964764021774953,3.96415877939464e-08
"TCGA.AP.A1DR.01A",0.0251882187663598,0.00531178352206426,0.000975202388306702,0.143423093750835,0.000544329640923717,0.0129619706232535,2.26037886413152e-07,0.000139373490746688,0.0762758759561823,0.0105359258031577,0.565570398155821,0.159073601864463
"TCGA.B5.A11Q.01A",0.0475909667276274,0.000517660934728172,0.000610082631670103,1.45286181154977e-06,0.000328024365067748,0.0060226934496,3.94507342217596e-05,0.00027181191905994,0.137715703888654,0.00013356344109953,0.00202516324612881,0.804743425800331
"TCGA.BS.A0U7.01A",0.134569265090352,0.0197919403687332,0.00290570879313125,0.0327419761745061,0.00189685896701615,0.108543907171274,0.00843716488654892,0.0010127761431656,0.152557332662243,0.00792107991615506,0.529468705078452,0.000153284748423608
"TCGA.A5.A0VQ.01A",1.73570645658435e-05,0.000364413651741036,0.000146188590536444,5.08368520945453e-07,0.000234343355690978,0.00459105287419144,1.59462335711812e-11,0.000921459191165307,0.0542962625225367,1.11700369303859e-05,0.939417242776001,1.55217348925918e-09
"TCGA.BS.A0TE.01A",0.0199942463557748,0.0057529171353639,0.00784243290524425,1.22642362043937e-06,0.000541621530896021,0.00930447007977702,4.91363563767079e-11,0.000377293549684295,0.169227467943269,0.0050880739414297,0.781870190591425,5.9494379261312e-08
"TCGA.BS.A0T9.01A",3.94900843906762e-06,1.5301039751615e-07,1.86396071879301e-05,2.40859600516201e-06,0.000216346702635982,0.0164059628822397,1.23289571729439e-08,0.000142895250485663,0.0560963901363363,0.00149888352123665,0.925609966865356,4.3920907222855e-06
"TCGA.AW.A1PO.01A",0.0922539215213282,2.97057655672821e-05,0.000494633752199191,6.26583427923947e-06,0.000532100300741877,0.0061053751844512,0.0039867651806099,4.96163453044132e-08,0.0458598275741328,0.000559663504048255,0.000470381036135368,0.849701310730162
"TCGA.AJ.A3I9.01A",0.0474487743142448,0.00287033952090662,0.00096134027298146,0.167709838844699,0.000259531505045897,0.0104389294621059,0.00333586888923663,0.000208251571339778,0.139149278832159,0.000594459119808685,0.219274039523887,0.407749348143585
"TCGA.AJ.A8CV.01A",0.0520576404393117,0.0214602032299023,0.00815465746462206,0.0119509114760192,0.00214029407533793,0.0253757323943664,0.0127966217133959,0.000478739830947926,0.220561380343061,0.0115726412596007,0.633448883066761,2.29470667399221e-06
"TCGA.B5.A121.01A",0.116903323207584,0.00653239186104038,0.00572779900595213,0.046571677425266,0.0015008849855475,0.0158770835016002,1.36729132233067e-10,0.000125829433590265,0.176037202327584,0.00436806776400619,0.626355582600241,1.57750858643736e-07
"TCGA.AX.A1CN.01A",0.0227421724752024,0.0042440893781667,5.08923889482903e-08,0.106242162141686,0.0010080236592872,0.0169791257935941,1.08150600648391e-06,0.000542430448614041,0.100035167995535,0.000667022532237268,0.370902827076875,0.376635846100407
"TCGA.BK.A139.01A",0.0116901904296008,0.0168795767160006,7.12088698416172e-08,0.172467268004477,0.000426853809899119,0.00302214548069789,0.000803139403382549,0.000339377825610802,0.0363065554335996,0.000924426107890879,0.757140391557213,4.02275814119721e-09
"TCGA.EY.A1G7.01A",0.0344306258240802,0.00214543232367784,4.72977467195085e-05,0.106680060564333,0.00650538190255593,0.0246109360213458,0.00586363168767814,0.000629318672234687,0.359695325232974,0.00408504736489836,0.168923010424899,0.286383932234604
"TCGA.BK.A6W3.01A",0.0278480414499556,0.0189375791058245,0.00862706773496687,0.110576129711675,0.000888402019135968,0.0320684070878054,0.0161516883092193,6.20098225052872e-05,0.17102166052814,0.0112847606200188,0.602496610242509,3.76433682447989e-05
"TCGA.FI.A2CX.01A",3.00435871170767e-06,4.90771933861324e-06,6.74850860390003e-05,8.002039463211e-05,3.50123445184334e-05,8.56669373184168e-07,0.675052741980835,2.1847943483766e-07,2.65279659192014e-06,0.00340738954284564,0.32134520532883,5.05298849032848e-07
"TCGA.DI.A2QU.01A",0.0024465945066196,3.40151176699489e-06,0.00129233522468071,1.87506250801096e-07,0.000629888951842824,0.0160265061944713,1.87839646962513e-08,0.00012096740474556,0.293396042607638,0.000116672012751175,0.685963296417458,4.08887781046795e-06
"TCGA.AP.A0LT.01A",0.00200476058830273,0.00756557182051633,0.00171082833430189,3.31733816361098e-05,6.34638774643387e-05,0.00752819877925546,4.27735018458921e-08,0.000309873817631035,0.114195858658696,0.0039836919031667,0.862600580748006,3.9553175213413e-06
"TCGA.EO.A3AS.01A",0.00599627195509952,0.000326892343315451,0.000853833425407422,0.00015303590062278,0.000372678273876462,0.0230546303933519,2.91719899087387e-08,8.74941154930181e-06,0.135061710695556,8.69836263016553e-05,0.834084970538456,2.14264473568628e-07
"TCGA.E6.A1LZ.01A",0.119025241479692,0.0109209380476818,0.00403443240552945,0.148909728774131,0.00039202035224573,0.00739857348039468,0.0131727809875906,0.000613599356350499,0.261577380200732,0.0133032610224769,0.420649489091662,2.55480151384352e-06
"TCGA.AP.A1DO.01A",0.139448815834441,0.0185202862441506,1.4755706554869e-05,0.00114043469715686,0.000152340406484034,0.0055447495891837,4.89967706885796e-08,0.000159870133290255,0.188049232687898,0.0112881497930942,0.0887807101660845,0.546900605744891
"TCGA.AX.A2HC.01A",0.109010609197522,5.62952372664324e-05,0.000165819909832974,0.0756108750890838,0.000265934800825874,0.020867751365797,0.000509032794340552,1.73974951956342e-05,0.221688743535573,0.000545997588864177,0.56993693394533,0.00132460904036866
"TCGA.EC.A1QX.01A",2.09072402860314e-07,0.000662699638810168,0.00500941244637623,2.4610892605327e-06,0.000307454876315821,0.00730915964096522,1.44877885382746e-09,0.00015810779878256,0.0407521272915943,0.0117916249639663,0.934006046961991,6.94770756498018e-07
"TCGA.A5.A0GB.01A",0.0535533312573289,0.00888208280533811,0.00471562080029327,0.101099484806922,0.000271264081196672,0.0102710992209834,0.00190599626586859,0.000147863932084402,0.0689932721180872,0.0107346658628543,0.195003897923863,0.54442142092518
"TCGA.B5.A11Y.01A",1.01646341162761e-07,0.0146438289415872,0.00785472745696193,2.19168898913753e-06,0.00103706978241553,0.00620714325986708,0.0067090200315216,7.40898262442814e-05,0.0707234389184146,0.0110359569440552,0.881712375841776,5.56618267006274e-08
"TCGA.AJ.A3IA.01A",0.114115477990568,0.012951547233698,0.0166497056433088,0.313346533071083,0.0025686978054046,0.116230697784601,0.0284937812358154,0.00393328210639189,0.368872324208248,0.0109506052915251,0.0118688013579821,1.85462713743557e-05
"TCGA.D1.A1NS.01A",2.84153886000356e-05,0.0015550750631904,1.31855449566465e-05,8.06132978394084e-09,0.000580182413211437,0.0029222233107398,1.37258660412653e-09,4.84625739931085e-07,0.0722575230599812,0.00153519248942876,0.921107531199271,1.77470964292666e-07
"TCGA.AX.A2H2.01A",0.508235221144424,0.0261459352415798,0.000751795627895698,0.324447074423831,0.00135570807198294,0.0148570756026702,0.0218543981234117,4.74642481528757e-06,0.0874061053144823,0.0149412398060263,2.58847903965441e-07,4.41370976205686e-07
"TCGA.D1.A162.01A",1.48499197199865e-08,0.000466315648473374,1.06020917116513e-08,4.18006372138661e-06,0.00051500575047894,0.0107386681616588,5.78892686423858e-09,0.000109882445462119,0.0716646444119866,3.41564480065296e-05,0.916465964519587,1.15130968692501e-06
"TCGA.AP.A0LG.01A",5.74017110128113e-05,4.11009596684134e-05,2.09782468646956e-05,1.06954860565582e-07,0.000273931382292085,0.0115911185828437,7.31270657388387e-10,0.000150573551954212,0.103338738189773,4.52647268631252e-06,0.884521375314596,1.47902178281655e-07
"TCGA.DF.A2KN.01A",5.2402470435843e-06,0.00315783430034164,0.0107540719924294,9.91004326737428e-06,0.000625387882716143,0.0101960927010259,0.00615940432799418,0.000393098881730699,0.00372469181050288,0.0107681333438296,0.954204532992617,1.60147650161211e-06
"TCGA.AX.A1C4.01A",3.87024274637719e-05,0.00178849415535236,8.70011673673985e-05,0.560858047139582,0.000419948134343363,0.0151371483868334,2.61047316044771e-08,4.87113495959318e-05,0.240459189224092,0.00128925428723758,0.179870722171035,2.755452364711e-06
"TCGA.AJ.A3EJ.01A",0.0187645044287008,0.00812473882009621,0.00792664608275462,0.00334051180234839,0.00457282034073687,0.117541642922103,0.0295629830671858,0.000246116944682819,0.507665624559439,0.00646450371532889,0.295772978567944,1.69287486807255e-05
"TCGA.BK.A26L.01C",0.132532447612532,0.0176392817747706,3.96935984206213e-06,0.318704056149408,0.000631564260397359,0.0520994983994994,0.0036861658585356,0.000321478399305363,0.209476052001025,0.00120851916120976,0.263652468418894,4.44986045808213e-05
"TCGA.A5.A2K3.01A",7.58213173264306e-06,2.97800608784124e-05,0.000104784616868261,8.66659371780774e-07,1.65095862538917e-06,2.4888701313799e-06,0.555371854136298,1.40157505571485e-06,6.96329442252951e-08,0.443043118647151,0.00143640086890395,1.84203956215178e-09
"TCGA.AP.A05H.01A",0.0118750440342809,0.000184781838435824,0.000100013024702462,0.119009591257311,0.000641889661914405,0.0324736495104985,1.69405224468158e-06,9.77306176413264e-05,0.10439680954183,0.000889356424917136,0.136648477315963,0.59368096272026
"TCGA.AX.A3FV.01A",0.0528493926496761,0.00114425164733274,0.000298477141321823,0.304234979675262,0.000500775013535925,0.00560451077271729,0.00570482950714936,0.018110612690347,0.073789535394165,0.00279177619877821,5.44067042632023e-07,0.534970315242672
"TCGA.D1.A16F.01A",2.4094125271771e-06,4.86751934278922e-07,4.62960344950204e-07,2.78284268222991e-07,0.000535298777344907,0.0139452782911972,2.60111688183393e-08,4.65500160236268e-06,0.00941672769769807,1.93398396806174e-07,0.976094082371551,1.01041966306094e-07
"TCGA.JU.AAVI.01A",0.255459042370787,0.0184021832615914,0.0290259002195775,0.524814830876325,0.00108360713221392,0.017721987075192,0.0269743272379149,0.000818717176526397,0.0610019673322938,0.0646946627197045,1.45956918946605e-06,1.31502868354751e-06
"TCGA.AX.A06L.01A",0.0966986213323756,0.0275698198282362,2.52756046167504e-05,0.369236625900409,0.00207986608150061,0.0233940326831603,0.00509669211217159,0.000779830399056038,0.11275315188384,0.00641756522358,0.355681855741109,0.000266663209945608
"TCGA.BG.A3PP.01A",0.0394626071853946,0.00272064579128613,0.00053965664974699,0.241472396692202,0.000506094284074662,0.0421527223231578,0.000371966940897738,0.000221112734500482,0.0696842192717299,0.00122517552982862,0.505303049444504,0.096340353152677
"TCGA.B5.A1MU.01A",7.19023829900119e-05,0.000390449706841053,0.00356247065536411,1.50650883901887e-05,0.000727952675963466,0.0519733712176075,0.00987768447231942,0.000111900229605909,2.69379632687844e-06,0.0700420564541105,0.863223565589575,8.87730906210362e-07
"TCGA.A5.A0RA.01A",1.85287809275847e-07,0.00289785323637969,0.00101092532009096,3.37591989088973e-08,0.000913617217818621,0.00868408310088957,5.95328465178688e-10,9.16859413168357e-05,0.133067981757544,0.00197112918929654,0.851362465947227,3.8647100557392e-08
"TCGA.BG.A0MK.01A",0.0919552672377531,0.00814738343549779,5.52343230685226e-07,0.292423020005084,0.00127246758046555,0.033763676832817,0.00088229253894073,0.000132424210275752,0.117402430893211,0.0023401824644485,0.451675419072684,4.8833855917839e-06
"TCGA.EO.A3L0.01A",4.00258271026326e-06,3.57732332265109e-05,4.99422778981263e-07,9.17369795824218e-08,0.000703020634255956,0.0209043816565134,3.41396925792441e-12,0.000111720153819288,0.112417508299278,3.70440019852092e-05,0.865785948593389,9.68164974418017e-09
"TCGA.B5.A3F9.01A",0.101327147844459,0.00143219445684431,0.00329947317303805,0.0421710032571311,0.000536797045150059,0.0138689462491318,0.00106394201899068,0.000185023388628586,0.0381197839099029,0.0040712860195895,0.793924390263666,1.237346751024e-08
"TCGA.AJ.A2QO.01A",0.0657430122873802,0.00230692667374522,0.00218601505170982,0.192034071355232,0.000336871529533987,0.00755833441229827,0.00179983976566302,3.32976826551576e-05,0.0827080136515656,0.00378682549344518,0.434128976260634,0.207377815836138
"TCGA.D1.A0ZO.01A",0.0235996426067074,0.0221640291648642,0.00140790641495556,0.295499985740601,0.00107650724044087,0.055185869486347,0.00226370902628885,0.000905013171131629,0.0905766181000587,0.00422862630834691,0.503091359891695,7.32848562437296e-07
"TCGA.AP.A1DM.01A",0.119767445536239,0.0212048104250891,0.00130045958092694,0.0152963044284879,0.000546873029414336,0.0350114579738249,3.93658281150624e-09,0.00104225243711527,0.251308832463619,0.0100167458162337,0.202736895789445,0.341767918583023
"TCGA.SL.A6JA.01A",0.0997186398719109,7.45261305657234e-06,0.00351976689101576,0.0686685907516408,0.000847427832669293,0.0128377173680877,2.40333049245144e-06,0.000145722805079564,0.196042199561604,0.000447778241365519,0.415987530104816,0.201774770628261
"TCGA.EO.A22T.01A",0.152399305966497,0.0232870961005347,0.0131078535034072,0.0589194466691629,0.00114221374525172,0.0467135861235664,0.0143496752487804,0.00124822931828072,0.270062369413636,0.024901106935384,0.393868991987442,1.24988056306394e-07
"TCGA.B5.A11V.01A",0.222924191061496,0.00980553703525513,0.000495391383549474,0.101433557656144,0.00119648786242617,0.039843913110723,0.000154352069423672,0.00034202739955355,0.208308053350578,0.00288859093120802,0.345900187074816,0.0667077110648276
"TCGA.AP.A051.01A",0.201100810683959,0.00061898757197633,0.023060821437786,6.69668077506609e-05,0.000774379542135639,0.0433841347619971,0.0319763563111142,0.000648506200307468,0.185480278272051,0.00842103439413448,6.81670946819757e-06,0.50446090730732
"TCGA.AJ.A2QL.01A",1.40447385760891e-06,0.00286058732636502,0.00231517250377675,1.37639785147537e-06,0.000342801158556907,0.0168387482680014,0.00536299984223341,0.00426994809122406,0.0584784921873435,0.0181345682095771,0.891393733644531,1.67896682005311e-07
"TCGA.BS.A0TC.01A",0.000113904686734437,0.000423206159514252,0.00114840784072232,3.13637468496961e-06,0.000862670709103411,0.00500482005815566,2.26078728347891e-11,7.5121728706631e-05,0.106894786980973,0.000295656485408107,0.885178276132068,1.28213209560561e-08
"TCGA.B5.A1MS.01B",0.036095763904915,0.000260950018947931,0.00245987460298402,0.180501242956849,0.000787044345646845,0.0204278464779509,4.24032626921679e-10,0.000389600616056845,0.138590001688437,0.0063210567961791,0.209745779294653,0.404420838873347
"TCGA.A5.A0R9.01A",0.0560697697581524,0.00598959159442983,0.0035347245336775,0.0584057509574302,0.000805873606247745,0.0229624329799181,0.00262939705743242,0.000176827880242416,0.0754251897467162,0.00673154227569108,0.767260314518255,8.5850918070355e-06
"TCGA.A5.A0GV.01A",0.0338785013398718,0.000932195941536091,0.000177236493487981,1.18791737300307e-07,0.0004230916251132,0.0103082292483712,8.01929022655932e-09,0.000109416030801796,0.468714711950507,0.000797394238433096,0.484622564199665,3.65321211846501e-05
"TCGA.B5.A1MZ.01A",0.0410509267427092,0.00974022180828224,1.66668307083258e-07,0.0974899670819595,0.000663261363954525,0.0130799474672238,1.42549561923264e-08,0.001483533878183,0.0528291636369633,0.00445056314043991,0.779210773427141,1.46052988075723e-06
"TCGA.D1.A1NW.01A",0.167453273752607,0.018426324623689,0.00449682703684109,0.270493186301247,0.00128233516609615,0.0155929487248025,0.0137911553964715,0.00192592058658444,0.158688314113146,0.0147221108942684,1.70450343291029e-06,0.333125898900814
"TCGA.AX.A2HF.01A",0.127742140564314,0.00157674786697991,0.0136628007599565,0.345133199519242,0.00518541207137337,0.0154520408184228,0.0263846690877302,0.000267186788673257,0.282005677509129,0.0272283883288294,1.03871887692627e-05,0.15535134949658
"TCGA.A5.A2K2.01A",0.000137352450598372,2.94670755861093e-08,3.56593948470331e-07,1.29929682946758e-07,0.0001112887041588,0.00333011368325859,1.03368105862552e-08,0.000245549899136023,0.0542296153229528,6.26867991818689e-08,0.941943844788684,1.64613689455277e-06
"TCGA.D1.A102.01A",0.00414871644928742,0.00318284619437225,0.00315978328478042,0.000144658146825489,0.000233262062510377,0.0156652279145801,3.34934207638502e-07,0.000160286698188442,0.0576332500655758,0.00217109250235806,0.913500541038918,7.08396113516188e-10
"TCGA.BS.A0UL.01A",0.140328852231908,0.0338439965103686,0.00825714827976926,0.222571285024572,0.00272829369237489,0.118896077174357,0.00369565397197131,0.00204763350333023,0.063390568679268,0.0114093175092238,0.392761144630429,7.0028792428462e-05
"TCGA.BG.A0MA.01A",0.16123038221729,0.00986942495132121,5.3469092255779e-06,0.0285479420102452,0.00106260649050543,0.067054887722487,0.00467139566721445,0.00116417401256212,0.204055795146665,0.00338336843602519,0.514906467525022,0.00404820891143748
"TCGA.EO.A1Y5.01A",0.0898760915594707,0.0476600455886505,0.0326267186435938,0.0199779159822792,0.00201984995475032,0.0612466937733425,0.0717002874861572,0.000271040223260764,0.621017851058919,0.0536021973441247,8.70839452559305e-07,4.37545998328284e-07
"TCGA.EY.A1GL.01A",0.000399764444707355,6.95272748634291e-07,1.58271792935772e-06,1.22360576303099e-07,0.000128569481103582,0.00641820811517413,8.36976810477298e-09,0.000212774600250481,0.0512178485606644,1.75118334279306e-05,0.941601386269845,1.52797380436677e-06
"TCGA.A5.A2K7.01A",0.0702012644320308,0.00368898604224291,0.0012085608069357,0.194457975978037,0.000110279548248933,0.0414318363057393,0.0111139635636898,0.000963663588040557,0.164119499879819,0.000822263833644367,0.511859431823907,2.22741976649125e-05
"TCGA.EO.A2CH.01A",0.0346920083890413,0.00124613186665097,0.00244612786647186,0.00648220418867233,0.000578221425426586,0.00573063843410646,8.18847260928549e-08,0.000281560254226953,0.23745532819352,0.00130768060041072,0.582705113904748,0.127074902991998
"TCGA.A5.A3LO.01A",0.0323684733682178,0.0105243319394956,0.000163911083631612,3.74269254741106e-06,0.000282611374217856,0.0336779013414654,2.4304848139251e-08,0.000582193040911259,0.189490579167685,0.00148761771724688,0.367282555648915,0.364136058320818
"TCGA.EO.A3B1.01A",0.0112962508844243,0.0170262282823938,1.82627110885574e-05,1.85624098305749e-06,0.00151494508558916,0.0210148994140332,2.43468105847545e-09,0.00105035075749702,0.0627782419916221,0.0099435140914647,0.875355250577713,1.97528509467672e-07
"TCGA.AJ.A3NC.01A",1.49373808997566e-05,0.00148050226575932,7.20433487356419e-07,7.48099659525626e-08,0.000441749320846656,0.00562317732406976,1.9034311939519e-11,0.000221695593153821,0.128287739188046,1.96843419378586e-05,0.863909712436037,6.88676239745113e-09
"TCGA.B5.A11U.01A",0.0674704747195482,0.00552196798150732,0.0025246553995292,0.330274009520609,0.00334216113279068,0.105529295969308,0.00457044547336742,0.0006442798645822,0.12261712404698,0.0057572718315336,0.34869918546653,0.0030491285937145
"TCGA.D1.A168.01A",4.67503125955534e-07,3.75686729834665e-05,2.70346430201102e-06,2.24564111541569e-06,0.000511667184936038,0.0480432276344709,1.93343981699054e-10,0.000663581397383736,0.0143979166256644,4.32080099739991e-07,0.936340082642483,1.06960091338623e-07
"TCGA.AP.A0LV.01A",0.047538261715996,0.000842485123691483,0.000458907882229697,0.0240596588455452,0.00062947684664813,0.0185339197592803,6.88716830311787e-07,5.09779699916838e-05,0.0593276426081082,0.00328851425667207,0.845245622831161,2.38434438455653e-05
"TCGA.A5.A0VP.01A",0.0617537513060933,0.00415521155041742,0.00519562540338854,6.51389273483034e-06,0.00132197643139956,0.00482402714310451,1.5604209731519e-08,0.000677245249262835,0.249759192614835,0.00234854325233827,0.669956513787177,1.38376503831247e-06
"TCGA.BK.A0C9.01A",0.0635316805523842,0.0260393914635364,0.00044093057147935,7.39613767595915e-05,0.000808241326809358,0.038907978284186,0.0124228970583647,0.00166221749517885,0.208434314874859,0.012844626052944,0.634832498160666,1.26278283263366e-06
"TCGA.D1.A16N.01A",0.000147262763386501,0.000495849404951947,2.19965492111105e-06,0.00011070474084255,0.00086943385137993,0.0216792543459696,0.00252565601866042,0.000479896551149406,0.0693068329707738,0.00032136710974353,0.904048220202929,1.33223852919792e-05
"TCGA.K6.A3WQ.01A",0.0451785559167613,0.00271008862142692,1.61867248627408e-05,0.208926152871149,0.000283509912871603,0.0216088687359028,0.00322939210321917,0.000457443526591989,0.106429570370431,0.00382287354364861,0.248856249918351,0.358481107754784
"TCGA.D1.A3JP.01A",0.21443789628712,0.0468423380539709,0.00123572973820574,0.334332153533035,0.00138242717047681,0.0270730588502633,0.027126780806044,0.00296774111188478,0.183326789520912,0.0038975345634983,5.90074023020359e-07,0.157376960290566
"TCGA.QS.A744.01A",1.06992176144902e-05,2.96890112327997e-06,5.02037964823888e-05,2.91011543372101e-09,0.00135840634116996,0.0229977758368027,1.27388893948586e-07,0.000369516947098525,0.0879504196542302,2.56309942237342e-06,0.887256891644925,4.24262121894675e-07
"TCGA.BK.A4ZD.01A",0.0918439298135413,0.000377761299137101,7.30453816838005e-05,0.00170401499653847,0.000222823001799399,0.0228292378925015,1.4927270375697e-07,0.000360862747298886,0.307804654989404,2.607726320017e-06,0.574748493655911,3.24192231605168e-05
"TCGA.AJ.A2QM.01A",4.26528268105092e-05,5.12873521626872e-06,8.4562301265201e-08,6.29248587214619e-07,1.87977788571063e-05,0.00567253823789681,5.99138637624679e-11,3.78700370305867e-06,0.0270954611542924,8.88025620395169e-07,0.967159903795427,1.28571374243955e-07
"TCGA.FI.A2F8.01A",0.0431965175305176,0.00947142126018137,1.34220627183269e-05,0.214074437905987,0.00215092376092997,0.0307461314267968,0.00465150588260069,0.00149161243715919,0.178417287038068,0.00329122228933346,0.294173245655922,0.218322272749785
"TCGA.AX.A1CA.01A",0.197275219238616,0.0185140113059529,0.00287732558884387,0.194367860014423,0.00196345835425413,0.0373874051006317,0.00814803186258533,0.000261697421785386,0.126684081369795,0.0127012493120148,4.1349460398407e-06,0.399815525485058
"TCGA.EY.A1GQ.01A",0.0464106114612298,0.0054645213048839,0.000614728620183592,0.29833617733276,0.00210816919909181,0.076414020352348,0.0034584328564403,0.00182397325803494,0.166027703575868,0.000830780301931317,9.28586634291318e-07,0.398509953150593
"TCGA.DI.A1BY.01A",0.226765307781673,0.0190762363499162,0.00194290772725616,0.228210272915939,0.00346129367173298,0.027657653677263,8.75411797039293e-08,0.000524814636523134,0.0780127742893496,0.00490441004844376,0.384628663049054,0.0248155783116707
"TCGA.BG.A2AD.01A",0.032477381077672,0.00125893389174553,0.00053324440604867,2.31843543434896e-05,0.00355585316781926,0.022764415848547,4.31512252737921e-09,4.82479222301467e-05,0.310984670188518,0.000374290319112294,0.599043518899522,0.0289362556093188
"TCGA.EO.A3B0.01A",0.243821566289763,0.00621116762882236,0.0202930010933757,0.292835731192869,0.00282970443072563,0.114195012794456,0.0492407647586145,0.000237450702656605,0.251235736478008,0.0177911229709339,6.20999340282807e-06,0.00130253166637316
"TCGA.D1.A16X.01A",0.0672235161357843,0.0180500522932969,0.00262946130341256,5.93922267040359e-06,0.000864422410329321,0.0211248569027294,0.0135776328321974,0.000281168626194466,0.114594117611117,0.0119670907291673,0.749681473141657,2.68791444363193e-07
"TCGA.EY.A1H0.01A",0.0109791089829329,0.00181567426363946,0.000294828342758885,1.84745777335475e-07,0.000139369154907385,0.0092987647944957,6.15689428680865e-09,0.00064609949968074,0.271522937945647,4.64483727150534e-05,0.705253285115979,3.29262457172119e-06
"TCGA.B5.A3FD.01A",0.0520304103761025,0.0042911269421334,0.000780880995287376,0.0552299000284781,0.00109770178926762,0.0179155022541851,1.11823517472689e-08,0.00015205928466829,0.132905217142307,0.00198603620169093,0.733579166525676,3.19872778513839e-05
"TCGA.BG.A0YU.01A",0.12917124081865,0.0107664250779753,3.42186430560197e-07,0.0553420319984147,0.000947298752075307,0.021811981202227,0.00244696734948231,0.000723374772416336,0.0555001926041173,0.001638628995978,1.89992111249329e-06,0.721649616321121
"TCGA.EO.A3AY.01A",0.059734216364832,0.0154642963071066,0.00203548090799693,0.208514645706556,0.000584451154176183,0.0154763239496195,0.00376883724791553,0.000165020133664528,0.0273016503753784,0.0224841852583331,0.644431826492058,3.90661023637555e-05
"TCGA.EY.A548.01A",0.136973973776372,0.0104558572936602,0.00199447661945381,0.116811416746882,0.000383273808441705,0.0447233576358459,0.00355869798177126,2.72110760233193e-05,0.153298972958899,0.00447170828535257,0.443098318728406,0.084202735088892
"TCGA.D1.A16E.01A",1.10912490106862e-06,0.00114187143525627,2.59996235485025e-06,9.94736892212863e-07,0.000750921578783272,0.00456930081685764,3.57698451919936e-10,0.0001865399669354,0.00343620724180977,0.000204451192095453,0.989706003467066,1.19349785315923e-10
"TCGA.AJ.A3NE.01A",1.83713450032313e-06,0.00164874465902352,0.0012385436595688,7.63824417589277e-06,0.000237137994368102,0.0075780555756638,2.54724405641679e-09,6.43823106198955e-05,0.0434903192026426,0.00174485369795646,0.943988136058066,3.48916170676665e-07
"TCGA.BS.A0TD.01A",2.14134729274996e-05,0.00425652953382045,5.1566063205958e-06,1.48365153345451e-06,0.00199537217711698,0.00760938439763001,6.52750614240678e-09,0.000111164163019754,0.207932132469874,0.00367871855851949,0.774387414165581,1.22427615066885e-06
