"","cellFractions.B.Cells","cellFractions.CD4.T","cellFractions.CD8.T","cellFractions.DC","cellFractions.Endothelial.Cells","cellFractions.Fibroblasts","cellFractions.Macrophages","cellFractions.Mast.Cells","cellFractions.Monocytes","cellFractions.NK","cellFractions.Neutrophils","cellFractions.otherCells"
"TCGA.C5.A7UI.01A",0.0247918545654601,0.121717181068968,1.47720985349611e-06,1.24148476473069e-05,0.0764633045881241,0.0227891775327008,0.0315197525471334,0.00119644840455295,2.00467104811053e-07,0.00866786200810917,8.76801391897564e-07,0.712839449958953
"TCGA.C5.A902.01A",1.33337609729861e-05,0.177426635258234,7.63107698193402e-07,0.542112649568598,0.0608785037254288,0.0072571377813823,0.0121183107691085,0.000559530663395686,0.00390731609597616,0.0168646252819073,7.77496488548343e-05,0.178783444338444
"TCGA.DS.A1OB.01A",0.0036243268492741,0.0217511052949463,9.71762624932262e-08,0.0942215997749074,0.0251771953048656,0.0142555015297035,0.0316170610650619,0.000267379494998707,7.66988109333433e-05,0.00071906011726274,2.55706869798079e-06,0.808287417513086
"TCGA.Q1.A6DW.01A",7.03754016363647e-08,0.000115909161588758,2.5127847496804e-06,0.883013165914243,0.0284447925797751,0.0284463336096496,0.0194025351880765,0.00018865543443058,0.0380438118082097,0.00197873918937423,0.00036314281688123,3.31137620147e-07
"TCGA.EK.A2R7.01A",0.00446851022453211,0.0545467631030709,4.94233158100766e-07,0.85490294068256,0.0349040921930653,0.0147980731326763,0.01763744268706,0.000869777845386936,0.0134018032242732,0.00446445776885897,5.41210324411945e-06,2.32802114169164e-07
"TCGA.C5.A7X8.01A",0.0930779456804522,0.0334051726591178,3.67655736110794e-07,0.174583940663945,0.120579010217457,0.106979738081783,0.00946492353881764,0.00238405950083974,1.7999498963765e-07,0.00156466514655243,0.33461763960041,0.123342357259901
"TCGA.Q1.A5R3.01A",1.5498250556129e-07,5.56135812258632e-06,9.81637032848386e-07,0.879036966564223,1.38619452822506e-08,0.0846114018011054,0.0281358076715115,0.00389239183725454,5.50545044905951e-05,0.00426144489866251,2.17940233905189e-07,2.94291177524279e-09
"TCGA.C5.A7X5.01A",1.16126204812957e-06,0.00741837289400931,1.08985881578269e-05,0.471168191810436,0.0291887881448391,0.0103384216576279,0.00697225187910357,3.64693171269486e-05,0.00354555569559942,8.15726714377342e-05,1.14809980643645e-05,0.471226835081549
"TCGA.ZJ.A8QR.01A",0.0174087348985298,0.000331395172748774,1.71589692671737e-05,0.908688370069447,0.0414184920760156,0.01298228149261,0.00339678959691153,0.000671085200957911,0.0142373789857177,0.000832748907701964,1.55589589108958e-05,5.67118132962043e-09
"TCGA.HM.A3JK.01A",2.08216584232887e-06,1.73791568060482e-05,1.99258213712164e-06,0.417887573691472,0.0361687383407156,0.472929035256957,0.0548881112032072,0.00191975594128632,0.0137245282812416,0.00245916343380195,1.44137942133693e-06,1.98567111371788e-07
"TCGA.EA.A556.01A",8.7668159964149e-05,0.00885133691853171,1.53086230512596e-05,0.617178597174093,0.0427341444185399,0.0529224333203755,0.00641383253800411,0.000414376764271279,9.10977007024579e-06,0.00112009264687363,0.268539822630097,0.00171327703612888
"TCGA.VS.A9V4.01A",0.00955852142135884,0.0134493551567244,9.45941552207431e-09,0.167317721086309,0.0270890333199087,0.0170392481158993,0.00102837320922321,0.000176051676013436,7.67794075810494e-08,0.00016817107754432,0.158321124954226,0.605852313743969
"TCGA.IR.A3L7.01A",1.06921813128686e-07,1.14668468875251e-09,3.72839765484085e-07,0.840726474131841,1.40628067184639e-06,0.0433007349300728,0.0130610035697073,0.000216237210724807,0.102472930038397,0.000209257406016323,1.14664063912267e-05,9.1179148770385e-09
"TCGA.EK.A2RL.01A",1.41575960800082e-06,0.0226230458497438,3.54789017723816e-07,0.850660995604376,0.0224549676045386,0.0233464276382358,7.5473836410218e-06,5.68228140530179e-05,0.00825548957445929,0.00117300125503766,3.78765326872539e-05,0.0713820551946018
"TCGA.VS.A94X.01A",1.7453633801179e-06,1.55513884492431e-05,2.96883372881441e-07,0.77273385217429,1.11167834696162e-07,0.0104408717641269,0.108253176717702,1.72438593740929e-09,0.107270761545096,0.00118158148370139,0.000101674048470337,3.75739190329012e-07
"TCGA.VS.A9V3.01A",0.0186309079509553,0.0697194948871399,1.81941867296726e-07,0.694183207300164,0.0541213920876612,0.014029639527427,0.0432106241966636,0.00145994987693189,0.00540822653274911,0.00285124730466242,5.16678413763618e-08,0.0963850767259366
"TCGA.EK.A2RO.01A",0.00100315994595671,0.00926039480042733,0.000233738153036312,0.118582493243454,0.0281951656480327,0.0625682650287751,0.00654854847959804,0.000117706629411441,1.21833342385463e-08,0.00147630601325393,0.361973070296694,0.410041139578026
"TCGA.JW.A5VJ.01A",0.00566583395835954,0.010416019441958,3.09195818444145e-07,0.527608704566435,0.0196944222278291,0.00888874514945295,0.0109852304732048,0.000290037312351043,2.72277942502825e-07,0.000655787220520369,0.284863003622843,0.130931634553285
"TCGA.MA.AA42.01A",0.113106318476839,0.49596359119145,0.037663830116737,4.98877928323393e-09,0.016562669401122,0.00557632747861252,0.215173964179333,0.000350386712743923,2.31548799354254e-05,0.0606582107446945,1.84687169419378e-05,0.0549030731128123
"TCGA.C5.A1MK.01A",0.00226377800204981,0.0254364746549433,1.17181134279926e-06,0.241304880854368,0.0385886737929212,0.0379950958740445,0.0144667436029479,0.000181374607005553,1.05759048584874e-05,0.00131894945139433,0.190564826472626,0.447867454971498
"TCGA.UC.A7PG.01A",2.27444385141348e-06,0.000270557043063999,3.10312633154148e-09,0.876813947633114,0.0408681174781412,0.0219938561152022,0.0100509845753184,0.0013081973783343,0.0475502484819202,0.00114152543586185,5.03676415318558e-08,2.37944424687574e-07
"TCGA.VS.A9UH.01A",0.0708155165628276,0.247594194779027,7.81880302321494e-07,7.52503565589963e-07,0.150075422680065,0.0826135560471096,0.315162476420673,0.0013868114983426,5.97542682055372e-08,0.0292121840920524,0.000156895660209681,0.102981348121557
"TCGA.4J.AA1J.01A",6.73597853417423e-07,0.000980436523615775,0.000101752995328077,0.785476520063016,0.0390067530151082,0.145331516657564,0.00637538695388293,0.00129836466078393,0.0204315682227383,0.000989723151069949,7.30385947925862e-06,2.99560309549395e-10
"TCGA.C5.A1ME.01A",0.00657388393046577,0.0415072250026674,1.35717359081948e-07,0.544783234914838,0.0330865052920011,0.0133893125225446,0.00615016737159575,0.00246662482619,4.8400082337966e-05,0.00303388035760147,0.348960629960242,2.21565104323676e-11
"TCGA.C5.A8YR.01A",3.79924313968292e-05,0.0736728416612493,7.97522186016577e-06,3.026917254763e-07,0.0735786162090231,0.012844761400636,0.0720204674232818,0.000183294797236707,1.50558946782368e-07,0.0113294055645155,7.60609674189571e-06,0.756316585943386
"TCGA.EA.A5FO.01A",2.93422963079419e-07,8.01441137860907e-08,3.23875516785253e-07,0.958921735580738,0.0111679168502556,0.00655342469174771,0.00100177808763876,9.06042446123541e-06,0.0219600411118999,0.000385219630137476,4.68977400086948e-08,7.9282787475088e-08
"TCGA.MA.AA3Z.01A",7.83766640368757e-07,0.100501174310369,2.22332353465979e-06,0.800786108666054,0.0107135794311874,0.0157807796994621,0.0235925404217998,0.000184123224172961,0.0390288914151032,0.00940780785900183,1.89516100827433e-06,9.27216667629334e-08
"TCGA.C5.A8XJ.01A",0.0197026615815587,0.0465851078364726,7.01453697139186e-05,0.630941166403493,0.157387757625548,0.114075443745793,0.0195743170063305,0.000355521789150165,0.00563101624211628,0.00505018619887507,0.000238305009964645,0.000388371190984868
"TCGA.R2.A69V.01A",0.000750724417670236,0.171514551461745,0.299577459436415,2.34660452139005e-07,0.0470111575840676,0.0433786064011485,0.382836647019504,0.00480155402321606,1.48018655542291e-06,0.0500582059639023,8.15426766403112e-07,6.8563418557017e-05
"TCGA.C5.A1BM.01A",0.0130512150205472,0.0507793620752113,1.0011483917161e-06,0.000110827773293585,0.0385125624147248,0.0169097021356273,0.0988871011513176,0.000222108494921831,7.01254546827715e-07,0.00316666477332078,3.88694504417815e-06,0.778354866813053
"TCGA.ZJ.AAXD.01A",7.50807841682336e-07,3.56179868897191e-07,2.75715340247973e-05,0.841993443822076,0.00586634466376012,0.0999524213893536,0.011541304314862,0.000961317557892548,0.0392888110736175,0.00035938669648597,8.25626225729399e-06,3.56979592834635e-08
"TCGA.HM.A4S6.01A",0.00628189886507584,0.057007720658693,2.18790519273765e-06,0.671855391734559,0.0534906864360541,0.0502887889687538,0.0666470621524013,0.000292934631999751,0.00403266865452644,0.010118677708411,2.00084665464854e-06,0.0799799814376791
"TCGA.EA.A5ZF.01A",5.46822102894826e-06,1.66629584881101e-07,3.80449385287196e-06,0.761346418293691,0.0455740650852576,0.104103644400269,0.0239803444693324,0.000618028943363505,0.0642027469319796,2.73899020944616e-05,0.000134916497524582,3.00613202095767e-06
"TCGA.C5.A1M6.01A",3.64460504504344e-08,4.14209023269108e-06,4.00495507129359e-08,0.833530887599272,0.0208517790745231,0.0428143211356091,0.0165055691311085,0.000302897137407933,0.0859564153371033,6.35493039059306e-06,2.73749269439228e-05,1.82141807897223e-07
"TCGA.DG.A2KK.01A",4.47957327290131e-07,1.69063165050873e-07,8.1441909145846e-07,0.892253308534446,3.89071964672994e-07,0.0227170876032867,0.0433701283944537,1.46838388089821e-07,0.0386548714740036,0.00300078334863612,1.834796169144e-06,1.84990685463693e-08
"TCGA.HG.A2PA.01A",2.23025795144904e-05,0.0139473878274029,3.24300235078247e-06,0.45499606724673,0.00948845869482925,0.0189844828215526,0.0275178215992823,0.00430337931684213,0.0830002136256054,0.00381144067438448,0.383924778700027,4.23911478932496e-07
"TCGA.VS.A8EH.01A",2.667807009127e-07,1.76808767021314e-08,9.31989579670751e-08,0.894852144672362,3.96514910570772e-06,2.79532630811612e-06,0.0619229730157638,0.000704236724861407,0.0425084464772461,1.77046427906743e-06,1.33181003568887e-07,3.15732853450591e-06
"TCGA.FU.A5XV.01A",4.3568944223469e-07,4.85482582208624e-05,2.5532149931185e-06,0.922500566904064,0.000243049924414453,0.00680116981977797,0.0232498203795239,0.00262378034538641,0.0441586009102654,0.000290489205174605,7.93454081202601e-05,1.63994061625829e-06
"TCGA.C5.A1MF.01A",0.00835215134054189,0.0326005315907741,0.000107765687014953,8.30450199290402e-08,0.0202008081959878,0.0395612202750718,0.0156363220245628,0.00173278123611242,7.45223102357103e-09,0.0019238550131754,0.595024407027169,0.284860067112339
"TCGA.EX.A449.01A",0.000176707485216883,0.0272159174195142,4.0554796728046e-06,0.910439094872815,0.025072429204576,0.00844165886307685,0.00235530999405656,0.000161005454632667,0.0133746549539127,0.00149442416741151,0.0112449682467953,1.97738583196718e-05
"TCGA.C5.A2LX.01A",0.0441623778351827,0.246343547245515,0.0854000576838549,5.7734064386568e-07,0.0466073017345429,0.0405672716537813,0.0533892509208473,0.0130846603787474,5.15133204245743e-09,0.0153772491497886,1.43852886483979e-06,0.455066262376899
"TCGA.HM.A3JJ.01A",5.04968594746146e-06,0.0101273218127878,0.000821371198272224,0.773505959689047,0.0335256426545903,0.12094959566546,0.0465192232800021,0.00172863505959002,0.00467456269679993,0.00304409282823997,0.00509392080263605,4.62462662759195e-06
"TCGA.LP.A4AW.01A",3.7024674702581e-06,3.36705290961913e-05,3.9620593590171e-06,0.0168183017557155,0.113589934756217,0.831868053091691,0.0191357983486163,0.00227110046377044,0.00133813201277496,0.000977232463260549,0.0139495287555257,1.05832965030664e-05
"TCGA.C5.A8XH.01A",0.0055751187623422,0.0416610045179431,1.47592266148195e-07,0.367856499552892,0.0230866834291507,0.0226271293403313,0.0271523627716786,0.000586008180983433,1.40260226898247e-05,0.00350366233400158,0.221021993803751,0.28691536369197
"TCGA.EK.A2RE.01A",1.89049892637894e-08,8.67669734019522e-05,0.00191058278886295,0.957249393931371,0.00800250229507209,0.0183109796781362,0.00129993570589294,4.87931050771007e-05,0.0130603905343521,1.52042339332865e-05,1.48230492211175e-05,6.08799690281489e-07
"TCGA.EK.A2RC.01A",0.00197866918770471,0.0903183523986384,1.18094738748052e-07,0.795896305000769,0.0268678835476931,0.0379178892964123,0.0342008200881681,0.00191256576481343,0.0064734546315234,0.00442461790396321,8.62591609484326e-06,6.98169480887585e-07
"TCGA.EA.A3HU.01A",0.050062679151151,0.25429402035015,1.90496004106615e-06,4.12442823457328e-07,0.0720443127952655,0.00824680235633803,0.0921497160064752,8.93853760371949e-05,2.50430211932708e-08,0.0456676090524065,2.95469980430799e-06,0.477440177766487
"TCGA.EK.A2PI.01A",5.11989409802297e-08,0.00784809431787635,5.59115369870409e-07,0.901462737987427,0.0198236098652907,0.0323026414928628,0.00320502063097606,0.00061781959989721,0.0208843427817977,0.000440851859134338,0.0134133045321561,9.6661827088395e-07
"TCGA.EX.A8YF.01A",0.0845505413368448,0.0962341989455162,1.27919884374854e-07,0.0928485710257165,0.0614978241558132,0.0160515218079029,0.0313247200092628,1.39285699305958e-05,0.00340396952739609,0.00859843609924037,1.36037962338657e-06,0.605474800222869
"TCGA.C5.A7UC.01A",7.62469156700102e-07,6.90234024702921e-07,1.87578478662781e-06,0.798257763412028,1.1107908671822e-05,0.108843949966753,0.0151659881904778,0.000161732186488266,0.0775499100848748,5.72623442247393e-06,4.86134732730213e-07,7.39358244410526e-09
"TCGA.EA.A3QE.01A",0.0438993324776488,0.160453082532299,7.92890976049612e-10,0.406839229455605,0.0384982891374507,0.00919219735650828,0.0374486895736831,0.00097800284614184,0.00197666133593203,0.0107441397119699,1.56526641186475e-05,0.289954722115752
"TCGA.EA.A4BA.01A",0.00030965411184928,2.31617062219604e-06,4.39418980802926e-06,0.799721391467364,0.0768407989776118,0.085474220467654,0.00125429779120674,0.00105711908279026,0.0138004815666376,5.84936144157387e-06,0.02152901517291,4.61640104052632e-07
"TCGA.EA.A411.01A",0.023595961770423,0.0277075962759664,1.47771527619273e-06,0.44490265111878,0.0867310429497635,0.115469328848265,0.009314230360103,0.00160549249323928,9.84706929976357e-06,0.000999750566242491,0.264919387802506,0.0247432330301358
"TCGA.IR.A3LL.01A",0.00758527805155161,0.143403594609163,2.29481172818554e-07,9.08379765753403e-08,0.0297882197599917,0.0122703983573068,0.0995507528067659,0.0159232364395929,1.40298743369822e-05,0.0177124275466399,0.000105732378306013,0.673646009857195
"TCGA.IR.A3LF.01A",0.0202833017855145,0.0536953270281969,2.37242116632832e-07,0.447123409742152,0.0536783898682695,0.0246324844853685,0.00715953470585871,0.00155630852923842,0.00211017299121519,0.00227912311272812,6.07198520903814e-05,0.387420990657251
"TCGA.EK.A3GJ.01A",0.00117160238843231,0.0838674532092025,6.09529050237705e-07,1.97268804053315e-06,0.0111872614214003,0.00467378743092394,0.0717614801968794,5.97709559291098e-05,3.29079184427544e-08,0.0107815982653139,1.1310262520251e-06,0.816493299980657
"TCGA.ZJ.AAXI.01A",2.4932698104086e-05,0.000414208380924381,1.3394354588304e-06,0.982715543859107,0.000137125881219323,0.00365080613828699,0.00134914412356707,2.759237363446e-08,0.0109211973456269,0.000781682455702322,3.97149590199001e-06,2.05937277331892e-08
"TCGA.C5.A1BI.01B",0.022438049996141,0.0589906359224373,5.61079564425072e-08,0.476441456163957,0.0333981959494372,0.017165193115872,0.0239535796688299,0.000741285529043911,1.56459600011507e-07,0.00393548433756803,0.362926135407711,9.77134144596435e-06
"TCGA.EK.A3GK.01A",0.00237483866814904,0.0334966080740542,1.5119566277749e-06,0.82420183625507,0.014782833150756,0.0137119144396856,0.00903703577226258,0.000622581730744345,0.00860660629642715,0.00421868516317711,8.07682622313155e-06,0.088937471666823
"TCGA.EA.A3HT.01A",7.22907629755562e-06,8.82704127947655e-06,5.37895527706928e-06,0.719908895413099,2.23365838337792e-06,0.121743386217024,0.0524731491836172,0.00154455027423599,0.0998509950499333,0.000742018943226569,0.00371256983298012,7.6635464683436e-07
"TCGA.C5.A2M1.01A",1.24207134715626e-05,0.0739010723932935,1.3486355964556e-06,0.82004469842926,0.0255630585849698,0.00598461576255542,0.0606719013998767,0.000525266036223764,0.00505276454820041,0.0072653353239171,0.000973561986249935,3.95618638581922e-06
"TCGA.VS.AA62.01A",6.31277690172237e-06,0.0325357591575718,5.82877281034477e-07,0.730622858717694,3.60095362031614e-06,0.0357002306211562,0.0863330963114351,0.00111449516258604,0.101842123069803,0.0118390425006033,1.89360538659619e-06,4.24596068465032e-09
"TCGA.JW.A5VL.01A",0.00323455413192633,0.082513146063845,0.000127492378666009,1.76887526967258e-07,0.0381416167314614,0.0196716449499289,0.0713821949447625,1.14432411629185e-06,3.34801321490138e-08,0.0102435827289306,1.2796252779189e-07,0.774684285416176
"TCGA.EK.A2IR.01A",0.000329426914986686,0.00531197549536349,5.16510087161323e-08,0.174438336373609,0.028911695511242,0.0122127989482415,0.00340295760725684,7.63741310081042e-05,0.00166671432752001,6.92873507287809e-05,5.2698542089588e-06,0.773575111834826
"TCGA.VS.A9UD.01A",0.0211217348074079,0.335526707820347,7.91077436746603e-05,9.8431786540383e-07,0.0352762682622581,0.00205674351429864,0.185402919840336,0.0021692872442725,2.21989519755567e-06,0.035046219278598,1.60131334624157e-05,0.383301794142281
"TCGA.VS.A9UR.01A",7.64823026526016e-08,5.90444399185051e-08,9.8766696345988e-12,0.880357235799049,7.08224426574878e-05,0.0129021759113496,0.0115403342555151,0.000225209081145357,0.0935271143506117,0.00137574479010121,1.20636034113887e-06,2.14726100816495e-08
"TCGA.FU.A3EO.01A",9.90526763301709e-07,0.0105642180782681,6.92348993306725e-08,0.630920630509215,0.00610722444866648,0.0297910872154351,0.0227662273507002,0.000834152589607263,0.0163091626798534,0.00101727644456363,0.281687431169228,1.52975280096545e-06
"TCGA.JX.A3Q0.01A",0.0116650348318167,0.0604688140966488,8.1602723206445e-05,5.34383070673479e-08,0.0371387798795615,0.011461249168034,0.0505966144076108,8.1179080250273e-05,3.97828667779218e-08,0.00648489117086462,9.6327804737833e-07,0.822020778142786
"TCGA.VS.A8QH.01A",0.00447623999392181,0.00770696741936205,6.21635736595211e-08,0.287586850154617,0.0185260034544125,0.0138389697965108,0.000804419402551486,0.000194803065225436,0.00129397923543768,0.000406461727177484,0.0449529527286881,0.620212290858522
"TCGA.EK.A2RM.01A",4.41185159564402e-08,2.41676701266036e-06,1.84254738877086e-05,0.804744033161865,0.02874185344913,0.130952040689324,0.0122896914798962,9.09397084348548e-05,0.0230796423864288,6.00929693061419e-05,1.52743921740224e-05,5.54540402439954e-06
"TCGA.ZJ.AAX8.01A",2.97672938125582e-05,0.000197474127813415,4.21104160633371e-06,0.724063548550925,0.0159307597719765,0.0835082851022876,0.0514764914996555,0.00935547823810738,0.107557082357378,0.00421486725029293,0.00366071017712606,1.32458901805587e-06
"TCGA.DR.A0ZL.01A",0.0115570064091869,0.0144304126263678,3.76796900300112e-07,0.616158534851516,0.0163676968364326,0.0449915866342307,6.58440660209794e-08,0.000239694326324615,0.00645445456335935,0.000462833495361027,1.98029427799219e-06,0.289335357321977
"TCGA.2W.A8YY.01A",0.00772677636781879,0.015041942276514,1.01106013580792e-07,0.81995672685937,0.0757181735752594,0.0457286477957878,0.0297991022860764,0.000105676828154225,0.00371193435932457,0.00220958616112968,1.31647047010502e-06,1.59140813069769e-08
"TCGA.BI.A0VR.01A",0.0386338929134611,0.059479261347178,2.12626361454137e-06,0.770443737604271,0.0451390422972275,0.0385429401468108,0.0314507888679201,0.00165056568269395,0.00635913226390508,0.00828674376586907,1.16110688403209e-05,1.57778208088289e-07
"TCGA.FU.A23L.01A",0.0187390547101896,0.0985411295152775,7.82069876680716e-07,0.303838161995737,0.0313186516540797,0.0445995367072097,0.0359261094230524,0.000324355113796092,9.03364052460325e-07,0.00619290017901357,0.0630110194344985,0.397507395833217
"TCGA.VS.A8EJ.01A",0.00259488289082472,0.0212274814429407,2.5682886314515e-05,0.546239386019497,0.033153272579181,0.115822830439373,0.00577890633726271,0.00011075795880466,0.000262930672607691,0.00162111226916279,0.173134360077991,0.10002839642604
"TCGA.DS.A0VK.01A",7.54792086467682e-08,0.00370092259907237,2.12546869507704e-09,0.873287432416032,0.0594323154803355,0.0542041031657301,0.0068713725725822,0.000251797350804099,0.00174791015043477,0.000503977424590175,8.26037556178767e-08,8.63198591711649e-09
"TCGA.LP.A4AX.01A",0.0048125272480537,0.11776077250158,0.040806556462156,0.52066856551851,0.131891466975632,0.0396115129110338,0.104111871264394,8.82015851941792e-06,0.0052855113906016,0.0350139985024629,1.97868176411796e-05,8.61024941597171e-06
"TCGA.EK.A2RJ.01A",0.0166046900716979,0.069236237727342,1.81749712319532e-08,1.31128603623042e-06,0.0702173293273755,0.0145947636492229,0.0362490733247202,0.000427287826883387,4.56684851377943e-08,0.0116396898206199,7.29270055497689e-07,0.78102882385259
"TCGA.JW.A852.01A",1.08941721449002e-07,0.0467500545244343,7.09800168746952e-07,0.895199281143548,0.0201654661677693,0.00954397233853006,0.0153489962903534,0.00333026307704951,0.00766977823296135,0.00173004502836116,0.00025999845322554,1.32600187736658e-06
"TCGA.Q1.A73S.01A",0.00100151264851682,0.0068585746549168,1.26909617807664e-07,0.206966826823865,0.0251160236166845,0.0303129407285377,0.0117899704559751,0.000155717245374853,0.00139808653539806,0.00013595142516335,1.31821435730036e-06,0.716262950741592
"TCGA.ZJ.AAXU.01A",0.0457606246675597,0.0647614809082149,0.00694670605344334,0.834837510598706,0.0142240649072688,0.0099561241932654,0.0103989440302244,0.00126494486910417,0.00518600415350303,0.00666237313560898,4.59749507943751e-07,7.62733593301945e-07
"TCGA.C5.A1MI.01A",0.0286117972234818,0.0863733690545394,3.637207726333e-05,8.21517645426703e-07,0.0653909000914428,0.191365783893496,0.0267180440050133,0.000736517673766312,7.32278899068158e-07,0.00337160829730449,9.0115574697509e-06,0.597385042329678
"TCGA.VS.A8QA.01A",0.000697920406055502,0.036712311424208,4.43528452594922e-08,0.878563269953654,0.0178370284747875,0.00159415262638154,0.00442183987192079,4.8706037710387e-05,0.00796362297565604,0.00312740098844576,0.000304810351829588,0.0487288925365061
"TCGA.EA.A5ZD.01A",6.93716053549128e-05,0.0400008294278157,0.000469985469861432,0.796943651664117,0.0483775489429297,0.0300896305023427,0.060528382749628,0.00108057550504981,0.0192506534607223,0.00318774969643413,1.54403644133864e-06,7.69393033323927e-08
"TCGA.XS.A8TJ.01A",8.76065377045589e-07,0.0145192672689128,1.0410570557526e-07,0.850861092573884,0.0422732890048596,0.0309066741713116,0.0260765397529725,0.0031381624341468,0.0299780345955782,0.00223842866280305,7.15172108765862e-06,3.7964336111188e-07
"TCGA.C5.A7CO.01A",0.00298243294884825,0.0199597454865582,0.0215570208148753,0.340929552338019,0.0179075504063998,0.0069181653513514,0.012276782455425,9.8887115793161e-05,0.0035666445405475,0.00131698885006234,2.41737533559779e-07,0.572485987954587
"TCGA.MY.A5BF.01A",0.000359032242721619,0.0746379433065328,1.22710678410784e-07,0.673466223996173,0.0330543499788155,0.00747523630807318,0.023486842721685,2.91407178421507e-05,0.00529793647168263,0.00832635470491952,0.000200018513494687,0.173666798327381
"TCGA.C5.A1BL.01A",0.0194840222340726,0.0672365476338415,8.7829663174853e-05,1.68687542333861e-06,0.0257053993840463,0.00637371899622153,0.0473559082027243,0.000151304602474107,5.25683119990377e-08,0.0061652041114438,8.26248314117093e-06,0.827430063245124
"TCGA.C5.A1M5.01A",0.00150957328959577,0.0840616748770183,0.000166894896561984,0.804211969064316,0.0504765789386659,0.0267301434877926,0.0191129321255855,0.0023171116132481,0.00755253420681564,0.00382447314332186,3.6111637845862e-05,2.71923245121784e-09
"TCGA.DS.A5RQ.01A",1.63325558252003e-07,0.000134964223273722,3.4968341251576e-05,0.864475770172739,1.37930021425431e-05,0.0172662262398202,0.0371182751022437,0.000438307313683067,0.0784402257372347,0.00207687658526827,1.48311229678438e-07,2.81645555646925e-07
"TCGA.JW.A5VG.01A",2.31428979414083e-08,0.00138288749770512,6.52342901709273e-06,0.731715164317158,3.31951059731503e-07,0.0535051431246492,0.0787299504181334,0.00383616356753465,0.11633845774921,0.0144813281077782,3.72697565625023e-06,2.99719199557456e-07
"TCGA.WL.A834.01A",7.24161718355601e-07,3.20949344102575e-06,4.87789891307988e-07,0.81466954090758,1.29876662346941e-07,0.0733767773288563,0.0383041317082241,3.27919912446521e-05,0.073601859062299,9.5067583659158e-07,9.36402445526842e-06,3.29797907399464e-08
"TCGA.DS.A1OD.01A",0.0625417232009945,0.389711488259347,1.74916631474312e-05,1.98971186474896e-07,0.0311660558049414,0.152576655443554,0.0767621355391223,0.00187592042427699,1.02757326143395e-07,0.02138505438639,1.29969347787681e-05,0.263950176614935
"TCGA.Q1.A5R1.01A",6.85531278940609e-05,2.19679788033087e-07,2.62156709183788e-06,0.586531682024937,2.56446076995767e-06,0.00779356070429596,0.0166064672997078,0.000977030052335905,0.0709023980342703,0.000311963043109983,0.316802933288113,6.71768562761191e-09
"TCGA.ZJ.AAXF.01A",0.0049556568504602,0.0517974464271658,1.91401255611451e-06,0.835779824061073,0.0510340296269526,0.0234454909287172,0.0184851049874271,0.00119193184805397,0.00973383740058577,0.00357449198037077,2.55357546314457e-07,1.65190913296715e-08
"TCGA.LP.A5U2.01A",0.00359989323268842,0.0326506242593167,9.23953264358831e-07,2.40279393818008e-06,0.0224784532700679,0.0136792870642032,0.0148795370438024,7.04343131379535e-06,9.10574184394514e-09,0.00484657827017551,4.5457762927645e-07,0.907854792997858
"TCGA.C5.A7CK.01A",0.00933934700704115,0.00534759679186199,9.02789912582874e-05,0.531620668110696,0.0453393726153795,0.0963453618168483,0.00228992460357758,0.000184604435174096,4.38591328070508e-06,0.000115989282600032,0.29466273833092,0.0146597321013618
"TCGA.ZJ.AB0H.01A",0.0709237502761547,0.0920854953001987,2.24298164582359e-09,0.309530389675014,0.0669440068112494,0.0482626740316924,0.0543650062693646,0.000997462143903431,0.00148882833056395,0.00675812400777204,7.08248462496463e-06,0.34863717842648
"TCGA.EK.A2R9.01A",1.53494099141141e-05,0.0480902492306247,6.55004536721512e-05,0.692908964026641,0.0209382878555399,0.135701139067566,0.04043794026765,1.82966203974746e-05,0.0492418225858988,0.0125744456051772,7.75975495340033e-06,2.45121966073429e-07
"TCGA.VS.A954.01A",0.0129718215748173,0.0371178717829676,1.70820359350532e-07,0.492272355021757,0.0256382463396973,0.0426750279901195,0.0166273296530026,0.000168309071219944,0.0049643786568714,0.00287016782321926,2.56437024871726e-06,0.36469175689572
"TCGA.Q1.A73O.01A",8.31552112882313e-05,3.13645339132257e-07,1.28040693080744e-06,0.799876067015667,0.000159783811767833,0.00735088026830552,0.0686686402875771,0.00132602726156279,0.116146938917148,0.00638602592664027,7.85967467266894e-10,8.86461806320894e-07
"TCGA.VS.A9U6.01A",4.07989090933078e-07,1.40467190169784e-08,2.0725664172461e-07,0.91260289958325,0.00694398989851275,0.018543918793576,0.0279120634841441,0.000908453696582061,0.0297186790105565,0.00336785728400312,1.46745866937642e-06,4.14982545088573e-08
"TCGA.EK.A3GM.01A",0.000604244543671315,0.00122873465351143,0.00238376827291914,0.405876749432148,0.0165411265553772,0.0209339410906392,3.51771600228995e-06,0.000832339631925874,0.00376190243471845,0.000744273643623806,2.25102316667507e-05,0.547066891793796
"TCGA.C5.A7CJ.01A",0.0168936504465372,0.0711768352825779,6.50496594013188e-06,0.690473703112074,0.114345397340068,0.0668486744310439,0.0268136919377409,0.00184087307076333,0.00720344171871554,0.0040757846457952,0.000320351773279234,1.09127546506026e-06
"TCGA.FU.A3WB.01A",0.0064094885849254,0.0187615765411873,0.000673454467983208,0.510252692719892,0.0701714153316436,0.0281680186768477,0.00381170622917184,0.000313075783372679,0.00436281015517816,0.00160130826499116,7.81830555043609e-06,0.355466634939256
"TCGA.VS.A9V1.01A",0.0103709243141414,0.00297592794400459,0.0108074252461174,0.92230405771978,0.0281540190462751,0.00872347648131177,2.22374370625974e-09,6.99058685031664e-05,0.0139837870266364,0.00215320276332716,0.000435279470407416,2.19918957518261e-05
"TCGA.C5.A1ML.01A",7.97495812643158e-07,1.37420989278921e-06,3.34070716225228e-08,0.85720169407458,0.00392867214901834,0.00451619497434641,0.0744287533914212,1.0747876877423e-05,0.0597696594335502,0.000138955775776936,4.20446599297789e-07,2.69676505261136e-06
"TCGA.IR.A3LB.01A",0.000436427272967866,0.0311234117515709,9.00767085821076e-06,0.850370245517879,0.053206834681099,0.046497182653811,0.00748585447913405,0.00105028856600227,0.00715290777427354,0.00245073802729582,0.000216683710881796,4.17894226199545e-07
"TCGA.VS.A9U7.01A",8.15651891329323e-09,0.0203224786641496,1.14606064583222e-07,0.916085864824822,0.00107459173952325,0.0118796778975717,0.0416201389670977,0.000698198377596889,3.8871474630234e-06,0.00831465868570608,3.52824071196214e-07,2.81094147274604e-08
"TCGA.EK.A2RK.01A",0.00734639516877934,0.0782627625582033,1.30491030766123e-06,1.77616727435938e-06,0.0231349648574634,0.0218546915699116,0.0281822948273392,0.000532198472867004,1.86987102705685e-06,0.00366032462365418,7.38999279698719e-06,0.837014026980376
"TCGA.C5.A905.01A",0.00185509789513943,0.0234493825200355,1.38884376565701e-08,0.686973499507656,0.0265580767274062,0.00588516595470815,0.00503250117288595,0.000263425005470477,0.00581204859170384,0.000969518584422971,4.74218950588777e-07,0.243200795933183
"TCGA.C5.A3HL.01A",0.000118609807588278,4.69304708343423e-06,1.2306694855363e-06,0.631598987025267,6.82666954263845e-05,0.00583198019233368,0.0796460230721479,0.00214136857890066,0.280127436916078,0.000459995464872159,1.61482771951709e-07,1.24704804566114e-06
"TCGA.C5.A1MH.01A",0.0418245374144658,0.11926614227349,1.135797194386e-05,9.43180380967112e-06,0.117479673881461,0.0293395083384603,0.134747242848199,0.000113172668657911,5.08488516979339e-08,0.00988747920282189,3.69638272424909e-07,0.547321033109566
"TCGA.Q1.A5R2.01A",4.09791454638828e-07,0.0518957673008215,5.26468276527983e-06,0.794108017277554,0.0231512871001297,0.0508212133106045,0.0600316609487216,0.00272002817325649,0.00789802857214392,0.00936824726069947,7.16582209964115e-08,3.9236278132176e-09
"TCGA.FU.A3HY.01A",1.78339283660057e-06,0.0114307707005944,1.04657446067949e-05,0.833467793511891,0.0218851155290238,0.0215112309365875,6.63213374873018e-08,0.000281519468907072,0.00976908007425907,0.000756456858588829,3.91895013546854e-06,0.100881798511232
"TCGA.EA.A439.01A",2.881427256071e-07,0.00273554087531882,7.23102186654398e-05,0.718070706685179,0.0430871344071882,0.18632515326035,0.0162874392378528,0.000392665513894849,0.0287922071672069,0.00261603523117068,0.00160803885725721,1.24804031907795e-05
"TCGA.C5.A7UH.01A",0.00687370161749179,0.0308015179361313,2.0701476266032e-09,0.796656762409311,0.0753478626589013,0.0322034438667262,0.0263152036794503,0.000295621598776856,0.00491948733173983,0.00254353779372703,0.0240418966506681,9.62386928448165e-07
"TCGA.C5.A1M7.01A",0.053784571662739,0.0397340820048865,1.28045880525805e-06,0.410186944174435,0.0566887845782781,0.014077063879159,0.00452648171552191,0.00130696537900512,0.00415594221029097,0.00112985907052083,0.000233472801008597,0.414174552065349
"TCGA.EA.A50E.01A",0.000292634659575248,0.0103373207131,1.52415573099663e-06,0.590976800720952,0.0627550237582629,0.0490506215768119,0.0204209597765975,0.000239393179333749,0.00116284188380273,0.000954844780316447,0.263792800897969,1.52338975472958e-05
"TCGA.VS.A9V5.01A",1.99414767393527e-09,0.00715697720980354,2.18837047683627e-08,0.900938343110457,0.0480956220000702,0.0123307477722415,0.00246689188388637,0.000873882382631445,0.0204184969735525,0.000511886716789147,0.00720548244689728,1.64562581888516e-06
"TCGA.BI.A20A.01A",0.0162413498644909,0.0707685991268571,0.000104247630300821,0.782060568598671,0.0415335229676074,0.0364066862048148,0.046419220708425,6.49610693396089e-05,0.000863491653408825,0.00552047907458378,2.68785733822403e-06,1.41852441625642e-05
"TCGA.C5.A2LV.01A",1.71400642841385e-07,6.41474088452962e-06,3.20487047644547e-07,0.713953581646585,6.71777027397767e-07,0.00622718494282391,0.130028978959455,0.00119381113866912,0.136252514938042,0.0123332048662924,1.38857842010961e-06,1.75652410962745e-06
"TCGA.C5.A2LZ.01A",0.0140911865014303,0.051405899529898,2.21884816008015e-07,0.855980178106909,0.031509999094991,0.00753811123294266,0.0153487091968711,0.00163245774859551,0.00707346733055979,0.00464899561264227,0.000328565558745579,0.0104422082015983
"TCGA.Q1.A6DV.01A",0.00805251655282441,0.0216267803860513,8.53600397851331e-06,0.925626047600924,0.00995377884788245,0.0111457956897415,0.000590106300013543,0.00181477298237412,0.0194952292188457,0.00162440296303799,6.16105365319258e-05,4.22917794694779e-07
"TCGA.EK.A3GN.01A",0.000241228015407194,0.00238877884851545,1.7682933220852e-05,0.212238733523515,0.0105126472555635,0.0152298375724578,0.00155960985778573,0.000417367898791515,0.00259131533645804,0.000223566589191497,2.03452862326546e-06,0.75457719764047
"TCGA.ZJ.A8QQ.01A",5.06739764461235e-07,0.0114884779608234,4.45270775003061e-05,0.869012813043301,0.0378689308164849,0.008688829166524,0.00894046952126436,0.000258184609854641,0.00654463395086445,0.00127931486783585,3.19936352867702e-05,0.0558413186104956
"TCGA.LP.A5U3.01A",0.00268103557069324,0.0415404658911888,1.40878812105572e-07,0.374683401353483,0.0178023217672057,0.00725737618945631,0.0227215407038419,9.7664086733001e-05,0.00125552457795329,0.00480849449717789,1.951103376272e-07,0.527151839373117
"TCGA.VS.A94Z.01A",0.0582311606661613,0.323966070782433,2.48814214570707e-06,1.13004361205281e-09,0.0550318498963871,0.0158771223056368,0.119965152288664,0.00093648776225489,2.16394381323293e-07,0.0395815707502912,2.71663014637328e-05,0.386380713580137
"TCGA.EK.A2PG.01A",1.35734609874107e-08,1.77984642773662e-06,7.9348499543546e-09,0.896976907708155,7.18147277614877e-07,5.38898384210502e-06,0.0152341591878097,9.39462199068259e-06,0.0863465864493019,0.00142501745346418,1.22039683147136e-08,1.38894517314576e-08
"TCGA.DG.A2KL.01A",2.15725652185755e-05,0.000301801724031945,2.06635134112494e-05,0.765320152097744,0.0612713345818108,0.121483408818578,0.0303479540244875,0.000838370114027547,0.0188608572791668,0.0015128373321827,2.53970208401587e-06,1.85082472574287e-05
"TCGA.EA.A6QX.01A",0.00888089131499509,0.0426777501973411,8.68121404261158e-07,0.850270469349026,0.0319739800031946,0.0208577945320396,0.0282121046087144,0.00127698925859634,0.0111633845005284,0.00465548840917953,3.02595627721553e-05,2.01422083083884e-08
"TCGA.VS.A9UT.01A",0.177833540997905,0.255117515269198,3.88829217354164e-05,3.81039590491169e-07,0.109902614161632,0.076770230682733,0.329737648080494,0.0003406508143998,7.88726593194606e-09,0.0502552052960138,2.68434255414016e-06,6.38506478238074e-07
"TCGA.C5.A8ZZ.01A",0.00433063136584169,0.0121518599282925,4.91360022990816e-06,0.299383280700033,0.0595034675691299,0.159144648724996,0.0122009087261294,0.00218428323272524,2.1702624683062e-08,0.000287673847506929,0.295783710084302,0.155024600518189
"TCGA.VS.A959.01A",0.0766532251315147,0.0553490030168238,7.19934681667454e-07,0.737521525873906,0.049145217746957,0.0264208676825315,0.0244381146472814,0.000393761888652438,0.0272518788880117,0.00282274398695137,1.41165953866775e-06,1.5295431499759e-06
"TCGA.VS.A950.01A",0.00326855459703654,0.00351956011219631,0.00221311775370541,0.842602958138744,0.0741525776194259,0.0542566920052723,0.00616142174996582,0.000294112230650017,0.0123732521351577,0.00115691320490137,7.72332408954543e-07,6.81205356354292e-08
"TCGA.VS.A9UM.01A",0.0303799361004817,0.0650999219534958,3.26873404895565e-06,4.31691584684953e-06,0.0648441998301899,0.0252306554822829,0.0401707428715502,0.00105162680765523,2.22395702410805e-07,0.0046205586535344,2.99693169141125e-05,0.768564580938298
"TCGA.DS.A0VM.01A",0.00376909393453552,0.0353262603911052,9.6485936868568e-09,0.500805677387071,0.0392135175018083,0.0729337301195486,0.013797818475703,0.000305937506741928,0.000422156383352753,0.00197796302268098,0.331439796810405,8.03881845368737e-06
"TCGA.VS.A957.01A",4.52118231809234e-05,0.0107137785958834,2.81108946575193e-06,0.875493620024932,0.0297306341328977,0.00400630247679455,0.0025290816328077,3.85262515660332e-05,0.0147900516093367,0.00157229347182188,4.62705340934332e-06,0.0610730618379041
"TCGA.EA.A3HR.01A",0.000854755883361865,0.0155878642018921,5.08272954381096e-07,0.532719323021698,0.0461091804215351,0.0371882020124364,0.00581411369716033,0.000437770782563384,0.00337310967298796,0.00125813694309975,4.11661988055787e-06,0.35665291847043
"TCGA.C5.A2M2.01A",3.33059638713779e-09,2.73089052498469e-07,1.94842148264538e-06,0.931413005876068,0.00662826049140229,0.00845407733582527,0.00424144969126569,0.000114065976624547,0.0480260172904666,0.00106655211526699,5.43275657983043e-05,1.88161507833244e-08
"TCGA.VS.A9UV.01A",0.0172791109108671,0.0116684636330904,3.57256601389822e-07,0.264269023990138,0.0360285634659548,0.0106631139804562,0.00656181695714154,0.000575806031197521,0.00287897681686266,0.000882665442406285,2.27926910612397e-05,0.649169308824223
"TCGA.EX.A3L1.01A",2.58005288138056e-09,8.21038095861264e-07,6.69398410561939e-07,0.819698013509369,0.000583926993046873,0.0953319008216422,0.0436736500854425,0.000164852036766021,0.0401777911485214,0.000368072758751215,1.9328824216321e-07,1.06341659012528e-07
"TCGA.VS.A9UU.01A",8.07733121123048e-08,4.55675814880414e-07,2.02269279071594e-07,0.940957992698903,1.22857204226573e-06,6.74706552398636e-05,0.00687787915102374,0.000155346640937085,0.0507754640620157,0.00116364560732097,8.11739849154052e-09,2.25776712900275e-07
"TCGA.MY.A5BE.01A",0.000942732721483266,0.603610602091314,0.0414930496259709,1.49324322659647e-05,0.00138540106805842,0.0213183933370883,0.232938581546063,0.00323826260415365,0.000104917339332089,0.0930909906819761,0.00185690536128267,5.23119101098974e-06
"TCGA.VS.A94W.01A",0.0315740253076153,0.136377411765717,8.3521363230287e-07,4.03706310296199e-07,0.0512846490613235,0.0135072578305202,0.0707393663972057,0.00156764258790242,1.21624054175383e-07,0.00611892203776894,7.39480694500357e-07,0.688828624987255
"TCGA.C5.A3HD.01B",7.28932668235431e-07,1.05699310481681e-06,2.02058856048666e-07,0.85517307067541,4.24765541670294e-06,0.00294706353063454,0.0135214092213085,0.000852320575104681,0.126559164020003,0.000191918267670979,0.000748609804360094,2.08265461835559e-07
"TCGA.JX.A3PZ.01A",0.000237776334151945,0.00940064011987327,3.54490998620933e-06,0.798385498354598,0.00804235460395145,0.0880776866568605,0.0547054619182513,0.000385994213979291,0.0303983895906359,0.0102831116502635,7.89280413360432e-05,6.13606112041782e-07
"TCGA.IR.A3LA.01A",0.00200467008909228,0.0247810808090147,6.55821328441489e-07,0.555384805791599,0.0221105935637473,0.0305975192710557,0.0121169799918926,0.00010492871932608,0.00309301408421929,0.00106653415026841,1.16188225918895e-05,0.348727598885865
"TCGA.C5.A3HE.01A",0.0134102096750131,0.0867900156482857,4.80298903424653e-07,0.146522274684581,0.0740820276044562,0.0103901565847669,0.0152244388667751,0.00349433918442846,2.13747101547907e-07,0.00790891075733942,0.256564396316241,0.385612536632108
"TCGA.Q1.A6DT.01A",4.42125319493824e-08,5.56238840985954e-08,1.48860914345384e-08,0.959443448133799,0.00994169880668223,0.00815850068896002,0.0116066757427886,1.36585539776783e-05,0.0106273708852447,0.000208437865498028,6.91125834113437e-08,2.54879592278395e-08
"TCGA.C5.A7CL.01A",3.86391025413104e-08,1.33437481167857e-07,1.3125352329173e-07,0.842823279152464,0.0462358080573557,0.0367623882531052,0.0154945504881407,0.00198582083792332,0.0560563434328365,0.000638194640262459,2.77398525134879e-06,5.37822553852928e-07
"TCGA.IR.A3LK.01A",0.0058722846159792,0.0372234150313152,1.9479353611956e-07,0.146184860954191,0.0336434036261333,0.20575148114367,0.0427321246438939,0.000767734085968599,0.000176096053706448,0.00438896945001552,8.51725665200454e-08,0.523259350429024
"TCGA.MA.AA3X.01A",1.40875409791101e-05,0.0154131514644343,2.54730992313453e-06,0.791901115192618,0.101727513648072,0.0235347591686325,0.0592347598366942,2.99840824688859e-05,0.00405785053164923,0.0040617679190306,2.18662925686513e-05,5.97012929265927e-07
"TCGA.C5.A7XC.01A",1.41224828477146e-05,0.00585894371506697,1.55881005154817e-06,0.813506083378551,0.0351300954002421,0.0316831167666206,0.0250896434436186,0.00309658860959946,0.0770272641624076,0.00858634241546273,5.35366164611426e-06,8.87153885548805e-07
