"","cellFractions.B.Cells","cellFractions.CD4.T","cellFractions.CD8.T","cellFractions.DC","cellFractions.Endothelial.Cells","cellFractions.Fibroblasts","cellFractions.Macrophages","cellFractions.Mast.Cells","cellFractions.Monocytes","cellFractions.NK","cellFractions.Neutrophils","cellFractions.otherCells"
"TCGA.32.2616.01A",0.00304119946426286,0.00500433287773473,0.000778631142341188,2.03814416285628e-07,0.104993324733799,0.0174957076401505,0.0624271589259848,6.33433484267264e-06,8.96076479850124e-09,2.8290161648763e-05,7.2080492441626e-07,0.80622408713913
"TCGA.32.1980.01A",0.00731541737152746,0.00691424648612742,0.0103774540032192,3.30398626997197e-09,0.15948484806267,0.0291971796210747,0.116150976411749,4.10726636948208e-09,1.82860217591455e-05,0.000159846812279454,7.81765514489183e-06,0.670373920143195
"TCGA.28.2514.01A",0.0031185120024834,0.000901150291991467,0.000181158066028665,2.78423650174868e-08,0.0937724321035344,0.0420184416440153,0.0328631813826286,1.41973026732665e-05,8.83238771352313e-08,0.000393171275406069,5.14848258545381e-07,0.826737124916738
"TCGA.06.0644.01A",1.1061441355792e-08,6.18383657667718e-05,7.03605933276666e-07,0.663021737126887,0.0671490351088211,0.0444948711321607,0.200876714407624,0.000128028094680663,0.0241859824902084,7.97703976547515e-05,1.88732253275285e-07,1.11947656824063e-06
"TCGA.06.1804.01A",0.00578062046180014,0.0022772226417179,2.54630100979143e-06,2.86799583408693e-08,0.041640074271958,0.00814185584350828,0.032014460821968,1.57941709209489e-05,2.13999077885319e-06,0.000810875798906583,1.83563110273465e-08,0.909314362661162
"TCGA.41.2571.01A",0.00270905123630997,0.000990200455406603,0.00071810648198836,1.95668582962235e-06,0.0612356216092862,0.0251837542165501,0.0486584967535152,3.10138610338859e-05,3.63939774368697e-07,0.000432209798895727,5.79634264055888e-06,0.860033428618769
"TCGA.19.2619.01A",0.000110424318923828,0.00095912558211799,1.98538801351354e-05,0.491705890807356,0.128303831677578,0.0221420182038752,0.0201641486183384,2.03598450105031e-05,0.00406922719035223,0.00040926277364874,1.96804247583714e-06,0.332093889060188
"TCGA.27.1837.01A",0.00568934966056668,0.0025553033647294,4.8108847257566e-06,8.27264984241139e-08,0.0711322210458098,0.0191498013754115,0.0553871607023965,2.5983458370696e-05,7.91031922298727e-10,0.000332041343863564,1.77622022672876e-06,0.845721468426369
"TCGA.27.1832.01A",2.0469786960541e-05,0.0125616661644606,0.0084149629606608,5.22894477985816e-05,0.0488975557294346,0.0552221839485737,0.145371067645685,4.43267009057731e-08,9.59848220840265e-08,0.00108904253913164,8.96616909920601e-07,0.728369724848862
"TCGA.06.0686.01A",0.0019478612412391,0.00146444410794342,0.000189916330416913,4.83703765707708e-07,0.164817612894471,0.0362238070701478,0.0851608946958384,9.36431329225932e-05,7.50200360793934e-08,0.000146586707317565,0.000338853491965237,0.709615821603936
"TCGA.06.5856.01A",0.00472833961563065,0.00240760415784947,0.00221812379342408,2.91758832575468e-05,0.123408248595761,0.042967092807852,0.0933891159600941,1.583284065239e-08,8.82814844289894e-08,8.87930327743745e-05,8.87327796185857e-06,0.73075452876107
"TCGA.28.1753.01A",1.6151150040156e-07,9.09894598805677e-07,0.000738576440733021,0.464331745283291,0.240550767788616,0.0937532852860428,0.144007741575532,0.000359544034605792,0.055053704459523,0.00108338658199132,0.000118108407001734,2.06873656311213e-06
"TCGA.28.5218.01A",0.0246413984236412,0.0882945973440654,3.51300231390766e-05,5.54998762861345e-07,0.345996918725416,0.0824251473506898,0.276301560114428,2.96497135006901e-05,4.51508986323599e-06,0.00732913514317789,6.78912820360982e-06,0.174934603945112
"TCGA.32.1970.01A",0.00404275378490092,0.00348501061598319,2.97511868021489e-05,1.08251022990129e-06,0.0619688327134754,0.0179098038871748,0.0423463587024068,6.21988014973341e-05,2.65665166192986e-08,9.41270368193458e-05,8.88271218796964e-06,0.870051171482006
"TCGA.28.5204.01A",0.000424656278441259,0.00486825623833916,1.14653683809856e-05,9.23590368643235e-07,0.131169734519819,0.0241874646191977,0.0692866253422555,7.61488073756212e-06,9.45387625133007e-07,0.000298268266948176,1.08305841336901e-06,0.769742962449473
"TCGA.12.3653.01A",0.000510236679673646,0.000216183291253087,0.0113381613878241,6.67799508869527e-09,0.058160457298475,0.0141152368289028,0.0796720848981637,0.000144632492871603,1.02931667967177e-05,4.46285899862528e-05,0.000284401917895152,0.835503676770163
"TCGA.06.0187.01A",0.00283837286502579,0.0020284835097547,0.00146413664049829,3.32346752771916e-08,0.0979455505737109,0.057956444376918,0.0720803970503028,6.97806698963565e-06,4.83365400261936e-08,0.000107824066914035,5.94887985453402e-07,0.765571136390685
"TCGA.19.2624.01A",0.00103741844911116,0.00180150157430348,1.53730232710319e-06,6.97402407843993e-08,0.04965669587717,0.0168060748873002,0.0201656131741308,7.01225017017676e-05,1.28242074860363e-06,0.000236760162638055,3.10816954709195e-06,0.910219815740781
"TCGA.12.3652.01A",0.00113416495655627,0.0050793587098682,1.30352988070252e-07,0.184040268395513,0.0420841594869955,0.0248606223545184,0.0362148679412162,4.4628617381812e-06,0.00108696740884516,0.000157545419206479,1.70672807379246e-06,0.70533574538448
"TCGA.12.5299.01A",0.00016603838876849,0.00191048405214652,2.06205906655426e-05,6.80849715239365e-10,0.0697729071831053,0.0588167138064725,0.114159672455503,5.37971311438392e-05,1.70860827975001e-07,0.000104083329838436,0.000196845152173714,0.754798666368505
"TCGA.06.0749.01A",0.00493749251476304,0.00385448190476183,0.00208413313674654,1.67378209688563e-06,0.0341777276311329,0.0103957957814748,0.121410178835928,4.66092189413097e-05,5.78545519137278e-08,0.00412888996805702,8.69139913432042e-09,0.818962950680147
"TCGA.06.0158.01A",0.00551563658931239,0.0070190596104142,1.21361356392264e-05,1.99570023596012e-07,0.11998554424387,0.0417175791041501,0.065790935599937,6.57305551689864e-05,2.95451985778547e-07,4.18349391685345e-05,6.63908129544102e-07,0.7598503842922
"TCGA.19.1390.01A",0.00201418750210769,5.57424889536328e-06,0.00020470203590563,0.305413663358501,0.074394709458653,0.0242628474475242,0.0336746324871343,2.14907267713947e-05,0.00436465668435343,0.000130311344504607,2.935343545395e-07,0.555512931171295
"TCGA.28.2510.01A",0.00304776328809329,0.00438299809561692,3.46522838672586e-07,0.0649425265851139,0.0681721995861626,0.0492949965305247,0.0320806269634846,6.85907801281515e-06,0.00155484481343017,0.000467343158413237,4.7966540409984e-08,0.776049447411769
"TCGA.32.2615.01A",0.00210837072795701,0.00915412810091861,0.00181197206342047,7.76745503369858e-05,0.0729554635268836,0.044806952745184,0.0760820183715153,1.92060719228152e-07,9.00848945745349e-08,0.000645342413018512,6.70796892074558e-07,0.79235712455826
"TCGA.76.4929.01A",0.00298985127120408,0.00224745301308063,3.81546673279894e-05,0.0235235128330745,0.0874542840814983,0.0240227750970079,0.0836976594412406,4.23721405767273e-05,0.000497645732604846,0.00034376361265135,2.88219384753767e-06,0.775139645915886
"TCGA.06.0178.01A",0.00801169433960943,0.00117019807176102,0.00606127701807744,3.85972250594626e-07,0.0142546708983776,0.0174027639085469,0.0867976444900622,2.59197779175995e-05,3.25539784909976e-06,4.2910493340876e-05,1.16471481356687e-05,0.866217632484072
"TCGA.41.5651.01A",0.00221557717707542,0.0030308110774138,0.000328425325536683,2.10432727731333e-05,0.111437568106509,0.0166746268628016,0.0268734998116177,5.71673514602596e-08,9.72842535885053e-08,0.00142771901878497,6.4187197514303e-07,0.837989933023907
"TCGA.14.2554.01A",0.00131674167452234,0.00656913753823295,0.00223556454856203,2.78000597385977e-05,0.0494245991348356,0.0382213307565426,0.111465770663548,1.92391853162129e-06,1.38435641713827e-09,0.000126658361223987,3.23452708278438e-08,0.790610439614635
"TCGA.06.2559.01A",0.00375937926893244,0.00277602251004661,8.12913464307012e-05,2.5962822697327e-07,0.0816713729143124,0.0662408279159744,0.0491537312589451,0.00013436816939147,3.39628845880806e-06,0.00081818311053754,2.75910509406847e-06,0.795358408483649
"TCGA.14.0787.01A",0.00370011862795587,0.0064654870922476,7.04595268578426e-05,3.05409334324634e-06,0.0471982332861855,0.0295202107321424,0.0620294388572868,6.75022093748498e-05,2.33949465048972e-07,0.000538858383774408,3.61632259719505e-06,0.850402786918769
"TCGA.12.0618.01A",0.00243572297757668,0.00100931663901009,8.37004728861521e-05,1.439737246411e-07,0.0479192315693923,0.0112583738023518,0.0379421995004155,7.11385550689427e-05,1.31942509035061e-08,0.000143194276172674,7.68107440049519e-07,0.89913619693171
"TCGA.14.1034.01A",0.00339097878209801,0.00460341225726026,0.00120923902232877,2.51664264207798e-05,0.0942327003604289,0.0467327506472504,0.115568380172341,0.000165100652508618,7.30879421814036e-08,0.000100652398336658,0.00021071303920213,0.733760833153883
"TCGA.06.0743.01A",0.00391922847627817,0.00750775426388293,0.000555136616390725,1.08656323598729e-05,0.0507017430907143,0.0136488955850155,0.0415725730354355,0.000258341166244156,2.68145955231624e-08,0.00157347082607195,2.06541300027632e-06,0.880249899080011
"TCGA.16.1045.01B",0.00434907704773867,0.0216920133190929,0.00387682669003837,4.07456430947405e-06,0.170338551362224,0.0546579070058297,0.321596297581659,0.000760717398985964,1.31945719147637e-07,0.000506747221316617,2.91899710815864e-06,0.422214736865978
"TCGA.76.4927.01A",0.00406762350404942,0.00757495353186057,0.000286192084063058,4.67996950170585e-08,0.214157756696218,0.095123170276183,0.126806332238911,0.000156953794237691,8.01204893356189e-07,0.000122528491946737,0.000220200494450124,0.551483440883493
"TCGA.32.2638.01A",0.00296391567645326,0.00885231135250846,6.95929230783954e-06,2.57052107464987e-07,0.227648823641895,0.0914119998822413,0.0990822658723969,1.29988210702926e-05,1.06507858455311e-06,0.000233810385004536,3.19401832591986e-08,0.569785561005247
"TCGA.14.1825.01A",0.00125861286300407,0.00260969863665701,0.00022202685583549,4.34728300295165e-06,0.0892277711435873,0.0246110859993511,0.0432299301652857,4.90232842557025e-05,3.37850444636368e-09,3.58465129138151e-05,5.20408735837384e-07,0.838751133468867
"TCGA.32.2632.01A",0.00815609554504074,0.0112896117268549,0.0197299218169099,1.34906826210785e-08,0.0939081284916324,0.0191587644216611,0.193003238665248,0.00139569038597655,4.1058583518905e-06,0.00140890229889496,2.73685956981336e-06,0.651942790439178
"TCGA.14.1823.01A",0.00574309110045943,0.00746931497160457,1.23146423788867e-06,4.57265956185021e-08,0.0273798417855685,0.0218388345377203,0.107454940959179,0.000815115188953731,2.48531663231068e-05,0.000954523380298804,1.85995786845355e-06,0.828316347761191
"TCGA.12.3650.01A",0.00161531197467026,0.000115532678123147,0.0053106995037964,6.01492619520791e-08,0.09313702973345,0.0260023442511541,0.0876324542069206,3.90877083943368e-06,5.14677162770935e-06,7.17536065782206e-05,1.21124201214381e-05,0.786093645933457
"TCGA.06.0211.01A",0.00275599601063993,0.0179302738097221,3.95695805597448e-05,6.98051298629736e-10,0.111512255187281,0.0534588759944237,0.104340072505308,5.33638274051176e-05,6.46407440885325e-08,9.3342953513278e-05,9.75162557676539e-05,0.709718668536584
"TCGA.06.0238.01A",0.00540902185568673,0.00397373884005252,0.00973650645541741,2.22566782939571e-06,0.0153588293310443,0.0250836116914488,0.147119666528636,0.00077372870126091,1.92905685697755e-08,0.000619999462661308,2.70200854424427e-07,0.79192238197454
"TCGA.06.0184.01A",0.00655901164540287,0.00329307730020407,0.000217199924566741,5.51593728712349e-06,0.0884428768271292,0.0569726871940826,0.222106121236417,8.78950364888834e-06,5.43087946631328e-06,7.46857387975212e-05,3.83632220968312e-05,0.6222762405909
"TCGA.76.4925.01A",0.0019621230782081,0.0027250627508042,6.08999145832561e-06,0.0909412013138333,0.114952448222347,0.0296873105862918,0.0344742727916178,3.15071257671192e-05,0.00153654243747472,0.000306787748600026,4.28604134616587e-07,0.723376225349463
"TCGA.12.0616.01A",0.000115245692095086,0.00441610196982583,0.0138430601713351,2.17430799593128e-07,0.0357779264840469,0.0125600543557984,0.0929212482427027,0.000519253943946898,2.6494065937766e-06,0.0010883362465538,5.54725062206857e-06,0.83875035880568
"TCGA.26.5132.01A",0.00147733996712264,0.00846116616899428,5.155763413255e-05,9.58972253513452e-07,0.104359899241206,0.0414036868059668,0.0628594771737015,1.98195348505457e-05,2.63234008447591e-07,0.000768234029042274,1.05914981692632e-05,0.780587005740552
"TCGA.02.0055.01A",4.1614426370453e-05,0.01448160521305,0.000390213204431509,0.0091531624233759,0.0266227044604724,0.405724656263065,0.22401378108595,7.84730903542457e-07,0.000615659130065052,0.00114648354252459,0.317799396554617,9.93896517445827e-06
"TCGA.06.0132.01A",0.00468144288616559,0.00732592736937657,0.00100427175469329,4.72119920306002e-08,0.067237976103936,0.044693977734899,0.292315142926914,0.000506646844334224,1.77408789626098e-08,0.00246712442877727,0.000184842770678138,0.579582582227355
"TCGA.02.2486.01A",1.04527154191558e-05,0.00990502908719588,0.0272008951888261,2.04515435840216e-07,0.000393421557430334,0.221472760422833,0.500034172683174,0.000561899529620678,8.01458596510254e-06,0.00422109537951403,2.52736664129999e-06,0.236189526967945
"TCGA.19.1787.01B",0.00228186240253777,0.00421254127607388,0.00318820559668977,2.87737239770267e-06,0.0711212671396408,0.0313649341023591,0.0840329534810313,6.51579792852151e-05,7.87423157583852e-06,0.0010218174509116,6.54212659600345e-06,0.802693966840901
"TCGA.06.0211.01B",0.00479421214039634,0.00236856115082299,0.00196523503653778,1.38476147308258e-07,0.0768214195615068,0.0190584836213415,0.0591883617238673,2.7004264257159e-05,2.25153151509389e-07,0.000127783783085353,4.65601075268217e-06,0.835643919078133
"TCGA.06.5859.01A",0.00483165991315504,0.0103802600171772,0.00137087997710156,1.15137294369119e-07,0.0235541048265088,0.00883783141121036,0.163389192998091,0.000516688071195122,4.06464314185291e-08,0.000538092607516865,1.30493054505838e-06,0.786579829463773
"TCGA.06.0139.01A",0.00661454061421935,0.00124235362758898,8.830087008099e-06,0.00144581484567763,0.00411905788863523,0.000879666946362593,0.981855130667416,0.00198121500709831,2.60831587954832e-05,0.000750781676321355,0.00107483864762026,1.68683325712106e-06
"TCGA.06.0157.01A",0.00556927520620081,0.0108795729390372,3.06427083204064e-05,1.93651729468286e-07,0.0745866508562415,0.0243315476693743,0.0710226173756921,0.000285668983153574,4.27297069317915e-08,0.000781265879332551,3.84170633263338e-06,0.812508680294879
"TCGA.12.1597.01B",0.00255670375737806,0.000636701480340179,0.00111932680798297,5.51606688189375e-07,0.0876463514064921,0.0264550363464381,0.0785288450197979,9.81572884662542e-05,1.69872060158779e-08,0.000179669310821414,1.04427809119023e-07,0.80277853556058
"TCGA.76.4931.01A",0.00250482480773789,0.00205474185386737,1.41121006012248e-05,0.214537790015781,0.051393127128654,0.0191383593447287,0.0301866717956811,4.05471764027449e-06,0.0025140584519906,0.000410583505868902,4.85349226468618e-07,0.677241190928222
"TCGA.06.5417.01A",0.00286960479704996,0.000848841638284698,9.72516088745939e-06,2.00591928511252e-08,0.0529535870609756,0.0172460699214809,0.0324160219386443,6.92242304143837e-05,1.09970728947762e-07,0.000198406745013739,5.55838981532111e-07,0.893387832638346
"TCGA.32.5222.01A",0.00446716135951606,0.00382881853297354,0.000160224278434256,2.7969388840153e-06,0.0554402327416911,0.0367971799081361,0.0881677584601825,0.000202191653375316,8.88758318669221e-09,0.0014393755379665,3.81644998095536e-05,0.809456087201448
"TCGA.76.4932.01A",0.00272906822281709,0.00113531374332782,1.54839459414573e-05,3.40302329269694e-07,0.0590777815953098,0.0171076363268418,0.0476830901587967,0.000273553731998214,3.20709825849617e-07,0.000230749139321454,6.64022092388077e-06,0.871740021902567
"TCGA.28.5208.01A",0.00450041069154466,0.00674633551630756,3.18582024600929e-05,4.77589344134005e-05,0.124964419207203,0.0551220107879894,0.0910460952384512,7.51128268641575e-05,9.03579876896553e-09,0.000340574318376542,1.41887143309656e-05,0.71711122652626
"TCGA.02.0047.01A",0.00182067858683265,0.00341112590862825,2.76287001189402e-06,3.22125148932985e-07,0.141534585560486,0.0278593582744012,0.0796350273419008,2.42023762928044e-05,1.75610306203614e-06,0.000143334681791013,8.02316529132096e-06,0.745558823006153
"TCGA.28.5207.01A",0.00433212991563305,0.00356540481396008,0.00446350416577365,3.40966664782432e-05,0.145854852204087,0.0253185994651825,0.0626879908595557,7.80916346864467e-06,3.53512713076438e-07,0.00052662331127108,2.54066633752238e-06,0.75320609525554
"TCGA.28.5220.01A",0.00357557617283105,0.00639450984369429,0.000167850101289581,1.06415239265248e-05,0.0251171669763459,0.00510594869929905,0.0679739859248128,6.25130376200653e-05,4.51149038448383e-08,2.53852787768305e-05,2.00740247913059e-06,0.891564369924021
"TCGA.06.0744.01A",0.00337250085183141,0.00425606025932807,5.48101028996103e-05,6.83770608227667e-07,0.0700508239750987,0.021645411528675,0.0353928963644527,7.55436126884569e-06,1.41849586240322e-08,0.000530071717066612,2.37711222570111e-08,0.86468914911269
"TCGA.27.2524.01A",0.00334693144620822,0.00637785370061757,4.02257296256714e-05,1.18260995919358e-05,0.102650420988662,0.0631869335071733,0.0847762387088416,1.44583988089415e-05,7.67227421590213e-08,0.000103159876144868,4.28512766325187e-05,0.739449023544951
"TCGA.06.0745.01A",0.00162448581534461,0.000590684416871469,0.00733717955578464,1.22555406573702e-08,0.141241377920608,0.0379817259644077,0.113780671071766,0.000108907536801564,4.78814546906972e-07,7.39354783741408e-05,2.23416552219048e-05,0.697238199514733
"TCGA.16.0846.01A",0.00147538960895668,0.00337560825937785,0.0152349497414381,5.09233324329827e-06,0.0355294702449008,0.012768992458737,0.149666662610214,0.000304493819023458,3.74884742315134e-08,0.00102797523904685,1.25462980337792e-07,0.780611202733607
"TCGA.06.0882.01A",0.00526596931990444,0.00527916004016021,0.000107654372324569,2.39852709426225e-05,0.0648378797542382,0.0367887496628268,0.131805317651843,0.00010300862410207,1.73354916705846e-07,0.000687465100061514,1.03787609132457e-05,0.755090258087767
"TCGA.06.5411.01A",0.00471716644440171,0.00369113893036961,0.00212605878909346,6.81132375154891e-07,0.107306810050753,0.0466103415909872,0.0864479748089207,1.296521228141e-05,1.65313253564089e-05,7.28749494747029e-07,5.22989726381197e-06,0.749064373068703
"TCGA.27.1835.01A",0.000220757069493004,0.00209048437595948,7.56806947138559e-05,0.382810412551238,0.0670128634456516,0.0196365502535544,0.00640643858492008,3.64091552143176e-06,0.00303318463644021,0.000807764575108903,9.57898476147682e-06,0.517892643912638
"TCGA.28.2513.01A",0.00356326638325816,0.0127275427636562,2.63589087726654e-05,4.06521002241012e-07,0.144268170593298,0.147387574539685,0.202831152947198,8.61955135332389e-05,4.04713394769055e-07,0.000814253819636962,3.06554540641893e-05,0.488264017842501
"TCGA.14.0781.01B",0.00309952452628593,0.0030149109396485,0.00307347401750816,1.11096328152238e-06,0.192135032150082,0.141032967994337,0.120384340191224,2.89898853507875e-07,7.24869927532436e-07,5.1511838895569e-07,1.21056834380076e-05,0.537245003647026
"TCGA.14.0789.01A",0.00854649097544877,0.0162207132896469,0.000242462800786972,0.236701108620878,0.118089917960019,0.0418503570669063,0.207679933699088,1.46963058263502e-07,0.00322643497715737,0.00058669063186389,7.09514996603124e-06,0.366848647865181
"TCGA.06.0141.01A",0.00541544531450282,0.00674617373375923,0.0107763612069823,6.76315057908397e-05,0.0490167405457713,0.0253214573898684,0.178136247833372,4.21439370666803e-05,5.54667967706848e-08,0.00128824922590341,4.12737549441708e-06,0.723185366464692
"TCGA.06.2565.01A",0.00429207898546206,0.00660579255082216,1.20854308139456e-05,3.71825301632464e-08,0.131046118739098,0.0209159075984475,0.0472984955583758,4.88957799528699e-05,2.13153908107403e-08,0.00024263213269608,1.76062826743112e-05,0.789520328443736
"TCGA.28.5213.01A",0.00643582460623586,0.0336512541002013,0.000627016958254189,0.000105632361009293,0.0689633883550598,0.287978614442037,0.486018650777126,0.00065399538357507,3.77858857847056e-06,0.00331851144586447,7.41085727927414e-07,0.11224259189633
"TCGA.06.2557.01A",0.0328369013891792,0.0289060645074367,0.00036348522093399,4.60832260224285e-06,0.0553184410381298,0.0144122809826696,0.155131028789118,0.00104326610503289,2.79937610194218e-07,0.00351170724604842,7.52382298722883e-06,0.708464412638252
"TCGA.26.5133.01A",0.0034855837164143,0.00221332987415258,0.000630765284747386,0.0565555939446889,0.174822808104205,0.0172740307379509,0.0372380907263955,4.68401934669623e-05,0.000708025270464101,0.000243722709915376,2.92550036946608e-07,0.706780916887562
"TCGA.06.0210.01A",0.00411976668664428,0.000635092035914129,0.00662357195017867,2.79346355592543e-07,0.0387751673731478,0.035957424000049,0.117849500555074,6.18478397757011e-06,6.99585569433805e-06,0.000965633502457478,5.25860131453488e-05,0.795007797897362
"TCGA.08.0386.01A",0.00244766812090317,0.00059771470689917,0.000422648780077161,6.78309622406933e-09,0.120252052615683,0.0426480884168068,0.0316007606569477,0.000732560089945361,3.63845899714898e-08,0.0001084725929285,1.53307159840278e-07,0.801189837544963
"TCGA.06.2569.01A",1.5883996122293e-05,0.00395297491642339,2.12990285455129e-05,0.459268064735756,0.10242009881981,0.0167853256040886,0.00814331280106203,7.04650613161672e-06,0.00533819813549931,1.88618628159551e-06,0.000473648525438775,0.403572260744841
"TCGA.26.5139.01A",0.00159088249504033,0.00482638759230072,0.000137950692181651,6.87838275021753e-08,0.090860431356715,0.0485598512411554,0.0759549966963247,4.98095156152521e-05,1.96256455404604e-07,0.000278297961596851,1.23203936062269e-07,0.777741004204851
"TCGA.41.2572.01A",0.00239533061444842,0.0307798053579658,3.05811745605511e-08,2.06664608482695e-07,0.0780768504725246,0.0317312703572603,0.0665468866374364,6.15735995482122e-07,8.11760970968727e-08,4.73029187113921e-06,3.38575091707217e-06,0.790460806359701
"TCGA.28.2499.01A",0.00235563558743832,0.00301272524127285,4.61295046760052e-05,2.69794823083629e-08,0.0638951803269109,0.0366333482594185,0.0574276451303002,0.000146532838287867,2.57604795537994e-06,0.00060819446424158,8.14467195457747e-07,0.835871191152821
"TCGA.06.2570.01A",0.0104439795027748,0.00110794380722832,2.23496765353193e-06,2.03491317669028e-08,0.116331638499501,0.0309186297839599,0.104041938626549,0.000352288259704566,4.9369233457248e-08,0.00143454374857326,4.65367035138482e-07,0.735366267718655
"TCGA.14.0817.01A",0.00366727448509096,0.000522304681026515,0.0131381779672205,3.12821179303211e-07,0.0559366612628481,0.0305560058764729,0.161204919654133,0.000158741258046377,2.79344861281917e-07,0.000547625384668629,9.31391798494975e-06,0.734258383346467
"TCGA.28.5209.01A",0.00156258754633883,0.000516263467987671,0.000913477525310316,0.134226788423952,0.0909226919102252,0.0711885257195335,0.0278155397844917,2.7102977017174e-05,0.00156472886713352,0.000127140342261754,7.81046228753917e-06,0.671127342973461
"TCGA.06.0649.01B",0.0116252969142364,0.0159579161879982,3.94426494580487e-06,3.54081064569458e-05,0.0770640231166361,0.0214136015974419,0.132329352048684,9.8555995456571e-06,3.73247300862188e-07,0.00186029098093187,5.35688892731266e-06,0.739694581046895
"TCGA.06.2561.01A",0.00396551239661805,0.0060784608642754,2.17805906499536e-05,2.61598457755949e-08,0.0425053253032954,0.01053657010235,0.07136867081896,5.05075693491818e-05,2.27491391262965e-06,0.000820112714148809,3.70482805835907e-07,0.864650388083789
"TCGA.27.1831.01A",0.00407816839463044,0.00276870741654585,0.0174096119611549,1.86832439867915e-07,0.0247860371356833,0.0479888863030831,0.092026766141968,9.3232631903336e-05,1.07771785497151e-05,0.00119058178242392,6.2642285849756e-06,0.809640779993033
"TCGA.27.2519.01A",0.00193053033414105,0.00927732467786689,0.000363523720899605,3.14613334936433e-07,0.0231366200569028,0.0112891713965399,0.20478920064884,0.000647589310284358,4.61826474731082e-08,0.00228155115323577,2.28039437705464e-05,0.746261323961537
"TCGA.06.0747.01A",0.00187949699138225,0.00120707693531348,0.00010359466895812,0.0329700703516691,0.0748097897939384,0.0174864864152764,0.038818692801269,6.08940855244653e-06,0.00274788968589471,0.000214492788991388,5.43408530223171e-08,0.829756265817902
"TCGA.06.2558.01A",0.00531078804225764,0.0039832955740264,0.000299338072948271,1.24939357555149e-06,0.128092341863731,0.0393103888742901,0.0615553278024285,0.000322818329190471,3.3726282236512e-09,0.000803135388075474,3.95285491932641e-06,0.760317360431929
"TCGA.27.1830.01A",0.00409763727269501,0.0121018196349788,4.76075688823526e-06,5.41935037153058e-06,0.136003513305603,0.0319586371847065,0.0842545747327885,0.000174076078365867,1.26511119371246e-08,0.00110923172049449,1.72673058209188e-06,0.730288590581414
"TCGA.06.5412.01A",0.0033422102421747,0.014956588457165,2.86596837209835e-06,1.821445746985e-07,0.202700209391394,0.0371484972103088,0.20476025305722,7.02266757567604e-05,7.80424158895942e-08,0.00168314578229025,3.48915604478919e-07,0.535335394112723
"TCGA.14.1829.01A",0.00478494434134023,0.00136212771510263,0.0192058084523237,1.02426302738976e-06,0.0290790278261659,0.0704944482517003,0.136953794679833,1.0276360036673e-05,7.96239232172682e-09,0.00149493079700388,0.000188691490919564,0.736424917860155
"TCGA.06.5416.01A",0.00233410868086383,0.00479798190153396,0.000102505005982412,0.00434473935041782,0.0623945957672605,0.0496888480896713,0.0196890376973652,2.86118643580243e-05,9.42168199493787e-05,0.000356892654130061,2.04294572505818e-06,0.856166419222743
"TCGA.06.5408.01A",0.00205510096702409,0.00338649311634988,2.06967058580997e-05,2.76121310453208e-07,0.105785440542311,0.0224493381466094,0.0676304502553899,2.06046853012027e-06,1.83661585348313e-07,0.00024735866556268,1.32465651861261e-06,0.798421276692951
"TCGA.27.2521.01A",0.00111430237566652,0.00123118699670541,3.24811934147067e-05,0.0293846945786231,0.0783565768502683,0.017543788647378,0.0266732007334877,0.000240128848410082,1.92011381073826e-08,0.000151034968622017,1.66980633263641e-06,0.845270915799953
"TCGA.32.2634.01A",0.00213356356227847,9.7129423178024e-06,0.00359176207269999,1.44340917815885e-07,0.123972828000542,0.0387285442610595,0.0325643682219114,1.3074783734675e-05,2.53274865787036e-09,0.000271648231725865,4.52921900662394e-07,0.798713898128163
"TCGA.06.0219.01A",0.00497684798685382,0.00487316568612594,0.000247043204947068,3.68632681605775e-07,0.0300116709872423,0.0291690826613503,0.0581839185462741,3.63906405308317e-05,1.14642713255597e-05,0.000649515109831836,5.13493948314456e-06,0.871835397333353
"TCGA.76.4926.01B",0.00285051488817451,0.000359540022452046,0.00201224507023962,1.85182159836116e-07,0.0417621119078967,0.0198614964416629,0.051498252722905,7.10138801815272e-06,9.18395416616102e-08,5.37122911943715e-05,1.6664033463971e-07,0.88159458160542
"TCGA.14.0790.01B",0.00135974515405105,0.00309652856875746,5.73963720279191e-05,4.1881112172544e-07,0.0373797076616739,0.0112999650139488,0.0180611291901679,4.86583977859556e-07,3.36489449802367e-07,0.000568043428800213,1.54600529667463e-05,0.928160782673057
"TCGA.06.5858.01A",0.00342683973406541,0.0016116154302334,0.00237182289089817,6.85246765255634e-05,0.218028407778427,0.0686428674750469,0.0829425227202498,1.27374992643e-06,2.42805395477058e-06,6.69537102430723e-06,2.94864619728261e-07,0.622896707255028
"TCGA.26.5135.01A",0.00454623437555263,0.00586647283600174,6.27351249201635e-06,3.23440963216538e-05,0.18533002230648,0.09542485695435,0.0759428691856543,2.00775397083388e-05,9.63464608522955e-08,0.001149604038873,1.38786454696951e-07,0.63168101002165
"TCGA.27.1834.01A",0.0112246830871341,0.0122075061548243,0.000677126638769154,2.7305177437099e-06,0.0277143930392634,0.0143149886176983,0.0675623438046385,8.2579984689477e-06,5.12546589843572e-08,0.000147427842251272,1.32356651459982e-06,0.866139167478035
"TCGA.06.0129.01A",0.0101322614416192,0.00121385492079634,0.000836214118698566,7.04320247574556e-06,0.0609866053851895,0.00470807789079292,0.158653462859799,0.000463599382855919,1.1235980389636e-08,0.00156658369035571,1.20880803872986e-06,0.761431077063398
"TCGA.41.3915.01A",0.00199962857112423,0.0171185631428778,0.00189839631991442,9.84877087415332e-08,0.18448151416287,0.157102742021736,0.221878196652253,0.000109232050677923,8.60671248982349e-06,6.02588076764802e-05,1.03287603674333e-07,0.415342659783067
"TCGA.06.2562.01A",1.09207741569451e-05,0.000433221938547093,0.000206233819116583,0.735866137441886,0.112675899526931,0.0786707493104786,0.0676824688734355,3.70773391709013e-07,0.00374093852278366,0.000706512989486225,6.30357020875463e-06,2.42459578710802e-07
"TCGA.28.1747.01C",0.00697309599403298,0.0131906927500389,1.3046609160621e-05,7.31496703148709e-07,0.0463246419320968,0.005032840326408,0.0801965782365981,3.57797617387441e-06,1.48473413572721e-05,0.000429416023511541,1.47989837533066e-06,0.847819051415543
"TCGA.06.2563.01A",0.0053611201598259,0.00686203118725849,3.1771799561296e-06,0.0822380403238493,0.0867544044334164,0.0204238106230693,0.0380256695876279,3.639976636344e-05,0.00071155822061188,0.000666563245340741,2.94773375185493e-07,0.758916930499305
"TCGA.28.5216.01A",0.00278495393245525,0.00395686026779584,9.53432396815833e-06,1.3700880742642e-08,0.0924063704567307,0.0982740845503405,0.0779312558463257,1.74550752561662e-05,5.81618292774515e-08,0.000756950748869493,6.2824099982905e-07,0.723861834694548
"TCGA.28.2509.01A",0.00236879987436649,0.00418067614108868,1.48391872805525e-06,8.33661027154237e-07,0.043369892228296,0.0479041342948226,0.0835728923797145,0.00102392177198286,4.91215777259604e-07,0.000781476828493789,3.91855136756085e-06,0.816791479134335
"TCGA.19.2625.01A",0.000698683055827465,0.000181220489631207,0.000890895453781061,1.16738094186553e-07,0.0309429610198518,0.126745347398581,0.0589579136333953,2.13071842166815e-08,4.39090604721001e-09,0.000174458390789611,1.90108195867674e-07,0.781408188013763
"TCGA.02.2483.01A",0.00520147689360776,0.000799240549713374,0.00607446481490206,7.38213417975339e-07,0.125903507840853,0.0321410296442875,0.0908276941512859,4.05328725270472e-08,1.83985933217278e-08,0.000628667467366252,5.98921147381891e-05,0.738363229378362
"TCGA.15.0742.01A",0.000687363496996427,0.00124692000976494,0.00100138676029089,4.82764429777176e-05,0.100956632607663,0.0301602356916185,0.0353562201640261,1.94960430830954e-06,6.22383659578304e-08,0.000306720128951495,4.17922767610291e-06,0.83023005362736
"TCGA.06.5413.01A",0.0180173451424043,0.0492959693008536,0.00010301983704737,4.16233560264447e-05,0.20473441911989,0.109433083510558,0.172775748261377,6.50367314103977e-05,8.45524698301238e-08,0.00114916972783557,2.09941195675637e-05,0.44436350634056
"TCGA.06.0125.01A",0.00132925419736802,0.00185766890532203,4.69848306580333e-07,0.127947670697118,0.112870573446693,0.0650067189728284,0.023980585768269,1.699810979856e-05,0.00241342734819277,0.000136282258060322,1.39420254201196e-07,0.664440211027789
"TCGA.26.1442.01A",0.00627999480049512,0.00168178552077723,4.39170262473459e-05,3.12508745232223e-06,0.0349836566315,0.0399501975669843,0.0257950245666151,7.0989215733973e-05,7.24469315816487e-08,0.000132737426327973,1.30681375675203e-06,0.891057192897178
"TCGA.06.0646.01A",0.00544546327925186,0.00500234791249772,6.43451111649819e-06,1.18452160081877e-08,0.115871231166616,0.0881518834036822,0.100335970704558,0.0008461851892765,4.58900405754076e-08,0.000212566866798069,2.77285012061896e-05,0.684100130729741
"TCGA.12.5295.01A",0.000977153162088721,0.0162485020119033,0.00084390299543884,6.90306109901936e-07,0.0425715593609282,0.0135403915027292,0.176553949535121,1.71403298766781e-05,1.03041369062981e-07,0.00175892514227979,7.21875040718147e-06,0.747480463861748
"TCGA.41.4097.01A",0.00996988333597678,0.0214990384611406,0.000354023880328462,1.7902864429865e-07,0.088812539565121,0.0612640911068304,0.118414102805418,0.00024903993293494,2.13838045591095e-07,0.000852444786645626,7.00251932582409e-07,0.698583743006982
"TCGA.06.5418.01A",0.00392021692148087,0.00251890070783138,3.60048921601534e-05,1.53316765549607e-08,0.0419741056871048,0.0328463000226951,0.0811576939266991,0.000144472378112074,1.20412119817838e-08,3.22427653334819e-05,2.22355689604737e-05,0.837347799756734
"TCGA.19.4065.01A",0.00627105328014011,0.0204218630080332,1.86658003994237e-05,0.0203482239396067,0.0487193935384834,0.0353890826034225,0.17499474152017,0.000925743812223385,3.07304061744423e-05,0.00116839152532408,7.9077439375101e-06,0.691704202822085
"TCGA.06.0168.01A",3.859051447229e-05,0.0103605894435633,3.57361410045444e-07,5.70765800365038e-08,0.10338657580476,0.0500748420611985,0.211828918142792,0.00052048161979782,4.9790494099416e-08,0.000784769244358165,4.34622071871251e-05,0.622961306733386
"TCGA.06.0190.01A",0.000853198585280136,0.0206835810797013,9.70386955225268e-05,1.2325473955488e-06,0.138346706798972,0.167967977302668,0.179292480507717,3.19180823310592e-05,2.88856765145613e-06,0.00139884789517938,5.52440167037883e-07,0.491323577497415
"TCGA.19.5960.01A",0.00183500174675609,0.00365273351259737,0.0035238368246559,2.15539316048063e-06,0.0220164693265929,0.00705655837693456,0.0260558235947856,9.97857629273336e-06,1.12987627540981e-08,0.000350612764433503,2.19920344776539e-07,0.935496598664683
"TCGA.06.5414.01A",0.00130338212546423,0.005495344691643,0.000203225258549423,6.68539110515671e-07,0.0829458274950801,0.0275141320356286,0.126523199803369,4.903755147638e-05,2.99598060045369e-05,0.000994966115781916,4.96426947557934e-06,0.754935292308417
"TCGA.32.1982.01A",0.00434491498170029,0.0179922304708393,0.0113816045690764,5.99890478703966e-07,0.406326464250692,0.0801457172921374,0.094529590397891,1.74663336777351e-05,2.45655730413668e-07,0.00172965581051132,1.20967494834452e-06,0.383530300672317
"TCGA.06.0645.01A",0.000356060808016537,4.42015953121973e-05,1.607684820004e-05,8.56091327372616e-07,0.234732881418337,0.190991062334346,0.573086185450289,2.10832659761104e-05,4.07585013140546e-07,0.000698618923527722,6.83345780466888e-06,4.57322218501589e-05
"TCGA.19.2629.01A",0.00098586781286661,0.00503017389849479,5.69265036675519e-06,1.41312546934697e-05,0.0806050874219471,0.0116750469987795,0.126487024729192,0.000254069682480187,1.00216998649208e-07,0.00161563145365446,2.51824730413006e-06,0.773324655633222
"TCGA.06.0174.01A",0.00302183217303238,0.0015402375974931,1.48664641479085e-05,4.71175727098389e-08,0.116550287612243,0.0620924317187698,0.0562786470216553,2.99853514571444e-06,7.87853352715849e-09,0.000403534427443372,1.43858939450703e-06,0.760093670864569
"TCGA.32.4213.01A",0.00574638974850865,0.0252800394726838,0.000153052419329273,3.05296506825582e-09,0.236181419912262,0.142937196942362,0.304703004745273,0.000764870403494473,1.59802015300019e-05,0.00377318729549848,2.29756354693946e-05,0.280421880170623
"TCGA.12.0821.01A",0.00116955820703177,0.000707162099424093,0.00217098643155431,1.53600149358307e-07,0.145370792646576,0.0391611741914133,0.0415925123404582,0.000937996873641763,2.26610519519876e-08,0.000335066062835468,2.3331081546073e-06,0.768552241777709
"TCGA.76.4928.01B",0.000240842746003808,5.61367513233664e-05,5.62325680553218e-07,0.59783584675906,0.000442101399349417,0.0630109358210264,0.261010576754264,5.6796361442589e-06,0.076680942808786,2.32966540124179e-05,0.000693070447912982,7.89643665798641e-09
"TCGA.02.2485.01A",0.00240504485867685,0.0106972433646588,5.08795030337092e-06,2.11643396955213e-06,0.0426088138621502,0.0180291288542266,0.0381059273972172,6.13270006829874e-06,1.5191913620617e-06,0.00208323958089384,1.07417712967392e-08,0.886055735064702
"TCGA.06.0138.01A",0.00283926273782726,0.00933465967667756,0.00139040072378996,4.12758947321862e-06,0.110472473417678,0.0447843995754845,0.109720434194298,0.000592911294085007,2.82620971622381e-07,0.000288805834740942,1.00633663769325e-05,0.720562178968597
"TCGA.15.1444.01A",0.00186724598637031,0.0026476407587098,7.77513730327167e-06,3.68280348763182e-08,0.0718311703176452,0.014282082612998,0.0874702389398539,1.58671100308577e-06,7.80725750715262e-07,0.000233219454510611,7.96173632599214e-09,0.821658214566084
"TCGA.06.0750.01A",0.000953939665933408,0.00549177114665769,0.000160696011030685,4.3593016031573e-05,0.167160939927289,0.0948735229678509,0.0968659152953459,5.54082920158193e-05,1.05200842681581e-08,0.000802005821454878,1.05958474530136e-05,0.633581601488853
"TCGA.27.2526.01A",0.00164161660826525,0.011855310618438,0.0163356948128677,1.64589739234153e-08,0.0270207975123326,0.00927767435259402,0.0505462912073659,3.90366918685885e-06,8.52485751115183e-09,0.00168372981276261,2.0100435035953e-05,0.88161485598732
"TCGA.27.2528.01A",0.000295679159939787,0.0013263817738831,4.56185476210648e-07,0.378938523359767,0.217459663699678,0.0827370659038908,0.015250819763043,2.75950560091064e-05,1.84441126941721e-06,0.000114756821361114,0.175992772966917,0.127854440898765
"TCGA.06.2564.01A",0.00844157717420275,0.00631000183557527,6.73395304343062e-06,1.49524786291135e-05,0.0749588921714754,0.0393949750460188,0.0721084937596007,2.68811529750928e-05,3.30647671960496e-09,0.000401615211842195,4.92101444517589e-07,0.798335381808716
"TCGA.06.0130.01A",0.0285871982182906,0.0642968049672063,3.66304260555039e-05,1.73564273304619e-08,0.0542244183610569,0.179817511805852,0.409653586367436,0.00264907487296001,1.07953045882519e-05,0.0156183089184194,1.44302771339843e-05,0.245091223124574
"TCGA.06.2567.01A",0.0069228578336036,0.00981586342928715,2.79029913472479e-05,2.77637570109496e-06,0.113277724851572,0.0279560037188718,0.085006790214014,8.36086759148897e-06,3.26061071596706e-08,0.00212943113209183,7.60560692251522e-08,0.754852179923743
"TCGA.12.0619.01A",0.00244092369880925,0.0118637484521323,0.000927954120413451,1.16794312191807e-07,0.127401740000026,0.0379656353055787,0.178159836079249,2.7165675870982e-05,1.13063487402545e-07,0.000448375710682845,5.78699513230242e-06,0.640758604104305
"TCGA.19.2620.01A",0.00112998298725475,0.000154646346025495,0.00126337390431767,0.36442718795252,0.0675038088861459,0.0481922476390012,0.0389852051963187,4.71624942665117e-06,0.00178418357830255,0.000115233884837998,1.29716668076169e-06,0.476438116209169
"TCGA.28.5215.01A",0.00480976587544378,0.00541295782706593,0.00497582603902863,2.74492862744205e-08,0.118144058562011,0.0541686712716155,0.144352029197891,1.15066534409912e-05,7.72637353503892e-08,6.74139854292928e-05,1.03099231003572e-07,0.668057562775821
"TCGA.06.0878.01A",0.00378287977226732,0.00685195713449028,3.5485121095116e-08,0.291112318919107,0.0848181765930079,0.0447720040749638,0.0766136923327267,6.69619539783899e-05,0.00303897250058609,0.000301051491404263,2.52816724299654e-06,0.488639421575104
"TCGA.26.5134.01A",0.00217234974369786,0.00429666407190444,1.19821055214845e-05,9.1970442407325e-08,0.0636013813914261,0.0225333036405955,0.0577876329229797,2.21162002227665e-06,2.66695099562436e-07,0.000775633165882795,1.5308830618965e-06,0.848816951789366
"TCGA.26.5136.01B",0.00491878513730074,0.0142019492442359,0.0016208994734142,1.61657046174563e-06,0.0486535786835607,0.0254470940332995,0.0863541778472207,2.90256356553779e-06,5.23942442572019e-06,0.00108676046516846,3.3297902398469e-06,0.817703666767107
"TCGA.14.0871.01A",0.00118225769694161,0.00360614004120094,5.27463403138251e-06,9.57862998081666e-07,0.0642801056554949,0.0129661434406473,0.0160203683381615,1.18496461321728e-05,2.45764547398102e-07,0.000383381389566297,9.49061210764901e-07,0.901542326469068
"TCGA.27.2523.01A",0.00387241440899492,0.00243265317380672,0.00047387128865603,5.61904643755913e-05,0.0706138892380922,0.0247032722761368,0.0479088530742221,4.51253547677903e-06,9.51515050208993e-09,4.80108363574259e-05,4.60016926881059e-06,0.849881723019462
"TCGA.06.5410.01A",8.66050964217069e-05,9.63382218240595e-07,3.80022687645096e-06,0.000882001696189606,2.06995549127116e-07,7.89430833264028e-07,0.999001639191927,2.814029113218e-06,8.53498836204412e-07,6.51207792955054e-07,1.96309334838801e-05,4.43107583838962e-08
