"","cellFractions.B.Cells","cellFractions.CD4.T","cellFractions.CD8.T","cellFractions.DC","cellFractions.Endothelial.Cells","cellFractions.Fibroblasts","cellFractions.Macrophages","cellFractions.Mast.Cells","cellFractions.Monocytes","cellFractions.NK","cellFractions.Neutrophils","cellFractions.otherCells"
"TCGA.BQ.7044.01A",0.00493687045101955,0.00442477696713472,0.00186944924593939,0.591382437584516,0.0169857381609806,0.00514434006243599,0.00725661555226205,8.58156343982043e-05,0.00590858527522219,0.000776603847656131,1.00762387422123e-06,0.361227759594561
"TCGA.SX.A7SR.01A",2.94750882479765e-08,0.0101444499039337,0.00030885016110561,0.917176185697114,0.0241584267947105,0.0112493086700382,0.0126458498947356,0.00805140311951019,0.0153920099555416,0.000844496498153573,2.63578039541117e-05,2.63202611434331e-06
"TCGA.MH.A854.01A",9.12944561414253e-06,0.0205724896676313,6.45939782496879e-05,0.71859852089452,0.0325860828547052,0.0814721109605466,0.0050645355982622,0.00132500158118609,0.00852400117052797,0.000776825365053151,0.062368924747906,0.0686377837357982
"TCGA.B3.8121.01A",1.11850464841747e-08,8.57317880664677e-05,2.60506408105412e-05,0.621852871915034,0.0570469824186732,0.0713062551758578,0.143826886855574,0.00298175336129076,0.0933252181441054,0.00953302351285259,1.40799056540558e-05,1.13509703415002e-06
"TCGA.2Z.A9JJ.01A",2.56628528469886e-07,4.98235985533822e-06,5.44756732038573e-05,0.421077459290276,0.0433484457616856,0.0619363697009651,0.0507047298476371,0.00131958528758713,0.0937015695004093,5.32092291976652e-07,0.32784314139326,8.45246430071956e-06
"TCGA.B1.7332.01A",1.21671441119096e-06,0.00951753541173947,0.000306680187480872,0.792542148454209,0.0459421881357025,0.0421529508338629,0.0210996876491635,0.00140826778608529,0.00586382260582633,0.000710876505932993,1.32946145563911e-05,0.0804413311010297
"TCGA.WN.A9G9.01A",7.53189775254669e-07,0.403694542003904,0.165116754050382,4.18379418154438e-07,0.0595244512583619,0.00556457241222932,0.198918769315601,2.5886095115906e-06,1.87572884847036e-07,0.167175053307388,1.68797817253401e-06,2.21922371426666e-07
"TCGA.A4.8310.01A",1.2286648587793e-07,1.76264085825084e-06,1.01306119531393e-06,0.925009240130034,1.65962251330992e-05,0.031951805958675,0.0332762369090256,1.58608998757381e-07,0.00973752976791185,2.88857652819784e-06,1.50412331073857e-06,1.14113184353711e-06
"TCGA.2Z.A9JT.01A",0.000990779527677952,0.035121744312331,0.00245229308795742,1.98569447273471e-07,0.0372586317720327,0.0192963216798002,0.0516189466279447,0.00170210708721236,2.69637050724375e-08,0.00307506737823208,4.17548706438535e-07,0.848483465444953
"TCGA.5P.A9K2.01A",0.000138934491006893,3.51492210059227e-05,0.00178208784979038,0.138458529068815,0.00522606167380149,0.00711374953836003,0.00238008266134288,0.000741577492509581,3.02503931943323e-07,7.82053240169655e-05,0.367822011562686,0.476223308612733
"TCGA.4A.A93W.01A",0.00209816888400693,0.0109857131072132,0.00239224256957638,0.816007277206348,0.0335598353700803,0.0261268048471028,0.00925797952240734,0.000824715229026835,0.00780772894790461,0.00088274993448422,2.21229363787465e-05,0.0900346614454707
"TCGA.DW.7837.01A",0.00263950909300685,0.0320227755736941,1.59157518680537e-08,0.466311048436546,0.0469009607517017,0.0239429917018207,0.0238950786244577,0.00502693850975811,0.00424322296085503,0.00108988497323936,1.73782917853173e-06,0.39392583562999
"TCGA.A4.A5DU.01A",0.000853840389769268,0.00734966364637097,0.00374120308120724,0.565741469804405,0.013607224888356,0.0136802241519213,0.0106273020834657,7.28807379910279e-05,0.0059412970619948,0.000598608722514164,5.18907698433266e-07,0.377785766524306
"TCGA.2Z.A9JI.01A",0.0859760604036636,0.0432179705622087,1.3163961916863e-05,5.53178520248035e-05,0.0417284315689525,0.0900508724060854,0.0621117426702246,0.000416710725358897,6.81639769185284e-08,0.00520264890419597,4.9645432011457e-06,0.67122204823819
"TCGA.BQ.7050.01A",2.48955842448517e-07,9.35829377184105e-09,2.11976123376395e-07,0.792519751051803,0.0165314476836742,0.107265496234152,0.0205759451116026,3.42485913744674e-06,0.0619865541579785,0.000966972482352942,0.000149853673526883,8.44555133671584e-08
"TCGA.BQ.5894.01A",0.0233912856853243,0.063382817542734,4.30723545693825e-07,4.70157110076399e-09,0.296881671449793,0.166943412439395,0.0923944107255472,0.00480825722022523,3.07528307318654e-07,0.0119176237317486,2.5040145719663e-05,0.340254738106089
"TCGA.BQ.5879.01A",4.32094314942996e-08,2.16562462625841e-06,3.18010895471623e-08,0.646263188841044,0.259015765294325,0.0473133096734171,0.0373990711108843,0.00989133760009323,0.000101858853759097,1.22802990076809e-05,7.71172767529645e-07,1.76519554780786e-07
"TCGA.AL.3472.01A",0.00169084399308253,0.0097078302339622,0.000151546326452003,0.496235512224351,0.022066778760226,0.0239922246278449,0.00302227713455078,0.00177943249323253,0.00874133256543295,0.000484696616477472,3.35627877037181e-06,0.432124168745617
"TCGA.MH.A560.01A",8.92383633878228e-07,6.58194654785675e-05,0.0023353344445933,0.440419010451398,0.0435425691951345,0.00740817210624695,0.00339778870901991,6.63422243564075e-05,2.97776550152688e-08,7.67933038448224e-07,0.348395443583589,0.154367829725856
"TCGA.BQ.5891.01A",1.03158952966906e-08,8.61761724897449e-07,1.18856386956345e-05,0.913791347703119,0.00722886445850083,0.0274427083843736,0.017178108171224,6.2497699463305e-08,0.0343100281473726,3.43182584756863e-05,1.64854715494068e-06,1.56115764385145e-07
"TCGA.B9.A5W7.01A",2.07757783542864e-06,0.0012290922492759,2.7633957079198e-06,0.936578376760766,0.0229162229414229,0.00849379267263514,0.0141769765521569,0.00587549604542519,0.00985603757700879,0.000852311826879885,1.6848258162974e-05,4.14272278571712e-09
"TCGA.UZ.A9PR.01A",2.97291938864659e-08,1.25604764207377e-06,6.42376248498849e-07,0.925444965686804,0.0106067951075355,0.0128657843894245,0.0292899405027249,0.00105729627922749,0.0204429599783332,0.000289493176370173,3.95253917271241e-09,8.32773957194674e-07
"TCGA.B9.A69E.01A",0.0082091610702983,0.0335594773714906,1.65196580276512e-05,2.5853474553362e-08,0.340666295910442,0.0484849406689533,0.0699256904858268,0.000245934410406964,1.44295633664859e-06,0.00491231494963818,8.27005082071163e-06,0.493969926614285
"TCGA.B3.4104.01A",0.000664625181019508,0.0239567824267274,3.65158418126276e-07,0.22347366362179,0.116518175434461,0.0407963953622214,0.00577581222341998,0.000491591910011724,0.00195880285694734,0.000193343860611324,0.0224459750625057,0.563724466901866
"TCGA.SX.A71R.01A",5.42459707213381e-05,0.00296555210934677,0.000190248471988149,0.30628587300622,0.0274928708968144,0.0107459569956168,0.00259910148577868,0.00105993090313834,0.0101938522611461,0.000696591409626381,2.54731502513091e-06,0.637713229174578
"TCGA.MH.A55Z.01A",0.00075380403167142,0.0100243880316227,2.80959633354165e-07,0.165074167563965,0.0296977607157376,0.00754086680463105,0.01292709711334,0.000597513794278643,1.47556492698291e-09,0.00141913079078463,0.434254916419496,0.337710072299274
"TCGA.UZ.A9PO.01A",3.51998092664545e-09,6.64013615358507e-05,7.16730483428708e-05,0.836691349828601,0.000615499172854899,0.00972832152582709,0.0556221692752199,0.000137340108158316,0.0968953252877918,1.09011345338842e-05,0.000160909630379393,1.0610677403252e-07
"TCGA.G7.7501.01A",0.00387195441077159,0.0125177632472579,7.84677687257049e-07,0.171328236925389,0.0570067310469867,0.0295802873855954,0.0344083277099889,8.70246741880343e-06,1.9045743646418e-07,0.00196547958838884,0.0151439398856222,0.674167602197457
"TCGA.DW.7836.01A",2.39752437087263e-06,2.32195252245584e-05,6.45774105593658e-05,0.846776617273463,0.0191380618846369,0.0968375026843384,0.00971238316385197,0.0014787922556194,0.0259585868006051,1.61398747500099e-06,4.04097531192485e-06,2.20651454349356e-06
"TCGA.HE.A5NI.01A",0.000162590727371963,0.0085450500789906,5.02066149496842e-06,0.296983303327946,0.0460499294536433,0.0183057869729698,0.00884074927681131,0.00545595629240952,0.00473401147674977,0.000744443320242669,0.000153090212934016,0.610020068198436
"TCGA.G7.A8LE.01A",6.63162883282633e-07,0.00119304875160275,0.000237461131913908,0.83565196813384,0.0432819820186775,0.0869503554372937,0.0122915825570277,0.00137303727119805,0.0185333939288229,0.000471589057932164,1.39445184222678e-05,9.74030385878858e-07
"TCGA.Y8.A895.01A",4.57295812078412e-09,0.00331696094694223,0.00122557500573669,0.523180275930185,0.0157622949732044,0.00544027215034686,0.00079219379411958,0.0010411822360919,2.64544031809274e-06,0.000338193854340636,0.437689101372161,0.0112112997235959
"TCGA.UZ.A9PQ.01A",7.35518163004962e-09,0.000375763974171257,0.000486119060378253,0.415604267579558,0.0679184389544237,0.0309470398697489,0.000965210675894925,8.58415309462904e-05,0.00138573330979626,0.000281055864639955,0.225793074146382,0.256157447678879
"TCGA.BQ.5884.01A",7.77576503357619e-06,5.80111164406351e-07,0.000244823562129168,0.592525359604647,1.97169512211813e-06,0.068968624483514,0.191849525816018,6.74108581712491e-09,0.146346401601031,2.29200258254555e-05,2.79680516606665e-05,4.04254276756288e-06
"TCGA.BQ.5893.01A",0.00185257367987112,0.00801903799340899,6.45416636732704e-07,0.519236048365525,0.196783903727684,0.026684204899566,0.00477961074863725,0.00131988597603348,0.00563014608380883,0.00202193337548551,0.0731726858375574,0.160499323895786
"TCGA.UZ.A9PV.01A",9.77378517748787e-08,6.58407208757708e-07,2.61896996290641e-06,0.947676918286762,0.0209068469314448,0.0198901155559373,0.00204305838129062,0.000239844071119487,0.00915928837227897,8.01842548899907e-05,4.78747922621111e-08,3.21156460710467e-07
"TCGA.B9.4113.01A",0.00586446004832948,0.0268589817484647,3.42321472457095e-07,0.476379404053517,0.0373742086114798,0.015004524313124,0.0373528876765358,0.00585107175448613,0.00471061902440237,0.00182801783040979,1.97530367885483e-06,0.388773507314099
"TCGA.B3.3926.01A",0.00277119960062707,0.0177690824173837,4.00688442777948e-08,0.10114122730718,0.022838635770017,0.0540985316916993,0.0159863337881969,0.000538877910557225,0.00225514031427693,0.00115039164055654,2.25917631455712e-06,0.781448280314347
"TCGA.2Z.A9J3.01A",5.21741826599265e-05,0.00165961122172709,6.64087923977674e-07,0.237165870123201,0.0167060752491335,0.0063235725726262,0.000925415199103979,0.000309710941859883,0.00293891778878457,0.000210738566630565,2.48237578220845e-06,0.733704767690567
"TCGA.Y8.A8RZ.01A",0.00102204843230741,0.00279461686797846,1.74264259753194e-08,0.101775036252886,0.0197895159117251,0.00841160305206862,0.0210879416945396,3.26994202980401e-05,0.00117401661232551,0.000354998931160894,5.35961132586391e-08,0.843557451802171
"TCGA.AT.A5NU.01A",0.00731599283704127,0.00766726713475919,3.29034066111482e-06,0.413730180217019,0.0325576431123598,0.0436238846256642,0.0043988919989662,0.000755786647657069,0.00712322517458125,0.00036183092693463,4.56361745605476e-06,0.4824574433669
"TCGA.G7.6792.01A",3.33717737322522e-06,0.0147954429635683,8.08608491905681e-07,0.916791781922221,0.0439665524871369,0.00732995294672428,0.00873522819388715,0.00263056285433046,0.00232451956830763,0.00341968885696051,3.61752902638867e-07,1.76266809635162e-06
"TCGA.5P.A9KC.01A",2.08049283551816e-06,6.00582736431155e-06,6.66652700549863e-05,0.390046261649098,7.6368993443094e-06,0.0347928396567076,0.3135037753657,8.74215266579855e-06,0.261474828080515,6.74081665976926e-05,2.11688323025372e-05,2.58760681483383e-06
"TCGA.Y8.A8S0.01A",0.00427711145538377,0.00629519352311545,8.42579932491383e-06,0.489350544602633,0.0225354609186656,0.0265538081249546,0.0170706407313216,0.00146559036835893,0.00588203844566899,9.09487872176759e-05,1.25440619460649e-06,0.426468982837161
"TCGA.B1.A655.01A",6.24525284822299e-07,6.2318907907436e-07,1.45368179930953e-05,0.753525457269538,0.0157842712054956,0.0213631125930397,0.063275170261238,1.89693802083859e-06,0.144936308907277,0.000222628019533638,0.000874041883920434,1.32838957987837e-06
"TCGA.J7.8537.01A",0.0458159086930108,0.111751398060176,1.2206884583954e-05,6.14549697524455e-06,0.0954131386250454,0.0447721882527442,0.0770281493187209,8.52426350405886e-05,5.18559774255931e-08,0.0179710150680734,1.24564432001783e-06,0.607143309465332
"TCGA.KV.A6GD.01A",0.0525099821544233,0.0563161615316954,2.91130414498476e-05,3.8579343735755e-07,0.0336496619209359,0.342753157069235,0.146323549730186,0.000360002278279024,1.59550541909944e-07,0.00418571618643257,1.79731468985492e-06,0.363870313428694
"TCGA.G7.A4TM.01A",0.0180848152624745,0.0235427194316808,3.57520216869417e-08,0.0165719287189262,0.0799037281958368,0.0348188965951505,0.0347640249912598,0.00845796909726167,0.00102181723237043,0.00113487044261263,6.05197258206565e-07,0.781698589083147
"TCGA.G7.6790.01A",3.00451069266326e-07,2.06200661925672e-08,3.79169316635275e-08,0.928075333982034,0.0206767146831441,0.0101733633123306,0.0140912145230943,0.000172962568126022,0.0262898300900509,0.000519180408400444,8.37162858359481e-07,2.04281894114691e-07
"TCGA.A4.8515.01A",4.68764965849908e-08,3.8022631571189e-09,9.24383677344139e-06,0.952148530955234,0.0153413313552192,0.0156662559612352,0.00655835471451854,3.5946889299847e-06,0.00994722211952518,0.000324100428884163,7.13907828823625e-07,6.01353091266919e-07
"TCGA.BQ.7049.01A",0.154167131977782,1.41274542533731e-07,1.13357948297343e-07,0.417284763290179,0.111284196857873,0.120388636818714,0.0420046887105238,0.00367500156090197,0.150061426517702,0.00111558113626263,1.83083881713605e-05,1.01093987629799e-08
"TCGA.SX.A7SL.01A",1.28451034105205e-07,0.00113584367945876,0.000137670941905215,0.494069553444461,0.0158308972393613,0.0360365201192599,0.000363078566270451,0.00276603804628297,0.00724878896695577,0.000292467059715607,3.49184556079257e-06,0.442115521639734
"TCGA.A4.7734.01A",1.00564563017255e-06,0.00788097009230594,1.21768259588319e-06,0.37126592122027,0.0305145154944928,0.03458905163149,0.0199673310113271,0.000419326350771836,0.00628623812441739,0.000385119192861409,0.528689073883561,2.2967027712183e-07
"TCGA.BQ.7053.01A",0.0121090499339918,0.0154119063443529,3.74717109439465e-06,0.761565828182399,0.0395136596807782,0.0222103757478239,0.0149997383085721,7.48292523673138e-05,0.00487802290924713,0.00134379038522495,3.70245244707807e-05,0.127852027559677
"TCGA.G7.6797.01A",1.95136298270887e-06,0.00205986471132511,0.00315423869506862,0.818537853803572,0.023864666710331,0.0292371929636601,0.00532129391714593,0.00225158367700652,0.0100249022249498,0.000265762623553634,1.65761316951481e-05,0.10526411317871
"TCGA.IZ.8196.01A",5.92788894422605e-07,0.000823947030526241,0.000769117752496994,0.89639815320441,0.027167941460254,0.0363109291110979,0.00798382240019803,0.00119240457812733,0.0109666717143153,6.80188080838861e-05,4.18551333217756e-08,0.0183183592964622
"TCGA.P4.A5EB.01A",5.58673895880929e-07,1.03275718787795e-05,2.87851521273303e-08,0.948302272118828,0.0104345385327621,0.0153389964264542,0.0199618067131586,2.91573373506405e-06,0.0059461458354228,1.87782230952032e-06,1.16061307167288e-07,4.15725095401903e-07
"TCGA.BQ.7058.01A",9.0677680240937e-08,2.99342130844775e-07,4.04845398520546e-08,0.924619755631035,0.005717108801347,0.0112715275294985,0.00555974488052854,4.63168710002706e-08,0.0526707009884809,0.000159828310448694,8.33687483422853e-07,2.33499562011752e-08
"TCGA.B9.A8YI.01A",3.67387868935235e-08,1.08686404645933e-06,7.2195175413167e-08,0.963867659327465,0.0133066222543049,0.00255007122519126,0.00831353500318113,3.99180096985096e-08,0.0118682654783018,9.2578244520205e-05,8.02623513672928e-09,2.47247817082011e-08
"TCGA.HE.7128.01A",0.0313007593123991,0.0792099438083863,2.05701066935128e-06,0.638780290544219,0.0666931663936751,0.0212658199272193,0.155471828950499,0.00333127781763022,2.02942427366035e-05,0.00390748891625271,8.61333009142892e-08,1.69869430127611e-05
"TCGA.4A.A93Y.01A",0.00108077156908235,9.3647414521652e-06,2.69391050247869e-05,1.00013345586125e-06,0.0502753939709334,0.500348735613309,0.424967366997116,0.000543726818162371,5.89555702809666e-07,0.0227160158983117,2.98272169915915e-05,2.68380458659654e-07
"TCGA.HE.A5NF.01A",0.00562956078124322,0.0267922419520064,2.88455808748625e-05,4.15177434996172e-08,0.0400583473020011,0.0170266158415632,0.103995534572503,0.000105135032689207,1.09238371414157e-06,0.00130847928543027,4.10300266611327e-06,0.805050002747565
"TCGA.B1.A654.01A",0.00744398179358114,0.01082127608166,1.48092505767772e-07,0.050816065356983,0.0119628860947091,0.0277783017785928,0.0146303600569302,0.00149212792421597,9.24516192680045e-09,0.000380795305357849,0.780544417124809,0.094129631145493
"TCGA.DW.7834.01A",1.38532270786515e-06,0.0222721341515773,7.94674682426662e-09,0.874003217463536,0.0249326106574601,0.0425677271610745,0.0265483740373966,0.0037924677539449,0.0049463178246952,0.000934964336242528,6.52178807786364e-07,1.41165810109478e-07
"TCGA.A4.8516.01A",4.48136385783345e-06,0.00735584501621531,0.00239983458856883,0.785221014641765,0.0331095666360696,0.00736245554988042,0.0160880020956875,0.000579856502155085,0.00651764719101672,0.0010800462837657,2.10810242033007e-05,0.140260169106814
"TCGA.P4.A5E7.01A",0.00243711538615427,0.0160823773344064,1.01013137053871e-06,0.520658453796473,0.0366917902344862,0.0240823460571709,0.0146505208457386,0.00190537127106519,0.0110497293105369,0.00066927514618984,1.56138796496636e-07,0.371771854347612
"TCGA.IA.A83T.01A",0.0175952061515786,0.0563858909191585,2.29568906966707e-05,2.19742764052021e-05,0.0473412528860659,0.0244854818662318,0.31351803530479,0.00147913342239816,8.94656317218323e-08,0.00444081806822525,4.84599380977523e-06,0.534704314755008
"TCGA.G7.A8LC.01A",0.00146885201784674,0.00846862986082131,6.20343585304759e-08,0.0608927811056741,0.0205014330096907,0.0419857643182266,0.00367218471429674,0.000551184924701797,3.12482457108228e-08,0.00172068261166709,0.13282927070363,0.727909123450841
"TCGA.P4.AAVO.01A",4.22738403892066e-10,2.51104337769538e-08,4.31084960507902e-10,0.979376610948622,0.00124875590574497,0.00606139019645353,0.00758502688184532,1.4095856739934e-05,0.00571387244172945,1.86243895537608e-08,1.98977267861506e-07,4.20295055426512e-09
"TCGA.A4.8311.01A",0.000193723013416325,0.00434738138311355,0.000782558091479011,0.349044159811585,0.0117416198360578,0.0108968913246309,0.00206708321765448,0.000822421081478173,0.00763030381577059,0.000312281736458831,8.93539242352324e-06,0.612152641295932
"TCGA.Y8.A8RY.01A",0.00463852870921701,0.0246670469911867,8.72746159238187e-08,0.0990843131515529,0.0315101066491677,0.0161164179561395,0.0326595617610165,0.00861177158538624,0.00566299661387475,0.00247703215390755,2.80649929142482e-06,0.774569330654644
"TCGA.A4.A57E.01A",2.30047049765026e-05,7.71760372877719e-05,0.0018970248580343,0.677519121038149,0.0721361692798403,0.0199536717122936,0.0122249544621012,2.70227997350184e-05,0.0061218855116251,0.000505600627563801,1.63381571229708e-05,0.209498030811271
"TCGA.PJ.A5Z8.01A",0.0189700664936248,0.0610303105878126,2.47941177038054e-06,0.000126024525333565,0.0462437492644256,0.0371730172576196,0.0685961457665046,4.71304142085465e-05,1.49971411367905e-05,0.0129719990464045,6.71556353923084e-05,0.754756924455767
"TCGA.KV.A74V.01A",1.60803166995898e-08,0.0152716169641408,5.91624364785807e-07,0.912700178467051,0.038552107882107,0.0165135539056204,0.00782460531060461,0.00109672926898706,0.00693136186231945,0.00110916946769542,4.04554259284319e-08,2.87113665839784e-08
"TCGA.2Z.A9JL.01A",0.046593100880729,0.02121284997166,1.33821354326501e-06,0.639822760532163,0.0351382197128056,0.0190506959893643,0.0261809543368361,0.00311968954925192,0.00755754968486417,0.000749641064067604,3.43662859385276e-06,0.200569763436121
"TCGA.DW.7963.01B",0.00123080877472193,0.00756621251024678,3.11876761984411e-08,0.48105744965125,0.0279519445465735,0.0033398646376825,0.00482542011780874,0.000248789063617657,5.0522765201674e-08,0.000443323516004106,0.237884716130964,0.23545138934069
"TCGA.B1.A47N.01A",0.0026442913220288,0.0254481071835531,8.1940745978731e-08,1.63501264849594e-07,0.0111952525857377,0.0243793819539466,0.0103511516682512,0.0020511095359004,7.50218037285613e-08,0.000488559084598869,0.181240662061213,0.742201164140956
"TCGA.5P.A9KH.01A",0.000772136590429568,0.000966121235681169,0.0022268681059752,0.187242443788981,0.273298764448628,0.00560426266305399,0.00935837648626123,9.132761035581e-05,1.37242657967636e-06,0.000681442943820061,0.169415540090224,0.35034134361001
"TCGA.EV.5902.01A",0.000560615234242327,0.000408453369796108,2.05050241639883e-05,0.885813186105476,0.0190857492418093,0.0562129111727292,7.66210139627365e-09,7.35866627962149e-05,0.0127686655774845,2.63758317867371e-05,2.4555042031436e-06,0.025027488613411
"TCGA.F9.A4JJ.01A",0.000301811004949468,0.0190845734104401,7.11202297388595e-08,0.782230451184449,0.130693447968488,0.0153633332098127,0.015088203454748,0.00691723522743353,0.02171736045872,0.00860325257765246,2.19128654808224e-07,4.12544222205701e-08
"TCGA.Y8.A8S1.01A",0.0240751438686488,0.0182176661681334,0.000198042655606242,4.83652574376377e-07,0.367024632604525,0.134887255855917,0.450351548078221,0.00101344210873273,9.54632782188614e-08,0.00422765329416477,2.34755486923474e-07,3.80149471196077e-06
"TCGA.GL.A9DC.01A",2.63095229698489e-08,5.83382172777012e-08,6.5621433289008e-08,0.91509410611949,0.0405807216872779,0.0157411012120249,0.0174654716698177,0.00707510032170727,0.00362902478567712,0.000413184157104116,8.89457935890784e-07,2.50319791819298e-07
"TCGA.BQ.5889.01A",0.0642737055481321,0.107879658308201,2.34733104447725e-07,1.20070214429869e-06,0.180307458254498,0.147216211624518,0.0656108397492499,0.00220651224162367,2.25519831332196e-07,0.00988381135322525,8.18087688362731e-09,0.422620133784595
"TCGA.BQ.5882.01A",1.56184697133835e-08,7.28957857924716e-07,5.93058014930293e-08,0.780981290871973,0.0151105765037678,0.136683695089381,0.0486342508597209,9.00813781036015e-07,0.00581914486053445,0.0127620494729123,7.08742645820175e-06,2.00219341604796e-07
"TCGA.A4.7997.01A",3.36159324222935e-07,5.01606132762397e-05,2.18307525689427e-07,0.868612924182144,0.0342300392746426,0.0219579668438972,0.0523656563640385,0.00284272287782667,0.0190467800937456,0.000892685518969994,4.69463761787864e-07,4.03008476546407e-08
"TCGA.IA.A40U.01A",0.00114516377350156,0.0141479927347068,3.53303721042304e-06,0.245554121486624,0.0459750241318223,0.0170307538266779,0.0116144426668567,0.00389562884052778,4.21130312008109e-09,0.000990240968481193,0.49530918873278,0.164333905589508
"TCGA.DW.7838.01A",9.22349931249087e-09,0.00134601372467961,3.68421989739547e-08,0.84069247481123,0.0103924970931709,0.0295092568402385,0.0921361365230237,0.00106045817274841,0.0243414693427683,0.000516641153142101,3.75357463483222e-06,1.25269866537119e-06
"TCGA.HE.7129.01A",4.37714161884558e-07,0.00091404710410132,1.64719841792327e-05,0.766410332802535,0.0461340423587392,0.0133666247057034,0.00223711795403992,0.00438107503609565,0.0085961682675237,0.000417850627873171,9.21554360063334e-06,0.157516615901447
"TCGA.BQ.5887.01A",2.47690849046947e-05,4.18453754344854e-06,4.64069775484232e-07,0.329327979646226,0.0881852741862113,0.441772760628605,0.0876408754069928,0.000365225721013957,0.0519747167832274,0.000697709665030492,1.63665845558549e-06,4.40361201398169e-06
"TCGA.P4.A5EA.01A",0.196459631905907,0.15041940853575,5.40416897793115e-08,1.2304024137237e-07,0.0735786088414437,0.0403653866239272,0.0278728790776921,0.00504790555738863,7.57925199053931e-07,0.00843558481687332,0.497819631563705,2.80701832183517e-08
"TCGA.UZ.A9PL.01A",1.31765719325665e-07,1.48027603278508e-06,7.68530691834215e-08,0.936226893986296,0.0135898307539103,0.0364916071619193,0.00111902690711504,0.000790328787511274,0.0110951275593538,0.000678919654630299,6.51643667098608e-06,5.98577714824945e-08
"TCGA.HE.A5NL.01A",0.00267128925482066,0.0229458822469547,4.71802594498331e-08,0.14828620257495,0.033135018672898,0.0056844067460446,0.0244757616806596,0.0013239074829482,1.54994013677837e-07,0.0017542618292471,0.219954411888433,0.539768655448771
"TCGA.J7.A8I2.01A",0.000121440604171518,0.00969627795818588,9.73011629587096e-07,0.0917012821115067,0.0867583529335679,0.0192308415590109,5.69319959355165e-05,9.54863818336538e-05,8.80521668036479e-09,0.000443543114706167,0.143687752317484,0.648207109206751
"TCGA.G7.6793.01A",0.00675775859012924,0.00459327349258564,1.57230269523766e-07,0.268029865751708,0.301307463626392,0.147292358654304,0.042186583314698,0.00342505679058361,1.56408730101854e-06,0.000770971231759947,0.210075003295141,0.0155599439351289
"TCGA.UZ.A9PK.01A",4.16554068054627e-07,0.00739772983372307,9.89929276312723e-07,0.780934157454512,0.0145888047912491,0.0156683675090123,0.0180786722831122,0.00162095867392526,0.00586134917234328,0.000453038059342897,0.155384663486907,1.08522525280991e-05
"TCGA.GL.6846.01A",0.00070013293165057,0.00057928268383758,0.00315357662215023,0.784033700933924,0.0466502424490703,0.0110416359823753,0.00797396609540934,0.000237314807683806,0.00754181294544971,0.000283208302825298,2.01358223162584e-06,0.137803112663393
"TCGA.5P.A9JW.01A",5.62806917232444e-06,2.09869163725683e-05,3.66682359705479e-07,0.932304267198774,0.00170540084783115,0.00978516725059555,0.0222273047313857,3.05172618563358e-07,0.0332138394729288,0.000693533600879235,4.31170012399242e-05,8.30558424238336e-08
"TCGA.DW.7842.01A",1.74768845525165e-06,0.00140141400115402,0.000644733758979367,0.783333615465421,0.0229802851853612,0.0189111174031096,0.0081162373267687,0.00139203202664811,0.0101255939107742,5.86959659742184e-05,7.4975173530074e-06,0.153027029750001
"TCGA.UZ.A9Q0.01A",0.000730395130993351,0.00123378121393675,0.00184368952581271,0.286553066534114,0.0119721293571287,0.00857778597225682,0.00258540448912216,0.00122283473825464,0.00284081544709056,0.000312399855505317,0.140415518166779,0.541712179569006
"TCGA.UZ.A9PN.01A",0.00596679154914711,0.0455155699487587,0.000803522032449482,0.67164744935577,0.0700538109393171,0.173207856677545,0.0207957827132997,0.00100730284459443,0.00907772197056463,0.00154740986384389,0.000331794125893796,4.49879788164952e-05
"TCGA.5P.A9JY.01A",0.000478366455077631,0.0048256780854673,0.000690586266333494,0.330819731099643,0.0108055681938071,0.0117430045894123,0.00561841060461018,0.000125814301153929,1.61403197834894e-09,0.00141343400546148,0.427478090253677,0.206001314531324
"TCGA.P4.A5E6.01A",0.000497469381377549,0.0117633530912659,1.17261504452856e-06,0.365146217636566,0.0161511228088146,0.0135417025447759,0.0117883092767979,0.000924704002727544,6.37482192489858e-08,0.00154162339247696,0.428456256888452,0.150188004613482
"TCGA.2Z.A9JO.01A",3.95915722075035e-06,0.00274955448491155,0.000610837779794481,0.525604314011811,0.0454715091490657,0.0455379330714239,0.0098054422567517,0.000160889843674415,2.21267562491096e-07,0.000333603949965028,0.356485594122957,0.0132361409048618
"TCGA.5P.A9K4.01A",1.25744115584387e-08,6.60374247051431e-08,2.74645515276073e-08,0.935144288598378,0.0163642272783019,0.0152277370899574,0.0125204817753183,0.000628468722615614,0.020069532360232,3.95069335164832e-05,5.30472825888713e-06,3.46437033755994e-07
"TCGA.UN.AAZ9.01A",0.000239867575226331,0.00899843604709003,1.99895994606434e-06,0.473606972450964,0.0455158604602585,0.0892851808377199,0.00149557453191028,0.00264567593169277,0.00559390889921076,0.00190618811368114,1.02758335348856e-05,0.370700060358765
"TCGA.SX.A71W.01A",9.20276919322203e-05,0.0051975647839983,5.24886706993107e-07,0.527393723491686,0.0234932094833179,0.0243492382862673,0.00758841131929366,0.00290466747231761,0.00086868814512582,0.0011215874719238,0.251789228265823,0.155201128701608
"TCGA.MH.A855.01A",0.00600862505303932,0.0449529576171118,1.52935264609504e-06,0.703852197837549,0.0592886733308566,0.0251820774303126,0.0367843829387412,0.000247973362703301,0.00293518620704141,0.00307715615096597,1.67352519909651e-06,0.117667567193833
"TCGA.B1.A47M.01A",0.000219008314132702,0.00702184813601982,1.51109666032354e-06,0.253742386020327,0.0225094212851963,0.018646043335541,0.00849403772034578,0.000658098650299454,1.72154834631079e-07,0.00116874642372707,0.489778792705591,0.197759934157325
"TCGA.DZ.6133.01A",0.000643378577027584,7.60920681565262e-05,2.38059894290438e-07,0.805222259372803,0.0186853895206559,0.0560669306020341,0.0148986231154877,0.000418036930501123,0.103090493988313,2.12190718721133e-07,0.000898191931002767,1.53643404936938e-07
"TCGA.DW.7839.01A",1.39431626651987e-06,4.72349359760024e-07,4.58938939560988e-07,0.950004611762402,1.11406370259214e-05,0.0472916734695078,0.000663264490166848,0.000475514671233408,0.00154110873595736,3.74376943244325e-09,9.53416514968404e-06,8.22720221747846e-07
"TCGA.5P.A9KF.01A",6.06754307370517e-07,9.0257488016024e-07,0.000335450762575375,0.807307420436778,0.0167808783068918,0.0475855691321389,0.0362310592843276,0.00109174307359991,0.0899193037022327,0.000197456867599419,0.00054925865125533,3.50453413077501e-07
"TCGA.SX.A7SP.01A",2.19842181776657e-06,0.00761997215813194,2.77716994329471e-08,0.265907312310162,0.0189296193141617,0.00787682546245211,0.0277228840977409,0.000991416309658798,2.95067930227344e-08,0.00110871723700959,0.538005533876832,0.13183546353354
"TCGA.G7.6795.01A",2.0375147773586e-05,0.00483924851564785,2.01182515055629e-07,0.267103919203424,0.0174869835869036,0.0200052131018142,0.00457950039638433,0.000532496884453963,3.90897000735948e-07,0.0022913094927812,0.168775154545954,0.514365207045348
"TCGA.A4.A772.01A",2.60102362092449e-06,0.000919488168814865,7.28478025106764e-07,0.902589435697336,0.0179224877036975,0.0101741054562224,0.0386924644227228,0.00341717817263034,0.025198185235787,0.00108026059578514,2.86135261167478e-06,2.03692746627244e-07
"TCGA.BQ.5890.01A",0.000150728276476983,0.00102975485621808,1.29733851667969e-06,0.687883482836528,0.0165979707407172,0.00512682210903049,0.0134241686686796,1.21641918545554e-06,0.00768804881339927,0.00127055123746426,0.266825291556471,6.67147312880653e-07
"TCGA.B9.7268.01A",1.30784260059946e-05,0.000103588049417293,0.000218718509348903,0.90655641721637,0.0176543213903608,0.0278262935167521,0.00558424609603685,0.000172917498868171,0.00732714870641541,8.07433814505309e-05,3.05362069252736e-05,0.034431991002049
"TCGA.AL.3466.01A",0.00744582282426742,0.010574128059891,1.64892582442371e-06,0.28889778365654,0.00936272742406045,0.0158496583725432,0.00134201788288821,7.9830482811738e-05,0.00337032402450865,0.00075371856156347,2.08445463282005e-05,0.662301495238773
"TCGA.GL.8500.01A",2.4943502105074e-07,0.00296490188040898,0.00206888567428233,0.734647038490843,0.0344465975482234,0.0122685934839609,0.00212029187396058,0.000600964782863993,0.00704041830134293,0.000860625470553316,2.55280056322082e-07,0.202981177778483
"TCGA.A4.8517.01A",5.60200388413796e-07,0.000216431882067635,0.00235168740219976,0.870825587507926,0.0360466768811229,0.00790928810757994,0.0146497153978206,0.00051531227937065,0.00796059521885341,0.000425773629069177,3.32513444252516e-06,0.0590950463591592
"TCGA.2Z.A9JR.01A",3.94050490754427e-06,4.32866973356543e-05,1.12776981644209e-07,0.940064659800946,0.00732886427201025,0.0116956926707599,0.0330464129376664,0.000558368301930611,0.00626355430429413,0.000991449335790415,3.62270253714304e-06,3.56948400350454e-08
"TCGA.A4.A6HP.01A",0.00374821763500929,0.0354742539973501,6.59797414282697e-06,2.69504314744341e-07,0.025080337828529,0.0276739461016304,0.0816538504587376,0.00590350272629957,3.3467239947726e-07,0.00210234187569337,3.97166005756511e-06,0.818352375565836
"TCGA.F9.A97G.01A",0.108576074827061,0.00397558299661734,0.0585895674071737,0.155595014218331,0.107302452247045,0.035260010976935,0.0582457770651215,0.00189644485207144,0.0618290078147356,0.00179189441744859,0.40651722420753,0.000420948969930214
"TCGA.2Z.A9J9.01A",6.09158305048165e-07,2.55825784333848e-06,1.3086719378959e-05,3.25525309389108e-06,0.939320301150631,0.0452409828888512,0.0121879615976473,0.00142105327154942,1.61832701169881e-08,0.00180930908177406,4.03353201206877e-07,4.6308445404974e-07
"TCGA.A4.A5Y0.01A",1.91557006590289e-08,8.29518828576361e-09,3.80516629994183e-07,0.905601867246805,0.014185553857618,0.0172913352745404,0.00803625593038942,1.23005469627806e-08,0.054822911597636,3.37182937061407e-08,6.14161640220247e-05,2.05942630141234e-07
"TCGA.2Z.A9JD.01A",1.95287055684514e-06,4.84324087172941e-08,1.35939822858552e-05,0.965995342230291,0.0191759185445062,0.0101595043179408,0.00104312582186862,3.75327686581625e-08,0.00303664022576076,0.000516286874719194,5.75424311971975e-05,6.73569638877841e-09
"TCGA.A4.7828.01A",0.00400040439318381,7.25978679779314e-06,0.000102673183003671,0.000115781068804911,0.817710485260371,0.149930071217951,0.0211094873330991,0.00334714866639349,6.16479878985467e-05,1.26959607366121e-05,0.00360033469809852,2.01044366138687e-06
"TCGA.MH.A857.01A",0.00130677674297145,0.00419160757427454,1.84804098782429e-07,0.165658486185186,0.0522547086705446,0.00991067807411906,0.00768200721949259,0.00134544893345533,1.88788224736482e-07,0.000404514328002104,0.111169831937363,0.646075566742268
"TCGA.2Z.A9J2.01A",7.66497017741645e-05,2.43876378561077e-06,4.48417483098946e-07,0.85594940825096,0.000806172464730314,0.00926756974483663,0.035878554807321,6.47838456159081e-05,0.0977177791836077,0.000103102364066718,0.000132827534193623,2.64921625027908e-07
"TCGA.A4.8518.01A",7.33138511044859e-08,2.54603648777496e-08,6.65978336184782e-08,0.943559442842158,2.3159967951928e-07,0.0153982736673301,0.0212609261673599,2.53517631025056e-05,0.0197554508061173,8.37138231180028e-08,4.99453272545793e-08,2.41230525418287e-08
"TCGA.A4.7585.01A",2.89664252474964e-07,2.42640053452484e-05,5.37047745122013e-08,0.798157645813831,0.0282097453204787,0.0895210498704193,0.0713494598806371,4.93677905616147e-06,0.010298979666025,0.00243050498107083,3.06575357505454e-06,4.56053419851565e-09
"TCGA.BQ.7046.01A",0.00649134337427851,0.00608417910232888,3.94229793680638e-05,0.891704917683451,0.0226517867283601,0.0148909080988913,0.0495398951960407,0.000171690273657282,0.0075922177445333,0.000832440721428187,1.40915072039048e-07,1.05718259098872e-06
"TCGA.BQ.5886.01A",5.42867550455151e-07,0.000634115301180728,0.000329749976595089,0.865717741328133,0.00863419853070266,0.00250655596943792,0.00235262125100254,2.72631264104858e-05,0.00633695865657141,0.0003748833643764,2.94007012059447e-05,0.113055968926834
"TCGA.4A.A93X.01A",4.17722975037267e-06,6.90225377056362e-07,1.09065835607172e-06,0.926425720321231,2.68908226660561e-05,0.00376819651358935,0.0196229144542282,3.55662234568884e-06,0.0494465773842505,3.14373700176096e-06,0.000696840551913367,2.01479290641015e-07
"TCGA.IA.A40X.01A",4.8765056122754e-07,0.0186082476482067,0.00729121201475299,0.851886440488847,0.0367347554549405,0.0191358784163934,0.0166853567173151,8.89111382840247e-07,0.00887576645763817,0.00169542745144994,3.50188042363245e-05,0.0390505197842762
"TCGA.BQ.5888.01A",0.0490499692514137,0.0400009831874652,3.20051092402949e-06,1.6861789559245e-05,0.0291729076228879,0.0229915842324224,0.0240912713160102,0.00110680470556449,1.0391861274092e-07,0.00346874806533034,2.29489343692787e-05,0.83007461646544
"TCGA.A4.7915.01A",2.30996721680937e-07,3.12700665120926e-05,5.49824583498567e-08,0.597560546933534,0.279095017981326,0.0581898208146591,0.0252968221139283,0.00106666850101694,0.0354013956848276,0.00335777225496132,8.76808941809969e-08,3.11989160439766e-07
"TCGA.SX.A7SQ.01A",1.49460248628901e-07,0.00118932386330977,6.87130287449609e-09,0.916180077323748,0.02358510043282,0.0251355614348956,0.00926752812139631,0.0015697561613824,0.0228944437595517,0.000172243313686289,5.67195634396844e-06,1.37301314823283e-07
"TCGA.F9.A8NY.01A",0.000146504914271917,0.0202510084251468,5.82347699265313e-06,0.234627304013519,0.116382292960869,0.0404094065348127,0.00500922316839724,0.000406075667543884,5.93465465479882e-08,0.00162830685018122,0.477368231655602,0.103765762986116
"TCGA.2Z.A9JE.01A",2.53567328452836e-08,0.0020187879900386,0.000713188561305413,0.621574276704413,0.0174322512616016,0.0120328892843539,0.00343701881784386,0.000383655856174846,0.00505857639978019,0.000114240340334736,4.20379017074393e-05,0.337193051525713
"TCGA.IA.A83V.01A",0.0138389127581766,0.0598957661424174,1.05590572042036e-05,1.45547622051903e-06,0.0706845216996241,0.183080717317163,0.156159226625061,0.00190614161693517,4.86533143159559e-06,0.0040097105777977,3.66973880939922e-06,0.510404453659159
"TCGA.2Z.A9JP.01A",3.60173552044206e-07,1.36465865059845e-06,6.95391422073809e-08,0.892318355161989,0.00688244724526135,0.014348131769782,0.051688785532384,6.73618013029779e-05,0.0345054769939421,0.000187437739550185,4.68631480832569e-08,1.62521295899616e-07
"TCGA.2Z.A9J5.01A",0.00660329105932755,0.044881601959899,1.79124815630654e-05,1.3311573635988e-07,0.0356704642227353,0.0309094693409824,0.104710811609258,0.00233627519616998,7.52384700296517e-06,0.00518071659192225,0.0911279442888133,0.678553856286589
"TCGA.B9.4617.01A",0.000387027200935386,0.00901801919886063,4.30886054308776e-08,0.163046100652786,0.0294368270489447,0.0159787710875325,0.00463757611092328,0.00578565080813833,0.00136883242354644,0.000416849946248458,3.13827404619888e-05,0.769892919693017
"TCGA.A4.7288.01A",3.66054150363377e-08,4.89099834183169e-08,2.31698784654195e-06,0.906667391438778,0.000564371955602107,0.0271577589321363,0.0121719454294512,0.000266061900041226,0.0530279541647023,1.37580023491624e-09,0.000142111436482479,8.63761290615427e-10
"TCGA.GL.7773.01A",1.9599931801181e-08,1.15961735280618e-05,1.31710880311853e-08,0.89872242472201,0.0168645481882554,0.0357656808937924,0.0138048073301533,0.00121405326385364,0.0321382266575055,0.00147708348382041,1.51957497556643e-06,2.69410857031115e-08
"TCGA.B1.A47O.01A",0.000503260910910086,0.00638203091967733,1.98683352455295e-08,0.237271921772798,0.00781700180361041,0.0051431587874159,0.00734528927806081,0.000519623758721231,2.2124156685879e-08,0.000454937883119722,0.557041767949418,0.177520964943776
"TCGA.GL.A4EM.01A",2.64810597308474e-07,7.13670985575835e-08,5.75166990235584e-06,0.84838401547691,0.0424194202277218,0.0339596446222818,0.0508186849358871,5.48029334917956e-06,0.0239215777276091,0.000484505257772097,1.97180353938209e-07,3.86430516247765e-07
"TCGA.UZ.A9PZ.01A",0.00224830210168725,0.00628192859385041,7.24344007857231e-05,0.50218928935579,0.027461021047284,0.0132638432308641,0.00298965465764375,0.00452817789601883,0.00833529154093986,0.000550083148691699,0.000209922339674719,0.43187005168677
"TCGA.B9.A5W9.01A",1.03055981553017e-07,1.52314372235467e-05,5.45792727543224e-08,0.881088726261765,0.00195277593147474,0.0245614780893024,0.0181893939929735,6.36188894498685e-05,0.0672039668196795,6.40662628127822e-06,0.00691779814395099,4.46172644473519e-07
"TCGA.DZ.6132.01A",0.0406932348713686,0.119633935177429,7.44771630444888e-05,2.85331565747272e-05,0.105267129302537,0.0959207357654862,0.401106580119694,0.000543334557983756,1.13044839209839e-07,0.0119525031016426,8.8385252829228e-06,0.224770585214117
"TCGA.A4.7583.01A",0.0024235733093569,0.0534649831814376,1.85940787875014e-08,0.587521806724193,0.0531599894032435,0.0174594750469102,0.0141151031268114,0.00118692494904886,0.00982567327481591,0.00291212910309278,2.71533690415969e-05,0.257903169917969
"TCGA.UZ.A9PM.01A",4.01184241946189e-07,0.00023831219845753,1.21973133224198e-06,0.886092132247275,0.0104488721736219,0.0062390480639515,0.0678035547255955,0.00102743246994214,0.0247759550430705,0.00336357131863729,9.41160614220458e-06,8.92377326258797e-08
"TCGA.SX.A71S.01A",4.71155477991951e-06,0.00789470500921246,3.52465974489982e-06,0.669033824489937,0.0333989450549354,0.0275646688992292,0.0159312661075166,0.00110120238415636,0.0048916410431879,0.0001499533846856,0.13175104235827,0.108274515054345
"TCGA.G7.7502.01A",7.32355797551699e-06,0.01795409319614,1.43812581951796e-06,0.435720380835732,0.0233497877861603,0.0209031670382097,0.0265904859035969,0.000373654186224587,0.00209436531877072,0.00101507980874253,0.471985145645647,5.07859698051878e-06
"TCGA.B3.3925.01A",0.00875311337204154,0.0316537039085739,7.18003602618225e-06,0.811310201372498,0.0424305178261835,0.0199353818555446,0.0362022832764102,0.00351404742174201,0.00861020017682047,0.000717229131697482,3.55454887995695e-06,0.0368625870735826
