,Plasma B cells,Non-plasma B cells,CD4 T,CD8 T effector,CD8 T (GZMK high),Double-neg-like T,DC,Endothelial Cells,CAFs,Myofibroblasts,Macrophages,Mast Cells,NK,Neutrophils,Monocytes,1-others,Cancer Cells
TCGA-32-2616-01A,0.000,0.000,0.005,0.000,0.004,0.000,0.000,0.031,0.000,0.024,0.136,0.000,0.000,0.004,0.000,0.794,0.794
TCGA-32-1980-01A,0.000,0.001,0.018,0.000,0.014,0.006,0.007,0.100,0.043,0.054,0.213,0.003,0.008,0.005,0.000,0.528,0.528
TCGA-28-2514-01A,0.000,0.001,0.006,0.001,0.005,0.000,0.003,0.105,0.007,0.054,0.080,0.001,0.001,0.010,0.000,0.727,0.727
TCGA-06-0644-01A,0.000,0.000,0.022,0.001,0.006,0.000,0.000,0.037,0.265,0.005,0.177,0.000,0.000,0.001,0.000,0.484,0.484
TCGA-06-1804-01A,0.000,0.001,0.010,0.006,0.005,0.001,0.002,0.062,0.022,0.049,0.088,0.001,0.008,0.016,0.000,0.727,0.727
TCGA-41-2571-01A,0.000,0.001,0.002,0.000,0.004,0.000,0.001,0.034,0.004,0.024,0.106,0.000,0.009,0.004,0.000,0.810,0.810
TCGA-19-2619-01A,0.000,0.000,0.003,0.000,0.003,0.000,0.000,0.075,0.006,0.052,0.049,0.000,0.000,0.010,0.000,0.800,0.800
TCGA-27-1837-01A,0.000,0.000,0.006,0.000,0.001,0.000,0.008,0.050,0.002,0.036,0.118,0.000,0.002,0.005,0.000,0.770,0.770
TCGA-27-1832-01A,0.000,0.000,0.010,0.003,0.009,0.000,0.001,0.037,0.183,0.015,0.168,0.000,0.001,0.004,0.001,0.569,0.569
TCGA-06-0686-01A,0.000,0.001,0.008,0.000,0.004,0.000,0.011,0.053,0.010,0.049,0.119,0.000,0.003,0.003,0.000,0.740,0.740
TCGA-06-5856-01A,0.000,0.000,0.004,0.001,0.004,0.000,0.000,0.055,0.008,0.033,0.135,0.000,0.000,0.003,0.000,0.755,0.755
TCGA-28-1753-01A,0.000,0.000,0.005,0.001,0.008,0.000,0.005,0.088,0.070,0.054,0.254,0.000,0.001,0.004,0.000,0.511,0.511
TCGA-28-5218-01A,0.000,0.000,0.025,0.001,0.011,0.000,0.000,0.095,0.503,0.018,0.156,0.000,0.000,0.003,0.000,0.186,0.186
TCGA-32-1970-01A,0.000,0.000,0.006,0.001,0.005,0.000,0.001,0.078,0.007,0.033,0.082,0.000,0.004,0.009,0.000,0.771,0.771
TCGA-28-5204-01A,0.000,0.000,0.004,0.000,0.003,0.000,0.000,0.052,0.005,0.042,0.102,0.000,0.000,0.004,0.000,0.785,0.785
TCGA-12-3653-01A,0.001,0.000,0.005,0.000,0.001,0.000,0.000,0.034,0.000,0.021,0.102,0.000,0.000,0.005,0.000,0.831,0.831
TCGA-06-0187-01A,0.000,0.000,0.001,0.000,0.000,0.000,0.000,0.045,0.007,0.040,0.137,0.000,0.000,0.008,0.000,0.761,0.761
TCGA-19-2624-01A,0.000,0.001,0.004,0.007,0.004,0.000,0.001,0.076,0.001,0.040,0.039,0.000,0.000,0.005,0.000,0.823,0.823
TCGA-12-3652-01A,0.002,0.000,0.002,0.000,0.003,0.000,0.000,0.019,0.000,0.017,0.034,0.000,0.000,0.000,0.000,0.922,0.922
TCGA-12-5299-01A,0.000,0.000,0.005,0.000,0.000,0.000,0.000,0.027,0.005,0.031,0.129,0.000,0.000,0.002,0.000,0.800,0.800
TCGA-06-0749-01A,0.000,0.001,0.005,0.000,0.009,0.002,0.010,0.042,0.008,0.028,0.230,0.006,0.004,0.002,0.000,0.652,0.652
TCGA-06-0158-01A,0.000,0.001,0.004,0.000,0.006,0.000,0.004,0.069,0.011,0.047,0.154,0.000,0.004,0.010,0.000,0.690,0.690
TCGA-19-1390-01A,0.000,0.000,0.006,0.001,0.001,0.000,0.000,0.036,0.000,0.035,0.081,0.000,0.000,0.013,0.000,0.827,0.827
TCGA-28-2510-01A,0.000,0.001,0.012,0.001,0.008,0.015,0.009,0.112,0.028,0.068,0.117,0.006,0.006,0.009,0.000,0.608,0.608
TCGA-32-2615-01A,0.000,0.000,0.009,0.001,0.008,0.001,0.001,0.047,0.040,0.029,0.150,0.000,0.003,0.008,0.000,0.705,0.705
TCGA-76-4929-01A,0.000,0.000,0.011,0.000,0.003,0.000,0.000,0.040,0.014,0.026,0.124,0.000,0.009,0.005,0.000,0.766,0.766
TCGA-06-0178-01A,0.000,0.000,0.002,0.000,0.001,0.000,0.000,0.015,0.000,0.023,0.197,0.000,0.005,0.000,0.000,0.756,0.756
TCGA-41-5651-01A,0.000,0.004,0.002,0.001,0.003,0.000,0.003,0.070,0.009,0.033,0.056,0.000,0.006,0.005,0.000,0.809,0.809
TCGA-14-2554-01A,0.000,0.000,0.004,0.000,0.002,0.000,0.000,0.037,0.002,0.027,0.147,0.000,0.000,0.000,0.000,0.779,0.779
TCGA-06-2559-01A,0.000,0.000,0.004,0.001,0.004,0.000,0.000,0.054,0.011,0.050,0.103,0.001,0.000,0.009,0.000,0.763,0.763
TCGA-14-0787-01A,0.000,0.000,0.006,0.000,0.003,0.000,0.000,0.038,0.013,0.025,0.140,0.000,0.000,0.002,0.000,0.772,0.772
TCGA-12-0618-01A,0.000,0.001,0.003,0.000,0.003,0.000,0.004,0.033,0.006,0.029,0.066,0.000,0.005,0.008,0.000,0.840,0.840
TCGA-14-1034-01A,0.000,0.000,0.006,0.000,0.002,0.000,0.000,0.042,0.020,0.024,0.186,0.000,0.000,0.006,0.000,0.713,0.713
TCGA-06-0743-01A,0.000,0.000,0.002,0.000,0.006,0.000,0.004,0.046,0.011,0.037,0.093,0.000,0.001,0.003,0.000,0.796,0.796
TCGA-16-1045-01B,0.000,0.000,0.014,0.000,0.004,0.000,0.000,0.060,0.032,0.039,0.284,0.000,0.001,0.009,0.000,0.556,0.556
TCGA-76-4927-01A,0.000,0.000,0.010,0.000,0.003,0.000,0.000,0.069,0.024,0.061,0.173,0.000,0.005,0.003,0.000,0.652,0.652
TCGA-32-2638-01A,0.000,0.000,0.004,0.000,0.004,0.000,0.000,0.062,0.025,0.069,0.178,0.000,0.000,0.005,0.000,0.651,0.651
TCGA-14-1825-01A,0.000,0.000,0.009,0.000,0.000,0.000,0.001,0.042,0.001,0.038,0.089,0.000,0.004,0.002,0.000,0.812,0.812
TCGA-32-2632-01A,0.000,0.000,0.028,0.001,0.009,0.000,0.000,0.055,0.048,0.030,0.199,0.000,0.001,0.003,0.000,0.625,0.625
TCGA-14-1823-01A,0.000,0.000,0.002,0.000,0.000,0.000,0.000,0.015,0.019,0.014,0.217,0.000,0.000,0.000,0.000,0.731,0.731
TCGA-12-3650-01A,0.000,0.000,0.006,0.000,0.003,0.000,0.004,0.040,0.000,0.035,0.107,0.000,0.000,0.001,0.000,0.802,0.802
TCGA-06-0211-01A,0.000,0.000,0.008,0.000,0.001,0.000,0.000,0.049,0.012,0.047,0.159,0.000,0.000,0.008,0.000,0.715,0.715
TCGA-06-0238-01A,0.000,0.001,0.007,0.000,0.004,0.001,0.007,0.028,0.008,0.025,0.198,0.001,0.007,0.000,0.000,0.713,0.713
TCGA-06-0184-01A,0.000,0.000,0.006,0.000,0.001,0.000,0.000,0.045,0.019,0.038,0.268,0.000,0.000,0.003,0.000,0.620,0.620
TCGA-76-4925-01A,0.000,0.000,0.001,0.000,0.002,0.000,0.000,0.032,0.000,0.034,0.061,0.000,0.000,0.004,0.000,0.866,0.866
TCGA-12-0616-01A,0.000,0.000,0.006,0.001,0.002,0.000,0.004,0.026,0.009,0.024,0.103,0.000,0.000,0.001,0.000,0.823,0.823
TCGA-26-5132-01A,0.000,0.000,0.005,0.001,0.006,0.000,0.000,0.059,0.002,0.075,0.105,0.000,0.000,0.002,0.000,0.744,0.744
TCGA-02-0055-01A,0.000,0.000,0.021,0.001,0.007,0.000,0.000,0.017,0.436,0.013,0.185,0.000,0.000,0.008,0.002,0.308,0.308
TCGA-06-0132-01A,0.000,0.001,0.011,0.000,0.008,0.001,0.004,0.049,0.051,0.037,0.318,0.002,0.005,0.003,0.000,0.510,0.510
TCGA-02-2486-01A,0.000,0.001,0.008,0.000,0.005,0.000,0.000,0.015,0.021,0.014,0.292,0.000,0.001,0.005,0.000,0.638,0.638
TCGA-19-1787-01B,0.000,0.000,0.009,0.002,0.004,0.000,0.000,0.049,0.022,0.046,0.162,0.000,0.000,0.003,0.000,0.702,0.702
TCGA-06-0211-01B,0.000,0.000,0.003,0.000,0.003,0.000,0.003,0.049,0.000,0.036,0.090,0.000,0.000,0.004,0.000,0.810,0.810
TCGA-06-5859-01A,0.000,0.000,0.010,0.000,0.007,0.000,0.000,0.038,0.006,0.027,0.163,0.000,0.003,0.005,0.000,0.740,0.740
TCGA-06-0139-01A,0.001,0.001,0.012,0.002,0.006,0.000,0.000,0.036,0.148,0.030,0.520,0.000,0.004,0.010,0.000,0.230,0.230
TCGA-06-0157-01A,0.000,0.000,0.007,0.000,0.005,0.000,0.008,0.087,0.017,0.047,0.121,0.000,0.004,0.005,0.000,0.698,0.698
TCGA-12-1597-01B,0.000,0.000,0.005,0.000,0.003,0.000,0.000,0.036,0.000,0.034,0.121,0.000,0.004,0.001,0.000,0.794,0.794
TCGA-76-4931-01A,0.000,0.000,0.004,0.001,0.005,0.000,0.000,0.046,0.004,0.032,0.070,0.000,0.000,0.005,0.000,0.832,0.832
TCGA-06-5417-01A,0.000,0.000,0.003,0.000,0.000,0.000,0.000,0.040,0.000,0.053,0.070,0.000,0.000,0.002,0.000,0.831,0.831
TCGA-32-5222-01A,0.000,0.000,0.002,0.000,0.001,0.000,0.000,0.033,0.000,0.023,0.179,0.000,0.000,0.002,0.000,0.759,0.759
TCGA-76-4932-01A,0.000,0.000,0.001,0.000,0.000,0.000,0.000,0.031,0.000,0.037,0.097,0.000,0.000,0.002,0.000,0.831,0.831
TCGA-28-5208-01A,0.000,0.000,0.012,0.000,0.001,0.000,0.002,0.049,0.009,0.032,0.139,0.000,0.000,0.003,0.000,0.752,0.752
TCGA-02-0047-01A,0.000,0.001,0.009,0.000,0.002,0.000,0.001,0.052,0.023,0.081,0.187,0.000,0.006,0.008,0.000,0.631,0.631
TCGA-28-5207-01A,0.000,0.001,0.011,0.000,0.005,0.002,0.012,0.157,0.029,0.045,0.125,0.004,0.008,0.006,0.000,0.595,0.595
TCGA-28-5220-01A,0.000,0.000,0.008,0.000,0.002,0.000,0.000,0.023,0.012,0.026,0.134,0.000,0.001,0.001,0.000,0.793,0.793
TCGA-06-0744-01A,0.000,0.000,0.001,0.000,0.003,0.000,0.000,0.061,0.000,0.038,0.086,0.000,0.000,0.000,0.000,0.808,0.808
TCGA-27-2524-01A,0.000,0.000,0.005,0.000,0.001,0.000,0.000,0.030,0.080,0.023,0.136,0.000,0.000,0.000,0.000,0.723,0.723
TCGA-06-0745-01A,0.000,0.000,0.005,0.000,0.003,0.000,0.000,0.049,0.004,0.046,0.153,0.000,0.005,0.001,0.000,0.734,0.734
TCGA-16-0846-01A,0.000,0.001,0.011,0.001,0.008,0.000,0.001,0.057,0.004,0.038,0.175,0.000,0.011,0.004,0.000,0.690,0.690
TCGA-06-0882-01A,0.000,0.001,0.011,0.000,0.005,0.000,0.001,0.054,0.021,0.035,0.207,0.000,0.004,0.008,0.000,0.652,0.652
TCGA-06-5411-01A,0.001,0.002,0.013,0.001,0.008,0.007,0.017,0.064,0.006,0.051,0.153,0.005,0.006,0.006,0.000,0.661,0.661
TCGA-27-1835-01A,0.000,0.000,0.000,0.000,0.001,0.000,0.000,0.082,0.000,0.044,0.021,0.000,0.000,0.000,0.000,0.850,0.850
TCGA-28-2513-01A,0.000,0.000,0.014,0.000,0.001,0.000,0.001,0.049,0.096,0.035,0.221,0.000,0.001,0.006,0.000,0.575,0.575
TCGA-14-0781-01B,0.000,0.000,0.006,0.000,0.000,0.000,0.000,0.075,0.138,0.059,0.155,0.000,0.000,0.004,0.000,0.562,0.562
TCGA-14-0789-01A,0.000,0.000,0.011,0.000,0.001,0.000,0.000,0.039,0.137,0.030,0.246,0.000,0.001,0.008,0.000,0.527,0.527
TCGA-06-0141-01A,0.000,0.001,0.006,0.000,0.003,0.000,0.001,0.028,0.092,0.019,0.294,0.000,0.002,0.008,0.000,0.546,0.546
TCGA-06-2565-01A,0.000,0.000,0.005,0.001,0.003,0.000,0.010,0.101,0.008,0.035,0.082,0.000,0.000,0.006,0.000,0.749,0.749
TCGA-28-5213-01A,0.001,0.000,0.013,0.000,0.005,0.000,0.000,0.037,0.081,0.039,0.276,0.000,0.002,0.005,0.000,0.539,0.539
TCGA-06-2557-01A,0.005,0.001,0.012,0.002,0.012,0.000,0.007,0.040,0.009,0.027,0.267,0.000,0.005,0.010,0.000,0.602,0.602
TCGA-26-5133-01A,0.000,0.000,0.001,0.000,0.000,0.000,0.000,0.051,0.000,0.056,0.062,0.000,0.000,0.000,0.000,0.829,0.829
TCGA-06-0210-01A,0.000,0.000,0.003,0.000,0.001,0.000,0.000,0.020,0.089,0.012,0.196,0.000,0.004,0.011,0.000,0.663,0.663
TCGA-08-0386-01A,0.000,0.001,0.006,0.001,0.004,0.000,0.000,0.081,0.006,0.060,0.067,0.000,0.004,0.009,0.000,0.760,0.760
TCGA-06-2569-01A,0.000,0.000,0.000,0.005,0.004,0.000,0.000,0.100,0.421,0.048,0.010,0.000,0.000,0.003,0.000,0.409,0.409
TCGA-26-5139-01A,0.000,0.000,0.007,0.000,0.004,0.000,0.000,0.042,0.032,0.038,0.117,0.000,0.000,0.006,0.000,0.753,0.753
TCGA-41-2572-01A,0.000,0.000,0.002,0.000,0.004,0.000,0.000,0.050,0.001,0.045,0.099,0.000,0.000,0.002,0.000,0.796,0.796
TCGA-28-2499-01A,0.000,0.000,0.004,0.000,0.002,0.000,0.000,0.042,0.000,0.017,0.109,0.000,0.000,0.002,0.000,0.821,0.821
TCGA-06-2570-01A,0.000,0.001,0.007,0.000,0.001,0.000,0.000,0.075,0.005,0.066,0.185,0.000,0.006,0.009,0.000,0.645,0.645
TCGA-14-0817-01A,0.000,0.000,0.005,0.000,0.003,0.000,0.000,0.037,0.008,0.033,0.234,0.000,0.002,0.000,0.000,0.675,0.675
TCGA-28-5209-01A,0.000,0.000,0.002,0.000,0.000,0.000,0.000,0.039,0.018,0.057,0.062,0.000,0.000,0.003,0.000,0.817,0.817
TCGA-06-0649-01B,0.005,0.001,0.010,0.001,0.007,0.000,0.001,0.037,0.087,0.020,0.222,0.000,0.006,0.004,0.000,0.600,0.600
TCGA-06-2561-01A,0.000,0.000,0.005,0.000,0.005,0.000,0.001,0.049,0.013,0.025,0.197,0.000,0.000,0.006,0.000,0.697,0.697
TCGA-27-1831-01A,0.000,0.000,0.001,0.000,0.000,0.000,0.000,0.022,0.007,0.021,0.158,0.000,0.000,0.000,0.000,0.789,0.789
TCGA-27-2519-01A,0.000,0.000,0.009,0.001,0.006,0.000,0.000,0.037,0.000,0.015,0.212,0.000,0.002,0.002,0.000,0.714,0.714
TCGA-06-0747-01A,0.000,0.000,0.001,0.001,0.002,0.000,0.000,0.046,0.001,0.027,0.062,0.000,0.000,0.005,0.000,0.856,0.856
TCGA-06-2558-01A,0.000,0.001,0.009,0.001,0.006,0.001,0.002,0.101,0.007,0.060,0.125,0.001,0.005,0.006,0.000,0.676,0.676
TCGA-27-1830-01A,0.000,0.000,0.004,0.001,0.005,0.000,0.000,0.057,0.049,0.050,0.154,0.000,0.000,0.011,0.000,0.667,0.667
TCGA-06-5412-01A,0.000,0.000,0.018,0.001,0.001,0.000,0.000,0.097,0.080,0.034,0.291,0.000,0.000,0.004,0.000,0.472,0.472
TCGA-14-1829-01A,0.004,0.000,0.004,0.000,0.002,0.000,0.000,0.022,0.012,0.018,0.171,0.000,0.000,0.000,0.000,0.766,0.766
TCGA-06-5416-01A,0.000,0.001,0.005,0.004,0.003,0.000,0.009,0.037,0.005,0.050,0.037,0.000,0.000,0.001,0.000,0.847,0.847
TCGA-06-5408-01A,0.000,0.000,0.013,0.001,0.000,0.000,0.000,0.041,0.018,0.028,0.089,0.000,0.000,0.007,0.000,0.803,0.803
TCGA-27-2521-01A,0.000,0.000,0.003,0.000,0.000,0.000,0.000,0.037,0.001,0.056,0.070,0.000,0.004,0.000,0.000,0.828,0.828
TCGA-32-2634-01A,0.000,0.001,0.006,0.000,0.009,0.000,0.004,0.059,0.025,0.047,0.078,0.000,0.001,0.005,0.000,0.763,0.763
TCGA-06-0219-01A,0.000,0.000,0.002,0.000,0.003,0.000,0.000,0.020,0.000,0.024,0.162,0.000,0.002,0.000,0.000,0.786,0.786
TCGA-76-4926-01B,0.000,0.000,0.008,0.000,0.003,0.000,0.001,0.041,0.013,0.035,0.097,0.002,0.000,0.004,0.000,0.793,0.793
TCGA-14-0790-01B,0.000,0.000,0.001,0.000,0.002,0.000,0.002,0.040,0.003,0.036,0.035,0.000,0.000,0.001,0.000,0.881,0.881
TCGA-06-5858-01A,0.000,0.000,0.006,0.000,0.001,0.000,0.000,0.053,0.001,0.067,0.182,0.000,0.000,0.006,0.000,0.683,0.683
TCGA-26-5135-01A,0.000,0.000,0.009,0.000,0.002,0.000,0.000,0.102,0.011,0.077,0.157,0.000,0.006,0.003,0.000,0.632,0.632
TCGA-27-1834-01A,0.000,0.002,0.019,0.001,0.005,0.001,0.007,0.043,0.015,0.028,0.164,0.002,0.009,0.006,0.000,0.697,0.697
TCGA-06-0129-01A,0.000,0.001,0.014,0.008,0.001,0.000,0.001,0.034,0.000,0.022,0.227,0.000,0.002,0.016,0.000,0.674,0.674
TCGA-41-3915-01A,0.000,0.000,0.013,0.001,0.006,0.000,0.000,0.054,0.095,0.039,0.188,0.000,0.002,0.011,0.000,0.588,0.588
TCGA-06-2562-01A,0.000,0.000,0.007,0.001,0.004,0.000,0.000,0.060,0.054,0.058,0.143,0.000,0.001,0.006,0.000,0.665,0.665
TCGA-28-1747-01C,0.000,0.000,0.011,0.001,0.004,0.000,0.001,0.035,0.000,0.020,0.201,0.000,0.001,0.005,0.000,0.720,0.720
TCGA-06-2563-01A,0.000,0.000,0.004,0.001,0.005,0.000,0.001,0.084,0.003,0.047,0.097,0.000,0.000,0.005,0.000,0.752,0.752
TCGA-28-5216-01A,0.000,0.000,0.005,0.000,0.000,0.000,0.001,0.036,0.050,0.032,0.117,0.000,0.001,0.002,0.000,0.754,0.754
TCGA-28-2509-01A,0.000,0.000,0.005,0.000,0.002,0.000,0.000,0.019,0.006,0.022,0.120,0.000,0.000,0.002,0.000,0.823,0.823
TCGA-19-2625-01A,0.000,0.000,0.002,0.000,0.001,0.000,0.000,0.023,0.015,0.043,0.081,0.000,0.000,0.002,0.000,0.832,0.832
TCGA-02-2483-01A,0.000,0.000,0.004,0.000,0.002,0.000,0.000,0.053,0.003,0.056,0.134,0.000,0.000,0.003,0.000,0.744,0.744
TCGA-15-0742-01A,0.000,0.000,0.004,0.000,0.002,0.000,0.000,0.038,0.000,0.025,0.051,0.000,0.000,0.002,0.000,0.877,0.877
TCGA-06-5413-01A,0.000,0.001,0.016,0.003,0.007,0.000,0.001,0.074,0.031,0.042,0.169,0.000,0.001,0.005,0.000,0.648,0.648
TCGA-06-0125-01A,0.000,0.000,0.003,0.001,0.003,0.000,0.000,0.052,0.012,0.046,0.067,0.000,0.000,0.007,0.000,0.808,0.808
TCGA-26-1442-01A,0.000,0.001,0.002,0.000,0.000,0.000,0.007,0.090,0.000,0.087,0.095,0.000,0.004,0.004,0.000,0.710,0.710
TCGA-06-0646-01A,0.000,0.001,0.010,0.006,0.003,0.000,0.000,0.046,0.014,0.046,0.191,0.000,0.004,0.013,0.000,0.666,0.666
TCGA-12-5295-01A,0.000,0.000,0.000,0.000,0.002,0.000,0.000,0.022,0.000,0.015,0.165,0.000,0.000,0.000,0.000,0.794,0.794
TCGA-41-4097-01A,0.000,0.000,0.016,0.001,0.011,0.000,0.002,0.051,0.145,0.032,0.167,0.000,0.003,0.008,0.000,0.565,0.565
TCGA-06-5418-01A,0.000,0.000,0.002,0.000,0.000,0.000,0.000,0.021,0.018,0.019,0.153,0.000,0.000,0.006,0.000,0.779,0.779
TCGA-19-4065-01A,0.000,0.000,0.003,0.002,0.003,0.000,0.000,0.026,0.058,0.029,0.255,0.000,0.000,0.000,0.000,0.622,0.622
TCGA-06-0168-01A,0.000,0.000,0.017,0.001,0.005,0.001,0.001,0.051,0.079,0.040,0.210,0.000,0.003,0.004,0.000,0.587,0.587
TCGA-06-0190-01A,0.000,0.000,0.011,0.001,0.009,0.000,0.000,0.047,0.219,0.033,0.193,0.000,0.001,0.010,0.000,0.477,0.477
TCGA-19-5960-01A,0.000,0.001,0.005,0.001,0.003,0.000,0.008,0.032,0.009,0.022,0.058,0.001,0.000,0.004,0.000,0.855,0.855
TCGA-06-5414-01A,0.000,0.000,0.005,0.000,0.001,0.000,0.000,0.044,0.000,0.038,0.181,0.000,0.000,0.006,0.000,0.725,0.725
TCGA-32-1982-01A,0.000,0.001,0.010,0.000,0.006,0.000,0.000,0.132,0.026,0.084,0.171,0.000,0.005,0.006,0.000,0.557,0.557
TCGA-06-0645-01A,0.000,0.000,0.009,0.000,0.002,0.000,0.000,0.065,0.054,0.063,0.308,0.000,0.002,0.008,0.000,0.487,0.487
TCGA-19-2629-01A,0.000,0.000,0.007,0.000,0.003,0.000,0.000,0.037,0.006,0.051,0.174,0.000,0.001,0.003,0.000,0.718,0.718
TCGA-06-0174-01A,0.000,0.000,0.005,0.000,0.002,0.000,0.000,0.042,0.010,0.036,0.087,0.000,0.001,0.006,0.000,0.811,0.811
TCGA-32-4213-01A,0.000,0.000,0.016,0.000,0.002,0.000,0.000,0.056,0.042,0.067,0.198,0.000,0.001,0.000,0.000,0.617,0.617
TCGA-12-0821-01A,0.000,0.000,0.004,0.000,0.003,0.000,0.000,0.062,0.001,0.069,0.066,0.000,0.000,0.002,0.000,0.792,0.792
TCGA-76-4928-01B,0.000,0.000,0.005,0.001,0.001,0.000,0.000,0.053,0.071,0.027,0.150,0.000,0.000,0.003,0.000,0.690,0.690
TCGA-02-2485-01A,0.000,0.000,0.002,0.001,0.005,0.000,0.012,0.077,0.007,0.040,0.060,0.000,0.000,0.004,0.000,0.790,0.790
TCGA-06-0138-01A,0.000,0.000,0.005,0.000,0.002,0.000,0.001,0.051,0.014,0.044,0.194,0.000,0.005,0.001,0.000,0.682,0.682
TCGA-15-1444-01A,0.000,0.000,0.003,0.000,0.000,0.000,0.000,0.082,0.000,0.051,0.210,0.000,0.004,0.011,0.000,0.637,0.637
TCGA-06-0750-01A,0.000,0.000,0.006,0.000,0.003,0.000,0.000,0.061,0.103,0.055,0.159,0.000,0.005,0.003,0.000,0.603,0.603
TCGA-27-2526-01A,0.000,0.000,0.006,0.000,0.004,0.000,0.000,0.018,0.000,0.010,0.112,0.000,0.000,0.000,0.000,0.848,0.848
TCGA-27-2528-01A,0.000,0.000,0.002,0.000,0.002,0.000,0.000,0.084,0.069,0.071,0.047,0.000,0.000,0.001,0.000,0.723,0.723
TCGA-06-2564-01A,0.000,0.000,0.007,0.001,0.003,0.000,0.000,0.056,0.005,0.045,0.163,0.000,0.000,0.010,0.000,0.709,0.709
TCGA-06-0130-01A,0.000,0.000,0.014,0.020,0.019,0.000,0.007,0.036,0.294,0.012,0.310,0.000,0.001,0.005,0.000,0.280,0.280
TCGA-06-2567-01A,0.000,0.001,0.014,0.011,0.007,0.001,0.000,0.048,0.012,0.045,0.184,0.001,0.013,0.014,0.000,0.647,0.647
TCGA-12-0619-01A,0.000,0.000,0.007,0.001,0.005,0.000,0.000,0.044,0.029,0.038,0.202,0.000,0.000,0.013,0.000,0.661,0.661
TCGA-19-2620-01A,0.000,0.000,0.003,0.000,0.003,0.000,0.000,0.054,0.014,0.038,0.111,0.000,0.001,0.006,0.000,0.769,0.769
TCGA-28-5215-01A,0.000,0.000,0.016,0.004,0.005,0.000,0.000,0.049,0.070,0.030,0.168,0.000,0.004,0.006,0.000,0.646,0.646
TCGA-06-0878-01A,0.000,0.000,0.008,0.001,0.003,0.000,0.000,0.041,0.044,0.030,0.178,0.000,0.000,0.010,0.000,0.686,0.686
TCGA-26-5134-01A,0.000,0.000,0.008,0.009,0.000,0.000,0.000,0.034,0.020,0.036,0.107,0.000,0.001,0.001,0.000,0.782,0.782
TCGA-26-5136-01B,0.000,0.001,0.011,0.003,0.010,0.000,0.000,0.052,0.013,0.041,0.184,0.000,0.005,0.003,0.000,0.677,0.677
TCGA-14-0871-01A,0.000,0.000,0.000,0.000,0.003,0.000,0.000,0.046,0.217,0.021,0.033,0.000,0.000,0.001,0.000,0.678,0.678
TCGA-27-2523-01A,0.000,0.000,0.004,0.000,0.003,0.000,0.000,0.032,0.000,0.030,0.082,0.000,0.000,0.002,0.000,0.846,0.846
TCGA-06-5410-01A,0.000,0.001,0.018,0.001,0.001,0.000,0.001,0.052,0.089,0.035,0.452,0.000,0.006,0.012,0.002,0.330,0.330
