,Plasma B cells,Non-plasma B cells,CD4 T,CD8 T effector,CD8 T (GZMK high),Double-neg-like T,DC,Endothelial Cells,CAFs,Myofibroblasts,Macrophages,Mast Cells,NK,Neutrophils,Monocytes,1-others,Cancer Cells
TCGA-C5-A7UI-01A,0.073,0.000,0.026,0.047,0.003,0.000,0.007,0.018,0.010,0.001,0.032,0.000,0.002,0.001,0.000,0.780,0.780
TCGA-C5-A902-01A,0.000,0.000,0.001,0.117,0.000,0.000,0.006,0.029,0.000,0.000,0.022,0.000,0.007,0.002,0.000,0.816,0.816
TCGA-DS-A1OB-01A,0.002,0.000,0.008,0.006,0.000,0.000,0.000,0.011,0.004,0.000,0.076,0.000,0.000,0.000,0.000,0.893,0.893
TCGA-Q1-A6DW-01A,0.000,0.000,0.001,0.034,0.000,0.000,0.017,0.066,0.013,0.005,0.008,0.000,0.001,0.006,0.000,0.849,0.849
TCGA-EK-A2R7-01A,0.033,0.000,0.016,0.034,0.004,0.000,0.020,0.027,0.041,0.000,0.026,0.000,0.000,0.004,0.000,0.794,0.794
TCGA-C5-A7X8-01A,0.058,0.000,0.012,0.013,0.005,0.000,0.010,0.049,0.204,0.008,0.022,0.000,0.000,0.003,0.001,0.615,0.615
TCGA-Q1-A5R3-01A,0.014,0.000,0.008,0.018,0.010,0.000,0.010,0.010,0.013,0.000,0.019,0.000,0.000,0.002,0.000,0.895,0.895
TCGA-C5-A7X5-01A,0.000,0.000,0.003,0.000,0.000,0.000,0.000,0.019,0.017,0.000,0.018,0.000,0.000,0.001,0.000,0.941,0.941
TCGA-ZJ-A8QR-01A,0.007,0.000,0.000,0.015,0.000,0.000,0.008,0.045,0.005,0.000,0.008,0.000,0.000,0.014,0.005,0.893,0.893
TCGA-HM-A3JK-01A,0.012,0.000,0.020,0.001,0.004,0.001,0.041,0.054,0.267,0.019,0.037,0.000,0.000,0.002,0.000,0.542,0.542
TCGA-EA-A556-01A,0.007,0.000,0.006,0.016,0.003,0.000,0.001,0.028,0.117,0.009,0.019,0.000,0.000,0.005,0.000,0.788,0.788
TCGA-VS-A9V4-01A,0.007,0.000,0.000,0.011,0.000,0.001,0.001,0.010,0.000,0.005,0.010,0.000,0.000,0.009,0.003,0.943,0.943
TCGA-IR-A3L7-01A,0.000,0.000,0.000,0.014,0.000,0.000,0.002,0.033,0.035,0.000,0.008,0.000,0.000,0.005,0.000,0.903,0.903
TCGA-EK-A2RL-01A,0.003,0.000,0.000,0.025,0.001,0.000,0.001,0.018,0.017,0.000,0.005,0.000,0.000,0.003,0.001,0.928,0.928
TCGA-VS-A94X-01A,0.000,0.000,0.007,0.015,0.001,0.000,0.000,0.021,0.001,0.000,0.022,0.000,0.000,0.006,0.000,0.926,0.926
TCGA-VS-A9V3-01A,0.006,0.003,0.028,0.044,0.002,0.000,0.008,0.046,0.021,0.010,0.054,0.000,0.001,0.012,0.000,0.765,0.765
TCGA-EK-A2RO-01A,0.000,0.000,0.002,0.007,0.001,0.000,0.004,0.018,0.116,0.001,0.016,0.000,0.000,0.000,0.000,0.835,0.835
TCGA-JW-A5VJ-01A,0.007,0.000,0.001,0.016,0.006,0.000,0.003,0.024,0.016,0.000,0.032,0.000,0.000,0.001,0.000,0.894,0.894
TCGA-MA-AA42-01A,0.035,0.002,0.061,0.072,0.046,0.000,0.049,0.015,0.007,0.000,0.145,0.000,0.002,0.003,0.001,0.562,0.562
TCGA-C5-A1MK-01A,0.000,0.000,0.016,0.014,0.000,0.000,0.000,0.025,0.114,0.003,0.050,0.000,0.000,0.005,0.009,0.763,0.763
TCGA-UC-A7PG-01A,0.000,0.000,0.003,0.004,0.004,0.000,0.014,0.032,0.034,0.000,0.011,0.000,0.000,0.007,0.005,0.887,0.887
TCGA-VS-A9UH-01A,0.042,0.000,0.025,0.055,0.015,0.000,0.003,0.037,0.080,0.003,0.175,0.000,0.001,0.004,0.001,0.558,0.558
TCGA-4J-AA1J-01A,0.000,0.000,0.013,0.010,0.000,0.000,0.007,0.047,0.077,0.026,0.015,0.000,0.000,0.011,0.001,0.793,0.793
TCGA-C5-A1ME-01A,0.018,0.000,0.007,0.009,0.012,0.000,0.019,0.018,0.015,0.000,0.014,0.001,0.000,0.000,0.000,0.886,0.886
TCGA-C5-A8YR-01A,0.000,0.000,0.005,0.064,0.000,0.000,0.000,0.020,0.004,0.004,0.115,0.000,0.000,0.003,0.003,0.782,0.782
TCGA-EA-A5FO-01A,0.000,0.000,0.000,0.008,0.000,0.000,0.002,0.018,0.000,0.000,0.000,0.000,0.000,0.003,0.000,0.969,0.969
TCGA-MA-AA3Z-01A,0.010,0.000,0.018,0.072,0.001,0.000,0.030,0.027,0.001,0.001,0.025,0.000,0.000,0.007,0.000,0.808,0.808
TCGA-C5-A8XJ-01A,0.012,0.000,0.016,0.028,0.014,0.000,0.005,0.061,0.084,0.020,0.052,0.001,0.000,0.007,0.000,0.699,0.699
TCGA-R2-A69V-01A,0.011,0.002,0.028,0.070,0.029,0.000,0.066,0.033,0.038,0.000,0.216,0.000,0.001,0.003,0.001,0.500,0.500
TCGA-C5-A1BM-01A,0.010,0.000,0.019,0.016,0.000,0.000,0.030,0.027,0.011,0.000,0.164,0.000,0.000,0.006,0.002,0.715,0.715
TCGA-ZJ-AAXD-01A,0.001,0.000,0.000,0.007,0.002,0.000,0.007,0.041,0.104,0.022,0.003,0.000,0.000,0.005,0.001,0.806,0.806
TCGA-HM-A4S6-01A,0.000,0.000,0.029,0.051,0.002,0.000,0.038,0.030,0.043,0.008,0.113,0.000,0.000,0.009,0.000,0.676,0.676
TCGA-EA-A5ZF-01A,0.006,0.000,0.001,0.006,0.001,0.000,0.000,0.031,0.097,0.005,0.032,0.000,0.000,0.005,0.000,0.816,0.816
TCGA-C5-A1M6-01A,0.000,0.000,0.001,0.013,0.009,0.000,0.000,0.018,0.044,0.002,0.008,0.000,0.000,0.005,0.000,0.899,0.899
TCGA-DG-A2KK-01A,0.003,0.000,0.003,0.025,0.010,0.000,0.021,0.015,0.011,0.000,0.028,0.000,0.000,0.006,0.000,0.877,0.877
TCGA-HG-A2PA-01A,0.027,0.000,0.013,0.027,0.004,0.000,0.009,0.040,0.075,0.001,0.015,0.001,0.000,0.009,0.008,0.771,0.771
TCGA-VS-A8EH-01A,0.000,0.000,0.008,0.017,0.000,0.000,0.007,0.022,0.004,0.001,0.026,0.000,0.000,0.008,0.000,0.907,0.907
TCGA-FU-A5XV-01A,0.005,0.000,0.010,0.016,0.001,0.000,0.014,0.041,0.016,0.000,0.010,0.000,0.000,0.007,0.008,0.871,0.871
TCGA-C5-A1MF-01A,0.018,0.000,0.000,0.014,0.001,0.000,0.000,0.003,0.028,0.000,0.038,0.000,0.000,0.000,0.000,0.897,0.897
TCGA-EX-A449-01A,0.091,0.000,0.000,0.030,0.000,0.000,0.000,0.015,0.001,0.000,0.009,0.000,0.001,0.002,0.000,0.850,0.850
TCGA-C5-A2LX-01A,0.038,0.000,0.065,0.032,0.034,0.000,0.088,0.011,0.053,0.001,0.052,0.000,0.000,0.000,0.000,0.624,0.624
TCGA-HM-A3JJ-01A,0.008,0.001,0.016,0.017,0.002,0.000,0.038,0.051,0.138,0.006,0.037,0.000,0.001,0.005,0.000,0.679,0.679
TCGA-LP-A4AW-01A,0.005,0.000,0.013,0.000,0.004,0.000,0.010,0.113,0.165,0.093,0.024,0.000,0.000,0.005,0.000,0.566,0.566
TCGA-C5-A8XH-01A,0.000,0.000,0.023,0.023,0.000,0.000,0.011,0.025,0.034,0.000,0.055,0.000,0.000,0.002,0.000,0.825,0.825
TCGA-EK-A2RE-01A,0.000,0.000,0.007,0.004,0.000,0.000,0.007,0.040,0.020,0.003,0.003,0.000,0.000,0.004,0.011,0.901,0.901
TCGA-EK-A2RC-01A,0.013,0.000,0.004,0.044,0.005,0.000,0.011,0.024,0.103,0.000,0.046,0.000,0.001,0.003,0.000,0.746,0.746
TCGA-EA-A3HU-01A,0.036,0.000,0.012,0.145,0.000,0.000,0.008,0.033,0.015,0.000,0.081,0.000,0.009,0.002,0.001,0.657,0.657
TCGA-EK-A2PI-01A,0.000,0.000,0.006,0.007,0.000,0.000,0.000,0.018,0.076,0.000,0.012,0.000,0.000,0.004,0.000,0.875,0.875
TCGA-EX-A8YF-01A,0.067,0.000,0.000,0.061,0.015,0.000,0.004,0.022,0.005,0.002,0.035,0.000,0.000,0.007,0.000,0.780,0.780
TCGA-C5-A7UC-01A,0.000,0.000,0.003,0.003,0.000,0.000,0.000,0.027,0.009,0.001,0.002,0.000,0.000,0.001,0.000,0.954,0.954
TCGA-EA-A3QE-01A,0.012,0.003,0.036,0.100,0.009,0.000,0.040,0.047,0.028,0.001,0.057,0.000,0.002,0.010,0.002,0.653,0.653
TCGA-EA-A4BA-01A,0.000,0.000,0.004,0.002,0.000,0.000,0.000,0.035,0.050,0.010,0.004,0.000,0.000,0.000,0.000,0.892,0.892
TCGA-EA-A411-01A,0.022,0.000,0.020,0.008,0.002,0.000,0.024,0.052,0.154,0.018,0.037,0.000,0.000,0.006,0.001,0.655,0.655
TCGA-IR-A3LL-01A,0.000,0.000,0.009,0.087,0.003,0.000,0.020,0.016,0.002,0.000,0.158,0.000,0.000,0.000,0.000,0.704,0.704
TCGA-IR-A3LF-01A,0.007,0.005,0.005,0.043,0.001,0.000,0.031,0.033,0.045,0.007,0.017,0.002,0.000,0.006,0.000,0.797,0.797
TCGA-EK-A3GJ-01A,0.000,0.000,0.003,0.056,0.000,0.000,0.002,0.009,0.000,0.000,0.080,0.000,0.000,0.001,0.000,0.848,0.848
TCGA-ZJ-AAXI-01A,0.000,0.000,0.000,0.008,0.000,0.000,0.011,0.004,0.000,0.000,0.000,0.000,0.000,0.000,0.000,0.976,0.976
TCGA-C5-A1BI-01B,0.020,0.000,0.025,0.051,0.003,0.000,0.020,0.040,0.053,0.001,0.052,0.000,0.000,0.009,0.018,0.708,0.708
TCGA-EK-A3GK-01A,0.000,0.000,0.000,0.049,0.000,0.000,0.003,0.021,0.000,0.001,0.031,0.000,0.000,0.004,0.000,0.892,0.892
TCGA-EA-A3HT-01A,0.000,0.000,0.024,0.001,0.000,0.000,0.022,0.036,0.163,0.000,0.060,0.000,0.000,0.008,0.001,0.682,0.682
TCGA-C5-A2M1-01A,0.014,0.000,0.013,0.049,0.001,0.000,0.019,0.014,0.007,0.000,0.048,0.000,0.000,0.003,0.000,0.831,0.831
TCGA-VS-AA62-01A,0.018,0.001,0.031,0.059,0.014,0.000,0.017,0.034,0.052,0.000,0.104,0.000,0.000,0.010,0.001,0.657,0.657
TCGA-JW-A5VL-01A,0.000,0.000,0.015,0.058,0.000,0.000,0.010,0.035,0.001,0.000,0.084,0.000,0.000,0.004,0.001,0.793,0.793
TCGA-EK-A2IR-01A,0.000,0.000,0.001,0.000,0.000,0.000,0.000,0.012,0.000,0.000,0.008,0.000,0.000,0.001,0.000,0.978,0.978
TCGA-VS-A9UD-01A,0.026,0.000,0.040,0.077,0.016,0.000,0.022,0.014,0.001,0.000,0.146,0.000,0.001,0.001,0.000,0.656,0.656
TCGA-VS-A9UR-01A,0.004,0.000,0.000,0.030,0.000,0.000,0.016,0.031,0.015,0.002,0.000,0.000,0.000,0.009,0.000,0.893,0.893
TCGA-FU-A3EO-01A,0.006,0.000,0.000,0.012,0.000,0.000,0.011,0.010,0.017,0.000,0.041,0.000,0.000,0.000,0.000,0.902,0.902
TCGA-JX-A3Q0-01A,0.007,0.000,0.028,0.027,0.006,0.000,0.002,0.018,0.000,0.000,0.083,0.000,0.000,0.006,0.000,0.820,0.820
TCGA-VS-A8QH-01A,0.000,0.000,0.000,0.008,0.000,0.000,0.000,0.015,0.004,0.000,0.010,0.000,0.000,0.001,0.000,0.961,0.961
TCGA-EK-A2RM-01A,0.005,0.000,0.008,0.011,0.001,0.000,0.001,0.014,0.111,0.006,0.033,0.000,0.000,0.004,0.000,0.806,0.806
TCGA-ZJ-AAX8-01A,0.008,0.000,0.030,0.038,0.008,0.000,0.020,0.059,0.156,0.001,0.046,0.000,0.000,0.008,0.001,0.623,0.623
TCGA-DR-A0ZL-01A,0.000,0.003,0.006,0.009,0.000,0.000,0.006,0.027,0.000,0.000,0.009,0.000,0.000,0.007,0.000,0.932,0.932
TCGA-2W-A8YY-01A,0.023,0.000,0.002,0.007,0.002,0.000,0.007,0.019,0.017,0.002,0.043,0.000,0.000,0.003,0.000,0.875,0.875
TCGA-BI-A0VR-01A,0.024,0.001,0.034,0.035,0.010,0.000,0.039,0.042,0.058,0.002,0.038,0.000,0.002,0.005,0.001,0.709,0.709
TCGA-FU-A23L-01A,0.010,0.002,0.022,0.040,0.012,0.000,0.041,0.026,0.034,0.009,0.028,0.000,0.001,0.008,0.000,0.767,0.767
TCGA-VS-A8EJ-01A,0.007,0.000,0.001,0.015,0.001,0.000,0.011,0.016,0.015,0.001,0.024,0.000,0.000,0.004,0.000,0.904,0.904
TCGA-DS-A0VK-01A,0.002,0.001,0.010,0.004,0.002,0.000,0.000,0.049,0.062,0.005,0.027,0.000,0.000,0.003,0.000,0.834,0.834
TCGA-LP-A4AX-01A,0.018,0.000,0.018,0.093,0.016,0.000,0.002,0.065,0.041,0.008,0.088,0.000,0.001,0.009,0.001,0.641,0.641
TCGA-EK-A2RJ-01A,0.036,0.000,0.010,0.035,0.008,0.000,0.000,0.019,0.001,0.009,0.072,0.000,0.000,0.004,0.000,0.805,0.805
TCGA-JW-A852-01A,0.010,0.000,0.013,0.008,0.000,0.000,0.012,0.009,0.000,0.000,0.011,0.000,0.000,0.000,0.000,0.936,0.936
TCGA-Q1-A73S-01A,0.000,0.000,0.000,0.006,0.000,0.000,0.000,0.009,0.011,0.000,0.023,0.000,0.000,0.000,0.000,0.950,0.950
TCGA-ZJ-AAXU-01A,0.062,0.010,0.025,0.032,0.011,0.000,0.010,0.025,0.011,0.000,0.011,0.000,0.001,0.002,0.000,0.799,0.799
TCGA-C5-A1MI-01A,0.010,0.001,0.015,0.032,0.024,0.000,0.018,0.039,0.052,0.004,0.032,0.000,0.000,0.004,0.000,0.769,0.769
TCGA-VS-A8QA-01A,0.010,0.000,0.000,0.054,0.000,0.000,0.010,0.010,0.000,0.000,0.011,0.000,0.000,0.007,0.000,0.896,0.896
TCGA-EA-A5ZD-01A,0.000,0.000,0.026,0.021,0.000,0.000,0.055,0.059,0.047,0.002,0.066,0.000,0.000,0.011,0.002,0.709,0.709
TCGA-XS-A8TJ-01A,0.004,0.000,0.019,0.008,0.005,0.000,0.030,0.057,0.033,0.000,0.032,0.000,0.000,0.009,0.001,0.799,0.799
TCGA-C5-A7CO-01A,0.000,0.000,0.000,0.019,0.000,0.000,0.014,0.024,0.002,0.000,0.017,0.000,0.000,0.000,0.000,0.923,0.923
TCGA-MY-A5BF-01A,0.000,0.000,0.000,0.052,0.010,0.000,0.025,0.024,0.000,0.000,0.043,0.000,0.000,0.001,0.000,0.844,0.844
TCGA-C5-A1BL-01A,0.004,0.000,0.012,0.051,0.003,0.000,0.008,0.023,0.001,0.000,0.064,0.000,0.000,0.007,0.001,0.827,0.827
TCGA-C5-A1M5-01A,0.004,0.010,0.031,0.043,0.001,0.000,0.048,0.050,0.040,0.001,0.021,0.000,0.002,0.006,0.000,0.743,0.743
TCGA-DS-A5RQ-01A,0.000,0.000,0.008,0.016,0.000,0.000,0.022,0.037,0.033,0.000,0.049,0.000,0.000,0.004,0.001,0.829,0.829
TCGA-JW-A5VG-01A,0.000,0.000,0.004,0.046,0.000,0.000,0.000,0.040,0.001,0.000,0.046,0.000,0.010,0.003,0.000,0.849,0.849
TCGA-WL-A834-01A,0.000,0.000,0.004,0.000,0.002,0.000,0.015,0.046,0.034,0.012,0.018,0.000,0.000,0.001,0.000,0.867,0.867
TCGA-DS-A1OD-01A,0.012,0.002,0.052,0.077,0.039,0.000,0.065,0.031,0.094,0.008,0.062,0.000,0.001,0.003,0.000,0.555,0.555
TCGA-Q1-A5R1-01A,0.017,0.000,0.000,0.013,0.000,0.000,0.017,0.029,0.015,0.000,0.020,0.002,0.000,0.005,0.000,0.882,0.882
TCGA-ZJ-AAXF-01A,0.008,0.013,0.037,0.016,0.022,0.002,0.056,0.055,0.100,0.010,0.022,0.000,0.001,0.005,0.001,0.653,0.653
TCGA-LP-A5U2-01A,0.000,0.000,0.001,0.023,0.010,0.000,0.009,0.012,0.001,0.000,0.019,0.000,0.000,0.000,0.000,0.926,0.926
TCGA-C5-A7CK-01A,0.011,0.000,0.000,0.004,0.002,0.000,0.000,0.039,0.106,0.006,0.014,0.000,0.000,0.004,0.000,0.812,0.812
TCGA-ZJ-AB0H-01A,0.045,0.000,0.036,0.018,0.022,0.000,0.037,0.036,0.060,0.000,0.088,0.000,0.000,0.009,0.001,0.645,0.645
TCGA-EK-A2R9-01A,0.005,0.000,0.020,0.025,0.013,0.000,0.074,0.027,0.162,0.009,0.021,0.000,0.000,0.002,0.000,0.642,0.642
TCGA-VS-A954-01A,0.005,0.000,0.006,0.000,0.012,0.000,0.005,0.015,0.041,0.000,0.033,0.000,0.000,0.000,0.000,0.883,0.883
TCGA-Q1-A73O-01A,0.004,0.000,0.007,0.037,0.002,0.000,0.000,0.038,0.027,0.000,0.020,0.000,0.000,0.005,0.000,0.859,0.859
TCGA-VS-A9U6-01A,0.009,0.002,0.018,0.035,0.011,0.000,0.030,0.033,0.064,0.009,0.042,0.001,0.000,0.013,0.000,0.731,0.731
TCGA-EK-A3GM-01A,0.011,0.000,0.000,0.017,0.000,0.000,0.000,0.012,0.000,0.000,0.004,0.000,0.000,0.003,0.000,0.954,0.954
TCGA-C5-A7CJ-01A,0.009,0.001,0.028,0.036,0.003,0.000,0.058,0.087,0.108,0.019,0.039,0.000,0.001,0.019,0.002,0.590,0.590
TCGA-FU-A3WB-01A,0.000,0.000,0.001,0.022,0.000,0.000,0.006,0.038,0.030,0.001,0.009,0.000,0.000,0.004,0.000,0.889,0.889
TCGA-VS-A9V1-01A,0.042,0.000,0.000,0.020,0.000,0.000,0.000,0.016,0.004,0.000,0.000,0.000,0.000,0.015,0.001,0.902,0.902
TCGA-C5-A1ML-01A,0.010,0.000,0.015,0.004,0.010,0.000,0.023,0.042,0.040,0.008,0.031,0.000,0.000,0.006,0.001,0.807,0.807
TCGA-IR-A3LB-01A,0.000,0.000,0.004,0.010,0.003,0.000,0.000,0.022,0.166,0.000,0.027,0.001,0.000,0.000,0.000,0.765,0.765
TCGA-VS-A9U7-01A,0.016,0.000,0.015,0.059,0.003,0.000,0.033,0.032,0.017,0.000,0.057,0.000,0.001,0.004,0.002,0.761,0.761
TCGA-EK-A2RK-01A,0.000,0.000,0.006,0.034,0.000,0.000,0.032,0.014,0.000,0.005,0.017,0.000,0.001,0.000,0.000,0.891,0.891
TCGA-C5-A905-01A,0.005,0.000,0.024,0.014,0.001,0.006,0.008,0.025,0.000,0.000,0.017,0.000,0.000,0.003,0.000,0.897,0.897
TCGA-C5-A3HL-01A,0.012,0.000,0.003,0.009,0.002,0.000,0.008,0.038,0.020,0.000,0.009,0.000,0.000,0.004,0.001,0.895,0.895
TCGA-C5-A1MH-01A,0.014,0.002,0.036,0.026,0.016,0.000,0.004,0.065,0.032,0.007,0.152,0.000,0.001,0.004,0.001,0.639,0.639
TCGA-Q1-A5R2-01A,0.016,0.000,0.011,0.023,0.011,0.000,0.004,0.011,0.041,0.000,0.075,0.000,0.000,0.001,0.000,0.806,0.806
TCGA-FU-A3HY-01A,0.000,0.000,0.002,0.010,0.000,0.000,0.005,0.031,0.008,0.000,0.008,0.000,0.000,0.006,0.003,0.927,0.927
TCGA-EA-A439-01A,0.000,0.000,0.001,0.043,0.001,0.000,0.003,0.020,0.157,0.007,0.022,0.000,0.000,0.003,0.000,0.742,0.742
TCGA-C5-A7UH-01A,0.024,0.000,0.014,0.019,0.006,0.000,0.002,0.038,0.012,0.004,0.043,0.000,0.000,0.007,0.006,0.822,0.822
TCGA-C5-A1M7-01A,0.019,0.001,0.022,0.004,0.001,0.000,0.038,0.050,0.017,0.000,0.002,0.000,0.000,0.019,0.009,0.818,0.818
TCGA-EA-A50E-01A,0.000,0.000,0.001,0.001,0.006,0.000,0.000,0.070,0.113,0.010,0.088,0.000,0.000,0.000,0.001,0.711,0.711
TCGA-VS-A9V5-01A,0.011,0.000,0.000,0.024,0.000,0.000,0.000,0.048,0.025,0.000,0.009,0.000,0.000,0.007,0.000,0.875,0.875
TCGA-BI-A20A-01A,0.014,0.000,0.015,0.027,0.008,0.000,0.072,0.035,0.058,0.002,0.035,0.000,0.000,0.004,0.000,0.728,0.728
TCGA-C5-A2LV-01A,0.000,0.000,0.002,0.018,0.000,0.000,0.020,0.018,0.020,0.000,0.049,0.000,0.000,0.000,0.000,0.873,0.873
TCGA-C5-A2LZ-01A,0.011,0.000,0.003,0.048,0.000,0.000,0.018,0.039,0.001,0.000,0.020,0.000,0.001,0.008,0.000,0.850,0.850
TCGA-Q1-A6DV-01A,0.007,0.002,0.002,0.023,0.003,0.000,0.026,0.036,0.015,0.000,0.000,0.001,0.000,0.011,0.000,0.874,0.874
TCGA-EK-A3GN-01A,0.000,0.000,0.000,0.008,0.000,0.000,0.002,0.016,0.000,0.000,0.006,0.000,0.000,0.000,0.000,0.968,0.968
TCGA-ZJ-A8QQ-01A,0.000,0.000,0.000,0.015,0.000,0.000,0.002,0.026,0.000,0.000,0.019,0.000,0.000,0.006,0.000,0.932,0.932
TCGA-LP-A5U3-01A,0.000,0.000,0.018,0.039,0.000,0.000,0.014,0.023,0.000,0.000,0.042,0.000,0.000,0.005,0.000,0.858,0.858
TCGA-VS-A94Z-01A,0.025,0.000,0.025,0.146,0.011,0.000,0.004,0.041,0.033,0.001,0.093,0.000,0.000,0.006,0.001,0.614,0.614
TCGA-EK-A2PG-01A,0.003,0.000,0.000,0.007,0.002,0.000,0.000,0.004,0.000,0.000,0.007,0.000,0.000,0.000,0.004,0.974,0.974
TCGA-DG-A2KL-01A,0.000,0.000,0.022,0.008,0.000,0.000,0.044,0.039,0.172,0.003,0.046,0.000,0.000,0.004,0.007,0.653,0.653
TCGA-EA-A6QX-01A,0.036,0.000,0.024,0.034,0.002,0.000,0.000,0.026,0.041,0.003,0.054,0.000,0.003,0.005,0.001,0.772,0.772
TCGA-VS-A9UT-01A,0.117,0.001,0.025,0.042,0.049,0.000,0.009,0.043,0.069,0.012,0.183,0.000,0.001,0.008,0.001,0.439,0.439
TCGA-C5-A8ZZ-01A,0.001,0.000,0.012,0.002,0.000,0.000,0.000,0.039,0.161,0.014,0.030,0.000,0.000,0.003,0.000,0.736,0.736
TCGA-VS-A959-01A,0.053,0.002,0.021,0.032,0.004,0.000,0.011,0.027,0.054,0.004,0.048,0.000,0.000,0.009,0.001,0.733,0.733
TCGA-VS-A950-01A,0.039,0.000,0.006,0.003,0.001,0.000,0.003,0.031,0.026,0.002,0.017,0.000,0.000,0.008,0.008,0.855,0.855
TCGA-VS-A9UM-01A,0.022,0.001,0.028,0.036,0.008,0.000,0.005,0.045,0.067,0.004,0.078,0.000,0.001,0.011,0.001,0.694,0.694
TCGA-DS-A0VM-01A,0.000,0.000,0.018,0.030,0.000,0.000,0.006,0.020,0.068,0.001,0.032,0.000,0.000,0.004,0.000,0.821,0.821
TCGA-VS-A957-01A,0.000,0.000,0.000,0.020,0.000,0.000,0.006,0.020,0.000,0.000,0.009,0.000,0.000,0.007,0.000,0.938,0.938
TCGA-EA-A3HR-01A,0.000,0.000,0.001,0.012,0.000,0.000,0.021,0.047,0.031,0.006,0.016,0.000,0.000,0.009,0.002,0.856,0.856
TCGA-C5-A2M2-01A,0.009,0.000,0.000,0.030,0.007,0.000,0.000,0.010,0.005,0.000,0.003,0.000,0.000,0.007,0.000,0.929,0.929
TCGA-VS-A9UV-01A,0.009,0.000,0.000,0.013,0.000,0.000,0.001,0.026,0.000,0.000,0.011,0.000,0.000,0.003,0.003,0.933,0.933
TCGA-EX-A3L1-01A,0.006,0.000,0.019,0.004,0.000,0.000,0.014,0.043,0.065,0.008,0.031,0.000,0.000,0.025,0.021,0.763,0.763
TCGA-VS-A9UU-01A,0.016,0.003,0.007,0.015,0.003,0.000,0.006,0.034,0.001,0.000,0.001,0.000,0.000,0.008,0.008,0.899,0.899
TCGA-MY-A5BE-01A,0.051,0.017,0.073,0.123,0.092,0.000,0.106,0.027,0.049,0.005,0.103,0.000,0.002,0.002,0.000,0.350,0.350
TCGA-VS-A94W-01A,0.009,0.000,0.061,0.028,0.020,0.000,0.064,0.040,0.033,0.003,0.065,0.000,0.000,0.006,0.000,0.670,0.670
TCGA-C5-A3HD-01B,0.000,0.000,0.000,0.008,0.000,0.000,0.000,0.023,0.001,0.000,0.001,0.000,0.000,0.002,0.000,0.964,0.964
TCGA-JX-A3PZ-01A,0.000,0.000,0.000,0.029,0.000,0.000,0.023,0.018,0.059,0.000,0.070,0.000,0.000,0.000,0.000,0.800,0.800
TCGA-IR-A3LA-01A,0.004,0.000,0.001,0.018,0.005,0.000,0.006,0.011,0.030,0.000,0.036,0.000,0.000,0.004,0.000,0.884,0.884
TCGA-C5-A3HE-01A,0.022,0.000,0.000,0.063,0.000,0.000,0.003,0.032,0.006,0.000,0.034,0.000,0.000,0.009,0.000,0.830,0.830
TCGA-Q1-A6DT-01A,0.000,0.000,0.001,0.009,0.000,0.000,0.000,0.020,0.000,0.000,0.031,0.000,0.000,0.006,0.003,0.928,0.928
TCGA-C5-A7CL-01A,0.002,0.000,0.003,0.019,0.000,0.000,0.000,0.035,0.042,0.010,0.031,0.000,0.000,0.009,0.001,0.848,0.848
TCGA-IR-A3LK-01A,0.000,0.000,0.000,0.022,0.000,0.000,0.006,0.022,0.000,0.000,0.048,0.000,0.000,0.000,0.000,0.901,0.901
TCGA-MA-AA3X-01A,0.000,0.000,0.010,0.000,0.000,0.003,0.000,0.043,0.009,0.006,0.171,0.000,0.000,0.008,0.000,0.748,0.748
TCGA-C5-A7XC-01A,0.031,0.001,0.010,0.036,0.003,0.000,0.028,0.056,0.093,0.001,0.025,0.001,0.015,0.008,0.005,0.685,0.685
TCGA-VS-A94Y-01A,0.000,0.000,0.008,0.021,0.000,0.000,0.007,0.024,0.058,0.000,0.031,0.000,0.000,0.006,0.001,0.844,0.844
TCGA-EK-A2PM-01A,0.001,0.000,0.002,0.000,0.002,0.000,0.000,0.005,0.012,0.000,0.007,0.000,0.000,0.000,0.000,0.972,0.972
TCGA-FU-A3TQ-01A,0.000,0.001,0.025,0.010,0.000,0.000,0.047,0.038,0.016,0.001,0.010,0.000,0.000,0.012,0.009,0.830,0.830
TCGA-EX-A69M-01A,0.029,0.000,0.001,0.052,0.007,0.000,0.010,0.025,0.000,0.000,0.060,0.000,0.000,0.006,0.000,0.809,0.809
TCGA-ZJ-AAX4-01A,0.000,0.001,0.025,0.027,0.018,0.000,0.034,0.047,0.019,0.000,0.137,0.000,0.001,0.009,0.000,0.682,0.682
TCGA-FU-A40J-01A,0.006,0.000,0.000,0.047,0.000,0.000,0.016,0.037,0.041,0.000,0.013,0.000,0.003,0.009,0.000,0.826,0.826
TCGA-VS-A8QF-01A,0.025,0.000,0.017,0.014,0.005,0.000,0.006,0.019,0.022,0.000,0.078,0.000,0.000,0.006,0.000,0.807,0.807
TCGA-Q1-A73R-01A,0.001,0.000,0.004,0.030,0.001,0.000,0.000,0.042,0.028,0.008,0.009,0.000,0.000,0.004,0.000,0.872,0.872
TCGA-VS-A9V0-01A,0.000,0.000,0.000,0.010,0.002,0.000,0.004,0.030,0.000,0.011,0.004,0.000,0.000,0.007,0.000,0.932,0.932
TCGA-UC-A7PF-01A,0.016,0.000,0.020,0.071,0.001,0.000,0.071,0.034,0.086,0.001,0.076,0.000,0.001,0.005,0.000,0.617,0.617
TCGA-C5-A1BQ-01C,0.000,0.000,0.011,0.071,0.000,0.000,0.000,0.016,0.001,0.000,0.064,0.000,0.000,0.000,0.000,0.836,0.836
TCGA-C5-A1MN-01A,0.000,0.000,0.009,0.009,0.000,0.000,0.006,0.031,0.016,0.000,0.014,0.000,0.000,0.006,0.006,0.902,0.902
TCGA-VS-A8EB-01A,0.000,0.000,0.000,0.045,0.000,0.000,0.006,0.021,0.021,0.000,0.018,0.000,0.002,0.001,0.000,0.886,0.886
TCGA-MY-A5BD-01A,0.008,0.000,0.002,0.015,0.000,0.000,0.024,0.019,0.005,0.007,0.005,0.001,0.001,0.001,0.000,0.911,0.911
TCGA-C5-A3HF-01A,0.017,0.000,0.013,0.018,0.008,0.000,0.020,0.041,0.071,0.000,0.013,0.000,0.000,0.002,0.001,0.795,0.795
TCGA-HM-A6W2-01A,0.020,0.000,0.008,0.000,0.003,0.000,0.000,0.024,0.059,0.001,0.044,0.000,0.000,0.001,0.000,0.840,0.840
TCGA-C5-A2LS-01A,0.007,0.000,0.000,0.015,0.000,0.000,0.008,0.016,0.001,0.000,0.000,0.000,0.000,0.005,0.000,0.948,0.948
TCGA-C5-A8YT-01A,0.003,0.000,0.001,0.030,0.001,0.000,0.000,0.061,0.238,0.001,0.017,0.000,0.012,0.007,0.000,0.630,0.630
TCGA-C5-A901-01A,0.005,0.000,0.013,0.003,0.001,0.000,0.020,0.047,0.030,0.001,0.022,0.000,0.000,0.009,0.001,0.848,0.848
TCGA-MU-A51Y-01A,0.008,0.001,0.031,0.062,0.001,0.000,0.065,0.071,0.084,0.006,0.082,0.000,0.001,0.008,0.001,0.580,0.580
TCGA-EA-A5ZE-01A,0.008,0.000,0.018,0.025,0.005,0.000,0.059,0.039,0.091,0.008,0.066,0.000,0.002,0.004,0.000,0.676,0.676
TCGA-IR-A3LI-01A,0.006,0.000,0.000,0.006,0.000,0.000,0.001,0.000,0.000,0.000,0.000,0.000,0.000,0.000,0.000,0.987,0.987
TCGA-ZJ-AAXA-01A,0.000,0.000,0.000,0.007,0.000,0.000,0.000,0.030,0.026,0.008,0.034,0.000,0.000,0.003,0.000,0.891,0.891
TCGA-FU-A3NI-01A,0.000,0.000,0.005,0.015,0.001,0.000,0.021,0.029,0.048,0.002,0.030,0.000,0.000,0.003,0.000,0.845,0.845
TCGA-DG-A2KM-01A,0.052,0.011,0.046,0.114,0.118,0.000,0.052,0.029,0.081,0.005,0.223,0.000,0.001,0.008,0.001,0.257,0.257
TCGA-EA-A97N-01A,0.000,0.001,0.016,0.002,0.000,0.001,0.024,0.059,0.101,0.020,0.015,0.000,0.000,0.013,0.000,0.747,0.747
TCGA-DG-A2KJ-01A,0.055,0.000,0.024,0.024,0.004,0.000,0.042,0.004,0.006,0.000,0.026,0.000,0.003,0.000,0.000,0.811,0.811
TCGA-VS-A8QM-01A,0.019,0.019,0.043,0.026,0.059,0.031,0.050,0.098,0.108,0.031,0.022,0.001,0.002,0.008,0.003,0.481,0.481
TCGA-VS-A8EL-01A,0.008,0.000,0.023,0.059,0.013,0.000,0.008,0.021,0.052,0.000,0.118,0.000,0.001,0.006,0.001,0.690,0.690
TCGA-Q1-A73P-01A,0.009,0.001,0.012,0.042,0.000,0.000,0.014,0.023,0.019,0.000,0.046,0.000,0.000,0.002,0.000,0.831,0.831
TCGA-PN-A8MA-01A,0.033,0.000,0.006,0.032,0.017,0.000,0.008,0.059,0.040,0.013,0.036,0.000,0.000,0.003,0.000,0.752,0.752
TCGA-C5-A1BN-01B,0.000,0.000,0.000,0.009,0.000,0.000,0.000,0.042,0.008,0.000,0.001,0.000,0.000,0.001,0.000,0.937,0.937
TCGA-DS-A1O9-01A,0.000,0.000,0.030,0.017,0.002,0.000,0.004,0.027,0.065,0.006,0.154,0.000,0.000,0.002,0.000,0.692,0.692
TCGA-DS-A7WH-01A,0.000,0.000,0.000,0.016,0.000,0.000,0.000,0.076,0.161,0.019,0.004,0.000,0.000,0.009,0.000,0.713,0.713
TCGA-VS-A9UL-01A,0.009,0.004,0.003,0.006,0.011,0.000,0.000,0.016,0.019,0.003,0.000,0.000,0.000,0.002,0.000,0.926,0.926
TCGA-VS-A953-01A,0.000,0.000,0.000,0.018,0.006,0.000,0.002,0.024,0.000,0.000,0.024,0.000,0.000,0.000,0.000,0.925,0.925
TCGA-FU-A770-01A,0.000,0.000,0.000,0.010,0.000,0.000,0.011,0.042,0.000,0.000,0.000,0.000,0.000,0.013,0.000,0.923,0.923
TCGA-C5-A7CM-01A,0.058,0.000,0.000,0.009,0.000,0.000,0.000,0.020,0.017,0.002,0.000,0.000,0.000,0.002,0.000,0.890,0.890
TCGA-ZJ-AAXT-01A,0.004,0.000,0.007,0.017,0.004,0.000,0.003,0.030,0.004,0.005,0.013,0.000,0.000,0.007,0.007,0.899,0.899
TCGA-EK-A2R8-01A,0.000,0.000,0.000,0.025,0.000,0.000,0.000,0.026,0.038,0.000,0.001,0.000,0.000,0.003,0.001,0.906,0.906
TCGA-C5-A1BJ-01A,0.001,0.001,0.028,0.015,0.015,0.000,0.034,0.046,0.077,0.006,0.011,0.000,0.001,0.012,0.013,0.741,0.741
TCGA-VS-A9UJ-01A,0.000,0.000,0.001,0.004,0.000,0.000,0.006,0.023,0.022,0.000,0.000,0.000,0.000,0.005,0.000,0.939,0.939
TCGA-EA-A3HQ-01A,0.000,0.000,0.029,0.008,0.014,0.000,0.030,0.038,0.041,0.000,0.112,0.000,0.000,0.005,0.000,0.722,0.722
TCGA-JX-A5QV-01A,0.000,0.000,0.004,0.030,0.000,0.000,0.027,0.033,0.003,0.000,0.042,0.000,0.000,0.001,0.000,0.859,0.859
TCGA-C5-A1M8-01A,0.000,0.000,0.001,0.011,0.004,0.000,0.000,0.019,0.025,0.001,0.027,0.000,0.000,0.001,0.000,0.911,0.911
TCGA-ZJ-AB0I-01A,0.000,0.000,0.000,0.029,0.000,0.000,0.009,0.042,0.014,0.000,0.019,0.000,0.000,0.002,0.001,0.883,0.883
TCGA-C5-A0TN-01A,0.000,0.000,0.006,0.011,0.000,0.000,0.000,0.020,0.016,0.000,0.023,0.000,0.000,0.000,0.000,0.922,0.922
TCGA-VS-A9UB-01A,0.001,0.000,0.014,0.063,0.009,0.000,0.035,0.047,0.001,0.001,0.082,0.000,0.001,0.015,0.022,0.708,0.708
TCGA-LP-A4AU-01A,0.028,0.000,0.002,0.034,0.000,0.000,0.004,0.056,0.014,0.010,0.002,0.000,0.000,0.010,0.006,0.833,0.833
TCGA-ZJ-AAXN-01A,0.000,0.000,0.006,0.036,0.000,0.000,0.005,0.039,0.029,0.001,0.015,0.000,0.003,0.005,0.007,0.854,0.854
TCGA-C5-A2LY-01A,0.008,0.000,0.019,0.080,0.000,0.000,0.061,0.008,0.005,0.000,0.098,0.000,0.000,0.000,0.000,0.720,0.720
TCGA-EK-A2GZ-01A,0.001,0.000,0.005,0.009,0.000,0.000,0.000,0.012,0.008,0.000,0.024,0.000,0.000,0.004,0.003,0.933,0.933
TCGA-ZJ-A8QO-01A,0.047,0.001,0.070,0.013,0.030,0.001,0.050,0.037,0.102,0.015,0.045,0.000,0.001,0.007,0.001,0.580,0.580
TCGA-FU-A2QG-01A,0.000,0.000,0.000,0.039,0.001,0.000,0.010,0.056,0.008,0.000,0.008,0.000,0.000,0.006,0.004,0.868,0.868
TCGA-BI-A0VS-01A,0.006,0.013,0.041,0.002,0.010,0.000,0.017,0.025,0.095,0.002,0.033,0.000,0.000,0.002,0.000,0.751,0.751
TCGA-DG-A2KH-01A,0.003,0.000,0.000,0.017,0.000,0.000,0.012,0.018,0.000,0.000,0.001,0.000,0.000,0.000,0.000,0.949,0.949
TCGA-EK-A2RB-01A,0.000,0.000,0.000,0.028,0.000,0.000,0.000,0.012,0.003,0.000,0.008,0.000,0.000,0.000,0.000,0.949,0.949
TCGA-VS-A8EI-01A,0.018,0.001,0.016,0.015,0.026,0.000,0.014,0.048,0.066,0.001,0.032,0.000,0.001,0.005,0.001,0.757,0.757
TCGA-EK-A2IP-01A,0.000,0.000,0.005,0.021,0.000,0.000,0.000,0.022,0.017,0.000,0.006,0.000,0.000,0.003,0.000,0.924,0.924
TCGA-JW-AAVH-01A,0.005,0.000,0.003,0.023,0.003,0.000,0.002,0.022,0.001,0.000,0.003,0.000,0.008,0.007,0.000,0.923,0.923
TCGA-MU-A5YI-01A,0.001,0.001,0.020,0.016,0.000,0.000,0.027,0.085,0.190,0.037,0.024,0.000,0.000,0.004,0.000,0.593,0.593
TCGA-C5-A7UE-01A,0.005,0.000,0.002,0.008,0.001,0.000,0.013,0.023,0.000,0.000,0.015,0.000,0.000,0.003,0.002,0.927,0.927
TCGA-UC-A7PD-01A,0.003,0.000,0.009,0.009,0.000,0.000,0.008,0.038,0.008,0.001,0.007,0.000,0.000,0.006,0.003,0.907,0.907
TCGA-DS-A1OC-01A,0.010,0.000,0.011,0.039,0.004,0.000,0.000,0.027,0.009,0.000,0.086,0.000,0.000,0.006,0.000,0.805,0.805
TCGA-EA-A1QT-01A,0.002,0.000,0.012,0.029,0.001,0.000,0.004,0.022,0.018,0.000,0.022,0.000,0.000,0.004,0.005,0.881,0.881
TCGA-FU-A3TX-01A,0.000,0.000,0.019,0.007,0.011,0.000,0.035,0.049,0.013,0.001,0.031,0.000,0.000,0.005,0.000,0.829,0.829
TCGA-VS-A9UQ-01A,0.015,0.000,0.001,0.026,0.011,0.000,0.016,0.031,0.081,0.001,0.010,0.000,0.000,0.007,0.000,0.800,0.800
TCGA-FU-A3YQ-01A,0.040,0.000,0.029,0.035,0.003,0.000,0.061,0.073,0.083,0.000,0.049,0.000,0.000,0.012,0.006,0.607,0.607
TCGA-EA-A5O9-01A,0.000,0.000,0.003,0.036,0.000,0.000,0.002,0.014,0.000,0.000,0.020,0.000,0.000,0.001,0.000,0.924,0.924
TCGA-MA-AA3W-01A,0.007,0.013,0.032,0.092,0.003,0.000,0.087,0.043,0.022,0.008,0.055,0.000,0.001,0.007,0.000,0.629,0.629
TCGA-VS-A8QC-01A,0.010,0.000,0.004,0.021,0.001,0.000,0.002,0.023,0.086,0.000,0.028,0.000,0.001,0.002,0.000,0.820,0.820
TCGA-VS-A9V2-01A,0.004,0.001,0.004,0.060,0.003,0.000,0.046,0.045,0.015,0.000,0.027,0.000,0.000,0.006,0.000,0.789,0.789
TCGA-MY-A913-01A,0.012,0.000,0.023,0.019,0.001,0.000,0.005,0.037,0.023,0.000,0.045,0.000,0.000,0.010,0.001,0.824,0.824
TCGA-JW-A5VK-01A,0.010,0.000,0.006,0.004,0.000,0.000,0.002,0.010,0.000,0.000,0.007,0.000,0.000,0.001,0.003,0.958,0.958
TCGA-VS-A9UO-01A,0.022,0.000,0.000,0.043,0.000,0.000,0.000,0.014,0.000,0.000,0.000,0.000,0.000,0.004,0.000,0.916,0.916
TCGA-C5-A7X3-01A,0.061,0.000,0.021,0.016,0.004,0.000,0.007,0.026,0.068,0.001,0.053,0.000,0.005,0.001,0.000,0.737,0.737
TCGA-C5-A1M9-01A,0.000,0.000,0.001,0.024,0.000,0.000,0.001,0.015,0.000,0.000,0.028,0.000,0.000,0.000,0.000,0.930,0.930
TCGA-EA-A44S-01A,0.002,0.000,0.021,0.022,0.010,0.000,0.012,0.015,0.021,0.000,0.060,0.000,0.001,0.001,0.001,0.832,0.832
TCGA-EA-A43B-01A,0.026,0.000,0.014,0.032,0.000,0.000,0.019,0.037,0.040,0.000,0.033,0.000,0.000,0.003,0.001,0.793,0.793
TCGA-FU-A3HZ-01A,0.008,0.000,0.003,0.018,0.007,0.000,0.000,0.015,0.015,0.000,0.038,0.000,0.000,0.000,0.000,0.896,0.896
TCGA-C5-A1MJ-01A,0.000,0.000,0.015,0.008,0.001,0.000,0.009,0.056,0.086,0.012,0.081,0.000,0.000,0.000,0.000,0.730,0.730
TCGA-JW-A69B-01A,0.015,0.000,0.029,0.004,0.000,0.000,0.000,0.015,0.024,0.002,0.105,0.000,0.000,0.003,0.000,0.803,0.803
TCGA-EA-A3QD-01A,0.015,0.014,0.046,0.072,0.037,0.000,0.032,0.042,0.077,0.005,0.144,0.000,0.001,0.002,0.001,0.512,0.512
TCGA-MU-A8JM-01A,0.000,0.000,0.013,0.017,0.000,0.000,0.055,0.039,0.028,0.000,0.009,0.000,0.000,0.008,0.000,0.828,0.828
TCGA-VS-A8EC-01A,0.000,0.000,0.000,0.005,0.003,0.000,0.000,0.020,0.001,0.000,0.010,0.000,0.000,0.002,0.002,0.956,0.956
TCGA-C5-A1BK-01B,0.016,0.005,0.051,0.073,0.006,0.000,0.086,0.037,0.010,0.000,0.051,0.000,0.001,0.002,0.000,0.663,0.663
TCGA-VS-A8EG-01A,0.004,0.000,0.004,0.016,0.000,0.000,0.013,0.049,0.000,0.000,0.005,0.000,0.000,0.009,0.000,0.899,0.899
TCGA-ZJ-AAXJ-01A,0.006,0.000,0.000,0.004,0.000,0.000,0.004,0.007,0.000,0.000,0.000,0.000,0.000,0.002,0.001,0.976,0.976
TCGA-EK-A2RN-01A,0.000,0.000,0.000,0.001,0.000,0.000,0.000,0.002,0.000,0.000,0.081,0.000,0.000,0.002,0.000,0.914,0.914
TCGA-MA-AA41-01A,0.000,0.000,0.000,0.035,0.000,0.000,0.026,0.018,0.007,0.000,0.011,0.000,0.000,0.003,0.001,0.897,0.897
TCGA-C5-A907-01A,0.003,0.000,0.001,0.062,0.001,0.000,0.001,0.020,0.012,0.000,0.019,0.000,0.000,0.007,0.001,0.873,0.873
TCGA-DS-A0VN-01A,0.000,0.000,0.025,0.066,0.018,0.000,0.015,0.045,0.047,0.002,0.089,0.000,0.000,0.003,0.010,0.679,0.679
TCGA-VS-A8Q8-01A,0.002,0.000,0.011,0.035,0.001,0.000,0.022,0.034,0.008,0.000,0.049,0.000,0.000,0.006,0.006,0.826,0.826
TCGA-FU-A23K-01A,0.031,0.000,0.018,0.015,0.014,0.000,0.012,0.016,0.031,0.003,0.033,0.000,0.000,0.000,0.000,0.825,0.825
TCGA-EA-A410-01A,0.011,0.000,0.007,0.020,0.006,0.000,0.001,0.035,0.107,0.001,0.042,0.000,0.000,0.002,0.000,0.768,0.768
TCGA-FU-A57G-01A,0.001,0.000,0.005,0.003,0.000,0.001,0.000,0.117,0.126,0.103,0.023,0.000,0.000,0.003,0.000,0.617,0.617
TCGA-ZJ-AAXB-01A,0.000,0.000,0.006,0.000,0.001,0.000,0.000,0.014,0.040,0.006,0.016,0.000,0.000,0.000,0.000,0.917,0.917
TCGA-EK-A2PK-01A,0.069,0.000,0.006,0.093,0.000,0.000,0.000,0.051,0.016,0.003,0.039,0.000,0.026,0.003,0.000,0.694,0.694
TCGA-C5-A1MQ-01A,0.061,0.000,0.029,0.015,0.000,0.000,0.016,0.007,0.063,0.001,0.109,0.000,0.000,0.000,0.000,0.699,0.699
TCGA-EA-A3HS-01A,0.003,0.006,0.012,0.040,0.001,0.000,0.004,0.057,0.063,0.010,0.045,0.000,0.001,0.006,0.000,0.752,0.752
TCGA-DS-A7WF-01A,0.008,0.000,0.010,0.031,0.003,0.000,0.008,0.035,0.064,0.012,0.014,0.000,0.000,0.005,0.000,0.809,0.809
TCGA-VS-A9U5-01A,0.035,0.010,0.013,0.033,0.027,0.000,0.017,0.038,0.004,0.000,0.034,0.000,0.001,0.007,0.000,0.781,0.781
TCGA-DR-A0ZM-01A,0.002,0.000,0.023,0.039,0.000,0.000,0.039,0.008,0.011,0.000,0.034,0.000,0.001,0.000,0.000,0.844,0.844
TCGA-VS-A9UZ-01A,0.042,0.001,0.021,0.039,0.009,0.000,0.009,0.034,0.032,0.008,0.029,0.000,0.000,0.008,0.001,0.768,0.768
TCGA-DS-A7WI-01A,0.001,0.000,0.000,0.014,0.000,0.000,0.001,0.014,0.000,0.000,0.042,0.000,0.000,0.002,0.000,0.926,0.926
TCGA-EX-A69L-01A,0.022,0.000,0.029,0.036,0.016,0.000,0.061,0.029,0.020,0.001,0.096,0.000,0.001,0.010,0.001,0.678,0.678
TCGA-Q1-A73Q-01A,0.007,0.000,0.016,0.004,0.005,0.000,0.021,0.031,0.019,0.000,0.006,0.000,0.000,0.008,0.001,0.881,0.881
TCGA-VS-A9UI-01A,0.005,0.000,0.028,0.034,0.001,0.000,0.024,0.017,0.000,0.000,0.036,0.000,0.001,0.010,0.000,0.844,0.844
TCGA-C5-A8XI-01A,0.010,0.002,0.020,0.018,0.009,0.000,0.016,0.042,0.043,0.001,0.007,0.000,0.001,0.006,0.000,0.824,0.824
TCGA-VS-A8Q9-01A,0.000,0.000,0.000,0.031,0.002,0.000,0.000,0.028,0.000,0.005,0.010,0.000,0.000,0.002,0.000,0.922,0.922
TCGA-C5-A2LT-01A,0.005,0.000,0.014,0.019,0.001,0.000,0.010,0.039,0.112,0.000,0.031,0.000,0.000,0.003,0.001,0.764,0.764
TCGA-ZX-AA5X-01A,0.006,0.003,0.023,0.017,0.000,0.001,0.037,0.129,0.159,0.027,0.055,0.000,0.006,0.009,0.002,0.525,0.525
TCGA-GH-A9DA-01A,0.000,0.000,0.008,0.014,0.000,0.000,0.021,0.032,0.032,0.000,0.020,0.000,0.000,0.005,0.006,0.862,0.862
TCGA-C5-A7CH-01A,0.000,0.000,0.009,0.008,0.000,0.000,0.010,0.033,0.036,0.003,0.017,0.000,0.000,0.007,0.008,0.868,0.868
TCGA-EA-A3Y4-01A,0.000,0.000,0.002,0.091,0.016,0.000,0.007,0.006,0.016,0.000,0.039,0.000,0.000,0.000,0.000,0.822,0.822
TCGA-EX-A1H6-01B,0.003,0.000,0.000,0.017,0.000,0.000,0.001,0.017,0.048,0.000,0.007,0.001,0.000,0.000,0.000,0.906,0.906
TCGA-C5-A1BE-01B,0.002,0.000,0.015,0.012,0.001,0.000,0.009,0.031,0.020,0.000,0.030,0.000,0.000,0.005,0.000,0.873,0.873
TCGA-C5-A8XK-01A,0.000,0.000,0.003,0.010,0.001,0.000,0.000,0.032,0.001,0.004,0.036,0.000,0.000,0.007,0.003,0.904,0.904
TCGA-RA-A741-01A,0.027,0.000,0.018,0.032,0.001,0.000,0.040,0.021,0.040,0.001,0.050,0.000,0.001,0.006,0.000,0.763,0.763
TCGA-VS-A958-01A,0.019,0.000,0.011,0.122,0.000,0.000,0.026,0.039,0.001,0.000,0.098,0.000,0.000,0.011,0.001,0.673,0.673
TCGA-MA-AA43-01A,0.004,0.000,0.015,0.003,0.000,0.001,0.014,0.054,0.113,0.045,0.010,0.000,0.000,0.005,0.010,0.725,0.725
TCGA-JW-A5VH-01A,0.001,0.000,0.000,0.002,0.002,0.000,0.000,0.055,0.026,0.006,0.007,0.000,0.000,0.001,0.000,0.900,0.900
TCGA-VS-A9UY-01A,0.003,0.000,0.014,0.028,0.000,0.000,0.000,0.064,0.000,0.000,0.059,0.000,0.000,0.009,0.001,0.822,0.822
TCGA-VS-A9UC-01A,0.010,0.000,0.012,0.057,0.000,0.000,0.000,0.025,0.042,0.000,0.053,0.000,0.000,0.008,0.000,0.791,0.791
TCGA-C5-A8YQ-01A,0.008,0.000,0.005,0.006,0.014,0.000,0.001,0.005,0.027,0.000,0.034,0.000,0.000,0.006,0.000,0.894,0.894
TCGA-MA-AA3Y-01A,0.008,0.000,0.024,0.038,0.001,0.000,0.008,0.058,0.031,0.000,0.067,0.000,0.000,0.004,0.031,0.729,0.729
TCGA-VS-A8EK-01A,0.016,0.000,0.006,0.013,0.000,0.000,0.001,0.032,0.001,0.000,0.024,0.000,0.000,0.013,0.004,0.890,0.890
TCGA-LP-A4AV-01A,0.037,0.000,0.029,0.026,0.001,0.000,0.014,0.007,0.067,0.004,0.096,0.000,0.000,0.000,0.000,0.717,0.717
TCGA-C5-A7CG-01A,0.009,0.029,0.053,0.121,0.035,0.000,0.053,0.035,0.028,0.001,0.066,0.000,0.001,0.006,0.001,0.563,0.563
TCGA-VS-A952-01A,0.021,0.000,0.000,0.023,0.000,0.000,0.000,0.028,0.005,0.000,0.012,0.000,0.000,0.005,0.000,0.904,0.904
TCGA-EK-A2PL-01A,0.000,0.000,0.002,0.015,0.001,0.000,0.000,0.024,0.000,0.000,0.007,0.000,0.000,0.002,0.000,0.949,0.949
TCGA-EK-A2H1-01A,0.010,0.000,0.020,0.018,0.001,0.000,0.001,0.050,0.076,0.001,0.079,0.000,0.000,0.001,0.002,0.741,0.741
TCGA-VS-A9UP-01A,0.018,0.000,0.001,0.013,0.017,0.000,0.001,0.018,0.058,0.007,0.007,0.000,0.000,0.006,0.000,0.851,0.851
TCGA-C5-A1BF-01B,0.000,0.000,0.002,0.014,0.000,0.000,0.007,0.079,0.109,0.015,0.042,0.000,0.000,0.004,0.006,0.721,0.721
TCGA-DS-A3LQ-01A,0.006,0.000,0.019,0.000,0.006,0.000,0.000,0.032,0.050,0.005,0.089,0.000,0.000,0.004,0.000,0.788,0.788
TCGA-C5-A1MP-01A,0.019,0.000,0.026,0.010,0.027,0.006,0.090,0.048,0.128,0.001,0.098,0.000,0.001,0.005,0.001,0.541,0.541
TCGA-EK-A2RA-01A,0.000,0.000,0.018,0.053,0.001,0.000,0.053,0.014,0.001,0.000,0.021,0.000,0.002,0.002,0.000,0.835,0.835
TCGA-EX-A1H5-01A,0.013,0.000,0.010,0.020,0.003,0.000,0.013,0.049,0.019,0.010,0.007,0.000,0.000,0.004,0.000,0.853,0.853
TCGA-JW-A5VI-01A,0.011,0.001,0.024,0.034,0.009,0.000,0.012,0.054,0.078,0.001,0.034,0.000,0.001,0.008,0.001,0.734,0.734
TCGA-JX-A3Q8-01A,0.025,0.000,0.000,0.052,0.000,0.000,0.003,0.024,0.001,0.000,0.042,0.000,0.000,0.000,0.000,0.851,0.851
TCGA-IR-A3LC-01A,0.000,0.000,0.000,0.025,0.000,0.000,0.006,0.033,0.004,0.000,0.020,0.000,0.006,0.004,0.000,0.902,0.902
TCGA-EK-A2H0-01A,0.000,0.000,0.000,0.023,0.000,0.000,0.002,0.013,0.000,0.000,0.021,0.000,0.000,0.005,0.000,0.936,0.936
TCGA-IR-A3LH-01A,0.031,0.001,0.030,0.060,0.023,0.000,0.021,0.027,0.131,0.003,0.176,0.000,0.002,0.005,0.001,0.489,0.489
TCGA-DS-A1OA-01A,0.014,0.000,0.023,0.031,0.004,0.000,0.036,0.041,0.087,0.003,0.048,0.000,0.000,0.003,0.001,0.708,0.708
TCGA-DS-A0VL-01A,0.006,0.000,0.007,0.044,0.000,0.000,0.009,0.053,0.019,0.000,0.020,0.000,0.000,0.006,0.001,0.834,0.834
TCGA-EA-A1QS-01A,0.005,0.000,0.011,0.000,0.003,0.000,0.021,0.061,0.362,0.033,0.038,0.004,0.000,0.004,0.000,0.457,0.457
TCGA-EA-A78R-01A,0.000,0.000,0.013,0.008,0.001,0.000,0.022,0.021,0.060,0.003,0.028,0.000,0.000,0.001,0.002,0.842,0.842
TCGA-LP-A7HU-01A,0.001,0.001,0.020,0.052,0.000,0.000,0.022,0.019,0.032,0.009,0.039,0.000,0.000,0.000,0.000,0.803,0.803
TCGA-UC-A7PI-01A,0.002,0.000,0.000,0.025,0.000,0.000,0.001,0.012,0.004,0.000,0.022,0.000,0.000,0.006,0.000,0.928,0.928
