,Plasma B cells,Non-plasma B cells,CD4 T,CD8 T effector,CD8 T (GZMK high),Double-neg-like T,DC,Endothelial Cells,CAFs,Myofibroblasts,Macrophages,Mast Cells,NK,Neutrophils,Monocytes,1-others,Cancer Cells
TCGA-32-2616-01A,0.000,0.000,0.002,0.000,0.014,0.000,0.001,0.022,0.000,0.010,0.171,0.000,0.000,0.000,0.000,0.779,0.779
TCGA-32-1980-01A,0.000,0.000,0.014,0.003,0.022,0.000,0.007,0.095,0.003,0.039,0.248,0.003,0.004,0.000,0.001,0.559,0.559
TCGA-28-2514-01A,0.000,0.000,0.003,0.003,0.010,0.000,0.013,0.088,0.000,0.019,0.073,0.001,0.001,0.000,0.000,0.789,0.789
TCGA-06-0644-01A,0.000,0.000,0.019,0.003,0.005,0.000,0.000,0.083,0.192,0.000,0.176,0.003,0.000,0.000,0.000,0.517,0.517
TCGA-06-1804-01A,0.000,0.000,0.005,0.002,0.021,0.000,0.011,0.044,0.007,0.011,0.075,0.000,0.001,0.002,0.001,0.819,0.819
TCGA-41-2571-01A,0.000,0.000,0.001,0.002,0.004,0.000,0.004,0.028,0.000,0.007,0.095,0.001,0.003,0.000,0.000,0.855,0.855
TCGA-19-2619-01A,0.000,0.000,0.003,0.000,0.008,0.000,0.001,0.063,0.001,0.029,0.064,0.002,0.000,0.001,0.000,0.828,0.828
TCGA-27-1837-01A,0.000,0.000,0.004,0.001,0.000,0.000,0.028,0.075,0.001,0.010,0.150,0.001,0.001,0.000,0.000,0.727,0.727
TCGA-27-1832-01A,0.000,0.000,0.011,0.008,0.007,0.000,0.015,0.033,0.095,0.001,0.230,0.000,0.000,0.000,0.000,0.599,0.599
TCGA-06-0686-01A,0.000,0.000,0.003,0.000,0.004,0.000,0.018,0.078,0.000,0.031,0.122,0.001,0.000,0.000,0.000,0.740,0.740
TCGA-06-5856-01A,0.000,0.000,0.003,0.000,0.005,0.000,0.003,0.077,0.001,0.016,0.145,0.000,0.000,0.000,0.000,0.749,0.749
TCGA-28-1753-01A,0.000,0.000,0.005,0.001,0.015,0.000,0.025,0.115,0.050,0.028,0.265,0.001,0.000,0.000,0.000,0.494,0.494
TCGA-28-5218-01A,0.000,0.000,0.033,0.000,0.028,0.000,0.000,0.100,0.506,0.002,0.173,0.001,0.000,0.000,0.000,0.156,0.156
TCGA-32-1970-01A,0.000,0.000,0.004,0.000,0.019,0.000,0.015,0.058,0.001,0.013,0.078,0.001,0.000,0.000,0.000,0.812,0.812
TCGA-28-5204-01A,0.000,0.000,0.004,0.000,0.005,0.000,0.007,0.069,0.001,0.016,0.116,0.001,0.000,0.000,0.000,0.780,0.780
TCGA-12-3653-01A,0.000,0.000,0.004,0.000,0.001,0.000,0.005,0.036,0.000,0.001,0.150,0.000,0.000,0.000,0.000,0.801,0.801
TCGA-06-0187-01A,0.000,0.000,0.001,0.002,0.000,0.000,0.000,0.048,0.002,0.005,0.177,0.000,0.000,0.001,0.000,0.764,0.764
TCGA-19-2624-01A,0.000,0.000,0.000,0.006,0.001,0.000,0.012,0.060,0.000,0.011,0.039,0.001,0.000,0.000,0.000,0.870,0.870
TCGA-12-3652-01A,0.000,0.000,0.000,0.000,0.002,0.000,0.000,0.031,0.000,0.014,0.046,0.000,0.000,0.000,0.000,0.905,0.905
TCGA-12-5299-01A,0.000,0.000,0.007,0.000,0.000,0.000,0.000,0.060,0.001,0.013,0.160,0.003,0.000,0.000,0.000,0.755,0.755
TCGA-06-0749-01A,0.000,0.000,0.005,0.000,0.017,0.000,0.006,0.052,0.000,0.021,0.249,0.002,0.000,0.000,0.000,0.648,0.648
TCGA-06-0158-01A,0.000,0.000,0.003,0.001,0.017,0.000,0.029,0.071,0.003,0.022,0.166,0.000,0.000,0.000,0.000,0.689,0.689
TCGA-19-1390-01A,0.000,0.000,0.002,0.003,0.001,0.000,0.006,0.034,0.000,0.004,0.067,0.000,0.000,0.000,0.000,0.883,0.883
TCGA-28-2510-01A,0.000,0.000,0.009,0.004,0.018,0.000,0.007,0.075,0.000,0.063,0.081,0.002,0.001,0.000,0.005,0.735,0.735
TCGA-32-2615-01A,0.000,0.000,0.009,0.004,0.017,0.000,0.004,0.056,0.003,0.012,0.181,0.000,0.001,0.000,0.000,0.713,0.713
TCGA-76-4929-01A,0.000,0.000,0.010,0.000,0.003,0.000,0.003,0.055,0.001,0.019,0.128,0.000,0.002,0.000,0.000,0.779,0.779
TCGA-06-0178-01A,0.000,0.000,0.001,0.000,0.002,0.000,0.001,0.023,0.000,0.016,0.161,0.006,0.005,0.000,0.000,0.785,0.785
TCGA-41-5651-01A,0.000,0.002,0.001,0.000,0.015,0.000,0.005,0.063,0.000,0.015,0.037,0.000,0.000,0.000,0.000,0.862,0.862
TCGA-14-2554-01A,0.000,0.000,0.005,0.000,0.008,0.000,0.001,0.074,0.001,0.021,0.184,0.001,0.000,0.000,0.000,0.704,0.704
TCGA-06-2559-01A,0.000,0.000,0.001,0.000,0.009,0.000,0.013,0.059,0.001,0.018,0.104,0.001,0.000,0.000,0.000,0.792,0.792
TCGA-14-0787-01A,0.000,0.000,0.004,0.000,0.005,0.000,0.009,0.043,0.001,0.013,0.171,0.001,0.000,0.000,0.000,0.751,0.751
TCGA-12-0618-01A,0.000,0.000,0.001,0.000,0.006,0.000,0.013,0.044,0.000,0.013,0.058,0.000,0.001,0.000,0.000,0.864,0.864
TCGA-14-1034-01A,0.000,0.000,0.016,0.000,0.003,0.000,0.001,0.050,0.007,0.002,0.207,0.000,0.000,0.000,0.000,0.713,0.713
TCGA-06-0743-01A,0.000,0.000,0.001,0.000,0.015,0.000,0.013,0.069,0.001,0.012,0.127,0.001,0.000,0.000,0.000,0.761,0.761
TCGA-16-1045-01B,0.000,0.000,0.019,0.000,0.004,0.000,0.001,0.093,0.009,0.024,0.343,0.000,0.001,0.001,0.000,0.505,0.505
TCGA-76-4927-01A,0.000,0.000,0.010,0.000,0.002,0.000,0.001,0.134,0.005,0.036,0.190,0.001,0.001,0.000,0.000,0.619,0.619
TCGA-32-2638-01A,0.000,0.000,0.007,0.000,0.007,0.000,0.014,0.089,0.004,0.034,0.226,0.000,0.000,0.000,0.000,0.617,0.617
TCGA-14-1825-01A,0.000,0.000,0.004,0.001,0.000,0.000,0.006,0.070,0.000,0.019,0.082,0.001,0.000,0.000,0.000,0.817,0.817
TCGA-32-2632-01A,0.000,0.000,0.023,0.008,0.020,0.000,0.002,0.092,0.076,0.012,0.243,0.002,0.000,0.000,0.000,0.523,0.523
TCGA-14-1823-01A,0.000,0.000,0.002,0.000,0.000,0.000,0.000,0.033,0.008,0.005,0.260,0.004,0.000,0.000,0.000,0.688,0.688
TCGA-12-3650-01A,0.000,0.000,0.001,0.000,0.007,0.000,0.001,0.061,0.000,0.018,0.118,0.001,0.000,0.000,0.000,0.793,0.793
TCGA-06-0211-01A,0.000,0.000,0.007,0.000,0.000,0.000,0.016,0.080,0.004,0.013,0.194,0.000,0.000,0.000,0.000,0.685,0.685
TCGA-06-0238-01A,0.000,0.000,0.004,0.001,0.006,0.000,0.004,0.053,0.000,0.017,0.202,0.004,0.004,0.000,0.000,0.704,0.704
TCGA-06-0184-01A,0.000,0.000,0.007,0.000,0.001,0.000,0.000,0.062,0.000,0.017,0.329,0.000,0.001,0.000,0.000,0.581,0.581
TCGA-76-4925-01A,0.000,0.000,0.000,0.000,0.011,0.000,0.000,0.046,0.000,0.015,0.077,0.000,0.000,0.000,0.000,0.849,0.849
TCGA-12-0616-01A,0.000,0.000,0.002,0.008,0.002,0.000,0.014,0.042,0.001,0.012,0.103,0.001,0.000,0.000,0.000,0.816,0.816
TCGA-26-5132-01A,0.000,0.000,0.003,0.007,0.014,0.000,0.001,0.061,0.002,0.036,0.138,0.000,0.000,0.000,0.000,0.737,0.737
TCGA-02-0055-01A,0.000,0.000,0.016,0.001,0.004,0.000,0.002,0.041,0.366,0.009,0.229,0.001,0.000,0.001,0.000,0.330,0.330
TCGA-06-0132-01A,0.000,0.000,0.014,0.000,0.022,0.000,0.001,0.094,0.002,0.026,0.380,0.003,0.003,0.001,0.000,0.453,0.453
TCGA-02-2486-01A,0.000,0.000,0.011,0.002,0.013,0.000,0.000,0.010,0.007,0.001,0.367,0.000,0.000,0.000,0.000,0.588,0.588
TCGA-19-1787-01B,0.000,0.000,0.004,0.003,0.014,0.000,0.002,0.045,0.012,0.016,0.200,0.000,0.000,0.000,0.000,0.703,0.703
TCGA-06-0211-01B,0.000,0.000,0.000,0.000,0.006,0.000,0.017,0.091,0.000,0.016,0.099,0.001,0.000,0.000,0.000,0.770,0.770
TCGA-06-5859-01A,0.000,0.000,0.009,0.000,0.017,0.000,0.001,0.008,0.000,0.027,0.214,0.000,0.000,0.000,0.000,0.725,0.725
TCGA-06-0139-01A,0.000,0.000,0.016,0.007,0.008,0.000,0.000,0.049,0.103,0.017,0.614,0.008,0.003,0.002,0.001,0.172,0.172
TCGA-06-0157-01A,0.000,0.000,0.008,0.000,0.017,0.000,0.007,0.127,0.001,0.020,0.138,0.001,0.001,0.000,0.000,0.680,0.680
TCGA-12-1597-01B,0.000,0.000,0.002,0.001,0.004,0.000,0.003,0.045,0.000,0.021,0.114,0.000,0.001,0.000,0.000,0.808,0.808
TCGA-76-4931-01A,0.000,0.000,0.002,0.003,0.005,0.000,0.009,0.046,0.001,0.003,0.074,0.000,0.000,0.000,0.000,0.856,0.856
TCGA-06-5417-01A,0.000,0.000,0.000,0.000,0.000,0.000,0.000,0.066,0.000,0.021,0.055,0.000,0.000,0.000,0.000,0.858,0.858
TCGA-32-5222-01A,0.000,0.000,0.000,0.000,0.000,0.000,0.000,0.056,0.000,0.017,0.192,0.002,0.000,0.001,0.000,0.732,0.732
TCGA-76-4932-01A,0.000,0.000,0.000,0.000,0.000,0.000,0.013,0.032,0.000,0.009,0.116,0.001,0.000,0.000,0.000,0.828,0.828
TCGA-28-5208-01A,0.000,0.000,0.007,0.000,0.000,0.000,0.009,0.101,0.002,0.017,0.167,0.001,0.000,0.000,0.000,0.697,0.697
TCGA-02-0047-01A,0.000,0.000,0.009,0.000,0.001,0.000,0.026,0.076,0.001,0.046,0.189,0.000,0.003,0.000,0.000,0.648,0.648
TCGA-28-5207-01A,0.000,0.000,0.005,0.000,0.018,0.000,0.010,0.168,0.016,0.026,0.119,0.002,0.001,0.000,0.000,0.634,0.634
TCGA-28-5220-01A,0.000,0.000,0.006,0.000,0.006,0.000,0.005,0.030,0.029,0.017,0.160,0.002,0.000,0.000,0.000,0.746,0.746
TCGA-06-0744-01A,0.000,0.000,0.000,0.000,0.005,0.000,0.014,0.081,0.000,0.017,0.097,0.000,0.000,0.000,0.000,0.786,0.786
TCGA-27-2524-01A,0.000,0.000,0.007,0.000,0.002,0.000,0.000,0.057,0.026,0.008,0.174,0.003,0.000,0.000,0.000,0.724,0.724
TCGA-06-0745-01A,0.000,0.000,0.005,0.000,0.004,0.000,0.001,0.084,0.000,0.032,0.184,0.003,0.001,0.000,0.000,0.684,0.684
TCGA-16-0846-01A,0.000,0.000,0.010,0.006,0.017,0.000,0.015,0.075,0.000,0.018,0.208,0.001,0.004,0.000,0.000,0.645,0.645
TCGA-06-0882-01A,0.000,0.000,0.012,0.001,0.009,0.000,0.007,0.073,0.002,0.021,0.242,0.001,0.001,0.001,0.001,0.630,0.630
TCGA-06-5411-01A,0.000,0.000,0.007,0.005,0.014,0.000,0.009,0.066,0.000,0.037,0.135,0.004,0.001,0.000,0.001,0.718,0.718
TCGA-27-1835-01A,0.000,0.000,0.000,0.000,0.006,0.000,0.000,0.069,0.000,0.016,0.031,0.000,0.000,0.000,0.000,0.877,0.877
TCGA-28-2513-01A,0.000,0.000,0.016,0.000,0.001,0.000,0.006,0.102,0.026,0.016,0.273,0.001,0.000,0.000,0.000,0.558,0.558
TCGA-14-0781-01B,0.000,0.000,0.013,0.000,0.000,0.000,0.000,0.121,0.022,0.023,0.213,0.001,0.000,0.000,0.000,0.608,0.608
TCGA-14-0789-01A,0.000,0.000,0.019,0.000,0.000,0.000,0.000,0.059,0.050,0.001,0.294,0.001,0.001,0.001,0.000,0.575,0.575
TCGA-06-0141-01A,0.000,0.000,0.009,0.000,0.007,0.000,0.002,0.049,0.013,0.008,0.359,0.000,0.001,0.001,0.000,0.550,0.550
TCGA-06-2565-01A,0.000,0.000,0.001,0.000,0.008,0.000,0.021,0.110,0.001,0.009,0.094,0.000,0.000,0.000,0.000,0.753,0.753
TCGA-28-5213-01A,0.000,0.000,0.017,0.000,0.014,0.000,0.000,0.090,0.015,0.030,0.315,0.002,0.000,0.002,0.000,0.514,0.514
TCGA-06-2557-01A,0.003,0.000,0.008,0.003,0.031,0.000,0.030,0.058,0.001,0.016,0.318,0.004,0.000,0.000,0.000,0.527,0.527
TCGA-26-5133-01A,0.000,0.000,0.000,0.000,0.001,0.000,0.001,0.053,0.000,0.040,0.062,0.000,0.000,0.000,0.000,0.843,0.843
TCGA-06-0210-01A,0.000,0.000,0.011,0.000,0.000,0.000,0.000,0.013,0.013,0.000,0.236,0.000,0.003,0.002,0.000,0.721,0.721
TCGA-08-0386-01A,0.000,0.000,0.004,0.000,0.009,0.000,0.008,0.071,0.001,0.028,0.059,0.001,0.000,0.002,0.000,0.816,0.816
TCGA-06-2569-01A,0.000,0.000,0.002,0.001,0.012,0.000,0.002,0.089,0.218,0.006,0.006,0.000,0.000,0.000,0.000,0.665,0.665
TCGA-26-5139-01A,0.000,0.000,0.008,0.001,0.007,0.000,0.007,0.058,0.015,0.011,0.127,0.001,0.000,0.000,0.000,0.765,0.765
TCGA-41-2572-01A,0.000,0.000,0.002,0.000,0.007,0.000,0.000,0.079,0.000,0.015,0.145,0.001,0.001,0.000,0.000,0.750,0.750
TCGA-28-2499-01A,0.000,0.000,0.001,0.000,0.004,0.000,0.000,0.047,0.000,0.014,0.161,0.000,0.000,0.000,0.000,0.771,0.771
TCGA-06-2570-01A,0.000,0.000,0.002,0.000,0.001,0.000,0.004,0.071,0.000,0.033,0.215,0.001,0.003,0.000,0.000,0.669,0.669
TCGA-14-0817-01A,0.000,0.000,0.002,0.000,0.010,0.000,0.001,0.067,0.001,0.022,0.255,0.003,0.002,0.000,0.000,0.636,0.636
TCGA-28-5209-01A,0.000,0.000,0.005,0.000,0.000,0.000,0.012,0.058,0.010,0.019,0.064,0.000,0.000,0.000,0.000,0.831,0.831
TCGA-06-0649-01B,0.001,0.000,0.013,0.001,0.013,0.000,0.004,0.077,0.048,0.010,0.280,0.001,0.001,0.000,0.000,0.551,0.551
TCGA-06-2561-01A,0.000,0.000,0.004,0.000,0.017,0.000,0.023,0.020,0.001,0.008,0.222,0.000,0.000,0.000,0.000,0.703,0.703
TCGA-27-1831-01A,0.000,0.000,0.001,0.000,0.006,0.000,0.001,0.062,0.001,0.017,0.177,0.001,0.000,0.000,0.000,0.733,0.733
TCGA-27-2519-01A,0.000,0.000,0.008,0.002,0.010,0.000,0.002,0.068,0.000,0.007,0.295,0.003,0.000,0.000,0.000,0.606,0.606
TCGA-06-0747-01A,0.000,0.000,0.001,0.001,0.001,0.000,0.010,0.031,0.000,0.006,0.076,0.000,0.000,0.000,0.000,0.873,0.873
TCGA-06-2558-01A,0.000,0.000,0.002,0.000,0.017,0.000,0.009,0.111,0.001,0.038,0.129,0.003,0.001,0.000,0.001,0.690,0.690
TCGA-27-1830-01A,0.000,0.000,0.008,0.005,0.009,0.000,0.007,0.095,0.014,0.029,0.206,0.000,0.000,0.001,0.000,0.625,0.625
TCGA-06-5412-01A,0.000,0.000,0.019,0.001,0.000,0.000,0.001,0.141,0.045,0.015,0.350,0.004,0.000,0.001,0.000,0.423,0.423
TCGA-14-1829-01A,0.000,0.000,0.002,0.000,0.006,0.000,0.000,0.063,0.002,0.019,0.188,0.002,0.000,0.000,0.000,0.717,0.717
TCGA-06-5416-01A,0.000,0.000,0.002,0.010,0.001,0.000,0.010,0.036,0.002,0.017,0.022,0.000,0.000,0.000,0.000,0.901,0.901
TCGA-06-5408-01A,0.000,0.000,0.017,0.001,0.000,0.000,0.009,0.064,0.005,0.000,0.109,0.001,0.000,0.001,0.000,0.795,0.795
TCGA-27-2521-01A,0.000,0.000,0.001,0.000,0.000,0.000,0.000,0.050,0.000,0.030,0.069,0.001,0.000,0.000,0.000,0.849,0.849
TCGA-32-2634-01A,0.000,0.000,0.001,0.001,0.025,0.000,0.021,0.060,0.002,0.029,0.080,0.001,0.000,0.000,0.000,0.782,0.782
TCGA-06-0219-01A,0.000,0.000,0.000,0.000,0.010,0.000,0.000,0.031,0.000,0.024,0.146,0.005,0.001,0.000,0.000,0.782,0.782
TCGA-76-4926-01B,0.000,0.000,0.006,0.000,0.009,0.000,0.003,0.025,0.000,0.014,0.096,0.001,0.000,0.000,0.000,0.846,0.846
TCGA-14-0790-01B,0.000,0.000,0.000,0.000,0.008,0.000,0.009,0.043,0.000,0.007,0.040,0.000,0.000,0.000,0.000,0.893,0.893
TCGA-06-5858-01A,0.000,0.000,0.002,0.000,0.007,0.000,0.001,0.071,0.001,0.049,0.185,0.001,0.000,0.000,0.000,0.683,0.683
TCGA-26-5135-01A,0.000,0.000,0.004,0.001,0.002,0.000,0.005,0.098,0.001,0.039,0.170,0.002,0.002,0.000,0.000,0.676,0.676
TCGA-27-1834-01A,0.000,0.000,0.015,0.002,0.017,0.000,0.020,0.047,0.002,0.016,0.228,0.002,0.000,0.000,0.000,0.648,0.648
TCGA-06-0129-01A,0.000,0.000,0.004,0.007,0.001,0.000,0.005,0.016,0.000,0.003,0.259,0.000,0.000,0.000,0.000,0.704,0.704
TCGA-41-3915-01A,0.000,0.000,0.010,0.007,0.014,0.000,0.004,0.114,0.061,0.024,0.222,0.001,0.000,0.002,0.000,0.541,0.541
TCGA-06-2562-01A,0.000,0.000,0.007,0.000,0.000,0.000,0.007,0.070,0.013,0.020,0.162,0.001,0.001,0.001,0.000,0.719,0.719
TCGA-28-1747-01C,0.000,0.000,0.007,0.002,0.006,0.000,0.005,0.019,0.000,0.005,0.234,0.002,0.000,0.000,0.000,0.720,0.720
TCGA-06-2563-01A,0.000,0.000,0.002,0.001,0.015,0.000,0.018,0.109,0.001,0.016,0.095,0.000,0.000,0.000,0.000,0.743,0.743
TCGA-28-5216-01A,0.000,0.000,0.005,0.001,0.000,0.000,0.008,0.060,0.008,0.016,0.141,0.001,0.000,0.000,0.000,0.760,0.760
TCGA-28-2509-01A,0.000,0.000,0.007,0.000,0.002,0.000,0.000,0.012,0.002,0.004,0.142,0.001,0.000,0.000,0.000,0.830,0.830
TCGA-19-2625-01A,0.000,0.000,0.005,0.000,0.000,0.000,0.000,0.012,0.001,0.011,0.131,0.000,0.000,0.000,0.000,0.839,0.839
TCGA-02-2483-01A,0.000,0.000,0.001,0.000,0.007,0.000,0.000,0.058,0.000,0.026,0.152,0.000,0.000,0.000,0.000,0.755,0.755
TCGA-15-0742-01A,0.000,0.000,0.001,0.000,0.002,0.000,0.003,0.049,0.000,0.011,0.063,0.000,0.000,0.000,0.000,0.871,0.871
TCGA-06-5413-01A,0.000,0.000,0.008,0.000,0.018,0.000,0.005,0.121,0.011,0.027,0.188,0.003,0.000,0.000,0.000,0.616,0.616
TCGA-06-0125-01A,0.000,0.000,0.003,0.000,0.006,0.000,0.010,0.083,0.003,0.019,0.062,0.000,0.000,0.000,0.000,0.814,0.814
TCGA-26-1442-01A,0.000,0.000,0.002,0.000,0.000,0.000,0.013,0.052,0.000,0.041,0.092,0.000,0.001,0.000,0.000,0.798,0.798
TCGA-06-0646-01A,0.000,0.000,0.007,0.008,0.000,0.000,0.016,0.081,0.001,0.029,0.237,0.002,0.001,0.005,0.000,0.614,0.614
TCGA-12-5295-01A,0.000,0.000,0.000,0.000,0.007,0.000,0.010,0.048,0.000,0.017,0.176,0.000,0.000,0.000,0.000,0.742,0.742
TCGA-41-4097-01A,0.000,0.000,0.013,0.001,0.019,0.000,0.012,0.049,0.050,0.012,0.176,0.001,0.001,0.000,0.000,0.666,0.666
TCGA-06-5418-01A,0.000,0.000,0.002,0.000,0.000,0.000,0.000,0.022,0.001,0.000,0.180,0.000,0.000,0.004,0.000,0.790,0.790
TCGA-19-4065-01A,0.000,0.000,0.006,0.001,0.001,0.000,0.002,0.042,0.034,0.011,0.302,0.002,0.000,0.000,0.000,0.599,0.599
TCGA-06-0168-01A,0.000,0.000,0.012,0.007,0.006,0.000,0.001,0.086,0.014,0.032,0.267,0.003,0.001,0.001,0.000,0.569,0.569
TCGA-06-0190-01A,0.000,0.000,0.013,0.000,0.014,0.000,0.001,0.084,0.138,0.017,0.242,0.000,0.000,0.001,0.000,0.490,0.490
TCGA-19-5960-01A,0.000,0.000,0.001,0.000,0.011,0.000,0.007,0.007,0.000,0.001,0.029,0.000,0.000,0.000,0.000,0.943,0.943
TCGA-06-5414-01A,0.000,0.000,0.007,0.000,0.000,0.000,0.001,0.059,0.001,0.013,0.200,0.000,0.000,0.003,0.000,0.716,0.716
TCGA-32-1982-01A,0.000,0.000,0.009,0.000,0.023,0.000,0.001,0.173,0.005,0.061,0.211,0.002,0.004,0.001,0.000,0.511,0.511
TCGA-06-0645-01A,0.000,0.000,0.011,0.000,0.002,0.000,0.000,0.115,0.006,0.035,0.358,0.003,0.003,0.002,0.000,0.464,0.464
TCGA-19-2629-01A,0.000,0.000,0.010,0.000,0.009,0.000,0.003,0.055,0.001,0.032,0.243,0.001,0.000,0.000,0.000,0.645,0.645
TCGA-06-0174-01A,0.000,0.000,0.003,0.000,0.003,0.000,0.001,0.060,0.001,0.015,0.079,0.001,0.000,0.000,0.000,0.837,0.837
TCGA-32-4213-01A,0.000,0.000,0.020,0.000,0.006,0.000,0.000,0.116,0.025,0.040,0.250,0.003,0.001,0.000,0.000,0.538,0.538
TCGA-12-0821-01A,0.000,0.000,0.002,0.000,0.012,0.000,0.003,0.098,0.001,0.040,0.078,0.002,0.000,0.000,0.000,0.764,0.764
TCGA-76-4928-01B,0.000,0.000,0.011,0.000,0.000,0.000,0.002,0.094,0.013,0.004,0.162,0.001,0.000,0.001,0.000,0.712,0.712
TCGA-02-2485-01A,0.000,0.000,0.000,0.001,0.013,0.000,0.016,0.081,0.000,0.018,0.053,0.001,0.000,0.000,0.000,0.817,0.817
TCGA-06-0138-01A,0.000,0.000,0.003,0.000,0.003,0.000,0.000,0.089,0.000,0.029,0.203,0.003,0.002,0.000,0.001,0.666,0.666
TCGA-15-1444-01A,0.000,0.000,0.002,0.000,0.000,0.000,0.003,0.061,0.000,0.023,0.243,0.000,0.002,0.002,0.000,0.665,0.665
TCGA-06-0750-01A,0.000,0.000,0.010,0.000,0.007,0.000,0.000,0.093,0.024,0.037,0.237,0.003,0.003,0.000,0.000,0.585,0.585
TCGA-27-2526-01A,0.000,0.000,0.005,0.000,0.014,0.000,0.001,0.033,0.000,0.011,0.117,0.000,0.000,0.000,0.000,0.819,0.819
TCGA-27-2528-01A,0.000,0.000,0.002,0.000,0.002,0.000,0.001,0.088,0.019,0.037,0.049,0.000,0.000,0.000,0.000,0.802,0.802
TCGA-06-2564-01A,0.000,0.000,0.007,0.000,0.001,0.000,0.008,0.054,0.001,0.014,0.167,0.000,0.000,0.001,0.000,0.746,0.746
TCGA-06-0130-01A,0.000,0.000,0.014,0.019,0.031,0.000,0.016,0.061,0.261,0.003,0.359,0.003,0.000,0.000,0.000,0.232,0.232
TCGA-06-2567-01A,0.000,0.000,0.013,0.019,0.012,0.000,0.001,0.061,0.007,0.024,0.193,0.001,0.007,0.009,0.001,0.652,0.652
TCGA-12-0619-01A,0.000,0.000,0.015,0.000,0.012,0.000,0.001,0.050,0.019,0.014,0.250,0.000,0.000,0.002,0.000,0.637,0.637
TCGA-19-2620-01A,0.000,0.000,0.002,0.000,0.006,0.000,0.003,0.036,0.000,0.022,0.115,0.000,0.001,0.000,0.000,0.813,0.813
TCGA-28-5215-01A,0.000,0.000,0.009,0.007,0.005,0.000,0.017,0.096,0.068,0.018,0.191,0.000,0.000,0.000,0.000,0.587,0.587
TCGA-06-0878-01A,0.000,0.000,0.014,0.000,0.003,0.000,0.000,0.057,0.005,0.005,0.212,0.001,0.000,0.002,0.000,0.700,0.700
TCGA-26-5134-01A,0.000,0.000,0.003,0.013,0.000,0.000,0.017,0.036,0.002,0.015,0.133,0.000,0.000,0.000,0.000,0.780,0.780
TCGA-26-5136-01B,0.000,0.000,0.007,0.007,0.024,0.000,0.005,0.069,0.003,0.023,0.237,0.001,0.000,0.000,0.000,0.624,0.624
TCGA-14-0871-01A,0.000,0.000,0.000,0.000,0.010,0.000,0.000,0.056,0.144,0.000,0.015,0.000,0.000,0.000,0.000,0.775,0.775
TCGA-27-2523-01A,0.000,0.000,0.003,0.000,0.006,0.000,0.000,0.044,0.000,0.001,0.095,0.000,0.000,0.000,0.000,0.851,0.851
TCGA-06-5410-01A,0.000,0.000,0.019,0.001,0.000,0.000,0.000,0.088,0.037,0.019,0.522,0.006,0.005,0.010,0.003,0.289,0.289
