"","cellFractions.B.Cells","cellFractions.CD4.T","cellFractions.CD8.T","cellFractions.DC","cellFractions.Endothelial.Cells","cellFractions.Fibroblasts","cellFractions.Macrophages","cellFractions.Mast.Cells","cellFractions.Monocytes","cellFractions.NK","cellFractions.Neutrophils","cellFractions.otherCells"
"TCGA.32.2616.01A",0.0210112763365824,0.00413375390537951,0.000259840685654842,1.08406538593063e-05,0.00575778268898382,0.0111356834536166,0.0537519856634344,0.000231853981701198,0.1706806406092,0.00145441943755886,4.28372084246703e-06,0.731567638863187
"TCGA.32.1980.01A",0.0251323640248567,0.00751877635399319,0.00403098816815467,0.183357695088065,0.0146681521964109,0.0273422242253726,0.108413039582344,0.000436986627885545,0.222185522337509,0.00587843514817899,8.76487280105937e-08,0.401035728598501
"TCGA.28.2514.01A",0.0190593792074907,0.000281397638449103,0.000375106556364703,8.55825053654312e-06,0.0183240826848917,0.0262112679483102,0.0247147109500224,8.03647146643116e-05,0.0841636188670501,0.00177337529949508,5.78565614572501e-07,0.82500755931711
"TCGA.06.0644.01A",2.73796830740346e-08,1.34269996130295e-06,2.81945447777983e-07,1.36737243507663e-08,0.000203475760530099,0.0245851291252164,0.0202208615618086,8.79209695555308e-06,0.000428881406603455,3.59386754119815e-09,0.954551160071885,3.06843167712824e-08
"TCGA.06.1804.01A",0.0209036326665019,0.000506791735847422,0.000368488761223931,1.28398102005196e-05,0.00628457057613948,0.00661646514618854,0.0231559338726161,1.94466350347425e-05,0.0530365121027115,0.0021208948947958,3.57671705571995e-07,0.886974066127034
"TCGA.41.2571.01A",0.0322184017154347,0.00026139789576302,0.00193020340981747,0.0202312503485308,0.00566939596216527,0.0279022669716781,0.0531498963777643,0.000359800914115081,0.425019560622793,3.97490104942634e-06,0.000143849770565939,0.433110001110323
"TCGA.19.2619.01A",0.0192945996982509,0.000226878916716994,5.2945126935752e-05,0.487096263116292,0.0323180390493631,0.0277109195643864,0.0218293677213474,7.06499739393267e-05,0.409603412064343,0.0012123782623263,0.00057094693190086,1.35995741982124e-05
"TCGA.27.1837.01A",0.0206396699934152,0.00121206539605881,0.000945560659227111,8.12478567065205e-06,0.00574874671910562,0.0138969981112542,0.0434102017366499,2.48839530511805e-05,0.0994320426820568,0.00122746299607284,7.40955364606322e-07,0.813453502012073
"TCGA.27.1832.01A",0.116540939603429,0.0171355402721889,0.000790842447197767,4.04876720941772e-06,0.00693727538376235,0.0373255324064352,0.159091438734255,0.000203178454593732,0.36427444903259,0.0096090313814863,8.32314586284081e-07,0.288086891202265
"TCGA.06.0686.01A",0.011334583726183,0.000394906611844556,0.0010006109542511,2.40286704413692e-06,0.0151012214248632,0.02018986769132,0.0655347420102746,0.000118554189682877,0.0792964805974116,0.000502190206284787,8.37542336601078e-07,0.806523602178503
"TCGA.06.5856.01A",1.2521481717888e-06,2.70624577565229e-05,2.41626449360244e-05,1.33307025208986e-06,0.0239494523806177,0.117691324517572,0.144004113987685,0.000182441245735438,0.71223313129537,0.0016744865047029,0.000209416552826903,1.82319437400918e-06
"TCGA.28.1753.01A",6.50948401505629e-10,1.02537098843055e-08,0.000752118143856613,9.52382515972542e-08,0.00177295262502113,0.0164288651958024,0.0134102458842292,0.000375341893519871,0.0107775583328886,9.93425150268341e-05,0.956383462697538,6.56920721860457e-09
"TCGA.28.5218.01A",8.85580779258153e-07,0.00069102275472121,0.00633412673976691,1.97783207146123e-05,0.00131794558419204,0.125119718916271,0.0533797730956309,3.30944140521591e-05,0.00234577278242822,0.00437436512270122,0.806351572442722,3.19442460206811e-05
"TCGA.32.1970.01A",0.0240333255007719,0.000332453917163058,0.00187879330386172,3.72552655945269e-05,0.0139078943313868,0.0338095825035574,0.0329522711096592,0.000232637151766599,0.119072390971437,8.2422030307333e-05,5.30144694116183e-07,0.7736604437698
"TCGA.28.5204.01A",0.00931715094721686,0.000641385163836708,0.00189260916144356,2.36062675036787e-07,0.0108153378869011,0.016780154396707,0.0473044681257955,2.63694539891218e-05,3.43792208389409e-06,0.00145224012765344,2.49906760220755e-08,0.911766585761022
"TCGA.12.3653.01A",0.0241112583386776,0.00487531089107164,0.000405406852121362,5.03160616509949e-06,0.0156349632875189,0.0527773302093346,0.0533638900128666,0.000154276300140993,1.04018818905311e-06,0.00135880841716491,2.20617110926516e-05,0.847290622185657
"TCGA.06.0187.01A",0.00634092362298008,7.75959779044002e-05,0.00119511145272228,3.10071450341e-07,0.0135483905698274,0.0359621737191278,0.057996152400003,8.41366272204537e-05,0.108028074183473,0.00119810219494347,9.18131211597887e-08,0.775568937367226
"TCGA.19.2624.01A",0.040275634102,3.58299219535975e-05,0.000397488627351405,2.12517181076663e-05,0.0103576087175776,0.0131476378316349,0.0140826843655098,4.1663219965702e-05,0.0987739060631523,0.000167275955010123,1.93027020988115e-07,0.822698826450716
"TCGA.12.3652.01A",0.0350215366534164,0.0045248507845154,2.6885231807262e-06,0.248991077242821,0.0272181369860216,0.0527047993783796,0.0372717116898633,0.000206676711666222,0.397796166189897,0.000715834051497752,2.7349022163908e-05,0.195519172766577
"TCGA.12.5299.01A",0.00357783159533064,0.000268567292663232,0.000132267058083407,0.317041430879754,0.0118704487623573,0.0577830398197477,0.139326121671962,0.000348569576109175,0.468347801987845,0.000981443583664636,4.60254997273341e-05,0.000276452272755918
"TCGA.06.0749.01A",0.000134086560020758,0.00497948076613166,7.9167826052674e-05,6.26180473238268e-05,0.0157995439949014,0.00706475339380662,0.0899080041468732,0.000184497885691761,0.0482107208376749,0.0145371218854175,2.28646320346267e-06,0.819037718192902
"TCGA.06.0158.01A",0.0164361178474507,6.31262968781839e-05,0.00500260342101575,9.65789920718016e-06,0.0123471089496374,0.0306939773492572,0.0653114016888665,0.000407612116999122,0.274708808995287,0.00157974836804141,8.27711709421751e-07,0.59343900935565
"TCGA.19.1390.01A",0.055833965992546,0.00133010902808888,0.000187368781241571,0.026259329394663,0.00787131591629856,0.0232347642970202,0.042416933206055,0.000159162052219378,0.552617803208582,1.19794130333307e-06,1.19130960718669e-05,0.29007613708591
"TCGA.28.2510.01A",0.0238225702554538,0.00144646963318607,2.81658022050141e-05,0.304485293097168,0.00940370228792963,0.0447905927184489,0.0260251385575641,5.93909545109521e-05,0.235350367825417,0.00195733007304579,1.93175138235766e-06,0.352629047043688
"TCGA.32.2615.01A",0.0441134997101939,0.0108652024409847,0.00069984097776912,1.80376993463976e-05,0.0108489514740189,0.0578570730481553,0.0871021805715935,0.000150700790053899,0.392345575091795,0.00605597405616833,1.58993490007216e-07,0.389942805146431
"TCGA.76.4929.01A",0.0063198768820328,1.2182777104646e-05,2.07263072063498e-05,0.000112182545566397,0.00676655335664265,0.0144457027649695,0.053088747914959,1.06638906256901e-05,0.313658993151435,0.000175631425954088,0.605383615060661,5.12392284314669e-06
"TCGA.06.0178.01A",1.51152156487148e-05,0.00263737224413378,0.000510610743150381,0.127401205510685,0.00824961099839208,0.0137902736336874,0.0606505185582594,0.000213236263898505,0.0225829676695372,0.00196442116824462,1.54756281080013e-06,0.761983120431552
"TCGA.41.5651.01A",0.0174310353536515,0.00124968165255869,0.000290105338486762,0.0324685561164807,0.00976827991780833,0.0106061517493505,0.0196194986502106,4.11387743436007e-06,0.0989216256572655,0.00481607735865695,9.95046823913559e-07,0.804823879281272
"TCGA.14.2554.01A",0.00974053851201705,4.72247699404809e-07,0.00374925007451376,8.17379925028643e-06,0.0114053230192885,0.0242129758919494,0.0785116353592335,8.12995960497708e-06,0.0417961129462605,0.00152229300675519,1.16433114270702e-09,0.829045094019096
"TCGA.06.2559.01A",0.030901514736323,0.00223394404149764,1.08562334225616e-07,0.170639713918064,0.0118482729111969,0.043914841186048,0.0395417110235696,0.000106237024119077,0.151119379842394,0.000883945330532682,9.72214027962791e-07,0.548809359209893
"TCGA.14.0787.01A",0.0100588874482557,0.00321220288166815,0.000208809001305541,0.23388242016975,0.0105716441087714,0.0373096888052096,0.0821596273463236,0.000281365719525112,0.620066890801511,0.002247762430744,3.65429579558384e-07,3.35857355989532e-07
"TCGA.12.0618.01A",0.0161682931303688,0.000321208072504704,0.000828147211783929,1.85171938984647e-07,0.0125042279600237,0.00923393908016895,0.0319558611862942,9.93036222766715e-05,0.19691142417992,0.000509327300242205,1.01146185746121e-07,0.731467981938292
"TCGA.14.1034.01A",0.00175657805584243,0.0011662634955666,2.43113253774069e-05,2.56440367867299e-07,0.0137929146084508,0.042548680744369,0.131837912849494,6.04989575395301e-05,0.372203661985188,0.00201068976217685,8.19655021454835e-06,0.434590035225413
"TCGA.06.0743.01A",0.0304633413771563,0.000692589114276234,0.00319013317139711,1.66962129193403e-06,0.0123212544554638,0.00859682613261957,0.0302135018594987,0.000134716352594871,0.0420015664749878,0.00397281251483848,3.9169732225978e-09,0.868411585008902
"TCGA.16.1045.01B",0.000428630697339087,0.00203243022397879,5.25166398996231e-05,0.00723948364186278,0.0163758552307783,0.0409927311539647,0.23567562715886,0.000841295634869251,0.281350723506971,0.00700161761572375,0.408008968412595,1.20083157610499e-07
"TCGA.76.4927.01A",0.0137133354189516,0.00611638166975697,0.00167122030722997,0.000956856965746839,0.019821856104773,0.0841988531919408,0.154970908082446,0.000917028621976007,0.43682964670338,0.00464647470013386,2.04597881420485e-06,0.276155392254851
"TCGA.32.2638.01A",0.0211663280924505,0.00237304314552895,0.000739466487273363,0.000192529072886054,0.011434406873466,0.0759301789005786,0.113865079743346,3.61637563333819e-05,0.394648682532552,0.000268799715018185,6.80274150512522e-06,0.379338518939062
"TCGA.14.1825.01A",0.0349364907666944,0.00153555032561942,5.45412644996687e-05,1.4621455715936e-06,0.0111188789021274,0.0199209318115614,0.0377429407571263,0.00018145744327353,0.217594944449967,0.000142729732187867,9.22106612608337e-07,0.676769150294758
"TCGA.32.2632.01A",2.98168338629349e-05,0.00124963811551881,0.0111287342669164,2.49223291961121e-06,0.0172032284509043,0.0212870458825514,0.124335465794557,3.33897808683832e-05,5.14580349319143e-06,0.00569306450688647,3.39664238869932e-07,0.819031638667283
"TCGA.14.1823.01A",0.01176920822528,0.000848698447083742,0.00287513056464507,0.296892975632051,0.00236392585867637,0.012187062684518,0.080069503025516,0.000555010025876603,0.0823498394199571,0.00222775299462512,9.67627407141642e-07,0.507859925494364
"TCGA.12.3650.01A",2.845555885064e-05,0.00302623395507237,1.42455319675078e-08,7.42381566853349e-07,0.024195160011092,0.0182780994392381,0.0639023072820278,0.000185072516210029,0.045930932507768,0.00144194851260959,1.54980049314808e-06,0.84300948378954
"TCGA.06.0211.01A",0.00014308909501193,0.0203309537867904,1.16139963337848e-06,1.19476673041441e-05,0.0320130386636502,0.0729621115307169,0.161190884607442,7.21889037739389e-05,0.710764276402873,0.00247878800060308,9.31011461968465e-07,3.06289307389419e-05
"TCGA.06.0238.01A",2.81277401109907e-05,0.00543093460866391,0.000875672565155996,4.0496212392103e-06,0.00547607779862737,0.013132315365909,0.100430518573383,0.000193587051399688,2.72890553428465e-06,0.0027756324143447,2.32890172710455e-06,0.871648026453905
"TCGA.06.0184.01A",1.74252287993597e-05,0.00105885572226832,0.00209860068151794,3.04854558989514e-05,0.0358868903310825,0.0486523982720659,0.236879261084852,0.000480230249466322,0.338750203829685,0.000196303860736152,7.26353083069866e-07,0.335948618930545
"TCGA.76.4925.01A",0.0293716525121135,6.28745239447017e-06,0.00134465065343138,0.125802140864047,0.0023342775530252,0.0239202292341458,0.0321498879108309,0.000265069247621375,0.314960407820287,3.49701487174592e-06,3.57134748255757e-07,0.469841542602484
"TCGA.12.0616.01A",0.00300931057143732,0.0074380727687244,0.00098620802847651,3.14609204556661e-08,0.0126389994386287,0.0127026271372264,0.0636294490705571,4.43696738109996e-05,2.53062593105698e-06,0.00313621341888631,1.23196226545241e-07,0.896412064609174
"TCGA.26.5132.01A",0.00373322859975158,0.00586306101756169,7.32356024505048e-05,1.45578774857138e-06,0.0179790719847521,0.0236489667090307,0.0477803699202297,0.000159837586800297,0.0698734602538868,0.00303264133424567,7.52849341157852e-07,0.827853918354201
"TCGA.02.0055.01A",4.74953236944727e-06,3.33127161840324e-05,1.48488815135246e-07,3.24707911478151e-06,1.37752793860127e-05,0.0829273322720456,0.0433872540725876,3.50952120645884e-05,3.99683525444833e-05,5.77625084620663e-07,0.873554451547912,8.7821892097778e-08
"TCGA.06.0132.01A",0.000214616522508918,0.00547185592221144,0.00209262129373093,2.54574215275382e-06,0.00812631615841229,0.024437381214642,0.176718534011573,0.000746993955866117,5.46259662391458e-06,0.00436637916704952,2.48042561798186e-08,0.777817268610973
"TCGA.02.2486.01A",9.76890371131919e-05,0.00975582277188656,0.000426594202977367,5.93146080846266e-06,0.000579024295865972,0.0666312364230167,0.270593668888905,0.000130919411324762,1.99624463470746e-05,0.0122655635624502,2.53818934006802e-08,0.639493562117411
"TCGA.19.1787.01B",0.0052321923993313,0.00230747308803269,0.00222031325860376,1.33448963880051e-05,0.00746318832714111,0.0119030336114013,0.0576309819601272,2.53965495570334e-05,0.0116291496225312,0.000837187595374879,2.75625970413242e-06,0.900734982431807
"TCGA.06.0211.01B",0.0156596940806569,2.88609644606687e-05,0.000149752299591648,7.88942191694687e-07,0.0249122445210478,0.0222777415450499,0.052947200249057,0.000109622226924278,0.201808040174312,0.00213124261574151,1.25891519697279e-06,0.67997355346577
"TCGA.06.5859.01A",6.87559274639245e-05,0.00916889850071172,0.000412811246150522,3.60057983891052e-05,0.0100219112538927,0.00884615797929246,0.105621429869977,2.01000127336992e-05,0.0105507625344946,0.00187005971807511,1.37079301450225e-06,0.853381736365805
"TCGA.06.0139.01A",0.00295741871190589,4.97664177439707e-05,2.55877266163071e-06,0.000455363318888667,3.35161852536809e-05,0.00844978911298861,0.986953674172724,2.27376547995715e-05,6.17096748524595e-06,6.86270195780762e-06,0.00106161361943583,5.28364155203162e-07
"TCGA.06.0157.01A",0.0156531602903949,0.00398028804687805,0.0026184196537254,2.85349485632181e-05,0.0143388775959608,0.0170396738672985,0.0538145307858837,0.00036482428527011,0.077001446964594,0.00193621505703779,2.44926824539759e-07,0.813223783577569
"TCGA.12.1597.01B",0.000180970650288428,0.00217992732196975,0.000927031950067908,0.0928837559654981,0.0120477115295734,0.0254602270586621,0.0855852108997062,4.75498463192686e-05,0.352110740130004,0.000145425657456028,1.55517963947042e-06,0.428429893810816
"TCGA.76.4931.01A",0.0486618436566091,1.18497008365086e-07,0.000879220587664992,0.135056827452447,0.0108017257435542,0.0185574056127322,0.0300428434296022,0.000248016445790951,0.353869982802819,0.00192349980871118,2.06888069232361e-06,0.399956447082368
"TCGA.06.5417.01A",0.0117142276042625,0.000664767026603205,1.90218433854805e-07,0.0881553517637914,0.00675828574262056,0.0125574189686692,0.0245575134135616,0.000118918847956711,0.120235896594468,0.000259071291442442,8.50400743168699e-07,0.734977508127447
"TCGA.32.5222.01A",5.86873963406482e-05,0.00316390831419091,0.000246183043359733,1.73219439797355e-05,0.0151423629871327,0.091816464685537,0.0759542419680892,0.000419118347474154,0.145641866806904,0.00301585712800015,9.74189298411681e-07,0.664523013189693
"TCGA.76.4932.01A",0.00898727690180816,0.000561438808452742,7.29280977900633e-07,3.87691978421171e-06,0.0137836980341591,0.0219989609574116,0.0381923194356583,8.70197551772672e-05,0.122765793063241,0.000354810561478195,0.000222560738549575,0.793041515543302
"TCGA.28.5208.01A",0.0081658798562526,0.00477921380312817,1.56164662369721e-09,0.101330697032965,0.0191344738236744,0.0722931215187412,0.0942265749930313,0.000372350835184798,0.312715112875995,0.00102609093180143,0.000958949888649211,0.384997532878931
"TCGA.02.0047.01A",1.08712874357872e-06,9.47680452116904e-09,4.01204240409341e-06,1.18289473592175e-06,0.00770585864703887,0.0266692288091597,0.108239441145194,0.000153183871351909,0.692044421606582,6.46515109126542e-07,0.16518092297443,4.88844608770574e-09
"TCGA.28.5207.01A",0.0121772648206994,0.00228655973747258,0.000495155756236835,0.000285992191335468,0.0529347292145033,0.0378522050107466,0.0554388055675143,0.000702967234856645,0.190263529246327,0.00405046089075414,5.71237248264006e-07,0.643511759092305
"TCGA.28.5220.01A",0.00174162321739855,0.00384718148375095,0.00109036186536749,1.75382947982107e-05,0.0107060189044505,0.00690102947593855,0.0647310496043293,0.000326059479867132,0.241735338055233,0.00199158898946338,2.02316173187125e-07,0.66691200831323
"TCGA.06.0744.01A",0.0205732941485881,0.000846799173631009,0.000784311374513455,3.14489440715478e-05,0.0185456401015581,0.0158883390663893,0.0266466359440131,0.000160003337715849,0.0725579731748139,0.00190841340945886,1.38349401725385e-06,0.84205575783123
"TCGA.27.2524.01A",0.00256990010833978,0.00082079607225563,0.00137391715781842,0.256332242372577,0.0139757412923526,0.0662138122469252,0.110176274301054,0.000249765609183101,0.545311487619146,0.00266374087667035,4.40295099920946e-06,0.00030791939267894
"TCGA.06.0745.01A",0.0110732135144387,0.0011467152220299,0.00360258854733882,2.61120212545667e-05,0.0291794811177098,0.0329770779083893,0.113019760980135,0.00191410236805511,0.259417969991792,0.00496851968092987,3.0217341434161e-06,0.542671436913784
"TCGA.16.0846.01A",0.0203144913865343,0.00679973182921303,0.00117310726659209,5.52309757151674e-06,0.00850401097048676,0.00570070625148782,0.0941660137052617,2.96018991749944e-06,0.00073256295531625,0.00567098026714679,6.16094721071694e-07,0.856929295985751
"TCGA.06.0882.01A",0.00124364036491887,5.01738130124644e-05,0.00393658049111425,2.35037861640191e-06,0.0150591005435577,0.0261100112810808,0.121801099146934,4.5943141884201e-05,0.201490800884412,0.00140300176646382,2.30270011752882e-07,0.628857067917994
"TCGA.06.5411.01A",0.0129124302514371,0.00470271604446646,0.00084609585797312,2.05405756285914e-05,0.0157650063271104,0.0485872123427878,0.104412725909373,0.000475431339647575,0.427359143684812,0.00190373987163777,9.79433701795377e-07,0.383013978361424
"TCGA.27.1835.01A",0.0242125312164607,0.00062318966450566,0.000685445798105157,0.204773930551388,0.0128597050569431,0.0124710250127573,0.00444306931092709,3.92091363022356e-05,0.145513230281924,0.00268067767781069,0.0530045027386581,0.538693483554217
"TCGA.28.2513.01A",3.81149627265623e-06,0.00112621973999223,0.0029466398175957,3.91161166146648e-06,0.0379047231353656,0.147156498005666,0.268559360900603,0.000199860629963385,0.541848782907485,0.000246899352267373,1.02303237243951e-06,2.26937075525811e-06
"TCGA.14.0781.01B",5.11849806577637e-05,1.75015178117335e-06,0.00164823704024074,0.26613836595385,0.00953878805062539,0.0508646108900494,0.0508545503411857,4.22049008619437e-05,0.0894319934496792,0.000331193522067121,0.531094179707927,2.94101107459099e-06
"TCGA.14.0789.01A",1.40955988489674e-06,1.05522309824117e-07,9.49415855938386e-07,6.74414119353658e-07,0.00130876884819842,0.0041604523628077,0.0226642256153829,8.60939178978088e-06,2.40692900972405e-05,1.80041987405586e-06,0.971828830192732,1.04966948126322e-07
"TCGA.06.0141.01A",0.0186338383828043,0.000201553046936275,0.00159727585558559,0.00966218232455366,0.00333711430689424,0.0212084108846344,0.0729179477865936,0.000227187018773824,0.138827971802226,0.00160769885751337,0.731698717384298,8.01023491861407e-05
"TCGA.06.2565.01A",0.0307321032517133,0.00360854213301476,0.00158614984303847,2.76501917094062e-06,0.0139807529073389,0.0208221611440831,0.0396349331093524,0.000425478815140913,0.164032504858497,0.00120343171685093,3.49388370868663e-07,0.723970827813429
"TCGA.28.5213.01A",2.09848760942221e-07,0.00389404825385998,0.00601647810565037,0.00154697302925417,0.0206065818239749,0.264443694489912,0.422098831162541,0.000367872695886091,0.280214035330122,0.000263445726242936,0.000503108419824742,4.47211139701386e-05
"TCGA.06.2557.01A",0.110276663308402,0.00505452181204498,0.0119745551734364,5.18531130400866e-06,0.00576696568908505,0.020037935279177,0.111010212801324,0.00012271842224366,0.0631270366170349,0.00883452103238836,2.42983367027715e-07,0.663789441570193
"TCGA.26.5133.01A",0.0283035585897653,0.00200137132567991,0.000145276114220937,0.0431193101640816,0.00712579800207482,0.0247502314798612,0.0357527992576537,0.000218349875367284,0.334735430360975,0.000833460628774272,9.31499977577463e-07,0.523013482701568
"TCGA.06.0210.01A",1.74332236612105e-06,3.7241653027292e-06,4.62370034984428e-06,5.28670476303901e-06,0.00116878302972936,0.0159325692735359,0.0710995592707658,0.000169933851570838,0.267497273424736,0.000738895087359501,0.64337017230584,7.43586368098819e-06
"TCGA.08.0386.01A",0.0197561059073508,0.000166240041511567,3.10134830574031e-06,4.33078986667168e-05,0.0209284119305265,0.0297769607719188,0.0244288837003677,0.00159317610941573,0.139834909492206,0.000964230221707793,6.47437543059245e-05,0.762439928823716
"TCGA.06.2569.01A",0.0815586925789945,1.45366832684794e-06,0.000250273450332607,0.160833391433908,0.0022377154305325,0.0696103902080936,0.00449436555454729,8.26209059651233e-05,0.145314957171915,0.000281429486608949,0.167571204492643,0.367763505618133
"TCGA.26.5139.01A",0.0109905183708635,0.00321594384233454,2.94832789505513e-05,2.34071509532706e-06,0.0101081976135692,0.0433049066940339,0.0746808224339135,0.000469914065430739,0.254553681065873,0.0010770485031312,2.59571059925033e-07,0.601566883845745
"TCGA.41.2572.01A",0.0206114990416983,0.00116310032103709,0.00226871092543672,8.75659649628372e-07,0.0297057929667188,0.0480097440609975,0.049284403233334,0.000130268643886705,0.0618035293733393,0.00141187521471727,9.51742977543637e-10,0.785610199607442
"TCGA.28.2499.01A",0.0276395994794693,0.000254129602367987,0.00058370417782177,2.66013967195807e-05,0.00971020607844785,0.0601517845403854,0.04691981012194,3.45604339065303e-05,0.135321092195745,0.00161271058686629,4.95902384667617e-07,0.717745305483946
"TCGA.06.2570.01A",0.0133360919917388,1.96279142652049e-05,1.51490030152822e-05,1.0706787373921e-05,0.0118705797879926,0.0183042570419582,0.0758535084278341,0.000115426526210918,0.0502875296326487,0.00166836042438774,9.97353727627924e-06,0.828508788925298
"TCGA.14.0817.01A",0.000213341248553093,0.00369043014555371,0.000706234089464802,2.01620116759203e-05,0.0150924877464828,0.0662783766819731,0.106366146051653,1.03858584974322e-05,2.0414724038794e-07,0.00194077813631104,0.000106319003279564,0.805575134879315
"TCGA.28.5209.01A",0.0736075717788564,0.00142459875375239,8.41585133869812e-07,0.173915076807209,0.0082546103464342,0.0537121768117809,0.023448624359031,0.000223016077223951,0.247540506361738,0.000530838120483781,4.86702788631289e-06,0.417337271970471
"TCGA.06.0649.01B",0.000965628342672935,0.00367515782371685,4.78102263764188e-05,0.0499580080228008,0.00459216031976625,0.0128706795553804,0.0478759847146461,0.000108262542443646,0.126594215176931,0.00153752769012974,0.751767844930419,6.72065471690874e-06
"TCGA.06.2561.01A",0.0278838793614648,0.00176325897390478,0.00386879415374917,3.30735056918963e-05,0.00678156268164155,0.0116093286453728,0.0666193357519103,0.000273293882346351,0.22393219256725,0.00057335415114943,4.10869320611539e-05,0.656620839393458
"TCGA.27.1831.01A",0.0259812449555835,0.000100486027367288,0.00704336499619393,0.47957272328034,0.00774340145609174,0.0445334566587827,0.0584611514188966,1.04868531984057e-05,6.86891499849192e-07,0.00214962158137892,3.67619299764533e-07,0.374403008261367
"TCGA.27.2519.01A",0.0178660934193275,0.00372129996243363,0.000524207820510338,0.000229125084999034,0.00618016662272572,0.00857831066998867,0.125038387183165,3.0935844559371e-05,6.10147040949673e-05,0.000894230316763309,3.09575043633648e-05,0.836845270867069
"TCGA.06.0747.01A",0.0382387999414398,0.00143430284970646,0.00024796753410972,4.43016350312749e-05,0.013253403703791,0.0157502654403676,0.0377302988198045,2.76852338609924e-07,0.347742652728837,0.00016105743419715,8.23161672177157e-05,0.54531435689316
"TCGA.06.2558.01A",0.0129952875461011,0.000882173946025744,3.36258950320841e-07,2.43345850730623e-06,0.01608616792309,0.0363281093386917,0.0566664575118622,0.000283008621961913,0.217877295986998,0.00284238700671812,0.000149911223783393,0.65588643117731
"TCGA.27.1830.01A",0.0479771768727605,0.00636185671917353,0.000136765253292605,2.5982069946943e-06,0.00906710458897904,0.0227979070405932,0.0835187643761501,2.21253627971167e-07,0.267769025373236,0.00312928356272725,6.17917038544699e-07,0.559238678835427
"TCGA.06.5412.01A",1.28385037787928e-07,1.18829803152385e-07,1.76350045781641e-07,5.96444769379264e-07,0.0146254176139593,0.0904057778884972,0.0642841604849389,5.79353835436292e-06,0.0789704789580278,2.19843427182012e-07,0.751705196977902,1.93468523727077e-06
"TCGA.14.1829.01A",0.0274217312486608,0.00808089547749525,5.11324443509549e-05,0.106208914638662,0.00941316424820689,0.0558691706719484,0.0923955763723388,6.10793433072799e-07,0.0283835451462909,0.00461977652287154,9.8531529359839e-06,0.667545629282805
"TCGA.06.5416.01A",0.0392097752994959,0.00243000091624466,0.0002189232495462,0.0793824660722111,0.00318472159194801,0.0268950734131548,0.0130856142790103,4.85920966348463e-05,0.11308239526054,0.000526935600641886,1.29170473438566e-07,0.721935373050099
"TCGA.06.5408.01A",0.0218598739000649,0.00134052468525564,0.000361025743003759,0.0609627765222264,0.0186868402890109,0.0309616844738042,0.103322403259541,0.000138234114384259,0.76234616753831,3.06020792553827e-07,2.10795003994462e-07,1.99526586020299e-05
"TCGA.27.2521.01A",0.00815576699481391,0.00023399582249003,0.000291068092879262,0.168062513266965,0.0087783870224424,0.0133410202184664,0.0194792904212527,0.000399657316052011,0.172143209163093,0.000624395273150871,4.37673711692657e-07,0.608490258734683
"TCGA.32.2634.01A",0.0244527759507454,0.00141856157201788,2.90765342954284e-05,8.14516560420584e-07,0.0084289666564612,0.0223115320772418,0.0256943268011399,0.000143925428978031,0.160851579683537,0.00106529519777369,2.17159655631772e-06,0.755600973984693
"TCGA.06.0219.01A",0.000188328963910054,0.00159383490477438,0.00128146328322561,0.409048915020298,0.0102307447672177,0.0335271252127829,0.0679950694479503,0.000325995040964591,0.472944977933436,0.00282823464742317,3.03502827420721e-06,3.22757497433741e-05
"TCGA.76.4926.01B",0.015555522275846,0.000898635727474508,0.00139272598644045,0.475018757424353,0.0112653177186382,0.017693528026597,0.0466175658982906,0.000309494441478361,0.268205024515058,0.000244512295659697,1.83903592488302e-06,0.162797076654239
"TCGA.14.0790.01B",0.0260364717488407,0.000650436995596793,0.000907813192239044,0.183380137179783,0.00942172196500328,0.00942764452785967,0.0112803286401078,5.35613433978252e-05,0.0779557972303861,0.00172529099703135,1.71464117946441e-06,0.679159081538575
"TCGA.06.5858.01A",0.0192163038754302,0.00174459889871896,0.00108823729259591,2.16940224347356e-05,0.00779268794615744,0.0404176792578508,0.0715521565861335,0.000151882778008181,0.157236175963312,0.00101488620397021,1.42088094091563e-06,0.699762276294448
"TCGA.26.5135.01A",0.0210701861371895,0.00138797126931898,0.00097887264412831,5.40843487954438e-05,0.0299497476218962,0.0955368747219886,0.0980019218885049,0.000673765578433837,0.522667347363148,0.00544687619984719,5.23208766112041e-07,0.224231829017983
"TCGA.27.1834.01A",0.0162556936990756,1.26873084964817e-07,0.00597502612890065,0.376910504288753,0.00548509411916938,0.00823674370784925,0.0480430203189524,0.000389381591932534,0.0682397945476293,0.00220874242317987,7.85147570619895e-08,0.468255793786716
"TCGA.06.0129.01A",4.22454793749449e-05,0.00437196420913156,0.00148296357480977,1.44407203668064e-05,0.00517659569754,0.0030594151165484,0.106535654014597,0.000489995116475763,1.77396997330713e-05,0.00129634021442465,2.49369686294673e-06,0.877510152460136
"TCGA.41.3915.01A",0.0161098276732728,0.0139323542660606,0.00055468168256293,2.3662444226307e-05,0.00907276340247301,0.101832813315678,0.177936453549616,0.00133100465997762,0.136905456645961,0.00358790884784361,4.32640734077061e-08,0.538713030248254
"TCGA.06.2562.01A",3.30506303343319e-06,4.14618966331864e-06,3.00058290410429e-06,1.86217830591009e-07,0.00379158052081561,0.0256110960150398,0.0198114504743705,3.14810214820273e-05,0.123601525766488,0.000242459256707063,0.826899768375055,5.16610068132265e-10
"TCGA.28.1747.01C",6.17955976721211e-05,0.0047562261226587,0.00250648507694632,2.12009956579047e-05,0.0108693928339063,0.00430663504918588,0.0677228658181157,9.75636692874924e-05,0.134509461296169,0.00046636920350939,3.1258529385806e-06,0.774678878483953
"TCGA.06.2563.01A",0.0423284866772832,0.00442009984314291,0.00198865601675018,0.334880558620317,0.0207613290851945,0.0294629358330039,0.0353753698655086,0.000153141654509893,0.324429029818378,0.0024851512891523,1.58920629623362e-06,0.203713652090463
"TCGA.28.5216.01A",0.0373040072042478,0.000251102132459952,4.46639582334272e-06,0.0610874538378977,0.0082705055692963,0.0980979537339242,0.0940244450350817,4.24031860611238e-05,0.456822233706127,0.00200454708479459,2.21033633234711e-06,0.242088671777954
"TCGA.28.2509.01A",1.11591219092428e-06,0.000218863649481968,3.56673068781157e-06,0.000615717316519186,0.00140387287778011,0.0294344742655493,0.0669077508733184,0.00319681428916392,0.395402030546941,0.00127338810343468,0.501542032670447,3.72764485766806e-07
"TCGA.19.2625.01A",0.0321756325541996,8.34616204877398e-05,0.000195722468304795,0.133325904517021,0.00431915421546831,0.0710217808606786,0.0515236371588769,2.84028033472597e-05,0.204402784615402,0.000862417456772308,3.47048729161112e-06,0.50205763124215
"TCGA.02.2483.01A",0.0219304673294187,0.00976353914625771,8.86925831050752e-06,2.98656472619121e-05,0.0224704733179631,0.0352912849179247,0.115073280201209,1.69885983681015e-05,0.493493035082486,0.00836661530568985,4.25618161691255e-07,0.293555155576949
"TCGA.15.0742.01A",0.040208489461216,0.00118505237183927,7.12772479158658e-05,0.000193297904275405,0.0113443106668523,0.020592824936155,0.0292047223655655,0.00018435738911868,0.202532821172947,5.66921581014975e-05,4.50564144353046e-05,0.694381097911578
"TCGA.06.5413.01A",0.0523858350663902,0.0137732506322438,0.0010755402505674,2.89023703181116e-07,0.00997491964937692,0.10969772832545,0.150444749943415,0.000473298947480578,0.181308517332181,0.00835152413500003,6.14196522812909e-09,0.472514340552226
"TCGA.06.0125.01A",0.0240602369477708,0.000651358447591954,0.000145222954894927,0.0456939832372463,0.0108625003107053,0.0570496951368428,0.019875930376246,1.94207664647214e-06,0.220138621488751,0.00010985065288731,2.15779765906079e-07,0.621410442590651
"TCGA.26.1442.01A",0.0167409544325184,7.10609183634647e-07,0.000441039732568626,0.321815590404306,0.0064674514962617,0.0130531112828169,0.0170823686454146,0.00012581028290158,0.12016003589836,0.000226300465675277,1.18947305595526e-07,0.503886507802688
"TCGA.06.0646.01A",0.0335791072989168,0.00252929863622024,0.00270987188562743,3.3720519378377e-05,0.00828279852290899,0.0661489040771314,0.124595968404417,0.00139475939408491,0.449398534207539,0.00504421520291891,3.17869388133632e-07,0.30628250398147
"TCGA.12.5295.01A",0.00247682010586711,0.0135706235283571,0.000194752897095067,5.78917756806213e-05,0.0289395421221482,0.0143721722080188,0.145213014519377,6.23935671089048e-05,0.14010497572722,0.00182701460083259,5.67052551351801e-06,0.653175128422781
"TCGA.41.4097.01A",2.2087407788604e-07,4.28463442597089e-06,0.00763703453840635,5.17573622234264e-05,0.0120633157189941,0.0509696539757412,0.0840187803081888,4.61788894399521e-05,0.309301683900278,0.000225754384434111,0.535681083720392,2.51693398751547e-07
"TCGA.06.5418.01A",0.0362708243419981,0.00175634730015847,0.00020596292310003,0.000111395247465038,0.0105921158961024,0.0439010016144002,0.11329561121375,0.000157559832239255,0.594461428096769,0.001854777815529,2.63772251902403e-05,0.197366598493298
"TCGA.19.4065.01A",0.000111518795380143,0.000261351359360321,8.00280225895376e-05,2.40837107830511e-05,0.00124946791255572,0.00924655572946126,0.0304318485600464,0.000417020171018687,0.0385886109368963,2.14340094476701e-06,0.919587365771678,5.62928540777770e-09
"TCGA.06.0168.01A",9.31219418488355e-05,0.00173536546989377,0.00193187557499805,4.67493150892133e-06,0.0192013148030872,0.0195474891146528,0.130709601138056,0.000416424847219912,4.28869446190169e-06,0.00316807233313459,1.33341107765295e-06,0.823186437740061
"TCGA.06.0190.01A",9.68598365601883e-06,2.67452284423582e-06,0.0006760843403933,8.78528022625102e-06,0.00415789362574412,0.0536663241783232,0.0636377368668418,1.8627556568046e-05,0.111802794881604,0.00118230203331671,0.764836744150937,3.46579545981414e-07
"TCGA.19.5960.01A",0.00840871769585973,0.00433984829260469,9.97012814244724e-05,4.077665225696e-06,0.002936457317106,0.00495065152325986,0.0189170971512939,0.000177752474017068,0.101222166499917,0.00112047273498377,6.19544430664276e-07,0.857822437819877
"TCGA.06.5414.01A",3.49312192092676e-08,1.91130605832673e-05,2.93911715911937e-05,5.49738301344811e-06,0.0325780405318127,0.0421958079180301,0.201791316488817,2.2016150180592e-05,0.721391029521413,0.00195854128019659,7.88471413611211e-08,9.13271600111347e-06
"TCGA.32.1982.01A",0.019554811921333,0.0131278168419278,0.00173082531371229,2.17562093833035e-05,0.0398397489272758,0.0576984397205747,0.0707650223785081,0.000113459808869076,0.0692481962842941,0.00692924032357454,2.83998833232258e-07,0.720970398271714
"TCGA.06.0645.01A",9.08333862716896e-07,8.37347239088809e-05,7.18486412600785e-06,0.000102772077028208,0.0247516560514818,0.130069138335373,0.507653620652662,0.000670279554488201,0.336187591960653,0.000467411181837689,4.85736259152346e-06,8.44901986675288e-07
"TCGA.19.2629.01A",0.000227373425365039,0.000565355871924045,0.000975618559032364,1.56299634951816e-05,0.0126226981806884,0.00728507079692923,0.085778850825557,0.000534718229569461,0.0264742812793215,0.00426344090136594,1.27865855542695e-06,0.861255683308196
"TCGA.06.0174.01A",0.011652556679929,0.00206573006559227,0.00012125367121026,2.75241631735887e-06,0.0156944328698833,0.0367032952613604,0.0482442566022519,0.000265946954873885,0.170404648983731,0.00102307870998261,3.04959390333338e-08,0.713822017288929
"TCGA.32.4213.01A",9.78676489295934e-06,0.000101220495725366,0.0109193627027648,5.70955202824973e-06,0.0185189904056451,0.0680540379521405,0.177814775965097,5.22452643613405e-05,1.50706926831195e-07,0.00281913970942532,0.000154234585166324,0.721550345895826
"TCGA.12.0821.01A",0.0173614766607537,0.000255496722078108,0.00164491490869583,0.0903212184485952,0.0143476979096038,0.023160194282157,0.0341164907808831,0.00163955522578772,0.17250755453846,0.00191614146228552,3.86224782498526e-06,0.642725396812875
"TCGA.76.4928.01B",1.21668213712623e-06,1.15844808006813e-07,3.1947778328035e-06,1.25374817814223e-08,0.00098406446648612,0.00126145789213907,0.0147942188487619,3.44814977892756e-07,4.10545063632418e-05,9.27863867815887e-06,0.982905038306972,2.68336178805995e-09
"TCGA.02.2485.01A",0.0184576823546614,0.0055523078636785,0.000651600849708177,8.52670711812932e-07,0.0157798558696274,0.0137354639447202,0.0288115130792067,0.000192745618255764,0.092103678549141,0.00558013577327739,1.28789484378756e-07,0.819134034637527
"TCGA.06.0138.01A",0.00331596603284983,0.00622572281226789,0.00142274055349086,3.11836475069416e-06,0.0183583355222599,0.0413476438907937,0.101000553226167,0.000297153301328817,0.198924771473044,0.000921811884739211,7.32648579972826e-07,0.628181450289728
"TCGA.15.1444.01A",5.6023680365806e-06,0.000738305657194944,0.000690297631840176,2.00012093357975e-06,0.0135582738444751,0.0122892252505053,0.0704823038269057,0.000359632322605105,0.108556181186157,0.00158745299291518,1.71129405048384e-08,0.791730707685491
"TCGA.06.0750.01A",0.0629056649967278,0.00205730661418801,0.000583782303677078,0.0807127229779576,0.0151356197842295,0.0954731606263685,0.111315787718356,9.80732996572345e-05,0.384362605035869,0.00475261984510943,1.85599613324128e-06,0.242600800801726
"TCGA.27.2526.01A",0.0117094763121436,0.0154947683256818,0.00333293686805712,0.00812033056443644,0.0153323268925375,0.00689189361813046,0.0392371553881337,0.000200549301224669,0.0868049938467904,0.00652066849313521,1.12234512608497e-06,0.806353778044603
"TCGA.27.2528.01A",0.0252032166423912,5.42725387793838e-06,9.0587712210392e-05,0.527551711521614,0.00551679194368895,0.0826823245978894,0.0107447048251852,0.000132285350723105,0.183399856642338,3.51812122568634e-05,0.164636842879618,1.06941820650508e-06
"TCGA.06.2564.01A",0.00130342659061848,0.0027790946780032,0.00121397599751458,0.000335130628387099,0.0202809255808364,0.0472242830056557,0.0907097790148673,0.000580710536288535,0.490751583614427,0.00247837112596945,3.17071273796098e-06,0.342339548514694
"TCGA.06.0130.01A",0.0461642525500065,0.0013599933500234,0.0323363476712329,1.42079495645413e-05,0.00191067136148641,0.127831490448364,0.229378313240624,0.00129400490091554,1.70021163064053e-07,0.0277061512420583,2.10766935274755e-05,0.531983320571033
"TCGA.06.2567.01A",0.00211242795810578,0.00021180167987139,0.00335011678900732,0.48746677185425,0.00636847556794704,0.0250837261439252,0.0913785723453672,0.000191831788815097,0.373020988291127,0.0105453483961218,0.000229648782085767,4.02904033760627e-05
"TCGA.12.0619.01A",0.0325815906091742,0.00904543974935778,1.57113003030997e-07,1.03238289368192e-06,0.00803963825507666,0.0356783968753168,0.181089679646576,0.000530882566077138,0.287134440988379,0.00358358571602992,1.79051914667151e-05,0.44229725090665
"TCGA.19.2620.01A",0.000116297157714149,6.19424764552726e-07,4.59911439705702e-08,0.133290752393783,0.0241409101811834,0.0669343241235139,0.0583129606597412,7.33383778433874e-05,0.717103506999473,2.86072690014551e-07,2.13839501685894e-05,5.57466798040708e-06
"TCGA.28.5215.01A",0.0525444449212848,0.0075454009629546,5.54769432316625e-07,2.32292512697532e-06,0.0116446105711489,0.0606642626381006,0.159535432038256,0.000437693161373784,0.347315518098132,0.000506645403304329,1.83409159427163e-05,0.359784773594943
"TCGA.06.0878.01A",4.41218619691622e-06,9.53905345420544e-07,3.98310251736493e-05,2.16385985345037e-06,0.00443916454414651,0.0185466899050846,0.0374282786032724,0.000132218116879569,0.232241140624138,1.90646423130551e-05,0.707145479128031,6.03459565538132e-07
"TCGA.26.5134.01A",0.0383808635242444,0.00172928595743361,0.000589411080120623,7.81043870919645e-06,0.0042048594172008,0.0131069109259072,0.052114341710653,0.000149344898703496,0.220126950615642,0.00222088512750015,3.60888898182316e-07,0.667368975414988
"TCGA.26.5136.01B",0.0171189922123027,0.00748237362440821,0.00164137199986018,1.91418086465584e-07,0.00533671472447986,0.0107156091526754,0.057446875526535,0.000401383851137976,3.02773737329583e-07,0.00341381144280953,1.17250675671037e-06,0.896441200767211
"TCGA.14.0871.01A",0.124183082205887,0.00045758993027042,0.0010184680322019,1.85408212326964e-06,0.00122339920878431,0.0109214841615837,0.010424769221802,0.000132575296294045,0.0871749231404534,0.00106529249163606,3.22206444758667e-07,0.763396240022519
"TCGA.27.2523.01A",0.0224960630227345,0.00358933169877738,0.000125943630456959,0.000940354834882875,0.00560094804281104,0.01941264206141,0.043990228192348,0.000316249115823332,0.253186301456339,0.00134299312229714,1.75330080042372e-06,0.648997191521319
"TCGA.06.5410.01A",3.60842499151483e-05,9.24540440698746e-07,4.12010356709014e-06,2.10343786643258e-06,0.013913819449646,0.00125603266312875,0.537812930271957,7.03039220036507e-07,5.07071931562067e-05,2.74690025007636e-06,0.446919821265705,6.88514751762489e-09
