"","cellFractions.B.Cells","cellFractions.CD4.T","cellFractions.CD8.T","cellFractions.DC","cellFractions.Endothelial.Cells","cellFractions.Fibroblasts","cellFractions.Macrophages","cellFractions.Mast.Cells","cellFractions.Monocytes","cellFractions.NK","cellFractions.Neutrophils","cellFractions.otherCells"
"TCGA.TQ.A7RO.01A",0.0141602268487388,0.00127728577387384,4.11350944825445e-07,0.163807087473065,0.0119202372608805,0.00771190282616613,0.00805598480660682,7.05359130954981e-05,0.134769463421356,0.000838333669313089,4.0723834355068e-07,0.657388123417615
"TCGA.CS.6670.01A",0.0122807552150715,0.000236025662330477,9.63871643919e-05,0.208678429972422,0.00476458098287198,0.00608115653148392,0.00602583785575179,4.54187343119982e-06,0.0822008277876459,1.28714274557426e-07,0.000899526905073664,0.678731801335251
"TCGA.QH.A6X5.01A",0.00749954737734336,8.69621014378235e-06,1.37401968190643e-05,4.81479273481765e-05,0.00729759221345439,0.00441207700877505,0.0103808877515571,4.31294780601662e-05,0.072192872068284,4.7092830813746e-05,1.54819312174031e-07,0.898056062118089
"TCGA.HW.7493.01A",0.00707810546665919,0.000346922562408841,0.00069653430235465,0.145432719722311,0.0038817336089195,0.0123271620170225,0.0156466977853934,0.000126583346951042,0.108270250834068,0.000903521745238252,3.01192314343925e-07,0.705289467416359
"TCGA.CS.6667.01A",0.0093284295376879,0.000333452175684538,1.99839479625194e-08,0.288143406309013,0.0126080953334893,0.0123448635983117,0.0151756616719398,8.17627349756431e-05,0.0332187963256564,0.000240165757991883,7.05466084960655e-07,0.628524641105217
"TCGA.DU.6406.01A",0.0265196212437315,0.00119352857919128,0.000267755132822233,3.09542010812468e-05,0.0162193856409737,0.0115199366252513,0.0289652538120425,0.000136456463336213,0.0928522756092132,0.00041541141821258,2.44054047413478e-06,0.82187698073367
"TCGA.DU.A7TA.01A",0.0280958892770285,5.14202437246982e-05,0.000471297637002408,0.0666876277649549,0.0101895925300218,0.00913016568787442,0.037112235835803,0.000172048755701519,0.0250328753076051,0.000872569777817179,5.05705780819116e-07,0.822183771476686
"TCGA.QH.A6X4.01A",0.0134742628060476,0.000449922392328133,0.000268288216991002,8.04612344976337e-05,0.00539490646195101,0.00412456858157186,0.0126125332483463,0.000140817996327145,0.0946632560258542,2.8907431137819e-06,4.65636444904957e-06,0.868783435928522
"TCGA.TQ.A7RR.01A",0.00128826331583176,0.000312956667199055,0.000246766757768795,9.63495065570798e-08,0.00461674061087754,0.00499201678200187,0.0298338875366527,4.79659006490604e-05,0.0239679757563272,0.000264826180404789,1.42375819557036e-08,0.934428489905199
"TCGA.HT.8104.01A",0.0103895594535102,0.000632158750588002,0.00109496754537192,0.109381477143566,0.0168198641093897,0.0130238669880107,0.026306375254279,3.49803134529738e-08,0.180245431635022,8.76320409612839e-05,7.54748220859842e-05,0.641943157276901
"TCGA.HT.A74K.01A",0.0200926987630954,0.000718554131524039,0.000296946091002757,0.172212729512414,0.0191263704893561,0.0156317414338963,0.0365144609486393,0.0022030449438309,0.1392814296321,0.000425548297295011,2.89198797924704e-06,0.593493583768867
"TCGA.DB.A64X.01A",0.00956912723102599,0.000273654902823675,0.000139616226093794,0.0927861749915367,0.00678342642610795,0.00726420527687479,0.011634499977301,8.09465750070105e-05,0.0320575249310798,0.000124792292853107,7.85997884834456e-08,0.839285952569508
"TCGA.HT.8107.01A",0.0200827037411198,7.2982892001023e-05,5.34568576035366e-06,0.17375699098791,0.00361173359945736,0.00531590576182644,0.00458901155574697,2.00136660352705e-05,0.127522746621857,0.000153338513145684,0.0383798115591202,0.62648941541602
"TCGA.FG.A710.01A",0.00320499514557262,0.00167705289811055,2.9424109076632e-05,5.61657833600361e-07,0.00723605753184745,0.00726018736522853,0.0473723778941956,4.34741475317401e-07,0.0251453512439246,0.00219343161562767,3.7616680491277e-07,0.905879749630303
"TCGA.QH.A6CX.01A",9.32564435329342e-05,0.00162373037605061,1.44046241364013e-07,1.989200442004e-06,0.00853511409736509,0.0049236802548834,0.0271207957994362,1.61285690061597e-05,0.166597172995404,0.000921759455265929,1.33426398925923e-05,0.79015288612248
"TCGA.CS.6666.01A",0.0112901823415664,0.00134176254830514,7.1243653449482e-06,0.297828464687874,0.0100691652743193,0.017544081604575,0.0167018565688642,7.4179210552821e-05,0.0857316626603078,0.00139440577855006,5.1292649476434e-07,0.558016602033245
"TCGA.TM.A7CA.01A",0.0106829518512899,0.000516784970225554,2.45581057753837e-06,0.0647011888423426,0.00416174668674946,0.00280487363738749,0.0104420907137085,3.68083801858811e-05,0.048265415321877,2.51246830533639e-07,3.11275011827993e-07,0.858385121263814
"TCGA.HW.7486.01A",0.00190889951061988,0.000492841250648789,0.000220757733497604,0.119792134775171,0.00456927062015975,0.00627727454047914,0.0208664449890681,5.26377475311575e-05,0.113784193603698,0.000153721078763358,3.86638340805602e-07,0.731881437512022
"TCGA.QH.A6X8.01A",0.00738288196469067,0.000792016117543831,7.57635914347622e-09,0.188724725927609,0.00757329784525174,0.00656633766272006,0.0181911436657208,7.89848434884472e-05,0.122944736613812,0.000481862421231578,4.08748391137438e-06,0.647259917877661
"TCGA.DU.A76K.01A",0.0135859539180821,1.65494976263245e-07,0.000291672032462393,0.0951669134904948,0.00713805923293623,0.0065021490937954,0.00103924617110304,4.54833222411807e-05,0.0538526030820022,0.000440934350565715,0.124567903882344,0.697368915928997
"TCGA.DB.A4XD.01A",0.00662201158164357,0.000747299722598854,1.03285222933751e-06,0.000209551374088152,0.00454681708245046,0.00455308587174521,0.0191510626843622,8.73242889504634e-05,0.107816080203898,1.26622054153047e-05,5.81864685443246e-06,0.856247253485764
"TCGA.DH.A669.01A",0.0175610649183955,0.00254013026275591,0.00010477145499338,3.61328471433798e-07,0.00809109274929387,0.00541181362021917,0.0344323432891904,1.25538231649186e-05,0.0397474955238698,0.00119409087211348,2.43286550456981e-08,0.890904257828877
"TCGA.WY.A858.01A",9.45820833442366e-05,0.00117597355644934,0.000107293554082727,1.49281466386527e-06,0.0158043252982069,0.00733574866124832,0.0365708633463884,0.00011164497312874,0.0201715367061032,0.000239831186208183,1.41878579572994e-06,0.91838528903438
"TCGA.DU.7294.01A",0.00851409920671827,3.73638092121763e-05,6.41934504512942e-05,0.118742016515458,0.00358107547964738,0.00598580090180868,0.00927340217531155,3.79780675012561e-06,0.0883415603725836,0.000536963682142934,7.91006962597268e-06,0.76491181653029
"TCGA.TM.A7C3.01A",0.0346017457932882,0.000668091724942585,0.00139291622456847,0.0695590065927021,0.0121467014619343,0.00879357694582436,0.00907509963601643,3.26355040144667e-06,0.116468181724595,0.00167345305589624,4.47602452796666e-06,0.745613487265303
"TCGA.WY.A85E.01A",0.0154558648799354,0.000479444406036346,0.000187290975351414,0.00474166309709323,0.00497411994363399,0.00390442820126168,0.0063776615889689,6.99599234424007e-05,0.0686681242678444,8.57428927132755e-05,1.38369741147298e-07,0.895055561453978
"TCGA.FG.A6J1.01A",0.0203482002168963,0.000305375505641144,0.000642626351675509,0.435472720446143,0.0277229031639604,0.0122719834039885,0.0185002355450151,3.48016864354312e-05,0.0309166850787742,0.00188669843857972,2.00410853237226e-07,0.451897569752037
"TCGA.QH.A65Z.01A",0.0129017645966577,2.06001106256608e-05,0.000376088121586582,0.280706897704437,0.00747468071445627,0.00424258928934902,0.00345150704419918,0.000144623945796616,0.08712005452995,8.8343508758723e-06,2.84987130711095e-07,0.603552074604936
"TCGA.VM.A8CD.01A",0.0131291318685037,0.000380009148598779,0.00128391697051224,0.255367439769816,0.0121070230872501,0.0134266477983399,0.0519375867635301,0.000331968527500277,0.247757537619955,0.00214070286597874,0.40210545604995,3.25795300655892e-05
"TCGA.HT.8019.01A",0.012770422760231,8.97977548010862e-05,6.26223065343717e-07,0.103465042813127,0.00403713640191383,0.00413275327534439,0.00187719001040025,7.99564126567424e-05,0.0833952091485272,1.98690022693221e-08,0.109672524228616,0.680479321102315
"TCGA.QH.A6CV.01A",0.00938871250796856,0.00162482027654497,0.000210186544328525,2.26636143827639e-05,0.01927460505543,0.00857917839423515,0.0554057461317749,9.71574522126014e-05,0.0490956467772541,0.00205727141075325,3.29669278734628e-08,0.854243978868187
"TCGA.FG.A6IZ.01A",0.0147754272344275,0.000143408398293201,7.04696091819003e-05,0.340034263833551,0.0146202347801428,0.00441679058623495,0.0192321469066625,0.000356952281059139,0.0407457658808041,0.000607226056300784,3.79044269794886e-07,0.564996935389073
"TCGA.P5.A5F1.01A",0.0105432586883711,0.000362681566057193,0.000827607685912069,0.220242140594839,0.00744111771538698,0.00715880566889735,0.0294948844453851,0.000256894124248694,0.0772122847149334,0.00134207069623409,6.73822597389893e-06,0.645111515873761
"TCGA.P5.A72U.01A",0.053976533605796,0.00412256392635719,0.00403637999320149,0.219290750822285,0.0246287819525772,0.0426271552019865,0.0251346854952461,0.00159620434996077,0.118572953286573,0.00361727661586041,3.21959187958597e-06,0.502393495158277
"TCGA.CS.4943.01A",6.85602754326443e-05,1.58815099049511e-05,8.73906005516025e-05,1.37757381528941e-05,0.00576305327208417,0.00364810371738667,0.0289689386769626,0.000116793233698195,6.44313707964167e-06,0.000127531119136609,2.57665620970838e-07,0.961183271053989
"TCGA.P5.A5EW.01A",0.00026746992485233,0.000212309061058888,0.0002134012326532,0.456761921251976,0.00305698657106658,0.00344571578003941,0.0222828035772342,0.000103794469363755,0.0800126176512879,0.000317547891678146,3.40896995668104e-06,0.433322023618833
"TCGA.E1.5322.01A",0.00107912854302609,0.000911600260522919,0.00095436652893141,1.61753564490706e-06,0.00503174410183296,0.00454094465657512,0.0794354538554534,0.000254401014025849,0.0676429903912086,0.000957562047537816,1.20192281187746e-08,0.839190179046013
"TCGA.HT.A4DS.01A",0.0125828803343776,0.00270687422241621,0.00307944702155026,4.92267796467795e-06,0.0131271910565338,0.00529495111953543,0.0798111939740168,0.000114564545364849,3.13143435059058e-07,0.00389404810267333,2.37080189424121e-06,0.879381243000238
"TCGA.FG.7634.01A",0.00957638473681341,0.0062382373262741,2.47004520881832e-06,0.134388976946681,0.013663619009183,0.0274312809766667,0.0623069827846866,2.72673739916885e-09,0.447577829065709,0.00112637901890258,0.00205453193963406,0.295633305423503
"TCGA.DU.7306.01A",0.00264311583140492,0.000152904012126798,9.47414234514999e-05,8.16961742749393e-07,0.00354195458201674,0.00541182207373146,0.0253759287538565,0.000608218080071554,0.0178029285870423,0.000207460647229761,2.85038351117765e-08,0.944160080543491
"TCGA.FG.7636.01A",0.00603582219592722,4.34220578648517e-05,0.000185813368742016,3.42106471242798e-05,0.00277491561638515,0.00345661401246087,0.0183366960354487,3.23814024787539e-05,0.0602527616757409,0.000460353505870711,1.34700213494671e-06,0.908385662479822
"TCGA.S9.A7J3.01A",0.0106842773764303,0.000294867684001344,5.54681935989428e-06,0.284489244456393,0.00789598461662775,0.00757135517271975,0.0125916483708173,3.11650930788401e-08,0.117011024241024,0.000549661840005541,2.57563261627861e-07,0.558906100694267
"TCGA.DU.A6S7.01A",0.00662190573096723,6.6131412231936e-06,0.000128726054978776,0.000520649129142889,0.00509812578830126,0.00692725099379684,0.0431026927234038,0.000169583020945739,0.124479139184277,0.00173414102075483,3.37831321431683e-05,0.811177390080065
"TCGA.DU.6396.01A",6.25868792630581e-05,0.00294251393273124,0.000722381085151297,6.7759856443916e-05,0.00638228145823179,0.00720877952193781,0.197528861126683,2.26516334494787e-06,3.4175037665486e-05,0.003086703868016,1.51828752740041e-06,0.781960173783004
"TCGA.S9.A7QW.01A",0.0131468207091638,7.35086817243611e-05,3.23948775271189e-06,0.121174187587233,0.00313810829307736,0.00254091556855559,0.00561105915413866,7.92225135177422e-05,0.0628357671529645,0.000195583577832032,1.07577733886612e-05,0.791190829500651
"TCGA.FG.7643.01A",0.0127945933432639,0.00100840814773925,9.67024210902366e-06,0.178379605216293,0.00714416717480968,0.0103822395927354,0.00959078114956773,7.14193645342021e-05,0.178220904749087,0.00117681389163192,6.93015059397072e-07,0.601220704113169
"TCGA.S9.A7R4.01A",0.00254912137530599,9.96807181753716e-05,1.34984704598948e-05,0.0359082426866516,0.0162572862003111,0.0134584948791318,0.0184852671017818,4.28470794929085e-05,0.0547543780007691,0.000117571856440565,1.04543419222417e-07,0.858313507088061
"TCGA.DU.A6S8.01A",0.0174023137409702,0.000656845940385488,8.64174739333007e-07,0.0568805697338174,0.00479211325519468,0.00618101071711137,0.00675759265290852,4.66416039120402e-05,0.0997487724366518,0.000714498786949062,1.73258487662074e-06,0.806817044372483
"TCGA.HT.7601.01A",0.000182781460312327,0.00407972728894205,0.00160347625101742,1.47500340384833e-05,0.00352853391931255,0.00555857224645015,0.157654022640443,3.39207395943152e-05,2.09073990933885e-06,0.00476272258663588,1.44581412405846e-06,0.822577956279221
"TCGA.HT.7854.01A",0.000997071125345314,0.00153950274087739,0.000571625172533982,0.30728346976801,0.0046834989399373,0.0123108830799743,0.0347604250291449,7.92351694797134e-06,0.194279724533391,4.43052146068368e-08,6.12933986831494e-05,0.44350453838994
"TCGA.QH.A6X3.01A",0.00976644509542626,0.0004212124944834,0.000249734777343069,1.10515300765028e-05,0.00282724774889336,0.00329288441295424,0.0177947434142106,0.000194870806983137,0.0294859374347756,0.000350869361125082,7.61635954121764e-08,0.935604926760133
"TCGA.P5.A5F0.01A",0.0128628345509543,9.76725266645862e-05,3.8052559448846e-09,0.139052286548282,0.00293877633318578,0.00344245165133601,6.65543586108102e-05,3.92178436216788e-05,0.0599806785640161,0.000751663203706093,0.163276753482096,0.617491107132271
"TCGA.CS.5395.01A",0.00024600201978433,4.63168777295523e-05,0.00029315726882261,0.320460864526094,0.006641874689381,0.00688558908469085,0.0118572599737065,3.48685776086329e-05,0.128195693226215,0.000993816346607759,2.75979639235463e-07,0.52434428142972
"TCGA.DU.6402.01A",9.24028094468474e-08,1.0326274394005e-06,1.0237819097195e-07,1.33734077044353e-05,0.00215646419465716,0.000242033109828086,0.0170999578717639,7.87239650482403e-07,0.0310562157852886,1.3693647563563e-06,0.949427777447036,7.94170874980815e-07
"TCGA.VM.A8CE.01A",0.0133142822962396,0.000340004487113802,0.000276865576411738,0.108272657568933,0.00710642492868981,0.00631395273111628,0.0117385436508384,9.98285644284038e-05,0.107014962978149,7.2648694980776e-08,0.000167160007295735,0.745355244562089
"TCGA.HT.7467.01A",0.00679563579418458,0.000375322614373266,0.000181227811206665,0.0612388463544312,0.00646247052750867,0.00621212214962063,0.00757197545865957,2.85819772827044e-05,0.069803768473345,0.00049915797082547,2.561262509637e-07,0.840830634742311
"TCGA.DB.A4XC.01A",0.0105961910354602,1.92070474293177e-06,0.00152437410401403,2.20278481445858e-06,0.00461407007954017,0.0114479058602745,0.0304631738717747,0.00042153555988487,0.106109341717654,0.000822088338797622,3.83667482166969e-07,0.83399681227556
"TCGA.RY.A83X.01A",0.0142922316754702,0.000661280840020797,2.46989546182409e-07,0.0908248591781117,0.00833166365511107,0.011927741234992,0.0103135769388592,7.02947673979383e-05,0.116605657534435,1.25522343168237e-05,0.00123206569507092,0.745727829256669
"TCGA.HT.A5R9.01A",0.0149296643420644,0.000585936219405178,0.000712871865860563,0.139086170794966,0.00638638863214519,0.0264561773856454,0.00304190953099938,6.89204648791375e-05,0.0293431700570403,0.00132912226996284,7.83606784124192e-06,0.778051832369191
"TCGA.S9.A6WD.01A",0.0139251185262846,3.07487946422301e-05,9.0898626142923e-05,0.102784953168339,0.00678312842793203,0.0029763797029633,0.00863681708052075,5.26786847348507e-05,0.0866837875588754,0.000243622776934694,8.74620571263354e-07,0.777790992032059
"TCGA.F6.A8O4.01A",0.00920549655602419,0.000429306042153174,3.62468981292066e-07,0.133958872451192,0.00506266908830088,0.00520859944612757,0.0081315960465268,0.000111176431194821,0.0776410514282057,0.000692586311631085,1.26122063075947e-06,0.759557022509032
"TCGA.TQ.A7RV.01A",0.0161963599515588,0.000405275914580572,0.000173863705472446,2.12630088254892e-05,0.00859059440912774,0.00565047196046272,0.0141765138855558,9.12887441585592e-05,0.0976930575769241,1.03872244754439e-05,2.47344269757554e-07,0.856990676274589
"TCGA.FG.7637.01A",0.0188070093494132,8.58101681839943e-06,0.000643897163298984,0.101816014540876,0.00583247763800105,0.0172019602505321,0.0108482017914421,4.6217258871754e-05,0.0873208901637829,0.000120443787332845,1.10135335275646e-08,0.757354296026097
"TCGA.FG.6689.01A",0.00435356332850042,0.000444944230610658,2.11190025867347e-05,0.0944519706950142,0.00469652752707893,0.00461736519860529,0.0301374506469139,1.92786140030948e-06,0.109893395949722,1.15657888342617e-05,3.09731682205391e-07,0.751369860039051
"TCGA.E1.A7YO.01A",0.00946172172255862,0.000249929199667757,1.35007841685407e-07,0.194236638299965,0.00898482094561144,0.00948481706059283,0.00600766510534965,2.17259611048165e-05,0.0835994953421384,0.000426972373378729,3.29889624274269e-05,0.687493090019364
"TCGA.FG.7638.01B",0.00331593622121473,2.26679214620162e-05,0.000145085953655474,0.176540273082283,0.00690192130953044,0.00435827022992672,0.00658227171342256,0.000116972765498012,0.102167465075258,0.000462642958309977,3.50660915661339e-06,0.699382986160283
"TCGA.S9.A7QZ.01A",0.0177022805208485,6.79253933764383e-05,0.0002363325075317,0.0863599133685236,0.0136700931430934,0.00792817785931916,0.0042847209789116,0.000246837437258012,0.0669863242198666,2.60753358509862e-09,0.000234765845869321,0.802282626117868
"TCGA.P5.A5F2.01A",0.0107216580955667,0.000281368776511241,6.60584445371856e-09,0.1243277746306,0.0037902099668899,0.00300799533333728,0.00818337104250436,7.23555463252624e-05,0.0794189713458304,0.0002028846433713,3.82240162679606e-07,0.769993021773057
"TCGA.R8.A6YH.01A",0.0154392055739569,0.000348535290695399,3.942068321306e-06,3.98356817648083e-06,0.00335301277555118,0.00387682357593738,0.0205850385990252,9.23609879170107e-05,0.0372466484090931,0.000554007851803897,6.34648367914877e-08,0.918496377834686
"TCGA.E1.A7YS.01A",0.0168726737151679,3.2607279897841e-07,2.86931159335817e-05,0.124303254573276,0.00366619568683851,0.00452970134936037,0.0047780384293391,3.81280922128562e-05,0.0877570101575262,0.00067976135075308,8.59467559144294e-09,0.757346208862117
"TCGA.HT.7880.01A",0.00862330393073154,0.000597778932151601,0.000240437302967337,0.111748915499789,0.00977695789977754,0.00448601644968641,0.00788677859549406,2.79045556985255e-05,0.0938026266756555,0.000773582807888516,9.55234435997904e-08,0.762035601826716
"TCGA.DU.5852.01A",0.00295435166148875,0.00272499215253671,1.29935226285227e-07,0.000329960573894495,0.0142995714675279,0.0189225736155613,0.0456220881127181,0.000171334648640441,0.2496568171315,0.000236181544308375,6.7919924799505e-06,0.665075207164118
"TCGA.E1.A7Z4.01A",0.00221716718751192,0.000138555003726736,1.60574925917857e-05,9.43997259197401e-06,0.00757653334483846,0.0040267321038689,0.0295369796394014,2.99683019343661e-06,0.0363717898054927,0.000503281748897966,3.96072472044062e-07,0.919600070798413
"TCGA.DU.7298.01A",0.00199085653378056,2.23786960595234e-05,0.000794568096042469,0.374294721509286,0.00443039479051035,0.00579069208879253,0.026339822535906,1.56283387783626e-08,0.0913510251779609,0.000127256267046992,5.01045923967866e-07,0.494857767630352
"TCGA.HT.7478.01A",1.57214339118184e-05,0.00096573502848087,0.00438399899980387,6.98003748208412e-06,0.00450218096640915,0.0112714902118209,0.0826159974331053,0.00067404911158565,0.0974374746674296,0.00614543581336683,4.73992481698357e-07,0.791980462304122
"TCGA.DU.A5TU.01A",9.55475551085086e-05,0.000697825741996851,0.00040015324832757,5.40196718816178e-07,0.00523410011752581,0.00687158808577561,0.0787617735103215,0.000694989258601067,6.7863982163201e-07,0.00173930152314103,1.66391657524797e-07,0.905503335731004
"TCGA.DU.6399.01A",7.84087183529894e-05,0.000371715247761321,8.41169098307174e-07,1.45388079556997e-05,0.00655566055422944,0.00974277427310008,0.0345325446551011,6.38525075487112e-05,0.0509330699045057,0.000725143951818356,9.18631334911232e-07,0.896980531579194
"TCGA.RY.A83Y.01A",0.00669494799458319,0.000436350542249074,0.000768545045750688,6.10266631423622e-06,0.0197757670717442,0.00612226419487145,0.0271520553037004,3.1375459955839e-06,0.106021527016389,0.00154008074111066,1.20562066078404e-07,0.831479101315225
"TCGA.DU.7300.01A",0.00507743764307652,0.00267162191168283,7.97692443471774e-08,0.0661422623945517,0.00472029060368783,0.0153336155732142,0.0160609893058593,5.2708251707466e-05,0.0947083373069935,0.000493296336457746,3.30388984934258e-06,0.794736057013675
"TCGA.S9.A7IX.01A",0.0208891426261128,0.000846927637893449,1.33796176297239e-07,0.291620262817442,0.0131665418081954,0.0105075132017676,0.0299578024889942,2.84814985257606e-05,0.122626130673768,0.00124730130144694,0.000211366871369937,0.508898395278308
"TCGA.HT.8558.01A",0.0090122689653845,4.17331482692872e-06,1.42498826622531e-07,0.108179355781384,0.00413127474007944,0.00425353583822592,0.000689163561843462,4.13102134633665e-05,0.0813081108320891,6.64947358979543e-05,0.258160639444264,0.534153530073714
"TCGA.S9.A7IY.01A",0.00965674004314106,0.000338507966823772,0.000187805275515049,0.805561761236983,0.01075601481144,0.00752160827084064,0.0146916738371328,5.61382207269269e-05,0.0881611210224488,5.43293212263094e-07,2.65852557280338e-06,0.0630654274961633
"TCGA.DB.A64W.01A",0.0184554905226369,1.58736194140445e-06,2.54139983817812e-05,0.0818895352162536,0.00720071677780123,0.00388453944927936,0.00162241772345586,0.000104796116351812,0.0720804412863737,2.36251832782932e-07,0.0809830207799081,0.733751804515783
"TCGA.S9.A7IZ.01A",0.00637261333160727,0.000142533123404701,0.000591500644363194,0.174404960065134,0.0111551372434775,0.00598843065085103,0.0191582122228754,7.58472941824499e-05,0.12819101158991,8.59065855924412e-05,6.64558705644307e-08,0.653833780792731
"TCGA.DU.6410.01A",0.0111442204757045,8.28202280359045e-05,3.93343495436481e-05,0.0184086302766497,0.00236116178486319,0.00438120601178669,0.000487177694391683,1.54649277849854e-05,0.0443223312828111,2.36927680025328e-05,0.158770816263502,0.759963143936924
"TCGA.R8.A6MO.01A",0.0112486366570279,0.00065868766759959,0.000824463662226407,5.65815786015774e-06,0.0186887612850171,0.00476087833552235,0.0205658765750455,0.000130243693453376,0.0805138451772023,0.000834609786099845,2.31701826341872e-08,0.861768315832763
"TCGA.P5.A780.01A",0.00317859750965937,0.000233857444860966,0.000485223789162348,4.86732663126514e-05,0.00560650209857852,0.0059728795014291,0.0237080920508623,0.000321602288395184,0.0439650913759578,0.000324302179791354,9.77842461534904e-06,0.916145400070375
"TCGA.QH.A6XC.01A",0.0143733313104746,0.00142532215970641,6.4821048243041e-05,1.64107648762938e-05,0.0097212453460028,0.00623305732876034,0.0247818021365423,0.000148787947505985,0.112208595209623,0.000698000110604153,9.19879960285625e-08,0.830328534649665
"TCGA.E1.A7YD.01A",0.0365475801823224,0.000734735948851694,0.00170523352307238,0.148110989491784,0.018445880070822,0.00468633422794584,0.0194959619857261,3.36084377505779e-08,0.142525590164539,0.000438241499618859,1.41576606179287e-07,0.627309277720274
"TCGA.E1.A7YI.01A",0.0281392720450631,0.000905685485752265,0.000160770887893361,1.90953484865641e-06,0.0143880260013867,0.0113281420546722,0.0238088443381829,2.35782615274258e-05,0.102721805129762,0.00100100700224771,7.04624514743934e-08,0.817520888796212
"TCGA.DU.8158.01A",0.0198606243404382,0.00293850423999152,0.0121740812963402,2.56564210914685e-05,0.00361058044571574,0.0128412260463434,0.0748948612703503,0.000464495316830218,0.235270357465195,0.00295060253535912,2.872056391647e-06,0.634966138565953
"TCGA.S9.A6WN.01A",0.00656604516518674,0.00238646489641802,0.000412574915245158,0.0162312361547138,0.0152183751792172,0.00590368374663187,0.0385140963834815,0.000199850437238702,0.292310862018114,6.06984495582286e-05,0.622171818812923,2.4293841272457e-05
"TCGA.HT.7855.01A",0.0113524428125955,0.000135838373832203,4.10894014114132e-05,0.260670065519247,0.00696088635290141,0.00658752916591336,0.0171368137024723,0.000229735916519785,0.0694716964733354,1.75983015031852e-05,1.08829880786687e-07,0.627396195150388
"TCGA.HT.8111.01A",0.000717175508876192,0.00016627624607846,0.00351683670248249,6.42128166665532e-06,0.00510669587529664,0.00349786704464197,0.0407011967384014,0.000103389030349005,0.146335376576752,0.00029127355357672,7.06643489260662e-07,0.799556784798389
"TCGA.WY.A85C.01A",0.00745214616513324,1.40346867310604e-05,0.000182998713567833,2.61097348603499e-06,0.00793880710993795,0.00998587759845801,0.0168082920632518,6.43978263902895e-05,0.0161640088558541,0.000560604433076476,3.56855205803592e-07,0.940825864718907
"TCGA.CS.6290.01A",0.000154441266176531,2.44523138212758e-05,1.02632314627694e-05,5.63268465830015e-06,0.00336842367188437,0.00444830817497891,0.0645464868410585,9.73321582476556e-06,1.45059195013331e-07,0.00061321893214075,1.36738811981557e-06,0.926817527220679
"TCGA.HT.8114.01A",0.00402150271776537,0.00221045285609356,7.12319973290338e-07,4.19317938336591e-06,0.00491110212648474,0.0214758997714679,0.0656058505443655,0.000132424570997003,0.0340926797666316,0.00228009160771192,1.00435214386835e-05,0.865255047017687
"TCGA.S9.A6TU.01A",0.00245385563341803,8.48030294126026e-05,0.000332121914313102,1.20644489619641e-06,0.0082235458330449,0.00690716377938031,0.0304457136583894,0.000283112286368404,0.0321684497363529,0.000310395827400161,1.78978967843314e-08,0.918789613959127
"TCGA.HT.7616.01A",0.151795071525142,0.017084379621445,1.64721966625357e-06,8.56520588223471e-06,0.00973359763049126,0.0298380612103339,0.0753383333466148,9.17852404959611e-05,1.08594110578089e-06,0.00333724397286454,9.12501912806671e-05,0.712678978894678
"TCGA.HT.8010.01A",0.0110878865945985,0.00119110689009332,0.000159882333213513,0.107333520215032,0.00750558538265999,0.00639531867880671,0.00807442745384418,0.000142594688818846,0.0932077383580178,1.47307610398383e-08,0.000162408936333705,0.76473951573782
"TCGA.DH.A7UU.01A",0.00878136346698906,0.000369369993146424,0.000210362780601071,0.171250598590987,0.00729892856598999,0.00560738305949279,0.014194617641642,5.80387613792931e-05,0.0266307692890592,0.000169460683451194,2.27803084836328e-06,0.765426829136414
"TCGA.E1.A7Z3.01A",0.0137358015420188,0.000482471455638989,0.000185454000064657,0.535108555961046,0.0111649042747754,0.0129954074421167,0.0165123138477099,2.90775664182322e-07,0.124927695469566,4.51300626496866e-05,4.21387948599528e-06,0.284837761289263
"TCGA.E1.A7YM.01A",0.0134427392507405,1.59840340617403e-06,0.000422319219012293,0.177692512573948,0.00601427748743251,0.00559530476641937,0.00686935336275472,7.1941297797569e-08,0.0791560871541118,0.000482344917252139,1.93609759352106e-05,0.71030402994769
"TCGA.S9.A6WG.01A",0.0282631985511309,0.0022329065501282,0.00146007457452917,0.542114238584732,0.0276802996798681,0.150195252556215,0.0186782717553008,3.31991585658332e-05,0.0188117823558403,0.00298641803317845,1.76886165653919e-05,0.207526669583946
"TCGA.HW.8319.01A",0.00808346820803849,1.15739236382206e-07,7.94123597885127e-05,0.17565628531903,0.00271375857640341,0.00448173555549069,0.0135398070778527,3.92212340014112e-05,0.103220680943224,3.10108863179804e-05,5.69060466711817e-07,0.69215393504015
"TCGA.TM.A84R.01A",0.0163962488125184,1.02976774291193e-05,1.11823653170057e-06,0.2552902948741,0.00368632625115534,0.0147965151486474,0.00151743299418806,5.64087424586412e-07,0.103916787935098,0.000534440873771408,0.126488441066951,0.477361532042185
"TCGA.DH.A66D.01A",5.75893588019278e-05,0.00119320950977382,0.00015957277022415,0.0711791359615809,0.00642508721027407,0.00630747911491877,0.0398096165792157,1.87592319501821e-05,0.131078703259837,0.0011509012648217,1.86546136594667e-07,0.742619759192465
"TCGA.S9.A6WP.01A",0.00752146486443987,0.000718777136812106,4.59178285043544e-05,8.12794961066865e-05,0.0139788747172786,0.00598590970228229,0.0288180625973995,7.64356645973231e-06,0.0734280908903237,0.00151030024370419,1.53739424330056e-06,0.867902141562446
"TCGA.DU.A7TB.01A",0.0172613023208673,0.000198329378811988,3.58316684425639e-05,0.0963353218840075,0.00508225081530505,0.00409768195245176,0.00699403403203884,1.15734683937957e-05,0.0290859054956702,0.000448228147874962,4.97059614553024e-08,0.840449491130175
"TCGA.DB.A64V.01A",5.39377146154599e-06,0.000713367115755024,0.00224867774518988,3.08807077067886e-06,0.00907644140335857,0.00842987494716469,0.0383904237965225,0.000248470060081262,0.0746794822816611,0.00247451657982685,7.48697208537605e-07,0.863729515530999
"TCGA.HT.8113.01A",0.0150914412317182,0.000625582385397459,9.92201317321719e-06,0.111969334853533,0.0046368979944663,0.00607976152745251,0.00248602492720614,1.35247021724289e-05,0.0952645357331576,0.000691776459333633,0.135036936803607,0.628094261368782
"TCGA.HT.7604.01A",0.00910731635099234,0.000289267237554277,0.000107167702789344,0.213616483000274,0.0029565441646501,0.0065752137144542,0.0204076720000512,0.000319396158385061,0.0711045583853303,0.000273385528743808,4.21816834778424e-08,0.675242953575092
"TCGA.FG.A711.01A",0.00716334809041706,0.000160126026013267,0.000291731436647465,0.18713159182607,0.00687809543074222,0.00296629964741374,0.0124131421173516,0.000117974714472163,0.116022752070113,0.000472338285649707,1.02649907498406e-05,0.666372335364359
"TCGA.FG.A60L.01A",0.0148900294134991,0.00117878983669713,4.74064482682906e-05,7.09544726460523e-06,0.0144363753740517,0.00561280436920127,0.0620581602044396,7.05628185132238e-06,4.14003001666004e-09,0.000183096058218656,2.35340738371469e-07,0.90157894708574
"TCGA.E1.5307.01A",0.00152541808866556,0.000722144329569813,0.000160482986197777,0.0667367511819888,0.00265899933992369,0.00465604979931483,0.0253850714718831,2.62873933978715e-05,0.169113349738005,3.57340450671903e-08,0.00110926809642057,0.727906141840588
"TCGA.DB.5279.01A",0.00641338506971069,0.00202261302339792,9.32101705548148e-07,0.329792095022589,0.00447691606778928,0.0117592219107184,0.0033124338967777,7.81298505155998e-05,0.120006504016259,0.00456165684307005,0.00314493407912453,0.514431178118342
"TCGA.DU.7018.01A",0.0119965547046444,0.000149550446842882,1.787252527399e-06,0.138687172444332,0.007546035404764,0.00891879320410588,0.00397131362434083,2.31753409892103e-05,0.0817644452702009,6.1962014036502e-05,0.00215537872558815,0.744723831567627
"TCGA.S9.A6TZ.01A",0.0150729608349434,0.000152541274694264,1.45881324850822e-06,0.625569301721923,0.00732493682007542,0.0123008333630353,0.0186003073371766,6.54898917401604e-05,0.0841132144438629,2.99067290115896e-05,6.90839295687246e-07,0.236768357930993
"TCGA.HT.A61C.01A",0.038345113261632,0.000220071596986564,0.0026663233231018,0.189838931380562,0.00552372998141828,0.0463632758202155,0.0525829819632738,0.00016734720745628,0.112231439139956,0.00233210209467079,9.71638460528638e-07,0.549727712592267
"TCGA.HT.A5R7.01A",0.00967867374618183,6.3159831233014e-06,0.000211213149852401,0.0183921012737049,0.00695250473975661,0.00424806584542094,0.016729543379963,8.77899169250822e-05,0.137145186865553,0.000386384400387388,7.70875906371094e-09,0.806162212990373
"TCGA.HW.7495.01A",0.0116379330062772,0.000527206010994788,6.75361799865733e-05,0.167313994006992,0.00478986869510567,0.00802153474019941,0.00725849081311845,0.00013970577068787,0.148483710322994,6.94883014519526e-09,0.00174966973268271,0.650010343772131
"TCGA.HT.7677.01A",0.0132128249493736,0.000536051214008775,0.000415849816856536,0.243593558671375,0.00467615448696234,0.00778745094576037,0.00629468836074177,9.09899932039131e-05,0.0858711374144253,0.00100474457946236,9.2879856571984e-07,0.636515620769265
"TCGA.F6.A8O3.01A",0.0113297133933671,7.35980134464248e-07,0.000146406369187849,0.261281961399769,0.00600741388001245,0.00490225527282957,0.00334645183022097,3.63844621524979e-05,0.110827431732414,8.44176540407121e-05,0.0338403474620951,0.568196480563777
"TCGA.P5.A730.01A",0.0101532392035782,0.000177418267171661,3.258828661248e-06,0.186808539201293,0.00788916632829582,0.00977065279609577,0.0079737749045067,1.54267409122493e-06,0.0720523767712869,0.00042060114325067,1.12709748028364e-08,0.704749418610794
"TCGA.DU.A5TY.01A",1.2754850594421e-06,0.00069576950411255,0.00154264838174295,3.97249570626116e-05,0.00686014107935029,0.00982835633689635,0.0992256413634477,0.000187497088870033,1.82587479799903e-06,0.00208542679131507,9.63766623186637e-07,0.879530729370722
"TCGA.HT.8015.01B",0.0150024858509728,0.00035988701389313,1.59289149382567e-05,0.286839377641323,0.00608031479235488,0.00737150430716168,0.0214351491971791,0.000152933871086843,0.192440258613978,2.27703215290223e-05,2.11323625133686e-07,0.470279178151958
"TCGA.DU.6393.01A",0.015042327532844,0.000201108049592695,1.13906183931955e-08,0.0744333749002153,0.00821487433412072,0.00548635388874652,0.00806284713772914,5.4659552829422e-05,0.108612765951111,0.000769417522385871,0.000122819801394511,0.778999439938413
"TCGA.TQ.A7RS.01A",0.0128377419553674,0.000396457758985457,4.22884249136152e-06,0.0970591491344249,0.0132593463214371,0.00567230070820662,0.00761436854720196,9.67960666143248e-07,0.06526652780674,0.000105183639987003,9.59103377426227e-06,0.797774136290718
"TCGA.E1.A7YU.01A",0.0153374823483713,0.000328098384871179,4.34586299738385e-09,0.28620833409381,0.00913856227658312,0.00426637108583066,0.0149724171985624,7.03922854021438e-05,0.0436813350296345,4.26835030450765e-05,5.70223575733294e-07,0.625953749224451
"TCGA.CS.5394.01A",0.00828313296073985,2.19500473834102e-05,2.59073851931816e-06,0.169401461873729,0.00558250694241202,0.00566534303254269,0.00426433533201374,1.50746682140506e-05,0.0892281629458234,0.000331455506085212,0.0975963462259671,0.61960763972657
"TCGA.HT.8018.01A",0.0133616059135225,0.000708070419993147,0.00225757238979599,3.52802582176073e-06,0.0165437387503689,0.0470443199524789,0.0546089223446369,0.000308593759308149,2.48972813778808e-07,0.00141751609973872,5.0872733851147e-08,0.863745832498787
"TCGA.HT.7482.01A",1.85175718680335e-06,0.000391938064602046,0.000134979721411742,0.160002053905582,0.00372913407917225,0.00560435296787772,0.0548306424172055,0.000140643285033801,0.122849875500621,0.00032486857662577,1.49228413557528e-05,0.651974736883326
"TCGA.E1.A7YY.01A",0.016863207072169,5.31748787593206e-08,0.000120389448849258,0.327478073469769,0.00752752977933454,0.00723862320717614,0.0136934512081707,0.000125906137420593,0.188413318291092,1.14720615104834e-06,8.71229475430843e-07,0.438537429775514
"TCGA.DU.A5TR.01A",0.0144744526024389,6.26621621785012e-07,0.00289157697845464,9.03517461252369e-07,0.00493097964835349,0.00166473400813579,0.0740713389919167,0.000191560203883732,2.6212992437842e-05,0.00819504471926553,1.59016884564265e-06,0.893550979547185
"TCGA.VM.A8CB.01A",0.00977069134791545,2.51163048283604e-07,4.95833523223987e-05,0.447809191055622,0.0115309557388023,0.00776405779600088,0.00842643403221448,3.78403253584114e-05,0.177956986853147,0.000756788087251886,0.141278240716589,0.194618979531728
"TCGA.E1.5311.01A",0.00667588951453152,0.000227312358410057,1.3464589393718e-07,0.220084060671329,0.0140156097491237,0.00802642781038384,0.0104762596917608,7.22030688633637e-05,0.103978334325127,0.000159993838976889,6.62673583109398e-06,0.636277147589769
"TCGA.E1.A7Z2.01A",0.0131373644246311,8.06631597431908e-05,2.51700315465753e-07,0.254267570894901,0.00925192210807542,0.00531528933269249,0.00756621027636812,1.97461757620306e-06,0.0883265492524218,9.2659957765336e-05,1.79552360011168e-08,0.621959526320274
"TCGA.DB.A75P.01A",0.0145850488353109,0.00159060007722423,0.000684598117012647,0.348551357745618,0.00507863714743214,0.0104194106384661,0.0111872529766854,8.89040868268237e-05,0.232744052861066,0.00102605616541502,3.42928641121214e-06,0.374040652062532
"TCGA.TM.A84T.01A",0.130594394928253,0.0610837476069525,0.0522254889508912,0.0215816829257464,0.00558340282846865,0.0115299813487142,0.00249892281952281,0.00148611174817824,0.0170568652405707,0.0257788793571258,0.66607236168351,0.00450816056206681
"TCGA.FG.A4MT.01A",0.0219917482118673,0.000657410800139641,1.91504242473056e-05,7.20334318982399e-05,0.00844224025411848,0.00593254056070755,0.0202262143972141,4.34873009135942e-08,0.0986485446763083,0.000399431802447054,6.30402959440773e-07,0.843610011550792
"TCGA.DU.A5TW.01A",0.0122792279444657,7.6479239039628e-06,0.000186352140598107,6.36244013474118e-07,0.00467546766448989,0.00653566404403806,0.023700154916295,2.231945830856e-05,0.0259499122839313,8.22119374415021e-05,1.11100226494084e-08,0.926560394332492
"TCGA.DU.A6S2.01A",0.0183290045801768,0.000790115418265559,1.79624622157836e-06,0.0857377444606524,0.00501938502420716,0.0055957347233907,0.00453964689130291,5.875625056628e-05,0.0949902226630407,0.00111812182324037,1.58376541389598e-07,0.783819313542394
"TCGA.DU.6395.01A",0.00616654119933692,0.000260971774113646,0.000105445757489303,0.11681824450897,0.00275733224057769,0.00358395563376535,0.0212415507042636,0.000221627360707999,0.101876786809,2.46685299995664e-06,4.00083140248572e-08,0.746965037150461
"TCGA.FG.8189.01B",0.018656299021457,9.74974933347872e-09,6.51206131208107e-06,0.0833720914574442,0.00280293196774017,0.00522371451185287,0.00064520611808439,7.65487476267147e-05,0.101059277007398,0.000314929077293589,0.322106816117826,0.465735664162215
"TCGA.CS.4941.01A",0.0337665002524877,0.0101721442417989,1.97571989716982e-05,1.26963810929387e-07,0.0116059563344214,0.0216253241789148,0.0526571632380228,0.000146774837646424,0.080912481832128,0.00425487615924237,7.04996708381125e-08,0.784838824262884
"TCGA.HT.7684.01A",0.00548141994791526,0.000438419938046901,3.21578747173403e-06,0.432110836804667,0.010613123941956,0.00612250234026487,0.0278312743513477,0.000226638009039833,0.113130231473672,8.97027238042382e-05,1.72225348362746e-06,0.403950912428331
"TCGA.RY.A83Z.01A",0.0114850966028926,0.000124776650470002,0.000921228408083681,0.218194811268085,0.0061642945707927,0.00505585795525734,0.0280368888031085,0.000197405995298557,0.00897019222816915,0.000812492359370838,2.27568485004879e-07,0.720036727589987
"TCGA.S9.A6U9.01A",0.00471468375112611,0.00087172783385346,0.000145225271468678,5.13731033417235e-07,0.0171616762264507,0.0114840199566508,0.036708686026871,0.000402763485322259,0.0703739230206629,0.000278867607458465,2.7936705093104e-08,0.857857885152397
"TCGA.DB.A4XH.01A",0.0062297106175449,6.31217679171708e-05,8.18202693004093e-07,0.0706597663516877,0.00627097029675144,0.00293573781746858,0.00238968285828167,2.41035300088915e-05,0.0398894998614943,0.00012837768525914,9.51697170332071e-05,0.87131304129386
"TCGA.HT.7881.01A",0.0127725155615429,7.5681572747433e-08,0.00055735331473448,0.168913730327475,0.00292669569010612,0.00453843327733803,0.00273022211983935,7.35352964848071e-05,0.107432915844919,0.000493925599190117,0.102505665592568,0.597054931694229
"TCGA.HW.7491.01A",0.00585601699119943,1.62049605322005e-05,0.000298040816077192,0.0517066829372155,0.00633930236929365,0.0084308497787219,0.00805554023418285,0.000102866574784673,0.114918299112682,1.17691469589546e-06,3.35728414337683e-07,0.804274683582201
"TCGA.DB.A64Q.01A",0.0128031255113838,2.91386377795965e-05,5.62828643242709e-05,0.0781677146791306,0.00284617817039632,0.00626482707656693,0.0125539617062532,6.42628927864601e-05,0.123827952597875,5.60028645259457e-11,4.70078277921089e-05,0.763339547979709
"TCGA.DU.6542.01A",0.000371203016119486,0.000162894612742892,0.00143305186238405,2.19006367872141e-05,0.00393320994688886,0.00533232839715817,0.0599783912238343,3.26679124897112e-07,0.132027160845492,0.00175802180813498,1.40518861763691e-05,0.794967459085157
"TCGA.S9.A6WL.01A",0.0138583697113115,3.16442902658529e-05,0.00022097335642934,0.248301365006608,0.0141448910509501,0.0161721261894866,0.00755645533695704,0.000117253352768125,0.120134151810581,5.97079302561777e-09,4.15393146841895e-05,0.579421224609165
