"","cellFractions.B.Cells","cellFractions.CD4.T","cellFractions.CD8.T","cellFractions.DC","cellFractions.Endothelial.Cells","cellFractions.Fibroblasts","cellFractions.Macrophages","cellFractions.Mast.Cells","cellFractions.Monocytes","cellFractions.NK","cellFractions.Neutrophils","cellFractions.otherCells"
"TCGA.55.8508.01A",0.445735811573493,6.9481625573415e-06,6.55537917136744e-07,5.80450358866212e-06,0.000903413956629751,0.0347200067599543,0.00228466189718503,0.00056658327892785,0.0851392925221255,0.00114839523264854,0.42948821250412,2.14070853095434e-07
"TCGA.67.3771.01A",0.0879913613374778,0.000226231205859217,0.00825377110176032,4.05175264600361e-06,0.000277383656320401,0.0233007571363139,0.0201468838789037,0.0003424898277126,0.00202739204212965,0.00420620876712192,0.853222294313917,1.17497983783228e-06
"TCGA.55.A4DG.01A",0.375632440738273,0.033426833750337,1.52149778039974e-08,0.380067866392911,0.000800308666307177,0.0320435611238722,0.00980993770937258,0.00356683809510403,0.0644473784448817,0.0034817695725915,0.0967205056831401,2.54460823173944e-06
"TCGA.91.7771.01A",0.0501742275120599,0.0377351172359573,2.85133448472032e-06,1.66509344717814e-06,0.000921259205546912,0.0368774277568135,0.0132214695558011,0.00069575636669322,0.0536087627312902,0.00433884374657286,0.80241399601265,8.62344868302789e-06
"TCGA.91.6849.01A",0.356198792557591,0.00813249021761001,0.000965935285329767,1.13565298249318e-07,0.000599757561170724,0.0159589177366825,0.00380044151664851,0.000409605068778559,0.0333072957091748,0.00330566940699078,0.577320935052661,4.63220638087656e-08
"TCGA.64.5781.01A",0.427791453525914,0.0541327511467467,0.00759114933406133,3.51827624176663e-06,0.000734101412494617,0.0694666918567439,0.00968382948413033,0.00246596891255255,0.0370827342744632,0.0250267173377205,0.366021072621543,1.18173872415387e-08
"TCGA.44.6146.01B",0.105717766795934,0.0424271437822472,2.33924759745647e-05,0.571654598803872,0.000803856797479855,0.0589087969934225,3.19221849332091e-06,0.00180449967341755,0.153878972034188,0.00138529283462273,1.87940231031224e-06,0.0633906081880383
"TCGA.97.7552.01A",0.312935374567187,0.0477754360893878,0.0142427339342384,3.20706280376177e-08,0.00145370310649717,0.0350245823576251,0.0201656605787646,0.00461450857697445,0.0294582393415101,0.0253055105779154,0.509024215166772,3.63250042813668e-09
"TCGA.80.5608.01A",0.267022707808192,0.0314296432106147,8.12816938307783e-08,0.43527875956404,0.00394555228027542,0.0207898859214608,0.0162189582047545,0.00126543119459497,0.215028278933615,0.00901940912072169,1.21855266463755e-06,7.39273724825227e-08
"TCGA.91.6829.01A",0.00155842855019497,0.00351186517853661,0.000181558320863237,0.040771958042797,0.000812627468794187,0.0706949906568965,0.00320548166871364,0.00438398256469033,0.0011229324517788,0.000801461251483143,0.872903035300168,5.16785450836739e-05
"TCGA.49.AARE.01A",0.387405846195566,0.0356941832904457,8.82730232801264e-06,0.0713910995966706,0.00165100077924026,0.0517370068090195,0.0126071592272096,0.00229777929087188,0.264228174520817,0.00749264850836469,0.1653583049615,0.000127969517966556
"TCGA.97.A4M1.01A",0.053619502122018,0.0214714166939422,4.27322331610477e-06,0.821343213659906,0.00715872449416325,0.0499525780917605,0.0295202814663511,0.00963538068865329,0.00100241312557315,0.00625253207291422,3.91749994820548e-05,5.09361920547448e-07
"TCGA.83.5908.01A",9.5878287950306e-06,0.0545687233723603,0.0138510105212334,5.27494520329653e-06,0.000882628841050377,0.0302914292496805,0.0472945911249123,0.00178051898471719,0.0880952143407129,0.0439882456891795,0.719232630820768,1.44281387209373e-07
"TCGA.97.8179.01A",0.0539073661657048,0.017115455360688,7.88405763290827e-07,0.137951534307006,0.00417748134770928,0.0547027161507309,0.0316832966797083,0.00139490999716843,0.0822239678275539,0.0026602495876513,2.41403033076384e-07,0.614181992767283
"TCGA.64.1680.01A",0.164197553755899,0.0144546821374086,4.92843728553237e-08,0.046827479745429,0.00148096975404853,0.0315470800689721,0.00680486940040131,0.00861055268863986,0.2504449121543,0.00109621091894251,0.47453004925596,5.59083562687096e-06
"TCGA.73.4670.01A",0.150712370213088,0.00386207389769647,5.37584608250742e-05,7.96406645893139e-06,0.000903875170743468,0.0508027074073237,0.00805126657013793,0.000323918570483189,0.136872413614132,0.0017916289660639,0.646617357613424,6.65449623522658e-07
"TCGA.44.3396.01A",0.150960227844312,0.00261532602832458,0.010415888871476,6.36961136530165e-07,0.00125370202375064,0.0546660960242355,0.0196000673618736,0.00312360303125097,0.009560031502886,0.0062697008535854,0.741525824422564,8.89507460499355e-06
"TCGA.80.5611.01A",6.22627365427124e-07,0.00854532847121469,0.00334996036088653,7.06937824337946e-07,7.59788249556085e-07,0.00560401292220955,0.0216709774946357,0.00140929498369988,0.0409944706239385,0.00326418762996635,0.915159676751364,1.40864557808367e-09
"TCGA.53.7624.01A",0.179574364233744,0.028217798632732,4.52879948315501e-05,0.486380919058391,0.000233801680558072,0.026497287315028,0.0284282177740173,6.22841394653765e-05,0.1375295451863,0.0104201796653942,6.8562000877797e-07,0.10260962869953
"TCGA.91.6835.01A",0.00921391938305313,0.0401573381307992,0.0471619831077567,0.000566796949006597,0.00159521656129936,0.0469791550904566,0.0557581861637663,0.00404422918885038,0.116054087115552,0.0113793128442381,0.667089772189275,3.2759473492747e-09
"TCGA.L9.A50W.01A",0.200402866299914,0.0296167079389947,3.17391689330934e-07,0.314099902561989,0.00215126405310068,0.0249878671597353,0.0115932133114682,0.0128138411436218,0.186371159671759,0.00195278768669843,0.216009692854242,3.79926787309703e-07
"TCGA.86.7713.01A",0.289972904653543,0.0160673271741949,7.33306646034768e-08,0.473504523949638,0.00146193863431068,0.0188774711749212,0.00741515809013658,0.000298550113508104,0.188966988241138,0.00305034884212124,1.37350684732656e-05,0.000370980727349942
"TCGA.50.5044.01A",0.394287087518018,0.044357765204116,1.36384739457553e-07,0.308053563903516,0.0144969262233952,0.0438031440258822,0.04614953384833,0.00543865570390591,0.124210432350864,0.0191321456778907,3.29758177069819e-06,6.73115775718863e-05
"TCGA.97.7941.01A",0.0821447216440927,0.0221735356416696,0.00281450438895554,0.293165551097662,0.00547459264296226,0.046455286297469,0.016307525724131,0.0071932477051424,0.127673514274189,0.00550542363991084,0.391074545230688,1.75517131280934e-05
"TCGA.86.7714.01A",0.00762183149803161,0.055788094880001,3.11848696645283e-07,0.329736293475948,0.00180176865927624,0.0905026311100409,0.0358830264725545,0.00551183079903011,0.472343922564198,0.000774285046803497,1.50705442774062e-07,3.58529399762734e-05
"TCGA.62.8402.01A",0.0838363968054467,0.0596333546791054,0.00032385576134337,5.1828750271456e-06,0.000312262425925393,0.00732870512728194,0.0244553499948759,6.50971942016477e-05,0.101437690473004,0.0136372391163526,0.708964861110197,4.43723876522389e-09
"TCGA.78.7162.01A",0.271226848065938,0.0358874996182388,6.80002810609552e-07,0.257719385767855,0.0034424694075902,0.0423190667521629,0.0111152574517625,0.00628082663333788,0.0387990592886692,0.0144307227653377,0.31877733890681,8.45339487936977e-07
"TCGA.49.AAR0.01A",0.389171181996284,0.0422429280351789,0.00682931272626305,0.367826886198157,0.00500263049759448,0.0376324041248808,0.0623195882803139,0.00415251227375441,0.0675064443397805,0.0173101619257158,5.91694273591223e-06,3.26593415840778e-08
"TCGA.35.4122.01A",0.340445230938219,0.000232408058665414,0.0782446029838293,0.000201531277952056,0.00233903656154288,0.136697583925421,0.187702233140889,0.00356175367873445,0.210429202148979,0.0367111390346897,0.00343518161493456,9.66361436529078e-08
"TCGA.55.7726.01A",0.11298594019581,0.0127740226093786,5.41798955600433e-07,0.00608119686674916,0.000235827983604434,0.0754750148971312,3.61232051665296e-06,0.00148280800844072,0.11995792410274,0.00146669577893352,0.669512629071281,2.37863664582783e-05
"TCGA.62.A46Y.01A",0.223264569883096,0.0569138230826062,0.00290639193325334,0.388799040104697,0.00187904665083271,0.0250938693049602,0.0605139005156215,0.00410215776640929,0.221146566313975,0.0153010821911937,6.24169582284317e-06,7.33105575330159e-05
"TCGA.55.6980.01A",0.0340792961603177,0.0517526573493324,2.32921035639771e-07,0.295592121760162,0.00146441064816173,0.0868951584624571,0.0119791832025659,0.00282051477927945,0.0883769557995202,0.00295842632395302,0.424079896866934,1.1457262809194e-06
"TCGA.05.4430.01A",4.19141837951115e-05,0.00945067974431336,0.00789505006331277,0.000242751003050839,0.00268722490802264,0.0795197903297443,0.0193321776584191,0.00634929257067456,0.0627596474451611,0.00424074530834713,0.807463580304424,1.7146480734986e-05
"TCGA.67.3772.01A",0.424504243306433,0.021208860028124,3.29686238571601e-05,0.000339299205067168,0.000845522955220355,0.104234931840403,0.0122043217117189,0.00625347335705231,0.0473865257185075,0.00337532732954071,0.379607369281091,7.15664298454333e-06
"TCGA.MP.A4SY.01A",0.00517202209336867,5.70445884326734e-05,0.00089640539296161,0.00807272245404015,0.000343177039475162,0.0359726510965424,0.0127617471041046,0.00173610490805246,0.0407810493986397,0.000593748818868023,0.893607944033206,5.38307230843407e-06
"TCGA.78.7148.01A",0.181373879102543,0.0201813167773215,0.000254518593982117,4.11888179270346e-05,0.00123353366650677,0.0161103687628487,0.00222902627707319,0.000702918088519611,0.104093940591669,0.00532093214996692,0.668439819138304,1.85580333389621e-05
"TCGA.35.3615.01A",0.325140024172603,0.0219431154486618,0.00237954122506594,1.01156309562737e-05,0.00117984654931043,0.0419482980351142,0.0236332380867652,0.00281088792103143,0.219832568184237,0.00433477767967498,3.94273622889879e-07,0.356787192792956
"TCGA.55.A493.01A",0.00230369831568148,0.0214731913804434,8.82650746747249e-05,1.31427016747912e-06,0.000175508297515835,0.0132477772477794,0.00544591309957669,0.000380358780792447,0.0180406891151784,0.00986722618344986,0.928975744739186,3.13495553897491e-07
"TCGA.49.6744.01A",0.1566936931251,0.0516252771226102,0.000750041067583038,5.359033672928e-08,0.00332561215661261,0.0625223829322746,0.0355054480270031,0.00811491412890622,0.0678941699814053,0.00943531131790581,0.604132868347173,2.28203090151825e-07
"TCGA.49.4494.01A",0.248209477713984,0.0499011507621283,1.0025327698737e-07,0.241352280389396,0.00533382840556863,0.0374135265412114,0.0491076537046351,0.00318523835943138,0.249432993839988,0.0180555394189325,0.098003120754603,5.08985684378212e-06
"TCGA.78.7143.01A",0.126841472002197,0.0685252264905196,1.041247300496e-07,0.263567900906609,0.00115349824745238,0.0368431179524396,0.0440431607482364,0.00384041465405618,0.452436183515257,0.00274547179002885,3.44306585702201e-06,6.50261772374448e-09
"TCGA.99.AA5R.01A",0.572401281220748,0.0693640118815968,6.84542107931712e-07,0.00504562215479309,0.0182029895199537,0.0679554662797525,0.0290050022784723,0.00703844325715829,0.0111715573211518,0.0306230498716501,0.189191875785993,1.58866229535931e-08
"TCGA.55.8085.01A",0.0260965619136929,0.0186761799959952,0.000133829531415197,6.92719476577616e-08,0.000183264510819313,0.00786526927203071,0.00365615848683827,4.63181687473222e-05,0.023591263421282,0.00579490307351421,0.913956124610589,5.77431284857803e-08
"TCGA.44.8117.01A",0.224178593909523,0.0236414536111554,1.2163724877591e-05,0.430752538927237,0.00262332081580464,0.0696551703805071,0.0265590290251307,0.00381190182074494,0.212618371967141,0.00614693250675915,1.45761526648468e-07,3.77549592228195e-07
"TCGA.55.8506.01A",0.179905740862087,0.0133028449835769,3.8985458027039e-05,2.84603863604407e-05,0.00100604162993929,0.0357548161699981,0.0202574279849587,0.0112436418781588,0.187871829791841,0.00993620547664998,0.540647881870636,6.12350776757058e-06
"TCGA.NJ.A7XG.01A",0.130510286578294,0.0187656153034845,1.1312214884533e-07,0.085589242644514,0.00403910568192615,0.0196455629190483,0.00497230004437302,0.00718625525490547,0.411539125679174,0.000811243010883983,4.01000177214391e-06,0.316937139759476
"TCGA.05.4384.01A",2.64943480612382e-05,0.0189672645422635,7.86861664455182e-06,0.000513259396629369,0.00396104177290542,0.039207005529686,0.0265680272016482,0.00180923041386288,0.232397467158127,0.0038686938738196,0.672672153007434,1.49413891763625e-06
"TCGA.64.1679.01A",0.107247441384963,0.0183532419474321,0.000734522301885535,0.129206918749075,0.000401156519366357,0.0769612534665729,0.0199128981095142,0.00280519366698703,0.07391420049785,0.000493108288706496,0.569970029287685,3.57799615553255e-08
"TCGA.73.4666.01A",5.05173135411721e-07,0.0108533478816923,0.0035759544143875,1.23938009539343e-07,0.000207232438473517,0.00731927583063811,0.0387852885084742,0.00063044638186244,0.000147369651789773,0.0161524195030686,0.922327248087166,7.88191302607286e-07
"TCGA.55.8616.01A",0.261810511521979,0.0220572459114793,1.29747300651746e-07,0.538169832455283,0.00150775558015962,0.0404254823435994,0.00995088519385397,0.00593009973169911,0.0882961081271063,0.00254600987451373,2.45855849276473e-06,0.029303480954533
"TCGA.38.6178.01A",0.105941290347669,0.0115450765961658,2.29303424005252e-05,0.00225501489379116,0.00149752516005959,0.0429706160844266,0.00251247626863638,0.0038190545877185,0.0336246027079521,0.00119116954533243,0.794616879502318,3.3639635297035e-06
"TCGA.93.7348.01A",0.295365382607,0.0179560600187851,6.64827659005916e-05,0.00011445886245526,0.00100063025299294,0.0393618112330716,8.19334761864873e-06,0.00222222742938399,0.0355073628892521,0.00100065719413386,0.607378645029822,1.80883695841546e-05
"TCGA.55.1594.01A",0.210738529568878,0.011028757538829,0.00205730122550517,7.57510879994989e-08,0.000281245273218662,0.0142384440956113,0.00793618396593133,0.000303692191463071,0.0277585934127682,0.00324537744145411,0.722411779019352,2.05159009785339e-08
"TCGA.73.4658.01A",4.84040549153601e-06,0.00654559610969448,0.00699090332597825,2.20899581675978e-06,0.00207477209048236,0.0587117028448962,0.0318710491529215,0.00152334897579121,0.0268874427991173,0.00131900466990552,0.864068661486213,4.69143691801983e-07
"TCGA.80.5607.01A",0.0953267648219397,0.0345223757641615,1.50334491126165e-06,1.53322621255366e-08,0.00229200906249587,0.0243515336703878,0.021892855876311,0.00817017734449627,0.136581697768258,0.00803676820959422,0.66882111755118,3.1812540028708e-06
"TCGA.55.8505.01A",0.247059654780039,0.00275872951008454,8.44200833834693e-06,1.87636402962679e-05,0.00136449989335506,0.0536941402599456,8.17861391002952e-09,0.00245409566659821,0.0756761921946372,0.000737984272742327,0.616195963792404,3.15258029458513e-05
"TCGA.MP.A4T4.01A",0.184022787035947,0.0218594924933275,0.0176882306907884,1.23424380949562e-07,0.000423754723339314,0.0422857473742939,0.0356345090880794,0.00276086817742616,0.00872047188549989,0.0173731259432159,0.669224831022464,6.05814123832271e-06
"TCGA.49.4506.01A",0.710702795554016,0.0224381194926704,0.0144015918235416,0.0465879845317746,0.0165992109882653,0.0189481418629332,0.0236947758250361,0.000274972888369786,0.116408571521975,0.0299387710921098,4.16473633657484e-06,8.99682971764675e-07
"TCGA.97.8172.01A",0.34252572554774,0.0467512285933653,8.92853026936905e-06,5.70405094719031e-06,0.00104613901288147,0.0794084071436412,0.0232481822136766,0.0158427148773278,0.055068309408287,0.00468756988248013,0.43140461451338,2.47622600414381e-06
"TCGA.O1.A52J.01A",0.172681387356799,0.037406719881707,2.48514764535888e-05,0.157793093290167,0.00130877631897974,0.0437377660226593,0.0376559302107402,0.0031945425820345,0.330698293733105,0.00431583996424948,0.21117576294724,7.03621586456555e-06
"TCGA.78.7537.01A",0.571182410811074,0.0100618001749983,0.00384986640705428,2.7827972172923e-06,0.00124907625150473,0.0395134892237863,0.00623013327240609,0.0028750441223449,0.0429589058873047,0.00257754123207862,0.319419200552327,7.97492679032961e-05
"TCGA.73.4662.01A",0.479716373976599,0.0547551768251933,2.13977952724179e-06,7.89127322647941e-06,0.00116966318679589,0.0427289396278008,0.0235270736368157,0.0029476949953734,0.10792843598999,0.00475412290219442,0.282462455913862,3.18926222987975e-08
"TCGA.62.8398.01A",0.138703977893337,0.0194351358779239,1.24522762553337e-06,0.0563346827873394,0.00175508620154376,0.0212131864878145,0.0123292812247551,0.00102521630380142,0.110765584853441,0.00680288701493617,0.631629236393962,4.47973352078833e-06
"TCGA.49.AAQV.01A",0.390642184768669,0.0592155671718442,5.35200683553658e-06,0.411556293619702,0.00127651575211094,0.0216165387610861,0.0126584394250446,0.00307265746484549,0.0951837618186414,0.00472669375651479,1.59301952465597e-06,4.44024351817902e-05
"TCGA.55.8621.01A",0.532234574715206,0.0683432672282635,3.28950306940412e-05,0.000496553723702706,0.00886590623240605,0.0948780971554131,0.183073342897357,0.0177989306321349,0.0609602982119257,0.0332782940767928,7.72338234083493e-06,3.01167137629427e-05
"TCGA.53.7626.01A",0.347160351209787,0.0923471478219123,0.0201122247844109,2.47618566861987e-06,0.00590621247855514,0.0975900902626885,0.0792509695286872,0.0216064811742112,0.292276594059151,0.032036663263004,0.0116970752446,1.37139873236507e-05
"TCGA.44.7669.01A",0.213179378258836,0.0387163342458774,7.86457571563701e-05,0.000840993574610025,0.00360645530431956,0.0363099705737449,0.0578281303703531,0.00349791702747819,0.270279829771449,0.00753622323490476,0.368095758400869,3.03634804010494e-05
"TCGA.93.8067.01A",0.200124412836749,0.0144659692489564,0.000134282757339943,0.163231265886576,0.00176669404140976,0.0335856442692742,0.0197529343893203,0.00135745386883166,0.141440433119137,0.0101184705767676,3.8862592370673e-09,0.414022435119379
"TCGA.97.A4M2.01A",0.540767373398896,0.0701619846347862,2.98605152918015e-06,0.104645784664466,0.00657904111448437,0.0544188430830544,0.11104692115928,0.0139696027173302,0.0771752498243406,0.0212314319463253,1.67782663778098e-07,6.13622844030132e-07
"TCGA.05.4425.01A",0.000165189601406056,0.0499740728278055,6.5276512002598e-05,0.0983745879823813,0.000504362089527363,0.0776508810219568,0.0281736132146388,0.00581893747730484,0.120617123836246,0.00540635393288687,0.613222554577396,2.70469264478697e-05
"TCGA.69.7763.01A",0.302769535600028,0.0283638401486608,9.77066849292216e-05,0.282591018571826,0.00585127910378557,0.0951317156913175,0.0231352591623764,0.00193746247514815,0.125792169752054,0.00646178792711615,0.127844585132111,2.36397506480406e-05
"TCGA.86.8056.01A",0.1162476785243,0.0251717407505139,1.53061350317017e-06,0.0379963098935092,0.00131599799690182,0.0261601023572313,0.0143045805052563,0.00420960599484987,0.094382602283186,0.00235427847707625,0.677850944712154,4.62789151771775e-06
"TCGA.50.5931.01A",0.0769713207628599,0.00380447717403468,1.32914866877142e-07,0.240033900653185,0.00104440731752795,0.0930752579914708,0.000307915351742553,0.000515502189377275,0.0793932938423045,0.00120856279786042,0.268225312309622,0.235419916695148
"TCGA.55.8512.01A",0.109533336060574,0.0117122017404486,7.050832048773e-06,0.386882739803571,0.003238144195165,0.059841318727348,0.0132331819394555,0.00210532459525492,0.1946070311792,0.00841243722804153,0.210423995300375,3.23839851787292e-06
"TCGA.75.7025.01A",0.261810184121869,0.0315678498565605,2.68548174781344e-07,0.122309859488924,0.00134052314491852,0.0803696903146556,0.00757432573939712,0.0054270047030475,0.151010166306497,0.00478621404063531,0.333702869133826,0.000101044601495523
"TCGA.50.5930.01A",0.244998008036991,5.08640610605078e-05,0.0015565970933455,0.00052413989161544,0.00146814372281678,0.0321793377712774,0.00930898490361236,0.000402813639519438,0.0138058471828355,0.00345882350924669,0.692246432306781,7.88089783364258e-09
"TCGA.75.6214.01A",0.0306013705693161,0.00604339805194251,5.7612398452434e-07,0.127685601281579,0.000322903079311223,0.0101948894550437,6.06321373579611e-07,0.000255529571270745,0.0889929401528906,0.00138273000290339,0.471044883046202,0.263474572344183
"TCGA.L9.A743.01A",0.157192902746345,0.0263535502581466,1.30563163778922e-06,2.86967635475587e-05,0.00180765824336177,0.0228541898077273,0.0150054785412385,0.00296639154392902,0.00118813706284606,0.00493300904211355,0.767668407391141,2.72967965927111e-07
"TCGA.50.5939.01A",0.165179327827961,0.00656459903132862,0.000465130101139532,2.44249057290649e-08,0.00119658421370183,0.0236289230338768,0.0153480087901052,0.00143185323666403,0.0135112196869935,0.0010527032303512,0.771613592525107,8.0338978658234e-06
"TCGA.78.7161.01A",0.238462232193509,0.0166328231493895,3.82819742204117e-06,0.0192281075107841,0.00208515305989944,0.0420246163587054,0.00406355226687002,0.000329703761089071,0.0937913689894531,0.00256746915174372,2.04556753929872e-05,0.580790689685742
"TCGA.44.3398.01A",8.72673598137053e-07,0.00269071679769368,0.00712578810638124,2.33858427881191e-07,0.000906493030543318,0.0600668732250054,0.0102484278476676,0.00319087700794454,0.00211662344577445,0.00261418322446894,0.911038472328654,4.38453840845886e-07
"TCGA.97.8547.01A",0.203104290588106,0.0965257566583485,0.000925814151507372,0.0221653048770325,0.000874668462773328,0.204292174620874,0.0428093094919884,0.00411807838286166,0.382292228904029,0.00011125199821644,0.0427346424849086,4.6479379355077e-05
"TCGA.91.6840.01A",0.342128317894021,0.052353824025135,5.44290792911698e-06,0.162446138365396,0.00962730448439983,0.0386547065611503,0.0218568859546868,0.00310911361895965,0.183827540383605,0.014417694827445,0.171544376959996,2.86540172754648e-05
"TCGA.55.6986.01A",0.444706141053088,0.0468977750908308,1.40835369079694e-05,0.016556835998681,0.002665135449289,0.053874827439826,0.0438991435538355,0.00449028665409643,0.380993285648895,0.00587703156861909,2.44929686039237e-05,9.6103732673336e-07
"TCGA.05.4395.01A",0.0992960683251999,0.0432694212338074,1.09325464419786e-06,0.0163699908449792,0.0227958676162255,0.0289757779599709,0.0487926530462488,0.00219179185446304,0.441491695692061,0.0255513648580779,3.97117921357935e-06,0.271260304135109
"TCGA.44.7672.01A",0.150947544285613,0.00266780078026827,0.0152907089602804,1.68225252150149e-07,0.000958216979563189,0.043030006536207,0.0250176603700226,0.00254344893854247,2.63347058005689e-05,0.00477745208482691,0.754738162619725,2.49551389865797e-06
"TCGA.44.2662.01B",8.52155981435706e-05,0.0138822070459061,2.3005193006774e-05,4.30862211683519e-05,5.86135982453979e-05,0.03357521120893,1.42502797289522e-08,0.00029189589100195,0.0884290068006857,0.000113734641823699,0.863497964990555,4.45602533005496e-08
"TCGA.97.8175.01A",2.68550582322559e-08,0.0158175363927093,2.29915200577255e-07,6.41051288115641e-08,0.00135641678430438,0.0140866844548235,0.0197575546518235,0.000987577957228272,0.153068620536833,0.00283690669140972,0.792088352637274,2.90182075349069e-08
"TCGA.55.8087.01A",0.0303717570168321,0.0141608523838648,0.000267098750777819,0.254737767625802,0.00110685539503797,0.0447030553767717,0.00445799021742981,0.00523908757004967,0.106483498900692,0.000403493344781075,0.5380641936819,4.34973606098882e-06
"TCGA.78.7160.01A",0.00122585520610112,0.0540946117015393,1.34879874858304e-05,0.00102119281515915,0.00215098737775217,0.0508468471480609,0.0292042457304387,0.00176160727296936,0.126506441088198,0.0173013298747482,0.71587336914354,2.46540073842705e-08
"TCGA.L4.A4E5.01A",0.345153235010815,0.0280593578322233,2.45275960460953e-07,0.147557757752422,0.00140779926923096,0.0280705219414349,0.011280582229586,0.00106636113933468,0.151866184494574,0.00498681467551802,8.70566990055154e-08,0.280551053322202
"TCGA.97.A4LX.01A",0.213750919234263,0.0616272794553448,0.0174645498557492,3.4226348885179e-08,0.00129272095729875,0.0562377090378196,0.0693545862456432,0.00356006511846323,0.0450003444782768,0.0147219490265987,0.516989721145551,1.21218642288671e-07
"TCGA.86.8359.01A",0.225217394588485,0.0671884337126491,0.00272182370144839,2.09545016890506e-06,0.00113678743952634,0.0374637498434856,0.00415001024866402,0.00103092663682641,0.161752935567366,0.0363237394842967,0.463012088936024,1.43910592288196e-08
"TCGA.44.6145.01A",0.201182488597419,0.0155165284147732,0.0207205590805387,7.53411507250546e-06,0.00157794667237248,0.0424644348907354,0.0220479890205417,0.00420010363171498,0.0201401446369655,0.0170197645758352,0.655121841846326,6.64517705766893e-07
"TCGA.78.7155.01A",0.0524050569303258,0.00193272404592201,0.0108389325262773,0.257338845017236,0.000607923418384563,0.0115432475215468,0.0104391227930409,0.000818669641012472,0.11877405035731,0.00812400246196892,1.89828492871242e-09,0.527177423388691
"TCGA.55.7816.01A",2.16554830406701e-05,0.00891364772919923,0.0147535041445122,4.53218738120311e-05,0.00206266144415018,0.0789787535711947,0.0924287910590655,0.00197957322906849,0.230097393907263,0.018154671210849,0.552563985054236,4.12936087742602e-08
"TCGA.99.8025.01A",0.247606068231769,0.017832856061365,3.20225646726611e-07,0.437539855894019,0.00237606306414781,0.0674528626582399,0.014436820922752,0.00211452374664827,0.208215067358683,0.00240900134461427,5.03262093559455e-06,1.15278711802131e-05
"TCGA.44.A47G.01A",0.116188860130652,0.0491960119489617,0.00057202963447227,8.34716824407999e-05,0.00116312128637071,0.0341469931578729,0.029934295670446,0.00429532075765834,0.0809338607648101,0.00691514575157357,0.67655200873476,1.88804799812945e-05
"TCGA.55.8615.01A",0.160370795727343,0.0120828570658863,5.88339548735898e-06,0.235665119766985,0.00198610500487502,0.0298240459550923,0.00768816615205945,0.000461888905364795,0.264265453941817,0.00107680046398069,0.286491895744617,8.09878764923489e-05
"TCGA.73.7499.01A",0.451588814739276,0.0715749716495294,0.0572584086107885,2.02976471786656e-07,0.000970039245349027,0.0630638146804951,0.0774019264555388,0.00267169352347756,0.11833526343642,0.0309343465941883,0.126174091679856,2.64264086084217e-05
"TCGA.86.7711.01A",8.30259870433257e-09,1.02266390191617e-08,7.4168321146117e-08,2.47186123481368e-09,2.51700147955301e-08,8.72846424249289e-05,0.00900473197267888,1.3335588382164e-07,0.00749745070395046,7.38211589492976e-08,0.983410199374305,5.79016319821933e-09
"TCGA.86.8075.01A",0.267116723251802,0.00915106719355737,0.000516560801804675,6.85271338212508e-07,0.000719117774817413,0.0871769877259497,0.0181716396324253,0.00212122631315973,0.0472512292860984,5.58068827684185e-05,0.567718860968593,9.48976859767111e-08
"TCGA.86.7955.01A",0.145805461438508,0.00268757402080231,0.00383450247445183,7.62211750895682e-08,0.000830797246514263,0.0140247252491224,0.00269064794511587,0.00189691328419433,0.332718700104502,0.00279798558723985,0.000408276396602777,0.492304340031772
"TCGA.55.8513.01A",0.0989576889530953,0.029760001441575,9.85220394658566e-05,0.00494872711506439,0.0055732288746897,0.0662897054030441,0.0948243848538189,0.00591021893660824,0.294121265063415,0.00675527885117271,0.392752903959326,8.07450872497087e-06
"TCGA.MP.A4TC.01A",0.0130533355954328,0.0211909259667678,0.000873835872958952,0.104196131961761,0.000581201791479091,0.0732787518840326,0.0233700014583785,0.00229901918733116,0.0399345775213902,0.0081547726302783,0.713067122793486,3.23336704184792e-07
"TCGA.05.4420.01A",0.283477974093558,0.00607868057306683,2.02512412565582e-07,0.0012501857809918,0.00107871215186007,0.030446767384369,0.00364950621382896,0.000257498861641261,0.118493035947869,0.00168954323002064,0.553577263170833,6.30079548134435e-07
"TCGA.86.8280.01A",0.28708200278054,0.0542988079068932,1.32376823482767e-06,1.09978667470951e-06,0.00147342820188475,0.0659574684526514,0.026680586818251,0.00628991140946973,0.0442912039834684,0.00555197388995834,0.508344588075181,2.76049267922353e-05
"TCGA.78.7166.01A",0.330242557704431,0.0169608006494441,0.000437115583398041,0.0634354892824488,0.00139640827211969,0.0125864788159227,0.00276156880176289,0.00113014161091478,0.213171377934815,0.00641924723654725,7.0955237523311e-07,0.35145810455582
"TCGA.91.8499.01A",0.291117626548351,0.0181375514590628,0.0343982297744953,0.128534020633348,0.00194025410771886,0.0693035651023954,0.0907357273400678,0.000535764072799989,0.344818602526696,0.0204775447856601,1.22039792190369e-07,9.91609613486793e-07
"TCGA.71.6725.01A",0.0643259174118046,0.00254440407682271,1.00834976640002e-06,0.646206610156182,0.00163609297517856,0.0139563966340783,0.025685813990451,0.000626622476976513,0.244553108711539,0.000368273506824513,1.99557772965883e-09,9.57497147983203e-05
"TCGA.69.7980.01A",0.081198006402685,0.0638644854108855,0.00747694254071443,0.354793301801997,0.00294898255837278,0.0813544445824614,0.0901015201685085,0.00273310400873556,0.292218310207927,0.0231289963055885,6.2289216364335e-06,0.000175677090488147
"TCGA.L9.A8F4.01A",0.27035434596513,0.00988868650377786,0.0292528469485177,3.16798964342568e-06,0.00042115814399064,0.0329414899817187,0.0238650014939816,0.000783033145860553,0.00545112649435355,0.0106659986760839,0.616373114756533,2.99004090717451e-08
"TCGA.05.4433.01A",0.000185060796124473,0.031926099791595,7.02286816314944e-08,0.218826057502773,0.0014799999407364,0.0153782536936956,0.0153979658428785,0.00305756431526245,0.134599866882474,0.00799188276857421,0.571155232333542,1.94590366286768e-06
"TCGA.55.A492.01A",0.355545105584732,0.0160124734358491,1.25823191871697e-06,0.310385814119969,0.00325467261114062,0.0182694137649508,0.00548290329656674,0.00134642690233639,0.0624602709561447,0.00342736995934073,0.104744735528136,0.119069555608915
"TCGA.73.4675.01A",0.0252913730899811,0.0146869736543503,0.000921563279466469,0.352949238149708,0.00222047145027856,0.0468337964425121,0.0209180416873962,0.0030896619119907,0.0825796867222782,0.00464024049506633,0.445741195063005,0.000127758053967283
"TCGA.50.5936.01A",0.00272843051752616,0.000127483224352169,0.000156476300718575,0.0386130319516876,0.000918831536205024,0.015779822991569,3.86299210866554e-08,0.00118056723972053,0.0153453191289075,3.18467775567755e-08,0.925149036457327,9.30175287734702e-07
"TCGA.44.7662.01A",0.177159621005087,0.0217501607253775,1.13238123810312e-06,0.00211019726941424,0.000810586042384139,0.106529639915532,0.0224902078476227,0.002738642362157,0.0661865065627128,0.00957868096125794,0.59063413251606,1.049241115704e-05
"TCGA.78.7154.01A",0.0849296248369709,0.0202848582514699,2.89238635845284e-07,0.575386809552082,0.00225516092550861,0.0393058685070685,0.0120662901342941,0.00305560271039405,0.157783070152372,0.00714413500882121,0.000699121336878214,0.0970891693455043
"TCGA.05.4244.01A",1.5624956764385e-05,0.0262712467089941,0.00459830404838941,0.00768806181828542,0.00179052255458119,0.0310387401667775,0.0334784906201706,0.00224421811006794,0.39876383682408,0.0041638629930727,0.489944267662625,2.82353619110203e-06
"TCGA.73.7498.01A",0.429739884558429,0.0504128890077122,5.90041858432242e-07,0.306878423310989,0.00531978508056073,0.0670820664435433,0.0148543535238425,0.00746267544391094,0.114085107962753,0.00416291887077687,1.17772354169541e-06,1.2803208232211e-07
"TCGA.50.5933.01A",4.93178855572513e-07,0.00624672141119898,0.000221405597087343,1.01024094823698e-05,0.00039999937152944,0.0689639532954796,0.0397380430389026,0.00193914642236185,0.0386547585528635,0.00140951307136768,0.842399917935938,1.59457149331709e-05
"TCGA.55.8507.01A",0.115155016149291,0.0242625521517262,1.92242197340408e-05,0.496355421952567,0.00207052120500302,0.0318471202155549,0.0256308696575533,0.00566055566857583,0.0905494001979458,0.00478256530955777,0.203661646607204,5.10666528695781e-06
"TCGA.S2.AA1A.01A",0.557356195247942,0.018170026984526,0.0197075814003975,3.72937344535717e-05,0.00116787819102236,0.0629613873683814,0.0114249660979417,0.00724238168851085,6.31770466541929e-06,0.00385637197528972,0.318066982591218,2.61701565086792e-06
"TCGA.95.7948.01A",0.352081052861919,0.0108164983637103,0.000385879034455532,0.121095213704676,0.00129899105736974,0.0551000963321421,0.0101687434485645,0.00257144752300112,0.134086909976881,0.00385441839739556,2.98798004174082e-07,0.308540450501881
"TCGA.67.3774.01A",0.129671100596511,0.0280100436137071,2.80974740059634e-05,7.21111192246455e-06,0.00124471430512092,0.0376208558134584,0.0183372845797392,0.00122627378170334,0.0687041943685299,0.00546128797657129,0.709682236172215,6.70020651557875e-06
"TCGA.38.4628.01A",0.0857888635670374,0.00737858329490588,0.000190179855518494,0.627749321006507,0.00150363409330278,0.113364212300869,0.052596445159249,0.00419115691290077,0.106503653588807,0.000729468550464096,3.39449051783795e-07,4.14222138594316e-06
"TCGA.50.6595.01A",1.28744280206517e-06,0.000701309752387779,3.60045400282541e-06,2.82820753587309e-07,0.000875054973533522,0.0301479438086982,0.0107667562129249,0.000378190696006159,0.00503658851529582,0.00352566144187154,0.948563321174877,2.70684712431593e-09
"TCGA.55.7903.01A",0.144840357463993,0.0401382622102154,0.00160289240980936,0.304678467268619,0.00117729268448735,0.0171594547003505,0.0255740013804297,0.00636710432284097,0.113688657157421,0.0162678308852658,2.39302065621719e-06,0.328503286495912
"TCGA.50.5051.01A",0.470528046368217,0.0154647321120188,2.73941690766607e-05,0.0196057506922157,0.00283267264942678,0.0334076291707398,0.00702352146628938,0.00486170919769893,0.376812538719402,0.00156905344264891,0.0678580772600122,8.87475225363457e-06
"TCGA.86.6851.01A",0.548282389915423,0.00968527556732759,0.0531336100646323,1.48303787927196e-06,0.000691221721332445,0.0295255868322868,0.067522701327933,0.0016855014591835,0.00015123690248185,0.0268451872786671,0.262474860857445,9.45035408459551e-07
"TCGA.75.6205.01A",0.510605540282953,0.131844590067377,2.83288344917726e-05,5.31368984625959e-05,0.00166308446926676,0.0721637484332028,0.160849798355847,0.024937501472739,7.19132323529012e-07,0.027259257383098,1.34768040979885e-06,0.0705929469898288
"TCGA.55.8091.01A",0.1391048653171,0.0328295235382892,1.82257404504576e-06,0.0536693560895845,0.00113453050745897,0.0636486648368293,0.0328062240109452,0.00572197626617503,0.111973778761644,0.00469672246210359,0.5544120802349,4.55400924936908e-07
"TCGA.44.4112.01A",0.0657067673188779,0.00916394750420971,0.000636927248233164,4.02845508445257e-06,0.000533136172714804,0.0595123643045536,0.00395975552802659,0.00432208793226271,0.0557288479246483,0.00241676232957249,0.798015347050354,2.82314624322238e-08
"TCGA.44.3917.01A",0.434608500772753,0.041691737586204,0.0202005220186592,0.282702179740948,0.000761301221552382,0.0797791481701293,0.0586742012761608,0.000553093179238194,0.0708417647685813,0.00987576800659128,1.16887900969221e-06,0.00031061438017218
"TCGA.49.4505.01A",0.290686776816737,0.0434110971467847,1.78242573776661e-05,0.28729118045553,0.00294805536007612,0.0436936986111159,0.036939063821351,0.0258579934036982,0.068411687460924,0.0160844381238747,2.11913166209206e-07,0.184657972629364
"TCGA.62.8397.01A",0.144610749258043,0.00715747876651098,0.00013331773025112,0.378354655116009,0.000526667349157753,0.017943150197581,0.00879637555854538,0.00579927488278972,0.0623515097153775,0.000654507081908078,2.66396534236702e-08,0.373672287704173
"TCGA.50.5942.01A",0.403868906893592,0.0356901964490844,8.17999788437879e-05,0.269566913374526,0.00157406976304844,0.0648571423663705,0.00698786022388552,0.0208037699999861,0.147230151839766,0.00405326454139339,0.0452138739830703,7.20505864339566e-05
"TCGA.55.8206.01A",0.163306945635964,0.0471259941638605,2.83589394411767e-05,0.316381076646958,0.00125191195937958,0.0763339667964998,0.0263323852475045,0.0159161461659201,0.175537184933605,0.00224574361578131,0.175523628437015,1.66574580715144e-05
"TCGA.55.8094.01A",0.103234962122885,0.00393036636569783,3.70785452695398e-06,0.19087009318381,0.00131488769319193,0.00948304322657143,1.94184307536174e-06,1.92989104481046e-05,0.116089536411342,0.00101301492115703,0.329281319181528,0.244757828285767
"TCGA.05.4382.01A",9.32703353599728e-09,1.3790052381431e-06,2.22995548480848e-07,1.87423009890554e-06,2.1029321184981e-07,0.0514527554043828,0.0303068207840954,5.0150054050183e-05,3.77551027921912e-07,5.57153511168729e-07,0.918185048464127,5.94737674767683e-07
"TCGA.05.5423.01A",0.00932025145358347,0.0640107292834359,0.00528556766365537,0.133343906908402,0.00164526035990305,0.100157822472402,0.0673354015276918,0.0102031186337454,0.344746394582069,0.00643738684521511,0.257514073625379,8.6644518765502e-08
"TCGA.49.AAR4.01A",0.441196945100453,0.000173974177178016,0.0797599081079785,4.58593345353897e-06,0.000948918641321616,0.0210498080722624,0.0196819664785614,0.00402216943977744,0.0036122013202799,0.04682492270646,0.382722340954864,2.25906740986713e-06
"TCGA.97.A4M3.01A",0.211954788470243,0.0138066930344703,8.73692355524179e-08,0.212133730666778,0.00334764325767577,0.0418562813909973,0.00745552195331665,0.00117703248327967,0.100838274935236,0.00100733247766228,1.37415197460732e-06,0.40642123980913
"TCGA.05.4397.01A",3.52336579503608e-06,1.08888025967822e-06,4.6111826192714e-06,2.04606367922946e-05,1.02008311764396e-06,0.00584044112829169,0.0234092806209354,2.60120043179252e-06,0.0627469948408719,8.23243724003066e-05,0.907887615886519,3.78019657266421e-08
"TCGA.55.6984.01A",0.297565052287038,0.0148914738448067,3.19206532355547e-08,0.254536082056018,0.00221164636770766,0.0149989523756945,6.57471283244528e-08,0.0013143531704527,0.171273556856498,0.00285838145569626,0.240295710840569,5.46930777381484e-05
"TCGA.05.4427.01A",0.25725921849363,0.0230346206772696,0.0119961741956977,7.74398706542593e-05,0.0014057722935987,0.0591618856780556,0.0700997005597109,0.00165507667156637,0.394099332598049,0.0111031902580044,0.170106262233791,1.32646997309006e-06
"TCGA.86.8281.01A",0.398789925660181,0.0176622977483266,7.56401730918232e-05,2.73421460420114e-06,0.00151383248313336,0.0320771555693482,0.00417294828610332,0.00206279092041638,0.1123305726118,0.00209436294718073,0.429217737141828,2.24398665190838e-09
"TCGA.44.A4SU.01A",0.675444442676467,0.0280662642357794,9.71949242262659e-07,5.56098468815691e-05,0.000727480150980807,0.0380869736737784,0.00560309002984999,0.00374029605684252,0.0874384405208252,0.00315268794078679,0.157679575678863,4.16723970277641e-06
"TCGA.75.5147.01A",0.392086733838466,0.0419665693984501,0.00105720001942664,2.01596536059348e-06,0.000394210994576264,0.0804377834045583,0.0193460358421069,0.00376728928082622,0.0972635129190108,0.00524627159997518,0.358431712985748,6.63751494633143e-07
"TCGA.97.7546.01A",0.275880185652385,0.0442704295680894,1.27052172964332e-07,0.15929352978466,0.000906001592882112,0.0742101809739452,0.0101777957811568,0.00706872158046957,0.0561535827082792,0.00255422970899205,0.369485194311145,2.12858229620228e-08
"TCGA.86.8585.01A",0.227296759157983,0.0387858454477654,6.86664185640869e-05,5.5924846551317e-06,0.00238789588882276,0.0212778227364664,0.0361422742962636,0.00214752478856748,0.0564794691900404,0.0143846411103268,0.601023286994719,2.21485825587216e-07
"TCGA.55.8301.01A",0.386546349981303,0.0218468688993,0.0261073871321183,2.67876752536898e-08,0.000737530604998447,0.0368238513333023,0.0437813129455563,0.00163136868015853,2.57488640695022e-06,0.0207293024935606,0.461788958044683,4.46821093725896e-06
"TCGA.86.6562.01A",0.0638328258250235,0.0116616076913558,9.43737153357111e-07,7.57702894610214e-07,0.00127781902583209,0.0550538998606757,0.00746122152223172,0.00405812714771513,0.0861239617126926,0.00113734686610752,0.769391408607414,8.03009044705527e-08
"TCGA.J2.A4AD.01A",0.136835663798946,0.00839324210482054,2.59780185474821e-06,0.419029331834755,0.0019968308736041,0.0662776246292197,0.00577909407096355,0.0024366856442483,0.24197934802306,0.00135698455324884,0.0435765305493932,0.0723360661158863
"TCGA.50.5946.01A",0.133944357991568,0.0122122838225763,0.000512810981001154,0.189313378399442,0.000401979290561394,0.0244271679806,0.0108622325357635,0.00123450623986368,0.16841716047277,0.00215828711522145,4.52023276664521e-06,0.456511314937866
"TCGA.55.8510.01A",0.139467127615237,0.0469930310593262,8.33721916947534e-05,0.0311365623089633,0.00279923382296303,0.0464692523448105,0.050365861125975,0.00639898821630763,0.134740508367881,0.0131467791638901,0.528386719431336,1.25643516155607e-05
"TCGA.99.8033.01A",0.194399991859188,0.0570871759175488,0.00885501970457728,0.00213887208189483,0.00225938795210177,0.0537051622515579,0.0264430890458357,0.0022372280822882,0.308423954604982,0.0452565191081618,0.299193562286605,3.71052588733285e-08
