"","cellFractions.B.Cells","cellFractions.CD4.T","cellFractions.CD8.T","cellFractions.DC","cellFractions.Endothelial.Cells","cellFractions.Fibroblasts","cellFractions.Macrophages","cellFractions.Mast.Cells","cellFractions.Monocytes","cellFractions.NK","cellFractions.Neutrophils","cellFractions.otherCells"
"TCGA.V1.A9OF.01A",0.15346956959465,0.00840901717840349,1.30740097296461e-06,0.0117529352264148,0.00206140646215888,0.0353859856109169,0.00756237476222121,0.00243981569958929,0.107563391708623,0.00078555224907715,1.4593567906541e-05,0.670554050539065
"TCGA.ZG.A8QX.01A",0.153409776591546,0.00577707107119819,0.00106308056309015,0.355904567552146,0.000976247249818506,0.162639878559529,0.00156604231988167,0.00121136440767076,0.056256417757326,0.000860852505769022,4.81987086800471e-06,0.260329881551158
"TCGA.YL.A8SC.01A",0.459262130079871,0.0189663748115383,0.00204379126969265,3.43965684073386e-05,0.000634294025684925,0.0555406709360315,0.0195390456695157,0.0036871516524838,0.0569837019385945,0.00642079406759177,3.56855893777519e-06,0.37688408042165
"TCGA.HC.7817.01B",0.158265025149899,0.0141488738334777,0.000563573766602223,0.172832626718003,0.00216006762402598,0.185103235066918,0.00622787342334716,0.00309562744585013,0.0765994590987527,0.00301048969302774,0.377818316240874,0.000174831939221363
"TCGA.KC.A7F6.01A",0.157238880184081,0.00822144467184248,0.00180134110083178,0.125531198961364,0.00147057495851336,0.119895270325237,0.0033148873384733,0.00235270216663142,0.111560498432149,0.00160770493824937,2.17724128203568e-07,0.467005279198498
"TCGA.KK.A7B4.01A",0.171573176980305,0.000324654357526299,0.013782023859026,1.69221398735726e-07,0.000796037466797566,0.0618835195598895,0.00673508598599714,0.00154936346841283,0.0718508727676306,0.00244998107097561,1.19314165256672e-06,0.669053922120389
"TCGA.G9.6366.01A",0.595259972197486,0.00371992572530759,0.00282245000999572,5.73067373600634e-05,0.000638443835646083,0.0515652230368247,0.00157828380040061,0.00153034044712019,0.0708638398784604,0.00144210618413347,1.54917130631389e-06,0.270520558975959
"TCGA.KK.A59X.01A",0.171864025189726,0.000293180396043391,0.00228829424707606,0.226269399733548,0.000968264915125222,0.0769151883620688,0.00503171311631906,0.00164453578737357,0.0796220135698695,0.000872667567672186,0.000161359226582159,0.434069357888596
"TCGA.HC.A6AN.01A",0.128880163194067,0.00580055289232099,0.000297500986107571,0.219951745836861,0.00110276476513046,0.0883007279070251,0.00583761175819101,0.0014499729387039,0.0520043763921227,0.00238225216737954,1.26983615713e-06,0.493991061325933
"TCGA.G9.6498.01A",0.138465516826472,0.0206682680475869,6.06887562374598e-05,0.385600771271425,0.00188503274149969,0.107816373161654,0.0023178782486159,0.00457980567912125,0.0161509134515503,0.00300346959915224,2.63045612872095e-05,0.319424977655398
"TCGA.J4.AATZ.01A",0.145446934275752,0.00566952396604209,0.000652815646352351,4.81372380140731e-06,0.000836777297532881,0.039455155176351,0.00343992031995424,0.000780813761995823,0.0898524541811976,0.00100754646130852,8.10441266083644e-08,0.712853164145586
"TCGA.EJ.7317.01A",0.140247496633613,0.00181153670229179,4.15385065237469e-07,0.170490288436092,0.000881827244395846,0.0784294602095408,0.00175823373385833,0.00217786002246463,0.0788124461243407,0.000501927539411635,0.000584401777724558,0.524304106191201
"TCGA.SU.A7E7.01A",0.155553142753597,0.0211904115734064,4.64601386500181e-07,0.0189136160852359,0.00154923279670426,0.0947884669982827,0.00910204592516302,0.00342660444337659,0.157697907017806,0.00402989893667628,1.62487248454285e-07,0.533748046381117
"TCGA.XJ.A83F.01A",0.161531917123129,0.00034999488573602,0.000930529035064207,0.030169615549964,0.00138706010486688,0.117012182619174,0.00194971653985401,0.00146606047343021,0.0483848478562965,0.000542719630579054,1.16404326273999e-06,0.636274192138643
"TCGA.2A.AAYO.01A",0.235193190780728,0.0244796707464398,3.23059598212473e-05,0.290372245633913,0.00104842795156566,0.15871398855437,0.00818532224591094,0.00809092394910303,0.0210012285390534,0.00300811264058671,4.24766852227644e-05,0.249832106313285
"TCGA.EJ.A46B.01A",0.157679714346062,0.00534624010351986,9.00149389662861e-05,0.38299826204924,0.0030101849998249,0.236829042612038,0.00173668951209167,0.00164101364145893,0.159608664485019,0.00115056193585535,1.97269941459407e-06,0.0499076386765092
"TCGA.QU.A6IN.01A",0.598458035313749,0.00299654115105376,4.2182764586658e-06,9.76718331317201e-06,0.000944795411488752,0.0806824239942645,0.000232262124940732,0.000854826906515279,0.0481575754936386,0.00136275858393544,0.000105607186471728,0.26619118837417
"TCGA.KK.A59Z.01A",0.0970522093613784,0.00449882379818405,0.000184151973952044,0.475534439476272,0.000689190277987862,0.133347160747058,0.00384693226435934,0.00182076852139839,0.055537426817423,0.00115355211944247,1.50044878703217e-06,0.226333844193758
"TCGA.XK.AAJT.01A",0.0986996016886984,0.00344029865798692,0.00434427967896206,0.568141670299635,0.00176965514216061,0.260469334739975,0.00758007921851637,0.0017571949132355,0.0498447976054202,0.00263202438748992,0.000110765128485785,0.0012102985394342
"TCGA.EJ.7125.01A",0.0439841731412582,0.00798348919029522,0.000723954823885566,0.257195297687577,0.000967004825841324,0.118812306139049,0.00708367176386832,0.00731452580591409,0.184610939526052,0.000958075618859298,1.37527899693017e-07,0.3703664239495
"TCGA.J9.A52C.01A",0.109483243208121,0.00598820790977222,0.00447842372820148,0.15303393070703,0.00159936065429241,0.232961701212397,0.00364327747334937,0.00413871468039006,0.0216028079264463,0.00299079462498956,0.459802308337438,0.000277229537572822
"TCGA.YL.A8HL.01A",0.146498913989222,0.000340193542000782,0.00138448848683152,6.10241755404602e-07,0.000566325545484159,0.0395648362839029,0.00248134792151278,0.000741734208806027,0.130632718810367,0.000528669306408821,5.33316062326142e-07,0.677259628347647
"TCGA.ZG.A9LZ.01A",0.119659633635817,0.000781052592810574,0.00826522488884469,0.155534233736072,0.000917983877867677,0.0723742780035879,0.00637466079550592,0.0012652567739112,0.0908592373222182,0.00297469042899155,7.87715492381576e-06,0.540985870789449
"TCGA.J9.A8CP.01A",0.294030764460692,0.00330247031159518,0.000745693746248342,0.0657417363478276,0.00171749279941559,0.101190318041055,0.00319503155591831,0.0677020314079463,0.128345083922709,0.00173461117820225,1.57828786688935e-06,0.332293187940523
"TCGA.FC.A6HD.01A",0.13153021704764,0.00179591247340878,0.00211415108253503,7.16805476115666e-07,0.000745886809078385,0.0355526002411688,0.00255571634759585,0.00392675796271024,0.0564122017748197,0.000657165979817158,1.49218811477429e-06,0.764707181287635
"TCGA.G9.6351.01A",0.228625747423042,0.000376741479926134,0.00544677623140016,0.359359012669097,0.00109778517815347,0.172590325804735,0.00101831320587627,0.00182095722710245,0.156060192913935,9.08267232548531e-06,1.01062123959736e-05,0.0735849589820111
"TCGA.EJ.5532.01A",0.236359523110776,0.00690646820037697,0.000759678780495895,0.0229913092623462,0.000865385814295275,0.103198359142187,0.00375092077382894,0.00240611933363471,0.086764856708497,0.00115655714672085,3.19866658518394e-05,0.534808835060989
"TCGA.EJ.5525.01A",0.108806299856054,0.00735231219536185,2.87396844185255e-07,0.368651717342052,0.00168356510550804,0.111607644897905,0.00591055999739253,0.00118330369183822,0.154667571620386,0.000466336269056272,0.00040421998844873,0.239266181639153
"TCGA.ZG.A9L9.01A",0.0885264414015844,0.0111239795691911,0.00103298301235924,0.558200481458853,0.00147470248865565,0.323108899756205,0.0105814084496899,0.00263299641964048,1.36166338842016e-05,0.00320146304580345,3.20113949427013e-06,9.98266246391422e-05
"TCGA.EJ.A65F.01A",0.110616512348218,0.0140726512826945,5.6952148787474e-05,0.166945909323218,0.00170164709533437,0.0613418765847283,0.00499266420825592,0.00486062180121801,0.0370309862663414,0.00222692828747696,5.00951281604793e-07,0.596152749702445
"TCGA.2A.A8VX.01A",0.11177970617687,1.36391638054357e-05,0.000638022794887536,4.98331697547022e-06,0.000280608352589378,0.0885897095290093,0.000950577840419834,0.000857097013831785,0.04195736509097,0.000125587798809933,4.60807792511734e-07,0.754802242114039
"TCGA.KK.A8I4.01A",0.540943976493876,0.0448616947158235,2.92496275313859e-06,0.0387871097017531,0.00339151573947296,0.229739711134682,0.0152809448873698,0.00634174450682276,0.11147380238455,0.00882634546039264,0.000348647483680145,1.58252882378993e-06
"TCGA.KK.A8IA.01A",0.0746941370964567,0.00101314892906989,0.00219719321652609,2.12439695632945e-06,0.000549779303994652,0.0443669903762803,0.0026788432071938,0.00126472700769855,0.066667033536784,0.00101583063109129,2.17322677419745e-06,0.805548019071174
"TCGA.Y6.A9XI.01A",0.200951131698097,0.00628749094695287,0.000410210245092118,2.2517126839377e-05,0.000864351914089486,0.0432921722783047,0.00446968015234612,0.0028705200797331,0.110321196323633,0.000596010141330228,3.1485738568271e-06,0.629911570519725
"TCGA.VN.A88I.01A",0.0149890518447625,0.00553833221412296,0.00200031721398774,0.0565128941429748,0.00262004809630394,0.420263671801549,0.000461693013740108,0.00725774561655941,0.013337288305888,0.00396170561455829,0.473057054836502,1.97299051165671e-07
"TCGA.M7.A71Z.01A",0.174466152501835,1.73902724289134e-05,9.21169678239877e-07,0.211459813258684,0.000458011910443404,0.0230908810454176,0.000480778295360819,0.000244585278281005,8.33560356129617e-08,0.00013689048552411,8.57438987060734e-07,0.589643634987324
"TCGA.EJ.A46E.01A",0.0308229988898814,0.00323700431183687,0.00431910566045977,0.315146032763504,0.00120847030756646,0.207973448229027,0.00101343320476195,0.00215835297447147,0.127173398723416,0.000784785636308501,0.306161026546181,1.94275258585441e-06
"TCGA.CH.5788.01A",0.113932473199946,0.0026584180723299,0.000546271961600307,5.89466203192236e-08,0.000403369719023415,0.0293515180250811,0.00336114327062259,0.000577629608599442,0.118124596312605,0.000426119934291285,7.00861386130546e-07,0.730617700087895
"TCGA.KK.A7AU.01A",0.10627250576173,0.0027419535920721,0.000876219477820347,4.79178812245656e-07,0.000397976523695735,0.0124361743412744,0.00330936193680824,0.000977185395269948,0.0714724365498753,0.00157688294741991,1.87554284446119e-06,0.799936948752378
"TCGA.EJ.5531.01A",0.164800222989704,0.0159585166807554,0.000772284629547602,0.132305727365151,0.000965176417632907,0.175875226676275,0.0100666945605289,0.00591836145426992,0.115795468213873,0.00310810673985096,0.374433694896428,5.19375983713918e-07
"TCGA.VN.A88K.01A",0.280606254014445,0.00166788467756242,0.00275708990345314,7.1648826073096e-05,0.00509211676651784,0.0970291201620858,0.00422880604256774,0.00523327567260444,0.063887549109511,0.00158239493824762,2.3348100859404e-05,0.537820511786072
"TCGA.VN.A88M.01A",0.226762889306057,0.00077704736383257,0.00291225220018728,3.32281383941795e-06,0.00141726050942042,0.034278341602109,0.00099447482092755,0.00259626217041919,0.0357374689377713,0.000717938779293702,1.15358087745387e-06,0.693801587915265
"TCGA.EJ.5506.01A",0.0709686158865373,0.00211308707242693,0.00582980001873238,0.562835638339534,0.00111364708961655,0.106606795315608,0.00238915770409778,0.00177627303188724,0.157373289690429,0.000459025132728084,0.088425117090451,0.000109553627951257
"TCGA.XK.AAJU.01A",0.106557946196586,0.0113939746261053,0.00286308272447668,0.298491910371664,0.00326982221825943,0.218947015997397,0.00392045111860162,0.00371640909714605,0.180136078561114,0.00391025605620548,0.166778609027661,1.44440047826242e-05
"TCGA.YL.A8SI.01A",0.111923932792659,0.00896813876119175,1.88893166729118e-06,0.406919485706875,0.0024438412120035,0.300253832772958,0.00557052162099307,0.00292384229259902,0.159553769174667,0.00140715176193094,4.81862656984982e-06,2.87763458854497e-05
"TCGA.G9.6499.01A",0.20446647255344,0.00716524394304258,0.000147955275626645,0.379162981431206,0.000914348318628455,0.131728729462814,0.00383749303041834,0.000797571281732867,0.127341630900025,0.00168752960690586,4.12392561850082e-06,0.142745920270542
"TCGA.QU.A6IL.01A",0.125643140568084,0.0063107890210651,9.15667286139696e-06,0.344876917419132,0.00136383728565833,0.112416145710076,0.00233059725182963,0.00178063058018476,0.0424412715096652,0.00222323535499663,4.02681397435997e-06,0.360600251812472
"TCGA.J4.A67Q.01A",0.28445365696985,0.0118429406223828,0.00325525718733673,0.00967241948693701,0.00542617695997619,0.404836621642994,0.0061205559525562,0.00834316175726089,0.014290823886626,0.00359237757131841,0.248159931915449,6.07604731320152e-06
"TCGA.G9.6361.01A",0.132788846448211,0.00530625928097705,0.000633866853756031,0.328144119412999,0.00185448065636131,0.275681822775888,0.00132462749748886,0.001037043727949,0.0820688668317945,0.000865346489883879,2.95973505055881e-06,0.170291760289642
"TCGA.VN.A88L.01A",0.164736878715074,0.00278235396890261,3.89267123968108e-06,0.438971857218516,0.00177202977971447,0.240091791581407,0.00140801815624443,0.00156456265929957,0.0964399505848797,0.000730315589488287,1.73244604035004e-06,0.0514966166291942
"TCGA.KK.A8I9.01A",0.303610629918492,0.0200570509708345,3.55781232856452e-05,0.0219271945789091,0.00429654876296081,0.176801913445677,0.0111541485344343,0.0119509063526423,0.444253812246791,0.00586546645304452,3.8280282769139e-05,8.47033016000648e-06
"TCGA.V1.A9ZG.01A",0.0469520938929482,0.00556151578093357,1.36385479598896e-06,0.300278867825442,0.00170634331471549,0.0802551950378198,0.00675290572142676,0.00544362802773096,0.112797841981681,0.00276633963201676,2.12599810823367e-06,0.437481778932381
"TCGA.V1.A9OX.01A",0.184073826008691,0.0164516310298673,9.55276008098841e-08,0.243972498890498,0.00138240552896588,0.109557932785453,0.00431957656847828,0.00231995266858204,0.107959600710567,0.00248673336635329,5.28963343712127e-05,0.327422850580572
"TCGA.G9.6373.01A",0.132343700676721,0.00853159152430713,0.00296481636564207,0.239029431423573,0.00108488089011365,0.158570986624021,0.00354547825115499,0.00111024114842236,0.020039847172401,0.00132358181704814,5.13024962069174e-06,0.431450313856975
"TCGA.VP.A878.01A",0.189930740382566,0.00777079426201628,0.00338529821403953,0.349667596903358,0.00247067833240139,0.205522669317804,0.0106124456525042,0.00588573724646318,0.166366463236862,0.00256835548618812,2.63218988527963e-06,0.0558165887759132
"TCGA.YL.A8SB.01A",0.138397299002375,0.00401808950262972,0.00476515800240649,0.415533540733646,0.00113221950290192,0.173202037818293,0.00508344282670092,0.00340527415566561,0.145117786045012,0.0017615548362186,8.36684189264201e-06,0.107575230732258
"TCGA.EJ.A7NN.01A",0.380803973238565,0.010645325202733,0.00173777329424156,0.0861601753500234,0.00144752357608572,0.0943368912114984,0.0123966908344023,0.00778342517472924,0.079249305130433,0.00172892515015293,5.12186016748463e-08,0.323709940618533
"TCGA.HC.7212.01A",0.0715295215332875,0.00504733403285833,0.00127899070817716,4.01770866281503e-05,0.000982307816851573,0.0457203635761629,0.00367566071460058,0.00232957677996554,0.0634447575853289,0.000437687432754343,1.79721943447692e-06,0.805511825513951
"TCGA.V1.A9O5.01A",0.117466164034113,0.0607072019174407,7.00941481104706e-05,0.361031911977204,0.000988789691979527,0.0642650573200239,0.0280574503996475,0.00306138804126321,0.219263255026808,0.00758676841760749,3.77789948937107e-06,0.137498141126312
"TCGA.HC.A8D0.01A",0.247916775405647,0.0123988524660455,5.09699811438484e-06,0.328386762710605,0.00153781749856323,0.181403511608105,0.00655951838523228,0.00332969919862287,0.120198658231943,0.00222893631405609,0.095806953240234,0.000227417942831362
"TCGA.2A.A8VT.01A",0.0516340280844723,0.000476085990222457,0.007916217925189,1.85732944566776e-05,0.000698860303182343,0.0355813051986427,0.00705346425036949,0.000741938799847982,0.0796050712466075,0.00207268711890435,4.46710424638441e-06,0.814197300683859
"TCGA.ZG.A9LB.01A",0.102699876581901,0.00863216263270728,0.000325437831078648,0.357519261649359,0.001129230797519,0.120306897797394,0.00555502860400719,0.00305644674400037,0.0213650268217604,0.0015793982596969,1.24202012381471e-06,0.377829990260452
"TCGA.HC.7079.01A",0.0320310029547956,0.0478534280642724,0.017197109386306,7.11436352363796e-06,0.00039923946645891,0.06348807451998,0.0193064447697681,0.00119745902943528,0.0413035139997785,0.0116075217315209,0.765605669015554,3.42269860667753e-06
"TCGA.HC.A6AP.01A",0.249324257975109,0.00971844076947259,0.000929719938457273,0.147415494942524,0.00422876214732029,0.333447875517499,0.0112360872242713,0.00485316654850685,0.0679528849116473,0.0037597279407994,0.167080256913415,5.33251709781218e-05
"TCGA.KC.A4BR.01A",0.0659369280275011,0.0023925606931931,0.000864790305570872,0.41922853702628,0.00276266342589305,0.411462834485069,0.00275128423867733,0.00462833750150933,0.036548986221974,0.000466185138511233,0.0519468974011324,0.00100999553468828
"TCGA.V1.A9OA.01A",0.0578998062312553,0.00298482723238938,0.00159869415252319,0.551402358546877,0.00109506376484729,0.179304907283875,0.00224273933813041,0.00129557566857567,0.0531840121020787,0.000610603693595124,0.148262822739778,0.0001185892460753
"TCGA.EJ.A46H.01A",0.133050448477308,0.0218987993105494,0.000112850276332377,0.182250956800518,0.00233827082703496,0.203497470631372,0.00226843926491893,0.00339188380029804,0.0748700867256936,0.0039867668880625,0.372268322578513,6.57044193984666e-05
"TCGA.EJ.5507.01A",0.142819921493827,0.0162754080857213,0.00393057098767455,0.00107742230276092,0.000863773556819725,0.0628318460017064,0.00576176113990399,0.000999502939652449,0.131069862733419,0.00234992181132768,2.15216171871036e-06,0.632017856785469
"TCGA.KK.A8ID.01A",0.130396893304505,0.00441202132924876,0.00320567820959461,1.60777179194836e-06,0.000525705271966996,0.0181286163683613,0.00604725444648709,0.00166924251889024,0.0627662513987632,0.00131839977605641,2.2986599181524e-07,0.771528099738342
"TCGA.XK.AAJR.01A",0.215730573702973,0.00373231219970513,1.81484823452125e-07,0.0996152243318187,0.00183729624103929,0.137144025160596,0.00638652715329711,0.00369261068279551,0.0912434343750762,0.00123725848858474,0.00291495939582767,0.436465596783463
"TCGA.HC.7750.01A",0.116662582525501,0.00750223583369127,0.000108368543979298,0.413260397365407,0.00164001209727911,0.322708407782049,0.00250475833710628,0.00479707968103407,0.0817669173077922,0.00127358856915782,0.0283856537490173,0.0193899982079851
"TCGA.G9.6347.01A",6.52659008885093e-06,1.74106809144058e-05,6.66272776671158e-05,6.64054795063404e-05,0.000451700443035576,0.988387254505869,0.0105620979167955,1.66930922225103e-06,4.55749241796397e-05,5.79306720000187e-05,0.000322886241389427,1.39159593315008e-05
"TCGA.EJ.5522.01A",0.135988284475737,0.0260013790755703,0.00231651278980519,0.297172371545282,0.00104167477140705,0.106799754970618,0.00432881009330165,0.00250049757655935,0.118280411731289,0.00178811037396135,4.85623637664551e-06,0.303777336360093
"TCGA.HC.A631.01A",0.075095310315029,0.00396571683836564,1.92456356766907e-06,1.59417844521624e-05,0.000478116019666965,0.050228396099278,0.00285728661119952,0.00066921212838882,0.166883386016022,0.000124320430395655,7.15495311766354e-06,0.699673234240517
"TCGA.CH.5763.01A",0.0712031552216567,0.00854197971777224,0.000727465287109877,0.315007259716123,0.000891933816753903,0.242874492509549,0.0026138853225482,0.00226439067459766,0.148084022415283,0.00108834628152541,0.206701495856903,1.57318017910422e-06
"TCGA.EJ.7794.01A",0.304470250513289,0.000864755517999833,0.0103349493326543,0.193621235805233,0.00166874931918132,0.216777231342048,0.0120506446220601,0.00462070803353712,0.253793237029358,0.000921370192998424,0.000822617493918688,5.42507977223949e-05
"TCGA.V1.A9Z8.01A",0.102404783696696,0.00561672316488023,0.00460558532883288,0.26173257200503,0.00240296327568408,0.266550389049859,0.00378266551282499,0.00786930067864666,0.132245605622493,0.00337526960019352,0.209409749187945,4.39287691442754e-06
"TCGA.EJ.7788.01A",0.143781940602658,0.00881434074179535,0.000691833395672443,0.151573056558198,0.000847951005842696,0.113094531587775,0.00629510691008062,0.00296197200795859,0.068190241059691,0.002377142004188,3.69561210527703e-07,0.50137151456493
"TCGA.XQ.A8TA.01A",0.0440924310560787,7.56261903935029e-05,0.000468122513200236,3.04611179255422e-06,0.000461762106214088,0.0097402382798401,0.00191485836517923,0.000643359665060603,0.0640230339080578,5.10705332836361e-07,6.70430905097226e-07,0.878576340667945
"TCGA.HC.A6AO.01A",0.270986664741929,0.00910419691796572,0.000820043004088198,0.271697922172923,0.00152247247395852,0.0569079395101104,0.0068524340972409,0.00559979712576283,0.0815332959234212,0.00298636328092328,1.18514552402725e-07,0.291988752237124
"TCGA.FC.A5OB.01A",0.226229627056608,0.000146149588319283,0.000348669310960997,1.90996177120314e-05,0.000914204733027952,0.0198111323562995,0.00413065066090365,0.00085330990307501,0.0666864139617509,0.000502938024937931,3.68267527920351e-07,0.680357436518877
"TCGA.CH.5764.01A",0.291705063807965,0.0129846421751366,0.00180328067377854,0.163706220893172,0.000666330864351793,0.0976792469394901,0.00505847171922129,0.00175006376089081,0.0970141564960259,0.00463842356057005,2.53429787842471e-06,0.322991564811519
"TCGA.CH.5789.01A",0.187964886462395,0.00544167850531205,1.89311953907464e-05,0.319654287420556,0.000919040532023857,0.139446396951589,0.00411801542688183,0.00263366425345191,0.110049950799079,0.000413267071421692,0.229219854050152,0.000120027331748338
"TCGA.FC.A66V.01A",0.108816737516224,0.00592482058737223,1.1334393278539e-05,0.397673669813162,0.0172754910069589,0.214801760239564,0.00835234838940782,0.00104756309838903,0.139771271808988,0.00141710527429261,0.104906838572374,1.05929998810034e-06
"TCGA.EJ.7330.01A",0.130717361278399,0.00020714367975971,0.00817346455836559,0.267792859630721,0.00132064950636061,0.155137331632968,0.00656830789527173,0.00323939931143772,0.183385641112813,0.00154144083766013,2.10723625514121e-06,0.241914293319988
"TCGA.HC.8258.01B",0.119780873788798,0.0811836562051176,1.67900191363305e-07,0.432402235977195,0.000302834327159621,0.0546268820649855,0.00132190822645709,0.00267975930138705,0.125813721545659,0.00312577258890991,9.01040105243709e-05,0.178672084063616
"TCGA.YL.A8SL.01B",0.210344806042723,0.00272866722922605,0.00020217227272012,7.79765405319872e-07,0.00112709337391627,0.0360823094040565,0.00200404020356605,0.000902819207235762,0.0799678676873375,0.00107755517250353,1.06646324407342e-07,0.665561782994985
"TCGA.XK.AAIW.01A",0.125410695138687,0.0221590376243744,0.00594941733603372,1.05220598452385e-05,0.000606111712380629,0.0108078679991833,0.0166087617637717,0.000773578591923172,0.0604977860053024,0.0174426048470252,2.15379489466393e-07,0.739733401541983
"TCGA.G9.6385.01A",0.10333743410662,0.00312002891887989,0.00273842823707345,0.483333657869954,0.00158902162625411,0.235071868070154,0.00484546404850696,0.00301354109660311,0.160977291749937,0.00195111884923981,1.94882267371844e-05,2.65720003990729e-06
"TCGA.HC.A76X.01A",0.135765603190776,0.00142403919469442,0.000668887817922249,4.69300719558905e-06,0.000515292112577861,0.0630838894762692,0.00120609817029945,0.00146555535854348,0.0635503613016293,0.000116132168279021,9.84741252921897e-08,0.732199349727688
"TCGA.EJ.A46I.01A",0.135124300418113,0.00690565086600096,0.0030737403729934,0.441409374853113,0.00121359485279818,0.269626394824735,0.00334044029104608,0.00212429371223534,0.134545478939768,0.00259545943846072,1.03743953264417e-05,3.08970354097789e-05
"TCGA.EJ.7797.01A",0.206810324394422,0.0106229793937654,0.0012661573363423,0.26417641603415,0.00111691638073561,0.15095832908116,0.00453213858766203,0.00343478392688082,0.125122537051088,0.00194737287642588,1.30115013581004e-05,0.22999903343601
"TCGA.HC.7230.01A",0.104209942484396,0.00295743946044616,7.72866162777075e-05,4.01678350679822e-05,0.000873407193523641,0.0539981342476175,0.00175101310787859,0.00164648818705495,0.0954174701873296,0.00104906659783708,5.23560118407781e-07,0.737979060522453
"TCGA.XJ.A9DQ.01A",0.512182612282789,0.00692649162056783,0.00101323033543752,0.0900183120459097,0.00154727043486197,0.241224941736911,0.0019199887704448,0.00380727276714578,0.136300739717787,0.00158275599046906,0.00347364809043918,2.73620723681391e-06
"TCGA.J9.A52B.01A",0.110883639832034,0.00200728813535329,0.00936691003868302,0.42192423466116,0.00147273495461415,0.140256497914315,0.0151974711402031,0.00244653586332569,0.0566047457648445,0.00305848600127399,3.08781358673359e-08,0.236781424816057
"TCGA.EJ.5511.01A",0.172155254343698,0.00327470916639002,0.00121839392981759,0.283471465313519,0.000898418121160838,0.138660022593732,0.00256548579783606,0.00236386668412914,0.0781155202469901,0.00157552672431709,1.00194053459854e-05,0.315691317673065
"TCGA.EJ.5527.01A",0.125701027619914,0.0305348700949287,1.47815497714889e-05,0.375581431921971,0.00117783766844506,0.149059816164999,0.00964945666808128,0.00385452970287954,0.225284518340974,0.00235864676150797,8.47425513385654e-07,0.076782236081014
"TCGA.YL.A8S9.01A",0.060070754180621,0.000296502546117765,8.18968686140973e-08,1.46940654424644e-07,0.000330511653021477,0.00661934545031631,0.0011663784905982,0.00090922387677491,0.0388611459858303,0.000125208617514147,1.70530151273201e-05,0.891603647346556
"TCGA.J4.A67O.01A",0.229618548267304,0.00466292788628145,1.23110529171721e-05,0.345973526087875,0.00525824151649897,0.391465073921881,0.00730274988839322,0.0044838179196034,0.000744722643887823,0.00161393196699464,0.00886300342848517,1.14541987860069e-06
"TCGA.V1.A9O9.01A",0.629855726480859,0.0769219698797797,1.35301275566479e-06,6.93510741666619e-07,0.00109712407657367,0.0989927801061183,0.010183394902218,0.0025011936755898,0.141238471395446,0.0102924577622634,0.02891483333061,1.86704406719818e-09
"TCGA.CH.5791.01A",0.126275001098647,0.00658379757552773,0.000802978215439237,0.138047187672782,0.000709547782879547,0.0552923894475178,0.00555905013809939,0.00318595197919626,0.104674994368952,0.000174136661958594,4.83523622054699e-07,0.558694481535379
"TCGA.V1.A8MM.01A",0.164228588878197,0.0113739074244933,0.0028620069754225,0.0277069983476175,0.00101207347267853,0.0781145253048382,0.0123575525594969,0.00170775308144381,0.0420030445350217,0.00407188957889994,4.25523551913872e-06,0.654557404606372
"TCGA.FC.7708.01A",0.15173384930744,0.0258954773674565,5.98754994297293e-06,0.331378408813378,0.00299506749997542,0.250622341599112,0.00810601271696229,0.00489265195009146,0.219449720874699,0.00452088396047761,5.55679529920504e-06,0.000394041565165898
"TCGA.ZG.A8QY.01A",0.084716167004629,0.00489501646319548,0.000162996986679829,0.021129102697415,0.00137127484386515,0.157572420597868,0.00285897344889965,0.00169078334856081,0.0598823313222353,0.00052219797229401,1.77581266298148e-07,0.665198557733092
"TCGA.EJ.7328.01A",0.104947207553036,0.0293615380027908,2.67824840857733e-05,0.440968377865495,0.0029698210737964,0.170681130292535,0.0112902547836558,0.00227875741432159,0.111541728145905,0.00546779082787408,0.120460620631575,5.99092492852846e-06
"TCGA.EJ.5510.01A",0.139093402882242,0.0231011604784388,2.0467995929713e-05,0.523969774151373,0.00169494179093404,0.133906956294763,0.00563206541939344,0.0112108931638762,0.157975022043946,0.00293305978103967,0.000117428591697124,0.000344827406367351
"TCGA.EJ.5498.01A",0.209873938320262,0.0245949844938663,1.47138566008234e-05,0.298319513193913,0.00195217658196227,0.287387754058158,0.0122395365522258,0.00317621250699824,0.158123364586217,0.00425930721640977,5.79583509695484e-05,5.40282416913849e-07
"TCGA.HC.7819.01A",0.257986188508329,0.00327257591718082,8.67826768609404e-05,0.00268102451132707,0.000548357194614643,0.0359473585558883,0.0020406827543844,0.000976468210907176,0.0466005244963121,0.000722972444086417,2.92210473880505e-06,0.64913414262537
"TCGA.KK.A6E8.01A",0.103809088084481,0.000937082388290135,0.000552318379900903,0.0164698011020741,0.000652520109335201,0.030764772042754,0.00144021543628951,0.000733560246960491,0.020190289494245,0.00100866447076963,3.38073994816537e-07,0.823441350170905
"TCGA.EJ.A65E.01A",0.164112397067585,0.00308408042614438,0.00430933128957654,0.10894635960327,0.00220245415051616,0.0533675816504535,0.00416132755784176,0.00198902291750042,0.0869466728766363,0.00209372440611555,6.53623699745648e-07,0.56878639443066
"TCGA.ZG.A9L0.01A",0.167027327069102,0.0239438811980833,0.00212215414361263,0.482579641260633,0.0010508761761915,0.129082228852485,0.0112579215138386,0.00394210687246745,0.172056617740262,0.00565871481382032,1.48562619810689e-06,0.00127704473330547
"TCGA.YL.A9WL.01A",0.232915852075903,0.00203394530315839,1.46589221770716e-05,2.38570950349577e-06,0.000626924494412866,0.0202581137773968,0.00160385747222653,0.000977726569107212,0.0371260696902118,0.000235766295479519,0.000108022951470102,0.704096676738953
"TCGA.CH.5772.01A",0.0871589866491624,0.00418212448970305,0.00199890678446024,0.137727985320313,0.00119833014664741,0.0744029797344139,0.00473276959065124,0.0028817981772336,0.0618813044898354,0.00171057631989584,3.0219397912231e-05,0.622094018899772
"TCGA.ZG.A9L2.01A",0.293160482694274,0.0189562204813718,0.00603320988199665,0.195296326293123,0.00175488303426835,0.437806390913677,0.00857473238254451,0.00633055186193302,0.0287630820928543,0.00309827889856818,6.66587558793983e-05,0.000159182709509431
"TCGA.HC.A48F.01A",0.0999706139335134,0.000807320604941876,0.00037210808670527,4.52765175374619e-05,0.00129096155416343,0.0479648238704911,0.00308819883703271,0.00265395213639447,0.0464770219552844,0.000711501864900281,5.61090249755801e-06,0.796612609736538
"TCGA.YL.A9WJ.01A",0.163073111159151,0.0141238801187072,0.000362844009609388,0.276733457844438,0.00113193155234327,0.126528358532243,0.00828174446379106,0.00301429400528485,0.125502479078427,0.00261133268962309,6.76284434556029e-07,0.278635890261948
"TCGA.G9.6379.01A",0.141535835362494,0.016295496992019,0.0116781127965737,0.288659065180524,0.00523730957704364,0.26514875604036,0.0180718952175847,0.00366379802507305,0.0831759557586123,0.00833167185882398,0.158199836924019,2.26626687209823e-06
"TCGA.KK.A8II.01A",0.142576225633773,0.00116473291057872,0.000990095611679147,6.84110908500867e-06,0.000396800210236567,0.0155501036945361,0.00137794009089918,0.000491810235656183,0.041971542141629,0.00072379199020968,4.49941507074301e-07,0.794749666430211
"TCGA.G9.6353.01A",0.13952496372525,0.00101393714819267,0.00249459280065791,0.373824225075855,0.0051861102047795,0.306178148523904,0.00137309836949515,0.00559625837521584,0.162075816975457,0.000505226050959026,3.96848211955399e-05,0.00218793792903888
"TCGA.HI.7170.01A",0.0951461803139481,0.0131059723091697,0.000242084735539594,0.437092146237565,0.00419189118131283,0.243907778667882,0.00624097119187558,0.00724496685293838,0.104519411975797,0.00339153047120484,0.0849167475908502,3.1847191679922e-07
"TCGA.CH.5765.01A",0.101250585935584,0.00254127303048693,7.0635561899387e-05,0.010227353580251,0.000566911083524368,0.0792198062896869,0.00149400067742042,0.001270038751758,0.0789465649436403,0.00062448579891367,1.58328275493772e-05,0.723772511519286
"TCGA.EJ.A7NG.01A",0.134358710842436,0.00835985129493532,0.00334170073746446,0.207532919796532,0.00271551194546058,0.383054395017834,0.00494465835696479,0.00252589053966745,0.181302879917885,0.000817523699142284,0.0710432961734335,2.66167824455327e-06
"TCGA.HC.8216.01A",0.149348976650371,0.0153838749758987,0.00459459780369467,0.389831713860189,0.00102313563883019,0.0950800462646167,0.01424050316495,0.00373420925549185,0.137559089324601,0.00299816352670949,9.99812218942235e-06,0.186195691412458
"TCGA.M7.A722.01A",0.0403692773708713,0.00229994360829799,0.000131501864803444,9.34815831286887e-06,0.000658344478821182,0.0240311797059274,0.00647977699414692,0.00126444738570067,0.0878919256595596,0.000260753974616637,3.37097359326691e-06,0.836600129825349
"TCGA.YL.A8SJ.01B",0.0813413540184588,7.87106640942101e-05,0.00153341512488764,0.319400663113656,0.00120413752919892,0.209549299874725,0.00268902386030839,0.00114234414612518,0.104956311089472,0.0017006172366843,8.54507326299507e-06,0.276395578269127
"TCGA.J9.A8CK.01A",0.0596921743658306,0.00443838418311466,2.56973254607772e-05,0.459048432246554,0.00243276020005369,0.278171293843682,0.00498180291643424,0.00201016719717665,0.106923978317219,0.00103569588376375,0.0812389586423483,6.54878361941477e-07
"TCGA.EJ.7792.01A",0.136164143188332,0.0362806375071666,9.71586657153321e-05,0.310368631646807,0.00246518015453997,0.345502337711808,0.0119466649316003,0.00833979662579264,0.145300732121031,0.00343596389762952,6.70803433360849e-05,3.16732062413362e-05
"TCGA.G9.6332.01A",0.0889105385534821,0.00140305840622949,0.00205086020329016,0.0547277532060219,0.000428569685436234,0.0349250546804503,0.00125565247308818,0.00178823714424086,0.0309395594720284,0.000717499659739546,7.34885432382937e-06,0.782845867661669
"TCGA.EJ.7784.01A",0.103966128527412,0.0146693363103789,0.000232863090113936,1.39992802160093e-05,0.000932146295570468,0.0542464915409258,0.0043801488365292,0.00245778473160891,0.160298711958555,0.00104431504782676,1.25729469186198e-06,0.657756817086171
"TCGA.YL.A8SR.01B",0.245509597096745,0.00111689826252775,0.00140963476968738,0.00735121646716245,0.00298017815314973,0.0778184194593615,0.00340880824118319,0.00561306781602874,0.0437531200698156,0.00223087398359304,1.74724759625647e-07,0.608808010955986
"TCGA.J4.A83M.01A",0.153948515639668,0.0015261218773815,0.00818794474463455,0.218305549475754,0.000768886416398062,0.0889663778094928,0.00283805602884825,0.00195789337589279,0.119116212656693,0.0011758621460872,2.13838432537988e-06,0.403206441444825
"TCGA.J9.A52E.01A",0.133080817397889,0.0126820279037542,1.82032582957023e-06,0.595604675813159,0.00189154506002299,0.150874663446465,0.0132884513071203,0.00158423640260372,0.0890122210237657,0.00177391649254867,0.000202268359081901,3.3564677605616e-06
"TCGA.Y6.A8TL.01A",0.240251589427224,0.00629129150758606,0.00258738602488872,0.316040363446347,0.00169242977119632,0.165560833654024,0.00184458573272171,0.00144284530275876,0.109019854417494,0.000871953795006775,1.53781437712668e-05,0.154381488776981
"TCGA.KK.A7AZ.01A",0.255253264194573,0.0017674200095526,0.00386371853895159,5.28969911288423e-07,0.000456808488324295,0.0430024943720696,0.00247696758642476,0.00240739893489177,0.0521565548098631,0.00132422907780525,4.01567917912106e-06,0.637286599338454
"TCGA.HC.8256.01A",0.236456243700979,0.00945369969193689,0.000506579971822361,1.29281982443744e-05,0.000485815484224113,0.0466065198153648,0.00338061206621854,0.00197051685149139,0.0768751369531739,0.00188746883176331,7.22894456346096e-07,0.622363755540325
"TCGA.HC.7738.01A",0.15565011764022,0.00540735566514889,0.000428625869647146,0.152588190252289,0.00102981519506781,0.102010907852081,0.00375883392162262,0.00159882528422633,0.115578098994488,0.000148591873551761,6.7380730756102e-06,0.461793899378581
"TCGA.HC.8265.01A",0.230684878757391,0.00831393461962275,0.00236378655438053,0.18183233241861,0.00118504962324424,0.0929538039598096,0.00730070950285567,0.00193382076465264,0.151597784185716,0.00323750700626567,2.70577047781437e-06,0.318593686836974
"TCGA.HI.7171.01A",0.139918277811398,0.0105516647828532,0.00062006069715147,8.65419042340519e-06,0.00159078033449148,0.0744705375719748,0.00281874808065838,0.00137336999043055,0.0606222226100107,0.00224953485385235,9.21582140955601e-08,0.705776056918542
"TCGA.CH.5794.01A",0.125678960761887,0.00502599772721277,0.00061344243219572,0.115669242935694,0.000946422808310432,0.0981891540538627,0.00563728660476839,0.00220848363975526,0.22817210806826,0.000728965480672137,1.49330480494304e-06,0.417128442182577
"TCGA.HC.7233.01A",0.217138750476853,0.0324010159045305,2.53997334586325e-06,0.444462276356042,0.00106073657148448,0.156891641372876,0.0190049981109596,0.00128085460512983,0.119714110862964,0.00799854071454405,2.94007255402134e-05,1.51343257295198e-05
"TCGA.EJ.7115.01A",0.133447176633359,0.00672322774670213,0.000658115303155602,0.367963906283226,0.00118264107435965,0.141678517187929,0.00559785951197765,0.00388831819543004,0.104898795936734,0.00177536159927062,4.35806014344571e-05,0.232142499926421
"TCGA.EJ.A8FP.01A",0.118163427440582,0.0100702495202614,0.00107337816989431,0.35252788652251,0.00682057366463357,0.180941969367761,0.00351598554516139,0.00287455871167973,0.129077792599553,0.00209345434688733,0.192671024600492,0.000169699510584252
"TCGA.EJ.5505.01A",0.116781380243644,0.00705755987665137,0.000537530425048637,0.22372710264424,0.000509431180212326,0.0812110290783667,0.00456908633084293,0.00793961350582742,0.131770034114862,0.0023895457452025,9.45886761517101e-05,0.42341309817895
"TCGA.CH.5738.01A",0.084713116081198,0.0118303391653654,3.86710419673318e-05,0.243355331254952,0.000866510032495043,0.15394150987743,0.0163887591195969,0.00400255962513899,0.183649846435133,0.000501318704575867,0.300712038373994,2.88154123034726e-10
"TCGA.QU.A6IO.01A",0.162400940839059,0.0076063237359937,0.00702609982298484,0.512857422000115,0.00155162084300922,0.147187642282291,0.00599883024946888,0.00149814091109111,0.0492808462341041,0.00381444818583413,8.25960834874794e-07,0.100776858935215
"TCGA.HC.7818.01A",0.15905537104419,0.00577738545646298,0.000907546271734956,0.36282800326126,0.00210388576196293,0.176059858321227,0.00489003355198965,0.00217875899292075,0.2264154668943,0.00129357076705687,0.0584697517262209,2.03679506742413e-05
"TCGA.CH.5771.01A",0.0296845045394896,0.00353853869369599,0.0088904538689901,0.274303042116485,0.00303574547845565,0.258599681886522,0.0137034929774807,0.00237585473965846,0.158636929925841,0.00287759348687446,0.244293907792392,6.02544941149741e-05
"TCGA.HC.A6AS.01A",0.149469993734267,0.0137936890166645,0.00616757003965901,0.379690676152235,0.00504498014659123,0.341238485209085,0.0214734940039897,0.00706523075754957,0.072548956641801,0.00334435029503409,7.46018089528294e-07,0.000161827985034128
"TCGA.XK.AAJ3.01A",0.186516724957001,0.00104323586029889,0.0025091709095159,1.82364545238288e-05,0.000745555931728935,0.0795116786247206,0.00681826493000586,0.00063577809069086,0.0903918586395157,0.000297704881252218,3.11889725804372e-06,0.631508671823488
"TCGA.EJ.5512.01A",0.133943122648114,0.00927821340107319,5.71404931849051e-05,0.536393756019407,0.00128382024551296,0.18644438163148,0.000455862074076317,0.00134476881985577,0.112919777533619,0.00204638315749955,4.27710190314721e-07,0.0158323462659871
"TCGA.H9.A6BY.01A",0.284289576548362,0.00180070520271386,3.60006127150117e-05,0.216027888648292,0.000791849696239562,0.18448924508507,0.000495596944750729,0.00118573678433282,0.0300344416416621,0.000926299103955832,2.9353192675231e-05,0.279893306539232
"TCGA.HC.8264.01B",0.173465258844381,0.00290098759078826,0.000918579186676259,0.359019297759481,0.00120792072272528,0.233657675824362,0.00541689731761391,0.00299995212761976,0.0151486860218229,0.00175760117446681,5.85650274418117e-07,0.203506557779788
"TCGA.G9.6369.01A",0.130588321902867,0.000958744619219538,0.000431938115987378,0.114829524585258,0.000651145502884794,0.0540295323757485,0.00162365787929722,0.000686854443317104,0.0420010763187972,0.000430812562383934,9.67863798876231e-07,0.65376742383044
"TCGA.EJ.A7NM.01A",0.303389888042279,0.0589821207575589,0.000372452914400886,0.278389470458867,0.00172478920480074,0.124747093247095,0.0144463187225151,0.00331724228584764,0.206460645648489,0.00816672320940233,2.20829950644371e-06,1.04720923693078e-06
"TCGA.KK.A59Y.01A",0.281496174921386,0.00589898713558519,0.000747092867270717,1.39100294652945e-06,0.000642240825633329,0.0597024214144184,0.00137959534973399,0.00138196928114495,0.0769621330156704,0.00176892101908102,2.43352747849643e-07,0.570018829814381
"TCGA.KK.A8IK.01A",0.141977081957615,0.00203285813325061,1.79067764025205e-08,9.2294643460523e-06,0.000550565027817537,0.0110369194707024,0.0012349269273593,0.00346931385273034,0.0771909465466633,2.48245958303562e-06,1.78215253623243e-06,0.762493876100619
"TCGA.KK.A7B0.01A",0.406573086700239,0.0473035912930366,0.00305578181208022,0.129274718329681,0.0024073975339659,0.216612454994656,0.0164175006498652,0.00896448924736065,0.160663891141367,0.00872339051038016,2.56357191014794e-06,1.13421545674012e-06
