"","cellFractions.B.Cells","cellFractions.CD4.T","cellFractions.CD8.T","cellFractions.DC","cellFractions.Endothelial.Cells","cellFractions.Fibroblasts","cellFractions.Macrophages","cellFractions.Mast.Cells","cellFractions.Monocytes","cellFractions.NK","cellFractions.Neutrophils","cellFractions.otherCells"
"TCGA.AG.3896.01A",0.2313295986981,0.0121777011042639,0.000747421367892558,0.383585888369225,0.00172877658251979,0.0370230512111443,0.0134156976487825,0.000570991315336535,0.144875661061347,0.00364418211489424,1.21214472818595e-05,0.170888909079213
"TCGA.DC.4745.01A",0.0611693164961328,0.00999887243895911,4.21672115496943e-07,0.796970959081019,0.00045669197716919,0.0317243715272776,0.00314863822220549,0.00102467070031226,0.0439197699629429,0.00125950343514111,0.0503267103081025,7.41786220274863e-08
"TCGA.AH.6903.01A",0.0741133529713171,0.00721364635238346,5.01026008725641e-08,0.260382692758791,0.000726572377391296,0.0114900980412693,1.8766088175711e-08,0.000363180300315659,0.110462624587858,8.26268591716931e-07,0.159513846000799,0.375733091472595
"TCGA.AG.3599.01A",0.111441025236056,0.0225705717928981,0.00203574834280874,0.563684627258425,0.00062289536088323,0.0196905310067831,0.0176677799986934,0.0017685114500116,0.237431279802046,0.0110640604041105,0.0120229255247051,4.38225793738947e-08
"TCGA.AG.3581.01A",0.137283995152598,0.0026143724404496,0.00488251976548688,0.0688717340245454,0.00107112905886658,0.0178418099805334,0.000634471082604372,0.00133354993742127,0.105685983679753,0.00166787080603199,0.658111919686613,6.44385096248896e-07
"TCGA.AG.3881.01A",0.269018574629713,0.0125472268404911,0.00106645078087106,1.62388375971856e-06,0.0108345098840013,0.199422856971218,0.0586414694638155,0.00559628914142063,0.406348157003867,0.0125515122788255,2.79542453529544e-06,0.0239685336974814
"TCGA.CL.5917.01A",0.0709551249596244,0.00284722421560901,8.14221454384087e-06,0.20353467065372,0.000134163612967078,0.0289510675749664,2.45987199522424e-07,0.000159097715731551,0.102296239626854,1.96889168969424e-05,0.226437973638379,0.364656360883508
"TCGA.AG.3902.01A",0.312482542907193,0.0469800861108011,3.59796275847933e-06,0.429986846408506,0.000788108727483788,0.0192696101331226,0.0321120595457568,0.0025600667302943,0.137869919233379,0.0179463046129237,1.28213454856393e-07,7.29414326565195e-07
"TCGA.CI.6624.01C",0.193243630143029,0.0246056903509604,0.00205303712860148,0.507445351283196,0.000706444106545393,0.0401463672059317,0.00921646820382347,0.00255212271166069,0.100740037593154,0.0034990907044553,2.09170942491978e-07,0.1157915513977
"TCGA.AF.2692.01A",0.0905641628756003,0.0111850470706745,1.70905561125137e-07,0.199638568089472,0.0006236965522511,0.0287565672892984,0.00454692095107339,0.000995277666904023,0.13192067342051,0.00174160772647105,4.74136871235253e-06,0.530022566083472
"TCGA.DC.6683.01A",0.0568711073359881,0.00826749153610522,8.27506005258117e-07,0.704731663548673,0.000288103872802042,0.0284710726671291,0.00227682366316949,0.000649173307810195,0.0724106246622324,0.000541765614627585,0.125483159393641,8.18689181628841e-06
"TCGA.DC.6682.01A",0.0499343072554203,0.00839948119478086,6.46595258084439e-05,0.396118443863782,0.000216384636317699,0.00956486724918469,0.00197864998762127,0.000201405464150426,0.0215852236736458,0.00181243814646512,1.56529910618596e-06,0.510122573703717
"TCGA.F5.6702.01A",0.0528369420200855,0.0181320104012582,2.63537091131893e-06,0.0955106196863166,0.0010089219181556,0.193492866070349,0.0139575551192579,0.00250604354994893,0.183616895846918,0.00122574055178362,0.437291987919433,0.000417781545582219
"TCGA.AF.4110.01A",0.342904264709309,0.00745552553449186,0.00168906378801131,6.01978355526053e-08,0.000764447947137577,0.0303563105426213,0.00344063584176404,0.00117504745399741,0.0169907986438488,0.00212787811769075,0.593094076582209,1.89064108337282e-06
"TCGA.F5.6861.01A",0.0235571016198355,0.00485516321611825,0.000211536804007131,0.558630643498062,0.000443021388894963,0.0339040896018739,4.02510878910633e-08,0.00013218686696567,0.108093418142153,0.00119429843026815,0.268972785660247,5.71452048668438e-06
"TCGA.G5.6235.01A",0.0722867978341264,0.00641669075046813,3.07631315522758e-08,0.211817786084746,0.0001835981576818,0.00469146533599706,1.7524701169403e-09,6.18332631087064e-05,0.199338191433014,0.00113175843502424,0.0799293506577338,0.424142495532498
"TCGA.AG.3999.01A",0.085527550737574,0.0043312751290398,4.31613919341798e-08,0.525539899892637,0.000574482562474983,0.0257537189419314,0.00149942701582778,0.0028623165256773,0.0973046758227924,0.00040178388230199,0.256199362329481,5.46399887063768e-06
"TCGA.AG.A02N.01A",0.0865703059336844,0.00108352488764801,0.0120654109880832,0.633729713159083,4.58129417369531e-05,0.0054221624010966,0.0055218713036275,0.00270759131024355,0.119352426104899,0.00937484904923573,1.69208467538025e-08,0.124126314999815
"TCGA.AF.6136.01A",0.157236652761073,0.00623848076957912,0.00116277121606513,0.627907684959106,0.000666265397427992,0.0203224115841841,0.00241141533263823,0.00262688135506147,0.0522878116245942,0.00115187258498538,1.9292158125104e-07,0.127987559493704
"TCGA.AG.3580.01A",0.095054555142124,0.0180744240804741,3.34329973930164e-06,0.39921114905813,0.000189793428800811,0.0101474205524807,0.000636696244228648,0.000595322989952208,0.0767422892043402,0.00467858135902165,0.394665959893338,4.64747370287953e-07
"TCGA.DY.A1H8.01A",0.0483781227975158,0.00536827280354659,0.000184107211876866,0.0581131970580964,0.000968027975977032,0.00249331627430261,0.0010614109310468,3.29007118788639e-05,0.0533385158771038,0.000445509955968903,0.00431628717226157,0.825300331230425
"TCGA.AG.A032.01A",0.0911583083545065,0.00956539556472607,1.1062159420486e-06,0.181287088927337,0.000477113228621836,0.0136769448859634,0.000934488025433842,0.000751679627131658,0.11424921574937,0.00174117824552344,0.219999672384478,0.366157808790966
"TCGA.EI.6512.01A",0.0409078194096942,0.0071137949745717,3.53170416094364e-07,0.562353332029688,0.000340330801822823,0.0157222249255073,0.00347421464728767,0.00125530915799847,0.111272110779101,0.00199987436716724,0.255557233219069,3.40251767728092e-06
"TCGA.AG.3575.01A",0.00195863105118052,0.0164629843698889,2.62385605668181e-06,0.250016435685246,0.000436112729337356,0.0832884152694164,0.00561397146351024,0.00102420579538097,0.109788515049168,0.00373456992891938,0.52767238218305,1.15261884552502e-06
"TCGA.AF.6672.01A",0.138020624248782,0.0105027537575367,4.49908518308893e-08,0.241284925775076,0.000339644767208908,0.0121404431817074,0.00196365337667887,0.000581444131916552,0.047419102288013,0.00126695378312407,1.20244449506637e-06,0.546479207254609
"TCGA.EI.6514.01A",0.0368344654150906,0.00369860371433796,1.7916200791242e-07,0.304798331714119,0.000347343725194838,0.0499350405602024,0.000258176014156518,0.000351243752928461,0.0912048014621842,0.000749280591720716,0.412834082648444,0.0989884512396132
"TCGA.AH.6644.01A",0.0525214003076593,0.0169308908004837,5.67396108242821e-06,0.716499745475653,0.00098456516864347,0.0658883537813025,0.00713360428240634,0.00344366759148005,0.133533003287613,0.0028295551349244,0.000221077711979944,8.46249677231206e-06
"TCGA.AF.6655.01A",0.0885047894221254,0.0104504226860462,5.01862256551963e-05,0.66444804361689,0.000571758232859502,0.0711065343378456,0.00316997710715871,0.00195426848894183,0.0938338135291822,0.000451049981608808,0.0654589611068673,1.95264819486349e-07
"TCGA.AF.A56K.01A",0.147713799455722,0.0158285087351401,5.52114241454729e-07,0.567564449098174,0.00190384082961446,0.0439298306854152,0.00491324242870415,0.00175908841923181,0.170444587686327,0.00413749119321895,0.0414186063522642,0.000386003001946702
"TCGA.G5.6641.01A",0.0474629659825133,0.00153545836050319,0.000291222389322368,0.130908548362257,0.000259621733643025,0.00437443320615367,1.02460170276454e-10,0.000249777753770128,0.0712063484306654,0.000393477614196508,0.0426388139759642,0.700679332088551
"TCGA.DY.A1DG.01A",0.0468821125867253,0.00125852971000357,0.00184747711266447,0.180292427053784,0.000159343644418883,0.00565167742398352,1.19024274013945e-09,0.000319509172409943,0.119040671599791,0.00130313470290456,0.130613978102844,0.512631137700228
"TCGA.AG.4001.01A",0.0551160905186987,0.010736046520724,2.30371659650282e-06,0.277335584632418,0.00106384586543335,0.0659577308273284,0.0103792101979329,0.00382974903292155,0.124831499115519,0.00387152987974133,0.446875829272305,5.8042038069781e-07
"TCGA.AG.A026.01A",0.0434919942494729,0.00123853239142845,0.00170887842915965,0.576480878327454,0.0011355105825834,0.0917142205470824,0.00251313931872916,0.000119212148746232,0.0614121290767591,0.0011146951842832,0.0010946109195167,0.217976198824785
"TCGA.EI.7004.01A",0.000256955522325784,0.00629383424712782,0.00165388895636263,2.79124940709726e-06,0.00465819115445836,0.18353331334548,0.0130403204070968,0.00262958514835939,0.139155865368153,0.00149478759950148,0.647279718735401,7.48266326786025e-07
"TCGA.AG.3878.01A",0.293115929940781,0.0237230566654999,0.0163729185994056,0.000108163363734133,0.00368592891005384,0.0901169833168976,0.0497397841039748,0.0152737265868703,0.488980619671021,0.0185561455642836,0.000165179483634491,0.000161563793843047
"TCGA.AG.3611.01A",0.178501686908136,0.0131242145117398,0.000312867265572963,0.335657953641568,0.000250274041957273,0.0122629180357461,0.00734272245718524,0.00139628282384499,0.073299072696641,0.0015465693953628,2.20825429641099e-07,0.376305217396816
"TCGA.AF.3400.01A",1.6227069015808e-05,0.00911897881071376,2.39128044152515e-06,0.00225463611721975,0.000988095169721511,0.0490547831938647,0.00136701328291531,0.00021381067337178,0.00845649793423815,0.00120424081935972,0.927274751207661,4.85744414769811e-05
"TCGA.G5.6572.01A",0.0537999806019659,0.00116866597846657,0.000285366679255532,0.313402882627978,0.000503098084435951,0.0560744010871515,1.1810520141292e-07,0.000887167071582115,0.132034241779663,1.34255158661529e-06,0.414901523345561,0.0269412120871531
"TCGA.AG.3574.01A",0.0528539650456882,0.00395651777749071,0.00128541806402,0.229145792746002,0.00158142102083122,0.0161353286992544,0.00125356073725645,0.000259783423993181,0.0908810035973753,0.00174539928876789,0.6008815652275,2.02443718203181e-05
"TCGA.AG.3605.01A",0.139362862194729,0.0113451275484699,0.00154842756968235,0.315194302205949,0.000771622258055681,0.0131424553036286,0.00894083450473336,0.000432390116287243,0.0512935439497727,0.0037219574108941,5.89943053694456e-06,0.454240577507262
"TCGA.AG.3731.01A",0.25375560527274,0.0284104919183039,0.000269995364774079,0.129461386347743,0.00132386663519218,0.0658344222550866,0.0184515623424573,0.00261354801686987,0.115560882732005,0.010339350611002,0.373939688477835,3.92000259904975e-05
"TCGA.AG.A01J.01A",0.0460672681189346,0.00827161255630206,3.09262224723681e-07,0.591107661641192,0.000627587438931139,0.0058973538150067,0.000106189356683006,0.000961202136821477,0.0529418788050062,0.00332775611827042,0.0325542518920839,0.258136928858543
"TCGA.AG.A01N.01A",0.0417801198796581,0.0011167484137929,0.000788087907300126,0.647297703679235,0.000411976627759155,0.0151135273750002,0.00074068542909471,1.70644478499578e-05,1.01252059147731e-07,0.000771864471365038,9.71051604555642e-07,0.291961149465281
"TCGA.DT.5265.01A",0.0703123190308914,4.58761970197111e-06,0.00250221503401061,0.132585504773631,0.000485982739861737,0.118445158099107,0.00706715435828547,0.000662470384266457,0.122782412224651,0.000931563016031984,0.544177182001114,4.34507184476883e-05
"TCGA.AG.A00Y.01A",0.146935292588253,0.0111911347041141,0.00060546537225585,0.623135938834913,0.000350115965048136,0.00578590920125602,0.00434819494541783,0.00188070220117967,0.0243144482179313,0.00365730625370998,2.48142712134329e-07,0.177795243573209
"TCGA.AH.6547.01A",0.548674584815714,0.0242057696255481,0.00696300003595491,3.2646149477565e-06,0.000702358641685622,0.0439343037325644,0.0190716224129742,0.00495686850958922,0.139853193666404,0.00632315078275404,0.20529896602908,1.29171327844957e-05
"TCGA.AH.6549.01A",0.0783429116555186,0.00866476537951749,0.000751606636602043,0.615520511326251,0.000824890106681941,0.0433257576932736,0.0144271921871729,0.000466201387968149,0.139685893241465,6.96875676781817e-08,5.80636595997895e-07,0.0979896200613863
"TCGA.AF.A56L.01A",0.0930343332052059,0.00670560514856918,0.000878484888641349,0.765695165281224,0.000529204243826963,0.0281402742110765,0.0027013092717286,0.00140844371839809,0.0507132818142315,0.00190013871609901,1.3551006423676e-07,0.048293623990935
"TCGA.AG.A036.01A",0.0692642544835215,0.0110700209576725,0.000372406230379359,0.851408357036972,0.00038726474809366,0.018034273395719,0.00258254875710811,0.000488144318483244,0.0218202874968614,0.00342549835092772,2.50263285733695e-05,0.0211219178956886
"TCGA.DC.4749.01A",0.136832679768942,0.00926523263454914,1.51190477667638e-07,0.510569132061562,0.000172568766487378,0.0243766155147983,0.000575967561681497,0.000105366144224515,0.0817604002729589,0.000493620033725819,0.0746009353130803,0.161247330737513
"TCGA.AF.2687.01A",0.0497159782781092,0.015149859537817,6.04729938525199e-06,0.00113842555738891,0.000852982138494948,0.127134649108488,0.0172332469055578,0.00342106112268471,0.112132688509388,0.00795893559154653,0.665256110084541,1.58665980583232e-08
"TCGA.AG.3883.01A",0.136078772957567,0.0207640021382201,0.000355591862002871,5.98044305646252e-06,0.00270804910587466,0.110312399858319,0.0269579133763647,0.0078193366103851,0.171390129466059,0.00445337905558113,3.15678304716662e-07,0.519154129448265
"TCGA.CL.4957.01A",0.102234296950689,0.00628198550241257,0.000260853146273662,0.605725606493781,0.000530866417728581,0.0189523762164859,0.000578319903288486,0.000329437400614007,0.0436993124212916,9.11338879928871e-05,3.80499654496984e-05,0.221277761693992
"TCGA.AG.A01Y.01A",0.310922701773995,0.00958532708876195,0.00175806221647377,0.251312827674781,0.000309781538630076,0.0233090875262524,0.00814230497058952,0.000386593600011206,0.049043750335703,0.00416660596269734,0.341062949976337,7.33576776893669e-09
"TCGA.AG.3890.01A",0.555635619617959,0.0244100701394627,1.34126871504889e-05,0.211260743751013,0.00110020021408379,0.0293192365173642,0.0132984755596077,0.00113922098944201,0.152320516294041,0.00779685260673993,0.00368514819608861,2.05034270461259e-05
"TCGA.AG.A011.01A",0.140371056466114,0.0120389692129842,4.7727944726462e-08,0.336272829815537,0.000645107848259676,0.0139349215964509,0.00424594402892439,0.000709216536150994,0.113813767004071,0.00122340086110436,0.0247735225166973,0.351971216385762
"TCGA.AG.3592.01A",0.158932832138057,0.0165661615340084,8.27401421740756e-06,0.470384464753603,0.000321669533507042,0.0191537374864646,0.00609067722446104,0.00138486290190193,0.0580483372093016,0.00333474854363619,8.94988673822069e-07,0.265773339672168
"TCGA.AG.3892.01A",0.380184388118016,0.0406729531681687,0.00790048647542529,0.286639316490572,0.000551031617346127,0.024554551019847,0.0211129354690497,0.00116368839773713,0.218902410483604,0.0183134064886435,3.25117201420973e-06,1.58109957654732e-06
"TCGA.AF.A56N.01A",0.110822142832761,0.00902912710671347,2.48375548662465e-05,0.216481923394763,0.000568387003794817,0.0329860189505162,3.46896491076289e-07,0.000639402216886675,0.137985513261597,0.000642794263731951,0.490545958578415,0.00027354793946298
"TCGA.EI.6513.01A",0.0705085733955607,0.00749954126228131,0.00189501838859244,0.728563842826776,0.000222722507690548,0.0246488357203103,0.00295201278448112,0.000268834169701077,0.0482410152626346,0.0025025626661752,0.112660941711968,3.60993038281005e-05
"TCGA.EI.6882.01A",0.256846449126256,0.0111484678850014,3.46627051073886e-08,0.177747601686812,0.000394194636830384,0.015911506112843,0.00421420067457304,0.00158226865162388,0.13385996592666,0.005394117959276,0.392901189676793,3.0006265313316e-09
"TCGA.F5.6812.01A",0.110913949707121,0.0158785421604339,0.000355886266768347,0.525738813694522,0.000777290330608344,0.111412451013717,0.00706926538235387,0.000484228097340302,0.0738904186066567,0.00308920973019914,0.150318040803602,7.19042066769472e-05
"TCGA.AG.3726.01A",0.106212242153712,0.00753085832914422,0.000788489519680183,0.198514255116659,0.00135869492732343,0.0256314708916037,0.0116276606157687,0.00133011412287991,0.253862856999018,0.0015487235366029,1.67110225695863e-07,0.391594466677381
"TCGA.EI.6917.01A",5.74695604420243e-08,0.0133868940586037,0.000881263367453175,5.46167951018603e-08,0.000330240661114338,0.0400538441203432,0.0187112007997585,0.000270097030395948,0.0876961019587344,0.0022585028093221,0.83641137189093,3.71216988948174e-07
"TCGA.AG.A02X.01A",0.0836814009286483,0.00490498486117828,9.40045442085698e-05,0.564218867917921,9.68607680466476e-05,0.00390100846499895,0.00159925812984001,0.000302414304723843,0.0272160622535617,0.00182059076393663,5.57977976812783e-07,0.31216398908496
"TCGA.AG.A015.01A",0.0396861242776042,0.00483906212315374,1.98112158316825e-08,0.289982897453142,0.000100224625945656,0.00608081041936182,1.36834829856815e-09,0.00029515986441144,0.0734641103814724,8.02748555819321e-05,0.144626143164295,0.440845171655468
"TCGA.AF.2693.01A",0.253629282023678,0.016792336797055,2.66414686557103e-05,0.601638737478608,0.000573978908266445,0.0251286671448107,0.00726602581942603,0.00414797775646708,0.0875797862275181,0.00318355523198403,2.91893026830778e-05,3.82184084762729e-06
"TCGA.AG.4022.01A",0.0151851915518225,0.010424710911003,2.13885569860946e-05,0.168392217180251,0.000189193609927743,0.0308311124814945,1.44935564649617e-09,0.000910138092056114,0.0531868561443737,0.00104648024664185,0.71981263187492,7.79011686054931e-08
"TCGA.AG.A008.01A",0.0808813247317232,0.00934987104435543,3.73932701969631e-09,0.682907057566737,0.000256723529773098,0.00419974888370923,0.000633134186364898,0.000128401915726632,0.13694181161004,0.00153112645194584,0.083162849616693,7.94672360463404e-06
"TCGA.AG.3582.01A",0.14417436260249,0.0177869953695758,5.15815876037909e-06,0.652249697603169,0.00030586719245735,0.0353106803401146,0.00947494389778288,0.0023559092158409,0.105826677040276,0.00172730933436072,9.89384564688932e-06,0.0307725053995255
"TCGA.G5.6233.01A",0.147942070347332,0.00793462622284856,5.95984366670866e-07,0.706355575930666,0.000806125439541107,0.018027561757996,0.00643447989846034,0.00325000155705168,0.108359289295308,0.000826163432015694,1.38097583774746e-05,4.97003760356513e-05
"TCGA.AG.3742.01A",0.0490916602516709,0.00588719970308089,4.21874158836835e-08,0.26150733308527,0.000315973811391494,0.023507464664169,0.00221164104943557,0.000463997232729193,0.087835197913507,0.000628094359521163,0.210299086048356,0.358252309693453
"TCGA.EI.6509.01A",0.0233911243610915,0.000120210761873093,8.45456807230278e-05,7.01268210808568e-07,5.55185330229013e-05,0.0220694216674372,1.11417288837113e-08,1.17364629539248e-07,0.188855312402013,0.000138880778009647,0.525514129864936,0.239770026176325
"TCGA.AG.3602.01A",0.121274699809317,0.0109759091695405,0.00382687262479364,0.408041679037919,0.000777691665062649,0.0515028987120742,0.00461584690082087,0.000898610997931702,0.136111030119937,0.00367365457514942,0.258294742237671,6.36414978300755e-06
"TCGA.EI.6506.01A",0.382837267710479,0.0228930309352689,2.40036412315451e-09,0.307219987755894,0.000752706221932292,0.0227928849411561,0.0132455812576406,0.00658507312532768,0.238105413888328,0.00556586052640096,1.84638294453201e-06,3.44854263391384e-07
"TCGA.CI.6622.01A",0.0880233531593608,0.00173227639707983,0.000439213634460729,0.551609476479451,0.000370211144455308,0.0134328675993255,1.08451181154756e-08,0.00126380184113935,0.130149957003921,0.000630945911036583,0.212347183533192,7.02451459660091e-07
"TCGA.AG.3901.01A",0.0758636350458233,0.0243239759611795,1.38576814081973e-05,0.00770252273764868,0.00153886772960715,0.126076488733609,0.0181725443070193,0.00459934531076331,0.169103203741806,0.00330547003659603,0.569287200845457,1.28878690830467e-05
"TCGA.AG.3894.01A",0.0671619332585662,0.00361581914781499,6.22460458387165e-06,0.467955614552806,0.000440445819721098,0.0160898912290866,0.00151589228928724,0.000699214151345274,0.0614960053486848,0.00141297585265965,0.379605835299281,1.48446162708032e-07
"TCGA.AG.4015.01A",0.137759347346733,0.00808057825467096,0.000149420535387494,0.666532627727761,0.000352795936014777,0.0190050070349572,0.00564204928912946,0.0012072637202109,0.13091711098071,0.0027988338910994,5.01115252529517e-06,0.0275499541308004
"TCGA.AG.3727.01A",0.141278024002869,0.0026072156658654,0.00121361080285126,5.12242473759953e-05,0.000918250913037273,0.0301239932920836,0.0151009527668932,0.00199707315973268,0.142976162421294,0.0019219404777164,1.53945474312058e-07,0.661811398304806
"TCGA.CI.6623.01B",0.102616108645845,0.00701200310527389,6.40632564540535e-05,0.484208024426276,0.000560106286921368,0.0171861181970773,1.07869333786611e-08,0.000559149126805242,0.114874849511408,0.00209222994626826,0.270802077120647,2.52595900903146e-05
"TCGA.AG.A02G.01A",0.0913979460615714,0.00777139479582694,0.000275017903019383,0.699105144362485,0.000454152651022468,0.00940952851489666,0.00324942347366786,0.000501153309754744,0.0517359896725179,0.00426039665529054,2.35530821897942e-07,0.131839617069125
"TCGA.AG.3578.01A",0.129464580906915,0.0197289665269217,1.20579710109555e-07,0.37541363386433,0.000407944422367954,0.0247629904788103,0.0111370351846353,0.00214848076203346,0.160795257332972,0.00297477699306498,0.000116788200680008,0.273049424747559
"TCGA.DC.6681.01A",0.0942259209157921,0.012551001089398,9.05364924110083e-07,0.512249960856793,0.00119270782981521,0.107939673269955,0.00328376030696508,0.00124137569883186,0.106140102697154,0.0010746799759599,0.160093061934077,6.85006033484233e-06
"TCGA.AG.3732.01A",0.408251332172884,0.033395462264865,0.00114079290130033,0.381081420917335,0.000500293498368467,0.0205368973440313,0.00487615730090953,0.00489107021592895,0.0433121878719178,0.00627313778388104,4.25947873891589e-06,0.0957369882498405
"TCGA.EI.6885.01A",0.0527282889908342,0.0191953909547749,7.58334985465417e-07,0.304123363021697,0.000580409475902784,0.0426749225403292,0.000659709925820904,0.00109430960231603,0.0784400969703851,0.00266971782900891,0.497822370502485,1.0661851460129e-05
"TCGA.DC.5337.01A",0.109283892026345,0.0279153014501238,0.000516937564905019,0.422629765986703,0.000367824980284325,0.0291947999111011,0.00229823951330007,0.000146057973603812,0.0819234584700822,0.00199512613530048,0.137507337922697,0.186221258065555
"TCGA.F5.6863.01A",0.0462856531020187,0.00386879111846235,0.000796653984374328,0.208479787664923,0.000669824989059028,0.138678546383861,1.15776550763619e-06,0.000116533672511344,0.113718626248031,0.000353863541104109,0.238600371014348,0.2484301905158
"TCGA.EI.6510.01A",0.297947767102109,0.0110798032928644,0.000748749127900114,0.197216674795524,0.00021987597915507,0.00275075833713498,4.23019321631676e-08,0.000463063160795262,0.0692124088668042,0.00221528912301063,0.197153049405416,0.220992518507354
"TCGA.AG.3587.01A",0.0913644695207208,0.017999070969088,0.000234753126607519,0.423110843299909,0.000585281095249308,0.0299373657122226,0.00777436692493197,0.00112503518554191,0.0427558241485349,0.00279456366121315,4.18103960330201e-08,0.382318384545585
"TCGA.F5.6464.01A",0.000182459303541405,0.00789802123987613,0.00606257353620488,0.00493297101904526,0.000789566177657918,0.101940645600168,0.00803885273710653,0.00168887485684745,0.0605568131869638,0.00465324853091207,0.803238220669675,1.77531420018989e-05
"TCGA.DC.6156.01A",1.89636195355206e-06,0.0088293872620251,0.0145808745237199,0.000480208728538636,0.000431787006686396,0.0772772031672821,0.0146647979315793,0.00111142022456383,0.109585866480482,0.00783466773259196,0.765181425222841,2.04653577362261e-05
"TCGA.AG.A016.01A",0.0581223269131284,0.000354721887938117,0.000233894397828369,0.691710893499771,0.00045508414646862,0.0103040047651739,3.00188870093532e-07,0.000212703410230273,0.0882037544358013,4.98280226664772e-06,0.088997739961628,0.061399593590895
"TCGA.F5.6810.01A",0.0682760027281231,0.0121754115659655,1.34164564483467e-07,0.498690393553427,0.00130224475325836,0.152743873362174,0.00275539236339162,0.000746126268592304,0.12010006126416,0.0020908151664378,0.141077037549367,4.25072605393983e-05
"TCGA.F5.6811.01A",0.114551204229756,0.0137540001985568,0.00153518348630187,0.1712140173603,0.000328487665114759,0.0895761370331986,0.00896574237580048,0.00139612021756618,0.170466571172618,0.00116556851488517,0.427046698481213,2.69264689296895e-07
"TCGA.AG.3584.01A",0.209245447181067,0.0175379856104864,0.00040285860689096,0.504364761012838,0.00115215478508787,0.0412590924830744,0.0214120690860627,0.0033982038687828,0.195157247938885,0.00606204446001336,7.51131537789704e-06,6.23651433798517e-07
"TCGA.AG.3898.01A",0.0484295213923793,0.0103136389045984,0.00282516555122616,0.661336296583699,0.000867019891079866,0.0457438743029014,0.00859898229028458,0.000724886481453257,0.212067200050721,0.00213777584476196,0.00695558072117904,5.79857161254019e-08
"TCGA.EI.6884.01A",0.333731610918989,0.0239771854907541,7.29487961547917e-08,0.234074401004375,0.000953664465915746,0.0472971584796963,0.0123776340877222,0.00337851381748395,0.134356210738652,0.00630249149176637,0.203535930157395,1.51263984551808e-05
"TCGA.AG.A002.01A",0.039396710892551,0.00038323467047513,0.000419202455687079,0.0545690752880974,0.00908425748013301,0.0109620519906056,2.76945113521869e-08,0.000553422422140918,0.341681349949833,7.20490738583674e-05,0.489342532487052,0.0535360855950553
"TCGA.AG.3725.01A",0.0768016183483711,0.0122867003630489,1.31129830225356e-06,0.238837076424375,0.00015111603754483,0.00666405242271541,1.60227750246235e-09,0.000475693751694828,0.0782842815970295,0.00277836398578181,0.246437768221931,0.337282015946927
"TCGA.CI.6619.01B",0.161773430703877,0.019659187039744,6.17309140711229e-07,0.493100401476531,0.00143600294103903,0.0198881682887743,0.00533502959291599,0.00445652457985766,0.184707060631232,0.0036451573090437,0.105982767850974,1.56522768713699e-05
"TCGA.AG.A00C.01A",0.077404583330788,0.00919897860872414,1.71828073580605e-05,0.255332233641547,0.00037889538171073,0.00519411794012991,1.9875658452274e-10,0.000131264766747604,0.0988915061582968,0.00125591062123549,0.191551511120563,0.360643815424142
"TCGA.DY.A0XA.01A",0.129168668181587,0.00507628956472219,0.000244593049130805,0.556413502735948,0.000163190784064096,0.0204767368694729,0.00193042536749527,0.000102937408244361,0.0560292442797442,0.00187778768407189,2.47150106811201e-06,0.228514152574451
"TCGA.F5.6814.01A",0.111470938524274,0.00738955752713036,0.0282717504251196,0.133666334567625,0.0010186877753488,0.0694122132087413,0.0464061167788811,0.000828903065449671,0.534586313592634,0.0263468598540668,0.040599868244539,2.45643619051162e-06
"TCGA.AG.3893.01A",0.117154515031214,0.0116029147315199,0.000100367677939837,0.525353348724308,0.00169436408519032,0.0585033386968665,0.0141910805086733,0.00106806664295778,0.253978544302411,0.0039954234602093,6.22597073448273e-05,0.0122957764313648
"TCGA.AG.3583.01A",0.216131852201257,0.0156182501122139,0.000595137811805615,0.406006283705991,0.000954372324677522,0.012138738751998,0.00592314753186094,0.000605945230111092,0.126753064742756,0.00176138468666862,2.97970436539665e-07,0.213511524930224
"TCGA.AG.A01W.01A",0.0778077925020664,0.00433662231496091,0.0033976214082902,0.731062572665955,0.000297230808530213,0.0071390563570684,0.00184874989789741,0.000450548894760694,0.011009612887718,0.00211032616412323,0.160539863238645,2.8599842963843e-09
"TCGA.AG.A025.01A",0.0420149940503834,0.00497741786868703,0.000694103670857106,0.733056414683338,0.00161079939557419,0.0133252162978963,0.000506749303357463,0.000906730383733808,0.0769705561291798,0.00198290773210448,0.123786069333402,0.000168041151486375
"TCGA.DC.6155.01A",0.130678579654299,0.00711276249884687,3.61448444866866e-07,0.334942979550505,0.00128215341421273,0.0125061640247819,0.00227489395289374,0.00103516194589874,4.51911834655261e-07,0.00336399440005583,0.154508470846335,0.352294026351891
"TCGA.F5.6813.01A",0.236726414000256,0.0137229418818182,5.4093465562925e-05,0.459711641640599,0.00047542850632666,0.0503561992466899,0.0052882349875812,0.000917689472690349,0.0658673197781106,0.00557577821681759,0.161283095045265,2.11637582820911e-05
"TCGA.AG.A020.01A",0.096903791156938,0.0052948756022578,2.60217490086034e-05,0.717710220724955,0.000273866868136934,0.00489831123028811,3.56057673294273e-10,0.000180976829759505,0.0989419489931873,0.00271092765608983,0.0730590563252064,2.50811444816751e-09
"TCGA.EI.6511.01A",0.529137358948672,0.0197513293105433,0.0143495753177504,8.45865403286414e-06,0.000444884730831727,0.028487647209312,0.0245743309026092,0.000888132117724017,0.0738761856726778,0.0186921606126505,0.289789869680382,6.6842814127713e-08
"TCGA.AG.3608.01A",0.139256400594488,0.0247988767719253,0.000414015832620089,0.598568244552819,0.00127204157900229,0.0241270888050876,0.0180745147865014,0.00280801270711215,0.180309830648123,0.0103545455286812,1.43717284015831e-05,2.05646523829508e-06
"TCGA.AG.A01L.01A",0.0579129133795072,0.00499515560032474,6.38480958192963e-10,0.705112168429482,0.000605081036341028,0.0106267506984946,0.00184672024525466,0.00158706556868648,0.107114304936476,0.00285807490162623,0.107340711766476,1.05279885035871e-06
"TCGA.AG.3586.01A",0.0841898993414131,0.00983211603589635,0.00117499653469489,0.490001068239944,0.000576940281809443,0.0177639362801018,0.00712739129876808,0.00141589206716681,0.140037055532128,0.00433216946308505,2.93532511688427e-07,0.243548241392481
"TCGA.AF.3911.01A",0.0371482240673632,0.0107251944028843,6.20133095318775e-07,0.784707643586849,0.000540025440172393,0.0645747691030428,0.00588073061260591,0.00120018622413768,0.0936743532059944,0.0015440245957342,6.7421755524515e-07,3.55441056508219e-06
"TCGA.DY.A1DF.01A",0.0369902430862832,0.00167124464102474,2.72175089441831e-07,0.09747449771744,0.000362049292090488,0.0440664955990176,5.0554176465231e-05,6.55327976221877e-05,0.130881703190038,3.28622144402065e-06,0.178465043826024,0.509969077277461
"TCGA.AF.2690.01A",0.284187044836685,0.0318413596663597,0.00727789623030731,2.63275764590566e-05,0.00244575041277561,0.171321899638551,0.0512145382555439,0.0106999845751225,0.0882392500134412,0.00587727501078348,0.346865423533134,3.25025083618938e-06
"TCGA.EI.7002.01A",0.0749422591293046,0.00798675245606153,0.000549989257445517,0.717326994974342,0.000370881158430088,0.0522282424333039,0.00731252404659857,0.0010913265008609,0.0737510633684284,0.00114784060275253,1.20640538173157e-06,0.0632909196670899
"TCGA.AG.3593.01A",0.19280563621848,0.0287054362746557,0.00158503063795926,0.309573689974747,0.000348519052855351,0.0173880871572668,0.0151543784248438,0.000711776246663018,0.106794333777829,0.00387663562337128,3.399488584382e-07,0.32305613666247
"TCGA.AG.3600.01A",0.166456684178275,0.000733293924718946,0.0132412730954705,0.111770987357228,0.000940360298182431,0.0266129249360568,0.0265744001322494,0.0054104206514526,0.251583502929175,0.00688280514050712,1.21497241230751e-06,0.389792132384272
"TCGA.DC.5869.01A",0.0513104610302719,0.00349450560191246,0.00462250074916005,0.560741491526992,0.000391907732325526,0.0546134079605482,3.98336087224386e-05,0.000718572018327869,0.0752393534981283,0.00145298614795969,0.247354702281346,2.02778443056069e-05
"TCGA.EF.5830.01A",0.0780459921134817,0.00609719203819116,2.87122726491881e-07,0.417722185135394,0.000234777638106698,0.0124391604135774,0.00628684267573184,0.000669581940825089,0.0763155786651249,0.00477668669135001,0.00930818157264429,0.388103533992847
"TCGA.AG.3591.01A",0.144393914566403,0.0119047141515975,1.06601196390328e-05,0.271799025286932,0.000170272600000403,0.0163087536122641,0.00626965334086145,0.000561788157645694,0.103352312057454,0.00195565274772264,2.84165556575352e-08,0.443273224942925
"TCGA.CI.6620.01A",0.139538770811841,0.0120317551098594,1.8296722467423e-05,0.276359821149234,0.00123780574894614,0.0290543297354671,0.00243640959516559,0.0030590206198909,0.135352581646406,0.000757747854237106,0.210937792632854,0.189215668373631
"TCGA.DC.6158.01A",0.0782202586508863,0.025962924112887,0.00154826739179802,0.138336419816164,0.000545517173584667,0.0884531085428228,0.0109174936556288,0.00496474218655208,0.171849823409346,0.00472384550247788,0.474299353814047,0.000178245743805094
"TCGA.F5.6465.01A",0.0623362469834697,0.018798501808035,0.0060720282984335,7.24101530440625e-07,0.000585937380146394,0.0636525546832556,0.00980214818312089,0.00189536483495453,0.172536124582462,0.00488964298824479,0.659430678372746,4.77836013406502e-08
"TCGA.DC.6157.01A",0.050677794182481,0.00932696620110504,0.000320326549047465,0.873518298689245,0.000433334521127022,0.0188486020617552,0.00192949100062783,0.00105357084023177,0.0348054917209998,0.00138609038537207,0.00768246296063712,1.75708873708254e-05
"TCGA.AF.2691.01A",0.0497570634661634,0.0239278501555358,7.91250563598934e-05,0.488277818448894,0.000700581961956892,0.0417396423383453,0.0106802081077811,0.00159359167760849,0.109139618359923,0.00765554460332805,0.266416571019494,3.23848046089531e-05
"TCGA.AH.6897.01A",0.114389811847575,0.00922602174510858,5.97145408373465e-07,0.221971723357702,0.000163878993491964,0.00968427117700436,2.4138038976956e-08,0.000216359576395538,0.107642022786595,0.000200034623775088,0.184954033858111,0.351551220750794
"TCGA.CI.6621.01A",0.10714641976483,0.02612743186419,0.000503905041178179,0.655913442631989,0.000938152558907369,0.0353847817802095,0.0132515262917568,0.00226456861591055,0.132514313119618,0.00553719641235496,0.0204085402680426,9.72165101257177e-06
"TCGA.AG.3909.01A",0.133859653597357,0.0101265576518062,2.50013138274725e-06,0.505672587782571,0.000805844899148646,0.0180637204751723,0.00573528097719699,0.00206784570392198,0.0978961854482361,0.00203849998673671,0.223722718214984,8.60513148665505e-06
"TCGA.AG.3612.01A",0.25543753632976,0.0171031192096158,1.05286291635911e-06,0.486930754672956,0.00150233589727333,0.0437519434432487,0.0167917595524202,0.00353558173898713,0.171174437355464,0.00375427799967708,1.01096865939345e-05,7.09125108763255e-06
"TCGA.AG.4005.01A",0.170295272326699,0.0078553393157028,6.71153267743156e-06,0.534927962423561,0.000901044629500596,0.0465457246176002,0.0081167538472023,0.00232396910232317,0.215008147772704,0.00154199756311559,0.0124509483889584,2.61284799555048e-05
"TCGA.EI.6883.01A",0.185211421029727,0.0115747960785556,0.00390114052866428,0.511320046836831,0.00027604378545201,0.0256082247593692,0.0015583240902695,0.000199541985139707,0.0959157245533521,0.00621699532100836,0.158213923715234,3.81731639726485e-06
"TCGA.EI.6508.01A",0.0483761354319934,0.00619887001614515,0.000264306383819878,0.652670857651444,0.000355111993885884,0.0277329263032993,0.00428261041756478,0.000760532710394059,0.118463350118966,0.00127259570344726,0.139622668216593,3.50524474350682e-08
"TCGA.EI.6881.01A",0.0789069680107464,0.0120832607829583,0.000276678300263013,0.0981656769199725,0.000203049805042373,0.00760578570668925,1.74029475480409e-08,0.000267367484175814,0.172360028238345,0.000180869030086196,0.46508162215232,0.164868676166453
"TCGA.AG.3598.01A",0.0574484230007345,0.0133294662728009,2.71479949749514e-06,0.337213048759224,0.000393035312727324,0.012358553749762,0.00479196664888134,0.000401603187300417,0.0894024365352962,0.00481211200988696,0.479839997849626,6.64187426283628e-06
"TCGA.F5.6864.01A",0.183930936036064,0.017485743952197,8.70513108067188e-06,0.334756092288503,0.000758667924509727,0.119155669651391,0.00994649876721595,0.00120082215001145,0.0758839210523428,0.00313218051866666,0.253573564271844,0.000167198256173327
"TCGA.AG.4008.01A",0.112066347386788,0.00979119164039494,3.33162926602195e-07,0.376534761769341,0.00140915702744168,0.0608732832436863,0.00712717372994162,0.00207121164244471,0.17482647012777,0.00205081229764651,0.253246229776787,3.02819483182969e-06
"TCGA.F5.6571.01A",0.109925080975521,0.0335011121711968,6.8511730722995e-06,0.422965992679308,0.000387638961891273,0.0658848751408154,0.0126112381266305,0.0019574556033402,0.190373735366536,0.00485935147760086,0.157478848331073,4.78199930146518e-05
"TCGA.AG.3601.01A",0.0880041371702824,0.00117214325989931,0.00187929514414807,0.480102928980081,0.00123810314828405,0.0285109596083451,0.00624567637585194,0.00057420217624847,0.123278084395502,0.00121450142488598,4.24869213835354e-07,0.267779543447259
"TCGA.AG.3609.01A",0.246954871039005,0.0274778194632266,9.60956971965348e-05,0.276933797514191,0.00228378717677357,0.0717641588525038,0.0223582789599882,0.00247852550384188,0.337579204847296,0.0117495662877488,0.000303910719008097,1.99839392205022e-05
"TCGA.AG.3887.01A",0.185852613984249,0.0212872269949386,7.61044145167047e-05,0.371153009590339,0.00110978546430346,0.0219574672585663,0.00482006664057263,0.00100749633444321,0.173245797670186,0.00697194748149601,0.212459115791868,5.93683745207674e-05
"TCGA.AG.4021.01A",0.0204966960587534,0.00637113513781066,1.92252913376488e-06,0.163202130220815,0.000360390583863307,0.0569473418268789,0.00417210254697013,0.00052142050451977,0.207620698929746,0.000114431297768673,0.540140587211489,5.11431522512071e-05
"TCGA.AG.A023.01A",0.13364478935044,0.0139184294392582,3.54728811861453e-05,0.758137146021283,0.00122219956700554,0.0368514635979872,0.00123835413216506,0.00118739163402809,0.0511122484346354,0.00261820337988706,5.86504156501414e-09,3.42956970826965e-05
"TCGA.EF.5831.01A",0.0796778351531422,0.00955268130834785,3.38960146871042e-05,0.706970715139075,0.000228498293697935,0.037917626680863,0.00734859806802652,0.000484130939339869,0.122213612187525,0.00145163949037916,0.0341158308028953,4.93592202078731e-06
"TCGA.CL.5918.01A",0.0371208500194468,0.00574767508474472,0.000631765602082959,8.56455909588907e-07,0.000126445986865302,0.00749950020127147,4.83228562808889e-09,9.88257200801396e-05,0.170145574585613,0.00039181005422376,0.263734849972096,0.51450184148538
"TCGA.AG.3885.01A",0.296865127802309,0.0175744018982296,3.69310133932032e-06,0.314708676729501,0.00224649239049207,0.0192634216528314,0.0204145463100584,0.00900649042813405,0.312937946376988,0.00697823723848349,7.28730003680223e-07,2.37341630504185e-07
"TCGA.AF.5654.01A",0.0560894516044435,0.00394317565789921,2.39205399494207e-10,0.30775475802293,0.00019397186969094,0.00721102406092141,0.000245032649753691,0.000193078551371045,0.0547005705230231,0.000342987033215777,0.146260394454649,0.423065555332898
"TCGA.BM.6198.01A",0.207088829037936,0.0204592259161583,1.98189195183018e-05,0.598803223353504,0.000584408682900279,0.0280441100962369,0.00851716429456253,0.00182989197394052,0.12459058560741,0.00630405222945336,0.00375186650722523,6.82338115418087e-06
"TCGA.AG.3728.01A",0.509998856841349,0.0431174297697318,1.58205132900327e-05,1.74241947032611e-06,0.00273692563828085,0.0683764701046718,0.0434280920619882,0.0130016712031613,0.105663891400007,0.00908904650236373,1.76724777709267e-06,0.204568286297908
"TCGA.DY.A1DC.01A",0.0833448562150587,0.00703908257482099,0.00033520335984765,0.747470155251251,0.000224461424675526,0.0254721333103626,0.00322958543734694,0.00103159459928265,0.0586893704100688,0.00106571484239403,3.64155898140157e-06,0.0720942010159093
"TCGA.EI.6507.01A",0.124696453651027,0.00827567638167485,0.00908634639865186,9.73900936699711e-07,0.000280435930171268,0.0463130907465725,0.0144450820176424,0.000129068384558231,0.142448643689788,0.0158838051691991,0.63840945217544,3.09715543383479e-05
"TCGA.DY.A1DE.01A",0.102920405542388,0.00984280187427323,0.00148334234485121,0.634438560143694,0.000480093762565802,0.0584933946797496,0.00777421118924331,0.000821833178327519,0.0619028498329533,0.00220575182341343,2.52401955685939e-06,0.119634231608984
"TCGA.AG.3594.01A",0.180944755718887,0.0511374232654096,0.00707863538339207,0.45175953421456,0.00101631975509779,0.0152949908988586,0.0279383378116508,0.000814030554964243,0.23187290365909,0.0265299968394285,6.04855494033916e-07,0.00561246704316714
"TCGA.AG.A00H.01A",0.0483622464905922,0.000832431321023808,0.00260823753706411,0.542123642711549,0.000876370798157666,0.0459434049974739,0.00172599431643998,0.00105149599618872,0.089474100909837,0.000927690808050475,0.136389734818461,0.129684649295163
