,B Cells,CD4 T,CD8 T,DC,Endothelial Cells,Fibroblasts,Macrophages,Mast Cells,Monocytes,NK,Neutrophils,Cancer Cells,cancer_type,algo,reference_dataset,sample_id
0,0.0003092638257869,3.25714964484467e-08,1.76947062912917e-08,0.326929957411553,0.0053219166827454,1.26057096769434e-07,0.0001186399787695,1.51116749317668e-07,5.89811780256795e-08,9.02204420152585e-08,0.66731952276754,2.2269193655048e-07,KICH,EPIC,luad_kim_05,TCGA-KL-8325-01A
1,0.0004229380891383,1.77613731801613e-05,1.50569511623382e-05,0.123136458673345,0.0068961171854421,0.0003738865865227,0.0018726287188258,1.37019914388273e-05,1.11821586226589e-07,0.0001040240326041,0.37273140703602,0.494415907540734,KICH,EPIC,luad_kim_05,TCGA-KO-8411-01A
2,0.0005938824251981,1.212587491299e-05,0.0001216545202795,0.181074838462744,0.0114505323091216,4.726780468143361e-09,7.36244696965473e-06,6.34486577075225e-05,2.47552622367368e-08,8.30556086560998e-05,0.618838785611473,0.187754284600895,KICH,EPIC,luad_kim_05,TCGA-KL-8331-01A
3,0.0001160140261765,0.0003556855313168,0.0001883693664854,0.0320898286157727,0.0093631202252498,6.577157431953871e-09,0.0031090921228078,4.56987980601463e-06,3.24411019498714e-08,0.0005916823823259,0.0805952054313529,0.873586393400447,KICH,EPIC,luad_kim_05,TCGA-KO-8409-01A
4,6.74649634098332e-05,0.0001098048555914,0.0012164411760579,0.15137667907435,0.0077195819012098,0.0012333475008927,0.0051006512481907,8.18150977439745e-05,3.79984565078408e-09,0.0003955111188954,0.300837339449551,0.531861359814262,KICH,EPIC,luad_kim_05,TCGA-KM-8439-01A
5,0.0002918445993002,0.0002770522454342,0.0025491381006035,0.189574659713938,0.0129985335650768,6.15669894266455e-06,0.0020800057643006,3.40467441566532e-06,4.67099999941087e-08,0.0001381927056621,0.556165519055688,0.235915446166638,KICH,EPIC,luad_kim_05,TCGA-KN-8423-01A
6,1.22587955488479e-06,1.9511605452935e-08,2.41886018317763e-08,0.366082368514769,0.0115230755786136,6.785885603579121e-09,0.0009638549927066,3.21389673748465e-05,1.33740365247429e-08,0.0001831621488859,0.621213639328501,4.7072946494736e-07,KICH,EPIC,luad_kim_05,TCGA-KL-8339-01A
7,1.28987331433288e-07,3.96824461808507e-05,0.0001560675996882,0.261855231192955,0.0169315975138917,1.99273724416813e-05,0.0045667426976795,9.99868001161538e-05,3.97162800806754e-08,0.0002975382558337,0.677359892212119,0.0386731652054819,KICH,EPIC,luad_kim_05,TCGA-KN-8434-01A
8,0.0001811477506531,2.78401154583313e-07,0.0033484127030444,0.205702914824736,0.0167844054426932,5.54583228010351e-05,0.0041608706629698,1.67719150874583e-05,1.66824978441019e-07,0.0006095240403283,0.534545118996465,0.234594930115089,KICH,EPIC,luad_kim_05,TCGA-KL-8342-01A
9,9.79131467325105e-07,4.25724661043102e-09,3.51197405594375e-08,0.181026997836428,0.0313271534936569,0.0003282233449684,0.0041193225916495,3.03920780002612e-06,3.02153825125425e-07,9.90333923620306e-05,0.783094906064612,3.4062433885030202e-09,KICH,EPIC,luad_kim_05,TCGA-KN-8428-01A
10,0.0002782643426372,0.0001100527885616,0.0005060296728345,0.108302737734262,0.0131439466372873,1.25835748380004e-07,0.0028494495703399,1.43688924203613e-06,1.12594100920229e-07,0.0001574765461986,0.3096030123754,0.565047355013388,KICH,EPIC,luad_kim_05,TCGA-KO-8416-01A
11,0.000295935064736,3.4739992450814e-05,8.65488094618489e-05,0.198850839686768,0.0533736000346592,8.8865839629194e-08,0.003385295808282,1.63738224007322e-06,7.5925114293497e-07,5.96406992319522e-10,0.628150111033074,0.115820443474938,KICH,EPIC,luad_kim_05,TCGA-KL-8344-01A
12,0.0005180074204623,0.0004419128031352,0.0035707552301632,0.118648422999626,0.0424433074137352,0.003412031057516,0.016009207663712,0.0001003620951965,0.0013665784974646,0.0003751590357086,0.0224551408133317,0.790659114969948,KICH,EPIC,luad_kim_05,TCGA-KM-8441-01A
13,0.0001598834366119,0.0002479698228657,0.000118157799458,0.215077399493457,0.0327806472783772,2.28630103837207e-05,0.0019745222515711,6.4982967964043e-09,1.81374631398822e-07,7.33797806798873e-05,0.63618990325281,0.113355086000856,KICH,EPIC,luad_kim_05,TCGA-KM-8442-01A
14,0.0008117711713749,0.0006629363757668,0.000721510026972,0.137656061717607,0.0089286634493081,2.2238644348763103e-09,2.11095178083826e-08,1.88811961569651e-05,7.62559280077464e-08,7.73465402745368e-05,0.658751896899074,0.192370833034156,KICH,EPIC,luad_kim_05,TCGA-KL-8346-01A
15,0.0007069810455005,1.01125266559359e-07,0.0002255094573131,0.15505698528825,0.0059672516329571,4.74080190711313e-09,2.36124281224709e-08,0.0001152691949935,2.17099128656057e-05,0.0007266528861278,0.675023496414342,0.162156014689153,KICH,EPIC,luad_kim_05,TCGA-KL-8341-01A
16,0.0005890872904302,2.72265562644313e-05,5.90303301908407e-05,0.140249164758203,0.0106761126382999,4.58463796465356e-08,8.61357294187822e-09,3.63185974785653e-05,6.5027239298554e-08,0.000196416520556,0.469687510140334,0.378479013681051,KICH,EPIC,luad_kim_05,TCGA-KL-8330-01A
17,3.19068165746048e-05,0.0003475974940097,2.23911472805347e-05,0.125845326106288,0.0067002061141831,3.66317309691755e-05,0.0003527898185591,1.12636984745609e-05,5.19489727322437e-09,0.0003254295457906,0.412305028638244,0.454021423694729,KICH,EPIC,luad_kim_05,TCGA-KN-8431-01A
18,0.0003636091696749,3.996087442993e-05,0.0033864827320828,0.206583786875111,0.0153112738849462,1.25704111191193e-08,0.0083411881091201,8.0321580183784e-05,2.7153519490023e-08,3.60290532168235e-05,0.237501109819661,0.528356198177643,KICH,EPIC,luad_kim_05,TCGA-KO-8403-01A
19,1.92541273536936e-06,7.34826254971304e-05,1.34192396919681e-06,0.33002004412153,0.0405439779172487,0.0036411450566013,0.0130475532583564,4.67046409767342e-06,2.71103467117325e-08,0.0005393574042121,0.612126470003199,4.7022067088054305e-09,KICH,EPIC,luad_kim_05,TCGA-KO-8405-01A
20,0.0001898863404086,6.80250216572438e-05,1.53747163517052e-05,0.165668165743675,0.0142236649696679,0.0001167010206115,1.13206597107435e-07,1.52559947972898e-05,1.91062208745372e-07,3.81660334933664e-05,0.569569149261326,0.250095306629205,KICH,EPIC,luad_kim_05,TCGA-KN-8435-01A
21,0.0003396191190164,0.0030832312049565,1.59619971771308e-05,0.174442321973608,0.0082153168187259,0.0002994693712714,0.0013367494132047,9.42908095119107e-06,1.22025851195773e-07,5.71060597059265e-05,0.60752347871048,0.204677194225052,KICH,EPIC,luad_kim_05,TCGA-KN-8419-01A
22,0.0003293569181889,7.89075864416529e-05,0.0003105910514194,0.0979467888453393,0.0079890753471502,0.0001644936018582,0.0001999779648959,1.36694344712622e-05,8.66804873041333e-08,1.39849625830784e-07,0.346127130452842,0.54683978226728,KICH,EPIC,luad_kim_05,TCGA-KL-8337-01A
23,0.0018356535050464,5.05905839927164e-05,0.0008089278216884,0.199770485457389,0.013097514400244,4.62019025551476e-07,0.0016110773803326,1.42187003947187e-05,6.882811916994171e-09,1.6304482701290402e-09,0.622865495799102,0.159945565819525,KICH,EPIC,luad_kim_05,TCGA-KL-8332-01A
24,0.000284070820395,0.0009660578782865,0.0034649458294716,0.22778019196387,0.0251981595193909,5.81395251614189e-05,0.0091513683047814,0.0001204436284739,1.46855356076254e-08,0.0006638611885896,0.552980169147538,0.179332577508506,KICH,EPIC,luad_kim_05,TCGA-KO-8413-01A
25,0.000400729339494,0.0003329077397913,0.0002677793793834,0.130630042246445,0.0021972058129335,2.57612616747121e-05,1.5784862944195201e-09,7.27643839852578e-05,1.26085018545707e-07,2.23403882852526e-05,0.540721358075,0.325328983709502,KICH,EPIC,luad_kim_05,TCGA-KM-8443-01A
26,0.013054142144624,0.0043837229304605,0.0037548377592358,0.224460377013565,0.0509027546235477,0.0061135768988034,0.0072040842630624,1.00931475462979e-05,1.6357703574356e-08,0.0005306087319799,0.487622082004335,0.201963704125136,KICH,EPIC,luad_kim_05,TCGA-KL-8333-01A
27,0.0001791016230589,0.0001812426807796,0.0006843341665504,0.239806308835276,0.0265635936332517,4.09532844717208e-06,0.0046274509851408,4.9896198711735e-06,3.70521584255024e-08,0.0001008703697945,0.614916424855259,0.112931550850413,KICH,EPIC,luad_kim_05,TCGA-KL-8334-01A
28,3.01051348742901e-06,6.7877524132941e-09,3.52106995872435e-07,0.324233024604121,0.0676805715711238,0.0112913907026886,0.0374094618661926,4.47949052203454e-06,4.35874166384347e-06,0.000511850221078,0.558859880561017,1.61283335659926e-06,KICH,EPIC,luad_kim_05,TCGA-KN-8427-01A
29,4.33122627415462e-06,8.32415768382577e-05,0.0014965558565629,0.189237800946399,0.0141957421500507,1.144913159415e-05,0.0004747759389382,1.14296296591815e-05,4.56637597525721e-08,1.72967559386053e-05,0.663207771165685,0.131259559958301,KICH,EPIC,luad_kim_05,TCGA-KL-8338-01A
30,0.0001791863132756,0.0001679315985203,0.0044789574971553,0.151770198838057,0.0227503491923304,5.3316242140398105e-09,0.0043531793051297,1.88897379311831e-05,1.62185185066096e-07,0.0009571824901766,0.374849553184603,0.440474404326011,KICH,EPIC,luad_kim_05,TCGA-KN-8432-01A
31,0.000703039470218,0.0014215132845685,0.0005992614302971,0.211646127663412,0.0145926714966195,0.00017592492449,0.0025478230636556,2.06916640399553e-08,3.341116124659e-08,0.0002147967297372,0.636230167282367,0.131868620551809,KICH,EPIC,luad_kim_05,TCGA-KO-8410-01A
32,8.13865292562451e-06,2.16410850432926e-05,0.0004229094995653,0.121428558424016,0.0106520630647901,0.0021096294452012,0.0065885835021033,2.15661349243784e-05,3.5869551859137303e-09,0.0001137219558647,0.16888199227118,0.68975119237743,KICH,EPIC,luad_kim_05,TCGA-KN-8437-01A
33,0.0018976132553014,6.19182685929888e-05,0.0056978384199648,0.21172860532129,0.0267442746006611,8.96470539994898e-05,0.0047592620700693,2.12874867762607e-05,1.36793361557197e-08,0.0001840668894968,0.488872251915208,0.259943221039304,KICH,EPIC,luad_kim_05,TCGA-KN-8430-01A
34,0.0002117932665904,9.3611502718179e-05,0.0003556313071872,0.125524123099751,0.0155848134852989,0.0002141215379138,0.0013223437147066,9.48932030647527e-05,5.38486152149456e-08,1.98307644657092e-09,0.391687136451591,0.464911476599486,KICH,EPIC,luad_kim_05,TCGA-KM-8477-01A
35,0.0002656245247056,1.0604814785954e-06,0.0035558465131181,0.0797801314126578,0.0161366504870917,2.32986971198049e-09,0.0062919953405307,9.63856749913368e-06,1.26229559718525e-06,0.0017617373519875,0.0845249996853732,0.807671051010091,KICH,EPIC,luad_kim_05,TCGA-KO-8414-01A
36,3.57836251593385e-06,0.0026241945086917,9.93810507877547e-05,0.281695527780787,0.0137591347968946,1.78670215318921e-10,0.0003784875303198,1.19829980483648e-05,0.0029685057936379,7.95388271357447e-05,0.698379651686723,1.64857875792658e-08,KICH,EPIC,luad_kim_05,TCGA-KL-8323-01A
37,0.0002775628536884,5.36300888128671e-05,2.23179243329847e-06,0.133396164108759,0.0064545509223958,4.40441801071118e-05,7.22389018952233e-09,3.58541569091022e-07,2.3936777100673e-08,0.0001352985162501,0.558181542157906,0.301454585677411,KICH,EPIC,luad_kim_05,TCGA-KL-8328-01A
38,0.000103608306795,0.000142016272766,0.0028815470633725,0.147236291134794,0.0108546509817681,4.75045526371001e-06,0.0064961720379122,1.61656300850822e-05,5.63888730627263e-08,0.0002679058471823,0.272311825990184,0.559685009891004,KICH,EPIC,luad_kim_05,TCGA-KN-8426-01A
39,1.44986534649963e-10,1.25430763711878e-06,1.78881093310764e-06,0.368677153273593,0.0006304764953067,3.17906312331072e-05,0.0092915172096357,5.8563378590088e-07,1.11806746984091e-05,6.01453984260327e-05,0.621293345173909,7.62245855058456e-07,KICH,EPIC,luad_kim_05,TCGA-KL-8336-01A
40,9.513143080659051e-09,0.00070200611594,1.28943673645267e-06,0.189824861537157,0.0111325075937681,0.0002151959152699,0.0064943636019029,7.42409300339212e-05,7.868300249290731e-09,0.0004626222734651,0.791092833009641,6.22046423202614e-08,KICH,EPIC,luad_kim_05,TCGA-KL-8329-01A
41,0.0002446302189419,2.83459253316728e-06,0.0004953397742928,0.218838046699316,0.0118284875525556,1.68382356448559e-05,0.0025921204929894,5.4811573367251e-06,1.10340398773797e-08,0.000593446125422,0.599527858404382,0.165854905712545,KICH,EPIC,luad_kim_05,TCGA-KN-8429-01A
42,0.0005343187918395,0.0004583666745566,0.0004193052952428,0.099924312212132,0.0057899165623568,0.000845564291463,3.13674857453956e-09,1.55332543963681e-08,4.29314756169409e-08,0.0003098629996184,0.471852245908499,0.419866045662813,KICH,EPIC,luad_kim_05,TCGA-KL-8326-01A
43,0.0010033900747957,0.0004799347645679,0.0021283017993511,0.216905479635003,0.0103033738147175,0.0001327017395424,0.0085104439205743,1.16439467117174e-05,6.97404018544702e-08,0.0002705303695766,0.390556916253803,0.369697213940955,KICH,EPIC,luad_kim_05,TCGA-KN-8425-01A
44,0.0001141523158875,0.000523289734438,2.89203035671877e-05,0.0138835462406524,0.0087400736032314,3.1958949814144702e-09,0.0015382816112516,5.25683034124155e-07,6.74794374976619e-05,0.0001115883511455,0.010097786663766,0.964894352859634,KICH,EPIC,luad_kim_05,TCGA-KL-8327-01A
45,0.0002924767467794,1.18411126921024e-06,1.49634371131534e-06,0.23708327482091,0.0128884073805253,0.0004636935411915,0.0005224876631832,7.17377062006129e-07,6.04754855922088e-08,2.23832414443904e-07,0.748742867283642,3.11042382572326e-06,KICH,EPIC,luad_kim_05,TCGA-KL-8343-01A
46,0.000240886756346,0.0001835876725089,4.84029657087577e-05,0.123893845637136,0.018910877753878,6.57368256543073e-08,0.0003837337281947,2.01957576248573e-09,1.96345930855448e-07,0.0003215860191593,0.424080708221605,0.431936107143131,KICH,EPIC,luad_kim_05,TCGA-KL-8324-01A
47,0.0002778846133262,0.0016278113234999,6.9867507451935e-05,0.148650190740065,0.0350039448251016,0.0002225302281413,0.0069820389474812,2.86682332191782e-05,3.26930717785545e-07,0.0003863840633534,0.120238873154741,0.686511479432902,KICH,EPIC,luad_kim_05,TCGA-KN-8433-01A
48,0.0004685490471008,7.19692814086485e-05,0.00119990999843,0.115890798086184,0.0119322100023207,8.16257880128043e-09,0.0003964266353041,3.93932904200219e-05,7.124292325022e-08,2.84809960486864e-05,0.396514944853598,0.473457238403682,KICH,EPIC,luad_kim_05,TCGA-KO-8417-01A
49,0.0002113209413857,0.0015041570838217,4.10326489845694e-05,0.212869263498848,0.0076429796444975,0.0027033448380754,0.0041932373801763,0.0006489567069852,8.14923006129314e-09,0.000632388395631,0.621982878620142,0.147570432092222,KICH,EPIC,luad_kim_05,TCGA-KM-8639-01A
50,0.0002166976405531,4.36387702105818e-07,7.83141960196209e-06,0.264831651145862,0.0239606027034113,2.3375578627755904e-09,0.0002814069842889,2.44235475254239e-05,1.71653945136973e-08,6.07341378585464e-05,0.710615040041946,1.15648829756794e-06,KICH,EPIC,luad_kim_05,TCGA-KL-8340-01A
51,2.66096492723694e-06,7.70934113208918e-07,0.0003222607229604,0.19404933936263,0.0706089845664826,0.146824611659156,0.250039075014435,8.79669625606151e-05,2.67565427772423e-05,0.0009190049750872,0.337106042247695,1.25260471755994e-05,KICH,EPIC,luad_kim_05,TCGA-KO-8404-01A
52,0.000223020890717,5.87242524847623e-05,1.34324343401847e-05,0.16200201742494,0.0038181943565019,0.0003083056225558,8.10819964569203e-10,1.85016153655312e-05,1.18875409825353e-07,3.34982625413806e-05,0.663455105900518,0.170069079553806,KICH,EPIC,luad_kim_05,TCGA-KM-8440-01A
53,0.0001343706389574,0.0001827938721514,0.0001481028938879,0.113965142404947,0.0059711038387033,0.0001271505363088,0.0006864951775077,3.34328826055523e-06,5.0672970506846e-08,0.0001040806433144,0.353720009486011,0.52495735654698,KICH,EPIC,luad_kim_05,TCGA-KN-8436-01A
54,0.0003076887983966,0.0002026827864415,3.81011975580593e-05,0.277907600804563,0.0139328874017046,4.1914147696751e-08,0.0057479880401952,0.0001299775038494,1.29142854031314e-07,0.0002738372013563,0.701455503188746,3.5620201864174e-06,KICH,EPIC,luad_kim_05,TCGA-KN-8424-01A
55,1.58428025949452e-07,1.3360387257322e-06,2.04701089131162e-06,0.2150833337789,0.0072416979419297,1.46079445267646e-07,1.4417094491342e-07,3.55991044594901e-06,3.68851361715366e-08,2.04296424225782e-06,0.777660426011162,5.07078015047081e-06,KICH,EPIC,luad_kim_05,TCGA-KO-8406-01A
56,8.49433168884657e-05,2.41462613906315e-08,0.0015598676711208,0.0976497762861464,0.0108576845856668,6.71345989213136e-06,0.0024574605706895,1.56081274439922e-05,1.41251539193448e-07,0.0001616412199198,0.234578849608878,0.652627289755553,KICH,EPIC,luad_kim_05,TCGA-KM-8438-01A
57,1.67313473858157e-05,1.96973122407623e-05,2.40185579228681e-08,0.147696890739664,0.0117603728297194,1.94041423921835e-05,0.0006539493468364,3.07658485542144e-05,2.07639509475509e-08,0.000146371761729,0.485409146771218,0.354246625117752,KICH,EPIC,luad_kim_05,TCGA-KN-8418-01A
58,0.0001716649626286,5.11714738678644e-06,0.0008599498370638,0.17554667248297,0.0237368041599057,0.0027791726053565,7.28311542109303e-06,1.61502381512074e-05,1.20323651409108e-08,6.47168513490785e-09,0.593066344446418,0.203810822500647,KICH,EPIC,luad_kim_05,TCGA-KL-8335-01A
59,0.0007178234867118,0.0002149275444136,3.87694822939209e-05,0.203282410909056,0.00870393245365,7.26333737585521e-05,0.0002497324856939,2.10030276324755e-05,5.28669303079675e-08,6.41469779672092e-07,0.733424286801791,0.0532737860982889,KICH,EPIC,luad_kim_05,TCGA-KL-8345-01A
60,0.0005783892347151,0.0017645834430841,0.0025346449314152,0.140079224548598,0.0182756591068121,3.37749220132692e-10,0.0032685467982348,0.0003901014259476,3.21811293554845e-08,0.000544467371384,0.41061515338845,0.42194919723248,KICH,EPIC,luad_kim_05,TCGA-KO-8407-01A
61,0.0003070299366538,3.60935173655108e-05,7.92443322576843e-07,0.165367453078583,0.0037201271829971,3.91384325985169e-05,1.25508977415021e-07,8.73430302190223e-10,2.08320806400181e-07,0.0001814689580477,0.802365419119672,0.0279821426275457,KICH,EPIC,luad_kim_05,TCGA-KN-8421-01A
62,1.09453131514598e-07,5.69717119323886e-08,7.296480955981511e-09,0.179819193999989,0.0064950206657724,6.85384304871526e-08,0.005396027049383,1.20756108092637e-07,2.67029103491854e-09,0.0002785740753291,0.808010754969194,6.35541786246136e-08,KICH,EPIC,luad_kim_05,TCGA-KO-8415-01A
63,2.13381030208445e-05,7.79998615871531e-07,0.0008368167481928,0.04223307651325,0.0191541642778479,3.8424436316600606e-09,0.0018208630726438,3.94180555015227e-06,1.14800498795139e-07,0.0001223114919315,0.11122913973095,0.824577449615055,KICH,EPIC,luad_kim_05,TCGA-KM-8476-01A
64,0.0012935080454447,0.0005097966123411,6.33977170352734e-05,0.15115484639593,0.0668809054147142,8.157242007408581e-10,0.0004201799317901,8.05223230236151e-05,7.11152848141654e-07,5.87758367827859e-05,0.629957076173003,0.149580279581363,KICH,EPIC,luad_kim_05,TCGA-KO-8408-01A
65,6.66988058193989e-07,0.0037783175312295,3.81849714826377e-06,0.406890619705367,0.0591457901120505,0.0051854319642333,0.0112690898416977,6.92565591694584e-05,9.21471759382473e-05,0.0012016535813654,0.512363206822191,1.2215512890468902e-09,UCEC,EPIC,luad_kim_05,TCGA-A5-A0R8-01A
66,0.0002359565017467,0.0002201244635513,2.42083005807269e-06,0.17577627645314,0.0931019407948437,2.70844651449616e-08,0.0025721101509105,7.12208830309064e-06,3.75494592510421e-07,1.45494529743368e-06,0.663564641977926,0.0645175492151657,UCEC,EPIC,luad_kim_05,TCGA-A5-A0G3-01A
67,0.0003008861170694,0.001353992013278,0.0094470025258404,0.182555240839006,0.0241683551163871,0.0048711934290881,0.0012917562663178,5.9009090217095e-07,7.444721703883611e-09,0.0006418157266073,0.633088210303295,0.142280950127487,UCEC,EPIC,luad_kim_05,TCGA-AP-A054-01A
68,5.65395956820618e-07,0.0005514187812849,0.0055400847038697,0.155630566636289,0.0834313800241696,0.0157536254619502,0.0100147403129643,0.0002613427064766,3.74389462329949e-06,0.0008878892243619,0.727912015706062,1.26271519911627e-05,UCEC,EPIC,luad_kim_05,TCGA-A5-A0GX-01A
69,0.0001359308676656,0.0018293977909186,0.0001393984008378,0.170995819963147,0.0318367385092875,0.0054056523933736,0.0001221414738063,2.35342706809734e-05,3.51407237914757e-10,0.0003024204293049,0.627917470386759,0.161291495162812,UCEC,EPIC,luad_kim_05,TCGA-DI-A2QY-01A
70,0.0518813966422431,0.026444733795936,0.0013978980911124,0.397992794242162,1.88535787002157e-07,0.017161903327853,0.0478201631990607,4.82728582475025e-07,1.68917681641607e-06,0.0038316737555879,0.453457241979817,9.83452504199914e-06,UCEC,EPIC,luad_kim_05,TCGA-EY-A1GC-01A
71,0.0003641270871101,0.0090298315932253,5.83282480982383e-06,0.326193776510908,0.0216265452537739,0.0084097564448219,0.0038652220890171,6.1984771307812e-06,3.30233062162317e-06,0.0006321709699291,0.629862627966747,6.08451906101658e-07,UCEC,EPIC,luad_kim_05,TCGA-A5-A0GI-01A
72,0.0007038429650749,0.0010496853553789,0.0006543171013236,0.163729026819529,3.47018331029191e-08,0.0176669614881699,0.0012733764061896,5.61291663757483e-05,1.99726108927444e-07,1.03932492228929e-06,0.6266614055778,0.188203981367294,UCEC,EPIC,luad_kim_05,TCGA-D1-A17S-01A
73,2.18416775545589e-05,0.0127960619257036,0.0016377544629704,0.311122176573392,0.0692355117360214,0.0224341201472017,0.0099534252340139,4.35579568917597e-05,1.50226214241339e-06,0.002128852669569,0.570624658692267,5.36662271375173e-07,UCEC,EPIC,luad_kim_05,TCGA-EY-A5W2-01A
74,3.65691538027797e-08,1.11109756397254e-06,3.72260447557819e-07,0.0660136139428568,0.0105331367344506,0.0030923880218957,0.0078102224391525,4.62102405389862e-06,3.67945400183689e-07,0.0007812644327002,0.911762674272585,1.91259739750557e-07,UCEC,EPIC,luad_kim_05,TCGA-D1-A1NU-01A
75,0.000209444755203,2.50436725446985e-05,2.27249974295112e-05,0.243384332137613,0.17628994967085,0.0055686938078083,0.0119410520843105,4.23345028982348e-05,0.0003806963219197,0.0011609349109188,0.560968047464642,6.7456738619638e-06,UCEC,EPIC,luad_kim_05,TCGA-BG-A18A-01A
76,0.0006488386078348,0.0066118391231065,1.44453393189716e-06,0.353129246721308,0.214854875905227,0.0194439838210791,0.0124094807499825,8.12338064717517e-06,2.28564370225571e-05,0.0012071306642674,0.391661568887137,6.11168456624205e-07,UCEC,EPIC,luad_kim_05,TCGA-AX-A06B-01A
77,0.00609040066775,0.0002907160830496,0.0428119842551068,0.272414707655463,0.010960192317944,0.005240134109631,0.0064841065225316,6.69907847236143e-05,1.87568572540892e-06,4.08432605058041e-06,0.478539510228028,0.177095297363997,UCEC,EPIC,luad_kim_05,TCGA-E6-A2P9-01A
78,0.0015934717304272,0.0223636096089563,0.0250958092575986,0.508992241612074,0.0796758366713435,0.0230461227491494,0.0264502235533146,4.06685629479991e-08,2.77500815722312e-07,0.0035215035278906,0.309260052905141,8.10214725935326e-07,UCEC,EPIC,luad_kim_05,TCGA-PG-A917-01A
79,0.0005869712823345,0.0068875851114268,0.0003506067678457,0.161583722178617,0.298129812016445,0.0121043849819889,0.0059733218072905,7.97185769242719e-07,3.44734173555553e-08,0.0011709249174459,0.356485014021848,0.156726825255571,UCEC,EPIC,luad_kim_05,TCGA-AX-A3FS-01A
80,3.64223688745988e-05,1.10858466601884e-06,3.19190160941309e-06,0.289020342995134,0.0198210746621794,0.0206081505660456,0.0120729566113612,8.29949131533161e-05,3.74106385145463e-05,0.0006275394342837,0.657688077618992,7.29705186140588e-07,UCEC,EPIC,luad_kim_05,TCGA-A5-A2K4-01A
81,0.0001823110145844,0.0013512583588914,0.0031179216273003,0.148331322123049,0.0110337837858529,0.0170464704925171,0.0060701636115096,1.21981161210554e-05,4.58333017614882e-07,0.0005312142287591,0.422952873475207,0.38937002483319,UCEC,EPIC,luad_kim_05,TCGA-D1-A1O0-01A
82,1.26280782363889e-06,0.0009257015435329,1.3653852263586e-05,0.316641494005207,1.01098289404622e-06,0.0302173274048222,0.010688706940305,5.80089009839228e-05,1.06581726274195e-05,0.0095788183774869,0.631862520672198,8.36339854941211e-07,UCEC,EPIC,luad_kim_05,TCGA-B5-A0JS-01A
83,9.41883945595885e-06,0.0016242361715389,0.0041608817473396,0.235921578685979,0.0219894842645193,0.0022872511691758,0.0019364287660466,5.96467744430983e-05,5.43899554350956e-10,0.0003560881782343,0.731654984733003,1.2636534531384002e-10,UCEC,EPIC,luad_kim_05,TCGA-AX-A1CE-01A
84,0.0014256771405728,0.0133779036838946,0.0026580524123708,0.372119936475728,0.0083329631766208,0.0034521077051964,0.0080488081233086,1.78615221343935e-08,4.134911899629111e-09,0.0005293060113632,0.590054934729929,2.8854458136879e-07,UCEC,EPIC,luad_kim_05,TCGA-D1-A17F-01A
85,0.0094432015732805,0.0134257765992382,0.0381135985927401,0.322292218677561,0.137018472834239,0.0018441129490975,0.0176387342254423,7.4145966195262e-06,4.96638501499465e-06,0.0091011171890698,0.451110339888243,4.64894538485801e-08,UCEC,EPIC,luad_kim_05,TCGA-EO-A3AV-01A
86,0.0109676923604442,2.12189903533483e-05,5.91084133180802e-07,0.779677207948387,2.30252252708748e-05,0.0508949091662437,0.0495447198770624,0.000133495341396,6.19718521092027e-07,0.0062489341098064,0.10248659389971,9.92278671703903e-07,UCEC,EPIC,luad_kim_05,TCGA-D1-A17B-01A
87,1.3783182162182e-08,0.0032510136048725,0.0117394442671019,0.333660210502765,0.0099383247271905,0.06122516128174,0.0195607120033505,3.97505896161227e-05,1.70133085235907e-07,0.0075877624979803,0.552996074886216,1.36172289902773e-06,UCEC,EPIC,luad_kim_05,TCGA-E6-A8L9-01A
88,0.0004421301200754,0.0059909358316329,5.94660831872303e-05,0.131308972873551,8.06247379808345e-08,0.0102056636278505,0.0046980160127237,5.3785122822933e-05,2.02685485799092e-07,0.0004717440337117,0.664707810437762,0.182061192546459,UCEC,EPIC,luad_kim_05,TCGA-EY-A547-01A
89,1.0825364508413e-08,4.66943364432956e-07,2.20206489961331e-06,0.289847240190379,0.0648297868878155,0.020394901316144,0.0244165972504191,0.0001469151960372,9.88949209252968e-08,0.0014809984245096,0.598880337885419,4.44120727552017e-07,UCEC,EPIC,luad_kim_05,TCGA-AJ-A3OJ-01A
90,0.0025055657210916,0.0074273643820672,0.0019427503405194,0.21557606766786,0.0522456011418723,0.0104682754745376,0.0035883979262648,2.58228919642616e-05,8.94682536039845e-08,0.0016698929800427,0.704550095391504,7.66140223023035e-08,UCEC,EPIC,luad_kim_05,TCGA-BS-A0TJ-01A
91,0.0012612201579641,0.0001205016239567,0.0001152457562324,0.340328519152997,0.0013376345723491,0.006039439660792,0.005946018774942,1.65517379418334e-08,6.31348501574842e-07,0.0006581802079447,0.644192578431301,1.37612806689055e-08,UCEC,EPIC,luad_kim_05,TCGA-BG-A0VV-01A
92,0.0077526745346487,0.0081374955534012,0.0091596447478172,0.281101602953297,0.0122371474207713,0.0102580717280163,0.0070350504400015,3.9488316234949e-05,5.35283977142297e-07,0.0004026443423351,0.609244447658716,0.0546311970207833,UCEC,EPIC,luad_kim_05,TCGA-D1-A16V-01A
93,1.42154714828838e-05,2.1405675762408e-05,5.99758716272071e-07,0.759717668033387,0.0479685762298381,0.0190592978746271,0.0280604705264291,1.94219280091237e-05,0.0034923457421974,0.0025195497613847,0.139126441141247,7.856918850126521e-09,UCEC,EPIC,luad_kim_05,TCGA-EO-A22R-01A
94,0.0164075121843094,0.0135838231733372,7.69935100496614e-06,0.237001102800844,0.0815186395062049,0.0224255133994154,0.0168594485805139,0.0004346572808897,5.42902469276447e-07,0.0019322580067953,0.609825877464833,2.92534938226153e-06,UCEC,EPIC,luad_kim_05,TCGA-BG-A0MH-01A
95,4.08770383573942e-05,0.0038950872938385,0.0014281314168239,0.240728320740033,0.0108824531452951,0.0072399398431124,0.0009138595840481,3.33592490675768e-05,1.58240624059845e-08,0.0005116224328401,0.734326309959306,2.34732156390278e-08,UCEC,EPIC,luad_kim_05,TCGA-EO-A3KX-01A
96,5.40266724030316e-08,7.63032972608128e-08,3.29772340790957e-05,0.23021940989236,0.0090525955948965,0.0128492877291429,0.0090549147505153,2.36456070146425e-07,1.55115455544472e-06,8.94801431743313e-06,0.738778663384903,1.28545919062104e-06,UCEC,EPIC,luad_kim_05,TCGA-AX-A0IS-01A
97,7.41299417471184e-07,3.51905741962919e-07,1.09640882071886e-07,0.290392204030373,2.37253075789778e-05,0.0074400051219966,0.0053912659863354,1.77362701498219e-06,1.10088231968386e-05,3.11048609409115e-06,0.696733541126542,2.16264482696799e-06,UCEC,EPIC,luad_kim_05,TCGA-EY-A1G8-01A
98,0.0019269526386075,0.0008915179858735,0.0007479146617142,0.119355574322905,1.91129982697557e-05,0.0142842146909454,3.83725205038209e-05,1.79642442088231e-07,1.14297705786331e-06,0.0002128228411783,0.48158740861301,0.380934786107492,UCEC,EPIC,luad_kim_05,TCGA-EY-A1GW-01A
99,4.7664788968563e-08,4.83104371914213e-08,8.39903142674161e-07,0.398935836237947,0.0243863020425828,0.0055397217214727,0.0104645339845273,8.88526740509136e-05,0.0142311860507591,5.13882753375925e-05,0.546300693083546,5.50051407806996e-07,UCEC,EPIC,luad_kim_05,TCGA-BG-A0RY-01A
100,5.98840055715832e-07,1.46098860340992e-06,1.92899897794032e-06,0.435579187349907,0.0622780906400801,0.0159726553439949,0.0144796800431645,0.0002639523694356,0.00015304034365,0.0004517047930395,0.470817067901981,6.32387109645462e-07,UCEC,EPIC,luad_kim_05,TCGA-D1-A1NY-01A
101,2.5753417961006e-05,0.001190067419241,4.94490157456292e-08,0.518709629977016,0.0420944995722172,0.0107905849958385,0.009533658963573,4.90416621049698e-09,1.07184241410489e-08,0.0006019615304761,0.417053774083253,4.9688180616784705e-09,UCEC,EPIC,luad_kim_05,TCGA-B5-A3S1-01A
102,0.0003975133420717,0.0028080043276739,0.0212586217367214,0.214474768672332,0.0815987337583082,0.0127896187021027,0.0193029841844157,1.14140819187137e-05,2.06164723953929e-07,0.000225812909074,0.605669563715487,0.0414627584051709,UCEC,EPIC,luad_kim_05,TCGA-A5-A2K5-01A
103,5.85904365978925e-08,1.06382503132247e-07,0.0010471508330917,0.216731852229825,0.0178372542672828,0.0108136356657913,0.0035662273285988,3.31668649194588e-05,0.00014597549692,3.69853797445884e-08,0.749824208461473,3.26893778538e-07,UCEC,EPIC,luad_kim_05,TCGA-AX-A062-01A
104,0.0692734720899508,0.0739819162197287,0.143644068866367,0.411329476981943,0.14803450935884,5.08755844311982e-08,0.129196076442015,3.61107372508549e-05,0.0029295460630506,0.0215741435989148,5.2509591653738e-07,1.03670438843441e-07,UCEC,EPIC,luad_kim_05,TCGA-A5-A0G5-01A
105,4.28172463632529e-08,2.67045411957009e-07,0.0008687067686231,0.292852237464887,0.0067919724718758,0.0036781494282692,0.0021433899643592,4.54117445671903e-05,3.09794896233233e-08,0.0001415414988009,0.693478220878057,2.89384125098305e-08,UCEC,EPIC,luad_kim_05,TCGA-AP-A0LH-01A
106,0.0001668879169931,0.0004888371458429,0.0001173987584621,0.248117865530477,0.00389776183583,0.0098659670767643,0.0033477661388485,7.91762147196198e-05,6.67222096303033e-05,0.0002847721162751,0.733551374680984,1.5470375172552e-05,UCEC,EPIC,luad_kim_05,TCGA-BS-A0WQ-01A
107,0.0001842027648681,0.0003250831349474,1.18395300025699e-05,0.01920137002306,0.0434034184756986,1.2943047210689201e-09,0.0007719563550239,4.99232500541705e-05,7.20985771128414e-08,0.0002870363658124,0.10729029598652,0.828474800721131,UCEC,EPIC,luad_kim_05,TCGA-FI-A2EY-01A
108,2.31316936603568e-08,2.14218523222667e-06,2.33015667122007e-06,0.202492071459182,8.51112966389694e-07,0.0088820822250085,0.0071222569421142,2.02073944598715e-07,8.26374843326959e-07,2.84692044703986e-05,0.781468510204193,2.34929680942025e-07,UCEC,EPIC,luad_kim_05,TCGA-EY-A549-01A
109,2.01179841987271e-05,0.0001178353537337,6.91348675229154e-06,0.224509426599773,0.0063735010217698,0.0136674221840931,0.006354389062759,0.0001206571071811,0.012894251924826,0.000843282684065,0.735091099063856,1.10352699191367e-06,UCEC,EPIC,luad_kim_05,TCGA-FI-A2D0-01A
110,0.000592363594801,0.0381043505072137,4.26984898948154e-05,0.146698461622635,0.104537716238123,0.0078700083473476,0.0094851875008017,0.000129293083542,9.74752730280515e-08,0.0024485701640123,0.385788326709186,0.30430292626717,UCEC,EPIC,luad_kim_05,TCGA-BS-A0V7-01A
111,0.0002325341912894,0.0009635589434029,2.46069109920309e-05,0.438112216319604,0.0002993102085353,0.0050492600376902,0.0158213419579411,0.000205543898401,4.34093963857621e-05,3.94846468175496e-05,0.539193678476683,1.50550122568205e-05,UCEC,EPIC,luad_kim_05,TCGA-B5-A1MW-01A
112,9.22490856688152e-07,0.0021927707680692,5.57831427387052e-06,0.274411022813035,0.0087007358799031,0.0023626472301435,0.0050426271702627,1.42687124051335e-05,9.60316718678946e-07,0.0007102381023908,0.706556938912381,1.28928956032971e-06,UCEC,EPIC,luad_kim_05,TCGA-D1-A17D-01A
113,0.0186597896865479,2.2166339545486e-06,0.487606073284829,1.15391914003315e-07,0.143236470568722,0.0038706214566797,0.0879808640729922,0.00011377546812,2.05886245433527e-05,0.0585535838689192,0.0002754518876401,0.199680449055137,UCEC,EPIC,luad_kim_05,TCGA-BS-A0TA-01A
114,8.60677119997126e-07,0.0169764549592607,0.058833241203277,0.286325648579026,0.026023691969394,0.0114597454465436,0.031916860624631,7.8182120524333e-05,9.3633559503222e-07,0.0088069684117065,0.5595700044666,7.40520632196995e-06,UCEC,EPIC,luad_kim_05,TCGA-AX-A05Z-01A
115,0.0171273391573909,0.017726821180257,7.62539024067021e-05,0.242214910196176,0.0158550368185872,0.0040847600582575,0.0052433783940151,1.16554586061919e-06,2.78506556103049e-08,0.0009782835295071,0.493990468026571,0.202701555340315,UCEC,EPIC,luad_kim_05,TCGA-D1-A17L-01A
116,0.001364107845269,3.94065481687816e-05,1.3154798482727e-08,0.740553523341076,0.0070026053195059,0.004889978014137,0.0132782899962114,0.0001781255096532,5.171246954293e-07,0.0010647613569768,0.231628413496973,2.58292534464522e-07,UCEC,EPIC,luad_kim_05,TCGA-A5-A0GQ-01A
117,0.0412121810707101,0.0150568688176156,0.0065749182325424,0.246338959265557,3.47615575651714e-08,0.0176795314878952,0.0093983060061031,4.18438291643645e-07,7.73713606333947e-08,0.0015422090302514,0.662193868431153,2.62708696224756e-06,UCEC,EPIC,luad_kim_05,TCGA-AX-A3G1-01A
118,6.5691326386916e-08,1.45305145024069e-08,1.33108484707738e-07,0.251645513480439,0.0154035184696274,0.0079921491350366,0.0021427341694965,8.74804480856266e-05,2.98845275124213e-07,7.81832944599707e-05,0.722649383208889,5.25618365001404e-07,UCEC,EPIC,luad_kim_05,TCGA-BK-A0CC-01A
119,0.1035708635588,7.59247665774142e-06,0.200264496030309,1.61058805829558e-06,0.109219604178076,0.0041523699795141,0.114296963999724,1.79630461942042e-05,2.0105154403617e-07,0.0100600090569455,2.05718148630567e-06,0.458406268852691,UCEC,EPIC,luad_kim_05,TCGA-D1-A1O8-01A
120,6.82448821762299e-06,0.0035536475541387,0.0028237327997476,0.249541575416553,0.0202952676908667,0.0057722930269198,0.0319522634994044,0.000287512848066,1.72169658028787e-08,0.0009493384823003,0.684816566239842,9.60736978010258e-07,UCEC,EPIC,luad_kim_05,TCGA-DI-A1NN-01A
121,8.00208652135193e-05,5.98040449240207e-06,1.72583704512921e-06,0.323523482998257,0.0372042911288005,0.0088017331781728,0.0062138800757462,1.18911762511557e-06,8.68564306710594e-07,0.0006515977293834,0.623514829921147,4.0017980982626e-07,UCEC,EPIC,luad_kim_05,TCGA-B5-A0K9-01A
122,4.43507145956914e-05,8.67780319934139e-06,1.85751911155244e-07,0.254385263387532,0.0145203876827157,0.0038558464928279,0.0248952044918948,2.02173363869065e-07,2.3580376045642e-05,0.0007498027943695,0.701516466667312,3.16642326408771e-08,UCEC,EPIC,luad_kim_05,TCGA-FI-A2CY-01A
123,7.09782491613355e-07,8.4191612304269e-05,3.33303442536797e-06,0.43357245635794,0.0021382899436713,0.0149668472435108,0.0056722743002278,6.14598261056856e-07,1.98854012763277e-07,0.0023799244788506,0.541170274049604,1.08857447006373e-05,UCEC,EPIC,luad_kim_05,TCGA-AP-A1DR-01A
124,0.0003974178567579,0.0003276170230715,5.12720022906353e-05,0.121482675626486,0.0098469436978159,0.0004836202219256,1.02782867315505e-06,2.28217193514364e-05,4.15922582755813e-08,8.28907053061956e-10,0.653006719052354,0.214379842550108,UCEC,EPIC,luad_kim_05,TCGA-B5-A11Q-01A
125,0.0003650954714963,0.0049788566937942,1.04922509511268e-05,0.156311988660784,0.309086379997618,0.0228985821943506,0.0140827626214968,4.92112462516056e-05,9.37648940428058e-07,0.0014284393865779,0.490782905305286,4.34852245276707e-06,UCEC,EPIC,luad_kim_05,TCGA-BS-A0U7-01A
126,2.49779065550862e-07,2.60407424983069e-07,5.71881047896423e-06,0.164987875625835,0.0010134953406171,0.0083893071622162,0.008149179861936,0.0001987139399508,3.5341388966310303e-09,2.03841950044127e-06,0.817252997192342,1.59926493789872e-07,UCEC,EPIC,luad_kim_05,TCGA-A5-A0VQ-01A
127,1.77186306422023e-07,0.0003929357767979,1.94643567444307e-06,0.260683780655335,0.0099970747577942,0.0055713891041448,0.0063364011844669,4.12042470594027e-05,1.78390347164425e-07,0.0008308447050215,0.716144066054586,1.50246572617666e-09,UCEC,EPIC,luad_kim_05,TCGA-BS-A0TE-01A
128,2.60215785291613e-07,2.43665505982962e-08,3.13844804417694e-06,0.175274163571719,0.0263605024992086,0.0209653345421838,0.0103163777403927,1.05063303914541e-05,1.20599038300906e-05,0.0005464526669348,0.766511008264694,1.71450265065217e-07,UCEC,EPIC,luad_kim_05,TCGA-BS-A0T9-01A
129,0.0003640001349918,0.0012642734768847,4.13844316116716e-08,0.0917202543294724,0.0230135327242518,0.0006852895154339,0.0037840761714449,3.2055159403214e-07,6.12247425508235e-08,0.0001436606266494,0.232810192638586,0.646214297221517,UCEC,EPIC,luad_kim_05,TCGA-AW-A1PO-01A
130,3.24301913655763e-06,0.0003957675745075,0.0002253000379753,0.236093640175596,0.0034049854552343,0.0061429981119908,0.00188195078859,4.23188567755168e-06,5.3560609142658105e-09,3.70351344240505e-05,0.751810825996094,1.64647124274234e-08,UCEC,EPIC,luad_kim_05,TCGA-AJ-A3I9-01A
131,1.02710499921811e-05,0.0087309373837115,1.56980879296038e-05,0.211875255389011,0.0407849376252381,0.006606020340624,0.0129659981514013,2.49974335962884e-05,5.68415768087673e-09,0.0015690781774996,0.717416662076847,1.38599991071823e-07,UCEC,EPIC,luad_kim_05,TCGA-AJ-A8CV-01A
132,6.51114168727399e-08,0.0002582025127883,3.3292457153996e-07,0.367995008713267,0.0081685326657233,0.0083698714618425,0.004886532710165,2.0331693817255e-06,1.28215568378101e-07,0.0006621365995232,0.609656903187377,2.52728374226132e-07,UCEC,EPIC,luad_kim_05,TCGA-B5-A121-01A
133,2.9858351398598e-07,1.56848131000957e-05,0.0007327872457858,0.352233434673259,0.0171874138436967,0.0145600157782748,0.0014752025475975,6.16327092986721e-05,0.0001387630861318,0.0001169171496418,0.613474322797404,3.52677229642707e-06,UCEC,EPIC,luad_kim_05,TCGA-AX-A1CN-01A
134,2.12028937274008e-07,5.82684841783143e-05,0.0001808277416255,0.311791925247879,0.0048012244597515,0.0024737572865644,0.0114293563454222,8.05327866460153e-06,7.41878931005298e-05,1.78018209442066e-05,0.669164255194541,1.30218391048111e-07,UCEC,EPIC,luad_kim_05,TCGA-BK-A139-01A
135,9.40600810086447e-08,1.67459937402109e-05,3.63835524988991e-06,0.179815642268681,0.0107203580878737,0.0090208111317388,0.0023181827833993,2.15882343133506e-05,6.58006184507922e-08,0.0003091883720899,0.797771068063743,2.61684847090473e-06,UCEC,EPIC,luad_kim_05,TCGA-EY-A1G7-01A
136,6.18890122457311e-07,0.0100774183620486,9.17288581001531e-08,0.277152424285159,0.0013310258307511,0.0255058467945795,0.0169622181679892,9.884563036227581e-09,4.31965952676373e-07,0.0018527801618243,0.667117113770026,2.01581258669072e-08,UCEC,EPIC,luad_kim_05,TCGA-BK-A6W3-01A
137,1.30886239459325e-05,3.788476889286e-07,1.55785380605286e-07,8.60299702412944e-07,0.0010592395300927,8.5973297548105e-06,0.998210820345718,1.32889244042931e-08,9.65719684941882e-06,0.0006949321471341,1.37351137864131e-06,8.83093429892939e-07,UCEC,EPIC,luad_kim_05,TCGA-FI-A2CX-01A
138,1.42535631503217e-05,0.0001510729150222,1.93594680579201e-07,0.560037574552803,2.42907120276582e-05,0.0146440607862738,0.0050673044124045,6.3842884435676405e-09,9.98399544659264e-06,1.38665713283652e-05,0.420037106539156,2.85973417829101e-07,UCEC,EPIC,luad_kim_05,TCGA-DI-A2QU-01A
139,6.63546867566676e-08,3.28130493993426e-05,6.55565767343047e-08,0.204789692174482,3.79532868597004e-05,0.0073928696316079,0.0058603628462054,2.35208345811148e-08,1.5197165415019e-06,0.0004555895135705,0.781429038537809,5.811426285536581e-09,UCEC,EPIC,luad_kim_05,TCGA-AP-A0LT-01A
140,0.0017629778145728,3.35306562406928e-08,0.0008599664452931,0.293599366555524,0.0367482930522776,0.0161056834483814,0.0086110470094334,1.50016706969152e-08,8.75417279558848e-06,3.37889535672746e-07,0.642303058322959,4.66756900611648e-07,UCEC,EPIC,luad_kim_05,TCGA-EO-A3AS-01A
141,1.36326652492801e-05,4.28091829530111e-06,4.97557036270778e-05,0.375088592653303,0.0139847230978855,0.0003655834135542,0.0101639712518199,6.18285842948217e-05,1.73578647338305e-09,0.0016580949701267,0.598609524155707,1.08503502029272e-08,UCEC,EPIC,luad_kim_05,TCGA-E6-A1LZ-01A
142,0.0002532125342915,2.94977155620046e-05,0.0127530490578276,0.164262561347518,0.0066801508874425,0.0008979209834823,3.57736905441007e-09,1.01460890595835e-07,8.14943755380036e-08,0.0002600358653143,0.788563953017438,0.0262994320584885,UCEC,EPIC,luad_kim_05,TCGA-AP-A1DO-01A
143,1.35857826709209e-05,6.1211799175281e-06,8.86860428771677e-06,0.13020051415817,0.0116826693087927,0.0140722340971807,0.0035228152887954,7.76824776000602e-06,2.66355153243451e-07,6.63220537133594e-06,0.840453022184114,2.55025877868852e-05,UCEC,EPIC,luad_kim_05,TCGA-AX-A2HC-01A
