,CD4 T,CD8 T,DC,Fibroblasts,Monocytes,NK,Cancer Cells,cancer_type,algo,reference_dataset,sample_id
0,4.00176937619106e-09,0.0009764705420217,3.1395450417708e-08,0.0274572702666771,0.0309354816794137,1.11357421248366e-05,0.940619606372543,KICH,EPIC,scaden_ascites_OV,TCGA-KL-8325-01A
1,2.65289982255887e-08,0.0016212257688816,4.2516453933053e-08,0.0152063071174065,0.0117200424137691,0.0014166930122756,0.970035662642215,KICH,EPIC,scaden_ascites_OV,TCGA-KO-8411-01A
2,1.05506879365475e-08,0.0017978284837992,9.60800276047734e-09,0.0224754548999993,0.0170145033732012,0.0003939881121068,0.958318204972203,KICH,EPIC,scaden_ascites_OV,TCGA-KL-8331-01A
3,5.66194268351764e-09,0.0004668117628784,6.68769643837574e-08,0.0014108362570446,0.006109467922237,0.0041291573594862,0.987883654159447,KICH,EPIC,scaden_ascites_OV,TCGA-KO-8409-01A
4,8.31654844372213e-07,0.0012900399936393,2.40467853711809e-09,0.0096934623720044,0.0173003255496371,0.0016145922234397,0.970100745801757,KICH,EPIC,scaden_ascites_OV,TCGA-KM-8439-01A
5,1.19301879078696e-08,0.0042484794465577,3.17511645112954e-08,0.0218806232127432,0.0203737370761175,0.002148984855107,0.951348131728122,KICH,EPIC,scaden_ascites_OV,TCGA-KN-8423-01A
6,2.41768433932873e-08,0.0033183959796494,1.0307267515446498e-11,0.0352442779586293,0.0355026039868149,0.0003882219451875,0.925546475942568,KICH,EPIC,scaden_ascites_OV,TCGA-KL-8339-01A
7,3.5233446114024e-08,0.0038082834227214,4.01699671797843e-09,0.0173414803756621,0.0369986666307733,0.0016855188159338,0.940166011504467,KICH,EPIC,scaden_ascites_OV,TCGA-KN-8434-01A
8,3.63873343580473e-07,0.0043761162458216,8.190236027916391e-09,0.0159990740292948,0.0252098294356096,0.0084577624593402,0.945956845766354,KICH,EPIC,scaden_ascites_OV,TCGA-KL-8342-01A
9,5.8458954930298e-09,0.0080993735427403,1.98751181097199e-08,0.129494452971981,0.0744019953663781,4.84352345599946e-05,0.787955717163327,KICH,EPIC,scaden_ascites_OV,TCGA-KN-8428-01A
10,4.01922545029322e-07,0.0014413692224382,3.3840115574851e-11,0.0089372979071523,0.0118260876411043,0.0013986862694312,0.976396157003489,KICH,EPIC,scaden_ascites_OV,TCGA-KO-8416-01A
11,0.0194875043530654,0.0055119909827843,6.98411923370563e-08,0.0810288095564435,0.0250089235252325,0.0006359503563034,0.868326751384979,KICH,EPIC,scaden_ascites_OV,TCGA-KL-8344-01A
12,3.37919321911968e-08,0.0020602364694931,3.08684259159849e-08,0.0369722895230257,0.0249408170628406,0.0016770706586719,0.93434952162561,KICH,EPIC,scaden_ascites_OV,TCGA-KM-8441-01A
13,8.190691200176311e-09,0.0016295340260619,1.48344341405864e-08,0.0348950767133936,0.0245942788728823,0.0004966158878247,0.938384471474712,KICH,EPIC,scaden_ascites_OV,TCGA-KM-8442-01A
14,7.9163387190369e-09,0.0013459145879456,4.7026756251653e-09,0.0236982374521812,0.0159952236041881,1.59091453272832e-07,0.958960452645217,KICH,EPIC,scaden_ascites_OV,TCGA-KL-8346-01A
15,5.75323940587747e-09,0.0013106745592173,5.59586519443682e-09,0.0199046234244563,0.0179102994628761,0.0004481214461772,0.960426269758168,KICH,EPIC,scaden_ascites_OV,TCGA-KL-8341-01A
16,1.77384485238996e-08,0.0012184823212814,2.19423338716151e-09,0.0166072830349974,0.0108551090395728,0.0005317963156886,0.970787309355778,KICH,EPIC,scaden_ascites_OV,TCGA-KL-8330-01A
17,3.16362710575985e-06,0.0019733477702297,2.5229481186848703e-09,0.0094239202119185,0.0100137801419957,0.0024426803763989,0.976143105349403,KICH,EPIC,scaden_ascites_OV,TCGA-KN-8431-01A
18,2.16785767680338e-08,0.0004419575528675,7.44646980395842e-05,1.84961393406546e-08,0.0239403000084778,0.0021873030315197,0.973355934534379,KICH,EPIC,scaden_ascites_OV,TCGA-KO-8403-01A
19,7.50967900795349e-09,0.0062393759702837,2.0132072353210202e-09,0.0974735354505538,0.0766133829984266,0.0007256359732644,0.818948060084585,KICH,EPIC,scaden_ascites_OV,TCGA-KO-8405-01A
20,9.06502529829596e-08,0.0020976430970161,5.558509343073961e-09,0.0343482305352219,0.0141700271438067,0.0003705698458438,0.949013433169349,KICH,EPIC,scaden_ascites_OV,TCGA-KN-8435-01A
21,1.99119193192129e-07,0.0038000343667485,3.33531443651931e-08,0.0308478050077352,0.0190465197629921,1.00243187440694e-07,0.946305308146999,KICH,EPIC,scaden_ascites_OV,TCGA-KN-8419-01A
22,8.746957621049279e-11,0.0008487742107771,3.16916021354004e-07,0.012333218175692,0.0071745810217339,0.0014197230874153,0.97822338650089,KICH,EPIC,scaden_ascites_OV,TCGA-KL-8337-01A
23,4.03086054650833e-07,0.0046875022606066,4.45075339390824e-08,0.0195390779930742,0.022562459794487,0.0001595055315499,0.953051006826694,KICH,EPIC,scaden_ascites_OV,TCGA-KL-8332-01A
24,1.81658619438598e-08,0.0049225532441231,1.57856013101539e-08,0.019105606778157,0.0387615273225538,0.0075961563420517,0.929614122361651,KICH,EPIC,scaden_ascites_OV,TCGA-KO-8413-01A
25,4.20297254401316e-09,0.0008029481744793,7.51911078872497e-07,0.0109551242046986,0.0123646517624579,3.34945730635138e-06,0.975873170287006,KICH,EPIC,scaden_ascites_OV,TCGA-KM-8443-01A
26,0.0217778028161521,0.0077794803521414,6.24098811802431e-08,0.123929621154766,0.0260717678792707,0.0058506051755455,0.814590660212243,KICH,EPIC,scaden_ascites_OV,TCGA-KL-8333-01A
27,2.86514716384915e-07,0.0038999284852359,1.5360032756268e-08,0.0276895425029316,0.0317611872095669,0.0033989760214155,0.933250063906101,KICH,EPIC,scaden_ascites_OV,TCGA-KL-8334-01A
28,1.8358558442446802e-09,0.027305611823478,5.32785312553358e-08,0.535819998787819,0.355305174326956,3.67024800689958e-07,0.0815687929225589,KICH,EPIC,scaden_ascites_OV,TCGA-KN-8427-01A
29,2.17569048870248e-08,0.002480737189563,7.22207027965159e-10,0.0220922717921056,0.0203914590222299,0.002410949018614,0.952624560498376,KICH,EPIC,scaden_ascites_OV,TCGA-KL-8338-01A
30,1.445000304308e-07,0.0035714549468788,2.69470761313906e-08,0.0212574876302015,0.0175097637158579,0.0110628145528749,0.94659830770708,KICH,EPIC,scaden_ascites_OV,TCGA-KN-8432-01A
31,1.32624187899158e-08,0.0047118636035508,2.7359974577248e-09,0.0326873863517079,0.0253777717435496,0.0024015868647109,0.934821375438064,KICH,EPIC,scaden_ascites_OV,TCGA-KO-8410-01A
32,1.79641571874188e-09,0.0002148698168614,1.82561028562724e-08,0.0149679569118342,0.0154903400018782,9.20298078602466e-05,0.969234783409047,KICH,EPIC,scaden_ascites_OV,TCGA-KN-8437-01A
33,6.81942169223466e-08,0.0062609854103847,1.52894881140998e-08,0.0401349489296194,0.024154458865959,0.0039047840210085,0.925544739289323,KICH,EPIC,scaden_ascites_OV,TCGA-KN-8430-01A
34,2.54790393742674e-08,0.0015096109548753,9.844703817020491e-09,0.0200857755975719,0.0110436817618694,0.0002934703573623,0.967067426004578,KICH,EPIC,scaden_ascites_OV,TCGA-KM-8477-01A
35,4.73829740396274e-07,0.0015728437434087,1.8128703024276302e-09,0.0021784146035709,0.0122426590676529,0.0156555240444748,0.968350082898282,KICH,EPIC,scaden_ascites_OV,TCGA-KO-8414-01A
36,3.09351156805511e-06,0.0024413489608999,5.034570352778881e-09,0.0349454822181041,0.03635445926014,4.2303111539404e-05,0.926213307903178,KICH,EPIC,scaden_ascites_OV,TCGA-KL-8323-01A
37,6.16421344816513e-08,0.0008975550801616,6.4728942112099e-10,0.0137179950977623,0.0129859911201743,5.02689384728166e-07,0.972397893723093,KICH,EPIC,scaden_ascites_OV,TCGA-KL-8328-01A
38,8.41409460716665e-09,0.0017178715493112,4.85039476582952e-09,2.5595257657227e-07,0.0191696813728799,0.0032387031756913,0.975873474685052,KICH,EPIC,scaden_ascites_OV,TCGA-KN-8426-01A
39,9.621569980554691e-09,0.0032372876416232,8.16821008521975e-05,0.0324990383927079,0.0867591944388073,1.81179319566523e-08,0.877422769686507,KICH,EPIC,scaden_ascites_OV,TCGA-KL-8336-01A
40,1.24897499599983e-08,0.0064817504056995,1.5201205225318402e-09,0.0194543741353855,0.0532026360305047,0.0032062407367004,0.917654984681839,KICH,EPIC,scaden_ascites_OV,TCGA-KL-8329-01A
41,2.61568298573207e-08,0.0018983737924954,1.16538815403003e-08,0.0184680532699861,0.0248041613092383,0.0094923276352051,0.945337046182364,KICH,EPIC,scaden_ascites_OV,TCGA-KN-8429-01A
42,5.12944908144988e-09,0.0010970442953308,6.7956589851019e-09,0.0140300112488979,0.0091884155500055,9.22676111955196e-05,0.975592249369462,KICH,EPIC,scaden_ascites_OV,TCGA-KL-8326-01A
43,3.18410480599946e-08,0.0017838605553159,6.117810381821361e-09,3.19228354489998e-07,0.029864568928748,0.0018200697060195,0.966531143622704,KICH,EPIC,scaden_ascites_OV,TCGA-KN-8425-01A
44,0.0002553191691559,0.0007749852650042,3.0188236270909604e-09,0.0027888922002673,0.0025411798642358,0.0009033452942743,0.992736275188239,KICH,EPIC,scaden_ascites_OV,TCGA-KL-8327-01A
45,2.39146610404989e-06,0.001724201841487,3.9680708397366405e-09,0.0435724770278845,0.0277531135097286,2.63668467830302e-08,0.926947785819878,KICH,EPIC,scaden_ascites_OV,TCGA-KL-8343-01A
46,0.0001938556868987,0.0025074660556721,5.838610698926081e-09,0.0213659759822396,0.009781433047078,0.0033477633624587,0.962803500027042,KICH,EPIC,scaden_ascites_OV,TCGA-KL-8324-01A
47,5.97074318620172e-08,0.0023267876471348,9.75799535473879e-08,0.01949453077964,0.0158610517702253,0.001359550612965,0.960957921902649,KICH,EPIC,scaden_ascites_OV,TCGA-KN-8433-01A
48,1.8867407084628e-07,0.0023355869291256,5.95002231805814e-08,0.0192782048630202,0.0089973538239516,0.0019232280674157,0.967465378142193,KICH,EPIC,scaden_ascites_OV,TCGA-KO-8417-01A
49,1.46538944867999e-07,0.0027777492010045,7.49453870457992e-10,0.0372427481313417,0.0285180320727224,0.0058024321293093,0.925658891177223,KICH,EPIC,scaden_ascites_OV,TCGA-KM-8639-01A
50,1.9857648290528e-08,0.0037538315110244,6.83083809424427e-09,0.0444845562149475,0.0299260537796333,0.0007935773811737,0.921041954424735,KICH,EPIC,scaden_ascites_OV,TCGA-KL-8340-01A
51,4.37943536506907e-05,7.81783754385937e-07,9.79089380843502e-07,0.0435224771258855,0.953895922290493,0.0025356099695949,4.35387240988663e-07,KICH,EPIC,scaden_ascites_OV,TCGA-KO-8404-01A
52,1.13314158726113e-09,0.0011136836200846,1.65254509799711e-09,0.0179134632809274,0.0177102587568612,0.0008385470491252,0.962424044507315,KICH,EPIC,scaden_ascites_OV,TCGA-KM-8440-01A
53,1.11532791820557e-08,0.0015815287076962,1.50858725533099e-08,0.0106907010214478,0.008867530502885,0.0012202221403988,0.97763999138842,KICH,EPIC,scaden_ascites_OV,TCGA-KN-8436-01A
54,3.3102920189818103e-10,0.0030663866378427,4.05698197080071e-09,0.0129729629836821,0.0440118944199327,0.0002343302163808,0.93971442135415,KICH,EPIC,scaden_ascites_OV,TCGA-KN-8424-01A
55,3.17243367433817e-08,0.0012285737738005,3.36244523348912e-08,0.0266027845052547,0.0262875799174121,7.68417989555741e-06,0.945873312274848,KICH,EPIC,scaden_ascites_OV,TCGA-KO-8406-01A
56,9.2884476627719e-08,0.0020977778656196,8.166981229745241e-09,0.0093093085953512,0.0093418525506198,0.0016512700571649,0.977599689879786,KICH,EPIC,scaden_ascites_OV,TCGA-KM-8438-01A
57,5.78138762672558e-08,0.0018208127721275,1.59682815394973e-08,0.0180783477026717,0.0129582467314879,0.0025743095834378,0.964568209428117,KICH,EPIC,scaden_ascites_OV,TCGA-KN-8418-01A
58,1.1739308441223e-08,0.0012831088762529,5.10382670276541e-09,0.0743315404523932,0.0134866899481549,0.001402124634876,0.909496519245188,KICH,EPIC,scaden_ascites_OV,TCGA-KL-8335-01A
59,2.2982307826531e-09,0.0022002721120488,5.19037705051913e-09,0.0297007860891837,0.023658104689513,8.31613818098998e-05,0.944357668238837,KICH,EPIC,scaden_ascites_OV,TCGA-KL-8345-01A
60,1.35241269229405e-08,0.0043767192853198,8.96149282099883e-08,0.0117903722548921,0.0161703770775254,0.0062409014750474,0.96142152676816,KICH,EPIC,scaden_ascites_OV,TCGA-KO-8407-01A
61,4.44759834715342e-08,0.0010542342816921,1.69404997428534e-09,0.0220284705655118,0.0242875260893363,0.000143005643014,0.952486717250412,KICH,EPIC,scaden_ascites_OV,TCGA-KN-8421-01A
62,3.4994428425417803e-09,0.0018418882207177,1.97058361232861e-09,0.0315575204729824,0.0635837093425248,6.72165335655852e-06,0.903010154840392,KICH,EPIC,scaden_ascites_OV,TCGA-KO-8415-01A
63,0.0030456516342142,0.0004450267132968,1.2248936017836502e-09,0.0099211215953668,0.004718289650727,0.0022317450241221,0.979638164157379,KICH,EPIC,scaden_ascites_OV,TCGA-KM-8476-01A
64,0.0194749004577527,0.0007480768450342,5.85527052685896e-09,0.0805165287473174,0.0149639197433061,0.002651006912456,0.881645561438863,KICH,EPIC,scaden_ascites_OV,TCGA-KO-8408-01A
65,4.652973297461e-07,0.0068201412424215,2.1697720279239e-09,0.163561447094729,0.0773700143219694,0.0183481202132351,0.733899809660543,UCEC,EPIC,scaden_ascites_OV,TCGA-A5-A0R8-01A
66,0.0180498071588287,0.0022970627702087,1.79013177194324e-07,0.1032587710407,0.0230294525252878,2.2617059163177002e-10,0.853364727265627,UCEC,EPIC,scaden_ascites_OV,TCGA-A5-A0G3-01A
67,0.0059168326601202,0.0040603452432298,0.0011609179844391,0.10052008278839,0.0171981060804635,0.0183629961319493,0.852780719111408,UCEC,EPIC,scaden_ascites_OV,TCGA-AP-A054-01A
68,0.073854718749527,0.0157075537795937,2.26493970034979e-07,0.410370348279583,0.0574136954843847,0.012693206941858,0.429960250271083,UCEC,EPIC,scaden_ascites_OV,TCGA-A5-A0GX-01A
69,6.63524862345252e-07,0.0016006585497086,2.50438912545385e-08,0.101497815575332,0.0136297092337418,0.0015776521231758,0.881693475949288,UCEC,EPIC,scaden_ascites_OV,TCGA-DI-A2QY-01A
70,2.12816582250443e-07,0.0074173281223538,2.80503686193578e-08,0.0578882530382939,0.144145830840152,0.0415097998606526,0.749038547271596,UCEC,EPIC,scaden_ascites_OV,TCGA-EY-A1GC-01A
71,0.0118616556635243,0.0076330439142587,2.26899485106936e-08,0.15546282472218,0.0401004812973936,0.0016308774754604,0.783311094237234,UCEC,EPIC,scaden_ascites_OV,TCGA-A5-A0GI-01A
72,0.0056818581976756,1.10760695328805e-08,0.0009417897316427,0.182697090551785,0.0120368618461627,0.0046048211530113,0.794037567443653,UCEC,EPIC,scaden_ascites_OV,TCGA-D1-A17S-01A
73,0.0256478878406743,0.0004734045459589,1.15918986233266e-09,0.325705684621678,0.0387130815582029,0.0388296439935565,0.57063029628074,UCEC,EPIC,scaden_ascites_OV,TCGA-EY-A5W2-01A
74,9.887556063482e-09,0.005903777983151,8.351659208463591e-09,0.113811667986982,0.0956029015615089,0.0086945494138042,0.775987084815339,UCEC,EPIC,scaden_ascites_OV,TCGA-D1-A1NU-01A
75,0.126640495112474,0.0030221978455813,8.22270677005297e-08,0.43314982189793,0.07684763402897,0.0325939473040434,0.327745821583933,UCEC,EPIC,scaden_ascites_OV,TCGA-BG-A18A-01A
76,0.0680292893059998,0.0091417135209638,1.20863355888408e-08,0.471397716893321,0.052804017560429,0.0125079640637912,0.38611928656916,UCEC,EPIC,scaden_ascites_OV,TCGA-AX-A06B-01A
77,0.0261281937626227,0.0120095297777421,3.79045665544453e-06,0.0518930084909604,0.0287264697591977,0.0250785509880401,0.856160456764782,UCEC,EPIC,scaden_ascites_OV,TCGA-E6-A2P9-01A
78,0.007445654090004,0.0295519169056829,8.44664262846785e-09,0.264634576616379,0.0789785105632377,0.0415010736535405,0.577888259724514,UCEC,EPIC,scaden_ascites_OV,TCGA-PG-A917-01A
79,0.0468483007193092,1.13850694727508e-08,2.62470085668425e-08,0.345558923231371,0.008223396868732,0.0118037374383555,0.587565604110154,UCEC,EPIC,scaden_ascites_OV,TCGA-AX-A3FS-01A
80,3.00540286428555e-08,0.0070404934901956,2.92495939515056e-08,0.420681145115706,0.114626080373263,0.0025668672868678,0.455085354430345,UCEC,EPIC,scaden_ascites_OV,TCGA-A5-A2K4-01A
81,0.0034981812702532,1.04870683119704e-06,5.21855638454206e-08,0.156174539250494,0.015876121048429,0.0113711800347138,0.813078877503715,UCEC,EPIC,scaden_ascites_OV,TCGA-D1-A1O0-01A
82,1.80317588134185e-07,8.70969903389855e-06,2.95308333956506e-07,0.427590343817221,0.0813180183467728,0.135965013962326,0.355117438548724,UCEC,EPIC,scaden_ascites_OV,TCGA-B5-A0JS-01A
83,2.14574817346003e-08,0.0063396946230241,1.6286691119524e-09,0.0732831305023417,0.028981524585769,0.0068153210187211,0.884580306183993,UCEC,EPIC,scaden_ascites_OV,TCGA-AX-A1CE-01A
84,3.70427967556624e-08,0.0085032953468133,1.81014038910413e-08,0.0407186817626381,0.0477738819910721,0.0051430568260423,0.897861028929234,UCEC,EPIC,scaden_ascites_OV,TCGA-D1-A17F-01A
85,3.6577399654355805e-09,0.0172723831661839,3.72164224442038e-07,0.141787932285888,0.0603528653514036,0.120758868937375,0.659827574437185,UCEC,EPIC,scaden_ascites_OV,TCGA-EO-A3AV-01A
86,4.2328807464236e-07,0.0043481345579831,1.02487818583401e-07,0.448397526988084,0.182446814451962,0.0474490388055039,0.317357959420573,UCEC,EPIC,scaden_ascites_OV,TCGA-D1-A17B-01A
87,3.40708162207335e-07,4.69050763966351e-05,2.71240052886053e-08,0.670787091104919,0.0456481149111398,0.0742155259690538,0.209301995106323,UCEC,EPIC,scaden_ascites_OV,TCGA-E6-A8L9-01A
88,3.3375594582652e-05,1.10992525589867e-08,1.29394507706902e-05,0.103381547207192,0.0241833258677548,0.0249720963303949,0.847416704450052,UCEC,EPIC,scaden_ascites_OV,TCGA-EY-A547-01A
89,7.86004009426904e-08,0.0184125408291027,4.23217803021661e-10,0.45960901850771,0.165169038535971,0.0033315209923073,0.35347780211129,UCEC,EPIC,scaden_ascites_OV,TCGA-AJ-A3OJ-01A
90,1.33839534394478e-06,0.0079173448104838,2.99304772454791e-08,0.215674661537849,0.0273311558235375,0.0244741125904967,0.724601356911812,UCEC,EPIC,scaden_ascites_OV,TCGA-BS-A0TJ-01A
91,4.10342281610983e-08,0.0047527773143605,2.16300119443347e-07,0.106772529957962,0.0597424344523873,0.0064312432537734,0.82230075768717,UCEC,EPIC,scaden_ascites_OV,TCGA-BG-A0VV-01A
92,0.0135985884048065,0.003723439150184,4.57761298412103e-08,0.124712602863939,0.0348790206935457,0.0135884272323037,0.809497875879091,UCEC,EPIC,scaden_ascites_OV,TCGA-D1-A16V-01A
93,7.378275310987e-09,0.0121747321983552,3.34329966964798e-06,0.238621108571974,0.106991312222257,0.0081774789467592,0.634032017382709,UCEC,EPIC,scaden_ascites_OV,TCGA-EO-A22R-01A
94,0.0074979087452031,0.0154279161797534,1.44336531493975e-08,0.381456230450214,0.0638524572798885,0.0204208785401268,0.511344594371161,UCEC,EPIC,scaden_ascites_OV,TCGA-BG-A0MH-01A
95,8.980610452979942e-09,0.0035133540319642,1.05465488707124e-06,0.133603490009189,0.0246390899004874,0.008665011641375,0.829577990781487,UCEC,EPIC,scaden_ascites_OV,TCGA-EO-A3KX-01A
96,3.79732631848597e-09,0.005463417794715,1.66020659882802e-07,0.342567240371827,0.131637344829418,1.92129657092635e-07,0.520331635056397,UCEC,EPIC,scaden_ascites_OV,TCGA-AX-A0IS-01A
97,1.07650431138141e-07,0.0006315932572568,2.95516384684333e-08,0.178116654508095,0.0884081170575177,9.32412349803879e-08,0.732843404733826,UCEC,EPIC,scaden_ascites_OV,TCGA-EY-A1G8-01A
98,0.0084523402293126,2.42720197467349e-06,0.0053609763716328,0.127315089434467,0.0047150046827843,0.0045738528246901,0.849580309255139,UCEC,EPIC,scaden_ascites_OV,TCGA-EY-A1GW-01A
99,4.19313083880463e-08,0.0002840519334286,6.2579168786668305e-09,0.108311333433433,0.0769318393192107,2.45863841705193e-05,0.814448140740532,UCEC,EPIC,scaden_ascites_OV,TCGA-BG-A0RY-01A
100,8.6506146411666e-08,0.0101640637225081,4.45878213131145e-06,0.40667186370947,0.139527916194407,3.57931007335781e-07,0.44363125315433,UCEC,EPIC,scaden_ascites_OV,TCGA-D1-A1NY-01A
101,1.07762916352803e-08,0.0042841903160361,1.02100502284194e-08,0.15854837385101,0.0525679810216265,0.0002799279230281,0.784319505901958,UCEC,EPIC,scaden_ascites_OV,TCGA-B5-A3S1-01A
102,1.16207852237616e-05,0.0032891988179873,3.13222974935517e-07,0.195935919449964,0.0583082261871644,0.0219404745360002,0.720514247000685,UCEC,EPIC,scaden_ascites_OV,TCGA-A5-A2K5-01A
103,3.06244804605848e-07,0.0016167077228226,6.365079350982561e-09,0.257900214915056,0.0635880821734943,3.03927860888598e-08,0.676894652185957,UCEC,EPIC,scaden_ascites_OV,TCGA-AX-A062-01A
104,4.03615942484311e-07,0.0609948911386005,9.08610080314499e-09,2.44829240599395e-07,0.214703886389289,0.188952010032301,0.535348554908526,UCEC,EPIC,scaden_ascites_OV,TCGA-A5-A0G5-01A
105,1.4333938926086302e-09,0.0029858458464024,1.79831229017967e-09,0.0904028670151692,0.0445845095983024,0.0030645540069312,0.858962220301489,UCEC,EPIC,scaden_ascites_OV,TCGA-AP-A0LH-01A
106,1.45949089678913e-08,0.0120460524902704,3.21192728017596e-07,0.152099932413411,0.0399152799126727,1.5473557697523e-08,0.795938383922451,UCEC,EPIC,scaden_ascites_OV,TCGA-BS-A0WQ-01A
107,0.0099377905166274,2.5555578274250503e-09,0.0001483524787611,0.0241521438024409,0.0018725887395316,0.0008360276126822,0.963053094294399,UCEC,EPIC,scaden_ascites_OV,TCGA-FI-A2EY-01A
108,4.81900656297087e-08,0.0042063638723812,3.4682973518786902e-09,0.216572442764702,0.107175805065885,0.0006053422904281,0.671439994348241,UCEC,EPIC,scaden_ascites_OV,TCGA-EY-A549-01A
109,1.36259927960988e-08,0.00949085108325,8.53700231393678e-06,0.316337335299529,0.102203344914355,0.007469293893385,0.564490624181175,UCEC,EPIC,scaden_ascites_OV,TCGA-FI-A2D0-01A
110,0.0566227196782668,4.59302602888273e-07,7.41762434775114e-08,0.139805878789688,0.0214026724571109,0.0224205079927515,0.759747687603336,UCEC,EPIC,scaden_ascites_OV,TCGA-BS-A0V7-01A
111,6.515624375981571e-09,0.0014877066455053,5.45550237127697e-08,0.25205285514493,0.217508581711181,5.05013017662327e-07,0.528950290414718,UCEC,EPIC,scaden_ascites_OV,TCGA-B5-A1MW-01A
112,8.95451710541357e-07,0.0071139894556267,7.22030562972194e-09,0.0569888798086195,0.0509320134424164,0.0050219947400523,0.879942219881269,UCEC,EPIC,scaden_ascites_OV,TCGA-D1-A17D-01A
113,1.5781485239969e-08,0.139758626651853,3.8929707496868e-06,6.50601516547456e-07,0.101511214604439,0.52737644007173,0.231349159318228,UCEC,EPIC,scaden_ascites_OV,TCGA-BS-A0TA-01A
114,4.10095124958692e-07,0.0313998040292657,7.14775529844676e-09,0.100540663221964,0.119601813492669,0.126680189786923,0.621777112226297,UCEC,EPIC,scaden_ascites_OV,TCGA-AX-A05Z-01A
115,0.015661475476505,0.0031240758964132,1.6261190791117201e-09,0.0471374436201917,0.0259981879130525,0.011495075909655,0.896583739558063,UCEC,EPIC,scaden_ascites_OV,TCGA-D1-A17L-01A
116,5.59977190966751e-09,0.0032887112113638,3.04503771891249e-08,0.0613268444945015,0.073284414378631,0.0155043030974428,0.846595690767912,UCEC,EPIC,scaden_ascites_OV,TCGA-A5-A0GQ-01A
117,0.0216559802777603,0.0036508210541154,2.38444476035774e-08,0.197949945740684,0.0406141213240477,0.0350825708001235,0.701046536958821,UCEC,EPIC,scaden_ascites_OV,TCGA-AX-A3G1-01A
118,3.86751194893061e-08,0.0026103125138073,4.21806066193858e-07,0.175075567924316,0.0353337862298315,1.9914629281923e-06,0.786977881387931,UCEC,EPIC,scaden_ascites_OV,TCGA-BK-A0CC-01A
119,5.7364787755503e-06,0.145901676852456,1.04854152561737e-06,2.08454275672473e-05,0.162055600373679,0.0595576541511093,0.632457438174887,UCEC,EPIC,scaden_ascites_OV,TCGA-D1-A1O8-01A
120,9.00775333465013e-05,0.0094281964042732,3.2044308237077203e-09,0.0425614873896115,0.156501340124294,0.0036143184218952,0.787804576922149,UCEC,EPIC,scaden_ascites_OV,TCGA-DI-A1NN-01A
121,1.6300471907414101e-09,0.0082751576021423,1.48893184975916e-08,0.203341815876377,0.0607208345465398,0.0090614242294097,0.718600751226166,UCEC,EPIC,scaden_ascites_OV,TCGA-B5-A0K9-01A
122,8.0730058037846e-09,0.0130175758569495,5.13195989495729e-08,0.136135022299301,0.228936716338313,3.61161600863177e-07,0.621910264951231,UCEC,EPIC,scaden_ascites_OV,TCGA-FI-A2CY-01A
123,6.63513296726213e-07,0.0015855536063967,5.97882560495227e-07,0.187509199495421,0.0486110504465927,0.0235439804640989,0.738748954591634,UCEC,EPIC,scaden_ascites_OV,TCGA-AP-A1DR-01A
124,1.8166816383626301e-10,0.0007169748090888,1.5998639645319e-08,0.0285898657843083,0.0146169723682542,0.0013352551092526,0.954740915748788,UCEC,EPIC,scaden_ascites_OV,TCGA-B5-A11Q-01A
125,0.152337922078299,2.77147252866089e-07,1.34407444401465e-07,0.603613489645098,0.0404529398932779,0.0227425010114004,0.180852735817227,UCEC,EPIC,scaden_ascites_OV,TCGA-BS-A0U7-01A
126,2.93747140205078e-08,0.009127460474303,2.08741425845347e-06,0.297175195743166,0.146896034213893,6.23812087468134e-10,0.546799192155853,UCEC,EPIC,scaden_ascites_OV,TCGA-A5-A0VQ-01A
127,4.7783658443354504e-09,0.0116175321638632,1.31231993026044e-09,0.153327837521472,0.0791514646593689,0.005923779131392,0.749979380433218,UCEC,EPIC,scaden_ascites_OV,TCGA-BS-A0TE-01A
128,1.13051291504706e-07,0.0080788827610671,4.99507248937913e-09,0.48461716371302,0.12230959719582,1.06287876620105e-05,0.384983609496066,UCEC,EPIC,scaden_ascites_OV,TCGA-BS-A0T9-01A
129,3.276925521563e-08,1.64499624999312e-07,1.96283147443174e-08,0.0200109233078733,0.0110913764546323,0.006054913589925,0.962842569750374,UCEC,EPIC,scaden_ascites_OV,TCGA-AW-A1PO-01A
130,4.08233972893428e-09,0.0004321943039067,4.08336946407103e-06,0.102529191052375,0.0303643253657913,1.47753042734044e-08,0.866670187050819,UCEC,EPIC,scaden_ascites_OV,TCGA-AJ-A3I9-01A
131,3.63282917027577e-08,0.0161453511466827,1.91466064511119e-07,0.161853732659207,0.0814532786476563,0.0181502343886529,0.722397175363445,UCEC,EPIC,scaden_ascites_OV,TCGA-AJ-A8CV-01A
132,1.83657163511382e-08,0.0088208486116061,3.62147364155444e-08,0.154558064386805,0.0591197364807751,0.0046215688858927,0.772879727054468,UCEC,EPIC,scaden_ascites_OV,TCGA-B5-A121-01A
133,1.02428138216848e-06,0.0050896614550057,1.45677312442936e-06,0.216322071936819,0.0271775441943502,2.81714140177704e-06,0.751405424217916,UCEC,EPIC,scaden_ascites_OV,TCGA-AX-A1CN-01A
134,0.0235412387281564,0.0135000132333887,1.5581966972226501e-09,0.0924542346726081,0.093824371148828,4.40265086323421e-06,0.776675738007959,UCEC,EPIC,scaden_ascites_OV,TCGA-BK-A139-01A
135,2.49019723499301e-07,0.0029893290865185,9.976774065452161e-09,0.179348166037838,0.0367279063390691,0.000512040674549,0.780422298865528,UCEC,EPIC,scaden_ascites_OV,TCGA-EY-A1G7-01A
136,3.98732528032077e-05,0.0162563023248713,7.99199095205e-08,0.322447877014927,0.0806381430231841,0.0189005765419495,0.561717147922355,UCEC,EPIC,scaden_ascites_OV,TCGA-BK-A6W3-01A
137,1.99247758254917e-05,8.40435453471554e-08,3.33989197972252e-08,1.34086599772788e-08,0.999972482759103,9.12317863231203e-07,6.5492960833009e-06,UCEC,EPIC,scaden_ascites_OV,TCGA-FI-A2CX-01A
138,3.52893099239774e-06,6.57809600630157e-05,4.21290448970148e-09,0.179054177049429,0.0627616956774577,0.0013186958378147,0.756796117331338,UCEC,EPIC,scaden_ascites_OV,TCGA-DI-A2QU-01A
139,7.13903007524609e-08,0.0082322429191409,1.55372305119867e-08,0.192352054086721,0.0985328316982252,0.0049910186671092,0.695891765701272,UCEC,EPIC,scaden_ascites_OV,TCGA-AP-A0LT-01A
140,1.90838221412378e-07,0.0023051981816019,9.776581344526032e-09,0.323409108539681,0.0823818058153279,1.86146106580041e-06,0.591901825387521,UCEC,EPIC,scaden_ascites_OV,TCGA-EO-A3AS-01A
141,5.975295941878361e-09,0.0076435950979884,5.7753939560137605e-09,0.0284130512368343,0.0664562993042176,0.0174583544161312,0.880028688194139,UCEC,EPIC,scaden_ascites_OV,TCGA-E6-A1LZ-01A
142,1.69973614190162e-08,0.0047966149654839,8.93735523475005e-10,0.0418158094125629,0.0223763139894929,0.0247772836200877,0.906233960121276,UCEC,EPIC,scaden_ascites_OV,TCGA-AP-A1DO-01A
143,8.40245731598646e-08,0.0001951663237289,2.34071411647928e-07,0.290862248143185,0.0490602992618455,0.0011702343887929,0.658711733786463,UCEC,EPIC,scaden_ascites_OV,TCGA-AX-A2HC-01A
144,1.19495129466664e-08,0.0261672194958465,9.38918906097084e-09,0.292242534918949,0.144181017855924,0.047537091903952,0.489872114486626,UCEC,EPIC,scaden_ascites_OV,TCGA-EC-A1QX-01A
145,3.17923204797912e-08,0.0065760199247692,9.65587231984033e-08,0.0937276744167833,0.0202865679582379,0.0206787598538591,0.858730849495307,UCEC,EPIC,scaden_ascites_OV,TCGA-A5-A0GB-01A
146,2.38652223914066e-08,0.0385179976126302,2.30491861492471e-08,0.101155158960936,0.142384011298609,0.0262129413952159,0.691729843818201,UCEC,EPIC,scaden_ascites_OV,TCGA-B5-A11Y-01A
147,0.0233786148920745,0.0047855940490348,3.11511664009324e-08,0.473296847681166,0.0378479068679465,0.0098040437919922,0.450886961566619,UCEC,EPIC,scaden_ascites_OV,TCGA-AJ-A3IA-01A
148,3.95301218153643e-08,0.001925194949521,3.7820350802444e-08,0.159455672256801,0.133049439842738,0.000767582546256,0.704802033054212,UCEC,EPIC,scaden_ascites_OV,TCGA-D1-A1NS-01A
149,9.14711449162576e-09,0.0047326905797984,4.39121509557467e-06,0.0275165578015699,0.043749505450162,0.0264111104343496,0.89758573537191,UCEC,EPIC,scaden_ascites_OV,TCGA-AX-A2H2-01A
150,7.72192149699637e-06,0.0046440916297902,1.1541388694212e-07,0.230961467913521,0.125312863967463,0.0005834503485714,0.638490288805271,UCEC,EPIC,scaden_ascites_OV,TCGA-D1-A162-01A
151,9.78857616913803e-06,0.0045366338848268,1.98475103096975e-09,0.33716548835413,0.10451430594356,8.95785370036208e-06,0.553764823402863,UCEC,EPIC,scaden_ascites_OV,TCGA-AP-A0LG-01A
152,4.25642530851049e-08,0.044202062013537,3.41359465460496e-08,0.244795146314934,0.230071483682297,0.0778894366311168,0.403041794657916,UCEC,EPIC,scaden_ascites_OV,TCGA-DF-A2KN-01A
153,1.14848643783335e-07,0.0020477321215964,0.0238273097038473,0.112021569056727,0.032323914812978,2.04220698331742e-09,0.829779357414,UCEC,EPIC,scaden_ascites_OV,TCGA-AX-A1C4-01A
154,0.020804461756533,0.0043947077723286,2.52763849044907e-09,0.36763086561148,0.0592118464181535,0.0066350690510873,0.541323046862779,UCEC,EPIC,scaden_ascites_OV,TCGA-AJ-A3EJ-01A
155,0.0033268219779683,1.30441626381224e-07,1.47902824816819e-06,0.562024099945435,0.017137015215364,3.48604179420816e-07,0.417510104787179,UCEC,EPIC,scaden_ascites_OV,TCGA-BK-A26L-01C
156,0.0025375212018076,7.9817338080597e-06,9.38881601342418e-05,0.0005942859571631,0.740772991015868,0.25599332834035,3.5908685525166403e-09,UCEC,EPIC,scaden_ascites_OV,TCGA-A5-A2K3-01A
157,0.0016864754800485,0.0017922574576998,2.89671792584535e-07,0.141334474946247,0.0157638430698866,0.0021959670571866,0.837226692317139,UCEC,EPIC,scaden_ascites_OV,TCGA-AP-A05H-01A
158,0.0023629919939813,0.001459928574441,0.0028201875854855,0.0174222887250389,0.020710269536793,0.0047842861045366,0.950440047479723,UCEC,EPIC,scaden_ascites_OV,TCGA-AX-A3FV-01A
159,8.67455961877879e-08,0.0232511433274912,1.34858782971825e-08,0.525124425253786,0.238452884363044,0.0058253008116919,0.207346146012513,UCEC,EPIC,scaden_ascites_OV,TCGA-D1-A16F-01A
160,5.9532728525884e-09,0.0145389551121535,1.19448907824897e-08,0.0197305755225591,0.0509627237436462,0.118900088262814,0.795867639460664,UCEC,EPIC,scaden_ascites_OV,TCGA-JU-AAVI-01A
161,0.0094297014867327,0.0065215347115652,2.53535071643778e-09,0.161880793364279,0.0425667193276955,0.0102753683159464,0.76932588025843,UCEC,EPIC,scaden_ascites_OV,TCGA-AX-A06L-01A
162,0.0324989435873932,0.0021102568371967,2.09081559658831e-09,0.350113733401966,0.0366179625963989,0.0036102181333471,0.575048883352883,UCEC,EPIC,scaden_ascites_OV,TCGA-BG-A3PP-01A
163,0.0008015735416833,2.80897738432871e-07,2.56906948205204e-07,0.604283117174974,0.145749303287293,0.249165387917567,8.02737960936557e-08,UCEC,EPIC,scaden_ascites_OV,TCGA-B5-A1MU-01A
164,8.06175216116159e-09,0.0063654609366914,1.14079024630608e-09,0.15449887189935,0.0964744357853127,0.0006697493878873,0.741991472788216,UCEC,EPIC,scaden_ascites_OV,TCGA-A5-A0RA-01A
165,1.94626070088247e-06,0.0050729307495843,0.0021604342810576,0.315422717668742,0.0368326847418577,0.0008870448707881,0.639622241427269,UCEC,EPIC,scaden_ascites_OV,TCGA-BG-A0MK-01A
166,2.99551520740186e-07,4.60773824150844e-08,6.4994207242186e-06,0.337627628744657,0.0959691228538543,0.0224563492698292,0.543940054082032,UCEC,EPIC,scaden_ascites_OV,TCGA-EO-A3L0-01A
167,4.41570635791717e-07,0.0057865691793083,3.65328138720083e-08,0.319698674393528,0.0897770551133043,0.0084883409578028,0.576248882252607,UCEC,EPIC,scaden_ascites_OV,TCGA-B5-A3F9-01A
168,1.4939073651121901e-09,0.0036362754169516,6.88259438334324e-10,0.0983100249315565,0.0431395921718149,0.0026129794901938,0.852301125807316,UCEC,EPIC,scaden_ascites_OV,TCGA-AJ-A2QO-01A
169,0.106198102342725,0.0003365327026107,5.32667723413642e-08,0.406609868157778,0.0401537296638919,0.0146457434304115,0.43205597043581,UCEC,EPIC,scaden_ascites_OV,TCGA-D1-A0ZO-01A
170,0.0039263755530043,0.0061569072950018,2.78902614789136e-07,0.241094995670955,0.0233293309580056,0.0122865125863223,0.713205599034096,UCEC,EPIC,scaden_ascites_OV,TCGA-AP-A1DM-01A
171,1.5261555473727e-07,0.0005986273027528,1.3686070565702702e-09,0.11584445132289,0.0413924849076057,0.0034288517688086,0.838735430713781,UCEC,EPIC,scaden_ascites_OV,TCGA-SL-A6JA-01A
172,0.031527073789757,0.0116052947532461,6.53709948939618e-09,0.266206805106196,0.0534343424519086,0.0433683102828807,0.593858167078912,UCEC,EPIC,scaden_ascites_OV,TCGA-EO-A22T-01A
173,0.0216471420847105,0.0009163257575113,4.5980441081551e-07,0.369492417526854,0.0252976668647785,0.0043664191765778,0.578279568785157,UCEC,EPIC,scaden_ascites_OV,TCGA-B5-A11V-01A
174,0.0249396752823813,0.0023360544728157,3.17602901193807e-08,0.17868826944162,0.0465948425259047,0.0184965634500163,0.728944563066972,UCEC,EPIC,scaden_ascites_OV,TCGA-AP-A051-01A
175,1.32589015843376e-06,2.13438739376343e-06,9.82068241927108e-06,0.389032274937773,0.13005082983027,0.0813847880046577,0.399518826267327,UCEC,EPIC,scaden_ascites_OV,TCGA-AJ-A2QL-01A
176,5.49279852909019e-07,0.0057798661308648,9.58745038439125e-06,0.151492057558235,0.110162912146017,7.12453986823721e-07,0.732554314980659,UCEC,EPIC,scaden_ascites_OV,TCGA-BS-A0TC-01A
177,2.8645476587392103e-10,0.0011690830297937,2.05199771730151e-08,0.212393665627496,0.0202001071898238,0.004811323835385,0.761425799511069,UCEC,EPIC,scaden_ascites_OV,TCGA-B5-A1MS-01B
178,7.34067977170077e-06,0.0093459696495684,3.17070343571346e-07,0.324253917743324,0.0828695119077177,0.0194677442839941,0.564055198665281,UCEC,EPIC,scaden_ascites_OV,TCGA-A5-A0R9-01A
179,5.53596236248323e-07,0.0118954446670548,9.41081109384164e-10,0.112748806871917,0.0520550774125385,1.61746067939562e-07,0.823299954765104,UCEC,EPIC,scaden_ascites_OV,TCGA-A5-A0GV-01A
180,3.67892006104174e-08,0.0043099885444588,8.91160569098054e-08,0.349506867092086,0.0800082141810626,0.007279530564812,0.558895273712323,UCEC,EPIC,scaden_ascites_OV,TCGA-B5-A1MZ-01A
181,1.26599682986731e-07,0.0050054609621357,2.40646071539318e-10,0.0689978345155746,0.0340764626170598,0.0207501998641645,0.871169915200736,UCEC,EPIC,scaden_ascites_OV,TCGA-D1-A1NW-01A
182,2.79963736352558e-08,0.0027284071734994,2.25237887693254e-08,0.0089084487128503,0.0553105287299429,0.0340624398715858,0.898990124991959,UCEC,EPIC,scaden_ascites_OV,TCGA-AX-A2HF-01A
183,1.35268128042871e-08,0.0028751591044912,2.46473667404183e-08,0.234929544636237,0.158718459634173,2.0609009941196e-05,0.603456189440978,UCEC,EPIC,scaden_ascites_OV,TCGA-A5-A2K2-01A
184,1.25924702333482e-07,0.0299250880510082,2.0027737353725e-08,0.482024561454491,0.109989795498549,7.416050916620531e-09,0.378060401627461,UCEC,EPIC,scaden_ascites_OV,TCGA-D1-A102-01A
185,0.290005047254192,0.0001277141147671,6.87708049760512e-09,0.649369919378179,0.0161240710107811,0.0443731322499971,1.09115002618646e-07,UCEC,EPIC,scaden_ascites_OV,TCGA-BS-A0UL-01A
186,0.0356428096997859,4.45942241264158e-06,5.80407359658705e-07,0.597917798096391,0.0327558461909351,0.0072488934346411,0.326429612748474,UCEC,EPIC,scaden_ascites_OV,TCGA-BG-A0MA-01A
187,7.41449495113648e-08,0.0142589923552962,1.48032751552028e-08,0.0762769466716866,0.086864893159713,0.0390013600533977,0.783597718811682,UCEC,EPIC,scaden_ascites_OV,TCGA-EO-A1Y5-01A
188,2.61760267409332e-07,0.0022601781105986,6.98244387351135e-05,0.309722694274013,0.14846833274608,7.53271148011155e-10,0.539478707917034,UCEC,EPIC,scaden_ascites_OV,TCGA-EY-A1GL-01A
189,1.12868079361251e-05,0.0043405093342147,2.86450716460537e-09,0.242788744753028,0.0638912405694425,0.0047347434315194,0.684233472239352,UCEC,EPIC,scaden_ascites_OV,TCGA-A5-A2K7-01A
190,1.45553799018841e-09,0.0021001677688639,2.03045214576579e-06,0.0523056410808782,0.0590042157068012,4.06223718886974e-09,0.886587939473536,UCEC,EPIC,scaden_ascites_OV,TCGA-EO-A2CH-01A
191,0.0062500776779631,2.13949177316139e-07,4.5145672792751e-06,0.235244337119549,0.0303932198145228,0.019377174647094,0.708730462224415,UCEC,EPIC,scaden_ascites_OV,TCGA-A5-A3LO-01A
192,6.54223451046149e-07,0.0149978348313593,1.72032124352551e-08,0.381791487650533,0.103186911547676,0.0396279021137908,0.460395192429978,UCEC,EPIC,scaden_ascites_OV,TCGA-EO-A3B1-01A
193,4.14520575398948e-05,0.0053334293810217,3.73717483999733e-07,0.169405934650404,0.102055750170333,0.0014541674209852,0.721708892602232,UCEC,EPIC,scaden_ascites_OV,TCGA-AJ-A3NC-01A
194,0.0910934483628018,1.80542710409694e-06,2.81826302309635e-07,0.813267617126047,0.0096012506335707,5.46797645554752e-05,0.0859809168596183,UCEC,EPIC,scaden_ascites_OV,TCGA-B5-A11U-01A
195,0.0243484216748621,0.0320181941170826,6.4156298846744e-08,0.786340098706336,0.148063564935046,0.0092288444814541,8.1192892023749e-07,UCEC,EPIC,scaden_ascites_OV,TCGA-D1-A168-01A
196,4.50695285559325e-07,0.0094021627591008,6.66030901135407e-08,0.378678572180092,0.0935282027739572,0.001160986498598,0.517229558489876,UCEC,EPIC,scaden_ascites_OV,TCGA-AP-A0LV-01A
197,1.53929024534705e-06,0.0086508661957012,1.91102363503937e-09,0.0860746602324396,0.0670218230474676,3.48292118526984e-05,0.83821628011127,UCEC,EPIC,scaden_ascites_OV,TCGA-A5-A0VP-01A
198,2.85363180948975e-06,0.0072602594811429,1.82058605998876e-07,0.326850065848085,0.07413737312507,0.0311845433477463,0.560564722507541,UCEC,EPIC,scaden_ascites_OV,TCGA-BK-A0C9-01A
199,7.14430695667136e-05,0.0038419034615166,1.00141514537978e-05,0.475228876080898,0.121242374863659,9.36782230519772e-06,0.399596020550601,UCEC,EPIC,scaden_ascites_OV,TCGA-D1-A16N-01A
200,2.15532515616282e-08,0.0018350604911368,6.001323074789751e-09,0.118919296698551,0.0300414480924992,0.0017628255710892,0.847441341592149,UCEC,EPIC,scaden_ascites_OV,TCGA-K6-A3WQ-01A
201,0.0309626467984311,0.0082202610241264,6.534905283695381e-09,0.151188040364203,0.0472908589170706,6.90704917438286e-05,0.762269115869519,UCEC,EPIC,scaden_ascites_OV,TCGA-D1-A3JP-01A
202,2.51616775623399e-08,6.91453772885726e-08,1.7007919268237102e-09,0.642408885529508,0.0887768165092616,0.0028083783326715,0.266005823620712,UCEC,EPIC,scaden_ascites_OV,TCGA-QS-A744-01A
203,6.86753385724783e-08,1.12409343907308e-05,5.36638090631867e-09,0.215971687972842,0.0511566051505302,1.44760869316309e-08,0.73286037742443,UCEC,EPIC,scaden_ascites_OV,TCGA-BK-A4ZD-01A
204,1.23270955395923e-07,0.001841007336753,7.50453582083337e-08,0.396079813019663,0.229408505892282,1.78609524908942e-07,0.372670296825463,UCEC,EPIC,scaden_ascites_OV,TCGA-AJ-A2QM-01A
205,1.14866662587326e-07,0.0050250545861362,1.96736369908634e-08,0.192694535124725,0.0360265398849565,0.0034065413097868,0.762847194554096,UCEC,EPIC,scaden_ascites_OV,TCGA-FI-A2F8-01A
206,0.0066788175622441,0.0049299309714083,3.94897078017554e-08,0.0755334958628283,0.0241651493324477,0.019699961207627,0.868992605573737,UCEC,EPIC,scaden_ascites_OV,TCGA-AX-A1CA-01A
207,0.143290818111002,2.58126799917284e-06,6.11068453258551e-08,0.263985380537691,0.0138090323651392,0.0087902776884844,0.570121848922839,UCEC,EPIC,scaden_ascites_OV,TCGA-EY-A1GQ-01A
208,0.0490852847594074,0.0034773224806117,4.68393391665128e-09,0.203553038228408,0.0303521007108646,0.0131284372080072,0.700403811928767,UCEC,EPIC,scaden_ascites_OV,TCGA-DI-A1BY-01A
209,7.34282277576625e-08,0.0012264484831087,3.22607301845719e-07,0.214948760837372,0.0529003650073459,0.0010026153518443,0.7299214142848,UCEC,EPIC,scaden_ascites_OV,TCGA-BG-A2AD-01A
210,0.0863052585638689,0.0029537083531409,4.28529480537151e-08,0.308613804084088,0.0640968410101036,0.029743950606724,0.508286394529126,UCEC,EPIC,scaden_ascites_OV,TCGA-EO-A3B0-01A
211,8.58865314974324e-07,0.0178051721141651,3.96792198197372e-07,0.286498986513378,0.109653592470959,0.0274052752368711,0.558635718007114,UCEC,EPIC,scaden_ascites_OV,TCGA-D1-A16X-01A
212,1.57271090517977e-08,0.0026807215240372,2.00671516500605e-08,0.140271797597467,0.0669992359571433,1.49810959459371e-07,0.790048059316132,UCEC,EPIC,scaden_ascites_OV,TCGA-EY-A1H0-01A
213,1.22972935097006e-06,0.004293393301556,2.28789359498071e-08,0.214857548302111,0.0702147987809612,0.0008748308397958,0.70975817616729,UCEC,EPIC,scaden_ascites_OV,TCGA-B5-A3FD-01A
214,0.0356296388077853,1.29052413705799e-07,0.0088699205569568,0.162522129258793,0.0038426452750738,7.99483445486283e-07,0.789134737565531,UCEC,EPIC,scaden_ascites_OV,TCGA-BG-A0YU-01A
215,4.62912811224905e-08,0.004119627101929,3.79728236537884e-10,0.0942501123840385,0.07813508619515,0.0828425667360715,0.740652560911802,UCEC,EPIC,scaden_ascites_OV,TCGA-EO-A3AY-01A
216,0.0034358281418119,6.50848682627379e-07,4.97318122081159e-06,0.435893303993755,0.0326722976291437,0.0146715062907373,0.513321439914649,UCEC,EPIC,scaden_ascites_OV,TCGA-EY-A548-01A
