,B Cells,DC,Endothelial Cells,Fibroblasts,Macrophages,Mast Cells,T Cells,Cancer Cells,cancer_type,algo,reference_dataset,sample_id
0,1.27276161639377e-09,0.0899663499423972,0.0720355830456709,0.0013670373300461,0.0059728203410547,1.27048086701794e-05,1.8956477101021e-10,0.830645503069834,KICH,EPIC,HNSCC_Kurten2021_3CA,TCGA-KL-8325-01A
1,2.48415202676327e-08,0.0156720230192746,0.144039353983676,0.0006351809846652,0.0042751920458522,2.82602520091916e-05,4.01691410947479e-07,0.835349563181591,KICH,EPIC,HNSCC_Kurten2021_3CA,TCGA-KO-8411-01A
2,2.72380899157425e-08,0.0519163227868004,0.0471840803876419,0.0022338985528276,0.0035639545108405,0.0001030202855289,9.65113620490881e-08,0.894998599726909,KICH,EPIC,HNSCC_Kurten2021_3CA,TCGA-KL-8331-01A
3,3.05498311690508e-05,0.005972729476102,0.0494836422399749,0.0004660236968373,0.0037361252321554,2.83708255416721e-06,0.0009686456847201,0.939339446756487,KICH,EPIC,HNSCC_Kurten2021_3CA,TCGA-KO-8409-01A
4,1.41122944241826e-08,0.0275544949961798,0.0566387482406271,0.0025279853985889,0.0088437683948165,0.0001197802491566,0.0004055321566042,0.903909676451732,KICH,EPIC,HNSCC_Kurten2021_3CA,TCGA-KM-8439-01A
5,1.2170250140812e-08,0.0497899201906611,0.114735338270635,0.0013026780284455,0.0069778243165509,6.58826080971168e-06,0.0009171876778288,0.826270451084819,KICH,EPIC,HNSCC_Kurten2021_3CA,TCGA-KN-8423-01A
6,7.55216494274791e-09,0.0933088499329114,0.141509360605921,0.001703956053998,0.0073175094237546,8.07316830580138e-05,6.55048963680805e-08,0.756079519243296,KICH,EPIC,HNSCC_Kurten2021_3CA,TCGA-KL-8339-01A
7,4.83808968645917e-10,0.0733780476449125,0.145082662868801,0.0023707838963374,0.014618342661803,0.0002326623791369,5.67562898338711e-09,0.764317494389571,KICH,EPIC,HNSCC_Kurten2021_3CA,TCGA-KN-8434-01A
8,2.99485274624136e-10,0.0464659876249644,0.115972840258093,0.0020086993351519,0.0103802656882479,3.29880046731082e-05,0.0033972773525661,0.821741941436818,KICH,EPIC,HNSCC_Kurten2021_3CA,TCGA-KL-8342-01A
9,2.17945559173647e-08,0.233031311642624,0.0709893733410985,0.0115853790089908,0.0110972581346839,6.77651647006657e-05,1.48241761177627e-07,0.673228742671585,KICH,EPIC,HNSCC_Kurten2021_3CA,TCGA-KN-8428-01A
10,2.06481414677069e-07,0.021374110689912,0.0645064558067415,0.0012329655469043,0.0053374222142143,4.1308757834761e-05,2.7836858084805702e-09,0.907507527719292,KICH,EPIC,HNSCC_Kurten2021_3CA,TCGA-KO-8416-01A
11,3.78509156991376e-09,0.05011304196805,0.352879957806284,0.0060469664338509,0.0095850351797114,3.85096542267353e-05,1.18404429697584e-07,0.581336366768356,KICH,EPIC,HNSCC_Kurten2021_3CA,TCGA-KL-8344-01A
12,1.47333555049444e-08,0.0211482852175766,0.0695134438861745,0.0080254071612344,0.0179530188255878,0.0001106643450827,1.46727339485871e-07,0.883249019103649,KICH,EPIC,HNSCC_Kurten2021_3CA,TCGA-KM-8441-01A
13,2.08154066600758e-08,0.0583915274050332,0.0668539247960169,0.0054565094011037,0.008150137393878,4.03985026365171e-06,2.67353513365282e-07,0.861143572984784,KICH,EPIC,HNSCC_Kurten2021_3CA,TCGA-KM-8442-01A
14,1.67992527211362e-08,0.055960023811219,0.0526133659585571,0.0015771829501853,0.0017922872962868,1.84860678719785e-05,6.00027257198778e-08,0.888038577113901,KICH,EPIC,HNSCC_Kurten2021_3CA,TCGA-KL-8346-01A
15,4.27033038438642e-08,0.0581035516873708,0.0602312233117235,0.0009521626546259,0.0024475138578756,1.5574582091402e-05,9.9347579891548e-10,0.878249930209533,KICH,EPIC,HNSCC_Kurten2021_3CA,TCGA-KL-8341-01A
16,1.18156923581371e-08,0.0322127654429107,0.0425210861828214,0.0012342638899961,0.002491594877022,1.40071662987621e-05,1.03437357776451e-08,0.921526260281523,KICH,EPIC,HNSCC_Kurten2021_3CA,TCGA-KL-8330-01A
17,4.15814153628813e-08,0.0257085122081694,0.113095984851438,1.19584177295136e-07,0.0023877462276131,1.56242437898548e-05,0.0003946684719643,0.858397302831432,KICH,EPIC,HNSCC_Kurten2021_3CA,TCGA-KN-8431-01A
18,5.2146704313363105e-09,0.0312187662873545,0.0756249988973009,0.0014181582610151,0.0130636136824246,0.0001041453331534,2.62123526798134e-06,0.878567691088813,KICH,EPIC,HNSCC_Kurten2021_3CA,TCGA-KO-8403-01A
19,8.449618161167141e-09,0.158607150455853,0.0893759668845633,0.0165646769856019,0.0286758921108466,3.03989875439853e-05,0.001271797572722,0.705474108553251,KICH,EPIC,HNSCC_Kurten2021_3CA,TCGA-KO-8405-01A
20,1.45929811507546e-09,0.0425226275573583,0.0755855667698171,0.0030378863206762,0.0031307007275868,1.94957817635273e-05,3.853168375070621e-09,0.875703717530332,KICH,EPIC,HNSCC_Kurten2021_3CA,TCGA-KN-8435-01A
21,2.65823571233253e-09,0.0459931507387685,0.127140611945613,0.0015393422536935,0.0058412232221567,1.18309511492603e-05,0.0029338799790448,0.816539958251338,KICH,EPIC,HNSCC_Kurten2021_3CA,TCGA-KN-8419-01A
22,1.67881735407803e-08,0.0200078919962745,0.0612299732340964,0.0013379719284444,0.001718817496009,3.08342198720642e-06,1.13897327509226e-09,0.915702243996041,KICH,EPIC,HNSCC_Kurten2021_3CA,TCGA-KL-8337-01A
23,0.0003677648521944,0.0479968110072486,0.219496212201706,0.0003316686149185,0.0066844053053302,1.37363365681248e-07,2.38428291474291e-08,0.725122976812408,KICH,EPIC,HNSCC_Kurten2021_3CA,TCGA-KL-8332-01A
24,1.09216958633146e-07,0.0571200476051062,0.150564971809278,0.0040855167128954,0.0197646654065991,0.0002062610278986,0.0023566579579324,0.765901770263332,KICH,EPIC,HNSCC_Kurten2021_3CA,TCGA-KO-8413-01A
25,3.81376626551579e-09,0.0404541035175438,0.0438710263079698,0.0002812619389261,0.0017454814288169,8.30720696006377e-06,3.20067806368168e-08,0.913639783779236,KICH,EPIC,HNSCC_Kurten2021_3CA,TCGA-KM-8443-01A
26,0.0183260704568404,0.047973075990973,0.284866765244867,0.0150305952787575,0.0144772014257032,2.13538933333342e-05,0.0043940817148816,0.614910855994644,KICH,EPIC,HNSCC_Kurten2021_3CA,TCGA-KL-8333-01A
27,2.9479342422445104e-09,0.0634236594776097,0.07959583479127,0.0042233090320187,0.0133050862547511,8.64158794250975e-05,9.28343529105252e-08,0.839365598782638,KICH,EPIC,HNSCC_Kurten2021_3CA,TCGA-KL-8334-01A
28,1.6539686825806202e-09,0.657720429580109,0.141089171145172,0.0414867449280301,0.054687326824499,0.0001614031709466,6.35098621834895e-08,0.104854859187413,KICH,EPIC,HNSCC_Kurten2021_3CA,TCGA-KN-8427-01A
29,3.823641505758241e-09,0.0581765682893966,0.0583546819138592,0.0022409929541686,0.0049325295470415,9.21572610774651e-05,0.0006114831828433,0.875591583027972,KICH,EPIC,HNSCC_Kurten2021_3CA,TCGA-KL-8338-01A
30,3.20672117507197e-08,0.0292231372747198,0.166972582077905,0.0020491103067976,0.0083175334423989,2.7010407602967e-06,0.0036453253605639,0.789789578429643,KICH,EPIC,HNSCC_Kurten2021_3CA,TCGA-KN-8432-01A
31,2.01276339089913e-08,0.0611709023859505,0.0852419196139885,0.0023918749310699,0.0090226548857458,6.62989135827355e-06,0.0012041614963064,0.840961836667947,KICH,EPIC,HNSCC_Kurten2021_3CA,TCGA-KO-8410-01A
32,2.96069256740175e-07,0.0196402013343507,0.0533457523847608,0.0034400094692865,0.0093064968138899,1.42692137800896e-05,1.14300082565994e-06,0.91425183171385,KICH,EPIC,HNSCC_Kurten2021_3CA,TCGA-KN-8437-01A
33,0.0004630472780352,0.0451210821187395,0.131461988629708,0.0042314865639293,0.0110379096113245,5.06879008109837e-05,0.0023247593022863,0.805309038595166,KICH,EPIC,HNSCC_Kurten2021_3CA,TCGA-KN-8430-01A
34,1.36768059592078e-09,0.0263321361478662,0.0560609916125812,0.002494445824925,0.0038880208066506,0.0001286381253413,4.87614527289252e-10,0.911095765627341,KICH,EPIC,HNSCC_Kurten2021_3CA,TCGA-KM-8477-01A
35,9.50508672973385e-08,0.0118597878125365,0.0624920735422201,0.0010492023548141,0.0078491798481086,1.18112176582732e-05,0.0054168582968645,0.91132099187693,KICH,EPIC,HNSCC_Kurten2021_3CA,TCGA-KO-8414-01A
36,6.90358933491564e-08,0.110982351698287,0.0861701164266525,0.0020871871754496,0.0055809441581993,2.98034056883861e-05,4.46574561015111e-08,0.795149483442373,KICH,EPIC,HNSCC_Kurten2021_3CA,TCGA-KL-8323-01A
37,6.45584947691787e-13,0.0411350887628834,0.0409909602894758,0.0009250279585673,0.0021408058260805,1.60803000148559e-05,1.59149721436708e-08,0.91479202094736,KICH,EPIC,HNSCC_Kurten2021_3CA,TCGA-KL-8328-01A
38,1.9220326894629e-09,0.0265298232749135,0.0673707914670454,0.0007027648591529,0.0102710086528835,4.37888421416737e-05,0.0006123012711933,0.894469519710637,KICH,EPIC,HNSCC_Kurten2021_3CA,TCGA-KN-8426-01A
39,1.5987983942201e-08,0.205185947790176,0.112465862862607,0.0026974746193398,0.0207754387051298,1.36209460039792e-05,8.76952702355946e-09,0.658861630319232,KICH,EPIC,HNSCC_Kurten2021_3CA,TCGA-KL-8336-01A
40,3.01430665435918e-08,0.110274646002857,0.0659421108235807,0.0044491516627723,0.0204889825899925,0.0002154929577922,0.0028228517524327,0.795806734067506,KICH,EPIC,HNSCC_Kurten2021_3CA,TCGA-KL-8329-01A
41,1.43517218216687e-08,0.050862222443515,0.11012697570426,0.0022826149053647,0.0088753368200145,1.55163137432739e-05,0.0017416157659737,0.826095703695407,KICH,EPIC,HNSCC_Kurten2021_3CA,TCGA-KN-8429-01A
42,4.91287315564134e-09,0.0308868187696367,0.0513306526196409,0.0008477976732292,0.0011665924670294,1.92535244555128e-09,7.41968201310331e-08,0.915768057435418,KICH,EPIC,HNSCC_Kurten2021_3CA,TCGA-KL-8326-01A
43,4.11057661408341e-07,0.0457333837991261,0.0807536898620799,0.0017698642602399,0.0154382692705968,1.34233538723633e-05,6.9120529918742e-09,0.856290951484371,KICH,EPIC,HNSCC_Kurten2021_3CA,TCGA-KN-8425-01A
44,0.0001356764059942,0.0021212535481946,0.0511736433218386,0.0002201702376095,0.0015639710548788,1.71375074762212e-06,3.42303151940325e-05,0.944749341365543,KICH,EPIC,HNSCC_Kurten2021_3CA,TCGA-KL-8327-01A
45,5.103701521865e-08,0.077391949418333,0.0971198410757417,0.0041961276696473,0.0065556151177056,3.02377848331547e-05,2.6159908039336202e-09,0.814706175280733,KICH,EPIC,HNSCC_Kurten2021_3CA,TCGA-KL-8343-01A
46,2.89547992599834e-08,0.0276246035541625,0.102342787676001,0.0016749402352165,0.0023945884705594,1.46600584869025e-05,0.0004200891379193,0.865528301912855,KICH,EPIC,HNSCC_Kurten2021_3CA,TCGA-KL-8324-01A
47,2.45460235802935e-09,0.0205346880569501,0.0813200586407588,0.0039009786351752,0.0095804700653009,4.09571293699275e-05,1.51563389117558e-08,0.884622829861504,KICH,EPIC,HNSCC_Kurten2021_3CA,TCGA-KN-8433-01A
48,2.48391758336336e-08,0.0247854059075254,0.104779214916112,0.0012715350281696,0.0022485052316197,6.56113035402154e-05,4.98291253426186e-05,0.866799873648515,KICH,EPIC,HNSCC_Kurten2021_3CA,TCGA-KO-8417-01A
49,4.87526641359729e-09,0.0642693099072092,0.0673371232805718,0.0041379004136618,0.0117790966234953,0.0014250846085206,0.0017916589249842,0.84925982136629,KICH,EPIC,HNSCC_Kurten2021_3CA,TCGA-KM-8639-01A
50,1.3769312789352e-08,0.0912928249697014,0.101943028021813,0.0039379334391539,0.00573534640697,8.16884645777275e-05,8.419125500096701e-10,0.797009164086559,KICH,EPIC,HNSCC_Kurten2021_3CA,TCGA-KL-8340-01A
51,1.67658154342049e-07,0.108576451243534,0.343257473279032,0.202643249746283,0.345302118436962,0.0001193803859001,0.0001011048610676,5.43890667413504e-08,KICH,EPIC,HNSCC_Kurten2021_3CA,TCGA-KO-8404-01A
52,3.4396386016211502e-09,0.0564670488624787,0.0438588729635194,0.0015436388738968,0.0029486918606439,8.92912088008357e-06,5.46493130040803e-05,0.895118165565938,KICH,EPIC,HNSCC_Kurten2021_3CA,TCGA-KM-8440-01A
53,8.13533369614829e-09,0.0206117762490695,0.0627914553514342,0.0007970341033711,0.0026686968940555,5.00713180499309e-06,0.0001823318896089,0.912943690245322,KICH,EPIC,HNSCC_Kurten2021_3CA,TCGA-KN-8436-01A
54,3.5338040182736e-08,0.0788327732124362,0.108251217028617,0.0030459472535563,0.0180438432613009,0.0002939656348541,2.5434134780780204e-09,0.791532215727782,KICH,EPIC,HNSCC_Kurten2021_3CA,TCGA-KN-8424-01A
55,3.9861995794564e-09,0.0753813082429061,0.0706448435729803,0.0018521682742337,0.0056393358731646,1.18834711994319e-05,1.10456166915118e-09,0.846470455474754,KICH,EPIC,HNSCC_Kurten2021_3CA,TCGA-KO-8406-01A
56,1.81000040815622e-08,0.0126938086091053,0.108766642037066,0.000469485864259,0.0041348379114542,2.38856325419761e-06,0.0002923170504321,0.873640501864425,KICH,EPIC,HNSCC_Kurten2021_3CA,TCGA-KM-8438-01A
57,1.04062651850623e-09,0.0326552243435192,0.0977079803855299,0.0020052025093513,0.003535432960994,6.5363467862522e-05,3.17241283349998e-08,0.864030763567988,KICH,EPIC,HNSCC_Kurten2021_3CA,TCGA-KN-8418-01A
58,3.05788514618971e-09,0.0475962455286579,0.0312144520130495,0.0098785571342653,0.0034865166019341,1.23358528202611e-05,0.000380371512641,0.907431518298747,KICH,EPIC,HNSCC_Kurten2021_3CA,TCGA-KL-8335-01A
59,5.78110920592779e-09,0.0630962443938534,0.0874805294929263,0.0022369371531336,0.0055155327814901,1.51046026969594e-05,8.246467104016951e-09,0.841655637548323,KICH,EPIC,HNSCC_Kurten2021_3CA,TCGA-KL-8345-01A
60,4.07138336006764e-08,0.0303594983509477,0.100119683269688,0.0015136787115744,0.006899914372283,0.0005490857978802,0.0034902954570852,0.857067803326708,KICH,EPIC,HNSCC_Kurten2021_3CA,TCGA-KO-8407-01A
61,3.4819918033783703e-09,0.0831602302329606,0.0272225506622717,0.0012011591611848,0.0029448579065551,1.19895470941795e-05,5.13583746594614e-05,0.885407850633282,KICH,EPIC,HNSCC_Kurten2021_3CA,TCGA-KN-8421-01A
62,4.47706837469494e-08,0.155129240432449,0.0747817364323777,0.0030200465549739,0.0167835319255277,4.2757512801129e-05,3.99923775308582e-09,0.750242638371948,KICH,EPIC,HNSCC_Kurten2021_3CA,TCGA-KO-8415-01A
63,0.0001994310734635,0.0073651437084561,0.047946707992247,0.0014071744629726,0.0024547845603897,6.00984320343565e-06,8.05626657965229e-05,0.940540185693471,KICH,EPIC,HNSCC_Kurten2021_3CA,TCGA-KM-8476-01A
64,0.0007198377455179,0.0492525541572669,0.0708819891196608,0.0102170059268288,0.0040457267743246,1.93546514000278e-05,3.79392130390849e-08,0.864863493685788,KICH,EPIC,HNSCC_Kurten2021_3CA,TCGA-KO-8408-01A
65,1.74935853185136e-06,0.209972210926625,0.0849361737653119,0.0209466741371212,0.0209197844576751,0.0001547716912637,0.0168734132696131,0.646195222393858,UCEC,EPIC,HNSCC_Kurten2021_3CA,TCGA-A5-A0R8-01A
66,0.0050729104044684,0.0612114009938929,0.0659159422624652,0.0152396413984595,0.0096292059323898,1.80620652782108e-05,3.47926884734588e-08,0.842912802150357,UCEC,EPIC,HNSCC_Kurten2021_3CA,TCGA-A5-A0G3-01A
67,4.63315056932767e-08,0.0605278658062902,0.0532683180258119,0.0111131040819058,0.0062168027378018,6.71731532521226e-07,0.0132948812686569,0.855578310016495,UCEC,EPIC,HNSCC_Kurten2021_3CA,TCGA-AP-A054-01A
68,1.20362651217092e-07,0.141739276757274,0.494543597839208,0.0371645682340722,0.0252701247155028,0.0006142733374399,0.0123571281037644,0.288310910650087,UCEC,EPIC,HNSCC_Kurten2021_3CA,TCGA-A5-A0GX-01A
69,9.91530196186708e-05,0.0517276910763097,0.0440556861603722,0.0133968974016181,0.0037458994735729,8.54401848171328e-05,0.0027151971331039,0.884174035550587,UCEC,EPIC,HNSCC_Kurten2021_3CA,TCGA-DI-A2QY-01A
70,0.0548279286714856,0.202543478731001,0.0525282606225036,0.009966140219762,0.080377729151516,4.32973237291639e-06,0.0290088259343292,0.57074330693703,UCEC,EPIC,HNSCC_Kurten2021_3CA,TCGA-EY-A1GC-01A
71,8.25431615349771e-08,0.113981625348827,0.101843554038822,0.018105731361815,0.0124932788939456,2.99326250751032e-05,0.011415641081098,0.742130154107256,UCEC,EPIC,HNSCC_Kurten2021_3CA,TCGA-A5-A0GI-01A
72,7.10422761587291e-07,0.056441952758726,0.031081761519844,0.011223587798001,0.005756033473492,0.000104876779314,0.00022895547118,0.895162121776681,UCEC,EPIC,HNSCC_Kurten2021_3CA,TCGA-D1-A17S-01A
73,8.50002020015943e-06,0.110910705324325,0.0575991213260377,0.0329032107319228,0.0209747746208161,0.0001398420482649,0.0216147024210056,0.755849143507428,UCEC,EPIC,HNSCC_Kurten2021_3CA,TCGA-EY-A5W2-01A
74,5.84109245230009e-08,0.240752151033529,0.0672341424725239,0.0110039758013419,0.0229616772631828,7.70928059061389e-05,0.0052259972793763,0.652744904933215,UCEC,EPIC,HNSCC_Kurten2021_3CA,TCGA-D1-A1NU-01A
75,7.07744700122913e-05,0.224751059756713,0.224836352230083,0.0411482318907097,0.0225797365778103,0.0001921657325104,0.0068541243697405,0.479567554972421,UCEC,EPIC,HNSCC_Kurten2021_3CA,TCGA-BG-A18A-01A
76,0.0042565533695086,0.179364476297191,0.113897864170866,0.0628226748019711,0.0189330710510053,7.46148410927593e-05,0.012985973758904,0.607664771709462,UCEC,EPIC,HNSCC_Kurten2021_3CA,TCGA-AX-A06B-01A
77,0.0038509654411834,0.0620199824535836,0.0442744652433367,0.0202473788680939,0.014367811947101,0.0001674179569953,0.0272838776042835,0.827788100485423,UCEC,EPIC,HNSCC_Kurten2021_3CA,TCGA-E6-A2P9-01A
78,0.0013723766046995,0.152297302816655,0.0601252435854689,0.0306776153622962,0.0395233130997296,2.25901878421636e-05,0.0460599364953282,0.66992162184798,UCEC,EPIC,HNSCC_Kurten2021_3CA,TCGA-PG-A917-01A
79,0.0032945948626431,0.0374651193433648,0.0648080839171484,0.0546200324481715,0.0109486498707357,1.98861516564915e-05,0.0100179981462287,0.818825635260051,UCEC,EPIC,HNSCC_Kurten2021_3CA,TCGA-AX-A3FS-01A
80,6.71280496965158e-07,0.339322120495675,0.0964287655539845,0.0484395528753718,0.0216550833274318,0.0001991729087932,0.0061519732857221,0.487802660272524,UCEC,EPIC,HNSCC_Kurten2021_3CA,TCGA-A5-A2K4-01A
81,5.65343388879715e-07,0.0351464300346707,0.0329127443193587,0.0147791505449395,0.0115671523837168,1.91321883445886e-05,0.0036652272940919,0.901909597891489,UCEC,EPIC,HNSCC_Kurten2021_3CA,TCGA-D1-A1O0-01A
82,1.82893757663642e-07,0.260046202743098,0.0962666991576898,0.039309830113107,0.0207427729385269,0.0001634686679852,0.058921655807141,0.524549187678695,UCEC,EPIC,HNSCC_Kurten2021_3CA,TCGA-B5-A0JS-01A
83,1.69192331876674e-09,0.0800890724963972,0.036088775190012,0.010569946139657,0.0095269311712275,0.0001487819225954,0.0064539314100443,0.857122559978143,UCEC,EPIC,HNSCC_Kurten2021_3CA,TCGA-AX-A1CE-01A
84,9.92612973668863e-08,0.100239802591596,0.0349381484503347,0.0069044975475094,0.0198715403371621,7.6591224487148e-06,0.0138221354668302,0.824216117222821,UCEC,EPIC,HNSCC_Kurten2021_3CA,TCGA-D1-A17F-01A
85,0.0117816895132782,0.196135455063235,0.076549767782272,0.026056806352105,0.028535016513622,4.33165757633241e-05,0.0711835400991403,0.589714408100584,UCEC,EPIC,HNSCC_Kurten2021_3CA,TCGA-EO-A3AV-01A
86,0.0164223071822044,0.357090537802438,0.282708559062919,0.0372040039054275,0.0651785387819891,0.0001935532476195,0.022220792156207,0.218981707861196,UCEC,EPIC,HNSCC_Kurten2021_3CA,TCGA-D1-A17B-01A
87,3.89825962109516e-07,0.102333153463406,0.109714159225393,0.113634355300415,0.0374729627380392,8.20371750317288e-05,0.0423024258794615,0.594460516392292,UCEC,EPIC,HNSCC_Kurten2021_3CA,TCGA-E6-A8L9-01A
88,5.44172755166795e-07,0.0623391449856447,0.0288580590031638,0.0070030250130055,0.0118090671192704,7.03359509411537e-05,0.0218628067778825,0.868057016977337,UCEC,EPIC,HNSCC_Kurten2021_3CA,TCGA-EY-A547-01A
89,3.82374533937224e-08,0.385847626478979,0.103369117495489,0.0556335695891618,0.0401960528438007,0.0002884074098228,0.0089829424500293,0.405682245495264,UCEC,EPIC,HNSCC_Kurten2021_3CA,TCGA-AJ-A3OJ-01A
90,0.025297384543281,0.0696760833595412,0.104113931168205,0.0427217999340952,0.0121302064533065,8.83807307265445e-05,0.0179526851822999,0.728019528628544,UCEC,EPIC,HNSCC_Kurten2021_3CA,TCGA-BS-A0TJ-01A
91,5.071211065533261e-09,0.170384288839951,0.0576108232619891,0.0124241379501222,0.0154043504616007,2.56540491320259e-05,0.0089562796221048,0.735194460743889,UCEC,EPIC,HNSCC_Kurten2021_3CA,TCGA-BG-A0VV-01A
92,0.0075771892256584,0.0797667804163861,0.0512198651350953,0.0130883750386671,0.0184347941244811,1.87538052340898e-05,0.0133762049868689,0.816518037267609,UCEC,EPIC,HNSCC_Kurten2021_3CA,TCGA-D1-A16V-01A
93,1.63961422756219e-09,0.230848509694024,0.10704542349322,0.0343610161988877,0.0369724953998152,5.73088456120227e-05,0.0075227423412544,0.583192502387572,UCEC,EPIC,HNSCC_Kurten2021_3CA,TCGA-EO-A22R-01A
94,0.0252442597139033,0.174870609568644,0.129429528016283,0.0569925371193754,0.0339223690255342,0.0008725197631466,0.021384538077651,0.557283638715462,UCEC,EPIC,HNSCC_Kurten2021_3CA,TCGA-BG-A0MH-01A
95,6.30112212276021e-08,0.0838770240996827,0.0403098487418326,0.017828839329379,0.0072755988990304,9.29848409001838e-05,0.0101803617593993,0.840435279318554,UCEC,EPIC,HNSCC_Kurten2021_3CA,TCGA-EO-A3KX-01A
96,2.71323227133316e-08,0.371766264186721,0.108707964940363,0.0329081144430081,0.0175359711689574,4.26764834315427e-05,1.82916505456297e-08,0.469038963353545,UCEC,EPIC,HNSCC_Kurten2021_3CA,TCGA-AX-A0IS-01A
97,4.01972469832833e-08,0.267106023586838,0.0829021204845404,0.0146648401287402,0.011937439146303,3.7586475718977e-05,1.1575263242277e-08,0.623351938405349,UCEC,EPIC,HNSCC_Kurten2021_3CA,TCGA-EY-A1G8-01A
98,1.79144941156492e-08,0.114820636681351,0.0450239088358758,0.0076317352677013,0.0015807570971442,1.20279786681112e-05,1.58732662232301e-07,0.830930757492103,UCEC,EPIC,HNSCC_Kurten2021_3CA,TCGA-EY-A1GW-01A
99,2.21480446227579e-07,0.195136344805466,0.0574764980895668,0.0121264944038655,0.0205067711124528,0.0002278271007189,2.87302537385528e-08,0.71452581427723,UCEC,EPIC,HNSCC_Kurten2021_3CA,TCGA-BG-A0RY-01A
100,4.20802992157834e-08,0.39405550712957,0.150919376094681,0.0400438832879931,0.0203337485397619,0.0003777709814717,0.0031411315158522,0.391128540370371,UCEC,EPIC,HNSCC_Kurten2021_3CA,TCGA-D1-A1NY-01A
101,1.51368646744453e-08,0.140421134143842,0.0481312044349874,0.0247423389049932,0.0194828727566803,1.94587587925522e-05,0.0039024926861907,0.76330048317765,UCEC,EPIC,HNSCC_Kurten2021_3CA,TCGA-B5-A3S1-01A
102,8.00101920809256e-07,0.0769264198516368,0.063177467264676,0.0231939515116269,0.0374754705873034,4.98751395693058e-06,0.0131104104700115,0.786110492698868,UCEC,EPIC,HNSCC_Kurten2021_3CA,TCGA-A5-A2K5-01A
103,1.80825546285201e-08,0.218718635267838,0.072435902592336,0.0299017460707082,0.0092450902866,0.0001400357574163,0.0033449025318124,0.666213669410734,UCEC,EPIC,HNSCC_Kurten2021_3CA,TCGA-AX-A062-01A
104,0.0514017885424254,0.158615788072559,0.172529691873841,0.0171000699300234,0.14780298525906,2.57056104944357e-05,0.137474669093793,0.315049301617803,UCEC,EPIC,HNSCC_Kurten2021_3CA,TCGA-A5-A0G5-01A
105,4.28020263055646e-08,0.141822812775945,0.0395911605916784,0.0106175672851988,0.0090784453001358,0.0001358380410965,0.0052382743594962,0.793515858844423,UCEC,EPIC,HNSCC_Kurten2021_3CA,TCGA-AP-A0LH-01A
106,1.13842602467234e-08,0.113964996369407,0.0561509883421266,0.0186649809669781,0.012032563745496,0.0001388621477935,0.0024479182349313,0.796599678809007,UCEC,EPIC,HNSCC_Kurten2021_3CA,TCGA-BS-A0WQ-01A
107,0.0010157570278077,0.0068759017587414,0.0228322521225111,0.0035529355227062,0.0010787360143157,2.02697445945285e-05,0.0005620080105728,0.96406213979875,UCEC,EPIC,HNSCC_Kurten2021_3CA,TCGA-FI-A2EY-01A
108,7.98472701557219e-08,0.316419413937139,0.0600484834621752,0.0150985253113895,0.0158667838525633,4.6848343554839e-05,0.0034635094028682,0.58905635584304,UCEC,EPIC,HNSCC_Kurten2021_3CA,TCGA-EY-A549-01A
109,3.58192061404823e-10,0.3198885582317,0.108778266110518,0.0291648227897132,0.0120324553340285,0.000175841942868,0.009624942260201,0.520335112972779,UCEC,EPIC,HNSCC_Kurten2021_3CA,TCGA-FI-A2D0-01A
110,0.0066461591603479,0.0491295062664098,0.0755059597254903,0.0215720052071922,0.0145877476882482,0.0001480111379746,0.0327233369331111,0.799687273881226,UCEC,EPIC,HNSCC_Kurten2021_3CA,TCGA-BS-A0V7-01A
111,3.5910973345197e-08,0.520570866273445,0.120565304944308,0.0139492564084987,0.0218964483270712,2.41618238632998e-05,6.268669932022121e-09,0.32299392004317,UCEC,EPIC,HNSCC_Kurten2021_3CA,TCGA-B5-A1MW-01A
112,4.32489348997852e-06,0.117507279217038,0.152253386689193,0.006467160656799,0.0171005670043998,7.75895355338881e-05,0.0078215300484724,0.698768161955074,UCEC,EPIC,HNSCC_Kurten2021_3CA,TCGA-D1-A17D-01A
113,0.0144108131341212,3.55940238057725e-08,0.0616466570340385,0.0215147304658302,0.0990010174010309,0.0003068345743942,0.380712444222532,0.422407467574029,UCEC,EPIC,HNSCC_Kurten2021_3CA,TCGA-BS-A0TA-01A
114,1.80566588802532e-07,0.14875980465373,0.140800659208581,0.0176223781981757,0.0641812022803603,0.0001712244277484,0.094920593417776,0.53354395724704,UCEC,EPIC,HNSCC_Kurten2021_3CA,TCGA-AX-A05Z-01A
115,0.0219749301703742,0.0538048050337811,0.0442983534871825,0.0059814252372563,0.0126654345046152,3.94892759430983e-05,0.0147882429695584,0.846447319321289,UCEC,EPIC,HNSCC_Kurten2021_3CA,TCGA-D1-A17L-01A
116,0.0021642342570211,0.182228096853513,0.0515057644943008,0.0079468080520996,0.0215331696960208,0.0002786994312454,0.0150299394702263,0.719313287745573,UCEC,EPIC,HNSCC_Kurten2021_3CA,TCGA-A5-A0GQ-01A
117,0.0582527429312572,0.136016226684733,0.0688748677441848,0.0189213373686568,0.0223623531569671,1.99746703503223e-05,0.022060495956263,0.673492001487588,UCEC,EPIC,HNSCC_Kurten2021_3CA,TCGA-AX-A3G1-01A
118,9.22925834277414e-09,0.117099269467838,0.0670844743225633,0.0232013703565045,0.0095118221456229,0.0002419148366998,8.62373592102867e-08,0.782861053404154,UCEC,EPIC,HNSCC_Kurten2021_3CA,TCGA-BK-A0CC-01A
119,0.0981039259792163,0.112795699804214,0.0894352985440209,0.0172127722235591,0.133982468390982,1.44145261032647e-08,0.102848995079151,0.445620825564331,UCEC,EPIC,HNSCC_Kurten2021_3CA,TCGA-D1-A1O8-01A
120,4.40871334423688e-08,0.216607112188202,0.0915119903006832,0.0186998576335424,0.0712942054359702,0.0006183408735063,0.0076676814018975,0.593600768079065,UCEC,EPIC,HNSCC_Kurten2021_3CA,TCGA-DI-A1NN-01A
121,2.00512629491453e-08,0.197692554285214,0.0674964088682212,0.0266724535039631,0.0144622329304085,3.50012731199734e-05,0.0108759085127029,0.682765420575108,UCEC,EPIC,HNSCC_Kurten2021_3CA,TCGA-B5-A0K9-01A
122,1.96360546873779e-08,0.462509537613111,0.10266704932955,0.0150223398956003,0.049613842153491,2.37247516829931e-05,0.009767120496329,0.360396366124181,UCEC,EPIC,HNSCC_Kurten2021_3CA,TCGA-FI-A2CY-01A
123,1.78592554850236e-07,0.143100503855118,0.0611457379355289,0.0180048170497988,0.0136799584659387,3.74836671856926e-06,0.0123432502441769,0.751721805490166,UCEC,EPIC,HNSCC_Kurten2021_3CA,TCGA-AP-A1DR-01A
124,6.84321052003273e-10,0.0543765284096938,0.0264904688688835,0.0027788633211717,0.0019078270934457,4.37608615965621e-05,0.0005049294873622,0.913897621273525,UCEC,EPIC,HNSCC_Kurten2021_3CA,TCGA-B5-A11Q-01A
125,0.0072939663076534,0.147046680165002,0.106575664700596,0.0708165465932069,0.0236444781177878,0.0001851928942537,0.0174207300154083,0.627016741206091,UCEC,EPIC,HNSCC_Kurten2021_3CA,TCGA-BS-A0U7-01A
126,9.43017068594602e-10,0.40885328939632,0.149249032109726,0.0245732219991375,0.016599557892903,0.0005918502882031,0.0014183161445168,0.398714731226176,UCEC,EPIC,HNSCC_Kurten2021_3CA,TCGA-A5-A0VQ-01A
127,2.93039196497809e-08,0.233406950343962,0.0746003982775025,0.0177973244767415,0.0156285742230199,0.0001542296992263,0.0115078335522076,0.646904660123421,UCEC,EPIC,HNSCC_Kurten2021_3CA,TCGA-BS-A0TE-01A
128,3.2074315127096e-08,0.35664971562238,0.117505161128459,0.057212286041413,0.0203439273468488,8.75158595026657e-05,0.0021194363472309,0.446081925579851,UCEC,EPIC,HNSCC_Kurten2021_3CA,TCGA-BS-A0T9-01A
129,0.0002421289088125,0.0185763030878853,0.0496932551823577,0.0039965892990429,0.0061713901983896,1.85981580085164e-06,0.0017774490174976,0.919541024490213,UCEC,EPIC,HNSCC_Kurten2021_3CA,TCGA-AW-A1PO-01A
130,1.73347893400436e-08,0.0897633629592812,0.0292447967317867,0.0150145127283704,0.0098320577440882,3.56463164636706e-05,4.41397584138828e-05,0.856065466426806,UCEC,EPIC,HNSCC_Kurten2021_3CA,TCGA-AJ-A3I9-01A
131,4.68564664908282e-09,0.180540229681444,0.0660495002887169,0.0220196997402462,0.0303688029940223,0.0001018093128141,0.0222908349002545,0.678629118396855,UCEC,EPIC,HNSCC_Kurten2021_3CA,TCGA-AJ-A8CV-01A
132,3.17619702265092e-09,0.184689198293151,0.0603952055466312,0.0171050402199982,0.0128654473686294,3.1594369203288e-05,0.0080835450893647,0.716829965936825,UCEC,EPIC,HNSCC_Kurten2021_3CA,TCGA-B5-A121-01A
133,1.07373512778184e-07,0.0999351902292179,0.0584400592562356,0.0409979054177058,0.0077612699897644,0.0001479617794055,6.10836212874924e-05,0.79265642233287,UCEC,EPIC,HNSCC_Kurten2021_3CA,TCGA-AX-A1CN-01A
134,5.2907946190783e-09,0.247308934182073,0.0961605638716666,0.0107643821473959,0.0253395189523175,6.57261570922132e-05,0.0080538903164736,0.612306979082187,UCEC,EPIC,HNSCC_Kurten2021_3CA,TCGA-BK-A139-01A
135,1.68303048624024e-07,0.112065050668244,0.0786201414687781,0.0238306416878909,0.010184415793399,9.67434380854974e-05,3.1823386098578e-07,0.775202520406693,UCEC,EPIC,HNSCC_Kurten2021_3CA,TCGA-EY-A1G7-01A
136,7.24326601299243e-06,0.189022997923299,0.0726778122890094,0.0347713768945354,0.0379014079409325,2.63856991158115e-05,0.0212251582126909,0.644367617774404,UCEC,EPIC,HNSCC_Kurten2021_3CA,TCGA-BK-A6W3-01A
137,2.80453909004969e-09,2.15470135954035e-07,4.43372576096103e-09,6.82328862584348e-08,0.999999321805053,8.643167612681541e-09,9.4957457139613e-08,2.83653034954969e-07,UCEC,EPIC,HNSCC_Kurten2021_3CA,TCGA-FI-A2CX-01A
138,2.66467960174941e-06,0.198155723847315,0.0497120399528088,0.0115072006763764,0.0111835120747383,2.71311433999356e-05,0.0001460814225922,0.729265646203168,UCEC,EPIC,HNSCC_Kurten2021_3CA,TCGA-DI-A2QU-01A
139,2.06655105613243e-09,0.293857413482606,0.0651709745345547,0.0127652343295947,0.0134853739043711,5.49987602276804e-05,0.0082655534621269,0.606400449459968,UCEC,EPIC,HNSCC_Kurten2021_3CA,TCGA-AP-A0LT-01A
140,0.000120199635076,0.273340845565244,0.0967312581928462,0.0352176564412209,0.0175984375006411,5.14429179609612e-10,0.0001108597085928,0.57688074244195,UCEC,EPIC,HNSCC_Kurten2021_3CA,TCGA-EO-A3AS-01A
141,2.22999950146215e-08,0.144688240657507,0.076893319066727,0.0039936510748861,0.0232928072832702,0.0001411745949253,0.0099777429902935,0.741013042032396,UCEC,EPIC,HNSCC_Kurten2021_3CA,TCGA-E6-A1LZ-01A
142,7.259753307896461e-09,0.080241726508495,0.0368186755109743,0.0031149064376331,0.0032613603233034,1.19144015115183e-05,0.0201401696779223,0.856411239880407,UCEC,EPIC,HNSCC_Kurten2021_3CA,TCGA-AP-A1DO-01A
143,3.31199185155555e-07,0.154611345259608,0.117650234477907,0.0300056628638846,0.0120035538989726,2.79805879150292e-05,1.16812151897089e-07,0.685700774900376,UCEC,EPIC,HNSCC_Kurten2021_3CA,TCGA-AX-A2HC-01A
144,1.65971538652249e-08,0.372056852493911,0.110868643948658,0.0301000159239975,0.0245925502143491,0.0001760172395402,0.0358954231617776,0.426310480420613,UCEC,EPIC,HNSCC_Kurten2021_3CA,TCGA-EC-A1QX-01A
145,1.97845042037608e-07,0.0616935632071951,0.042228663725244,0.0091213380229866,0.0073657705331625,3.6239763889336e-05,0.0163797547151799,0.8631744721873,UCEC,EPIC,HNSCC_Kurten2021_3CA,TCGA-A5-A0GB-01A
146,1.57664609132199e-08,0.280206550687766,0.103670228804467,0.0143628930156386,0.0458791019892876,3.95815394064011e-05,0.0398328343967467,0.516008793800227,UCEC,EPIC,HNSCC_Kurten2021_3CA,TCGA-B5-A11Y-01A
147,0.0028904339009024,0.100503556857974,0.0868962443310167,0.0802123566069924,0.0266932557418266,0.000603231173337,0.0111210233232325,0.691079898064718,UCEC,EPIC,HNSCC_Kurten2021_3CA,TCGA-AJ-A3IA-01A
148,4.0323578625642805e-09,0.352270752345163,0.102021885262005,0.0111604597050204,0.0199076719839406,1.05893844337762e-05,0.0037794417716392,0.51084919551544,UCEC,EPIC,HNSCC_Kurten2021_3CA,TCGA-D1-A1NS-01A
149,0.0384471065620824,0.0598799835704332,0.044329663537108,0.0109753466595427,0.0302340266167113,4.3170883970604e-09,0.0188730783600553,0.797260790376979,UCEC,EPIC,HNSCC_Kurten2021_3CA,TCGA-AX-A2H2-01A
150,4.50287717163852e-08,0.333020352872919,0.0803210618464137,0.0185876042338792,0.0234440904128927,8.21130237304751e-05,1.16709027629645e-08,0.54454472091049,UCEC,EPIC,HNSCC_Kurten2021_3CA,TCGA-D1-A162-01A
151,1.26298820432927e-07,0.326773464258639,0.129116589782181,0.0236699551764138,0.0119474985483252,5.6763205821097e-05,1.4043091883395e-07,0.508435462298881,UCEC,EPIC,HNSCC_Kurten2021_3CA,TCGA-AP-A0LG-01A
152,6.98202693776224e-08,0.389465328466738,0.111297081297939,0.0387329532496508,0.0746329669907526,0.0003749083164011,0.0509383758595884,0.334558315998661,UCEC,EPIC,HNSCC_Kurten2021_3CA,TCGA-DF-A2KN-01A
153,7.79280195137876e-11,0.177975267274735,0.0702734581886835,0.0128028465568972,0.0044357583013733,1.42010995396284e-05,3.06092742043349e-08,0.73449843789157,UCEC,EPIC,HNSCC_Kurten2021_3CA,TCGA-AX-A1C4-01A
154,9.14171128570448e-06,0.138305765339487,0.0983851364243904,0.0532250213304413,0.0286328732834902,4.45723522599328e-05,0.0014004287904707,0.679997060768174,UCEC,EPIC,HNSCC_Kurten2021_3CA,TCGA-AJ-A3EJ-01A
155,2.83720071313643e-08,0.110042049483433,0.0545570091227691,0.0864279329161003,0.0108073603990967,3.71746956146971e-05,0.003178288146413,0.734950156864566,UCEC,EPIC,HNSCC_Kurten2021_3CA,TCGA-BK-A26L-01C
156,8.558523450854891e-09,0.127630614065966,0.0030474809132179,0.0042530782680967,0.460337240957889,4.87510279547093e-06,0.404726700591423,1.5420888383018102e-09,UCEC,EPIC,HNSCC_Kurten2021_3CA,TCGA-A5-A2K3-01A
157,0.0006568476132694,0.0618268374330898,0.0873905259596568,0.0215261081683061,0.003639108694545,2.61137164948134e-05,1.37641170509642e-07,0.824934320773467,UCEC,EPIC,HNSCC_Kurten2021_3CA,TCGA-AP-A05H-01A
158,5.087366458776631e-09,0.0472863734241016,0.0373106997234914,0.0030699411535231,0.0096571488088128,0.0012444741020547,0.0012431757736127,0.900188181927037,UCEC,EPIC,HNSCC_Kurten2021_3CA,TCGA-AX-A3FV-01A
159,1.75231795384274e-07,0.556307928481198,0.178955811000993,0.0399790995786287,0.0312400745591053,0.0001265409800965,4.88455603063076e-06,0.193385485612152,UCEC,EPIC,HNSCC_Kurten2021_3CA,TCGA-D1-A16F-01A
160,0.015916907672411,0.0558111609534495,0.0308564104942902,0.013580021972209,0.0392115986112949,0.0002369254814738,0.0716248378793894,0.772762136935482,UCEC,EPIC,HNSCC_Kurten2021_3CA,TCGA-JU-AAVI-01A
161,0.0008905755287185,0.113320931750501,0.0764449659577175,0.0231677974668745,0.0163988688090007,0.0001828116703115,0.0188535897497908,0.750740459067085,UCEC,EPIC,HNSCC_Kurten2021_3CA,TCGA-AX-A06L-01A
162,8.06679889765678e-08,0.129036648783073,0.0632396553386936,0.0508590665152093,0.0131951892926909,5.96620401612443e-05,0.0009148747124246,0.742694822649759,UCEC,EPIC,HNSCC_Kurten2021_3CA,TCGA-BG-A3PP-01A
163,2.95608421058503e-07,0.286270884656442,0.189278518214675,0.126960839953364,0.0748390245242752,7.70124068861063e-05,0.14879617540201,0.173777249233926,UCEC,EPIC,HNSCC_Kurten2021_3CA,TCGA-B5-A1MU-01A
164,1.00529288306043e-08,0.272842651183833,0.0640215654623313,0.0151939223899621,0.0185395236759712,3.45989348483817e-05,0.0027627955055215,0.626604932794603,UCEC,EPIC,HNSCC_Kurten2021_3CA,TCGA-A5-A0RA-01A
165,2.35093004849536e-08,0.145046342711591,0.0563439761879632,0.0386085443391686,0.0123293686869845,4.92391686471586e-05,0.0042786291046759,0.743343876291669,UCEC,EPIC,HNSCC_Kurten2021_3CA,TCGA-BG-A0MK-01A
166,1.99642359506005e-08,0.312499666699303,0.079940599326663,0.0310390345703412,0.0123658479885443,7.78162690566477e-05,0.0156227995383628,0.548454215643494,UCEC,EPIC,HNSCC_Kurten2021_3CA,TCGA-EO-A3L0-01A
167,1.56269550359052e-08,0.231633861340044,0.0637648534871974,0.0325736302001894,0.0282102952428796,5.15384494957096e-05,0.006568168927081,0.637197636726158,UCEC,EPIC,HNSCC_Kurten2021_3CA,TCGA-B5-A3F9-01A
168,3.5878646551426e-08,0.117437823208632,0.0494798141192061,0.0136986851716477,0.0134140448376431,9.60787337777461e-06,0.0031624946017397,0.802797494309107,UCEC,EPIC,HNSCC_Kurten2021_3CA,TCGA-AJ-A2QO-01A
169,0.000162014784195,0.142784732811355,0.0848774622330594,0.0550430927534112,0.0163271775289801,0.0002325281164715,0.017345906901824,0.683227084870704,UCEC,EPIC,HNSCC_Kurten2021_3CA,TCGA-D1-A0ZO-01A
170,8.743693657716071e-09,0.104337488888657,0.0747118215666754,0.0318052675502722,0.0048091836674952,0.000238263632078,0.0136778609235237,0.770420105027604,UCEC,EPIC,HNSCC_Kurten2021_3CA,TCGA-AP-A1DM-01A
171,1.2444366889017e-08,0.134530820570515,0.0474962013964504,0.0088691078885074,0.0080789956786406,5.91915736936404e-05,0.0003168660449148,0.800648804402911,UCEC,EPIC,HNSCC_Kurten2021_3CA,TCGA-SL-A6JA-01A
172,0.0058410276660123,0.140713692976504,0.0912502334086574,0.0374227769054959,0.0231942470181388,0.0002262481655537,0.0278163422469367,0.673535431612701,UCEC,EPIC,HNSCC_Kurten2021_3CA,TCGA-EO-A22T-01A
173,2.01862479868407e-07,0.121481686564919,0.120383507614907,0.0359650984981895,0.0075567043431016,5.22069169865533e-05,0.0039248591144916,0.710635735084925,UCEC,EPIC,HNSCC_Kurten2021_3CA,TCGA-B5-A11V-01A
174,0.0124658491665049,0.055351742536462,0.0516556503384264,0.0225310741182753,0.0351261077557334,0.0001270561735619,0.0115688647308508,0.811173655180185,UCEC,EPIC,HNSCC_Kurten2021_3CA,TCGA-AP-A051-01A
175,6.02765588893036e-07,0.295151049696177,0.0655228533698247,0.0329236785298286,0.0452796140752089,0.0028465249429933,0.0273772420860445,0.530898434534334,UCEC,EPIC,HNSCC_Kurten2021_3CA,TCGA-AJ-A2QL-01A
176,6.28693817898641e-08,0.299650482153606,0.0761062777553622,0.0100145920855788,0.0193790341932147,1.3869560002777601e-09,4.46714796164641e-06,0.594845082407939,UCEC,EPIC,HNSCC_Kurten2021_3CA,TCGA-BS-A0TC-01A
177,2.45893324857075e-08,0.0852344701636359,0.0609463640225186,0.0316879986413983,0.0052118776617978,2.27992747891647e-05,0.0047167523411705,0.812179713305357,UCEC,EPIC,HNSCC_Kurten2021_3CA,TCGA-B5-A1MS-01B
178,4.95441492900284e-08,0.210197872666567,0.103185167623185,0.0335487158410989,0.0272914249358497,9.52079567728682e-05,0.0128818800218805,0.612799681410497,UCEC,EPIC,HNSCC_Kurten2021_3CA,TCGA-A5-A0R9-01A
179,3.6505502794505403e-09,0.175023329695071,0.0649041455478041,0.0105521248611827,0.0060848008380448,9.44269335863264e-06,4.73014413967016e-07,0.743425679699575,UCEC,EPIC,HNSCC_Kurten2021_3CA,TCGA-A5-A0GV-01A
180,4.58038803346108e-08,0.24298665947837,0.0805406436448817,0.0442849088668364,0.0235314366420755,0.0007399953793065,0.0086356262827263,0.599280683901923,UCEC,EPIC,HNSCC_Kurten2021_3CA,TCGA-B5-A1MZ-01A
181,0.0054861848112844,0.0636313304310346,0.0432455069421091,0.0129951139139495,0.0180963361225497,0.0004177688254699,0.0162750090297045,0.839852749923898,UCEC,EPIC,HNSCC_Kurten2021_3CA,TCGA-D1-A1NW-01A
182,4.22636983641749e-08,0.082437930191505,0.0398705923119595,0.0060966131674458,0.027624326435679,6.36030965588996e-05,0.0157501032063435,0.82815678932681,UCEC,EPIC,HNSCC_Kurten2021_3CA,TCGA-AX-A2HF-01A
183,1.52174356721866e-08,0.431185066351223,0.0741025732812516,0.0109314713470855,0.0155531530435115,0.0002939081959258,1.04018218970666e-05,0.46792341074167,UCEC,EPIC,HNSCC_Kurten2021_3CA,TCGA-A5-A2K2-01A
184,2.08156443938442e-07,0.301316476489687,0.108257173477874,0.0534952879305856,0.0300810627652735,3.94445586211465e-05,0.0091642045894488,0.497646142032065,UCEC,EPIC,HNSCC_Kurten2021_3CA,TCGA-D1-A102-01A
185,0.0132269464367798,0.103151153683895,0.120123899203112,0.0912849425620983,0.0157158862503867,0.0006888312584943,0.040446830193783,0.615361510411451,UCEC,EPIC,HNSCC_Kurten2021_3CA,TCGA-BS-A0UL-01A
186,2.51465713300394e-06,0.148316973103813,0.112462758517984,0.0484476949575442,0.0162757474937489,0.0002999597303433,0.0036035375972774,0.670590813942156,UCEC,EPIC,HNSCC_Kurten2021_3CA,TCGA-BG-A0MA-01A
187,0.0016076670907988,0.12443497114832,0.0781471405264028,0.0189821886207293,0.047051245663588,1.69918728083738e-05,0.0308560334273394,0.698903761650013,UCEC,EPIC,HNSCC_Kurten2021_3CA,TCGA-EO-A1Y5-01A
188,8.02302578703361e-06,0.409789382909808,0.117716736104149,0.0265827828722179,0.0161885804876531,7.80266770798468e-05,6.38920459011914e-08,0.429636404031259,UCEC,EPIC,HNSCC_Kurten2021_3CA,TCGA-EY-A1GL-01A
189,4.70980041028893e-08,0.140947445384554,0.0720524061823923,0.0388708945853088,0.0273914751277447,0.0001885575711475,6.36521663788154e-07,0.720548537529185,UCEC,EPIC,HNSCC_Kurten2021_3CA,TCGA-A5-A2K7-01A
190,4.82872122765023e-09,0.17149575107921,0.0513981282997833,0.0046249590440435,0.0108124650182381,8.52517393746688e-05,7.88517909707266e-06,0.761575554811532,UCEC,EPIC,HNSCC_Kurten2021_3CA,TCGA-EO-A2CH-01A
191,1.33848142741545e-08,0.122659748973621,0.0518134624514777,0.0245490877671599,0.006652065809547,0.0001621870479561,0.0150806062457275,0.779082828319697,UCEC,EPIC,HNSCC_Kurten2021_3CA,TCGA-A5-A3LO-01A
192,1.29203918805499e-07,0.299167549293437,0.1338713847339,0.0479960359968082,0.0250878980554366,0.0005605039062581,0.029316573537699,0.463999925272543,UCEC,EPIC,HNSCC_Kurten2021_3CA,TCGA-EO-A3B1-01A
193,1.43141672442875e-08,0.296057742686491,0.0857521900419806,0.0163593220969686,0.0135438522111142,6.10849313090398e-05,0.0052877221825531,0.582938071535416,UCEC,EPIC,HNSCC_Kurten2021_3CA,TCGA-AJ-A3NC-01A
