,Plasma B cells,Non-plasma B cells,CD4 T,CD8 T effector,CD8 T (GZMK high),Double-neg-like T,DC,Endothelial Cells,CAFs,Myofibroblasts,Macrophages,Mast Cells,NK,Neutrophils,Monocytes,1-others,Cancer Cells
TCGA-HQ-A5NE-01A,0.000,0.000,0.018,0.007,0.000,0.000,0.007,0.090,0.086,0.015,0.021,0.011,0.000,0.001,0.000,0.744,0.744
TCGA-FD-A5BT-01A,0.010,0.000,0.019,0.021,0.016,0.000,0.011,0.008,0.349,0.012,0.153,0.006,0.002,0.000,0.001,0.392,0.392
TCGA-DK-A3IQ-01A,0.001,0.000,0.008,0.001,0.000,0.000,0.008,0.064,0.619,0.056,0.052,0.008,0.000,0.000,0.000,0.182,0.182
TCGA-ZF-AA4X-01A,0.000,0.000,0.003,0.019,0.000,0.000,0.029,0.004,0.000,0.003,0.004,0.001,0.000,0.000,0.000,0.937,0.937
TCGA-GD-A3OQ-01A,0.000,0.000,0.007,0.004,0.000,0.000,0.002,0.028,0.009,0.004,0.011,0.006,0.000,0.000,0.000,0.928,0.928
TCGA-ZF-AA51-01A,0.033,0.000,0.036,0.012,0.001,0.000,0.011,0.030,0.081,0.009,0.075,0.008,0.000,0.001,0.018,0.686,0.686
TCGA-FD-A3SS-01A,0.000,0.000,0.005,0.009,0.000,0.000,0.001,0.008,0.033,0.022,0.017,0.002,0.000,0.001,0.000,0.903,0.903
TCGA-DK-AA71-01A,0.000,0.000,0.008,0.013,0.000,0.000,0.000,0.016,0.005,0.007,0.018,0.001,0.000,0.000,0.000,0.932,0.932
TCGA-4Z-AA83-01A,0.000,0.000,0.004,0.015,0.000,0.000,0.024,0.045,0.000,0.034,0.023,0.003,0.000,0.000,0.000,0.853,0.853
TCGA-ZF-A9R4-01A,0.000,0.000,0.001,0.025,0.000,0.000,0.008,0.015,0.000,0.002,0.026,0.000,0.000,0.000,0.000,0.922,0.922
TCGA-BT-A20P-01A,0.000,0.000,0.001,0.003,0.000,0.000,0.000,0.027,0.000,0.017,0.016,0.000,0.000,0.000,0.000,0.936,0.936
TCGA-HQ-A2OE-01A,0.003,0.000,0.011,0.000,0.001,0.000,0.005,0.019,0.000,0.007,0.007,0.001,0.000,0.000,0.004,0.941,0.941
TCGA-R3-A69X-01A,0.006,0.004,0.027,0.018,0.004,0.000,0.019,0.074,0.100,0.057,0.080,0.008,0.000,0.001,0.001,0.602,0.602
TCGA-BT-A3PH-01A,0.000,0.000,0.002,0.004,0.003,0.000,0.000,0.027,0.001,0.013,0.017,0.003,0.000,0.000,0.000,0.930,0.930
TCGA-UY-A9PA-01A,0.000,0.000,0.007,0.038,0.000,0.000,0.037,0.033,0.000,0.001,0.021,0.004,0.000,0.000,0.000,0.858,0.858
TCGA-BL-A13J-01B,0.006,0.002,0.011,0.037,0.004,0.010,0.004,0.048,0.108,0.017,0.022,0.002,0.000,0.004,0.002,0.721,0.721
TCGA-CF-A3MI-01A,0.001,0.000,0.000,0.000,0.000,0.000,0.007,0.016,0.000,0.023,0.007,0.002,0.000,0.000,0.000,0.944,0.944
TCGA-XF-AAMW-01A,0.003,0.000,0.024,0.004,0.000,0.000,0.012,0.063,0.085,0.003,0.042,0.003,0.000,0.000,0.000,0.761,0.761
TCGA-H4-A2HQ-01A,0.007,0.000,0.007,0.015,0.001,0.000,0.001,0.041,0.000,0.003,0.012,0.001,0.000,0.000,0.000,0.912,0.912
TCGA-HQ-A5ND-01A,0.000,0.000,0.004,0.013,0.000,0.000,0.000,0.038,0.001,0.008,0.001,0.000,0.000,0.000,0.000,0.935,0.935
TCGA-K4-A6FZ-01A,0.001,0.000,0.018,0.016,0.000,0.000,0.018,0.069,0.000,0.004,0.027,0.007,0.000,0.001,0.001,0.837,0.837
TCGA-DK-A3IV-01A,0.001,0.021,0.061,0.033,0.011,0.000,0.035,0.014,0.000,0.005,0.045,0.002,0.000,0.001,0.000,0.770,0.770
TCGA-E7-A3X6-01A,0.001,0.000,0.019,0.050,0.000,0.000,0.006,0.067,0.027,0.017,0.033,0.002,0.000,0.000,0.000,0.776,0.776
TCGA-BT-A42F-01A,0.050,0.000,0.021,0.014,0.015,0.000,0.018,0.017,0.006,0.013,0.055,0.006,0.000,0.001,0.001,0.782,0.782
TCGA-UY-A8OB-01A,0.000,0.000,0.007,0.039,0.000,0.000,0.000,0.008,0.009,0.004,0.025,0.008,0.000,0.000,0.000,0.900,0.900
TCGA-DK-A1A3-01A,0.011,0.000,0.015,0.003,0.003,0.000,0.014,0.025,0.093,0.012,0.082,0.007,0.000,0.000,0.000,0.736,0.736
TCGA-DK-AA6X-01A,0.000,0.004,0.033,0.000,0.011,0.000,0.057,0.048,0.041,0.015,0.057,0.004,0.000,0.000,0.000,0.729,0.729
TCGA-G2-A3IE-01A,0.005,0.000,0.009,0.000,0.000,0.000,0.001,0.024,0.000,0.010,0.024,0.004,0.000,0.000,0.000,0.924,0.924
TCGA-FD-A5BU-01A,0.008,0.002,0.019,0.009,0.001,0.000,0.015,0.076,0.129,0.038,0.036,0.005,0.000,0.001,0.000,0.661,0.661
TCGA-C4-A0EZ-01A,0.000,0.000,0.009,0.004,0.004,0.000,0.001,0.034,0.000,0.029,0.003,0.000,0.000,0.000,0.000,0.915,0.915
TCGA-FD-A3B3-01A,0.018,0.000,0.036,0.043,0.010,0.000,0.020,0.079,0.153,0.031,0.053,0.003,0.000,0.002,0.006,0.545,0.545
TCGA-FD-A5BZ-01A,0.010,0.000,0.017,0.007,0.001,0.000,0.003,0.049,0.350,0.034,0.038,0.009,0.000,0.000,0.000,0.481,0.481
TCGA-C4-A0F7-01A,0.000,0.000,0.010,0.000,0.000,0.000,0.001,0.092,0.001,0.015,0.003,0.002,0.000,0.000,0.003,0.872,0.872
TCGA-XF-AAMR-01A,0.000,0.000,0.014,0.019,0.000,0.000,0.018,0.125,0.147,0.143,0.087,0.014,0.000,0.000,0.000,0.433,0.433
TCGA-XF-AAN7-01A,0.000,0.000,0.017,0.010,0.000,0.000,0.004,0.100,0.138,0.092,0.022,0.004,0.000,0.000,0.000,0.612,0.612
TCGA-UY-A8OD-01A,0.009,0.003,0.014,0.009,0.001,0.000,0.009,0.011,0.151,0.058,0.076,0.008,0.000,0.000,0.000,0.651,0.651
TCGA-FD-A3SP-01A,0.007,0.000,0.026,0.017,0.013,0.000,0.036,0.058,0.394,0.012,0.147,0.005,0.000,0.000,0.000,0.284,0.284
TCGA-DK-A2HX-01A,0.000,0.000,0.012,0.007,0.000,0.000,0.010,0.067,0.251,0.042,0.049,0.005,0.000,0.000,0.000,0.558,0.558
TCGA-CF-A8HX-01A,0.000,0.000,0.000,0.000,0.000,0.000,0.002,0.005,0.000,0.005,0.004,0.000,0.000,0.000,0.000,0.984,0.984
TCGA-E7-A85H-01A,0.004,0.000,0.024,0.013,0.006,0.000,0.005,0.007,0.044,0.008,0.053,0.001,0.000,0.000,0.000,0.834,0.834
TCGA-ZF-A9RL-01A,0.000,0.000,0.001,0.002,0.000,0.000,0.002,0.014,0.000,0.005,0.007,0.001,0.000,0.000,0.000,0.967,0.967
TCGA-UY-A9PB-01A,0.026,0.000,0.034,0.049,0.010,0.000,0.008,0.046,0.192,0.008,0.138,0.005,0.000,0.000,0.000,0.483,0.483
TCGA-GV-A3JV-01A,0.013,0.004,0.025,0.004,0.019,0.000,0.011,0.066,0.060,0.029,0.037,0.006,0.000,0.000,0.000,0.726,0.726
TCGA-GD-A6C6-01A,0.000,0.000,0.009,0.010,0.000,0.000,0.000,0.002,0.000,0.013,0.025,0.003,0.000,0.000,0.000,0.937,0.937
TCGA-XF-A9SW-01A,0.004,0.003,0.013,0.010,0.001,0.000,0.017,0.102,0.335,0.206,0.049,0.008,0.000,0.001,0.001,0.249,0.249
TCGA-GV-A3QI-01A,0.000,0.000,0.005,0.002,0.008,0.000,0.001,0.063,0.000,0.026,0.006,0.001,0.000,0.000,0.000,0.888,0.888
TCGA-UY-A9PE-01A,0.015,0.000,0.008,0.003,0.000,0.000,0.002,0.007,0.053,0.024,0.017,0.005,0.000,0.000,0.000,0.867,0.867
TCGA-E7-A97P-01A,0.000,0.000,0.026,0.076,0.007,0.000,0.005,0.082,0.088,0.012,0.041,0.006,0.000,0.000,0.000,0.656,0.656
TCGA-G2-AA3D-01A,0.003,0.002,0.008,0.005,0.000,0.000,0.007,0.017,0.000,0.004,0.007,0.001,0.000,0.000,0.000,0.944,0.944
TCGA-BL-A3JM-01A,0.000,0.000,0.003,0.003,0.019,0.000,0.005,0.012,0.072,0.007,0.018,0.001,0.000,0.000,0.000,0.859,0.859
TCGA-GV-A3JZ-01A,0.003,0.000,0.007,0.012,0.000,0.000,0.000,0.015,0.058,0.011,0.060,0.002,0.000,0.000,0.000,0.831,0.831
TCGA-ZF-A9R5-01A,0.005,0.000,0.013,0.004,0.000,0.000,0.005,0.035,0.000,0.003,0.005,0.000,0.000,0.000,0.000,0.929,0.929
TCGA-UY-A9PH-01A,0.017,0.000,0.036,0.030,0.003,0.000,0.039,0.034,0.056,0.010,0.083,0.002,0.000,0.000,0.000,0.692,0.692
TCGA-E7-A7XN-01A,0.000,0.000,0.022,0.118,0.001,0.000,0.006,0.044,0.000,0.002,0.060,0.006,0.000,0.001,0.000,0.740,0.740
TCGA-XF-A9T8-01A,0.000,0.000,0.016,0.042,0.009,0.000,0.006,0.053,0.066,0.018,0.124,0.005,0.000,0.003,0.001,0.658,0.658
TCGA-DK-A3X1-01A,0.000,0.000,0.014,0.000,0.000,0.000,0.002,0.007,0.023,0.035,0.026,0.001,0.000,0.000,0.000,0.892,0.892
TCGA-E5-A4TZ-01A,0.000,0.001,0.006,0.011,0.000,0.000,0.008,0.020,0.000,0.003,0.011,0.004,0.000,0.001,0.002,0.932,0.932
TCGA-XF-AAN3-01A,0.000,0.000,0.013,0.000,0.000,0.000,0.024,0.023,0.085,0.010,0.068,0.002,0.000,0.000,0.000,0.774,0.774
TCGA-E7-A7DV-01A,0.000,0.000,0.027,0.015,0.002,0.000,0.000,0.040,0.041,0.005,0.354,0.014,0.000,0.000,0.000,0.500,0.500
TCGA-BT-A20O-01A,0.017,0.010,0.042,0.091,0.059,0.000,0.014,0.056,0.115,0.018,0.327,0.008,0.000,0.001,0.000,0.242,0.242
TCGA-XF-AAMY-01A,0.001,0.000,0.013,0.013,0.000,0.000,0.014,0.055,0.115,0.029,0.055,0.009,0.000,0.001,0.001,0.695,0.695
TCGA-BT-A20V-01A,0.000,0.000,0.015,0.028,0.000,0.000,0.013,0.003,0.000,0.001,0.016,0.001,0.000,0.000,0.000,0.923,0.923
TCGA-GC-A3BM-01A,0.000,0.000,0.008,0.001,0.014,0.000,0.007,0.069,0.000,0.010,0.009,0.000,0.000,0.000,0.000,0.881,0.881
TCGA-K4-A4AB-01B,0.000,0.000,0.015,0.000,0.000,0.000,0.012,0.059,0.145,0.033,0.036,0.001,0.000,0.000,0.000,0.698,0.698
TCGA-FD-A5C0-01A,0.000,0.000,0.011,0.015,0.000,0.000,0.010,0.033,0.043,0.033,0.032,0.005,0.000,0.001,0.000,0.817,0.817
TCGA-G2-A2EK-01A,0.001,0.017,0.029,0.001,0.000,0.004,0.009,0.016,0.006,0.035,0.011,0.007,0.000,0.000,0.000,0.864,0.864
TCGA-CF-A1HR-01A,0.019,0.000,0.012,0.004,0.000,0.000,0.020,0.048,0.005,0.027,0.037,0.007,0.000,0.000,0.000,0.820,0.820
TCGA-GC-A3RD-01A,0.000,0.000,0.002,0.008,0.000,0.000,0.000,0.013,0.021,0.006,0.044,0.005,0.000,0.000,0.001,0.899,0.899
TCGA-E7-A5KE-01A,0.000,0.000,0.000,0.009,0.000,0.000,0.001,0.019,0.000,0.006,0.002,0.000,0.000,0.000,0.000,0.963,0.963
TCGA-ZF-A9R9-01A,0.023,0.000,0.014,0.000,0.000,0.000,0.007,0.007,0.292,0.025,0.037,0.008,0.000,0.000,0.000,0.586,0.586
TCGA-DK-A1AB-01A,0.008,0.000,0.017,0.011,0.001,0.000,0.013,0.057,0.218,0.024,0.062,0.006,0.000,0.001,0.000,0.582,0.582
TCGA-GU-A42R-01A,0.000,0.000,0.001,0.004,0.000,0.000,0.000,0.058,0.000,0.007,0.004,0.001,0.000,0.000,0.000,0.925,0.925
TCGA-E7-A5KF-01A,0.000,0.000,0.006,0.003,0.000,0.000,0.002,0.033,0.000,0.002,0.006,0.001,0.000,0.000,0.000,0.946,0.946
TCGA-ZF-AA54-01A,0.000,0.000,0.042,0.008,0.003,0.000,0.002,0.072,0.142,0.019,0.208,0.009,0.000,0.000,0.000,0.495,0.495
TCGA-CF-A3MF-01A,0.000,0.000,0.000,0.000,0.000,0.000,0.001,0.003,0.000,0.020,0.002,0.002,0.000,0.000,0.000,0.973,0.973
TCGA-E7-A6ME-01A,0.011,0.004,0.018,0.033,0.027,0.000,0.008,0.014,0.003,0.016,0.038,0.003,0.000,0.000,0.000,0.826,0.826
TCGA-DK-AA6M-01A,0.003,0.000,0.026,0.024,0.001,0.000,0.040,0.039,0.072,0.010,0.088,0.008,0.000,0.000,0.000,0.690,0.690
TCGA-CF-A47W-01A,0.000,0.000,0.003,0.002,0.000,0.000,0.000,0.030,0.000,0.016,0.005,0.001,0.000,0.000,0.000,0.944,0.944
TCGA-XF-A9ST-01A,0.000,0.000,0.000,0.002,0.003,0.000,0.001,0.022,0.002,0.010,0.007,0.000,0.000,0.000,0.000,0.953,0.953
TCGA-FD-A3SN-01A,0.010,0.000,0.000,0.023,0.000,0.000,0.000,0.027,0.085,0.009,0.059,0.005,0.000,0.000,0.000,0.781,0.781
TCGA-FD-A3B6-01A,0.001,0.000,0.026,0.053,0.014,0.000,0.005,0.028,0.038,0.001,0.101,0.008,0.000,0.000,0.000,0.724,0.724
TCGA-ZF-A9R7-01A,0.028,0.013,0.050,0.086,0.015,0.000,0.067,0.031,0.002,0.007,0.044,0.005,0.000,0.001,0.000,0.650,0.650
TCGA-BT-A3PK-01A,0.001,0.000,0.018,0.019,0.000,0.000,0.004,0.060,0.087,0.041,0.028,0.007,0.000,0.002,0.003,0.730,0.730
TCGA-FD-A62P-01A,0.001,0.000,0.012,0.017,0.014,0.000,0.011,0.020,0.063,0.031,0.063,0.010,0.000,0.001,0.002,0.753,0.753
TCGA-LC-A66R-01A,0.025,0.000,0.037,0.037,0.018,0.000,0.019,0.061,0.034,0.019,0.028,0.003,0.000,0.002,0.000,0.715,0.715
TCGA-DK-AA76-01A,0.000,0.000,0.001,0.000,0.000,0.000,0.000,0.019,0.000,0.010,0.006,0.000,0.000,0.000,0.000,0.963,0.963
TCGA-DK-AA6T-01A,0.000,0.681,0.020,0.001,0.031,0.000,0.021,0.009,0.016,0.014,0.027,0.001,0.000,0.000,0.000,0.181,0.181
TCGA-XF-AAMH-01A,0.008,0.000,0.007,0.004,0.000,0.000,0.002,0.009,0.048,0.018,0.011,0.001,0.000,0.000,0.000,0.893,0.893
TCGA-FD-A43U-01A,0.036,0.000,0.018,0.010,0.005,0.000,0.011,0.010,0.204,0.020,0.195,0.006,0.000,0.000,0.001,0.483,0.483
TCGA-GC-A6I3-01A,0.033,0.000,0.030,0.014,0.020,0.000,0.014,0.002,0.035,0.011,0.086,0.002,0.000,0.000,0.000,0.752,0.752
TCGA-GC-A6I1-01A,0.071,0.000,0.035,0.021,0.019,0.000,0.003,0.018,0.022,0.004,0.129,0.002,0.000,0.001,0.000,0.675,0.675
TCGA-FD-A3B8-01A,0.007,0.018,0.043,0.037,0.021,0.000,0.035,0.106,0.233,0.096,0.124,0.007,0.000,0.003,0.005,0.266,0.266
TCGA-XF-A8HD-01A,0.016,0.000,0.011,0.083,0.000,0.000,0.029,0.043,0.062,0.009,0.090,0.004,0.000,0.000,0.000,0.653,0.653
TCGA-ZF-A9R2-01A,0.000,0.000,0.000,0.001,0.000,0.000,0.000,0.021,0.000,0.003,0.001,0.000,0.000,0.000,0.000,0.974,0.974
TCGA-FD-A62S-01A,0.013,0.000,0.028,0.003,0.003,0.000,0.037,0.062,0.298,0.020,0.075,0.005,0.000,0.001,0.000,0.455,0.455
TCGA-BT-A0S7-01A,0.001,0.001,0.001,0.000,0.023,0.013,0.004,0.071,0.046,0.021,0.006,0.001,0.000,0.000,0.002,0.810,0.810
TCGA-CF-A8HY-01A,0.000,0.000,0.001,0.001,0.000,0.000,0.000,0.022,0.000,0.006,0.002,0.002,0.000,0.000,0.000,0.965,0.965
TCGA-FD-A3B4-01A,0.005,0.027,0.027,0.026,0.008,0.000,0.014,0.087,0.147,0.039,0.022,0.007,0.000,0.002,0.001,0.586,0.586
TCGA-ZF-A9RF-01A,0.000,0.000,0.046,0.081,0.014,0.000,0.001,0.040,0.011,0.001,0.160,0.007,0.000,0.000,0.000,0.636,0.636
TCGA-FD-A3SQ-01A,0.022,0.004,0.031,0.001,0.001,0.000,0.020,0.061,0.300,0.030,0.070,0.009,0.000,0.001,0.000,0.450,0.450
TCGA-4Z-AA7Q-01A,0.038,0.000,0.024,0.041,0.019,0.000,0.017,0.011,0.008,0.012,0.048,0.003,0.000,0.002,0.002,0.774,0.774
TCGA-DK-AA6S-01A,0.000,0.000,0.033,0.002,0.012,0.000,0.013,0.021,0.301,0.008,0.064,0.003,0.000,0.000,0.000,0.543,0.543
TCGA-LT-A8JT-01A,0.001,0.000,0.014,0.002,0.000,0.000,0.005,0.025,0.000,0.009,0.011,0.004,0.000,0.000,0.000,0.930,0.930
TCGA-BT-A2LD-01A,0.018,0.000,0.015,0.000,0.018,0.000,0.008,0.067,0.033,0.028,0.028,0.003,0.000,0.001,0.001,0.780,0.780
TCGA-DK-A6B2-01A,0.020,0.000,0.022,0.022,0.000,0.000,0.031,0.061,0.127,0.017,0.106,0.006,0.000,0.000,0.000,0.587,0.587
TCGA-DK-A3IM-01A,0.000,0.000,0.004,0.002,0.000,0.000,0.001,0.027,0.001,0.000,0.003,0.001,0.000,0.000,0.001,0.961,0.961
TCGA-GU-A766-01A,0.007,0.000,0.049,0.044,0.035,0.000,0.011,0.061,0.009,0.037,0.033,0.008,0.000,0.002,0.059,0.642,0.642
TCGA-LT-A5Z6-01A,0.016,0.000,0.020,0.019,0.014,0.000,0.002,0.007,0.000,0.006,0.046,0.001,0.000,0.000,0.000,0.869,0.869
TCGA-BL-A0C8-01B,0.000,0.000,0.005,0.023,0.000,0.010,0.003,0.077,0.019,0.070,0.021,0.000,0.000,0.002,0.000,0.770,0.770
TCGA-FT-A3EE-01A,0.008,0.000,0.007,0.000,0.000,0.000,0.009,0.061,0.001,0.001,0.010,0.003,0.000,0.000,0.000,0.900,0.900
TCGA-G2-AA3C-01A,0.000,0.000,0.015,0.009,0.000,0.000,0.000,0.012,0.006,0.012,0.278,0.016,0.000,0.000,0.001,0.648,0.648
TCGA-KQ-A41S-01A,0.000,0.000,0.003,0.008,0.000,0.000,0.006,0.060,0.167,0.023,0.086,0.003,0.000,0.000,0.000,0.644,0.644
TCGA-DK-A3IU-01A,0.012,0.054,0.037,0.043,0.037,0.000,0.033,0.062,0.153,0.038,0.141,0.006,0.000,0.002,0.002,0.378,0.378
TCGA-BT-A0YX-01A,0.003,0.000,0.006,0.014,0.000,0.000,0.002,0.029,0.017,0.011,0.033,0.003,0.000,0.001,0.001,0.881,0.881
TCGA-2F-A9KO-01A,0.023,0.004,0.033,0.028,0.017,0.000,0.016,0.054,0.065,0.015,0.076,0.002,0.000,0.001,0.000,0.668,0.668
TCGA-DK-AA6L-01A,0.000,0.000,0.018,0.024,0.000,0.000,0.015,0.038,0.023,0.006,0.075,0.002,0.000,0.000,0.000,0.797,0.797
TCGA-XF-A9SP-01A,0.022,0.000,0.011,0.013,0.003,0.000,0.010,0.064,0.254,0.053,0.061,0.009,0.000,0.000,0.000,0.501,0.501
TCGA-E7-A4XJ-01A,0.000,0.000,0.001,0.000,0.000,0.000,0.003,0.005,0.000,0.008,0.003,0.004,0.000,0.000,0.000,0.976,0.976
TCGA-XF-A8HB-01A,0.000,0.000,0.002,0.003,0.000,0.000,0.001,0.023,0.000,0.003,0.022,0.000,0.000,0.000,0.000,0.946,0.946
TCGA-SY-A9G5-01A,0.010,0.000,0.030,0.055,0.013,0.000,0.036,0.055,0.172,0.010,0.063,0.005,0.000,0.001,0.000,0.548,0.548
TCGA-XF-AAMX-01A,0.006,0.000,0.011,0.010,0.000,0.000,0.005,0.035,0.068,0.023,0.037,0.001,0.000,0.000,0.000,0.805,0.805
TCGA-ZF-AA58-01A,0.006,0.000,0.045,0.065,0.008,0.000,0.009,0.047,0.133,0.028,0.197,0.007,0.000,0.000,0.001,0.454,0.454
TCGA-XF-AAMG-01A,0.000,0.000,0.020,0.013,0.004,0.000,0.005,0.028,0.059,0.040,0.052,0.001,0.000,0.000,0.000,0.776,0.776
TCGA-DK-AA74-01A,0.005,0.000,0.029,0.020,0.015,0.000,0.018,0.030,0.265,0.020,0.136,0.006,0.001,0.001,0.001,0.454,0.454
TCGA-ZF-AA4T-01A,0.000,0.000,0.004,0.016,0.000,0.000,0.008,0.006,0.000,0.005,0.003,0.002,0.000,0.000,0.000,0.955,0.955
TCGA-FD-A5BV-01A,0.000,0.000,0.005,0.007,0.000,0.000,0.001,0.046,0.029,0.013,0.006,0.001,0.000,0.000,0.000,0.892,0.892
TCGA-YF-AA3L-01A,0.000,0.000,0.007,0.000,0.000,0.000,0.004,0.048,0.000,0.019,0.012,0.002,0.000,0.000,0.000,0.907,0.907
TCGA-FJ-A871-01A,0.000,0.000,0.003,0.020,0.000,0.000,0.004,0.004,0.125,0.007,0.007,0.003,0.000,0.000,0.000,0.827,0.827
TCGA-FD-A6TF-01A,0.001,0.000,0.013,0.013,0.000,0.000,0.002,0.054,0.147,0.057,0.048,0.007,0.000,0.000,0.000,0.658,0.658
TCGA-ZF-A9RN-01A,0.000,0.000,0.051,0.003,0.032,0.000,0.030,0.014,0.000,0.008,0.020,0.001,0.000,0.000,0.000,0.839,0.839
TCGA-GV-A3QF-01A,0.000,0.000,0.001,0.004,0.000,0.000,0.000,0.032,0.000,0.019,0.003,0.001,0.000,0.000,0.000,0.940,0.940
TCGA-FD-A3N5-01A,0.000,0.000,0.019,0.022,0.001,0.000,0.009,0.053,0.005,0.021,0.018,0.004,0.000,0.001,0.002,0.845,0.845
TCGA-XF-A8HG-01A,0.000,0.001,0.002,0.000,0.000,0.000,0.000,0.003,0.000,0.005,0.020,0.000,0.000,0.000,0.000,0.969,0.969
TCGA-XF-A9SM-01A,0.001,0.000,0.053,0.056,0.030,0.000,0.011,0.027,0.109,0.007,0.186,0.003,0.000,0.001,0.000,0.515,0.515
TCGA-XF-AAME-01A,0.024,0.018,0.039,0.001,0.017,0.000,0.034,0.121,0.281,0.079,0.093,0.007,0.000,0.002,0.014,0.270,0.270
TCGA-GC-A3YS-01A,0.000,0.000,0.015,0.020,0.000,0.000,0.001,0.043,0.201,0.001,0.060,0.002,0.000,0.001,0.000,0.657,0.657
TCGA-HQ-A2OF-01A,0.000,0.000,0.000,0.005,0.000,0.000,0.003,0.033,0.000,0.011,0.006,0.000,0.000,0.000,0.000,0.942,0.942
TCGA-FD-A5BX-01A,0.000,0.000,0.012,0.008,0.011,0.000,0.017,0.042,0.257,0.051,0.207,0.009,0.000,0.000,0.000,0.386,0.386
TCGA-CU-A3KJ-01A,0.000,0.000,0.003,0.029,0.003,0.000,0.000,0.068,0.001,0.003,0.024,0.000,0.000,0.001,0.001,0.867,0.867
TCGA-G2-A2ES-01A,0.000,0.000,0.009,0.012,0.000,0.000,0.001,0.043,0.063,0.005,0.026,0.005,0.000,0.000,0.012,0.824,0.824
TCGA-FD-A6TI-01A,0.000,0.000,0.002,0.002,0.000,0.000,0.003,0.067,0.029,0.021,0.041,0.008,0.000,0.000,0.000,0.827,0.827
TCGA-XF-A9SL-01A,0.004,0.035,0.031,0.004,0.000,0.005,0.068,0.082,0.230,0.109,0.053,0.015,0.000,0.000,0.001,0.363,0.363
TCGA-E5-A2PC-01A,0.000,0.000,0.001,0.012,0.000,0.000,0.001,0.018,0.000,0.009,0.040,0.002,0.000,0.000,0.000,0.917,0.917
TCGA-FD-A3B7-01A,0.022,0.000,0.044,0.028,0.043,0.000,0.012,0.079,0.212,0.017,0.082,0.006,0.000,0.001,0.012,0.442,0.442
TCGA-BT-A3PJ-01A,0.000,0.000,0.025,0.029,0.000,0.000,0.003,0.048,0.037,0.000,0.039,0.004,0.000,0.000,0.000,0.813,0.813
TCGA-ZF-A9R1-01A,0.000,0.009,0.015,0.011,0.000,0.000,0.002,0.028,0.024,0.041,0.012,0.002,0.000,0.000,0.000,0.855,0.855
TCGA-ZF-AA5H-01A,0.013,0.000,0.028,0.038,0.002,0.000,0.001,0.031,0.079,0.006,0.078,0.011,0.000,0.000,0.000,0.715,0.715
TCGA-BT-A2LA-01A,0.001,0.000,0.005,0.000,0.028,0.000,0.002,0.015,0.012,0.015,0.004,0.003,0.000,0.000,0.001,0.914,0.914
TCGA-XF-A9T4-01A,0.002,0.000,0.013,0.020,0.000,0.000,0.010,0.079,0.072,0.001,0.019,0.004,0.000,0.000,0.000,0.780,0.780
TCGA-GV-A3JW-01A,0.002,0.000,0.002,0.008,0.000,0.000,0.003,0.034,0.000,0.014,0.008,0.001,0.000,0.000,0.000,0.926,0.926
TCGA-ZF-A9RM-01A,0.000,0.000,0.003,0.017,0.000,0.000,0.000,0.015,0.000,0.004,0.002,0.001,0.000,0.000,0.000,0.958,0.958
TCGA-KQ-A41P-01A,0.002,0.000,0.006,0.004,0.001,0.000,0.001,0.008,0.056,0.020,0.066,0.004,0.000,0.000,0.000,0.833,0.833
TCGA-DK-A3IK-01A,0.018,0.003,0.007,0.001,0.000,0.000,0.007,0.018,0.070,0.031,0.016,0.008,0.000,0.000,0.000,0.821,0.821
TCGA-CU-A0YN-01A,0.008,0.000,0.034,0.020,0.012,0.000,0.015,0.032,0.105,0.005,0.013,0.003,0.000,0.004,0.012,0.736,0.736
TCGA-4Z-AA7W-01A,0.024,0.000,0.042,0.100,0.023,0.000,0.029,0.003,0.010,0.005,0.058,0.005,0.000,0.002,0.001,0.698,0.698
TCGA-CF-A9FL-01A,0.012,0.000,0.001,0.001,0.000,0.000,0.001,0.032,0.064,0.022,0.031,0.002,0.000,0.000,0.000,0.834,0.834
TCGA-E7-A7PW-01A,0.000,0.000,0.003,0.010,0.006,0.000,0.003,0.003,0.000,0.005,0.029,0.007,0.000,0.000,0.000,0.935,0.935
TCGA-FD-A6TA-01A,0.030,0.003,0.028,0.009,0.001,0.000,0.010,0.020,0.161,0.016,0.073,0.008,0.000,0.001,0.000,0.640,0.640
TCGA-FD-A43S-01A,0.024,0.043,0.039,0.008,0.018,0.001,0.035,0.094,0.161,0.053,0.079,0.013,0.000,0.000,0.001,0.431,0.431
TCGA-K4-A4AC-01A,0.000,0.000,0.012,0.010,0.000,0.000,0.000,0.032,0.003,0.010,0.043,0.003,0.000,0.000,0.000,0.885,0.885
TCGA-2F-A9KW-01A,0.002,0.000,0.005,0.001,0.001,0.000,0.002,0.087,0.052,0.048,0.070,0.002,0.000,0.000,0.000,0.729,0.729
TCGA-4Z-AA81-01A,0.002,0.000,0.018,0.057,0.000,0.000,0.002,0.004,0.002,0.000,0.027,0.006,0.000,0.000,0.000,0.883,0.883
TCGA-E7-A97Q-01A,0.016,0.000,0.002,0.030,0.000,0.000,0.002,0.028,0.135,0.028,0.048,0.004,0.000,0.000,0.000,0.707,0.707
TCGA-ZF-AA53-01A,0.007,0.000,0.022,0.011,0.002,0.000,0.005,0.029,0.128,0.016,0.183,0.013,0.000,0.001,0.000,0.583,0.583
TCGA-CU-A0YR-01A,0.018,0.000,0.011,0.012,0.000,0.000,0.003,0.012,0.039,0.012,0.139,0.005,0.000,0.000,0.000,0.748,0.748
TCGA-4Z-AA7Y-01A,0.000,0.000,0.002,0.001,0.000,0.000,0.004,0.107,0.000,0.019,0.011,0.001,0.000,0.000,0.000,0.856,0.856
TCGA-XF-AAMJ-01A,0.017,0.000,0.019,0.006,0.001,0.000,0.006,0.050,0.448,0.017,0.058,0.006,0.000,0.000,0.000,0.371,0.371
TCGA-G2-AA3B-01A,0.009,0.000,0.015,0.019,0.000,0.000,0.009,0.003,0.000,0.006,0.018,0.000,0.000,0.000,0.000,0.919,0.919
TCGA-MV-A51V-01A,0.000,0.000,0.000,0.005,0.000,0.000,0.000,0.047,0.000,0.033,0.013,0.004,0.000,0.000,0.000,0.895,0.895
TCGA-E7-A6MD-01A,0.010,0.020,0.032,0.004,0.012,0.000,0.018,0.061,0.092,0.036,0.044,0.006,0.000,0.000,0.000,0.665,0.665
TCGA-K4-A3WU-01B,0.010,0.034,0.026,0.018,0.014,0.004,0.033,0.080,0.120,0.052,0.045,0.009,0.000,0.002,0.001,0.553,0.553
TCGA-FD-A3SL-01A,0.000,0.000,0.010,0.008,0.000,0.000,0.011,0.084,0.247,0.072,0.087,0.006,0.000,0.000,0.000,0.474,0.474
TCGA-BT-A42E-01A,0.000,0.000,0.016,0.038,0.001,0.000,0.024,0.051,0.001,0.008,0.063,0.007,0.000,0.000,0.000,0.791,0.791
TCGA-ZF-A9R0-01A,0.000,0.002,0.006,0.011,0.000,0.000,0.008,0.006,0.011,0.047,0.020,0.003,0.000,0.000,0.000,0.885,0.885
TCGA-DK-AA6R-01A,0.000,0.000,0.011,0.024,0.000,0.000,0.003,0.044,0.030,0.022,0.003,0.003,0.000,0.001,0.005,0.853,0.853
TCGA-CF-A9FH-01A,0.000,0.000,0.003,0.004,0.000,0.000,0.001,0.057,0.000,0.011,0.004,0.000,0.000,0.000,0.000,0.918,0.918
TCGA-KQ-A41N-01A,0.000,0.000,0.008,0.002,0.000,0.000,0.002,0.006,0.000,0.019,0.006,0.002,0.000,0.000,0.000,0.954,0.954
TCGA-5N-A9KI-01A,0.002,0.000,0.004,0.017,0.000,0.000,0.004,0.015,0.080,0.006,0.085,0.004,0.000,0.001,0.000,0.782,0.782
TCGA-GD-A2C5-01A,0.004,0.000,0.007,0.005,0.000,0.000,0.003,0.053,0.071,0.035,0.029,0.008,0.000,0.000,0.000,0.784,0.784
TCGA-ZF-AA52-01A,0.010,0.000,0.007,0.013,0.000,0.000,0.027,0.026,0.215,0.023,0.085,0.004,0.000,0.001,0.000,0.588,0.588
TCGA-E7-A541-01A,0.005,0.000,0.007,0.043,0.021,0.000,0.035,0.045,0.001,0.026,0.057,0.004,0.000,0.000,0.000,0.756,0.756
TCGA-ZF-AA5P-01A,0.024,0.010,0.019,0.007,0.001,0.000,0.015,0.139,0.173,0.185,0.030,0.009,0.000,0.000,0.001,0.387,0.387
TCGA-ZF-AA4W-01A,0.000,0.000,0.001,0.016,0.000,0.000,0.000,0.058,0.029,0.003,0.002,0.000,0.000,0.000,0.000,0.891,0.891
TCGA-ZF-A9RE-01A,0.000,0.000,0.000,0.005,0.000,0.000,0.001,0.024,0.000,0.003,0.000,0.000,0.000,0.000,0.000,0.966,0.966
TCGA-DK-A1AD-01A,0.013,0.001,0.010,0.004,0.000,0.000,0.013,0.009,0.042,0.021,0.023,0.004,0.000,0.000,0.000,0.859,0.859
TCGA-GU-A42Q-01A,0.000,0.000,0.001,0.004,0.000,0.000,0.000,0.012,0.026,0.008,0.011,0.000,0.000,0.000,0.000,0.939,0.939
TCGA-CF-A5UA-01A,0.000,0.000,0.004,0.000,0.000,0.000,0.001,0.032,0.000,0.007,0.009,0.000,0.000,0.000,0.000,0.947,0.947
TCGA-BT-A20W-01A,0.002,0.004,0.032,0.014,0.016,0.001,0.016,0.077,0.006,0.038,0.013,0.006,0.000,0.000,0.000,0.775,0.775
TCGA-DK-A1A7-01A,0.001,0.009,0.004,0.001,0.000,0.000,0.007,0.012,0.000,0.018,0.004,0.001,0.000,0.000,0.000,0.942,0.942
TCGA-CF-A9FM-01A,0.000,0.000,0.016,0.000,0.000,0.000,0.010,0.043,0.000,0.002,0.021,0.002,0.000,0.000,0.000,0.907,0.907
TCGA-XF-A9T3-01A,0.004,0.000,0.021,0.028,0.000,0.000,0.016,0.079,0.156,0.077,0.039,0.005,0.000,0.000,0.000,0.573,0.573
TCGA-E7-A519-01A,0.001,0.000,0.025,0.000,0.000,0.004,0.016,0.004,0.000,0.009,0.011,0.005,0.000,0.000,0.000,0.923,0.923
TCGA-C4-A0F1-01A,0.000,0.000,0.002,0.000,0.000,0.000,0.000,0.067,0.088,0.014,0.008,0.002,0.000,0.000,0.000,0.817,0.817
TCGA-E5-A4U1-01A,0.000,0.000,0.009,0.007,0.004,0.000,0.000,0.013,0.000,0.012,0.004,0.004,0.000,0.000,0.000,0.947,0.947
TCGA-FD-A3NA-01A,0.006,0.000,0.023,0.028,0.000,0.000,0.001,0.032,0.049,0.011,0.064,0.006,0.000,0.001,0.000,0.779,0.779
TCGA-KQ-A41O-01A,0.000,0.000,0.000,0.002,0.000,0.000,0.000,0.004,0.000,0.004,0.004,0.000,0.000,0.000,0.000,0.985,0.985
TCGA-CF-A47V-01A,0.000,0.000,0.004,0.007,0.000,0.000,0.018,0.085,0.000,0.034,0.005,0.009,0.000,0.000,0.000,0.838,0.838
TCGA-FT-A61P-01A,0.001,0.000,0.022,0.024,0.000,0.000,0.007,0.058,0.153,0.047,0.096,0.010,0.000,0.000,0.000,0.583,0.583
TCGA-BT-A20J-01A,0.019,0.000,0.042,0.001,0.005,0.000,0.074,0.010,0.004,0.011,0.109,0.001,0.000,0.000,0.000,0.725,0.725
TCGA-FD-A5BR-01A,0.033,0.018,0.040,0.002,0.001,0.001,0.022,0.052,0.079,0.043,0.027,0.007,0.000,0.001,0.000,0.673,0.673
TCGA-ZF-AA56-01A,0.011,0.006,0.022,0.002,0.000,0.000,0.005,0.072,0.058,0.011,0.053,0.008,0.000,0.001,0.001,0.750,0.750
TCGA-XF-AAML-01A,0.002,0.000,0.006,0.035,0.000,0.000,0.013,0.004,0.000,0.001,0.030,0.002,0.000,0.000,0.000,0.906,0.906
TCGA-DK-A6B5-01A,0.003,0.000,0.011,0.025,0.001,0.000,0.026,0.024,0.034,0.002,0.037,0.001,0.000,0.001,0.000,0.836,0.836
TCGA-DK-AA6Q-01A,0.000,0.000,0.013,0.026,0.010,0.000,0.015,0.022,0.002,0.004,0.044,0.006,0.000,0.000,0.000,0.858,0.858
TCGA-ZF-AA4U-01A,0.000,0.000,0.000,0.002,0.000,0.000,0.000,0.075,0.000,0.004,0.007,0.002,0.000,0.000,0.000,0.910,0.910
TCGA-K4-A6MB-01A,0.001,0.000,0.007,0.013,0.002,0.000,0.003,0.026,0.108,0.018,0.027,0.004,0.000,0.001,0.000,0.789,0.789
TCGA-4Z-AA82-01A,0.000,0.000,0.003,0.012,0.000,0.000,0.026,0.036,0.104,0.011,0.026,0.007,0.000,0.001,0.000,0.774,0.774
TCGA-FD-A3B5-01A,0.000,0.000,0.003,0.005,0.000,0.000,0.000,0.058,0.056,0.009,0.014,0.002,0.000,0.000,0.000,0.853,0.853
TCGA-CU-A3QU-01A,0.000,0.000,0.001,0.014,0.000,0.000,0.002,0.040,0.000,0.009,0.023,0.001,0.000,0.000,0.000,0.910,0.910
TCGA-GV-A3QK-01B,0.001,0.000,0.034,0.026,0.000,0.000,0.028,0.024,0.000,0.011,0.014,0.002,0.000,0.000,0.000,0.860,0.860
TCGA-DK-A6AW-01A,0.000,0.000,0.002,0.005,0.000,0.000,0.000,0.054,0.000,0.029,0.011,0.000,0.000,0.000,0.000,0.898,0.898
TCGA-FD-A3N6-01A,0.000,0.000,0.014,0.027,0.000,0.000,0.005,0.078,0.012,0.004,0.005,0.000,0.000,0.000,0.001,0.853,0.853
TCGA-G2-A3IB-01A,0.000,0.000,0.005,0.005,0.000,0.000,0.000,0.016,0.009,0.000,0.010,0.002,0.000,0.000,0.000,0.953,0.953
TCGA-BL-A5ZZ-01A,0.000,0.000,0.013,0.009,0.004,0.000,0.000,0.113,0.293,0.053,0.092,0.007,0.000,0.000,0.001,0.415,0.415
TCGA-XF-A8HF-01A,0.011,0.000,0.011,0.007,0.000,0.000,0.000,0.003,0.081,0.022,0.072,0.006,0.000,0.000,0.000,0.786,0.786
TCGA-XF-AAN1-01A,0.000,0.000,0.006,0.002,0.000,0.000,0.005,0.026,0.000,0.016,0.006,0.003,0.000,0.000,0.000,0.936,0.936
TCGA-DK-A2I6-01A,0.000,0.000,0.001,0.018,0.000,0.000,0.001,0.013,0.022,0.003,0.009,0.001,0.000,0.000,0.000,0.932,0.932
TCGA-XF-A9SY-01A,0.023,0.000,0.034,0.045,0.012,0.000,0.003,0.035,0.166,0.009,0.103,0.007,0.000,0.001,0.001,0.563,0.563
TCGA-K4-A3WV-01A,0.000,0.000,0.002,0.007,0.000,0.000,0.001,0.009,0.031,0.001,0.004,0.003,0.000,0.000,0.000,0.940,0.940
TCGA-FD-A6TE-01A,0.002,0.000,0.003,0.032,0.000,0.000,0.002,0.008,0.000,0.006,0.024,0.000,0.000,0.000,0.000,0.923,0.923
TCGA-GU-AATQ-01A,0.000,0.000,0.004,0.003,0.002,0.000,0.003,0.011,0.017,0.017,0.039,0.001,0.000,0.000,0.000,0.903,0.903
TCGA-PQ-A6FN-01A,0.016,0.000,0.008,0.005,0.009,0.000,0.002,0.024,0.043,0.023,0.016,0.002,0.000,0.001,0.000,0.851,0.851
TCGA-CF-A47X-01A,0.000,0.000,0.004,0.000,0.000,0.000,0.003,0.028,0.000,0.013,0.003,0.000,0.000,0.000,0.000,0.949,0.949
TCGA-ZF-A9RC-01A,0.000,0.000,0.009,0.013,0.000,0.000,0.002,0.012,0.181,0.035,0.030,0.007,0.000,0.001,0.001,0.708,0.708
TCGA-E7-A4IJ-01A,0.001,0.000,0.009,0.027,0.002,0.000,0.001,0.013,0.000,0.011,0.030,0.004,0.000,0.000,0.000,0.902,0.902
TCGA-DK-A1AG-01A,0.001,0.000,0.003,0.015,0.005,0.000,0.000,0.058,0.000,0.008,0.007,0.001,0.000,0.000,0.000,0.901,0.901
TCGA-4Z-AA7S-01A,0.000,0.000,0.008,0.000,0.000,0.000,0.003,0.040,0.000,0.028,0.003,0.001,0.000,0.000,0.000,0.916,0.916
TCGA-DK-A1A6-01A,0.000,0.000,0.020,0.042,0.004,0.000,0.001,0.003,0.007,0.014,0.057,0.001,0.000,0.000,0.000,0.851,0.851
TCGA-XF-AAMZ-01A,0.000,0.018,0.032,0.002,0.001,0.000,0.004,0.020,0.007,0.029,0.008,0.003,0.000,0.000,0.001,0.875,0.875
TCGA-CF-A3MG-01A,0.000,0.000,0.003,0.002,0.000,0.000,0.000,0.044,0.000,0.010,0.007,0.003,0.000,0.000,0.000,0.930,0.930
TCGA-K4-AAQO-01A,0.006,0.012,0.019,0.005,0.002,0.000,0.024,0.064,0.144,0.112,0.038,0.012,0.000,0.000,0.000,0.561,0.561
TCGA-FD-A3SM-01A,0.000,0.000,0.001,0.011,0.000,0.000,0.004,0.023,0.142,0.017,0.076,0.002,0.000,0.000,0.000,0.724,0.724
TCGA-YC-A89H-01A,0.009,0.000,0.008,0.016,0.000,0.000,0.001,0.013,0.032,0.011,0.049,0.001,0.000,0.000,0.000,0.860,0.860
TCGA-GU-AATO-01A,0.021,0.000,0.011,0.019,0.002,0.000,0.001,0.003,0.057,0.011,0.120,0.006,0.000,0.001,0.001,0.747,0.747
TCGA-DK-A6B6-01A,0.021,0.001,0.038,0.024,0.004,0.000,0.017,0.006,0.000,0.005,0.073,0.004,0.000,0.000,0.000,0.808,0.808
TCGA-XF-A9SJ-01A,0.010,0.000,0.022,0.028,0.004,0.000,0.000,0.040,0.060,0.016,0.096,0.011,0.000,0.001,0.001,0.710,0.710
TCGA-XF-A8HH-01A,0.002,0.000,0.008,0.014,0.000,0.000,0.005,0.019,0.108,0.046,0.050,0.002,0.000,0.000,0.000,0.747,0.747
TCGA-XF-A9SZ-01A,0.003,0.000,0.007,0.011,0.010,0.000,0.000,0.011,0.161,0.023,0.104,0.007,0.000,0.001,0.001,0.662,0.662
TCGA-G2-A2EC-01A,0.024,0.001,0.049,0.000,0.001,0.001,0.027,0.069,0.228,0.039,0.032,0.010,0.000,0.000,0.000,0.518,0.518
TCGA-FJ-A3ZF-01A,0.000,0.000,0.000,0.005,0.000,0.000,0.000,0.006,0.000,0.010,0.006,0.000,0.000,0.000,0.000,0.973,0.973
TCGA-XF-A9SH-01A,0.004,0.000,0.007,0.000,0.000,0.000,0.007,0.013,0.007,0.014,0.023,0.004,0.000,0.000,0.000,0.921,0.921
TCGA-G2-A2EL-01A,0.000,0.001,0.003,0.000,0.025,0.000,0.000,0.006,0.000,0.010,0.001,0.000,0.000,0.000,0.000,0.953,0.953
TCGA-GU-A763-01A,0.000,0.000,0.002,0.002,0.000,0.000,0.000,0.009,0.000,0.010,0.009,0.002,0.000,0.000,0.000,0.966,0.966
TCGA-FD-A6TB-01A,0.010,0.047,0.024,0.017,0.014,0.000,0.017,0.062,0.126,0.038,0.123,0.006,0.000,0.000,0.001,0.516,0.516
TCGA-DK-A1AA-01A,0.000,0.000,0.004,0.000,0.000,0.000,0.005,0.050,0.000,0.019,0.006,0.005,0.000,0.000,0.000,0.909,0.909
TCGA-DK-A3IS-01A,0.000,0.000,0.010,0.003,0.000,0.000,0.001,0.052,0.000,0.009,0.011,0.000,0.000,0.000,0.000,0.913,0.913
TCGA-DK-A3WY-01A,0.028,0.348,0.104,0.023,0.015,0.000,0.054,0.058,0.078,0.024,0.079,0.004,0.000,0.000,0.001,0.183,0.183
TCGA-UY-A78L-01A,0.000,0.000,0.005,0.003,0.001,0.000,0.000,0.009,0.064,0.004,0.050,0.006,0.000,0.001,0.003,0.856,0.856
TCGA-FD-A3SO-01A,0.001,0.000,0.014,0.020,0.002,0.000,0.002,0.070,0.122,0.014,0.081,0.005,0.000,0.001,0.001,0.669,0.669
TCGA-4Z-AA86-01A,0.011,0.000,0.050,0.045,0.014,0.000,0.007,0.046,0.169,0.012,0.118,0.005,0.000,0.001,0.001,0.523,0.523
TCGA-G2-A2EO-01A,0.014,0.000,0.029,0.010,0.015,0.000,0.003,0.005,0.103,0.017,0.091,0.001,0.000,0.000,0.000,0.713,0.713
TCGA-XF-A9T6-01A,0.000,0.000,0.013,0.019,0.000,0.000,0.006,0.029,0.002,0.004,0.024,0.003,0.000,0.000,0.000,0.901,0.901
TCGA-GV-A40G-01A,0.000,0.000,0.001,0.015,0.000,0.000,0.001,0.043,0.000,0.015,0.007,0.001,0.000,0.000,0.000,0.918,0.918
TCGA-XF-A9T0-01A,0.040,0.000,0.013,0.016,0.000,0.000,0.003,0.008,0.072,0.020,0.057,0.004,0.000,0.000,0.000,0.767,0.767
TCGA-GV-A6ZA-01A,0.003,0.000,0.016,0.024,0.000,0.000,0.008,0.035,0.000,0.018,0.016,0.002,0.000,0.000,0.000,0.879,0.879
TCGA-DK-A3IN-01A,0.013,0.000,0.027,0.020,0.000,0.000,0.002,0.060,0.113,0.019,0.121,0.006,0.000,0.000,0.000,0.619,0.619
TCGA-K4-A5RI-01A,0.000,0.000,0.005,0.005,0.000,0.000,0.007,0.027,0.049,0.016,0.028,0.005,0.001,0.000,0.000,0.856,0.856
TCGA-GC-A3I6-01A,0.000,0.000,0.015,0.035,0.000,0.000,0.003,0.051,0.062,0.007,0.048,0.003,0.000,0.000,0.000,0.776,0.776
TCGA-DK-A6B1-01A,0.000,0.000,0.007,0.004,0.000,0.000,0.011,0.061,0.000,0.032,0.018,0.004,0.000,0.000,0.000,0.864,0.864
TCGA-XF-A9SV-01A,0.000,0.000,0.002,0.001,0.000,0.000,0.000,0.012,0.154,0.013,0.026,0.004,0.000,0.000,0.000,0.788,0.788
TCGA-XF-AAN2-01A,0.000,0.000,0.024,0.051,0.000,0.000,0.000,0.035,0.016,0.004,0.047,0.002,0.000,0.001,0.000,0.819,0.819
TCGA-DK-A2I1-01A,0.035,0.002,0.018,0.005,0.001,0.000,0.003,0.007,0.166,0.024,0.089,0.009,0.000,0.000,0.000,0.641,0.641
TCGA-4Z-AA87-01A,0.017,0.000,0.002,0.017,0.009,0.000,0.002,0.001,0.004,0.008,0.053,0.000,0.000,0.000,0.000,0.887,0.887
TCGA-GC-A3WC-01A,0.019,0.015,0.017,0.025,0.005,0.000,0.049,0.021,0.043,0.035,0.098,0.004,0.000,0.001,0.000,0.667,0.667
TCGA-FJ-A3ZE-01A,0.000,0.000,0.000,0.008,0.000,0.000,0.000,0.008,0.000,0.004,0.008,0.000,0.000,0.000,0.000,0.972,0.972
TCGA-CF-A7I0-01A,0.000,0.000,0.008,0.001,0.001,0.001,0.008,0.058,0.004,0.072,0.009,0.005,0.000,0.000,0.000,0.834,0.834
TCGA-GC-A3RB-01A,0.000,0.000,0.014,0.010,0.007,0.000,0.001,0.013,0.001,0.002,0.026,0.000,0.000,0.000,0.000,0.926,0.926
TCGA-FD-A6TH-01A,0.000,0.000,0.008,0.010,0.005,0.000,0.001,0.041,0.093,0.008,0.066,0.005,0.000,0.000,0.000,0.762,0.762
TCGA-XF-AAN4-01A,0.001,0.003,0.018,0.021,0.004,0.000,0.023,0.162,0.270,0.232,0.087,0.014,0.000,0.001,0.025,0.139,0.139
TCGA-CF-A5U8-01A,0.000,0.000,0.001,0.000,0.000,0.000,0.000,0.048,0.000,0.008,0.003,0.003,0.000,0.000,0.000,0.937,0.937
TCGA-E7-A8O8-01A,0.000,0.000,0.001,0.000,0.000,0.000,0.005,0.010,0.000,0.013,0.005,0.001,0.000,0.000,0.000,0.964,0.964
TCGA-BT-A20Q-01A,0.024,0.001,0.042,0.006,0.010,0.000,0.017,0.038,0.131,0.028,0.081,0.005,0.000,0.000,0.000,0.617,0.617
TCGA-4Z-AA7O-01A,0.018,0.000,0.009,0.015,0.000,0.000,0.010,0.052,0.038,0.011,0.021,0.004,0.000,0.000,0.000,0.821,0.821
TCGA-FD-A62O-01A,0.005,0.000,0.000,0.005,0.000,0.007,0.000,0.028,0.035,0.013,0.010,0.007,0.000,0.000,0.000,0.888,0.888
TCGA-DK-A6AV-01A,0.004,0.002,0.016,0.006,0.000,0.000,0.006,0.028,0.002,0.021,0.023,0.003,0.000,0.000,0.000,0.888,0.888
TCGA-XF-A9SK-01A,0.019,0.000,0.023,0.005,0.006,0.000,0.017,0.029,0.201,0.010,0.107,0.005,0.000,0.001,0.000,0.577,0.577
TCGA-FD-A43Y-01A,0.000,0.000,0.009,0.011,0.000,0.000,0.001,0.044,0.115,0.004,0.059,0.002,0.000,0.001,0.000,0.753,0.753
TCGA-FD-A5BY-01A,0.000,0.000,0.006,0.019,0.000,0.000,0.007,0.057,0.077,0.015,0.044,0.005,0.000,0.000,0.000,0.770,0.770
TCGA-CU-A3YL-01A,0.006,0.000,0.004,0.015,0.013,0.000,0.009,0.087,0.001,0.039,0.010,0.000,0.000,0.000,0.000,0.818,0.818
TCGA-2F-A9KT-01A,0.001,0.000,0.003,0.010,0.002,0.000,0.000,0.048,0.040,0.008,0.020,0.002,0.000,0.001,0.003,0.864,0.864
TCGA-BT-A2LB-01A,0.015,0.000,0.022,0.028,0.000,0.000,0.007,0.047,0.127,0.031,0.066,0.010,0.000,0.001,0.000,0.646,0.646
TCGA-5N-A9KM-01A,0.021,0.000,0.017,0.000,0.013,0.000,0.003,0.042,0.064,0.015,0.085,0.006,0.000,0.000,0.000,0.734,0.734
TCGA-DK-A3IT-01A,0.016,0.003,0.017,0.018,0.001,0.001,0.011,0.043,0.078,0.031,0.051,0.008,0.000,0.001,0.000,0.721,0.721
TCGA-KQ-A41Q-01A,0.000,0.000,0.007,0.006,0.000,0.000,0.003,0.003,0.010,0.009,0.009,0.004,0.000,0.000,0.000,0.948,0.948
TCGA-2F-A9KQ-01A,0.000,0.000,0.006,0.001,0.000,0.000,0.001,0.054,0.000,0.015,0.006,0.002,0.000,0.000,0.000,0.914,0.914
TCGA-PQ-A6FI-01A,0.000,0.000,0.008,0.027,0.000,0.000,0.000,0.079,0.004,0.008,0.008,0.001,0.000,0.001,0.010,0.853,0.853
TCGA-DK-A2I2-01A,0.000,0.000,0.023,0.004,0.000,0.000,0.046,0.030,0.103,0.007,0.056,0.003,0.000,0.002,0.000,0.726,0.726
TCGA-DK-A1AF-01A,0.009,0.000,0.028,0.014,0.006,0.000,0.021,0.175,0.227,0.047,0.073,0.008,0.000,0.002,0.001,0.391,0.391
TCGA-KQ-A41R-01A,0.000,0.000,0.002,0.000,0.000,0.000,0.002,0.019,0.000,0.030,0.007,0.002,0.000,0.000,0.000,0.937,0.937
TCGA-GC-A3OO-01A,0.000,0.000,0.013,0.009,0.000,0.000,0.012,0.079,0.085,0.068,0.055,0.009,0.000,0.000,0.000,0.668,0.668
TCGA-DK-A3WX-01A,0.006,0.000,0.017,0.035,0.007,0.000,0.005,0.062,0.132,0.008,0.024,0.008,0.000,0.021,0.001,0.675,0.675
TCGA-DK-AA6P-01A,0.000,0.000,0.008,0.000,0.004,0.000,0.004,0.027,0.000,0.016,0.014,0.003,0.000,0.000,0.000,0.923,0.923
TCGA-4Z-AA7M-01A,0.000,0.000,0.001,0.015,0.000,0.000,0.000,0.011,0.040,0.003,0.015,0.002,0.000,0.000,0.002,0.912,0.912
TCGA-UY-A78P-01A,0.007,0.000,0.027,0.018,0.003,0.000,0.018,0.070,0.040,0.013,0.134,0.007,0.000,0.001,0.001,0.663,0.663
TCGA-4Z-AA84-01A,0.017,0.000,0.004,0.003,0.012,0.000,0.000,0.009,0.017,0.007,0.018,0.004,0.000,0.001,0.000,0.908,0.908
TCGA-E7-A677-01A,0.000,0.000,0.020,0.014,0.000,0.000,0.007,0.065,0.035,0.023,0.025,0.016,0.000,0.000,0.000,0.794,0.794
TCGA-CF-A3MH-01A,0.000,0.000,0.003,0.001,0.000,0.000,0.004,0.035,0.000,0.012,0.005,0.003,0.000,0.000,0.000,0.939,0.939
TCGA-UY-A8OC-01A,0.006,0.000,0.007,0.000,0.000,0.000,0.004,0.049,0.252,0.029,0.012,0.003,0.000,0.000,0.000,0.638,0.638
TCGA-K4-A83P-01A,0.047,0.096,0.036,0.001,0.023,0.001,0.050,0.065,0.156,0.059,0.106,0.011,0.000,0.000,0.001,0.348,0.348
TCGA-E7-A8O7-01A,0.008,0.001,0.017,0.003,0.000,0.000,0.032,0.041,0.000,0.007,0.016,0.007,0.000,0.000,0.000,0.868,0.868
TCGA-CF-A47T-01A,0.000,0.000,0.003,0.000,0.000,0.000,0.001,0.017,0.000,0.017,0.003,0.001,0.000,0.000,0.000,0.957,0.957
TCGA-BL-A13I-01B,0.001,0.000,0.036,0.036,0.009,0.000,0.017,0.159,0.081,0.046,0.218,0.010,0.001,0.005,0.002,0.378,0.378
TCGA-E7-A6MF-01A,0.000,0.000,0.008,0.000,0.001,0.000,0.008,0.028,0.000,0.000,0.006,0.000,0.000,0.000,0.000,0.948,0.948
TCGA-CU-A0YO-01A,0.002,0.000,0.019,0.000,0.000,0.000,0.044,0.072,0.050,0.050,0.021,0.008,0.000,0.000,0.000,0.732,0.732
TCGA-S5-A6DX-01A,0.035,0.000,0.020,0.015,0.002,0.000,0.002,0.005,0.049,0.031,0.129,0.008,0.000,0.000,0.001,0.703,0.703
TCGA-G2-A2EF-01A,0.000,0.000,0.016,0.068,0.001,0.000,0.004,0.066,0.026,0.000,0.078,0.006,0.000,0.000,0.000,0.734,0.734
TCGA-XF-A9T5-01A,0.023,0.000,0.029,0.011,0.033,0.000,0.095,0.030,0.041,0.011,0.073,0.000,0.000,0.000,0.000,0.654,0.654
TCGA-BT-A20R-01A,0.000,0.000,0.003,0.008,0.000,0.000,0.010,0.060,0.253,0.024,0.094,0.003,0.000,0.000,0.000,0.545,0.545
TCGA-UY-A9PF-01A,0.001,0.006,0.009,0.005,0.000,0.001,0.013,0.032,0.016,0.050,0.025,0.011,0.000,0.000,0.000,0.833,0.833
TCGA-CF-A47S-01A,0.000,0.000,0.007,0.000,0.000,0.000,0.005,0.027,0.000,0.003,0.010,0.004,0.000,0.000,0.000,0.945,0.945
TCGA-4Z-AA89-01A,0.000,0.000,0.000,0.005,0.000,0.000,0.003,0.030,0.000,0.004,0.008,0.000,0.000,0.000,0.000,0.951,0.951
TCGA-UY-A78M-01A,0.005,0.000,0.005,0.004,0.000,0.000,0.000,0.003,0.073,0.014,0.024,0.004,0.000,0.000,0.000,0.867,0.867
TCGA-DK-AA77-01A,0.000,0.000,0.008,0.033,0.002,0.000,0.010,0.054,0.000,0.009,0.033,0.001,0.000,0.000,0.000,0.849,0.849
TCGA-FD-A6TD-01A,0.015,0.000,0.021,0.019,0.001,0.000,0.037,0.046,0.098,0.009,0.066,0.006,0.000,0.000,0.000,0.681,0.681
TCGA-DK-AA6U-01A,0.000,0.000,0.001,0.021,0.000,0.000,0.003,0.020,0.000,0.006,0.008,0.004,0.000,0.000,0.000,0.937,0.937
TCGA-GU-A767-01A,0.002,0.000,0.008,0.002,0.000,0.000,0.003,0.057,0.028,0.062,0.013,0.007,0.000,0.000,0.000,0.819,0.819
TCGA-DK-A1AE-01A,0.000,0.000,0.003,0.002,0.000,0.000,0.005,0.014,0.024,0.015,0.006,0.000,0.000,0.000,0.000,0.930,0.930
TCGA-ZF-AA4V-01A,0.000,0.000,0.011,0.034,0.011,0.000,0.001,0.016,0.066,0.003,0.050,0.006,0.000,0.001,0.000,0.801,0.801
TCGA-DK-A1AC-01A,0.011,0.000,0.030,0.015,0.030,0.000,0.001,0.004,0.060,0.005,0.098,0.002,0.000,0.000,0.001,0.744,0.744
TCGA-FD-A5C1-01A,0.012,0.000,0.028,0.022,0.016,0.000,0.015,0.019,0.119,0.003,0.081,0.009,0.000,0.002,0.001,0.672,0.672
TCGA-H4-A2HO-01A,0.001,0.000,0.009,0.000,0.000,0.003,0.013,0.036,0.000,0.032,0.019,0.000,0.000,0.000,0.000,0.887,0.887
TCGA-GV-A3JX-01A,0.004,0.000,0.011,0.035,0.011,0.000,0.017,0.022,0.001,0.013,0.053,0.002,0.000,0.000,0.000,0.828,0.828
TCGA-K4-A5RJ-01A,0.000,0.000,0.043,0.041,0.042,0.000,0.002,0.058,0.051,0.036,0.352,0.001,0.001,0.000,0.000,0.374,0.374
TCGA-C4-A0F0-01A,0.002,0.000,0.002,0.007,0.004,0.000,0.004,0.070,0.054,0.017,0.009,0.001,0.000,0.000,0.004,0.827,0.827
TCGA-YF-AA3M-01A,0.000,0.000,0.001,0.013,0.000,0.000,0.001,0.012,0.000,0.015,0.021,0.005,0.000,0.000,0.000,0.931,0.931
TCGA-FD-A43N-01A,0.017,0.000,0.012,0.006,0.000,0.000,0.000,0.045,0.057,0.024,0.023,0.004,0.000,0.000,0.000,0.811,0.811
TCGA-DK-AA75-01A,0.000,0.000,0.003,0.002,0.000,0.000,0.002,0.005,0.000,0.013,0.004,0.004,0.000,0.000,0.000,0.966,0.966
TCGA-XF-A8HE-01A,0.000,0.000,0.013,0.044,0.000,0.000,0.000,0.057,0.036,0.012,0.032,0.002,0.000,0.003,0.001,0.800,0.800
TCGA-4Z-AA7N-01A,0.016,0.181,0.053,0.003,0.031,0.019,0.053,0.095,0.147,0.038,0.054,0.006,0.000,0.002,0.000,0.301,0.301
TCGA-BT-A20X-01A,0.009,0.000,0.010,0.010,0.008,0.000,0.000,0.104,0.043,0.024,0.019,0.000,0.000,0.000,0.006,0.766,0.766
TCGA-DK-A1A5-01A,0.000,0.000,0.013,0.021,0.000,0.000,0.018,0.069,0.154,0.017,0.052,0.009,0.000,0.000,0.000,0.647,0.647
TCGA-GV-A3QH-01A,0.000,0.000,0.001,0.015,0.000,0.000,0.000,0.003,0.000,0.003,0.016,0.001,0.000,0.000,0.000,0.960,0.960
TCGA-ZF-A9RD-01A,0.012,0.010,0.038,0.015,0.024,0.000,0.016,0.062,0.044,0.014,0.031,0.007,0.000,0.002,0.016,0.707,0.707
TCGA-2F-A9KR-01A,0.005,0.000,0.007,0.016,0.001,0.000,0.010,0.042,0.010,0.018,0.003,0.001,0.000,0.000,0.000,0.887,0.887
