,Plasma B cells,Non-plasma B cells,CD4 T,CD8 T effector,CD8 T (GZMK high),Double-neg-like T,DC,Endothelial Cells,CAFs,Myofibroblasts,Macrophages,Mast Cells,NK,Neutrophils,Monocytes,1-others,Cancer Cells,Cancer type,ESTIMATE,ABSOLUTE,LUMP,IHC,CPE,Unnamed: 7
TCGA-94-7943-01A,0.007,0.0,0.017,0.0,0.017,0.0,0.011,0.009,0.038,0.013,0.072,0.003,0.0,0.016,0.003,0.795,0.795,LUSC,0.8805,0.58,0.77,0.85,0.7667,
TCGA-68-8251-01A,0.008,0.018,0.036,0.012,0.017,0.0,0.017,0.025,0.143,0.01,0.055,0.002,0.0,0.0,0.0,0.657,0.657,LUSC,0.7167,0.33,0.5632,0.7,0.5736,
TCGA-33-A5GW-01A,0.0,0.0,0.001,0.0,0.0,0.0,0.006,0.018,0.0,0.006,0.013,0.002,0.0,0.029,0.0,0.924,0.924,LUSC,0.9734,,0.883,0.8,0.9358,
TCGA-85-8070-01A,0.015,0.0,0.0,0.004,0.0,0.0,0.001,0.01,0.012,0.007,0.011,0.001,0.0,0.001,0.0,0.938,0.938,LUSC,0.9862,0.95,0.8116,0.85,0.9026,
TCGA-85-8479-01A,0.0,0.0,0.007,0.0,0.001,0.0,0.002,0.036,0.0,0.021,0.0,0.003,0.0,0.019,0.0,0.911,0.911,LUSC,0.9507,,0.6701,0.725,0.7019,
TCGA-22-5482-01A,0.008,0.0,0.009,0.0,0.001,0.0,0.001,0.029,0.089,0.008,0.037,0.0,0.002,0.004,0.001,0.81,0.81,LUSC,0.8912,0.66,0.7648,0.8,0.7887,
TCGA-21-1077-01A,0.038,0.003,0.016,0.0,0.006,0.0,0.011,0.021,0.091,0.015,0.07,0.004,0.0,0.012,0.005,0.709,0.709,LUSC,0.8133,0.34,,0.825,0.6037,
TCGA-43-6773-01A,0.08,0.026,0.022,0.004,0.024,0.0,0.0,0.082,0.181,0.036,0.143,0.002,0.001,0.013,0.007,0.378,0.378,LUSC,0.4898,0.93,0.3418,0.6,0.5098,
TCGA-34-8455-01A,0.014,0.0,0.014,0.001,0.009,0.0,0.0,0.071,0.136,0.032,0.03,0.003,0.0,0.011,0.002,0.675,0.675,LUSC,0.8395,,0.6482,0.725,0.6573,
TCGA-85-7950-01A,0.001,0.009,0.071,0.013,0.023,0.0,0.013,0.038,0.208,0.006,0.046,0.001,0.001,0.005,0.001,0.565,0.565,LUSC,0.6839,0.52,0.5851,0.75,0.5969,
TCGA-60-2715-01A,0.013,0.004,0.031,0.002,0.013,0.002,0.037,0.106,0.205,0.045,0.162,0.007,0.005,0.011,0.022,0.335,0.335,LUSC,0.4902,0.19,,0.725,0.3431,
TCGA-85-A5B5-01A,0.001,0.01,0.009,0.0,0.0,0.0,0.006,0.007,0.086,0.003,0.04,0.0,0.0,0.0,0.0,0.837,0.837,LUSC,0.9185,,0.9178,0.65,0.919,
TCGA-33-4583-01A,0.009,0.002,0.001,0.021,0.0,0.0,0.0,0.004,0.009,0.003,0.016,0.0,0.0,0.019,0.007,0.908,0.908,LUSC,0.9079,0.52,0.7171,0.8,0.7022,
TCGA-60-2725-01A,0.019,0.005,0.028,0.006,0.021,0.0,0.026,0.05,0.122,0.026,0.155,0.005,0.0,0.014,0.039,0.482,0.482,LUSC,0.5742,,,0.6,0.4323,
TCGA-85-8072-01A,0.016,0.005,0.014,0.014,0.018,0.0,0.007,0.032,0.048,0.013,0.122,0.003,0.001,0.017,0.0,0.689,0.689,LUSC,0.8537,0.42,0.7166,0.65,0.7465,
TCGA-22-4601-01A,0.009,0.0,0.01,0.0,0.014,0.0,0.001,0.03,0.024,0.014,0.067,0.003,0.0,0.004,0.0,0.824,0.824,LUSC,0.8996,0.78,0.8851,0.825,0.8997,
TCGA-66-2781-01A,0.046,0.0,0.009,0.003,0.016,0.0,0.002,0.013,0.116,0.011,0.038,0.004,0.0,0.011,0.007,0.724,0.724,LUSC,0.8335,0.4,,0.7,0.7466,
TCGA-22-0940-01A,0.022,0.001,0.018,0.038,0.019,0.0,0.024,0.034,0.098,0.011,0.099,0.003,0.001,0.015,0.003,0.615,0.615,LUSC,0.6421,0.25,,0.85,0.4622,
TCGA-43-6143-01A,0.008,0.0,0.013,0.004,0.006,0.0,0.004,0.032,0.071,0.022,0.038,0.002,0.002,0.011,0.0,0.787,0.787,LUSC,0.8859,0.76,0.4475,0.9,0.8458,
TCGA-39-5021-01A,0.044,0.001,0.022,0.0,0.025,0.0,0.01,0.021,0.084,0.011,0.106,0.002,0.0,0.0,0.0,0.672,0.672,LUSC,0.7852,0.4,0.5284,0.7,0.5422,
TCGA-22-1012-01A,0.012,0.004,0.008,0.0,0.017,0.001,0.011,0.013,0.058,0.013,0.044,0.004,0.001,0.002,0.011,0.8,0.8,LUSC,0.851,0.32,,0.7,0.6215,
TCGA-33-AASL-01A,0.002,0.0,0.01,0.007,0.0,0.0,0.0,0.008,0.003,0.0,0.023,0.0,0.0,0.023,0.013,0.909,0.909,LUSC,0.9197,,,0.8,0.8464,
TCGA-33-4533-01A,0.006,0.0,0.008,0.0,0.017,0.0,0.025,0.045,0.207,0.021,0.003,0.001,0.001,0.0,0.0,0.667,0.667,LUSC,0.8747,0.7,,0.7,0.8335,
TCGA-43-6647-01A,0.033,0.0,0.031,0.0,0.006,0.0,0.009,0.041,0.441,0.012,0.086,0.003,0.0,0.013,0.005,0.32,0.32,LUSC,0.5468,0.25,0.4533,0.375,0.3975,
TCGA-77-6845-01A,0.0,0.0,0.004,0.0,0.002,0.0,0.0,0.021,0.027,0.008,0.038,0.003,0.0,0.003,0.001,0.894,0.894,LUSC,0.958,0.78,0.8962,0.775,0.9076,
TCGA-56-8504-01A,0.002,0.0,0.017,0.02,0.006,0.0,0.001,0.029,0.059,0.011,0.084,0.001,0.0,0.037,0.002,0.731,0.731,LUSC,0.7987,,0.6714,0.8,0.6486,
TCGA-56-8629-01A,0.004,0.0,0.012,0.009,0.0,0.0,0.0,0.015,0.062,0.004,0.061,0.006,0.001,0.008,0.0,0.818,0.818,LUSC,0.8876,,0.7915,0.8,0.7898,
TCGA-63-A5MY-01A,0.002,0.0,0.001,0.0,0.0,0.0,0.0,0.006,0.014,0.003,0.001,0.0,0.0,0.027,0.016,0.929,0.929,LUSC,0.9911,,0.8136,0.7,0.8158,
TCGA-37-4130-01A,0.085,0.0,0.016,0.041,0.039,0.0,0.03,0.013,0.031,0.008,0.146,0.001,0.0,0.0,0.0,0.591,0.591,LUSC,0.5848,0.4,,0.75,0.5422,
TCGA-22-1002-01A,0.019,0.011,0.016,0.0,0.013,0.0,0.001,0.117,0.163,0.043,0.027,0.004,0.004,0.001,0.01,0.571,0.571,LUSC,0.7068,0.21,,0.6,0.6123,
TCGA-18-3410-01A,0.026,0.007,0.052,0.002,0.053,0.0,0.032,0.019,0.04,0.01,0.086,0.0,0.0,0.007,0.0,0.665,0.665,LUSC,0.7334,0.66,,0.85,0.7645,
TCGA-39-5011-01A,0.004,0.0,0.019,0.052,0.005,0.0,0.007,0.021,0.031,0.003,0.225,0.0,0.0,0.02,0.001,0.611,0.611,LUSC,0.6412,0.43,0.4393,0.8,0.5233,
TCGA-56-7580-01A,0.04,0.0,0.018,0.0,0.0,0.0,0.0,0.016,0.106,0.0,0.007,0.0,0.0,0.001,0.001,0.809,0.809,LUSC,0.8897,0.37,0.5797,0.6,0.666,
TCGA-98-8023-01A,0.044,0.002,0.039,0.016,0.011,0.0,0.015,0.03,0.141,0.014,0.124,0.004,0.0,0.001,0.003,0.555,0.555,LUSC,0.6305,0.29,0.4953,0.7,0.4752,
TCGA-33-4586-01A,0.007,0.0,0.001,0.0,0.006,0.0,0.0,0.017,0.062,0.008,0.059,0.002,0.0,0.023,0.003,0.811,0.811,LUSC,0.9085,0.42,0.6108,0.65,0.5774,
TCGA-58-8388-01A,0.005,0.001,0.033,0.005,0.021,0.0,0.017,0.048,0.178,0.027,0.112,0.004,0.004,0.003,0.0,0.544,0.544,LUSC,0.7202,,0.7703,0.785,0.6977,
TCGA-77-A5G3-01A,0.0,0.0,0.007,0.003,0.017,0.0,0.0,0.012,0.07,0.003,0.05,0.003,0.002,0.009,0.0,0.824,0.824,LUSC,0.8952,,0.8155,0.95,0.8179,
TCGA-85-8071-01A,0.002,0.001,0.009,0.023,0.0,0.0,0.002,0.023,0.051,0.013,0.002,0.003,0.008,0.009,0.0,0.854,0.854,LUSC,0.9316,0.87,0.5094,0.85,0.9177,
TCGA-33-A4WN-01A,0.026,0.009,0.018,0.001,0.001,0.0,0.013,0.009,0.045,0.006,0.034,0.0,0.0,0.031,0.002,0.804,0.804,LUSC,0.9128,,0.5628,0.9,0.7913,
TCGA-77-7141-01A,0.009,0.003,0.014,0.0,0.011,0.0,0.001,0.044,0.02,0.017,0.053,0.004,0.0,0.012,0.0,0.813,0.813,LUSC,0.9193,0.44,0.7972,0.775,0.7965,
TCGA-60-2716-01A,0.0,0.0,0.002,0.0,0.0,0.0,0.004,0.012,0.01,0.009,0.0,0.001,0.0,0.014,0.002,0.945,0.945,LUSC,0.9728,,,0.825,0.7931,
TCGA-85-7844-01A,0.023,0.001,0.016,0.02,0.003,0.0,0.009,0.055,0.147,0.018,0.075,0.006,0.006,0.028,0.0,0.593,0.593,LUSC,0.7611,0.33,0.6425,0.7,0.6146,
TCGA-98-A53H-01A,0.02,0.041,0.031,0.001,0.013,0.001,0.043,0.122,0.204,0.053,0.067,0.008,0.012,0.007,0.041,0.337,0.337,LUSC,0.5303,,0.4496,0.8,0.3879,
TCGA-37-A5EM-01A,0.006,0.0,0.026,0.005,0.013,0.0,0.019,0.031,0.192,0.016,0.079,0.003,0.001,0.02,0.02,0.568,0.568,LUSC,0.6633,,0.6766,0.8,0.604,
TCGA-63-A5MU-01A,0.002,0.0,0.005,0.002,0.0,0.0,0.002,0.018,0.052,0.007,0.003,0.005,0.0,0.039,0.001,0.863,0.863,LUSC,0.9704,,0.8008,0.75,0.8006,
TCGA-39-5016-01A,0.006,0.018,0.025,0.013,0.013,0.0,0.017,0.026,0.018,0.004,0.102,0.0,0.0,0.003,0.0,0.754,0.754,LUSC,0.8189,0.51,0.734,0.75,0.7433,
TCGA-33-4582-01A,0.003,0.0,0.005,0.001,0.011,0.0,0.0,0.003,0.043,0.003,0.052,0.0,0.0,0.0,0.006,0.872,0.872,LUSC,0.9504,0.54,0.6978,0.675,0.6796,
TCGA-85-8666-01A,0.005,0.0,0.019,0.001,0.01,0.0,0.007,0.041,0.126,0.017,0.08,0.003,0.0,0.039,0.019,0.633,0.633,LUSC,0.7236,,0.5586,0.575,0.6352,
TCGA-66-2791-01A,0.04,0.009,0.033,0.015,0.027,0.0,0.003,0.02,0.109,0.011,0.155,0.005,0.003,0.019,0.001,0.55,0.55,LUSC,0.6343,,,0.7,0.6526,
TCGA-6A-AB49-01A,0.0,0.0,0.007,0.007,0.0,0.0,0.0,0.01,0.0,0.0,0.008,0.0,0.0,0.0,0.0,0.968,0.968,LUSC,0.9782,,,0.8,0.7967,
TCGA-66-2782-01A,0.023,0.0,0.025,0.01,0.01,0.0,0.0,0.022,0.094,0.015,0.102,0.002,0.0,0.013,0.015,0.667,0.667,LUSC,0.6814,0.35,,0.75,0.5779,
TCGA-39-5036-01A,0.009,0.0,0.003,0.002,0.016,0.0,0.004,0.01,0.0,0.004,0.057,0.0,0.0,0.01,0.0,0.886,0.886,LUSC,0.95,0.64,0.7558,0.725,0.7588,
TCGA-NK-A5CX-01A,0.02,0.0,0.018,0.014,0.012,0.0,0.001,0.042,0.104,0.011,0.067,0.001,0.0,0.022,0.004,0.683,0.683,LUSC,0.7655,,0.6073,0.8,0.6126,
TCGA-77-8154-01A,0.001,0.004,0.002,0.0,0.002,0.0,0.0,0.024,0.117,0.007,0.009,0.004,0.0,0.0,0.002,0.828,0.828,LUSC,0.9516,0.68,0.6713,0.75,0.8077,
TCGA-37-4132-01A,0.078,0.0,0.019,0.008,0.041,0.0,0.0,0.011,0.051,0.009,0.087,0.0,0.0,0.0,0.001,0.696,0.696,LUSC,0.7722,0.63,,0.75,0.7019,
TCGA-98-8020-01A,0.017,0.0,0.021,0.007,0.007,0.0,0.004,0.076,0.153,0.023,0.063,0.001,0.0,0.001,0.004,0.621,0.621,LUSC,0.7277,0.46,0.4754,0.8,0.5991,
TCGA-56-A5DS-01A,0.038,0.024,0.039,0.001,0.016,0.0,0.017,0.042,0.08,0.023,0.021,0.005,0.001,0.041,0.022,0.629,0.629,LUSC,0.8132,,0.4649,0.7,0.5814,
TCGA-60-2707-01A,0.01,0.0,0.007,0.007,0.001,0.0,0.0,0.051,0.177,0.014,0.066,0.002,0.0,0.037,0.017,0.611,0.611,LUSC,0.7195,0.43,,0.7,0.6296,
TCGA-66-2734-01A,0.002,0.0,0.012,0.0,0.001,0.0,0.008,0.041,0.109,0.016,0.104,0.002,0.0,0.024,0.016,0.666,0.666,LUSC,0.6814,0.22,,0.7,0.5779,
TCGA-66-2742-01A,0.029,0.004,0.012,0.0,0.012,0.0,0.002,0.049,0.051,0.024,0.064,0.002,0.0,0.032,0.004,0.715,0.715,LUSC,0.7986,0.45,,0.85,0.737,
TCGA-22-5481-01A,0.032,0.0,0.005,0.001,0.056,0.0,0.02,0.002,0.03,0.002,0.038,0.0,0.0,0.0,0.0,0.815,0.815,LUSC,0.8219,0.69,0.5504,0.8,0.7686,
TCGA-21-5787-01A,0.018,0.0,0.022,0.063,0.004,0.0,0.005,0.047,0.059,0.018,0.085,0.001,0.001,0.001,0.004,0.673,0.673,LUSC,0.6725,0.5,0.6508,0.75,0.614,
TCGA-66-2783-01A,0.037,0.0,0.015,0.001,0.009,0.0,0.01,0.02,0.036,0.011,0.063,0.002,0.0,0.027,0.004,0.763,0.763,LUSC,0.8073,0.57,,0.625,0.7488,
TCGA-92-8063-01A,0.003,0.0,0.02,0.004,0.011,0.0,0.0,0.029,0.107,0.02,0.106,0.004,0.0,0.03,0.002,0.664,0.664,LUSC,0.8332,0.51,0.627,0.75,0.6465,
TCGA-66-2757-01A,0.014,0.0,0.01,0.003,0.032,0.0,0.018,0.024,0.055,0.014,0.074,0.001,0.0,0.0,0.002,0.752,0.752,LUSC,0.8129,0.86,,0.85,0.7913,
TCGA-39-5022-01A,0.099,0.003,0.03,0.025,0.028,0.0,0.038,0.035,0.122,0.017,0.152,0.002,0.002,0.008,0.0,0.438,0.438,LUSC,0.5074,0.25,0.4228,0.675,0.3782,
TCGA-94-A5I6-01A,0.002,0.0,0.01,0.0,0.007,0.0,0.009,0.007,0.058,0.012,0.068,0.004,0.0,0.021,0.001,0.798,0.798,LUSC,0.9003,,0.7077,0.6,0.8752,
TCGA-85-7698-01A,0.012,0.013,0.029,0.001,0.014,0.0,0.014,0.033,0.165,0.01,0.082,0.002,0.01,0.006,0.0,0.61,0.61,LUSC,0.7434,0.64,0.7482,0.625,0.7388,
TCGA-37-4141-01A,0.022,0.0,0.016,0.009,0.028,0.0,0.013,0.018,0.068,0.007,0.077,0.003,0.0,0.0,0.0,0.738,0.738,LUSC,0.8208,0.75,,0.775,0.7672,
TCGA-66-2753-01A,0.019,0.006,0.012,0.0,0.009,0.0,0.005,0.042,0.088,0.018,0.055,0.002,0.0,0.008,0.006,0.729,0.729,LUSC,0.8078,0.39,,0.7,0.7495,
TCGA-43-A474-01A,0.0,0.0,0.004,0.0,0.0,0.0,0.0,0.011,0.153,0.005,0.002,0.002,0.0,0.013,0.001,0.809,0.809,LUSC,0.9443,,0.497,0.7,0.836,
TCGA-63-5128-01A,0.004,0.0,0.001,0.0,0.0,0.0,0.0,0.013,0.069,0.01,0.046,0.0,0.0,0.01,0.003,0.844,0.844,LUSC,0.9143,0.72,0.8305,0.8,0.8456,
TCGA-56-8625-01A,0.027,0.002,0.033,0.029,0.015,0.0,0.001,0.029,0.169,0.016,0.247,0.004,0.013,0.017,0.001,0.398,0.398,LUSC,0.4464,,0.6131,0.75,0.4194,
TCGA-63-A5MB-01A,0.005,0.008,0.012,0.007,0.011,0.0,0.007,0.02,0.032,0.017,0.088,0.003,0.002,0.0,0.0,0.79,0.79,LUSC,0.9038,,0.8295,0.9,0.836,
TCGA-22-5471-01A,0.012,0.0,0.018,0.031,0.028,0.0,0.026,0.019,0.055,0.009,0.077,0.002,0.0,0.0,0.0,0.722,0.722,LUSC,0.7564,0.44,0.6585,0.65,0.6566,
TCGA-56-A4BX-01A,0.0,0.0,0.001,0.0,0.0,0.0,0.001,0.017,0.001,0.008,0.009,0.0,0.0,0.003,0.0,0.959,0.959,LUSC,0.9932,,0.8178,0.95,0.8206,
TCGA-63-7021-01A,0.06,0.001,0.017,0.026,0.007,0.0,0.0,0.03,0.111,0.014,0.076,0.001,0.001,0.038,0.007,0.611,0.611,LUSC,0.7353,0.26,0.4602,0.6,0.511,
TCGA-85-A511-01A,0.04,0.006,0.025,0.009,0.015,0.0,0.0,0.023,0.211,0.009,0.073,0.003,0.0,0.027,0.006,0.552,0.552,LUSC,0.7106,,0.5793,0.95,0.6176,
TCGA-66-2755-01A,0.005,0.006,0.062,0.001,0.024,0.0,0.052,0.028,0.077,0.015,0.142,0.0,0.0,0.017,0.018,0.554,0.554,LUSC,0.5703,0.3,,0.825,0.4474,
TCGA-46-3769-01A,0.014,0.0,0.025,0.03,0.01,0.0,0.001,0.049,0.068,0.014,0.148,0.003,0.0,0.008,0.0,0.631,0.631,LUSC,0.6878,0.47,,0.75,0.6086,
TCGA-21-1070-01A,0.036,0.011,0.044,0.017,0.029,0.0,0.005,0.048,0.05,0.015,0.07,0.001,0.001,0.037,0.007,0.63,0.63,LUSC,0.6819,0.5,,0.95,0.6078,
TCGA-22-5477-01A,0.008,0.001,0.006,0.001,0.016,0.0,0.002,0.021,0.031,0.013,0.057,0.002,0.006,0.001,0.0,0.835,0.835,LUSC,0.9099,0.73,0.88,0.9,0.8716,
TCGA-18-3412-01A,0.009,0.0,0.01,0.003,0.006,0.0,0.007,0.011,0.033,0.006,0.045,0.004,0.0,0.034,0.02,0.813,0.813,LUSC,0.8637,0.78,,0.865,0.9025,
TCGA-34-5929-01A,0.001,0.0,0.042,0.0,0.004,0.0,0.01,0.033,0.059,0.017,0.046,0.002,0.0,0.0,0.001,0.784,0.784,LUSC,0.8568,0.76,0.3474,0.8,0.692,
TCGA-NK-A5CT-01A,0.002,0.0,0.008,0.009,0.0,0.0,0.001,0.037,0.007,0.005,0.013,0.002,0.002,0.023,0.0,0.891,0.891,LUSC,0.9169,,0.4686,0.95,0.6573,
TCGA-46-6025-01A,0.007,0.0,0.005,0.005,0.001,0.0,0.0,0.021,0.062,0.001,0.055,0.0,0.0,0.0,0.0,0.842,0.842,LUSC,0.8949,0.55,0.7944,0.75,0.7932,
TCGA-NK-A7XE-01A,0.0,0.0,0.006,0.009,0.0,0.0,0.008,0.004,0.0,0.006,0.016,0.001,0.0,0.01,0.0,0.94,0.94,LUSC,0.9401,,,0.8,0.7709,
TCGA-33-AASI-01A,0.026,0.017,0.027,0.007,0.002,0.0,0.017,0.022,0.01,0.017,0.015,0.0,0.0,0.0,0.0,0.838,0.838,LUSC,0.8692,,,0.65,0.8567,
TCGA-56-A4ZJ-01A,0.009,0.0,0.015,0.004,0.006,0.0,0.021,0.082,0.2,0.036,0.126,0.004,0.002,0.003,0.01,0.481,0.481,LUSC,0.5791,,0.5599,0.61,0.4783,
TCGA-34-5239-01A,0.022,0.001,0.046,0.016,0.017,0.0,0.048,0.032,0.237,0.02,0.064,0.008,0.001,0.008,0.0,0.481,0.481,LUSC,0.5844,0.45,0.596,0.725,0.5599,
TCGA-66-2754-01A,0.002,0.001,0.005,0.002,0.002,0.0,0.001,0.008,0.011,0.012,0.044,0.0,0.0,0.0,0.0,0.912,0.912,LUSC,0.9596,0.87,,0.9,0.9556,
TCGA-66-2756-01A,0.026,0.0,0.007,0.0,0.03,0.0,0.0,0.014,0.041,0.027,0.049,0.002,0.0,0.0,0.0,0.804,0.804,LUSC,0.8957,0.72,,0.85,0.8456,
TCGA-58-8390-01A,0.003,0.0,0.023,0.001,0.009,0.0,0.018,0.016,0.19,0.005,0.029,0.0,0.0,0.018,0.009,0.679,0.679,LUSC,0.7964,,0.7239,0.8,0.734,
TCGA-77-A5GB-01B,0.038,0.0,0.029,0.001,0.016,0.0,0.0,0.035,0.122,0.006,0.075,0.002,0.0,0.016,0.004,0.654,0.654,LUSC,0.724,,0.5294,0.8,0.6358,
TCGA-O2-A52S-01A,0.014,0.0,0.021,0.008,0.025,0.0,0.003,0.018,0.026,0.008,0.108,0.002,0.0,0.005,0.0,0.761,0.761,LUSC,0.8661,,0.7981,0.7,0.8131,
TCGA-60-2713-01A,0.01,0.0,0.025,0.0,0.029,0.0,0.0,0.027,0.157,0.017,0.19,0.001,0.0,0.0,0.0,0.542,0.542,LUSC,0.6019,0.63,,0.875,0.7603,
TCGA-37-A5EN-01A,0.004,0.017,0.015,0.004,0.015,0.001,0.025,0.013,0.054,0.015,0.023,0.004,0.0,0.001,0.0,0.809,0.809,LUSC,0.9073,,0.7022,0.7,0.8846,
TCGA-56-8626-01A,0.011,0.0,0.006,0.004,0.01,0.0,0.001,0.063,0.134,0.024,0.077,0.003,0.001,0.013,0.004,0.649,0.649,LUSC,0.8318,,0.749,0.6,0.7398,
TCGA-L3-A4E7-01A,0.02,0.001,0.009,0.0,0.009,0.0,0.007,0.049,0.05,0.03,0.061,0.003,0.0,0.016,0.004,0.741,0.741,LUSC,0.8198,,0.5279,0.85,0.7243,
TCGA-22-5472-01A,0.001,0.0,0.008,0.0,0.009,0.0,0.027,0.078,0.056,0.02,0.085,0.003,0.004,0.016,0.01,0.681,0.681,LUSC,0.8038,0.65,0.6965,0.8,0.7454,
TCGA-63-A5MW-01A,0.0,0.0,0.002,0.001,0.023,0.0,0.008,0.05,0.276,0.019,0.003,0.002,0.001,0.0,0.0,0.614,0.614,LUSC,0.8621,,0.8186,0.65,0.8216,
TCGA-63-A5M9-01A,0.017,0.0,0.016,0.001,0.015,0.0,0.012,0.018,0.064,0.01,0.087,0.006,0.003,0.0,0.0,0.749,0.749,LUSC,0.8536,,0.7933,0.95,0.8116,
TCGA-60-2710-01A,0.012,0.004,0.026,0.008,0.013,0.0,0.029,0.049,0.092,0.021,0.099,0.004,0.001,0.022,0.001,0.62,0.62,LUSC,0.7404,0.65,,0.875,0.7792,
TCGA-77-6843-01A,0.002,0.01,0.01,0.0,0.001,0.0,0.005,0.011,0.018,0.007,0.035,0.006,0.0,0.0,0.0,0.895,0.895,LUSC,0.9662,0.74,0.726,0.85,0.7887,
TCGA-21-5786-01A,0.035,0.0,0.014,0.0,0.018,0.0,0.0,0.025,0.122,0.009,0.03,0.001,0.0,0.011,0.004,0.731,0.731,LUSC,0.8599,0.56,0.7458,0.8,0.7458,
TCGA-68-7755-01A,0.007,0.0,0.007,0.0,0.006,0.0,0.001,0.033,0.059,0.017,0.028,0.005,0.002,0.0,0.0,0.836,0.836,LUSC,0.8906,0.62,0.8289,0.7,0.7922,
TCGA-85-A50Z-01A,0.006,0.0,0.008,0.007,0.0,0.0,0.001,0.012,0.041,0.004,0.005,0.002,0.003,0.047,0.001,0.863,0.863,LUSC,0.8554,,0.4358,0.95,0.7019,
TCGA-66-2737-01A,0.029,0.0,0.018,0.001,0.016,0.0,0.005,0.016,0.204,0.014,0.128,0.006,0.001,0.009,0.0,0.552,0.552,LUSC,0.6381,0.31,,0.7,0.5191,
TCGA-NC-A5HK-01A,0.013,0.0,0.0,0.023,0.0,0.0,0.0,0.014,0.044,0.012,0.01,0.002,0.0,0.027,0.002,0.852,0.852,LUSC,0.9297,,0.7638,1.0,0.8361,
TCGA-85-A4JC-01A,0.016,0.0,0.016,0.002,0.01,0.0,0.002,0.026,0.13,0.019,0.029,0.002,0.0,0.025,0.013,0.707,0.707,LUSC,0.7599,,0.4186,0.85,0.6845,
TCGA-58-A46J-01A,0.009,0.003,0.013,0.001,0.011,0.0,0.001,0.068,0.024,0.022,0.062,0.003,0.0,0.001,0.006,0.775,0.775,LUSC,0.8274,,0.5103,0.6,0.7761,
TCGA-46-6026-01A,0.0,0.005,0.007,0.0,0.005,0.008,0.003,0.013,0.026,0.013,0.011,0.001,0.003,0.003,0.002,0.9,0.9,LUSC,0.9631,0.9,0.1454,0.8,0.8758,
TCGA-46-3765-01A,0.045,0.001,0.012,0.003,0.021,0.0,0.0,0.022,0.064,0.005,0.087,0.0,0.0,0.006,0.001,0.732,0.732,LUSC,0.8042,0.36,,0.75,0.7446,
TCGA-O2-A52V-01A,0.016,0.007,0.028,0.0,0.0,0.0,0.021,0.026,0.089,0.02,0.051,0.004,0.0,0.037,0.011,0.689,0.689,LUSC,0.8132,,0.5353,0.75,0.7568,
TCGA-92-7341-01A,0.009,0.0,0.017,0.0,0.003,0.0,0.0,0.019,0.113,0.007,0.094,0.003,0.0,0.013,0.002,0.719,0.719,LUSC,0.8267,0.52,0.7699,0.65,0.7643,
TCGA-51-4080-01A,0.0,0.0,0.005,0.0,0.001,0.0,0.0,0.019,0.008,0.008,0.041,0.001,0.0,0.006,0.001,0.91,0.91,LUSC,0.9407,0.96,,0.9,0.93,
TCGA-56-7730-01A,0.001,0.0,0.002,0.0,0.002,0.0,0.0,0.026,0.013,0.009,0.026,0.003,0.001,0.001,0.001,0.914,0.914,LUSC,0.9873,0.8,0.8831,0.75,0.9094,
TCGA-NC-A5HO-01A,0.001,0.0,0.003,0.009,0.001,0.0,0.008,0.007,0.026,0.003,0.01,0.001,0.0,0.034,0.023,0.872,0.872,LUSC,0.9058,,0.72,0.75,0.7913,
TCGA-21-1079-01A,0.006,0.0,0.016,0.0,0.001,0.0,0.0,0.103,0.226,0.02,0.011,0.003,0.0,0.009,0.002,0.603,0.603,LUSC,0.792,0.6,,0.8,0.7281,
TCGA-21-1076-01A.1,0.014,0.006,0.046,0.001,0.017,0.0,0.014,0.052,0.134,0.015,0.311,0.003,0.003,0.012,0.0,0.371,0.371,LUSC,0.4538,0.2,,,0.3107,
TCGA-NC-A5HT-01A,0.001,0.0,0.004,0.0,0.0,0.0,0.0,0.058,0.016,0.025,0.0,0.001,0.0,0.0,0.0,0.894,0.894,LUSC,0.9721,,0.619,0.7,0.6573,
TCGA-56-6545-01A,0.03,0.005,0.04,0.002,0.009,0.0,0.012,0.066,0.284,0.014,0.113,0.003,0.001,0.003,0.009,0.41,0.41,LUSC,0.5419,0.33,0.562,0.7,0.4759,
TCGA-85-8582-01A,0.016,0.022,0.02,0.001,0.01,0.0,0.0,0.052,0.36,0.017,0.053,0.003,0.0,0.032,0.002,0.412,0.412,LUSC,0.6787,,0.6216,0.6,0.5901,
TCGA-66-2787-01A,0.025,0.006,0.012,0.008,0.042,0.0,0.012,0.016,0.059,0.009,0.109,0.003,0.0,0.002,0.001,0.697,0.697,LUSC,0.7357,0.35,,0.75,0.6515,
TCGA-60-2698-01A,0.012,0.0,0.019,0.01,0.03,0.0,0.016,0.065,0.054,0.02,0.163,0.004,0.0,0.007,0.011,0.588,0.588,LUSC,0.6914,0.41,,0.8,0.5914,
TCGA-O2-A5IB-01A,0.0,0.001,0.004,0.0,0.0,0.0,0.0,0.011,0.02,0.015,0.0,0.0,0.0,0.001,0.0,0.946,0.946,LUSC,0.9834,,0.9212,0.9,0.9422,
TCGA-22-1000-01A,0.04,0.0,0.028,0.001,0.019,0.0,0.05,0.067,0.244,0.02,0.157,0.004,0.001,0.017,0.013,0.34,0.34,LUSC,0.4517,0.18,,0.65,0.2998,
TCGA-56-8083-01A,0.002,0.0,0.005,0.0,0.01,0.0,0.001,0.033,0.117,0.032,0.011,0.004,0.001,0.005,0.0,0.778,0.778,LUSC,0.9619,0.91,0.4035,0.8,0.9587,
TCGA-66-2763-01A,0.021,0.006,0.011,0.01,0.007,0.0,0.001,0.015,0.033,0.011,0.068,0.005,0.0,0.026,0.015,0.77,0.77,LUSC,0.8479,0.67,,0.85,0.7982,
TCGA-77-8153-01A,0.012,0.0,0.006,0.0,0.005,0.0,0.0,0.014,0.036,0.006,0.013,0.002,0.0,0.011,0.0,0.895,0.895,LUSC,0.9664,,0.726,0.75,0.7466,
TCGA-21-1083-01A,0.028,0.001,0.035,0.012,0.013,0.0,0.001,0.014,0.064,0.018,0.099,0.0,0.001,0.016,0.001,0.697,0.697,LUSC,0.7886,0.58,,0.95,0.7129,
TCGA-85-8049-01A,0.039,0.021,0.031,0.004,0.018,0.0,0.032,0.075,0.19,0.026,0.12,0.005,0.003,0.024,0.013,0.4,0.4,LUSC,0.5372,0.18,0.5359,0.6,0.4357,
TCGA-34-8456-01A,0.023,0.009,0.02,0.0,0.005,0.001,0.015,0.033,0.08,0.026,0.052,0.003,0.006,0.003,0.0,0.726,0.726,LUSC,0.8729,,0.722,0.78,0.773,
TCGA-33-6737-01A,0.004,0.0,0.009,0.009,0.0,0.0,0.002,0.046,0.062,0.02,0.051,0.003,0.0,0.003,0.006,0.787,0.787,LUSC,0.7868,0.48,0.5654,0.8,0.6181,
TCGA-77-8140-01A,0.019,0.009,0.004,0.001,0.002,0.0,0.0,0.04,0.031,0.012,0.016,0.001,0.0,0.004,0.003,0.857,0.857,LUSC,0.9446,0.54,0.5204,,0.6661,
TCGA-39-5028-01A,0.04,0.001,0.019,0.005,0.007,0.0,0.01,0.032,0.205,0.009,0.047,0.004,0.002,0.025,0.012,0.583,0.583,LUSC,0.7271,0.19,0.5125,0.7,0.5509,
TCGA-34-5240-01A,0.009,0.0,0.011,0.0,0.001,0.0,0.0,0.013,0.059,0.009,0.096,0.002,0.0,0.0,0.0,0.799,0.799,LUSC,0.8244,0.64,0.8644,0.8,0.7721,
TCGA-79-5596-01A,0.0,0.005,0.001,0.001,0.0,0.0,0.0,0.019,0.076,0.009,0.03,0.001,0.001,0.02,0.002,0.834,0.834,LUSC,0.9373,0.7,0.5952,0.7,0.8266,
TCGA-56-8308-01A,0.036,0.008,0.02,0.0,0.013,0.0,0.015,0.048,0.107,0.025,0.057,0.005,0.001,0.013,0.001,0.653,0.653,LUSC,0.8209,0.45,0.6469,0.75,0.6207,
TCGA-90-7964-01A,0.002,0.003,0.009,0.0,0.003,0.0,0.007,0.032,0.066,0.016,0.108,0.002,0.002,0.017,0.002,0.732,0.732,LUSC,0.7925,0.7,0.7243,0.61,0.7288,
TCGA-18-3408-01A,0.014,0.0,0.016,0.0,0.005,0.0,0.038,0.029,0.053,0.006,0.053,0.005,0.003,0.003,0.0,0.774,0.774,LUSC,0.7818,0.76,,0.875,0.7141,
TCGA-18-4721-01A,0.045,0.006,0.031,0.016,0.022,0.0,0.013,0.032,0.091,0.009,0.138,0.003,0.002,0.001,0.0,0.591,0.591,LUSC,0.6517,0.39,0.543,0.725,0.5327,
TCGA-22-5478-01A,0.019,0.016,0.021,0.001,0.009,0.0,0.008,0.042,0.114,0.015,0.08,0.002,0.001,0.015,0.001,0.656,0.656,LUSC,0.8052,0.41,0.6211,0.6,0.5894,
TCGA-66-2773-01A,0.009,0.0,0.019,0.007,0.017,0.0,0.0,0.026,0.059,0.017,0.109,0.002,0.0,0.038,0.016,0.678,0.678,LUSC,0.7352,0.7,,0.6,0.6509,
TCGA-22-5479-01A,0.025,0.0,0.008,0.002,0.006,0.0,0.002,0.016,0.083,0.013,0.062,0.0,0.008,0.0,0.002,0.772,0.772,LUSC,0.844,0.28,0.6144,0.65,0.5748,
TCGA-39-5019-01A,0.022,0.008,0.014,0.0,0.021,0.001,0.024,0.036,0.11,0.018,0.067,0.005,0.0,0.009,0.005,0.66,0.66,LUSC,0.7861,0.37,0.6187,0.55,0.6534,
TCGA-NK-A5CR-01A,0.014,0.0,0.004,0.0,0.0,0.0,0.0,0.006,0.028,0.0,0.026,0.0,0.0,0.006,0.002,0.913,0.913,LUSC,0.9636,,0.6859,0.6,0.6657,
TCGA-39-5040-01A,0.023,0.019,0.011,0.001,0.008,0.016,0.008,0.051,0.052,0.015,0.06,0.003,0.0,0.024,0.0,0.709,0.709,LUSC,0.9061,0.59,0.7762,0.675,0.8039,
TCGA-77-A5G6-01A,0.005,0.007,0.004,0.0,0.008,0.0,0.004,0.022,0.025,0.009,0.02,0.001,0.0,0.02,0.003,0.871,0.871,LUSC,0.9445,,0.8159,0.6,0.8184,
TCGA-98-A539-01A,0.006,0.006,0.007,0.001,0.006,0.0,0.003,0.053,0.059,0.023,0.101,0.001,0.0,0.0,0.002,0.731,0.731,LUSC,0.8355,,0.596,0.7,0.7466,
TCGA-85-6175-01A,0.017,0.0,0.024,0.001,0.01,0.0,0.046,0.044,0.419,0.026,0.111,0.003,0.0,0.016,0.0,0.283,0.283,LUSC,0.4876,0.39,0.6167,0.7,0.5585,
TCGA-34-5927-01A,0.006,0.002,0.016,0.0,0.004,0.0,0.0,0.02,0.053,0.018,0.017,0.0,0.003,0.001,0.0,0.858,0.858,LUSC,0.9401,0.77,0.1682,0.7,0.8421,
TCGA-85-8350-01A,0.027,0.0,0.016,0.002,0.017,0.0,0.033,0.062,0.137,0.041,0.06,0.006,0.005,0.009,0.002,0.582,0.582,LUSC,0.7897,0.32,0.6621,0.7,0.6028,
TCGA-NC-A5HM-01A,0.009,0.0,0.018,0.003,0.015,0.0,0.0,0.014,0.01,0.006,0.023,0.0,0.0,0.01,0.003,0.887,0.887,LUSC,0.9174,,0.6228,0.75,0.7449,
TCGA-22-4591-01A,0.01,0.0,0.007,0.0,0.012,0.0,0.005,0.024,0.015,0.007,0.062,0.001,0.0,0.006,0.002,0.848,0.848,LUSC,0.9257,0.73,,0.8,0.8583,
TCGA-85-6561-01A,0.04,0.015,0.034,0.002,0.021,0.0,0.001,0.042,0.223,0.02,0.113,0.006,0.01,0.018,0.013,0.44,0.44,LUSC,0.5333,0.26,0.5169,0.575,0.4095,
TCGA-98-A53B-01A,0.007,0.008,0.016,0.014,0.024,0.0,0.0,0.047,0.128,0.012,0.109,0.005,0.0,0.014,0.002,0.615,0.615,LUSC,0.8211,,0.5415,0.9,0.7019,
TCGA-39-5039-01A,0.021,0.0,0.005,0.001,0.012,0.0,0.0,0.067,0.162,0.023,0.054,0.002,0.0,0.0,0.005,0.649,0.649,LUSC,0.7395,0.28,0.553,0.7,0.5831,
TCGA-68-A59I-01A,0.052,0.023,0.025,0.005,0.012,0.001,0.009,0.036,0.143,0.025,0.05,0.006,0.001,0.035,0.004,0.573,0.573,LUSC,0.723,,0.5104,0.85,0.6344,
TCGA-90-7766-01A,0.063,0.031,0.026,0.025,0.001,0.0,0.029,0.032,0.03,0.01,0.044,0.0,0.001,0.044,0.012,0.654,0.654,LUSC,0.8259,0.59,0.4754,0.61,0.73,
TCGA-66-2744-01A,0.028,0.019,0.028,0.024,0.026,0.001,0.001,0.058,0.093,0.019,0.163,0.001,0.002,0.0,0.008,0.529,0.529,LUSC,0.5432,0.37,,0.9,0.5138,
TCGA-22-4594-01A,0.102,0.009,0.028,0.001,0.017,0.0,0.023,0.019,0.088,0.024,0.09,0.0,0.0,0.001,0.001,0.597,0.597,LUSC,0.6485,0.24,,0.7,0.4618,
TCGA-77-A5GF-01A,0.027,0.007,0.018,0.004,0.013,0.0,0.0,0.021,0.07,0.011,0.053,0.005,0.0,0.001,0.0,0.769,0.769,LUSC,0.8633,,0.8072,0.65,0.8082,
TCGA-60-2711-01A,0.02,0.001,0.02,0.007,0.011,0.0,0.02,0.026,0.027,0.018,0.021,0.001,0.0,0.0,0.005,0.822,0.822,LUSC,0.9058,0.67,,0.85,0.7982,
TCGA-33-4566-01A,0.005,0.0,0.013,0.031,0.0,0.0,0.0,0.019,0.023,0.011,0.107,0.0,0.0,0.0,0.003,0.787,0.787,LUSC,0.7372,0.54,0.5987,0.8,0.6537,
TCGA-43-2576-01A,0.038,0.0,0.019,0.002,0.016,0.0,0.008,0.021,0.16,0.014,0.184,0.002,0.002,0.0,0.011,0.522,0.522,LUSC,0.5892,0.27,,0.575,0.4527,
TCGA-37-4135-01A,0.03,0.0,0.002,0.0,0.003,0.0,0.002,0.003,0.032,0.007,0.044,0.0,0.0,0.0,0.002,0.874,0.874,LUSC,0.8491,0.91,,0.85,0.8056,
TCGA-98-7454-01A,0.041,0.029,0.022,0.026,0.011,0.0,0.011,0.102,0.171,0.025,0.1,0.007,0.0,0.011,0.02,0.425,0.425,LUSC,0.4284,0.21,0.482,0.7,0.394,
TCGA-92-8065-01A,0.056,0.008,0.023,0.008,0.012,0.0,0.001,0.026,0.046,0.005,0.108,0.003,0.001,0.062,0.014,0.628,0.628,LUSC,0.7396,0.5,0.5636,0.8,0.637,
TCGA-52-7812-01A,0.007,0.0,0.01,0.039,0.032,0.0,0.008,0.018,0.038,0.005,0.107,0.001,0.0,0.008,0.001,0.725,0.725,LUSC,0.7739,0.56,0.5879,0.7,0.6939,
TCGA-63-A5MM-01A,0.004,0.0,0.023,0.035,0.0,0.0,0.01,0.08,0.169,0.022,0.081,0.0,0.002,0.008,0.004,0.563,0.563,LUSC,0.5947,,0.4941,0.75,0.4502,
TCGA-56-A5DR-01A,0.001,0.0,0.015,0.01,0.0,0.0,0.0,0.022,0.084,0.006,0.047,0.002,0.0,0.022,0.009,0.782,0.782,LUSC,0.8426,,0.6832,0.7,0.7466,
TCGA-56-8082-01A,0.003,0.0,0.013,0.0,0.001,0.0,0.0,0.032,0.06,0.008,0.003,0.001,0.0,0.027,0.002,0.848,0.848,LUSC,0.9392,0.81,0.7273,0.75,0.8211,
TCGA-98-A538-01A,0.025,0.0,0.008,0.005,0.011,0.0,0.0,0.03,0.053,0.011,0.07,0.0,0.0,0.021,0.003,0.763,0.763,LUSC,0.8415,,0.5465,0.8,0.7019,
TCGA-94-8490-01A,0.002,0.0,0.001,0.004,0.008,0.0,0.001,0.016,0.025,0.013,0.0,0.005,0.0,0.036,0.003,0.884,0.884,LUSC,0.9635,,0.8371,0.75,0.8434,
TCGA-52-7810-01A,0.003,0.0,0.002,0.001,0.0,0.0,0.001,0.025,0.037,0.016,0.004,0.0,0.0,0.0,0.003,0.909,0.909,LUSC,0.9212,0.51,0.6836,0.655,0.7048,
TCGA-NC-A5HJ-01A,0.005,0.01,0.025,0.025,0.035,0.0,0.011,0.09,0.042,0.028,0.228,0.002,0.006,0.009,0.002,0.481,0.481,LUSC,0.6429,,0.6242,0.95,0.559,
TCGA-52-7809-01A,0.007,0.007,0.011,0.001,0.019,0.001,0.001,0.047,0.072,0.021,0.023,0.004,0.001,0.011,0.003,0.771,0.771,LUSC,0.9148,0.52,0.6783,0.85,0.6793,
TCGA-NC-A5HN-01A,0.013,0.0,0.003,0.001,0.007,0.0,0.0,0.017,0.008,0.001,0.018,0.0,0.0,0.0,0.0,0.933,0.933,LUSC,0.9572,,0.4398,0.9,0.7913,
TCGA-18-3414-01A,0.002,0.0,0.014,0.0,0.021,0.0,0.001,0.035,0.083,0.012,0.049,0.004,0.0,0.028,0.005,0.743,0.743,LUSC,0.8294,0.76,,0.9,0.8835,
TCGA-96-A4JL-01A,0.029,0.039,0.054,0.033,0.032,0.0,0.11,0.069,0.08,0.019,0.066,0.004,0.001,0.006,0.0,0.458,0.458,LUSC,0.5838,,0.5638,0.8,0.4837,
TCGA-18-5595-01A,0.0,0.0,0.005,0.001,0.001,0.0,0.0,0.031,0.022,0.009,0.025,0.0,0.0,0.024,0.0,0.882,0.882,LUSC,0.9549,0.86,0.9152,0.8,0.9493,
TCGA-77-7140-01A,0.003,0.0,0.004,0.001,0.0,0.0,0.0,0.012,0.081,0.003,0.02,0.0,0.0,0.012,0.01,0.854,0.854,LUSC,0.8983,0.78,0.8417,0.6,0.8606,
TCGA-33-AASB-01A,0.001,0.0,0.005,0.002,0.003,0.0,0.006,0.012,0.0,0.011,0.009,0.001,0.0,0.034,0.0,0.916,0.916,LUSC,0.9867,,,0.75,0.8472,
TCGA-63-7022-01A,0.088,0.003,0.044,0.001,0.012,0.0,0.016,0.054,0.279,0.019,0.191,0.005,0.001,0.001,0.0,0.286,0.286,LUSC,0.4408,0.22,0.401,0.65,0.3308,
TCGA-56-8628-01A,0.026,0.003,0.022,0.0,0.028,0.0,0.032,0.106,0.147,0.027,0.143,0.002,0.001,0.0,0.009,0.454,0.454,LUSC,0.6404,,0.6537,0.65,0.6278,
TCGA-NK-A5D1-01A,0.002,0.0,0.001,0.001,0.026,0.0,0.0,0.021,0.052,0.009,0.02,0.002,0.0,0.0,0.001,0.865,0.865,LUSC,0.9615,,0.926,0.7,0.9478,
TCGA-NC-A5HH-01A,0.003,0.0,0.01,0.002,0.016,0.0,0.003,0.007,0.044,0.005,0.004,0.001,0.0,0.0,0.001,0.902,0.902,LUSC,0.9454,,0.7391,0.95,0.8494,
TCGA-77-8133-01A,0.015,0.086,0.036,0.0,0.013,0.0,0.025,0.031,0.053,0.016,0.101,0.005,0.004,0.008,0.0,0.606,0.606,LUSC,0.7505,0.41,0.6232,0.6,0.6246,
TCGA-34-8454-01A,0.025,0.011,0.041,0.041,0.005,0.0,0.026,0.064,0.123,0.028,0.031,0.005,0.004,0.044,0.01,0.543,0.543,LUSC,0.6414,,0.5308,0.7,0.5035,
TCGA-90-6837-01A,0.037,0.0,0.022,0.008,0.002,0.0,0.0,0.029,0.164,0.016,0.157,0.003,0.0,0.026,0.014,0.52,0.52,LUSC,0.6169,,0.6472,0.325,0.5552,
TCGA-70-6722-01A,0.013,0.0,0.025,0.012,0.0,0.0,0.007,0.059,0.143,0.014,0.078,0.002,0.0,0.023,0.002,0.622,0.622,LUSC,0.6768,0.3,0.5453,0.725,0.536,
TCGA-60-2712-01A,0.088,0.032,0.054,0.0,0.039,0.0,0.044,0.047,0.154,0.014,0.087,0.0,0.0,0.008,0.009,0.423,0.423,LUSC,0.5193,0.36,,0.85,0.5043,
TCGA-66-2727-01A,0.013,0.0,0.012,0.004,0.014,0.0,0.007,0.013,0.041,0.005,0.119,0.001,0.0,0.01,0.0,0.761,0.761,LUSC,0.8321,0.47,,0.9,0.7825,
TCGA-18-3409-01A,0.0,0.0,0.016,0.0,0.012,0.0,0.002,0.042,0.317,0.023,0.17,0.004,0.0,0.0,0.0,0.413,0.413,LUSC,0.6125,0.54,,0.75,0.6749,
TCGA-77-8009-01A,0.0,0.0,0.004,0.008,0.001,0.0,0.0,0.017,0.05,0.005,0.098,0.001,0.0,0.0,0.0,0.815,0.815,LUSC,0.89,0.65,0.9344,0.75,0.8611,
TCGA-85-A50M-01A,0.023,0.003,0.008,0.0,0.003,0.0,0.002,0.041,0.161,0.033,0.034,0.002,0.0,0.022,0.005,0.665,0.665,LUSC,0.8329,,0.5104,0.6,0.7019,
TCGA-37-4129-01A,0.0,0.0,0.001,0.0,0.005,0.0,0.002,0.025,0.0,0.062,0.019,0.0,0.0,0.0,0.0,0.886,0.886,LUSC,0.9768,0.51,,0.825,0.6465,
TCGA-46-3766-01A,0.048,0.01,0.036,0.0,0.019,0.0,0.072,0.079,0.259,0.022,0.14,0.008,0.0,0.002,0.007,0.297,0.297,LUSC,0.3935,0.24,,0.7,0.3905,
TCGA-37-5819-01A,0.047,0.001,0.026,0.004,0.015,0.0,0.0,0.02,0.044,0.015,0.062,0.0,0.0,0.0,0.0,0.765,0.765,LUSC,0.8765,0.71,0.655,0.75,0.8361,
TCGA-60-2706-01A,0.015,0.0,0.022,0.024,0.022,0.0,0.001,0.022,0.037,0.02,0.192,0.003,0.0,0.0,0.0,0.642,0.642,LUSC,0.7412,0.48,,0.85,0.659,
TCGA-85-A4JB-01A,0.023,0.0,0.02,0.005,0.008,0.0,0.0,0.011,0.12,0.027,0.004,0.003,0.0,0.025,0.004,0.748,0.748,LUSC,0.885,,0.5931,0.6,0.7019,
TCGA-77-8007-01A,0.008,0.004,0.016,0.022,0.024,0.0,0.0,0.038,0.093,0.009,0.211,0.001,0.0,0.003,0.001,0.571,0.571,LUSC,0.5934,0.23,0.4172,0.425,0.381,
TCGA-43-2581-01A,0.036,0.0,0.016,0.02,0.022,0.0,0.003,0.036,0.106,0.011,0.253,0.006,0.0,0.015,0.002,0.475,0.475,LUSC,0.5702,0.29,,0.9,0.4379,
TCGA-56-8309-01A,0.035,0.001,0.066,0.002,0.037,0.0,0.064,0.043,0.155,0.008,0.164,0.001,0.001,0.012,0.0,0.41,0.41,LUSC,0.5067,0.3,0.4523,0.7,0.4192,
TCGA-43-A475-01A,0.023,0.001,0.029,0.035,0.038,0.0,0.037,0.028,0.037,0.011,0.188,0.0,0.004,0.019,0.0,0.549,0.549,LUSC,0.622,,0.499,0.6,0.4973,
TCGA-63-A5MV-01A,0.026,0.007,0.029,0.001,0.026,0.0,0.023,0.041,0.182,0.023,0.096,0.005,0.002,0.013,0.0,0.525,0.525,LUSC,0.7181,,0.5807,0.6,0.6126,
TCGA-22-1016-01A,0.012,0.001,0.008,0.0,0.015,0.001,0.001,0.093,0.133,0.043,0.146,0.006,0.003,0.015,0.018,0.503,0.503,LUSC,0.6344,0.33,,0.65,0.495,
TCGA-85-8288-01A,0.021,0.0,0.04,0.004,0.01,0.0,0.023,0.034,0.225,0.01,0.051,0.001,0.0,0.0,0.0,0.581,0.581,LUSC,0.7571,0.61,0.6449,0.8,0.6913,
TCGA-22-4613-01A,0.038,0.007,0.017,0.001,0.039,0.0,0.019,0.017,0.038,0.013,0.131,0.0,0.001,0.0,0.0,0.679,0.679,LUSC,0.7747,0.45,0.6016,0.675,0.6471,
TCGA-56-A62T-01A,0.007,0.0,0.014,0.012,0.0,0.0,0.0,0.023,0.09,0.01,0.091,0.001,0.005,0.017,0.0,0.731,0.731,LUSC,0.8392,,,0.75,0.881,
TCGA-18-3411-01A,0.013,0.0,0.008,0.0,0.01,0.0,0.004,0.01,0.066,0.009,0.139,0.002,0.002,0.002,0.002,0.731,0.731,LUSC,0.7729,0.53,,0.775,0.6655,
TCGA-60-2721-01A,0.037,0.002,0.037,0.029,0.028,0.0,0.027,0.025,0.168,0.003,0.079,0.005,0.001,0.015,0.005,0.541,0.541,LUSC,0.6769,0.61,,0.85,0.7413,
TCGA-66-2771-01A,0.043,0.011,0.02,0.008,0.028,0.0,0.014,0.016,0.025,0.005,0.139,0.002,0.0,0.014,0.039,0.635,0.635,LUSC,0.6199,0.44,,0.725,0.5801,
TCGA-58-8387-01A,0.104,0.011,0.02,0.001,0.028,0.0,0.037,0.008,0.046,0.005,0.034,0.0,0.0,0.0,0.006,0.698,0.698,LUSC,0.7826,0.38,0.5103,0.8,0.5233,
TCGA-77-8148-01A,0.017,0.0,0.014,0.0,0.015,0.0,0.0,0.015,0.131,0.012,0.068,0.001,0.004,0.0,0.0,0.722,0.722,LUSC,0.8511,0.58,0.553,0.65,0.7129,
TCGA-46-3768-01A,0.0,0.0,0.008,0.0,0.008,0.0,0.0,0.014,0.024,0.008,0.113,0.003,0.0,0.0,0.0,0.82,0.82,LUSC,0.8889,0.75,,0.75,0.874,
TCGA-85-A4QQ-01A,0.005,0.0,0.003,0.003,0.0,0.0,0.009,0.034,0.004,0.0,0.001,0.0,0.0,0.011,0.003,0.926,0.926,LUSC,0.9284,,0.6599,0.6,0.6573,
TCGA-43-7658-01A,0.0,0.0,0.041,0.004,0.064,0.0,0.015,0.014,0.011,0.013,0.071,0.001,0.0,0.004,0.0,0.762,0.762,LUSC,0.8901,0.76,0.7948,0.75,0.8274,
TCGA-56-7823-01B,0.0,0.0,0.006,0.001,0.003,0.0,0.001,0.014,0.021,0.011,0.024,0.002,0.001,0.021,0.012,0.883,0.883,LUSC,0.9349,,0.5671,0.65,0.724,
TCGA-77-8138-01A,0.015,0.0,0.016,0.001,0.006,0.0,0.001,0.035,0.16,0.018,0.066,0.001,0.0,0.013,0.001,0.667,0.667,LUSC,0.73,0.24,0.5768,0.6,0.575,
TCGA-22-5489-01A,0.06,0.027,0.064,0.003,0.024,0.0,0.027,0.055,0.183,0.014,0.112,0.001,0.0,0.001,0.007,0.423,0.423,LUSC,0.5383,0.42,0.5825,0.65,0.5441,
TCGA-56-7822-01A,0.005,0.0,0.005,0.001,0.0,0.0,0.0,0.059,0.046,0.022,0.051,0.0,0.0,0.029,0.002,0.78,0.78,LUSC,0.8522,0.31,0.6114,0.8,0.5781,
TCGA-77-A5G8-01B,0.013,0.0,0.006,0.004,0.003,0.0,0.001,0.014,0.063,0.008,0.059,0.0,0.0,0.015,0.007,0.806,0.806,LUSC,0.8485,,0.6827,0.6,0.7019,
TCGA-18-5592-01A,0.009,0.0,0.007,0.011,0.003,0.0,0.0,0.029,0.052,0.003,0.051,0.003,0.002,0.007,0.0,0.823,0.823,LUSC,0.9038,0.84,0.7991,0.475,0.8393,
TCGA-22-4595-01A,0.025,0.0,0.014,0.009,0.021,0.0,0.0,0.031,0.121,0.02,0.126,0.002,0.002,0.02,0.012,0.597,0.597,LUSC,0.7123,0.85,,0.675,0.8806,
TCGA-37-3783-01A,0.017,0.0,0.007,0.03,0.015,0.0,0.01,0.03,0.041,0.008,0.077,0.002,0.0,0.017,0.022,0.723,0.723,LUSC,0.6449,0.36,,0.65,0.5283,
TCGA-77-7139-01A,0.003,0.005,0.012,0.0,0.005,0.0,0.004,0.015,0.045,0.008,0.025,0.002,0.001,0.011,0.014,0.851,0.851,LUSC,0.8906,0.72,0.6554,0.7,0.7377,
TCGA-98-A53D-01A,0.013,0.034,0.01,0.001,0.019,0.0,0.015,0.15,0.28,0.049,0.181,0.009,0.001,0.015,0.004,0.218,0.218,LUSC,0.5039,,0.4752,0.7,0.4181,
TCGA-66-2758-01A,0.026,0.0,0.018,0.02,0.033,0.0,0.005,0.011,0.028,0.008,0.128,0.001,0.002,0.0,0.001,0.719,0.719,LUSC,0.7499,0.49,,0.8,0.6709,
TCGA-33-6738-01A,0.014,0.003,0.014,0.004,0.004,0.0,0.006,0.009,0.032,0.009,0.048,0.005,0.0,0.005,0.007,0.84,0.84,LUSC,0.9217,0.35,0.6179,0.8,0.6327,
TCGA-98-8021-01A,0.022,0.003,0.011,0.006,0.009,0.0,0.017,0.05,0.134,0.028,0.05,0.004,0.0,0.007,0.001,0.657,0.657,LUSC,0.8467,0.59,0.6869,0.7,0.7345,
TCGA-56-1622-01A,0.007,0.0,0.003,0.001,0.0,0.0,0.003,0.019,0.061,0.014,0.0,0.001,0.0,0.0,0.001,0.889,0.889,LUSC,0.9351,0.82,,0.9,0.9224,
TCGA-90-7769-01A,0.005,0.0,0.003,0.0,0.0,0.0,0.003,0.01,0.02,0.001,0.019,0.0,0.0,0.018,0.006,0.914,0.914,LUSC,0.9514,0.73,0.7948,0.63,0.8243,
TCGA-85-8664-01A,0.001,0.0,0.007,0.0,0.001,0.0,0.008,0.005,0.02,0.001,0.009,0.0,0.0,0.0,0.001,0.947,0.947,LUSC,0.9763,,0.7632,0.8,0.7564,
TCGA-77-8008-01A,0.026,0.0,0.028,0.0,0.005,0.0,0.0,0.027,0.461,0.015,0.089,0.002,0.0,0.036,0.005,0.304,0.304,LUSC,0.5332,0.28,0.5252,0.65,0.4526,
TCGA-58-8386-01A,0.006,0.0,0.008,0.002,0.016,0.0,0.0,0.098,0.069,0.029,0.176,0.004,0.001,0.0,0.008,0.584,0.584,LUSC,0.7017,,0.596,0.725,0.6054,
TCGA-63-5131-01A,0.007,0.002,0.013,0.002,0.004,0.0,0.0,0.025,0.097,0.006,0.037,0.002,0.0,0.011,0.009,0.785,0.785,LUSC,0.8974,0.54,0.6258,0.775,0.7443,
TCGA-77-6844-01A,0.005,0.005,0.017,0.001,0.013,0.0,0.022,0.053,0.054,0.026,0.018,0.001,0.0,0.019,0.002,0.766,0.766,LUSC,0.8888,0.66,0.5791,0.775,0.7887,
TCGA-66-2790-01A,0.026,0.005,0.025,0.027,0.031,0.0,0.008,0.043,0.117,0.025,0.057,0.004,0.002,0.013,0.005,0.612,0.612,LUSC,0.7718,0.57,,0.725,0.7034,
TCGA-85-8352-01A,0.0,0.0,0.0,0.001,0.001,0.0,0.003,0.018,0.0,0.005,0.019,0.001,0.0,0.0,0.0,0.95,0.95,LUSC,0.9868,,0.9599,0.8,0.9876,
TCGA-77-8156-01A,0.03,0.006,0.027,0.001,0.034,0.0,0.004,0.023,0.123,0.016,0.168,0.002,0.005,0.001,0.001,0.558,0.558,LUSC,0.6341,0.24,0.4541,0.6,0.4534,
TCGA-60-2696-01A,0.022,0.0,0.02,0.001,0.022,0.0,0.014,0.055,0.041,0.028,0.054,0.001,0.0,0.019,0.016,0.708,0.708,LUSC,0.756,0.42,,0.75,0.6792,
TCGA-60-2703-01A,0.034,0.006,0.004,0.0,0.0,0.0,0.0,0.026,0.244,0.01,0.024,0.0,0.0,0.008,0.0,0.642,0.642,LUSC,0.8379,0.26,0.4348,0.74,0.5999,
TCGA-60-2714-01A,0.043,0.0,0.012,0.021,0.012,0.0,0.001,0.055,0.027,0.017,0.13,0.003,0.0,0.0,0.0,0.678,0.678,LUSC,0.7587,0.34,,0.85,0.6126,
TCGA-39-5031-01A,0.034,0.001,0.028,0.002,0.021,0.0,0.012,0.05,0.12,0.021,0.067,0.004,0.001,0.024,0.013,0.602,0.602,LUSC,0.767,0.4,0.6516,0.675,0.6254,
TCGA-60-2722-01A,0.001,0.0,0.004,0.003,0.0,0.0,0.0,0.013,0.012,0.007,0.059,0.002,0.0,0.01,0.0,0.887,0.887,LUSC,0.9275,0.83,,0.85,0.9121,
TCGA-NC-A5HR-01A,0.0,0.0,0.004,0.01,0.002,0.0,0.003,0.01,0.001,0.005,0.035,0.0,0.0,0.008,0.0,0.922,0.922,LUSC,0.9446,,0.7008,0.92,0.7466,
TCGA-22-4605-01A,0.009,0.0,0.016,0.0,0.007,0.0,0.006,0.067,0.11,0.035,0.117,0.008,0.0,0.017,0.02,0.588,0.588,LUSC,0.6931,0.23,0.5863,0.725,0.5712,
TCGA-43-6770-01A,0.008,0.0,0.011,0.0,0.003,0.0,0.014,0.027,0.135,0.011,0.06,0.004,0.003,0.012,0.004,0.708,0.708,LUSC,0.8241,0.69,0.639,0.74,0.7717,
TCGA-77-7138-01A,0.007,0.0,0.013,0.001,0.0,0.0,0.0,0.031,0.015,0.001,0.011,0.002,0.0,0.033,0.002,0.883,0.883,LUSC,0.907,0.24,0.5168,0.7,0.6403,
TCGA-60-2704-01A,0.043,0.012,0.02,0.001,0.021,0.0,0.01,0.066,0.271,0.023,0.17,0.003,0.0,0.021,0.012,0.326,0.326,LUSC,0.4861,0.21,0.5176,0.65,0.415,
TCGA-77-8146-01A,0.013,0.001,0.006,0.005,0.003,0.0,0.002,0.036,0.085,0.013,0.069,0.006,0.0,0.008,0.001,0.753,0.753,LUSC,0.8414,,0.6192,0.7,0.7019,
TCGA-NC-A5HG-01A,0.0,0.0,0.003,0.001,0.0,0.0,0.0,0.032,0.001,0.016,0.008,0.001,0.0,0.012,0.008,0.918,0.918,LUSC,0.9605,,0.5572,0.9,0.7357,
TCGA-63-6202-01A,0.009,0.001,0.027,0.021,0.028,0.0,0.048,0.054,0.062,0.033,0.215,0.003,0.0,0.0,0.0,0.502,0.502,LUSC,0.5463,0.27,0.4978,0.8,0.4318,
TCGA-63-A5MG-01A,0.089,0.006,0.017,0.001,0.004,0.0,0.015,0.046,0.084,0.015,0.037,0.002,0.0,0.052,0.007,0.626,0.626,LUSC,0.7754,,0.4908,0.7,0.6126,
TCGA-22-1011-01A,0.094,0.032,0.037,0.0,0.02,0.0,0.014,0.053,0.065,0.02,0.064,0.002,0.0,0.02,0.025,0.553,0.553,LUSC,0.685,0.36,,0.6,0.5828,
TCGA-34-A5IX-01A,0.002,0.0,0.005,0.004,0.0,0.0,0.005,0.014,0.012,0.007,0.001,0.0,0.0,0.002,0.004,0.945,0.945,LUSC,0.8911,,0.5226,0.65,0.7466,
TCGA-34-2608-01A,0.044,0.006,0.023,0.0,0.016,0.0,0.037,0.052,0.213,0.019,0.125,0.005,0.001,0.009,0.014,0.436,0.436,LUSC,0.5529,0.29,,0.775,0.4379,
TCGA-63-A5MI-01A,0.005,0.0,0.005,0.0,0.001,0.0,0.0,0.009,0.078,0.005,0.004,0.001,0.0,0.005,0.0,0.885,0.885,LUSC,0.9501,,0.6781,0.9,0.7996,
TCGA-56-7582-01A,0.002,0.001,0.005,0.003,0.002,0.0,0.005,0.02,0.065,0.01,0.091,0.002,0.001,0.024,0.006,0.762,0.762,LUSC,0.8317,0.62,0.8698,0.75,0.7664,
TCGA-33-4587-01A,0.0,0.0,0.01,0.0,0.017,0.0,0.003,0.018,0.028,0.014,0.017,0.001,0.0,0.006,0.001,0.885,0.885,LUSC,0.9344,0.88,0.6746,0.8,0.9215,
TCGA-33-4538-01A,0.012,0.001,0.009,0.004,0.007,0.0,0.018,0.03,0.029,0.009,0.035,0.006,0.0,0.013,0.002,0.826,0.826,LUSC,0.9045,0.6,,0.7,0.769,
TCGA-43-A56U-01A,0.119,0.063,0.039,0.012,0.026,0.0,0.023,0.066,0.098,0.028,0.055,0.004,0.006,0.034,0.019,0.408,0.408,LUSC,0.5717,,0.3685,0.7,0.4289,
TCGA-77-7142-01A,0.0,0.0,0.012,0.003,0.006,0.0,0.006,0.054,0.044,0.013,0.066,0.003,0.0,0.0,0.001,0.79,0.79,LUSC,0.8493,0.39,0.8395,0.675,0.7986,
TCGA-77-7463-01A,0.003,0.0,0.008,0.0,0.0,0.0,0.005,0.009,0.012,0.008,0.037,0.0,0.0,0.039,0.018,0.86,0.86,LUSC,0.9005,0.41,0.5073,0.65,0.6268,
TCGA-77-8143-01A,0.006,0.0,0.003,0.008,0.0,0.0,0.006,0.011,0.008,0.006,0.019,0.001,0.0,0.017,0.002,0.911,0.911,LUSC,0.935,0.65,0.4619,0.65,0.7792,
TCGA-21-5782-01A,0.037,0.006,0.014,0.017,0.008,0.004,0.013,0.031,0.123,0.034,0.039,0.006,0.008,0.007,0.011,0.642,0.642,LUSC,0.8151,0.48,0.5693,0.76,0.6888,
TCGA-98-A53C-01A,0.043,0.043,0.027,0.001,0.026,0.001,0.051,0.21,0.165,0.059,0.131,0.008,0.005,0.001,0.016,0.211,0.211,LUSC,0.4175,,0.4346,0.8,0.3703,
TCGA-43-7656-01A,0.032,0.067,0.045,0.001,0.04,0.0,0.013,0.022,0.085,0.02,0.054,0.0,0.001,0.019,0.004,0.595,0.595,LUSC,0.6955,0.6,0.3876,0.6,0.6644,
TCGA-21-1078-01A,0.006,0.0,0.001,0.001,0.0,0.0,0.0,0.027,0.0,0.009,0.005,0.0,0.0,0.0,0.0,0.953,0.953,LUSC,0.9729,0.92,,0.97,0.9869,
TCGA-85-8048-01A,0.026,0.032,0.044,0.022,0.023,0.0,0.028,0.08,0.123,0.03,0.113,0.005,0.001,0.017,0.01,0.447,0.447,LUSC,0.5573,0.18,0.4262,0.65,0.3604,
TCGA-LA-A7SW-01A,0.001,0.0,0.007,0.0,0.001,0.0,0.0,0.05,0.028,0.019,0.05,0.001,0.0,0.001,0.001,0.842,0.842,LUSC,0.8966,,,0.7,0.92,
TCGA-56-8624-01A,0.003,0.012,0.011,0.0,0.009,0.006,0.011,0.047,0.128,0.032,0.053,0.004,0.0,0.002,0.002,0.678,0.678,LUSC,0.8045,,0.6936,0.75,0.7099,
TCGA-18-3407-01A,0.035,0.006,0.011,0.001,0.012,0.0,0.0,0.042,0.156,0.019,0.034,0.003,0.0,0.049,0.009,0.623,0.623,LUSC,0.7797,0.29,,0.775,0.6126,
TCGA-18-4086-01A,0.033,0.003,0.017,0.001,0.015,0.0,0.011,0.026,0.083,0.011,0.083,0.004,0.005,0.014,0.008,0.685,0.685,LUSC,0.7593,0.6,,0.775,0.6836,
TCGA-34-5241-01A,0.008,0.0,0.023,0.006,0.017,0.0,0.017,0.051,0.129,0.025,0.097,0.002,0.001,0.0,0.012,0.611,0.611,LUSC,0.6245,0.24,0.5673,0.725,0.5134,
TCGA-90-A59Q-01A,0.087,0.0,0.023,0.07,0.001,0.0,0.0,0.023,0.098,0.003,0.065,0.007,0.001,0.028,0.0,0.594,0.594,LUSC,0.6039,,0.4486,0.65,0.4726,
TCGA-34-2596-01A,0.016,0.029,0.026,0.0,0.016,0.0,0.007,0.034,0.06,0.027,0.08,0.001,0.001,0.005,0.0,0.696,0.696,LUSC,0.8203,0.65,,0.875,0.7665,
TCGA-85-8351-01A,0.0,0.0,0.008,0.003,0.002,0.0,0.0,0.071,0.041,0.014,0.047,0.0,0.0,0.006,0.001,0.806,0.806,LUSC,0.8735,0.49,0.6894,0.75,0.6858,
TCGA-NC-A5HI-01A,0.011,0.0,0.008,0.007,0.004,0.0,0.007,0.017,0.028,0.003,0.013,0.0,0.0,0.032,0.005,0.865,0.865,LUSC,0.9443,,0.6116,1.0,0.7565,
TCGA-22-5474-01A,0.055,0.007,0.032,0.014,0.025,0.0,0.017,0.038,0.046,0.015,0.139,0.004,0.005,0.012,0.0,0.591,0.591,LUSC,0.6785,0.52,0.5954,0.71,0.5739,
TCGA-66-2768-01A,0.0,0.0,0.014,0.029,0.0,0.0,0.0,0.059,0.03,0.011,0.079,0.002,0.0,0.022,0.003,0.748,0.748,LUSC,0.807,0.57,,0.9,0.7034,
TCGA-52-7622-01A,0.017,0.015,0.023,0.007,0.018,0.0,0.021,0.045,0.067,0.026,0.165,0.004,0.009,0.019,0.005,0.56,0.56,LUSC,0.6915,0.26,0.5862,0.6,0.5485,
TCGA-77-A5GH-01A,0.048,0.006,0.058,0.036,0.006,0.0,0.046,0.039,0.136,0.002,0.113,0.001,0.001,0.014,0.0,0.493,0.493,LUSC,0.5989,,0.493,0.65,0.4658,
TCGA-18-3417-01A,0.014,0.0,0.011,0.005,0.0,0.0,0.001,0.017,0.278,0.007,0.046,0.0,0.0,0.0,0.001,0.62,0.62,LUSC,0.7185,0.3,0.6623,0.65,0.6331,
TCGA-34-2600-01A,0.004,0.0,0.006,0.003,0.008,0.0,0.004,0.033,0.011,0.011,0.004,0.003,0.0,0.024,0.006,0.881,0.881,LUSC,0.951,0.86,,0.9,0.944,
TCGA-NC-A5HQ-01A,0.011,0.042,0.018,0.015,0.01,0.0,0.009,0.015,0.041,0.015,0.027,0.0,0.0,0.035,0.014,0.748,0.748,LUSC,0.8597,,0.692,0.7,0.6728,
TCGA-66-2795-01A,0.014,0.003,0.011,0.002,0.014,0.0,0.001,0.013,0.116,0.011,0.127,0.002,0.0,0.002,0.001,0.683,0.683,LUSC,0.6977,0.66,,0.775,0.7887,
TCGA-77-A5GA-01A,0.011,0.008,0.011,0.0,0.001,0.0,0.003,0.014,0.028,0.019,0.015,0.001,0.0,0.01,0.003,0.876,0.876,LUSC,0.9133,,0.6468,0.7,0.6197,
TCGA-63-7020-01A,0.012,0.0,0.011,0.022,0.012,0.0,0.001,0.032,0.05,0.017,0.097,0.002,0.001,0.006,0.001,0.738,0.738,LUSC,0.7965,0.48,0.602,0.825,0.6181,
TCGA-63-A5MR-01A,0.022,0.0,0.002,0.001,0.0,0.0,0.0,0.021,0.07,0.009,0.03,0.0,0.0,0.021,0.003,0.821,0.821,LUSC,0.9001,,0.5791,1.0,0.7075,
TCGA-33-AAS8-01A,0.005,0.013,0.005,0.0,0.003,0.0,0.01,0.009,0.0,0.004,0.02,0.001,0.0,0.0,0.0,0.93,0.93,LUSC,0.9693,,,0.75,0.8353,
TCGA-77-8136-01A,0.022,0.0,0.027,0.033,0.031,0.0,0.0,0.036,0.179,0.016,0.133,0.002,0.0,0.03,0.007,0.484,0.484,LUSC,0.6033,0.34,0.4817,0.6,0.4786,
TCGA-68-7757-01B,0.023,0.0,0.029,0.0,0.001,0.0,0.012,0.039,0.25,0.018,0.039,0.003,0.0,0.011,0.001,0.573,0.573,LUSC,0.766,0.2,0.4545,0.65,0.5031,
TCGA-39-5030-01A,0.075,0.01,0.071,0.007,0.038,0.0,0.039,0.048,0.146,0.018,0.166,0.002,0.002,0.002,0.002,0.374,0.374,LUSC,0.4709,0.29,0.4425,0.75,0.4087,
TCGA-22-A5C4-01A,0.01,0.0,0.015,0.001,0.013,0.0,0.0,0.024,0.065,0.012,0.058,0.004,0.002,0.024,0.001,0.77,0.77,LUSC,0.9152,,0.8146,0.8,0.8168,
TCGA-18-4083-01A,0.036,0.001,0.021,0.001,0.023,0.0,0.0,0.018,0.117,0.02,0.043,0.006,0.004,0.005,0.007,0.697,0.697,LUSC,0.8214,0.69,,0.825,0.8171,
TCGA-56-A4BY-01A,0.011,0.011,0.012,0.004,0.015,0.0,0.011,0.051,0.038,0.033,0.038,0.003,0.0,0.007,0.0,0.766,0.766,LUSC,0.8959,,0.7787,0.9,0.7913,
TCGA-21-5783-01A,0.006,0.0,0.012,0.0,0.009,0.0,0.01,0.022,0.155,0.023,0.016,0.002,0.0,0.014,0.002,0.73,0.73,LUSC,0.8852,0.57,0.7567,0.6,0.7261,
TCGA-68-8250-01A,0.013,0.0,0.017,0.0,0.011,0.0,0.007,0.06,0.062,0.016,0.1,0.002,0.0,0.009,0.001,0.7,0.7,LUSC,0.8034,0.44,0.6633,0.8,0.6391,
TCGA-18-3419-01A,0.053,0.001,0.028,0.006,0.024,0.0,0.0,0.011,0.018,0.002,0.055,0.0,0.0,0.067,0.019,0.716,0.716,LUSC,0.8417,0.57,,0.775,0.7034,
TCGA-56-6546-01A,0.033,0.009,0.016,0.01,0.046,0.0,0.008,0.029,0.11,0.024,0.137,0.002,0.0,0.0,0.005,0.571,0.571,LUSC,0.6688,0.26,0.4531,0.7,0.4851,
TCGA-56-7579-01A,0.0,0.0,0.008,0.0,0.0,0.0,0.001,0.03,0.06,0.013,0.064,0.0,0.0,0.056,0.012,0.755,0.755,LUSC,0.8619,0.51,0.5899,0.7,0.6465,
TCGA-21-1075-01A,0.002,0.0,0.001,0.0,0.0,0.0,0.002,0.01,0.007,0.004,0.021,0.0,0.0,0.004,0.001,0.947,0.947,LUSC,0.9691,0.75,,0.95,0.874,
TCGA-66-2765-01A,0.017,0.0,0.024,0.003,0.009,0.0,0.041,0.046,0.081,0.018,0.033,0.002,0.0,0.0,0.005,0.721,0.721,LUSC,0.729,0.51,,0.8,0.6465,
TCGA-66-2778-01A,0.014,0.0,0.004,0.001,0.008,0.0,0.006,0.013,0.019,0.007,0.075,0.001,0.0,0.012,0.027,0.814,0.814,LUSC,0.801,0.38,,0.85,0.7403,
TCGA-56-8503-01A,0.02,0.0,0.031,0.006,0.009,0.0,0.006,0.046,0.265,0.036,0.098,0.003,0.001,0.028,0.03,0.421,0.421,LUSC,0.5373,,0.4606,0.6,0.4009,
TCGA-NC-A5HE-01A,0.008,0.0,0.017,0.043,0.03,0.0,0.031,0.013,0.063,0.006,0.227,0.002,0.0,0.008,0.0,0.551,0.551,LUSC,0.5584,,0.4721,0.85,0.4126,
TCGA-LA-A446-01A,0.005,0.011,0.008,0.003,0.011,0.0,0.005,0.021,0.02,0.011,0.047,0.003,0.0,0.019,0.007,0.827,0.827,LUSC,0.9321,,0.6556,1.0,0.7742,
TCGA-51-6867-01A,0.01,0.0,0.011,0.025,0.015,0.0,0.0,0.042,0.072,0.015,0.061,0.002,0.0,0.008,0.001,0.736,0.736,LUSC,0.8506,0.59,0.8129,0.95,0.7994,
TCGA-96-A4JK-01A,0.025,0.003,0.021,0.003,0.025,0.0,0.003,0.025,0.069,0.015,0.072,0.005,0.014,0.007,0.0,0.712,0.712,LUSC,0.8432,,0.6953,0.8,0.7019,
TCGA-77-7338-01A,0.016,0.005,0.011,0.0,0.016,0.0,0.001,0.037,0.14,0.018,0.068,0.001,0.001,0.033,0.009,0.644,0.644,LUSC,0.7577,0.53,0.6816,0.7,0.6655,
TCGA-85-7843-01A,0.017,0.0,0.019,0.001,0.003,0.0,0.003,0.034,0.126,0.005,0.061,0.0,0.0,0.027,0.018,0.682,0.682,LUSC,0.7864,0.41,0.6538,0.725,0.6742,
TCGA-77-8150-01A,0.013,0.003,0.013,0.008,0.022,0.0,0.019,0.041,0.04,0.02,0.067,0.005,0.0,0.0,0.007,0.742,0.742,LUSC,0.8256,0.56,0.7118,0.65,0.7102,
TCGA-46-3767-01A,0.028,0.019,0.022,0.001,0.021,0.001,0.029,0.083,0.292,0.026,0.089,0.008,0.0,0.014,0.011,0.357,0.357,LUSC,0.506,,,0.7,0.6325,
TCGA-92-8064-01A,0.054,0.001,0.024,0.044,0.041,0.0,0.0,0.026,0.134,0.014,0.149,0.001,0.001,0.019,0.0,0.49,0.49,LUSC,0.5871,0.31,0.5726,0.7,0.4947,
TCGA-92-7340-01A,0.014,0.0,0.033,0.007,0.011,0.0,0.013,0.06,0.251,0.013,0.043,0.003,0.0,0.027,0.015,0.511,0.511,LUSC,0.6256,,0.6379,0.6,0.6093,
TCGA-60-2697-01A,0.05,0.055,0.04,0.001,0.029,0.003,0.038,0.14,0.119,0.025,0.08,0.008,0.001,0.024,0.021,0.364,0.364,LUSC,0.476,0.27,0.3577,0.6,0.3589,
TCGA-43-6771-01A,0.0,0.0,0.018,0.008,0.001,0.0,0.002,0.054,0.107,0.0,0.029,0.001,0.0,0.021,0.001,0.758,0.758,LUSC,0.7642,0.47,0.6103,0.755,0.6494,
TCGA-85-6798-01A,0.006,0.0,0.007,0.0,0.0,0.0,0.012,0.011,0.135,0.01,0.022,0.001,0.0,0.0,0.0,0.794,0.794,LUSC,0.8977,0.47,0.721,0.75,0.729,
TCGA-NC-A5HF-01A,0.003,0.0,0.003,0.0,0.0,0.0,0.0,0.027,0.027,0.017,0.005,0.002,0.005,0.015,0.001,0.896,0.896,LUSC,0.9717,,0.8221,1.0,0.8257,
TCGA-77-8130-01A,0.014,0.0,0.002,0.0,0.0,0.0,0.009,0.031,0.341,0.022,0.003,0.002,0.0,0.011,0.001,0.562,0.562,LUSC,0.806,0.4,0.5769,,0.6221,
TCGA-43-2578-01A,0.011,0.0,0.007,0.01,0.021,0.0,0.0,0.022,0.056,0.015,0.094,0.003,0.0,0.0,0.001,0.759,0.759,LUSC,0.8612,,,0.85,0.8513,
TCGA-77-8145-01A,0.014,0.0,0.014,0.0,0.003,0.0,0.0,0.033,0.241,0.018,0.042,0.001,0.0,0.021,0.003,0.61,0.61,LUSC,0.7931,0.26,0.644,,0.6368,
TCGA-39-5035-01A,0.045,0.006,0.021,0.032,0.021,0.0,0.028,0.02,0.059,0.016,0.041,0.0,0.0,0.013,0.007,0.69,0.69,LUSC,0.7242,0.45,0.5795,0.75,0.5896,
TCGA-58-8392-01A,0.007,0.0,0.006,0.001,0.008,0.0,0.012,0.021,0.035,0.011,0.033,0.002,0.0,0.02,0.004,0.839,0.839,LUSC,0.9558,,0.7263,0.54,0.7913,
TCGA-66-2786-01A,0.014,0.0,0.014,0.003,0.02,0.0,0.003,0.033,0.057,0.014,0.12,0.002,0.0,0.011,0.001,0.709,0.709,LUSC,0.7613,0.4,,0.85,0.6573,
TCGA-68-7756-01A,0.011,0.0,0.01,0.0,0.005,0.0,0.004,0.034,0.118,0.014,0.061,0.003,0.0,0.013,0.003,0.723,0.723,LUSC,0.8319,0.49,0.6103,0.55,0.6275,
TCGA-33-4589-01A,0.028,0.0,0.001,0.008,0.001,0.0,0.0,0.014,0.008,0.0,0.057,0.0,0.0,0.011,0.005,0.866,0.866,LUSC,0.7365,0.21,0.4241,0.625,0.5074,
TCGA-22-0944-01A,0.008,0.002,0.005,0.0,0.001,0.0,0.0,0.021,0.02,0.012,0.0,0.002,0.0,0.013,0.004,0.912,0.912,LUSC,0.9343,0.49,,0.65,0.6573,
TCGA-98-A53J-01A,0.002,0.0,0.007,0.002,0.001,0.0,0.001,0.013,0.006,0.004,0.023,0.0,0.0,0.053,0.001,0.887,0.887,LUSC,0.9353,,0.6725,0.9,0.6573,
TCGA-70-6723-01A,0.0,0.0,0.002,0.016,0.0,0.0,0.0,0.019,0.009,0.008,0.011,0.0,0.0,0.012,0.0,0.921,0.921,LUSC,0.9725,0.86,0.9417,0.85,0.9697,
TCGA-43-7657-01A,0.016,0.0,0.001,0.001,0.007,0.0,0.0,0.025,0.093,0.022,0.055,0.003,0.0,0.0,0.0,0.778,0.778,LUSC,0.8917,0.44,0.74,0.7,0.7292,
TCGA-63-A5MT-01A,0.008,0.0,0.015,0.003,0.0,0.0,0.002,0.04,0.128,0.017,0.051,0.001,0.0,0.024,0.001,0.709,0.709,LUSC,0.7388,,0.6,0.65,0.6126,
TCGA-NC-A5HP-01A,0.002,0.0,0.005,0.0,0.001,0.0,0.0,0.024,0.202,0.006,0.056,0.003,0.0,0.0,0.0,0.7,0.7,LUSC,0.8621,,0.8498,0.75,0.8233,
TCGA-39-5024-01A,0.001,0.005,0.027,0.001,0.012,0.0,0.014,0.05,0.028,0.013,0.013,0.0,0.0,0.017,0.006,0.815,0.815,LUSC,0.8832,0.19,0.4913,0.7,0.4369,
TCGA-63-7023-01A,0.0,0.0,0.012,0.004,0.009,0.0,0.0,0.009,0.027,0.007,0.018,0.0,0.0,0.0,0.002,0.911,0.911,LUSC,0.8936,0.74,0.7043,0.705,0.8653,
TCGA-J1-A4AH-01A,0.06,0.008,0.008,0.0,0.004,0.0,0.0,0.005,0.046,0.005,0.043,0.004,0.001,0.002,0.0,0.812,0.812,LUSC,0.9432,,0.6427,0.65,0.7741,
TCGA-85-8355-01A,0.033,0.062,0.043,0.009,0.031,0.001,0.039,0.067,0.058,0.015,0.181,0.004,0.01,0.014,0.0,0.434,0.434,LUSC,0.5543,0.24,0.4018,0.7,0.3979,
TCGA-96-7545-01A,0.01,0.018,0.015,0.0,0.014,0.0,0.02,0.084,0.074,0.024,0.116,0.006,0.0,0.009,0.007,0.602,0.602,LUSC,0.6892,0.4,0.6724,0.65,0.6006,
TCGA-85-8353-01A,0.038,0.01,0.024,0.001,0.018,0.0,0.001,0.042,0.219,0.019,0.095,0.002,0.0,0.005,0.0,0.527,0.527,LUSC,0.6785,0.41,0.6099,0.6,0.5628,
TCGA-58-A46N-01A,0.003,0.0,0.002,0.003,0.003,0.0,0.005,0.013,0.005,0.002,0.007,0.005,0.001,0.025,0.008,0.918,0.918,LUSC,0.964,,0.8363,0.75,0.902,
TCGA-22-1017-01A,0.017,0.001,0.01,0.018,0.018,0.0,0.002,0.066,0.023,0.016,0.122,0.004,0.0,0.014,0.002,0.685,0.685,LUSC,0.8259,0.34,,0.8,0.774,
TCGA-XC-AA0X-01A,0.029,0.018,0.027,0.004,0.007,0.001,0.018,0.04,0.079,0.023,0.09,0.004,0.005,0.053,0.01,0.591,0.591,LUSC,0.7345,,,0.65,0.6313,
TCGA-94-A5I4-01A,0.006,0.001,0.007,0.0,0.0,0.0,0.0,0.013,0.035,0.003,0.03,0.0,0.0,0.026,0.0,0.878,0.878,LUSC,0.9226,,0.8131,0.7,0.8602,
TCGA-85-8354-01A,0.005,0.0,0.001,0.003,0.001,0.0,0.0,0.007,0.004,0.01,0.036,0.0,0.0,0.0,0.0,0.933,0.933,LUSC,0.9539,,0.8633,0.8,0.911,
TCGA-22-5483-01A,0.004,0.0,0.018,0.003,0.025,0.0,0.0,0.019,0.128,0.007,0.098,0.002,0.0,0.0,0.0,0.695,0.695,LUSC,0.7778,0.7,0.8839,0.8,0.809,
TCGA-90-A4EE-01A,0.024,0.015,0.049,0.027,0.053,0.0,0.025,0.023,0.093,0.009,0.19,0.001,0.001,0.0,0.005,0.485,0.485,LUSC,0.5167,,0.5177,0.7,0.4679,
TCGA-34-5231-01A,0.019,0.004,0.023,0.006,0.015,0.0,0.015,0.024,0.062,0.018,0.039,0.0,0.0,0.0,0.0,0.774,0.774,LUSC,0.8656,0.67,0.4162,0.75,0.7277,
TCGA-56-8623-01A,0.01,0.0,0.009,0.0,0.016,0.0,0.017,0.145,0.102,0.05,0.311,0.02,0.009,0.016,0.023,0.27,0.27,LUSC,0.4287,,0.5987,0.7,0.5632,
TCGA-66-2759-01A,0.024,0.0,0.016,0.01,0.018,0.0,0.011,0.033,0.05,0.009,0.099,0.002,0.0,0.042,0.012,0.673,0.673,LUSC,0.7646,0.5,,0.825,0.6908,
TCGA-66-2770-01A,0.029,0.0,0.019,0.011,0.02,0.0,0.0,0.027,0.124,0.016,0.127,0.002,0.005,0.041,0.004,0.574,0.574,LUSC,0.7232,0.55,,0.775,0.6844,
TCGA-56-8307-01A,0.01,0.013,0.034,0.006,0.008,0.0,0.064,0.022,0.035,0.009,0.027,0.0,0.0,0.001,0.0,0.77,0.77,LUSC,0.8098,0.52,0.4078,0.8,0.6589,
TCGA-43-3394-01A,0.009,0.0,0.007,0.001,0.008,0.0,0.003,0.022,0.059,0.016,0.072,0.005,0.0,0.0,0.001,0.797,0.797,LUSC,0.894,0.6,,0.775,0.8665,
TCGA-60-2695-01A,0.01,0.007,0.019,0.01,0.027,0.0,0.001,0.038,0.05,0.022,0.062,0.0,0.0,0.006,0.001,0.747,0.747,LUSC,0.8376,0.81,,0.9,0.79,
TCGA-22-4593-01A,0.003,0.0,0.015,0.0,0.01,0.0,0.0,0.026,0.226,0.011,0.026,0.002,0.0,0.0,0.005,0.676,0.676,LUSC,0.8193,,0.6829,0.75,0.7136,
TCGA-56-7222-01A,0.005,0.0,0.005,0.0,0.0,0.0,0.0,0.029,0.041,0.01,0.004,0.001,0.0,0.013,0.001,0.891,0.891,LUSC,0.9414,0.54,0.4253,0.7,0.6884,
TCGA-22-5491-01A,0.005,0.0,0.007,0.001,0.006,0.0,0.008,0.014,0.012,0.007,0.029,0.001,0.0,0.02,0.012,0.877,0.877,LUSC,0.9365,0.67,0.7616,0.8,0.8394,
TCGA-98-A53A-01A,0.021,0.0,0.012,0.004,0.017,0.0,0.0,0.018,0.036,0.006,0.035,0.0,0.0,0.013,0.0,0.837,0.837,LUSC,0.9414,,0.6916,1.0,0.6724,
TCGA-85-A4PA-01A,0.021,0.381,0.095,0.001,0.028,0.079,0.08,0.069,0.028,0.01,0.086,0.003,0.005,0.013,0.001,0.101,0.101,LUSC,0.4653,,0.1288,0.75,0.1477,
TCGA-21-1080-01A,0.009,0.001,0.004,0.005,0.029,0.0,0.0,0.034,0.045,0.004,0.046,0.001,0.0,0.01,0.004,0.807,0.807,LUSC,0.8791,0.78,,0.925,0.8744,
TCGA-18-3406-01A,0.074,0.003,0.014,0.0,0.018,0.0,0.013,0.043,0.079,0.008,0.056,0.001,0.0,0.012,0.01,0.668,0.668,LUSC,0.6446,0.31,,0.7,0.5279,
TCGA-58-8391-01A,0.003,0.0,0.003,0.005,0.0,0.0,0.0,0.022,0.026,0.006,0.014,0.001,0.0,0.026,0.003,0.891,0.891,LUSC,0.935,,0.7987,0.865,0.8602,
TCGA-85-7696-01A,0.01,0.001,0.02,0.002,0.008,0.0,0.013,0.017,0.089,0.008,0.074,0.001,0.0,0.017,0.0,0.739,0.739,LUSC,0.8575,0.75,0.8135,0.7,0.8163,
TCGA-22-5480-01A,0.008,0.014,0.093,0.003,0.01,0.002,0.094,0.021,0.116,0.004,0.044,0.001,0.0,0.0,0.0,0.591,0.591,LUSC,0.714,0.71,0.6646,0.8,0.716,
TCGA-43-8116-01A,0.041,0.027,0.031,0.002,0.009,0.0,0.011,0.048,0.078,0.004,0.03,0.001,0.0,0.005,0.002,0.713,0.713,LUSC,0.8401,0.57,0.5283,0.65,0.6915,
TCGA-22-4607-01A,0.028,0.0,0.014,0.0,0.005,0.0,0.0,0.025,0.067,0.015,0.067,0.004,0.0,0.0,0.007,0.768,0.768,LUSC,0.793,0.64,,0.75,0.7496,
TCGA-60-2726-01A,0.018,0.008,0.005,0.027,0.026,0.0,0.001,0.007,0.064,0.004,0.041,0.004,0.0,0.0,0.003,0.793,0.793,LUSC,0.8672,0.48,,0.775,0.7913,
TCGA-85-7699-01A,0.025,0.005,0.051,0.005,0.042,0.0,0.015,0.025,0.135,0.008,0.106,0.003,0.001,0.001,0.0,0.58,0.58,LUSC,0.6423,0.65,0.6642,0.715,0.6264,
TCGA-34-5236-01A,0.012,0.002,0.017,0.0,0.011,0.0,0.001,0.021,0.222,0.026,0.136,0.004,0.001,0.016,0.011,0.519,0.519,LUSC,0.6948,0.24,0.6005,0.7,0.5807,
TCGA-63-A5ML-01A,0.001,0.0,0.014,0.017,0.018,0.0,0.0,0.024,0.052,0.009,0.078,0.002,0.0,0.004,0.0,0.781,0.781,LUSC,0.8598,,0.8698,1.0,0.851,
TCGA-33-AASJ-01A,0.009,0.0,0.001,0.002,0.002,0.0,0.0,0.01,0.003,0.0,0.013,0.0,0.0,0.0,0.001,0.959,0.959,LUSC,0.9702,,,0.75,0.9253,
TCGA-56-5898-01A,0.004,0.0,0.013,0.0,0.01,0.0,0.024,0.043,0.077,0.025,0.086,0.003,0.001,0.004,0.006,0.704,0.704,LUSC,0.7913,0.36,0.6924,0.85,0.7002,
TCGA-56-8622-01A,0.043,0.002,0.012,0.0,0.001,0.0,0.009,0.043,0.222,0.011,0.043,0.005,0.002,0.009,0.003,0.596,0.596,LUSC,0.7902,,0.5472,0.8,0.6141,
TCGA-66-2800-01A,0.016,0.002,0.013,0.0,0.013,0.0,0.001,0.034,0.066,0.017,0.169,0.005,0.004,0.006,0.001,0.652,0.652,LUSC,0.7437,,,0.65,0.6624,
TCGA-77-7335-01A,0.007,0.0,0.037,0.017,0.021,0.0,0.009,0.031,0.299,0.016,0.205,0.0,0.0,0.0,0.0,0.356,0.356,LUSC,0.384,0.41,0.6527,0.5,0.5517,
TCGA-43-8118-01A,0.0,0.0,0.018,0.002,0.008,0.0,0.0,0.04,0.063,0.023,0.145,0.005,0.0,0.006,0.004,0.686,0.686,LUSC,0.7728,,0.6841,0.65,0.6635,
TCGA-22-4596-01A,0.021,0.013,0.038,0.001,0.021,0.001,0.093,0.059,0.126,0.022,0.156,0.01,0.0,0.019,0.019,0.4,0.4,LUSC,0.4241,0.29,,0.7,0.3332,
TCGA-56-7731-01A,0.022,0.001,0.021,0.0,0.007,0.0,0.014,0.081,0.119,0.039,0.079,0.004,0.0,0.0,0.007,0.604,0.604,LUSC,0.6611,0.22,0.486,0.6,0.4905,
TCGA-56-8304-01A,0.029,0.0,0.01,0.009,0.011,0.0,0.008,0.01,0.008,0.009,0.04,0.0,0.0,0.019,0.015,0.833,0.833,LUSC,0.8999,,0.4502,0.65,0.6573,
TCGA-85-A53L-01A,0.009,0.014,0.007,0.0,0.014,0.0,0.0,0.009,0.083,0.009,0.02,0.002,0.0,0.005,0.002,0.826,0.826,LUSC,0.9074,,0.5563,0.65,0.7243,
TCGA-52-7811-01A,0.007,0.0,0.012,0.002,0.004,0.0,0.0,0.075,0.092,0.025,0.088,0.002,0.005,0.018,0.004,0.666,0.666,LUSC,0.7831,0.19,0.5832,0.61,0.4559,
TCGA-85-7710-01A,0.004,0.0,0.008,0.024,0.001,0.0,0.001,0.053,0.032,0.01,0.048,0.002,0.0,0.029,0.0,0.788,0.788,LUSC,0.8543,0.73,0.7237,0.8,0.8126,
TCGA-85-8481-01A,0.024,0.0,0.014,0.001,0.0,0.0,0.0,0.017,0.182,0.003,0.076,0.004,0.001,0.011,0.0,0.668,0.668,LUSC,0.7317,,0.5311,0.65,0.5649,
TCGA-85-A512-01A,0.0,0.0,0.006,0.0,0.0,0.0,0.006,0.011,0.081,0.005,0.029,0.001,0.0,0.016,0.002,0.841,0.841,LUSC,0.8884,,0.8273,0.95,0.8318,
TCGA-56-7221-01A,0.0,0.002,0.006,0.0,0.0,0.0,0.0,0.01,0.028,0.01,0.027,0.001,0.001,0.013,0.005,0.896,0.896,LUSC,0.9546,0.58,0.4543,0.75,0.7074,
TCGA-22-5485-01A,0.0,0.0,0.011,0.0,0.005,0.0,0.007,0.023,0.026,0.008,0.111,0.005,0.0,0.0,0.0,0.803,0.803,LUSC,0.8897,0.71,0.7837,0.8,0.8083,
TCGA-56-8305-01A,0.023,0.0,0.013,0.0,0.007,0.0,0.0,0.028,0.088,0.011,0.059,0.002,0.0,0.014,0.003,0.751,0.751,LUSC,0.8796,0.41,0.6777,0.7,0.746,
TCGA-66-2789-01A,0.029,0.0,0.011,0.004,0.008,0.0,0.0,0.057,0.203,0.013,0.095,0.004,0.002,0.008,0.001,0.565,0.565,LUSC,0.7595,0.55,,0.75,0.6839,
TCGA-96-8169-01A,0.029,0.0,0.017,0.001,0.01,0.0,0.009,0.027,0.148,0.014,0.062,0.004,0.002,0.031,0.003,0.644,0.644,LUSC,0.7837,0.43,0.6013,0.7,0.643,
TCGA-63-A5MP-01A,0.034,0.021,0.033,0.0,0.019,0.0,0.006,0.038,0.062,0.027,0.108,0.005,0.003,0.017,0.005,0.622,0.622,LUSC,0.764,,0.6333,0.7,0.6573,
TCGA-85-8584-01A,0.041,0.016,0.031,0.042,0.004,0.0,0.018,0.039,0.067,0.013,0.062,0.002,0.002,0.013,0.0,0.649,0.649,LUSC,0.7294,,0.5648,0.75,0.6126,
TCGA-63-A5MJ-01A,0.001,0.0,0.005,0.008,0.007,0.0,0.0,0.034,0.123,0.013,0.068,0.003,0.0,0.013,0.017,0.708,0.708,LUSC,0.8114,,0.7955,0.8,0.7913,
TCGA-94-7557-01A,0.0,0.0,0.017,0.001,0.004,0.0,0.007,0.014,0.069,0.012,0.095,0.001,0.001,0.033,0.003,0.743,0.743,LUSC,0.8418,0.47,0.5146,0.65,0.6086,
TCGA-85-8287-01A,0.063,0.029,0.043,0.001,0.03,0.0,0.016,0.06,0.253,0.017,0.069,0.006,0.001,0.016,0.002,0.394,0.394,LUSC,0.5775,0.34,0.5417,0.7,0.4853,
TCGA-21-A5DI-01A,0.001,0.0,0.007,0.001,0.003,0.0,0.004,0.007,0.077,0.009,0.007,0.0,0.0,0.014,0.002,0.868,0.868,LUSC,0.9174,,0.5078,0.6,0.8983,
TCGA-60-2719-01A,0.009,0.0,0.009,0.003,0.018,0.0,0.001,0.025,0.009,0.009,0.086,0.0,0.0,0.013,0.006,0.811,0.811,LUSC,0.8777,0.79,,0.825,0.912,
TCGA-56-7223-01A,0.0,0.0,0.002,0.0,0.003,0.0,0.0,0.015,0.028,0.011,0.01,0.001,0.0,0.001,0.0,0.929,0.929,LUSC,0.9863,0.94,0.9401,0.8,0.9782,
TCGA-33-4532-01A,0.002,0.0,0.005,0.0,0.006,0.0,0.006,0.009,0.011,0.005,0.028,0.001,0.0,0.002,0.002,0.922,0.922,LUSC,0.9638,0.58,,0.85,0.836,
TCGA-85-A510-01A,0.011,0.009,0.031,0.009,0.034,0.0,0.026,0.035,0.018,0.017,0.08,0.0,0.0,0.0,0.0,0.729,0.729,LUSC,0.82,,0.5632,1.0,0.6437,
TCGA-37-3792-01A,0.009,0.0,0.03,0.038,0.009,0.0,0.0,0.064,0.04,0.013,0.256,0.001,0.0,0.028,0.014,0.497,0.497,LUSC,0.4867,0.4,,0.8,0.5422,
TCGA-34-7107-01A,0.014,0.0,0.006,0.001,0.007,0.0,0.0,0.038,0.173,0.024,0.074,0.001,0.003,0.0,0.0,0.659,0.659,LUSC,0.7703,0.59,0.8155,0.7,0.7223,
TCGA-77-8144-01A,0.0,0.0,0.004,0.006,0.001,0.0,0.0,0.019,0.004,0.005,0.006,0.001,0.0,0.005,0.017,0.932,0.932,LUSC,0.9068,0.57,0.6752,,0.6782,
TCGA-22-4609-01A,0.03,0.009,0.022,0.007,0.019,0.0,0.014,0.059,0.134,0.025,0.154,0.003,0.001,0.025,0.011,0.487,0.487,LUSC,0.5981,0.42,0.558,0.75,0.5383,
TCGA-O2-A52Q-01A,0.0,0.0,0.042,0.012,0.013,0.0,0.0,0.026,0.056,0.003,0.259,0.001,0.0,0.0,0.0,0.586,0.586,LUSC,0.6395,,0.6208,0.7,0.5891,
TCGA-43-8115-01A,0.033,0.0,0.045,0.002,0.033,0.0,0.022,0.05,0.224,0.023,0.146,0.004,0.003,0.011,0.001,0.402,0.402,LUSC,0.524,0.27,0.5555,0.65,0.419,
TCGA-77-8128-01A,0.0,0.0,0.005,0.0,0.001,0.001,0.0,0.02,0.165,0.008,0.019,0.003,0.002,0.0,0.0,0.775,0.775,LUSC,0.9153,0.64,0.7676,0.7,0.7697,
TCGA-94-7033-01A,0.003,0.0,0.006,0.006,0.004,0.0,0.01,0.013,0.0,0.02,0.008,0.0,0.0,0.0,0.0,0.93,0.93,LUSC,0.9486,0.44,0.5308,0.7,0.6634,
TCGA-63-A5MH-01A,0.0,0.001,0.011,0.004,0.003,0.0,0.002,0.011,0.2,0.001,0.002,0.002,0.0,0.005,0.004,0.756,0.756,LUSC,0.9233,,0.7522,0.9,0.7435,
TCGA-66-2780-01A,0.026,0.0,0.013,0.004,0.003,0.0,0.0,0.038,0.172,0.007,0.054,0.003,0.0,0.008,0.002,0.671,0.671,LUSC,0.7593,0.47,,0.725,0.6836,
TCGA-85-7697-01A,0.025,0.019,0.024,0.012,0.008,0.001,0.012,0.053,0.085,0.012,0.005,0.004,0.002,0.032,0.006,0.699,0.699,LUSC,0.8241,0.22,0.5099,0.45,0.5804,
TCGA-56-A4BW-01A,0.007,0.0,0.018,0.026,0.0,0.0,0.01,0.041,0.099,0.012,0.037,0.004,0.0,0.029,0.006,0.711,0.711,LUSC,0.8173,,0.6286,0.65,0.7019,
TCGA-85-A4CN-01A,0.015,0.0,0.01,0.002,0.015,0.0,0.0,0.02,0.161,0.009,0.072,0.003,0.001,0.0,0.0,0.693,0.693,LUSC,0.809,,0.6659,0.75,0.7019,
TCGA-96-8170-01A,0.019,0.008,0.011,0.0,0.004,0.0,0.008,0.05,0.063,0.017,0.06,0.001,0.0,0.051,0.003,0.703,0.703,LUSC,0.7949,0.35,0.5873,0.7,0.6409,
TCGA-94-A4VJ-01A,0.003,0.0,0.012,0.007,0.006,0.0,0.037,0.025,0.09,0.007,0.017,0.002,0.0,0.022,0.007,0.765,0.765,LUSC,0.8429,,0.7313,0.8,0.7581,
TCGA-22-4604-01A,0.025,0.001,0.026,0.0,0.025,0.0,0.001,0.021,0.212,0.009,0.148,0.002,0.001,0.0,0.002,0.527,0.527,LUSC,0.5961,,,0.6,0.6601,
TCGA-58-A46L-01A,0.007,0.004,0.019,0.017,0.034,0.0,0.001,0.024,0.069,0.024,0.074,0.004,0.001,0.014,0.003,0.707,0.707,LUSC,0.8,,0.6597,0.75,0.7019,
TCGA-85-8580-01A,0.008,0.027,0.02,0.0,0.014,0.009,0.015,0.025,0.035,0.012,0.043,0.003,0.002,0.023,0.005,0.759,0.759,LUSC,0.9121,,0.5629,0.6,0.6126,
TCGA-21-5784-01A,0.026,0.0,0.013,0.007,0.008,0.0,0.033,0.077,0.06,0.026,0.044,0.003,0.002,0.016,0.019,0.665,0.665,LUSC,0.7286,0.19,0.4586,0.59,0.3985,
TCGA-NC-A5HL-01A,0.018,0.01,0.016,0.044,0.002,0.0,0.001,0.009,0.033,0.001,0.117,0.001,0.0,0.003,0.0,0.746,0.746,LUSC,0.8155,,0.7049,0.95,0.7243,
TCGA-90-A4ED-01A,0.062,0.012,0.005,0.001,0.001,0.001,0.0,0.039,0.155,0.023,0.03,0.004,0.002,0.0,0.0,0.664,0.664,LUSC,0.83,,0.6576,0.65,0.706,
TCGA-68-A59J-01A,0.007,0.001,0.009,0.033,0.0,0.0,0.018,0.027,0.056,0.018,0.067,0.002,0.002,0.034,0.03,0.695,0.695,LUSC,0.8107,,0.7247,0.77,0.7535,
TCGA-60-2720-01A,0.028,0.0,0.021,0.001,0.012,0.0,0.02,0.03,0.106,0.022,0.023,0.003,0.0,0.001,0.006,0.727,0.727,LUSC,0.7333,0.32,,0.775,0.6483,
TCGA-94-8491-01A,0.018,0.022,0.019,0.004,0.018,0.001,0.03,0.037,0.035,0.012,0.035,0.003,0.0,0.009,0.007,0.749,0.749,LUSC,0.8353,,0.6443,0.65,0.6167,
TCGA-66-2793-01A,0.003,0.0,0.002,0.0,0.006,0.0,0.0,0.008,0.009,0.01,0.008,0.0,0.0,0.005,0.0,0.949,0.949,LUSC,0.9833,0.85,,0.65,0.9783,
TCGA-77-A5FZ-01A,0.042,0.069,0.05,0.002,0.024,0.002,0.034,0.116,0.148,0.022,0.177,0.005,0.001,0.003,0.04,0.265,0.265,LUSC,0.2908,,0.2834,0.6,0.1926,
TCGA-21-1081-01A,0.009,0.0,0.007,0.002,0.007,0.0,0.0,0.029,0.15,0.005,0.023,0.002,0.0,0.033,0.006,0.727,0.727,LUSC,0.8696,0.49,,0.9,0.6573,
TCGA-43-3920-01A,0.047,0.0,0.003,0.001,0.033,0.0,0.01,0.02,0.161,0.01,0.063,0.001,0.0,0.018,0.024,0.609,0.609,LUSC,0.6966,0.52,,0.8,0.656,
TCGA-37-A5EL-01A,0.0,0.0,0.001,0.02,0.001,0.0,0.017,0.033,0.021,0.011,0.003,0.006,0.002,0.012,0.0,0.873,0.873,LUSC,0.961,,0.9212,0.95,0.9421,
TCGA-37-3789-01A,0.005,0.0,0.02,0.025,0.007,0.0,0.007,0.044,0.041,0.017,0.058,0.0,0.0,0.013,0.013,0.749,0.749,LUSC,0.7705,0.62,,0.9,0.7019,
TCGA-60-2724-01A,0.0,0.0,0.014,0.0,0.0,0.0,0.0,0.032,0.205,0.017,0.016,0.002,0.0,0.002,0.006,0.705,0.705,LUSC,0.7875,0.47,,0.85,0.7219,
TCGA-77-7337-01A,0.011,0.0,0.013,0.001,0.019,0.0,0.0,0.052,0.191,0.011,0.062,0.002,0.0,0.025,0.009,0.604,0.604,LUSC,0.7344,0.53,0.6538,0.65,0.6576,
TCGA-85-8276-01A,0.054,0.012,0.035,0.007,0.03,0.0,0.004,0.019,0.187,0.026,0.11,0.001,0.002,0.0,0.0,0.512,0.512,LUSC,0.625,0.26,0.5981,0.65,0.5013,
TCGA-98-8022-01A,0.02,0.006,0.018,0.006,0.02,0.0,0.043,0.054,0.112,0.041,0.069,0.004,0.006,0.019,0.003,0.578,0.578,LUSC,0.7532,0.42,0.6187,0.65,0.5867,
TCGA-66-2766-01A,0.01,0.0,0.008,0.001,0.011,0.0,0.0,0.015,0.028,0.015,0.059,0.001,0.001,0.001,0.0,0.85,0.85,LUSC,0.8765,0.75,,0.9,0.8428,
TCGA-66-2792-01A,0.008,0.0,0.011,0.002,0.006,0.0,0.001,0.023,0.097,0.013,0.044,0.002,0.001,0.002,0.002,0.786,0.786,LUSC,0.8581,0.66,,0.725,0.7887,
TCGA-56-5897-01A,0.043,0.0,0.031,0.002,0.016,0.0,0.001,0.04,0.244,0.018,0.159,0.004,0.0,0.036,0.004,0.401,0.401,LUSC,0.53,0.19,0.4671,0.65,0.3722,
TCGA-85-8277-01A,0.025,0.0,0.006,0.022,0.0,0.0,0.002,0.017,0.034,0.007,0.051,0.001,0.001,0.013,0.0,0.82,0.82,LUSC,0.8806,0.56,0.7643,0.7,0.7258,
TCGA-39-5034-01A,0.047,0.0,0.021,0.002,0.018,0.0,0.009,0.029,0.104,0.024,0.072,0.001,0.002,0.0,0.0,0.672,0.672,LUSC,0.7617,0.51,0.5506,0.65,0.6667,
TCGA-22-5473-01A,0.007,0.0,0.003,0.009,0.01,0.0,0.0,0.016,0.069,0.009,0.057,0.003,0.0,0.011,0.003,0.802,0.802,LUSC,0.8693,0.58,0.8321,0.8,0.773,
TCGA-66-2767-01A,0.035,0.016,0.033,0.012,0.029,0.0,0.03,0.037,0.073,0.016,0.214,0.004,0.001,0.0,0.001,0.5,0.5,LUSC,0.5499,0.27,,0.7,0.419,
TCGA-37-4133-01A,0.032,0.0,0.01,0.001,0.015,0.0,0.01,0.019,0.023,0.005,0.081,0.0,0.0,0.0,0.001,0.803,0.803,LUSC,0.8179,0.67,,0.775,0.7913,
TCGA-56-A49D-01A,0.005,0.0,0.019,0.019,0.035,0.0,0.017,0.034,0.033,0.018,0.109,0.004,0.0,0.0,0.01,0.696,0.696,LUSC,0.7759,,0.5889,0.85,0.7062,
TCGA-60-2723-01A,0.021,0.0,0.006,0.019,0.014,0.0,0.002,0.011,0.099,0.006,0.101,0.001,0.0,0.0,0.0,0.72,0.72,LUSC,0.7237,0.4,,0.85,0.6353,
TCGA-94-8035-01A,0.012,0.0,0.008,0.002,0.004,0.0,0.0,0.034,0.019,0.01,0.032,0.001,0.0,0.01,0.008,0.859,0.859,LUSC,0.9393,0.31,0.5114,0.8,0.5813,
TCGA-18-3421-01A,0.002,0.0,0.002,0.002,0.026,0.0,0.003,0.006,0.02,0.007,0.03,0.002,0.0,0.026,0.007,0.867,0.867,LUSC,0.8139,0.47,,0.8,0.6573,
TCGA-22-4599-01A,0.048,0.0,0.016,0.027,0.022,0.0,0.007,0.009,0.064,0.005,0.186,0.001,0.0,0.0,0.0,0.616,0.616,LUSC,0.6676,0.47,0.6843,0.625,0.6362,
TCGA-63-A5MS-01A,0.048,0.0,0.028,0.006,0.014,0.0,0.001,0.047,0.167,0.018,0.148,0.003,0.004,0.002,0.0,0.513,0.513,LUSC,0.658,,0.596,0.7,0.5599,
TCGA-56-8201-01A,0.01,0.001,0.032,0.026,0.03,0.0,0.001,0.042,0.218,0.013,0.202,0.0,0.0,0.006,0.009,0.41,0.41,LUSC,0.4705,0.22,0.4264,0.6,0.3661,
TCGA-85-8052-01A,0.005,0.005,0.013,0.0,0.007,0.0,0.01,0.024,0.057,0.016,0.096,0.004,0.0,0.005,0.0,0.757,0.757,LUSC,0.8806,0.36,0.67,0.7,0.6469,
TCGA-22-5492-01A,0.028,0.0,0.034,0.006,0.019,0.0,0.021,0.049,0.064,0.025,0.103,0.003,0.001,0.019,0.009,0.618,0.618,LUSC,0.6953,0.56,0.602,0.8,0.5967,
TCGA-O2-A52N-01A,0.0,0.0,0.011,0.021,0.002,0.0,0.009,0.032,0.079,0.01,0.057,0.002,0.001,0.008,0.001,0.768,0.768,LUSC,0.8422,,0.7533,0.75,0.7706,
TCGA-34-5234-01A,0.029,0.0,0.022,0.002,0.021,0.0,0.043,0.029,0.158,0.02,0.091,0.006,0.0,0.002,0.032,0.547,0.547,LUSC,0.4465,0.19,0.4456,0.55,0.3632,
TCGA-98-A53I-01A,0.026,0.056,0.032,0.006,0.019,0.0,0.011,0.043,0.071,0.02,0.123,0.005,0.005,0.009,0.0,0.572,0.572,LUSC,0.7425,,0.6339,0.8,0.6609,
TCGA-66-2785-01A,0.04,0.0,0.029,0.029,0.032,0.0,0.015,0.012,0.033,0.01,0.131,0.002,0.0,0.016,0.007,0.643,0.643,LUSC,0.6508,0.4,,0.7,0.5422,
TCGA-63-A5MN-01A,0.067,0.007,0.051,0.023,0.021,0.001,0.025,0.035,0.124,0.012,0.205,0.005,0.001,0.019,0.0,0.405,0.405,LUSC,0.4721,,0.3931,0.6,0.3216,
TCGA-85-A4QR-01A,0.001,0.0,0.002,0.0,0.0,0.0,0.0,0.008,0.053,0.0,0.0,0.0,0.0,0.018,0.002,0.916,0.916,LUSC,0.9942,,0.7808,0.9,0.7913,
TCGA-39-5027-01A,0.0,0.0,0.002,0.0,0.003,0.0,0.001,0.005,0.006,0.004,0.018,0.0,0.0,0.0,0.002,0.957,0.957,LUSC,0.9827,0.68,0.6863,0.6,0.7369,
TCGA-66-2788-01A,0.052,0.003,0.025,0.003,0.024,0.0,0.0,0.047,0.151,0.016,0.083,0.003,0.0,0.031,0.018,0.543,0.543,LUSC,0.6388,0.41,,0.725,0.5517,
TCGA-21-1072-01A,0.006,0.0,0.007,0.0,0.006,0.0,0.0,0.031,0.045,0.005,0.037,0.0,0.001,0.01,0.003,0.85,0.85,LUSC,0.9017,0.74,,0.925,0.8646,
TCGA-51-4081-01A,0.0,0.0,0.003,0.0,0.0,0.0,0.0,0.018,0.165,0.005,0.022,0.006,0.005,0.029,0.003,0.743,0.743,LUSC,0.8999,0.64,,0.85,0.827,
TCGA-22-1005-01A,0.162,0.043,0.038,0.021,0.03,0.0,0.029,0.056,0.122,0.021,0.088,0.002,0.001,0.001,0.005,0.381,0.381,LUSC,0.4767,0.23,,0.675,0.3405,
TCGA-L3-A524-01A,0.002,0.0,0.01,0.001,0.009,0.0,0.0,0.017,0.057,0.011,0.062,0.001,0.0,0.0,0.0,0.829,0.829,LUSC,0.9166,,0.8069,0.7,0.8973,
TCGA-O2-A52W-01A,0.0,0.001,0.003,0.0,0.0,0.0,0.013,0.017,0.0,0.013,0.016,0.0,0.0,0.018,0.002,0.916,0.916,LUSC,0.9287,,0.6446,0.65,0.7654,
TCGA-60-2708-01A,0.004,0.0,0.01,0.0,0.0,0.0,0.006,0.039,0.322,0.018,0.034,0.001,0.0,0.0,0.001,0.564,0.564,LUSC,0.7696,0.58,,0.7,0.7129,
TCGA-85-A513-01A,0.104,0.014,0.027,0.011,0.024,0.0,0.018,0.071,0.111,0.017,0.16,0.01,0.001,0.001,0.002,0.429,0.429,LUSC,0.5324,,0.538,0.6,0.4337,
TCGA-77-7465-01A,0.015,0.008,0.051,0.008,0.032,0.0,0.035,0.013,0.059,0.004,0.073,0.001,0.0,0.0,0.0,0.7,0.7,LUSC,0.7314,0.69,0.5317,0.7,0.6458,
TCGA-58-8393-01A,0.01,0.002,0.028,0.027,0.017,0.0,0.004,0.054,0.05,0.019,0.155,0.002,0.001,0.04,0.005,0.586,0.586,LUSC,0.6644,,0.5578,0.725,0.5349,
TCGA-77-A5G1-01A,0.015,0.008,0.03,0.001,0.014,0.0,0.003,0.061,0.095,0.015,0.101,0.001,0.0,0.007,0.004,0.644,0.644,LUSC,0.7583,,0.4874,0.6,0.6126,
TCGA-34-5232-01A,0.035,0.04,0.069,0.0,0.019,0.0,0.061,0.034,0.04,0.009,0.045,0.0,0.0,0.036,0.008,0.602,0.602,LUSC,0.7367,0.28,0.4285,0.8,0.4285,
TCGA-60-2709-01A,0.03,0.005,0.027,0.003,0.024,0.0,0.001,0.027,0.17,0.019,0.282,0.003,0.002,0.001,0.0,0.406,0.406,LUSC,0.4835,0.28,0.4804,0.6,0.4263,
TCGA-43-A56V-01A,0.017,0.005,0.008,0.0,0.006,0.0,0.0,0.022,0.046,0.013,0.039,0.001,0.0,0.025,0.007,0.81,0.81,LUSC,0.8997,,0.5871,0.8,0.8744,
TCGA-34-5928-01A,0.003,0.0,0.024,0.001,0.012,0.0,0.0,0.027,0.332,0.019,0.053,0.002,0.0,0.013,0.009,0.504,0.504,LUSC,0.6722,0.4,0.7074,0.8,0.5653,
TCGA-56-A4ZK-01A,0.009,0.0,0.02,0.008,0.016,0.0,0.001,0.025,0.054,0.011,0.134,0.004,0.015,0.034,0.001,0.667,0.667,LUSC,0.7712,,0.603,0.67,0.6573,
TCGA-39-5037-01A,0.0,0.0,0.005,0.0,0.001,0.0,0.015,0.006,0.012,0.005,0.01,0.001,0.0,0.0,0.006,0.938,0.938,LUSC,0.9909,0.48,0.7201,0.75,0.7058,
TCGA-77-8131-01A,0.021,0.008,0.03,0.015,0.024,0.0,0.015,0.06,0.097,0.024,0.211,0.004,0.002,0.023,0.029,0.439,0.439,LUSC,0.474,0.17,0.4246,0.6,0.3242,
TCGA-77-6842-01A,0.024,0.008,0.046,0.046,0.016,0.0,0.021,0.054,0.088,0.008,0.11,0.001,0.008,0.01,0.001,0.557,0.557,LUSC,0.6322,0.48,0.4886,0.775,0.511,
TCGA-96-7544-01A,0.025,0.003,0.025,0.0,0.014,0.0,0.011,0.047,0.165,0.017,0.096,0.001,0.0,0.026,0.01,0.56,0.56,LUSC,0.662,0.58,0.6058,0.5,0.6422,
TCGA-18-3415-01A,0.019,0.0,0.014,0.011,0.014,0.0,0.013,0.016,0.074,0.013,0.094,0.002,0.0,0.021,0.027,0.681,0.681,LUSC,0.7437,0.48,,0.85,0.6181,
TCGA-66-2794-01A,0.009,0.003,0.018,0.042,0.023,0.0,0.036,0.021,0.027,0.005,0.105,0.002,0.004,0.0,0.001,0.704,0.704,LUSC,0.7511,0.63,,0.675,0.7603,
TCGA-90-7767-01A,0.0,0.002,0.067,0.005,0.028,0.0,0.046,0.03,0.207,0.004,0.06,0.0,0.0,0.0,0.0,0.551,0.551,LUSC,0.6677,0.54,0.6561,0.59,0.6306,
TCGA-85-6560-01A,0.012,0.0,0.02,0.031,0.024,0.0,0.0,0.065,0.118,0.018,0.139,0.001,0.0,0.0,0.001,0.569,0.569,LUSC,0.6984,0.49,0.7183,0.825,0.6656,
TCGA-58-A46M-01A,0.028,0.0,0.001,0.05,0.003,0.0,0.0,0.014,0.032,0.009,0.114,0.0,0.0,0.012,0.004,0.733,0.733,LUSC,0.8428,,0.753,0.8,0.7445,
TCGA-66-2777-01A,0.011,0.0,0.021,0.0,0.015,0.0,0.027,0.04,0.055,0.027,0.166,0.006,0.0,0.016,0.009,0.607,0.607,LUSC,0.7274,0.87,,0.625,0.8141,
TCGA-77-8139-01A,0.043,0.0,0.024,0.004,0.006,0.0,0.0,0.035,0.13,0.019,0.025,0.0,0.0,0.016,0.002,0.695,0.695,LUSC,0.8264,0.3,0.4345,0.6,0.4474,
TCGA-58-A46K-01A,0.018,0.0,0.017,0.011,0.015,0.0,0.006,0.015,0.021,0.012,0.046,0.002,0.0,0.001,0.0,0.835,0.835,LUSC,0.9177,,0.6714,0.85,0.7737,
TCGA-77-A5G7-01B,0.012,0.001,0.01,0.0,0.002,0.0,0.009,0.01,0.043,0.006,0.001,0.0,0.0,0.0,0.006,0.901,0.901,LUSC,0.9598,,0.5966,0.6,0.5903,
TCGA-85-A4CL-01A,0.007,0.006,0.018,0.017,0.014,0.0,0.018,0.007,0.064,0.007,0.084,0.0,0.0,0.0,0.009,0.747,0.747,LUSC,0.7591,,0.6781,0.65,0.6834,
TCGA-18-3416-01A,0.036,0.001,0.007,0.056,0.035,0.0,0.026,0.011,0.014,0.006,0.15,0.002,0.0,0.006,0.0,0.649,0.649,LUSC,0.7258,0.51,,0.7,0.6465,
TCGA-43-5668-01A,0.017,0.022,0.03,0.009,0.059,0.0,0.017,0.033,0.063,0.014,0.211,0.002,0.001,0.0,0.0,0.52,0.52,LUSC,0.6377,0.34,0.4826,0.625,0.502,
TCGA-43-5670-01A,0.001,0.0,0.008,0.0,0.0,0.0,0.0,0.019,0.061,0.002,0.001,0.002,0.0,0.017,0.001,0.887,0.887,LUSC,0.9598,0.62,0.6352,0.8,0.7508,
TCGA-21-1082-01A,0.043,0.001,0.031,0.004,0.015,0.001,0.011,0.029,0.084,0.015,0.07,0.002,0.001,0.012,0.015,0.665,0.665,LUSC,0.7604,0.69,,0.9,0.6851,
TCGA-NC-A5HD-01A,0.019,0.0,0.005,0.001,0.0,0.0,0.0,0.013,0.067,0.004,0.004,0.0,0.0,0.011,0.001,0.875,0.875,LUSC,0.9705,,0.7692,0.9,0.7779,
TCGA-66-2769-01A,0.03,0.001,0.029,0.001,0.017,0.0,0.053,0.039,0.169,0.013,0.125,0.004,0.0,0.0,0.007,0.512,0.512,LUSC,0.5914,0.32,,0.7,0.4664,
TCGA-33-4547-01A,0.024,0.0,0.021,0.0,0.001,0.0,0.02,0.036,0.159,0.015,0.045,0.004,0.0,0.012,0.008,0.654,0.654,LUSC,0.8026,0.96,,0.75,0.8712,
TCGA-21-1071-01A,0.014,0.0,0.021,0.005,0.015,0.0,0.001,0.018,0.096,0.007,0.097,0.002,0.0,0.032,0.002,0.691,0.691,LUSC,0.8032,0.29,,0.875,0.7243,
TCGA-33-AASD-01A,0.0,0.0,0.015,0.002,0.001,0.0,0.0,0.008,0.028,0.003,0.063,0.001,0.003,0.004,0.0,0.873,0.873,LUSC,0.9236,,,0.9,0.8043,
TCGA-39-5029-01A,0.025,0.006,0.019,0.021,0.021,0.0,0.01,0.054,0.101,0.01,0.083,0.002,0.0,0.004,0.001,0.643,0.643,LUSC,0.7829,0.34,0.5939,0.7,0.5575,
TCGA-MF-A522-01A,0.0,0.0,0.0,0.009,0.0,0.0,0.0,0.008,0.012,0.001,0.017,0.0,0.0,0.024,0.001,0.927,0.927,LUSC,0.957,,0.7837,1.0,0.9253,
TCGA-51-4079-01A,0.022,0.0,0.008,0.003,0.011,0.0,0.003,0.031,0.068,0.01,0.067,0.001,0.0,0.025,0.006,0.747,0.747,LUSC,0.8166,0.63,,0.775,0.7603,
