"","cellFractions.B.Cells","cellFractions.CD4.T","cellFractions.CD8.T","cellFractions.DC","cellFractions.Endothelial.Cells","cellFractions.Fibroblasts","cellFractions.Macrophages","cellFractions.Mast.Cells","cellFractions.Monocytes","cellFractions.NK","cellFractions.Neutrophils","cellFractions.otherCells"
"TCGA.HQ.A5NE.01A",2.88049422279658e-06,5.41090908772107e-05,0.00511297004505689,0.337259914858936,0.0676476230717713,0.0284740347104652,0.00386766983774417,0.000154109293577272,5.04598023757887e-08,9.93578443574071e-08,0.55742334933332,3.18944638209764e-06
"TCGA.FD.A5BT.01A",9.23404266379713e-07,2.15732665205171e-07,1.19969972496938e-07,6.0181545027311e-07,0.564339220343138,0.154157324995807,0.276110152677032,0.000567337502487606,2.09018539657445e-06,0.00481895170371066,1.64914649722899e-06,1.41252357748655e-06
"TCGA.DK.A3IQ.01A",0.000814304273480379,3.73640792847003e-05,0.000306766264397503,4.680478875414e-05,0.676840256839403,0.306786805398374,0.0140616865861017,0.00068967283826303,0.000259508428211788,2.58380000622214e-05,0.000118859819114737,1.21326845534213e-05
"TCGA.ZF.AA4X.01A",0.000678954375681963,0.00427622138468007,1.49313506896088e-07,0.149723735611184,0.0045935409102564,0.00224528975893309,3.5718101395102e-09,2.69157406392183e-05,2.05281811931422e-08,3.53935289890349e-05,0.63835771338266,0.200062061893477
"TCGA.GD.A3OQ.01A",9.68966129203538e-08,5.24801258884562e-05,8.89753133752409e-07,0.318562556019775,0.0332305399016396,0.0123182943896482,0.000638092118181118,5.4288917736185e-05,4.5577050957663e-09,1.51317622992784e-06,0.635141218731006,2.5412443421497e-08
"TCGA.ZF.AA51.01A",0.0135669344553296,0.0329735276032354,1.10987730461355e-06,0.0307714529134512,0.0207727829836692,0.0494139203633246,0.0219479372565362,0.000246431200823359,6.38219747754974e-05,0.00201249606393852,1.77218185427302e-06,0.828227813125757
"TCGA.FD.A3SS.01A",8.96145726426765e-06,1.59200387710654e-05,2.19293310049776e-05,0.273280263387797,0.0592988098697391,0.00506186310513335,0.00088147907729039,2.54930870939769e-05,4.99364135352822e-07,1.10568838077341e-07,0.661404053369986,6.1734294652391e-07
"TCGA.DK.AA71.01A",0.0002462237996019,0.00353890648261331,7.46186372472054e-08,0.222310762122457,0.0219823888609568,0.00687406585968092,0.00215153886019857,9.82017499571772e-08,7.83855862011863e-08,0.000217351835296577,0.742511359643009,0.0001671513302127
"TCGA.4Z.AA83.01A",1.65589825280585e-05,0.00691580640827462,1.44760944312413e-06,0.16806437688507,0.0450471125436696,0.00555339851227028,0.00375152419524912,7.58954404329091e-05,8.68339759718264e-09,0.000133923600032601,0.569838687980952,0.20060125915868
"TCGA.ZF.A9R4.01A",0.000865790566556249,0.00777423803336997,0.000109672095049936,0.167508402227675,0.00388748401558117,0.00258176782493408,0.00380839024655693,1.4937075235123e-05,2.81484891484689e-08,0.000982491287272146,0.538177743425869,0.274289055053411
"TCGA.BT.A20P.01A",0.000609372640491866,0.00140145636902661,0.000830109908359926,0.16073277985983,0.0255245143414162,0.00550624171660334,3.59207047429181e-05,7.19884513016445e-05,1.21880670648738e-07,1.85260943245147e-08,0.635980509559393,0.169306966042069
"TCGA.HQ.A2OE.01A",4.23318062041351e-08,7.93370573868947e-08,6.49592785089462e-06,0.219272946764141,0.00373173550745,0.00215895371792994,0.00138443437116226,1.90399665084753e-05,4.05954360585402e-08,2.07786676620168e-06,0.773424049718715,1.03895176562335e-07
"TCGA.R3.A69X.01A",0.00179825843021716,0.00658005130369648,2.95519114491777e-06,0.301809795550083,0.357504668821759,0.0345894338005545,0.0207073239056898,0.00105896567717483,2.02673124283184e-05,0.000845481206743755,0.27508266380534,1.34995168545936e-07
"TCGA.BT.A3PH.01A",2.83407174611945e-06,1.83695472870099e-06,7.6716065104091e-07,0.458168268059415,0.00242991221891548,0.0145540907282173,0.00327972430825623,3.00039892855945e-05,2.3390259934965e-07,8.22357644139184e-06,0.521524096500439,8.52930436049727e-09
"TCGA.UY.A9PA.01A",0.000315480811554278,0.0106247647227049,0.00123127674312553,0.242590968683714,0.00355351106242827,0.001635419932199,0.00556184291464015,6.74446799550975e-05,9.80472107291011e-08,0.000979146673444542,0.682372321978461,0.0510677237505628
"TCGA.BL.A13J.01B",2.58436616124048e-05,0.0020246337971536,8.9497837848562e-07,0.333904349357843,0.0103952862218012,0.0454029048135084,0.00234302256676204,2.12212380004084e-05,3.98350261165334e-07,0.000177998543827201,0.605703215570671,2.30900180454852e-07
"TCGA.CF.A3MI.01A",0.000152854748886785,0.00332797927956126,1.65375548690333e-07,0.106095446536708,0.0194891133108273,0.000731301285296265,0.000407970672571825,0.000184009123070344,7.91149994248237e-08,0.000200762006741899,0.347133037370432,0.522277281175356
"TCGA.XF.AAMW.01A",3.20146220500206e-07,0.00109908882808215,0.000135881076782544,0.508420995816517,0.0156059530957335,0.0119218886590721,0.0121411457224087,9.0192912622092e-05,1.23683460142165e-06,0.00016142537392216,0.450419630107032,2.24142700542561e-06
"TCGA.H4.A2HQ.01A",0.00112462535087124,0.00367136679135602,7.56413001144055e-05,0.173177327504159,0.0166350459321163,0.00719837996009185,0.00107129715409688,8.58086117902103e-05,8.65976985513655e-07,5.19463234754629e-07,0.57048554322984,0.226473578725343
"TCGA.HQ.A5ND.01A",0.000305943034372016,0.00242777584100306,0.000769654383688238,0.113045141808949,0.0509544105559318,0.0024495334273576,0.000826936484222346,3.19037235879545e-05,8.38894684918309e-08,0.000416493129755437,0.424268339648402,0.404503784073262
"TCGA.K4.A6FZ.01A",5.78857979957347e-07,6.21802969914866e-06,8.03489866748837e-07,0.231187148922587,0.00848433610768198,0.0027651369419626,0.0107895500022999,0.000291119671957415,6.84826191162894e-10,0.000412020247267071,0.746063081849811,5.19406188412358e-09
"TCGA.DK.A3IV.01A",0.0142960868725398,0.0420251389794682,0.000338571610337017,0.27700536261714,0.00748140437713323,0.00640925175451746,0.00841527703746984,0.000182825832778131,4.80221059611482e-09,0.00125594846248465,0.371606239377161,0.270983888276759
"TCGA.E7.A3X6.01A",0.00192071971818359,0.0243213215293677,1.76946629508656e-05,0.233326799758302,0.0526250863511416,0.012877383117347,0.0113872650478873,0.000121405021561495,8.53902409813802e-08,0.0023649117628522,0.42625289844874,0.234784429191425
"TCGA.BT.A42F.01A",0.0338209657955747,0.0425928520134268,0.00374510253371925,0.0582748656531124,0.0247641070940777,0.00932772489388218,0.0472986142974797,0.000648410357335324,0.00083924627847954,0.00629358800250418,3.54633856632484e-07,0.772394168446552
"TCGA.UY.A8OB.01A",1.16476772762923e-07,4.75091047033681e-05,5.07069966524309e-08,0.179170051381424,0.0292795849716751,0.00438973131580953,0.00716857948039956,1.54220572601589e-05,1.87033875462088e-07,0.000930150351532061,0.778997308918627,1.30820092392533e-06
"TCGA.DK.A1A3.01A",0.00255016111890007,0.00785956827789281,5.76485968594484e-07,0.246275483206472,0.0345356984002724,0.0293802617808625,0.0113236338525824,0.000532783784105999,7.24244020660974e-07,0.000360789168271948,0.667167149775572,1.31699050790224e-05
"TCGA.DK.AA6X.01A",2.59496587726436e-06,1.5119840640883e-05,4.72350172961894e-07,0.48117753077233,0.00987749015062299,0.0209265641473537,0.00756204167780915,0.000259300732152919,3.44247021671345e-07,1.76021323062999e-05,0.480160938713688,2.70024957545937e-10
"TCGA.G2.A3IE.01A",0.00168342019500201,0.00432802684388984,6.2132670243743e-06,0.145696380670397,1.22092179596082e-05,0.0158794915835033,0.000860838869317443,4.47159389767772e-05,5.17322130791648e-07,5.48261176193182e-05,0.589494889771603,0.241938470202577
"TCGA.FD.A5BU.01A",0.00826291686312518,9.48320082045087e-07,3.04823133218019e-06,0.207107923386024,0.515995236130282,0.0152129606713918,0.0639258318914861,0.000533344322241387,1.71608052537606e-09,0.00143479777338007,0.187520125245073,2.86544950174707e-06
"TCGA.C4.A0EZ.01A",0.00040034236926012,0.00133840065073936,0.000990977778966618,0.0610348132175758,0.145812467278121,0.00319854921426804,0.00405709079165419,2.56531235961742e-05,3.25080180711347e-08,0.000179154168824327,0.117295293196072,0.665667225702904
"TCGA.FD.A3B3.01A",0.0152671309579044,0.0402269659802375,6.38108084409991e-06,0.264173076781845,0.286117809547727,0.029855436684185,0.0507642923451638,0.000735498265281935,2.59168517607886e-06,0.00570296078167626,0.307137840046005,1.00158439536347e-05
"TCGA.FD.A5BZ.01A",0.00725767064137555,0.00146587238320088,0.000611439255982721,0.153046704584849,0.441996563597935,0.27152041131245,0.0132072518845835,0.00104998568396735,0.0165472331926002,0.000284356099888112,0.0930124347852585,7.65779097681668e-08
"TCGA.C4.A0F7.01A",0.000183888265548122,0.000102281683540687,0.000543307716073797,0.224916801000133,0.00866538444124183,0.0655153654672596,1.09811426923738e-05,0.000109180579468837,1.71314923328038e-07,5.18450964782106e-05,0.656574386994853,0.0433264062977872
"TCGA.XF.AAMR.01A",4.36818990911866e-07,4.44496304455078e-07,0.000169863627675497,2.16632597994944e-05,0.972037369183277,0.0246659541309532,0.00229742880688318,0.000758793441917853,4.60241127235618e-06,2.31036813454995e-05,2.02560073660076e-05,8.41342150176536e-08
"TCGA.XF.AAN7.01A",1.37102707960375e-07,0.000322874442527791,0.000533279014750528,0.361519207709864,0.088108417611601,0.00447816649645905,0.0142109117966619,8.90763128440022e-05,5.25923346684882e-08,0.000345027293930396,0.530392831884111,1.77422075815795e-08
"TCGA.UY.A8OD.01A",0.00302751439452498,0.0100589589100883,3.20013972363558e-05,0.0664649941027676,0.516160311690953,0.00298587697637629,0.00776568751202278,0.000528078010416521,4.61042865194503e-06,0.000608797822615736,0.39236104229639,2.12645795574749e-06
"TCGA.FD.A3SP.01A",8.30619980162224e-06,4.73211694746632e-06,3.03389133404284e-06,0.000145488504768398,0.68116987307398,0.208457046182791,0.102208627094288,0.00144196670581068,2.70425140799292e-05,0.0064871026809853,1.17088853765002e-05,3.50721498364723e-05
"TCGA.DK.A2HX.01A",0.00569147696410551,6.19138689574617e-05,0.00917634543402287,2.53301046065e-05,0.843542181438433,0.0974994120988187,0.0313739380139222,0.000813968263120542,0.00122573934424269,2.56285493771089e-05,0.0105487988191959,1.52671011974585e-05
"TCGA.CF.A8HX.01A",0.000284819601329361,0.00275013894232381,0.000180894072354752,0.0788226007728358,0.0123154571581312,0.00345564847288884,9.89255928155098e-06,3.12739726762288e-05,5.60972985532024e-08,1.04721155280347e-08,0.303868094138544,0.59828111374022
"TCGA.E7.A85H.01A",0.0022491246458756,0.014755136875549,6.71216487634657e-05,0.186872996449896,0.0437366788936939,0.013907307224689,0.0109888782436519,1.03151869514822e-05,6.05683772144562e-09,0.00112736481752729,0.39763633362714,0.328648736329425
"TCGA.ZF.A9RL.01A",0.000197419579492462,0.00292798965161738,1.20980840130839e-06,0.0977443893264482,3.99072008837747e-05,0.00633666026579362,2.6343979035669e-08,3.9568489149487e-06,2.18896366325893e-07,6.28064932233693e-05,0.355117489494824,0.537567926090055
"TCGA.UY.A9PB.01A",0.0368139878071947,0.0703616995335141,2.13078376299612e-06,0.239810331507937,0.308715049923421,0.0627083938295783,0.10882075885077,0.000902333612341109,1.28003713673438e-07,0.00985414051343819,0.162010656644622,3.88989707295253e-07
"TCGA.GV.A3JV.01A",0.00586891902248986,0.0195526387500558,9.23404311652288e-07,0.310153129676895,0.00735166183470453,0.0284077218086,0.00658606279298092,0.000180077310574919,9.95963888239341e-08,0.00103790935653483,0.62068680793228,0.000174048514183662
"TCGA.GD.A6C6.01A",0.000172910017665403,0.00193984838367469,3.97730012519758e-07,0.16215393528187,0.0105779513610684,0.00437983682245835,0.00390626778662173,1.32977576184949e-05,1.14280963026922e-07,0.00026645949176064,0.797348117637016,0.0192408634492712
"TCGA.XF.A9SW.01A",2.57584260615584e-07,4.0160822066097e-06,1.94133563476719e-06,3.59916391516533e-07,0.950837192305941,0.0487568934206438,0.000322616291207126,6.84682016421244e-05,2.65716060838127e-06,3.27346886392002e-06,3.10529785500892e-07,2.01370281496879e-06
"TCGA.GV.A3QI.01A",0.00047500643740276,0.000355976424651548,1.91377651095053e-05,0.170732855826472,0.00107846829856583,0.00857398986429983,2.15235087247163e-08,8.52457421555656e-06,2.28492454095936e-08,0.000227281093041154,0.669185807070536,0.149342908272951
"TCGA.UY.A9PE.01A",0.00562020614563366,0.00185289297826838,0.000134217720340741,0.132924453071969,0.114689369529222,0.00697107708330648,0.00126187188392368,0.000119807389385722,3.14783711645977e-07,5.46711093140009e-05,0.531678899608769,0.204692218696155
"TCGA.E7.A97P.01A",3.37331918648963e-06,0.0162333624439544,0.0413771615221914,0.305917211764046,0.188309150422112,0.0179451735966331,0.0227940404487972,0.000154689431906181,1.72853788134946e-07,0.00818319600604347,0.399082280175346,1.88015996529596e-07
"TCGA.G2.AA3D.01A",0.00264243825903163,0.00331217762072504,0.000346937590211549,0.1682138289334,0.000503318706915559,0.00815177653056168,2.51235976779914e-09,0.000105887590243201,1.06692283081976e-07,0.000145047560279549,0.649547191924742,0.167031286079247
"TCGA.BL.A3JM.01A",3.42962345360419e-07,3.64834831547836e-09,5.98232478655973e-05,0.185310027748844,0.0136957546056065,0.0054771191571127,0.00721099065326735,0.000136141278185989,5.34697886050078e-08,0.000612009073321603,0.787496509434776,1.22472053789092e-06
"TCGA.GV.A3JZ.01A",1.40820144003336e-05,0.000101261096570058,7.64256015164732e-06,0.240340135722089,0.0272643571421166,0.022235190889144,0.00623263263643532,4.09396759880521e-05,1.33767800920453e-05,0.000163663211751713,0.703584295148239,2.42312302220157e-06
"TCGA.ZF.A9R5.01A",0.00177404744474688,0.00944185410651724,0.00118836720361751,0.131143292673612,0.00834985271233831,0.00138201650909426,0.00114972103568827,8.74711672149121e-06,1.37446432666127e-08,0.00035976584388969,0.43434656543101,0.410855756178122
"TCGA.UY.A9PH.01A",0.0231616011169591,0.0478664358177182,2.12622736100235e-05,0.208453730928901,0.0395556725215542,0.0408948580370997,0.0733729304709965,0.000421127835984983,0.00125314960350094,0.00443313594568551,1.1997185013965e-05,0.560554098262976
"TCGA.E7.A7XN.01A",1.56278486655227e-05,0.00609470187422423,0.0669303962383661,0.309863027645316,0.0109987316515603,0.00148870622036571,0.0239372349962655,7.73212958058349e-05,1.89692080924121e-09,0.00797540922262856,0.572618382668831,4.58441050807364e-07
"TCGA.XF.A9T8.01A",1.10341623931393e-08,4.37166240995956e-08,5.05067710724415e-05,0.257844175867968,0.0569516420866476,0.011462824645513,0.0420449747481252,0.000365813887693454,2.83889754692087e-05,0.00436279342240023,0.626888820978463,3.86586168545352e-09
"TCGA.DK.A3X1.01A",0.000264542606864326,0.00270396861949331,4.91528427366171e-05,0.155058328387533,0.0233221244756013,0.00898873371983855,0.000344818312833209,5.50504434286878e-05,3.80297080131892e-08,0.000111474889596993,0.560568371170282,0.248533396502084
"TCGA.E5.A4TZ.01A",4.34826251573439e-06,9.29461252306611e-07,8.38918501736078e-08,0.501097625101873,0.00122422403108465,0.00279443593604461,0.00242646001088008,0.000128812948817778,4.99266252532414e-07,1.24594994201387e-06,0.492321331639338,3.50014892317533e-09
"TCGA.XF.AAN3.01A",2.1507913748717e-07,8.7232021602396e-07,2.50935616912481e-07,0.133102753599962,0.118676401805189,0.0241914056007302,0.0136804275596299,0.000207216440933745,1.47094020291305e-09,1.68071935400894e-06,0.710136681388648,2.09307964249647e-06
"TCGA.E7.A7DV.01A",0.000769695759767797,0.0178288841486484,0.0129844442294257,1.62030084075158e-06,0.192378890919876,0.0494002666712224,0.722792176691381,7.02743854410492e-05,1.87833277088134e-06,0.00374006367325669,4.55685071476638e-06,2.72480366548118e-05
"TCGA.BT.A20O.01A",0.0040292872518531,0.0336941005636204,0.00024009757117878,2.03168896279809e-07,6.18119563803594e-06,0.0868903430296046,0.770929117015866,0.00499138334032991,5.80919823072924e-08,0.0992181486132933,9.49888993938915e-07,1.3026874350324e-07
"TCGA.XF.AAMY.01A",6.87301970296393e-07,0.000479984003686879,1.18953682614884e-06,0.44452757383996,0.148757233017941,0.0317916269646063,0.00632734444070032,0.000318472677072636,0.000127267497462204,0.000126416732416543,0.367516116045129,2.60879422287513e-05
"TCGA.BT.A20V.01A",3.08126695894078e-08,1.38838181315193e-07,2.5825066293179e-07,0.291930458962184,0.00517251485905594,0.0022792699269587,0.00993487489223357,3.60263656849602e-06,6.66459719085722e-08,0.000783789519506208,0.689894955330953,3.93250544730565e-08
"TCGA.GC.A3BM.01A",3.26001034249242e-07,2.76984428185519e-07,5.46087984273276e-08,0.0896946811149851,0.00878016679554876,0.00253735612903892,0.00194448463158679,3.18453172156658e-06,9.85952060492657e-09,3.80665865024528e-05,0.896999611885935,1.78087090000118e-06
"TCGA.K4.A4AB.01B",8.84897967178108e-09,0.00285425530909236,6.82961266262278e-08,0.131369409906941,0.199519703582275,0.0194909508334629,0.0115701826797534,0.00013327974176146,9.77084682900425e-09,8.14952149444657e-05,0.634980529065394,1.06750421313998e-07
"TCGA.FD.A5C0.01A",0.000138117483706296,0.000204464359353596,9.23571381685648e-06,0.25277501433558,0.306280339532432,0.0114870225830492,0.00460811614125268,0.000274262959921644,2.78839198383333e-07,0.000125322657180545,0.424097439458656,3.85935852102466e-07
"TCGA.G2.A2EK.01A",0.00971982649978141,0.00918904729118842,0.000895660329742714,0.143712580207545,0.103351016029683,0.00735449135324362,0.000406419583618044,0.000340725020533564,1.54979746102602e-07,8.58451630494717e-05,0.332770685558192,0.392173547983677
"TCGA.CF.A1HR.01A",0.00077920413013618,0.000396619116902528,7.57900193327917e-07,0.396411109088633,0.0444638652487251,0.0130900963026795,0.00345942266751023,0.000259753405816753,0.000173101781892114,0.000394881164879807,0.540569162742149,2.02645048194244e-06
"TCGA.GC.A3RD.01A",1.5150655896314e-05,0.000909010588790294,2.73284899287053e-07,0.179587241995067,0.017259128958826,0.00876546885051939,0.0010133245385131,3.3156860466078e-05,3.88568204779842e-08,1.86015600087314e-05,0.615766878622181,0.176631725228012
"TCGA.E7.A5KE.01A",0.000635677255330205,0.00134219194641792,3.0214719188661e-07,0.145492287289951,0.00471642834559673,0.00201973400595795,1.25619175119695e-09,4.52379682644914e-05,2.6612385466896e-07,0.000679714357794257,0.69505406742997,0.150014091873479
"TCGA.ZF.A9R9.01A",0.00389628761470603,0.00530758115367897,6.51662160481852e-07,0.153471920959284,0.261982437177062,0.0382188383599767,0.00268642453923148,0.000195387102029585,1.11655852083914e-08,0.000143443108553163,0.465962836281699,0.0681341808760326
"TCGA.DK.A1AB.01A",1.25702641937171e-06,7.47450542641536e-07,1.89816866937028e-05,0.327550716132818,0.278164321404749,0.0803536748976953,0.0206636266050764,0.000513093971540306,1.33754045053235e-07,0.000785958286097765,0.2919469000047,5.88779623201457e-07
"TCGA.GU.A42R.01A",2.74443893795834e-07,7.08511699975248e-07,7.71548347708006e-07,0.241704685220889,0.00660032689964119,0.00339083061807713,0.000249884314831817,3.42257304500756e-05,1.62772105936801e-08,2.62649112651794e-07,0.748018013489346,2.9650007690493e-10
"TCGA.E7.A5KF.01A",3.18093408182393e-05,0.000854800144236167,0.000148878083760527,0.161772399000937,0.00379966733469389,0.000508861674221105,1.29794981929517e-08,9.96213832373877e-07,1.0757746200087e-07,5.43465890011618e-06,0.76872968469109,0.06414734830055
"TCGA.ZF.AA54.01A",0.000129398102250257,0.013216936538513,1.30886995126186e-07,3.81153715167025e-05,0.306860279957422,0.212266470393146,0.461432118831011,0.00017869772184673,2.07685421964626e-05,0.0058422760335664,7.23797125335079e-06,7.56965028236606e-06
"TCGA.CF.A3MF.01A",7.22132517780808e-06,0.0288170943917788,1.61428535538151e-07,0.0341442788535641,0.00866621084776915,0.00110964822855703,1.74306220319912e-08,1.95250941376208e-05,5.78264001620721e-06,1.09840320942595e-05,0.184956489978914,0.742262585748833
"TCGA.E7.A6ME.01A",0.0018664685354633,0.00177625744496987,0.0134274578248732,0.174002028567236,0.02565019843967,0.00646153477339272,0.00512656114297444,0.000240818036427819,8.86451929053386e-09,0.000505646076860153,0.652070652564697,0.118872367728916
"TCGA.DK.AA6M.01A",0.00252289714094742,0.0421703319664357,0.000205917163019885,3.46525552659397e-07,0.0887767309586235,0.0270569857561554,0.118250982385833,0.0020078176812615,8.33693573691319e-09,0.0035730725146344,3.22316146828955e-06,0.715431686409133
"TCGA.CF.A47W.01A",7.31339715159361e-05,0.00369828115348616,1.30682057056596e-07,0.155313576318352,0.0259683556984446,0.000418390481199439,3.1818027038208e-07,8.87016017040627e-06,5.68939967659432e-08,6.07514471019116e-05,0.598975238557791,0.215482896455614
"TCGA.XF.A9ST.01A",0.000933435425566523,0.000520874878523603,0.000566671076285328,0.125003012809706,0.0221817672731025,0.00282796182414383,1.23574496022595e-08,0.000184328306791108,6.93940001827319e-08,8.31953234589175e-06,0.58084937837908,0.266924168743006
"TCGA.FD.A3SN.01A",1.092968908099e-05,7.02800754151442e-08,1.70044965383021e-05,0.206840454098762,0.0963408126319781,0.0159673708471525,0.00578271327319931,0.000102716031528805,1.02118833957693e-07,0.000794640154132552,0.674143132976389,5.34023288995318e-08
"TCGA.FD.A3B6.01A",0.00353191111945771,0.037518410274528,0.0230443129474262,0.24396460508238,0.0429142212950359,0.0199285413380211,0.0670213276588042,4.83728747976971e-05,0.000298269084851565,0.00964077200883252,2.41797357473573e-05,0.552065076580118
"TCGA.ZF.A9R7.01A",0.0163568034254346,0.102479915066545,0.00259259542788577,7.26852919327429e-08,0.00914950256868022,0.00764466079392485,0.0279673123903288,0.000732942214126109,3.94179678697576e-08,0.0126433104697047,4.65844516834579e-06,0.820428187094941
"TCGA.BT.A3PK.01A",0.000124556084315097,0.00529766491544775,4.11472145657869e-05,0.209865172327972,0.0607851228627304,0.0163318617296087,0.00858759629876949,0.000182105563716003,3.17837432334457e-06,0.000368230011320452,0.698374572728388,3.87918888437171e-05
"TCGA.FD.A62P.01A",2.23082440677545e-05,0.00369289921066014,3.16042965451608e-06,0.144217938701629,0.0954701831512588,0.0221048872413229,0.011434606621452,0.000167828208953629,3.01793057885144e-07,0.00139226716400875,0.721493112820314,5.06413620620841e-07
"TCGA.LC.A66R.01A",0.017468631571046,0.0234590531931592,1.23518869233756e-05,0.297319333768629,0.210989756925742,0.00403623011291515,0.0205366984404657,0.00038125803467108,1.16502781076908e-06,0.00336497852506862,0.422428357615188,2.18489838053955e-06
"TCGA.DK.AA76.01A",0.000520553245473233,0.000479861219228799,0.000105962962858398,0.0940798536637549,3.32365134201240e-09,0.0214657623703225,1.42083849643105e-06,2.86639808426234e-05,2.63503985228154e-07,0.000316287422010649,0.450829046408709,0.432172321060667
"TCGA.DK.AA6T.01A",0.640434992857022,0.00974145630447381,0.0116681903652279,0.252465828974801,0.0555331261961473,0.0103773344590238,0.0170220115133394,1.50473488329827e-05,5.55900108867185e-06,0.00272707591742736,4.00475554407116e-07,8.97658706156037e-06
"TCGA.XF.AAMH.01A",2.71537111278744e-07,1.71692675079418e-08,6.409561405694e-06,0.320185666330497,0.0490698715467341,0.00739202554366672,0.00507168440712982,8.74055012967264e-05,6.09802082095951e-08,2.4831306230683e-08,0.618181243929585,5.31866179183258e-06
"TCGA.FD.A43U.01A",0.0123787248820498,0.013414355783063,2.26949432646958e-07,0.22665588771931,0.406689916268511,0.0406956834739943,0.07608444708706,0.000815369779681419,0.000347181145480261,0.00398581127924327,0.218931970012897,4.25619277487696e-07
"TCGA.GC.A6I3.01A",0.0170979432460751,0.0677871470926995,4.8530760825476e-08,0.000376766666311295,0.104727934691836,0.0213789913803835,0.0308695608431896,0.000326693642450901,6.94761952233206e-05,0.00474379500911897,0.176582015448959,0.576039627252992
"TCGA.GC.A6I1.01A",0.067845284862756,0.0446519311337907,0.0197634867707631,0.218309292235718,0.0623996185374146,0.00691248308711289,0.126087413058722,6.34792654009208e-05,2.62235684006539e-06,0.00784813554879572,0.446116226448077,2.66946092894807e-08
"TCGA.FD.A3B8.01A",6.37032982844213e-08,1.54301369854498e-05,4.50449843387701e-05,7.06598289594521e-07,0.740526858634802,0.0839197261709494,0.171856163558781,0.00350868714915314,3.29510955257316e-09,0.000116540021234175,1.0058371459168e-05,7.17375599647921e-07
"TCGA.XF.A8HD.01A",6.60929454714762e-07,0.0215136281162165,2.03488303650155e-05,0.279779528865228,0.0775318830756628,0.00815449516188017,0.0197849765987108,5.16767445065365e-05,1.47597390709576e-07,0.00447072095613081,0.588690256786008,1.67633844521156e-06
"TCGA.ZF.A9R2.01A",0.000123223725075458,0.00082872849729852,3.29085748519832e-06,0.270358571725937,0.00300232367910569,0.000787815309828561,1.10326097142083e-09,1.07963570709013e-06,8.21439974922492e-08,2.22013044249133e-08,0.724894771237782,8.98832173295665e-08
"TCGA.FD.A62S.01A",0.0126617023909705,0.00607429841132193,0.00169548133847591,0.0672666412987635,0.280576237467171,0.116387984077913,0.0414023270734302,0.00101118642705917,6.49132650244189e-06,0.000913919902641353,0.471987711738656,1.60185470943777e-05
"TCGA.BT.A0S7.01A",0.00317865891576366,0.00146635984227935,0.00315642990747901,0.168014079242909,0.0502337746106794,0.00858023943098167,0.00439565833642982,5.5270741416674e-05,4.84886364718992e-08,2.84449245026182e-05,0.464382458544012,0.29650857701491
"TCGA.CF.A8HY.01A",0.0002168630362925,0.00658958104743612,8.2094432308757e-06,0.149702353133755,0.0155150480380792,0.00586975834745108,0.000156049159334952,0.000101744859340349,3.04323198766234e-08,7.52947545726992e-08,0.52363238314367,0.298207904064335
"TCGA.FD.A3B4.01A",0.0346052282924882,0.0134152971303101,6.06253681923179e-05,0.485717462615743,0.334488247865861,0.0332056636528059,0.0273796677417339,0.00112867570698375,3.75503351843921e-09,0.00288904486087122,0.0671100554514304,2.75585460862393e-08
"TCGA.ZF.A9RF.01A",5.21817286164567e-07,0.0279973786701381,0.0324416926352029,0.270063204295612,0.00849146917938795,0.000920866712659546,0.0940823794911358,0.000129640924948259,1.15412387571656e-06,0.00981502940736815,0.556055430338185,1.23240419960702e-06
"TCGA.FD.A3SQ.01A",0.00969820877854395,1.94292639536583e-07,1.70062894839683e-06,0.00512675973465512,0.669340355026099,0.123513789644076,0.0241243411018656,0.000919881204199854,0.000117326103327688,5.12290805601107e-05,0.167093838865134,1.23755399506665e-05
"TCGA.4Z.AA7Q.01A",0.0103811742845725,0.025898757513443,0.000458953861447422,0.176704150121615,0.0371090507542491,0.00522420552213493,0.0161291160636467,6.85379465561487e-05,6.43218271809143e-09,0.00376112565558513,0.612935652441092,0.111329269403475
"TCGA.DK.AA6S.01A",8.35594479036424e-07,0.00345019936894538,0.00697286355613931,0.262438215665853,0.222354661939527,0.0602014900690866,0.0119176349193954,0.000215316389415905,8.34395285860369e-05,0.000807989890234172,0.431547846875381,9.50620295780275e-06
"TCGA.LT.A8JT.01A",0.00201032178578644,0.0102841718646112,8.42464017979914e-06,0.161485266559111,8.32401526963895e-09,0.0246349582369669,0.00235399549034448,6.21414240648526e-05,2.6276344114893e-08,0.000290513368907432,0.366157025373217,0.432713146656452
"TCGA.BT.A2LD.01A",0.00484899940246182,0.00841165792047241,1.62951627185994e-05,0.1147409469847,0.0913558700300854,0.00581049985675029,0.00856720239027376,6.97687353222612e-05,4.84805503923493e-08,0.000411203487463223,0.476461314308362,0.289306193240841
"TCGA.DK.A6B2.01A",0.00398796972993159,0.0166163036991749,1.60518793777375e-05,0.241601673243037,0.115568076152137,0.0418225594047528,0.0229320667068191,0.000658608737315829,4.89268054816903e-07,0.000897866103641702,0.555864756643892,3.35784318652346e-05
"TCGA.DK.A3IM.01A",3.77725747199937e-05,2.1880614679825e-08,2.72898005276175e-07,0.318560869904494,0.00255110752517733,0.000679990028984398,0.00186562979337831,1.76151996618881e-05,2.35411821708627e-05,3.82862686595325e-07,0.676262428621306,3.67528800899391e-07
"TCGA.GU.A766.01A",3.69746504337834e-07,0.00388503994397895,0.000421155858811727,0.178016234981601,0.120987874761475,5.00615525482032e-08,0.0435548661515817,0.000103332394500492,3.03541643857814e-05,0.00804378728517525,0.644956932578919,2.07151402389272e-09
"TCGA.LT.A5Z6.01A",0.00206915754338387,0.00733519756176777,0.00173622634199232,0.203540789300267,0.0068889269652685,0.00375631927574284,0.00270730979381754,7.90917763371426e-05,3.60111402364447e-09,0.000434744646956144,0.646595844611195,0.124856388582158
"TCGA.BL.A0C8.01B",0.000518809313385455,0.00062246669505588,0.000210362998800989,0.180795737362656,0.00916118336924026,0.0115680257400604,7.38702050371494e-06,6.56419229082279e-05,2.11969501988465e-07,1.95211008317205e-08,0.681757389102721,0.115292764984065
"TCGA.FT.A3EE.01A",0.000979228907945411,0.000632660765849512,0.00072240648448253,0.219885860325915,0.0108822205344821,0.00642808861888225,0.000386901603967729,8.94491091678374e-05,1.25231415182079e-08,2.91443484939717e-06,0.736401156506126,0.0235891001851905
"TCGA.G2.AA3C.01A",1.59868066122687e-06,0.00425723511198369,3.26002853624722e-06,3.8899583199939e-06,0.338285930511582,2.1014847246047e-07,0.649435746235768,0.000110291993424281,6.77410916262246e-07,0.00780973601198587,6.42530540031958e-07,9.07813778103135e-05
"TCGA.KQ.A41S.01A",2.51610865670728e-05,1.02958144014029e-07,4.84189746028375e-08,0.298658837154449,0.00124360957743487,0.0554500771812141,0.0122563811090637,0.000352090495399434,5.28968794568041e-08,0.000161722764251975,0.631849735208409,2.18114921337155e-06
"TCGA.DK.A3IU.01A",0.130736630730357,0.0585419172500392,0.00466669514249412,4.38676515886291e-06,0.644383612334956,0.0323379083472042,0.102838278800082,0.000763996083072688,3.96641034549349e-07,0.0257044811686174,2.07116033064332e-05,9.85133677021124e-07
"TCGA.BT.A0YX.01A",5.48810139214134e-05,0.000333888838558838,1.44645685935244e-08,0.321408281274205,0.00917947898617714,0.00680861176372544,0.0119600708392438,0.000401526955420778,2.83717758403921e-08,0.000905031838552467,0.648948173158466,1.24953847478435e-08
"TCGA.2F.A9KO.01A",0.0116469368104614,0.0299966207800233,0.0302180040947061,0.234620637047317,0.197102133485402,0.0260383755374783,0.0281430778046312,0.0001812732844474,0.00133606428616506,0.00374223960555547,3.91728828453971e-07,0.436974245534985
"TCGA.DK.AA6L.01A",5.65607547050198e-07,0.00744341814172545,7.0148950993022e-07,0.18723320295225,0.0240264898384627,0.00565742676235178,0.00905990355432528,0.000100135797332082,1.13835902774672e-08,0.000527225363926212,0.765950783608489,1.35500490104397e-07
"TCGA.XF.A9SP.01A",0.0144943362965811,0.0170894572099943,7.03379199345047e-07,0.000407610451629179,0.808341736150527,0.0854668226564388,0.0276726257965255,0.00153385256912542,0.000560719533521002,0.000798687381464516,0.0398208265200015,0.00381262205499223
"TCGA.E7.A4XJ.01A",0.000125447479270833,0.00314269768850115,1.62302049997132e-06,0.101589900629543,0.0187351625239911,0.00253240786371862,1.65826123648303e-09,9.07869907106043e-05,2.13178475277556e-08,1.25972000770897e-05,0.477141734583683,0.396627619043896
"TCGA.XF.A8HB.01A",0.000327515898218962,0.00162290802484315,0.000263646850778822,0.180326599011434,0.00418121342170898,0.00393917457631928,0.00189969116754053,4.01422154480656e-05,5.01162184630471e-09,2.48327821877676e-08,0.619571987122594,0.187827091866711
"TCGA.SY.A9G5.01A",0.0018744619492457,0.00697496954030783,0.0499619248490136,0.210399683276506,0.232681702210098,0.0679079666193413,0.0297959990009888,0.00081211516257083,3.42828482394487e-07,0.0022787637321086,0.397310918813528,1.1520178082117e-06
"TCGA.XF.AAMX.01A",0.00152522191603826,0.00910848856383009,4.59951508531317e-06,0.215315091349667,0.0461289610761043,0.031961019243231,0.00735593009677024,3.89066974096273e-05,2.36846266389592e-08,0.000162945686581286,0.219993027795235,0.468405784375422
"TCGA.ZF.AA58.01A",5.38691162863122e-07,0.00145338133830852,0.000336999430823682,2.23837224873678e-07,0.548426054911051,0.049936316232754,0.37277634031393,0.000146792241746626,7.11875766619687e-08,0.0269192374749819,1.39818446276722e-08,4.03035859572996e-06
"TCGA.XF.AAMG.01A",0.00050349257881585,0.00266342085212658,0.00134461954005932,0.22183049260618,0.0563617544252107,0.0159938241643174,0.004367181619924,2.18376173997056e-05,2.93189598974538e-07,3.48729531684495e-07,0.665680972287077,0.0312317623897591
"TCGA.DK.AA74.01A",4.07760546595837e-06,0.00446746209458262,0.000475445033480812,1.04207894407386e-06,0.524078583935763,0.140228806821555,0.323852372341826,0.00317271690237079,0.000975344830720563,0.00274359502727001,4.15445878586006e-07,1.37882143660501e-07
"TCGA.ZF.AA4T.01A",0.000987298888433042,0.00155311421233081,0.000235696846582307,0.0925291421182347,0.00588395345679927,0.00569474075624723,1.67188853135936e-10,5.28932173621731e-05,8.2096577272255e-09,0.000187084962574853,0.435429257683043,0.457446809481546
"TCGA.FD.A5BV.01A",0.000229923692771215,0.0039788838245764,1.39461926610034e-05,0.14074116448389,0.0163823143407741,0.01406868680287,7.0564275923194e-05,6.58426049549291e-05,1.23953477736664e-08,4.72378259891068e-08,0.577970906178684,0.246477707969721
"TCGA.YF.AA3L.01A",5.89883569159355e-07,0.000176809237501704,4.79684827441849e-07,0.213211306800313,0.0195208179221238,0.00491994177821362,0.00233460003114448,0.000128448662558089,1.04437367696313e-09,1.48997628134363e-07,0.759706589415869,2.6654187853462e-07
"TCGA.FJ.A871.01A",2.9304274103174e-07,1.80849477811486e-07,9.80746304207572e-08,0.477825811135738,0.172218608584188,3.42860794155932e-06,0.00832402544351952,3.63931740483522e-05,0.000569253263002341,2.96305739586892e-06,0.341016628426053,2.3163412650679e-06
"TCGA.FD.A6TF.01A",0.0024899255409701,1.55484572875335e-07,1.90175609041013e-07,0.000556315382310408,0.854275951169629,0.00598804938730377,0.0208486949933651,0.000589699676731143,1.79497909915161e-06,0.000372244806255642,0.114875760885253,1.21751890065374e-06
"TCGA.ZF.A9RN.01A",0.000460276856916238,1.16653483651099e-06,0.0570019434230546,0.172409136357358,0.0205293151392508,2.51272787596892e-05,0.00975954392180468,6.68093714709914e-05,4.81344629056302e-07,0.00202129161939804,0.289873828619613,0.447851079532908
"TCGA.GV.A3QF.01A",0.00095383678834561,0.00159924458714509,0.000135510752093988,0.0793099731360538,0.00674892278627539,0.00977915923802885,5.68531501961352e-08,5.58142446397867e-05,2.99341127766845e-08,5.35572532100187e-05,0.366168724381957,0.535195170044987
"TCGA.FD.A3N5.01A",4.13512457080198e-08,1.16347651967663e-05,3.0177271419643e-06,0.286484104918882,0.0755419626319904,4.71573043028143e-09,0.0030481713963038,3.4256437918316e-05,1.09593853926193e-08,0.000633674132567955,0.634242845986676,2.74976960965867e-07
"TCGA.XF.A8HG.01A",0.00022905264290196,0.000836861074049766,2.81156884480375e-05,0.0758626132374653,1.73468051981883e-08,0.00706374353292546,0.000656044192248312,1.80674949509028e-05,1.2238107438814e-08,2.4072476437813e-05,0.227389972101777,0.687891427973883
"TCGA.XF.A9SM.01A",0.00897131097581014,0.129431981069758,0.0676882993208819,1.6658316122483e-05,0.353623161758754,0.0535059716217891,0.23421319410688,0.000175722637460677,4.96680384720249e-07,0.0185234943167223,8.4549886479658e-07,0.133848863696572
"TCGA.XF.AAME.01A",0.000511348262431446,7.45953024354839e-05,0.000114606578727702,4.19064782569102e-05,0.764230921052305,0.160198000199727,0.0711608912211426,0.00239395098079919,1.55503355117229e-07,0.00122951744953531,4.20770101548543e-05,2.02996112895514e-06
"TCGA.GC.A3YS.01A",3.99621574580696e-07,4.74429300997862e-06,1.0496970960379e-05,0.35036565498872,0.175767363246639,0.0819196764257419,0.0294735814775795,0.000217393999913094,0.000120677170813589,0.000419821989484775,0.361693012619099,7.17719646400959e-06
"TCGA.HQ.A2OF.01A",1.45939905031523e-06,1.74041008792235e-07,2.72569798511815e-07,0.26386840128287,0.051189329727855,0.000519957193091234,4.14774130755318e-08,8.27919651602495e-06,1.4593994688729e-07,3.15227705815477e-07,0.684402930586776,8.69335796881416e-06
"TCGA.FD.A5BX.01A",1.24131179051848e-06,9.96064014988912e-06,3.88967625079422e-06,0.326818996836265,0.542669809787416,0.0462779616523526,0.0629322195465389,0.000949412782083941,2.13132156742291e-05,0.00186536267439225,0.0184441702828813,5.66159420459948e-06
"TCGA.CU.A3KJ.01A",4.34861128245484e-08,3.54385188468065e-06,1.06831752133334e-06,0.334909344408499,0.00048576232000049,0.00419205193194853,0.0193130426101734,8.59804998547304e-07,8.54484388981658e-08,9.01612820628502e-07,0.641093276100004,2.010759785768e-08
"TCGA.G2.A2ES.01A",1.02159828669297e-06,0.00409786802678354,0.00019830716090954,0.316070854897578,0.0474835026241015,0.0214680887803696,0.0140096849894225,9.19794597442893e-05,9.37788487170858e-07,0.000889609849952161,0.595687969099755,1.75724609746383e-07
"TCGA.FD.A6TI.01A",2.22212283527057e-06,0.000100794529195964,2.78738425528654e-06,0.325933442924172,0.0359518011879863,0.0143736346990437,0.00380605920146796,0.000243863518495122,6.18236093740076e-07,7.64029069189795e-05,0.619504389425989,3.98386354632481e-06
"TCGA.XF.A9SL.01A",2.62924080981207e-05,0.000244728831887411,0.000536125293780173,0.000818739147178143,0.947209940562222,0.031481097272589,0.015513339002191,0.00402723649904321,3.95152344049851e-06,5.8323185169614e-05,8.02252296167801e-05,1.04478402241092e-09
"TCGA.E5.A2PC.01A",1.95558791468976e-07,0.0081795927247508,2.33665460658586e-07,0.193768928237608,0.0177853182140691,0.00126811495631666,0.00211060244857407,1.85229829676888e-05,7.58346563451405e-07,0.000409445796023952,0.680751219646084,0.0957070674227901
"TCGA.FD.A3B7.01A",0.00485542773307961,0.0215243839712257,0.00414611391959998,0.119595862249902,0.133644367448929,0.0617456288653521,0.0635516908655416,0.000630442831904524,2.58622304731772e-06,0.00922899474843266,0.581070676598264,3.82454472167516e-06
"TCGA.BT.A3PJ.01A",2.61404538308534e-07,0.00180241271094241,1.47794570110373e-07,0.350432889122849,0.015277956272349,0.00738324963382884,0.0223527848612173,1.2692724697235e-06,0.000131375474146913,0.00084371853122098,0.601773838097406,9.68244612105695e-08
"TCGA.ZF.A9R1.01A",0.00540062702620006,0.00135963940627687,1.10138548477162e-05,0.253668889617989,0.253325944067576,2.22684434559936e-08,0.000366512040549014,0.000198872195025291,2.07313445394015e-06,4.5932159066406e-05,0.485619315898795,1.15833077772466e-06
"TCGA.ZF.AA5H.01A",0.00685776996154086,0.0230066393545828,1.85720825054845e-07,0.236988410954311,0.0398472863345214,0.0136631735496019,0.0195005214333127,8.21034222941177e-06,1.4750805969617e-08,0.0018941199614652,0.612500397181798,0.0457332704550054
"TCGA.BT.A2LA.01A",0.000328944682144691,0.000279832536669604,0.000505450585407349,0.135409605645549,0.0248003725767327,0.00242303201423829,0.000850332755521535,8.01001898665706e-06,5.30531010901623e-08,5.75207680050985e-07,0.446414597034968,0.388979193889002
"TCGA.XF.A9T4.01A",2.0410076209365e-05,8.1093512114198e-08,7.11518737667352e-05,0.175799661577889,0.0149120402844803,0.0174004027011111,0.00394315676400222,4.39985470130786e-05,2.30401163652499e-06,0.000468120104940925,0.787338651572152,2.13932865699968e-08
"TCGA.GV.A3JW.01A",0.000634146873796442,0.000507890061672176,0.00043556101834216,0.145045147518919,0.00701597919683566,0.0121516165627963,1.65774573362923e-08,5.41019201169066e-05,4.88237466334413e-08,0.000436957062438426,0.604163430428838,0.229555103955041
"TCGA.ZF.A9RM.01A",6.18031280240483e-05,0.00101320295992524,0.00021738389112011,0.150183808991081,0.000524068610617754,0.00501024047500084,4.23056240994031e-08,3.21097167026377e-05,3.84070326665682e-08,5.44391708002168e-05,0.726758841905349,0.116144020438723
"TCGA.KQ.A41P.01A",5.73722446262535e-05,0.006609904449971,3.14369016189609e-07,0.151011150057558,0.0883326788918146,0.0115806484116769,0.00741199105604362,0.00014429141319293,2.39450414712609e-07,0.000309428978305495,0.521620454682886,0.212921525994495
"TCGA.DK.A3IK.01A",0.00533097741738498,0.00330656123863842,7.26165554432218e-05,0.0967838413109948,0.0861200388871716,0.0167931972131764,0.000402104747369511,0.000182271871630228,9.43867490216368e-09,0.000267773674872793,0.355317735715861,0.435422871928782
"TCGA.CU.A0YN.01A",0.00319503615168422,0.00824428874580581,0.000102521929604427,0.350760886176225,0.000264686944918904,0.0310395265454531,0.00671643711721316,0.000174215555775097,1.41191628293711e-08,0.000550916737895571,0.598951448384506,2.1591756136028e-08
