"","cellFractions.B.Cells","cellFractions.CD4.T","cellFractions.CD8.T","cellFractions.DC","cellFractions.Endothelial.Cells","cellFractions.Fibroblasts","cellFractions.Macrophages","cellFractions.Mast.Cells","cellFractions.Monocytes","cellFractions.NK","cellFractions.Neutrophils","cellFractions.otherCells"
"TCGA.C8.A278.01A",0.0504798301621814,0.0325799771608205,8.22433805832617e-05,0.714402635838883,3.88055057198273e-05,0.154428158051762,0.0446195697009838,0.00101145333327182,2.84839100284625e-05,0.00214977256174711,0.000157964364065139,2.11060299545351e-05
"TCGA.A7.A425.01A",0.00311695633234228,0.00142557452460635,0.0174096867651007,7.59374517253218e-05,0.328525967181564,0.0445961943966891,0.0431414197558467,0.00134826414655134,7.58172312059128e-05,7.18350608745465e-05,0.00086389434295757,0.559348452810537
"TCGA.E2.A15H.01A",0.000143621522164204,6.64845954758158e-06,8.50020550727485e-07,0.117005340497725,0.0814712466090862,0.0220934699091587,0.00389518547462464,0.000149320791589781,5.73789700679304e-06,2.09507801641015e-05,0.775183349300175,2.4278738207574e-05
"TCGA.A8.A06N.01A",0.000152946362436076,0.00287672879143259,0.000120950441504293,0.162055357740309,0.0228134196075321,1.9409438173633e-08,0.00515636537599918,1.33583455919678e-05,3.16542514314315e-09,0.000113724240823378,0.480361454899912,0.326335671619597
"TCGA.E2.A570.01A",0.000138101670416728,0.00273674637021,3.45443705608518e-07,0.166768670228846,0.105373714818347,0.123989007518731,0.00347847327773147,0.00115205713522298,1.52373874330544e-07,0.000119889993018796,0.596218651612673,2.4189557222357e-05
"TCGA.BH.A1FL.01A",0.0055667595731983,0.00890065537978959,0.00154434752731204,0.246594284634938,0.0577467435040486,0.0341956927203503,0.00445391318598587,0.00189260213269955,5.47732254487847e-07,0.000416168552679528,0.529429560981219,0.109258724075525
"TCGA.E2.A56Z.01A",0.00072676322986821,0.0097408947095448,9.43896816773748e-06,0.179176996057518,0.0570329956945988,0.0187655162591017,0.00493928123428687,0.000153001161537671,3.75684899208142e-07,0.000430442491510402,0.459493080876009,0.269531213632958
"TCGA.E9.A1RI.01A",3.42713744531377e-06,0.000220909454328913,2.52293201782042e-06,0.148516208871457,0.0715396458445577,0.163787448731876,0.00953877080755088,0.000574635499743658,7.88783730530062e-06,0.000163619667162772,0.605644318957329,6.04259225591931e-07
"TCGA.BH.A0DP.01A",0.00183949628362091,0.0127323322457119,1.60493857850134e-05,0.169601082731081,0.103283290464609,0.0684679264820216,0.011090169305206,0.000755731783794581,1.03616440698907e-07,0.000947447471811736,0.63125905587903,7.3143508875978e-06
"TCGA.AR.A0U3.01A",2.6396792784744e-07,0.00635066109681582,1.45782354176931e-06,0.369424309149675,0.0240142530396048,0.0127154292348398,0.0038071147335253,9.97788835291512e-05,8.61222789024577e-07,0.000135177463808894,0.583448375589661,2.31779428104816e-06
"TCGA.BH.A18L.01A",0.00083125318551115,0.00177193921018137,0.00471826166691444,0.172757398029979,0.0268978120003234,0.00451002514600609,0.00868218608979157,0.00033159726269904,3.13126441910356e-08,7.46786598067086e-06,0.246749959563565,0.532742068666404
"TCGA.A7.A3J1.01A",0.036278021122704,0.0303029041859503,0.0728757732453944,0.18034931208474,0.064787786480785,0.0814650388365137,0.0396098059025928,0.00215196791858023,1.09370129098439e-05,6.8690024746848e-08,2.15956920043731e-05,0.492146788827801
"TCGA.AC.A6IW.01A",0.0266004761126708,1.79368186110495e-05,0.235479797900287,1.29386284220779e-07,0.0509869699351529,0.00492316360368751,0.421248581183377,1.48318586274883e-06,2.22327076163545e-07,0.00308542603244344,0.000719263781061031,0.256936549733487
"TCGA.AC.A3YI.01A",0.000154652879044831,0.000108535936901139,2.32270935740502e-06,0.236119821604913,0.389031073621899,0.071888560300873,0.0130932411022791,0.00179103285171949,1.31208377464746e-06,0.000767545150469299,0.287041874371822,2.73869464673031e-08
"TCGA.D8.A1XG.01A",1.80108632664248e-07,5.45425328585598e-06,2.17967932520938e-06,0.124699346940543,0.280361721956324,0.00563899324623214,0.00903185660696469,7.39914172835421e-05,1.4332205007535e-07,5.84262103763527e-08,0.580185651597652,4.22445496432219e-07
"TCGA.A8.A082.01A",9.74452810486067e-07,2.24365708710019e-05,1.877488300957e-07,0.42848778739826,0.0265278889601241,0.0279201986738842,0.013404092895028,6.34471890529493e-05,4.91232563720064e-06,1.0066016711838e-06,0.50356472408809,2.34309574042322e-06
"TCGA.OL.A5RU.01A",0.0990670144943425,0.0227410623052224,0.0817200260687643,0.410700751409732,0.191734785322319,0.0461795424538587,0.026651501397857,0.001220678616464,0.000256327663369713,7.48992300881189e-05,4.22437365567954e-06,0.119649186664327
"TCGA.BH.A0HA.01A",0.00278222804525101,0.0311669251743746,6.72056675722908e-05,0.363876527936082,0.158505947015277,0.150595649071955,0.017716005497689,0.00125100540516875,6.54709627131083e-06,0.0013603832998948,0.27267001985027,1.55594019503422e-06
"TCGA.A2.A3XS.01A",0.00987115778150225,0.0117001751166867,0.0117948576258626,0.312862421061345,0.114200083874694,0.0172542193040429,0.00919362450171417,6.61778996775128e-05,2.67860316670218e-07,3.74191231585736e-06,0.512528291770325,0.000524981291517639
"TCGA.A2.A0ES.01A",0.000419189077094612,0.0140448077958452,0.000405612378922264,0.199212730982579,0.318304905441449,0.0445483217417275,0.0154306150004903,0.000667347201714958,2.94789457422155e-06,0.000472862192648897,0.406472155534645,1.85047583100106e-05
"TCGA.B6.A0RN.01A",0.00575694936913904,3.3161992056996e-06,9.48414515249564e-06,0.190886502324391,0.153629935447778,0.0978872857101962,0.0029364297964833,0.000799327315772451,7.51571960013528e-06,0.000368545464411298,0.547712867768749,1.84073912150906e-06
"TCGA.BH.A2L8.01A",0.0275434317593799,2.27618805678501e-06,0.189998254544664,0.37165054952232,0.241298228667694,0.10964502226143,0.0567982246601615,0.00250758330462246,9.48641623365282e-06,0.000437162057533522,0.000108975567251541,8.05050652790146e-07
"TCGA.E2.A108.01A",0.0256364828988855,0.138934630504809,0.0519090613493169,0.138988971813317,0.325611377224522,0.196347334156308,0.105008150669854,0.00413854514333928,8.31230948526894e-06,0.0121172304353785,0.00128560544250281,1.4298052281326e-05
"TCGA.AN.A046.01A",0.000613594918344119,0.0159104686871611,0.0195274668856371,0.245783382290009,0.0240106382725258,0.0368604222507861,0.0147961830858041,4.06279730717009e-05,2.83172591647888e-08,0.000668150943653539,0.641787531376966,1.50499878224491e-06
"TCGA.E2.A576.01A",0.00258914393360593,0.0214786312554141,1.09327925279839e-07,0.0557326884272977,0.104978840048629,0.0117256907034632,0.00765799601516601,0.00414682648238548,7.1711303897239e-08,0.000513318616698382,0.51806885879272,0.273107824685391
"TCGA.A2.A3XX.01A",0.0231862433844948,0.00491478580265939,0.0030566397458779,0.208395863018782,0.410193903809808,0.00594654019930056,0.0162040216524189,8.48378922617548e-05,8.73303919576224e-08,0.0005064785972046,0.327508273095812,2.32547098768301e-06
"TCGA.C8.A137.01A",6.37070915979885e-07,2.75919280119814e-05,8.77889562825552e-06,0.257265636192288,0.0559466777192373,0.0275880240229497,0.000942336582316378,9.17132999670627e-05,1.00433388785226e-06,2.80692676908642e-09,0.658123476969284,4.1201785876242e-06
"TCGA.A7.A4SC.01A",0.00361548001380476,0.00890219593512403,0.00949633075397433,0.328937580506365,0.0763580664310692,0.0390145585130491,0.00708100251870801,0.000519980319062587,8.35498743191413e-06,0.000284369499277646,0.495358537344139,0.030423543177995
"TCGA.E2.A15M.01A",0.000711237020327701,0.0564348215513661,0.0114616912563471,0.13725552578516,1.68630838864406e-06,0.109712703468809,0.0211278526211562,0.000198717733278819,0.00032506482579088,0.000746162058411393,0.662024062373748,4.74997216066382e-07
"TCGA.A8.A08I.01A",0.0167103992190733,0.0417179863546062,0.0965807638955316,0.668567595149737,0.0118108435986464,0.0245628324115087,0.13079182025953,0.000603253208570744,0.000106780607801845,0.00854308430397845,2.83416425147586e-06,1.80682676504023e-06
"TCGA.AC.A2FF.01A",0.0229395447937626,0.0225269108487715,0.0124770004740778,0.171211445466315,0.0572636320957418,0.137404323089378,0.0145363827338598,0.000878093154261161,4.11625680442389e-07,0.000778931385005732,0.559913438173702,6.98861594442504e-05
"TCGA.E2.A1L6.01A",0.00267179331687403,0.00115548869006128,0.00286497181179629,0.455221127277593,0.152916019452817,0.0377637014997103,0.0059321571034784,0.00020890778287735,3.34289306663352e-06,0.000269974412753266,0.340990223098059,2.29266091356602e-06
"TCGA.A7.A13E.01B",0.00313289468440215,0.0116766878483336,0.0073491838373774,0.320663935508898,1.24493268241949e-08,0.0561332145870388,0.000209770865553499,1.91170911252214e-07,3.26804046260494e-06,8.13098147231235e-09,0.600822751831707,8.08104500697318e-06
"TCGA.AR.A24S.01A",1.1503563576298e-05,0.00577684775096657,0.00028915341866366,0.747023455030239,0.0537106670417495,0.136739354960479,0.0480669395625661,0.000439359716481825,0.000500579536077017,0.000648917542059649,0.00679314310568396,7.87714580295635e-08
"TCGA.E2.A155.01A",0.00060644644089733,7.81183789590862e-07,6.92139650166047e-06,0.485753409989453,0.0249603110308354,0.00962003879241345,0.00190372604287203,0.000249737617298233,1.22418196094612e-06,1.169141502988e-05,0.476885561281868,1.5062708048869e-07
"TCGA.C8.A12M.01A",0.00544226152511556,0.0116501820439367,0.00318049065937507,0.176468867977789,0.0306643874688225,0.0100561213729462,0.00496894463247215,0.000798657515430593,1.59528626323115e-09,0.00101404795764567,0.366652221655516,0.389103815595665
"TCGA.E2.A14W.01A",0.000409148054793759,0.000809445260313923,0.000123351819736708,0.180577347139839,0.0197506063025065,0.0217665599001667,0.000805975569263437,7.46032733075622e-05,4.99367285646298e-09,2.75398617814783e-05,0.614354947456187,0.161300470368432
"TCGA.B6.A0RQ.01A",1.49570271709391e-07,0.000147967213578531,4.40628408846896e-07,0.251805253897565,0.4840594904911,1.14835387858063e-08,0.00703048376648839,0.000577840783814759,3.68708756161041e-08,0.000225550581057107,0.256150691363944,2.08334935704857e-06
"TCGA.EW.A1IW.01A",0.00045761142826594,0.0111412564541449,0.0017435727316328,0.37742710211498,0.205452662777576,0.0584352475520762,0.0121430298731274,0.000305954538059953,4.41737707343094e-05,0.000852038830678978,0.331997345562903,4.36582025321739e-09
"TCGA.A1.A0SM.01A",1.62579588818349e-06,1.15158396815987e-05,1.17533457917393e-06,0.370205860791045,0.0260790831635531,0.109683125167967,0.0104109361171373,0.000347362903849229,1.36626793561805e-06,2.69311511290685e-09,0.483253183241944,4.7626833046011e-06
"TCGA.E9.A1R6.01A",9.97299878590778e-06,7.26236133111469e-05,5.96595952569326e-06,0.306728702714924,0.0952700175003533,0.0328175207201535,0.0112461744843628,0.000393668707871226,2.50248603987917e-05,7.07954466074104e-05,0.553358187581923,1.34541178359678e-06
"TCGA.A2.A0CQ.01A",4.2859991780045e-05,0.0107044744680807,8.0042316214123e-07,0.239898977130608,0.0490916476180777,0.0155445467697064,0.01519084053323,0.000398611199210847,1.53316145441816e-06,0.000157415272139995,0.205950354411502,0.463017939021048
"TCGA.OL.A5D7.01A",0.0391276820024069,0.0362137256642087,0.0780679957637389,0.0177148273936092,0.0401332311219867,0.00740405942052847,0.0441421742115206,5.82479229661994e-05,0.000391519208100974,0.00324248664320933,6.06682346699451e-06,0.733497983824257
"TCGA.D8.A143.01A",0.0161763147842462,0.00936034370415169,0.00333434923344773,0.279877869117486,0.0176064612892175,0.0143648524460747,0.00579933290496303,6.40544905573838e-05,1.61566956588652e-09,0.000630135003396086,0.65278628166893,3.74186059972677e-09
"TCGA.C8.A138.01A",0.0182472778466053,0.00861106570752708,0.0899122119743631,0.385971371987433,0.206314142936243,0.0731401362583292,0.0211016626649214,0.00159856104787612,2.21658712376488e-05,0.000733374477219594,0.000112755252628206,0.194235273975616
"TCGA.E2.A14Q.01A",0.000926812498487928,0.00974876706309193,1.92404582081127e-06,0.221468266700705,0.112438376535927,0.0247234918106316,0.00282908483047739,0.000310157864530016,1.04227935803201e-08,0.000485511680638853,0.627066171446147,1.42510074872099e-06
"TCGA.A2.A0YL.01A",0.000259976801979656,0.0101607783537823,0.00732683775994562,0.343332428005189,0.159019060466662,0.0606084519254245,0.00963716950249493,0.000703130527060454,2.76287802434262e-05,0.000730649756002374,0.408120412230967,7.34758902486621e-05
"TCGA.PL.A8LY.01A",0.00396452737132503,0.0147582782746076,0.00838043134657903,0.00135088497673154,0.945042092029843,1.73103947974025e-07,0.0217831178214662,5.85378551021228e-07,0.000477286309670341,0.00139369705238106,0.00284514349634106,3.78283855661833e-06
"TCGA.GM.A2DK.01A",0.00169696280926498,0.00735982547115795,4.12104195919497e-05,0.209483018093699,0.0890235042895143,0.0168379013264955,0.0135821601775183,0.000325971052764031,2.15961984169877e-07,0.000759812342333648,0.660889148702685,2.69352990664517e-07
"TCGA.B6.A0RO.01A",0.000634120707895396,0.00458475678242973,3.9296367299666e-05,0.181693482037342,0.0722353984651334,0.0159942300185305,0.00339075204150344,4.95999173593008e-05,3.76776578789492e-08,0.000118368032312734,0.462868474280386,0.25839148367215
"TCGA.D8.A142.01A",2.59535794490479e-06,8.53757485845166e-07,4.34649793797221e-07,2.65646409396682e-06,0.904145186440217,0.0624649566848282,0.0314992909866157,0.000838917436445782,2.38922303593386e-06,2.42217237584152e-06,0.00104029046482175,6.3623416732933e-09
"TCGA.C8.A8HP.01A",0.0738348866501818,0.0539186686607192,0.00143847242250045,0.116740125204425,0.227354555100821,0.0310988732294406,0.0530010070329861,0.000477396888411204,0.000103682717729748,0.00576612628767529,1.72986718361025e-07,0.436266032818391
"TCGA.E9.A24A.01A",1.92982675694423e-06,2.44145478022412e-06,1.26722545341373e-06,0.345370772741388,0.00131512201489029,0.105733861347731,0.0203107813045902,7.54593960655113e-05,8.55466029930639e-07,0.000260804147802585,0.526926458836393,2.46238118583273e-07
"TCGA.AO.A0JE.01A",0.00610809171925582,0.0251417548192392,0.00903520309716888,0.291667196298304,0.109577918305659,0.141079124532202,0.0221195014143063,0.00034427139286356,0.000917345008071238,0.00205380258211656,0.391815850425573,0.00013994040524069
"TCGA.AR.A1AU.01A",1.03629985760637e-05,0.000159270376145827,0.00013575312481018,0.261998475418678,0.137197389828661,0.0328821705702757,0.00920810255927762,0.000615587094159619,2.08166503716257e-06,0.000156399658723123,0.55760671917206,2.76875335955168e-05
"TCGA.E9.A1QZ.01A",0.0347611026937297,0.0574922055470761,0.037369913753167,0.604323602926996,0.166802885164776,0.0638477611859457,0.0195440082835381,0.00159115218462275,1.45759075876847e-07,0.000886824251556079,0.0133724021156099,7.99613390613813e-06
"TCGA.AR.A1AQ.01A",0.0685424454322749,0.0551468653274083,0.00185220152527994,0.347566031672694,0.139440836046117,0.0349823122163718,0.0445899982260494,2.83069256916869e-05,0.00114961856080146,0.00518946015561888,0.30151120797644,7.15935253123156e-07
"TCGA.A2.A25A.01A",0.000102738165631069,0.0114558503919038,0.0246107979925325,0.505664730433503,0.310783297520168,0.123722049743676,0.0181844582274937,0.00246321196026447,5.62105109955211e-05,0.000354589267453176,0.00258952347641869,1.25423099613299e-05
"TCGA.E2.A10E.01A",0.000119561434006734,0.00430103249440112,0.00419284249002971,0.246332403249016,0.0528389344751035,0.0272153028629917,0.00303782344348235,6.18296913098138e-05,9.86039530813911e-07,0.000253655268976947,0.661643708124249,1.9204269022312e-06
"TCGA.C8.A3M7.01A",0.00982475086206993,0.0115184737961707,0.00424946715017418,0.108549619536418,0.329882983353092,0.0326477063362765,0.0065325209646901,0.00079307042579424,9.18599287798468e-08,0.000606754554504818,0.38141996750371,0.113974593657171
"TCGA.AQ.A1H3.01A",0.00024444603108408,0.00859346469717484,5.19997381754861e-06,0.269791986793713,0.0582052454325892,0.0664317463292081,0.00450841200774652,0.000251855960324976,3.08258724078517e-08,0.000605446893817919,0.591361312580927,8.52473724084525e-07
"TCGA.E9.A247.01A",1.51933444088174e-07,3.89536522589719e-05,2.50030932010117e-07,0.143667157982658,0.0645488934565886,0.0105229150471635,0.00240679647422809,0.000259028487979555,2.10019976655106e-08,2.70419967791272e-06,0.778552861033661,2.66699410650927e-07
"TCGA.AN.A0FF.01A",0.005411065581046,0.00634664465847568,0.00441551079033507,0.251807783094061,0.0415644430306544,0.0283422240354015,0.0139015178096479,0.000600983385958401,1.49280902051412e-08,0.000308958239193993,0.647295562695281,5.29175185499605e-06
"TCGA.A2.A0YH.01A",0.0229814980181265,0.0234950305865142,0.0332175071574552,0.314863297459775,0.032946673101991,0.154665316913942,0.0669070075379149,0.00129838256245299,0.000154456456626024,0.000394362014172012,1.29840113745739e-05,0.349063484179656
"TCGA.E9.A1RH.01A",0.00344055903113074,0.0129411127724534,9.27445487270155e-05,0.275754802735816,0.00127175418421558,0.0375597007949198,0.0012362459930563,0.000148916630178705,0.00470487592429469,6.7870185610845e-05,0.662734309364856,4.71078347401229e-05
"TCGA.AR.A2LE.01A",0.00086285548883215,0.0104105881099192,2.51506081525588e-06,0.19469260254349,0.0168655434514239,0.0181100297221407,0.00260910681308159,9.90589031528602e-05,1.67073055356468e-08,0.000357941536820904,0.47115004976659,0.284839691896428
"TCGA.E9.A1N3.01A",8.76461975849022e-05,3.25910967997091e-07,0.00139476029685318,0.391992466525549,0.0192070809249437,0.0110975657688839,0.0030311962348549,0.000162054525696668,2.31807196535069e-05,1.4731245367098e-07,0.573002224291288,1.35129127045729e-06
"TCGA.MS.A51U.01A",0.0906549122660662,0.0194734387088928,0.100076391430882,0.215696287151369,0.0979184696659873,0.0815036118614087,0.0176474811478601,0.000408591098731819,0.000851003426366699,0.000681027221059632,0.373983569456555,0.00110521656482037
"TCGA.A8.A07F.01A",1.45176243299709e-07,0.00203952663339185,4.68746660307968e-06,0.272269939870078,0.0489619600128769,0.0404987199599588,0.0082412261209536,0.000632353955533299,4.82914099699483e-07,0.000387516079278648,0.626963049517021,3.92293962293774e-07
"TCGA.A8.A08A.01A",0.000348559552038214,0.0223526396088386,1.67834673793066e-06,0.496546373792856,0.0593864996218158,0.0641948605045517,0.0337750067345026,0.000919544509027833,4.11319637166531e-05,0.000118584609923582,7.83004297208602e-05,0.322236820326271
"TCGA.D8.A1JE.01A",0.000156510058143769,0.00436109335576064,0.00486625408319809,0.451070216966675,2.35166293358986e-07,0.32208117149977,0.0215037120362253,0.000221621957495069,2.54138795828716e-06,0.000456360290166432,0.195211783592439,6.84996058745802e-05
"TCGA.LL.A6FR.01A",1.81396655076317e-06,1.67433829532414e-06,4.04290652266287e-07,0.0623713676198274,0.611411248194443,0.0481479164448828,0.0150790252247739,0.000118221205668856,4.87872339645595e-05,1.99166800687115e-07,0.26281791843375,1.42388038996403e-06
"TCGA.E9.A22D.01A",0.0269429332613005,0.000321839789274517,0.407691820950151,2.54458588364002e-05,0.00809376407803457,0.0708674837047769,0.0846415128664279,0.00107601888948941,2.42656672194964e-06,0.00793793621955792,2.72666872122547e-07,0.392398545148556
"TCGA.A2.A0SX.01A",0.0438949133291446,0.0572024634234086,1.55863370507934e-05,0.613368432654965,0.011701463549181,0.103053802061791,0.0234049959607812,0.00010810616543441,5.52482535411961e-06,0.00460936592461963,0.142622601541258,1.27442270112065e-05
"TCGA.EW.A1PH.01A",0.0026625135009221,0.00181054154179339,0.000116919775848801,0.326358517746688,0.0363021606829614,0.0153983717975531,0.00203063467188826,1.23877538279462e-06,1.44247618278005e-07,0.000349048322744521,0.614969891010957,1.79256427716856e-08
"TCGA.AN.A0FK.01A",0.00264294084461433,0.00107737611040377,9.79990181292251e-08,0.258079019289374,0.0449505186465092,0.0201527166598278,0.00759512760931615,0.000155024623914053,5.43187521640566e-08,0.000235013130709521,0.665111512340424,5.98427136999241e-07
"TCGA.A2.A0CX.01A",9.9287883125831e-06,0.0042733719641981,2.12843682121999e-06,0.28431414307301,0.153228320251332,0.07331586568014,0.0170811011050242,0.000386678784493086,0.000435873191381073,0.000522588028278977,0.466421582252038,8.41844497151042e-06
"TCGA.E2.A158.01A",0.000920441416799532,0.00177462012528672,0.00106166289817759,0.15520198541865,0.106025148137547,0.001067001334424,0.00160053648806796,9.71950545690073e-06,6.9878207163014e-08,3.38408045613125e-05,0.431113403892225,0.301191570100597
"TCGA.D8.A1X6.01A",0.000416782885295604,0.0103318838038392,0.00158120092270628,0.0336535429346107,0.0144119086136232,0.0304445711038044,0.0381355404329508,9.78459105569781e-05,3.06844318109e-07,5.7676566291225e-05,5.93051666495833e-06,0.870862809465339
"TCGA.EW.A1P7.01A",0.231250102417562,0.0774008619426556,0.0707886079232365,0.117256995796889,0.398430268320125,0.0691351928854798,0.0291982397026951,0.000488790694946065,8.20183888897105e-06,0.00453508742549368,0.0015048277727612,2.82327926718197e-06
"TCGA.B6.A0IG.01A",0.00474414788597906,0.00347937344350314,0.00371289564932434,0.208944134634174,0.0988635874146603,0.015329161975997,0.00118919864007839,0.000698824499644762,1.16639158644735e-08,5.27548192614406e-05,0.625418840769413,0.0375670686040489
"TCGA.A7.A4SA.01A",0.00666026629030565,0.0175260899469249,0.0465829468755506,0.40234430949079,0.0831959095905867,0.0424765891999633,0.0103776186751063,0.000450322629280682,0.00020093510295295,6.72096573809312e-08,0.319673801911943,0.0705111430769393
"TCGA.D8.A1JP.01A",0.000664662610702021,0.00867202999038443,0.00630612289757052,0.412871153768856,0.189217839862844,0.207592837685129,0.025047259241466,5.31055211553168e-05,0.0019604562050506,0.000504678875956351,0.147106326673272,3.52666761299051e-06
"TCGA.C8.A1HN.01A",0.000146778402171549,0.000956087344697877,0.00181285243839348,0.338561037932321,0.0428382018737593,0.0296185067521471,0.00585589736853003,0.000146613911746212,4.74636674667229e-08,1.76138411809425e-05,0.580046304276389,5.83949967548833e-08
"TCGA.D8.A1XK.01A",1.11854445049741e-06,6.80283160482802e-06,0.000911579853314615,0.278908609550321,0.00236231916122462,0.00773467884215855,0.0143176697090237,7.99392482721276e-06,1.71192690038293e-06,0.00101068697019783,0.694736827595952,1.09002460736899e-09
"TCGA.E9.A22A.01A",3.83661937526383e-05,0.018624250643293,0.0350168815010655,0.225460303002114,0.315259229402357,0.301918610583262,0.0350421321424438,0.00168948964344004,0.00909096503803332,0.00114682331799548,0.0566245740977592,8.83744344834625e-05
"TCGA.AO.A12H.01A",5.58831291147583e-05,0.00289672302254982,8.34586394893524e-08,0.171889577865421,0.0284857089123662,0.0096212762719256,0.00889920108712994,0.000202673412781521,3.38294965158793e-07,9.00810487927607e-06,0.599294462085584,0.178645064354644
"TCGA.D8.A1Y2.01A",1.80333095980668e-06,0.000381559436852805,0.000449924500479728,0.29701086095244,0.131951464948043,0.218193577694939,0.0656773384523806,0.000332269954232909,0.014813644448825,0.00154355800565093,0.269641721141379,2.2771338166416e-06
"TCGA.D8.A1XW.01A",2.01083594438538e-06,0.000856468937630812,7.46670471309368e-07,0.0418993422442989,0.879847472662422,0.00889238357573651,0.0607301973702157,1.21320408451167e-06,0.00530070731950067,0.000368378703500298,0.00209823008164455,2.84839455044275e-06
"TCGA.OL.A5RZ.01A",0.00113816859696599,0.00234442574495663,0.000425641334862241,0.202426968159489,0.044667667356821,0.0050257275971027,0.00426055175412761,1.53151415218409e-05,2.37703560178871e-07,8.51696589239713e-05,0.475952207270004,0.263657919681665
"TCGA.BH.A42V.01A",0.0090636411432264,0.0367126922048374,5.89376012696094e-07,0.43041673417569,0.343897477050613,0.0552940476599844,0.0163208869020068,0.00219893729174207,0.000574471316603798,0.00126589182622701,0.104246208636003,8.42241705282891e-06
"TCGA.BH.A0B7.01A",0.0107424721884549,0.0248869553693278,3.04870859170649e-05,0.152380610324739,0.0263401618849352,0.0445009440647915,0.00867356498804285,0.000276519669741052,7.39908608250426e-09,0.00126550347262224,0.730902695529235,7.80231079179308e-08
"TCGA.C8.A1HO.01A",0.00195240915877273,0.00286728660088189,0.00180984104579311,0.256914002561507,0.0192250281321037,0.0232093820660277,0.00319981806911098,8.36129253967542e-05,1.62285164638343e-08,4.79085373761023e-05,0.656513946420056,0.0341767482544579
"TCGA.A8.A09A.01A",5.0348334520404e-07,0.00215023795303129,0.00305777576523791,0.260536455445469,0.118700215598396,0.0436372720291978,0.00990748326182095,0.000436771553804868,1.69320314291253e-07,0.000332603328855438,0.561240001101898,5.11158629062198e-07
"TCGA.AO.A129.01A",0.0204577922489092,0.0217985695810019,3.16897223600967e-07,0.069655468031057,0.122890435034981,0.0103695857427651,0.0129230916462469,4.37634137736924e-05,2.51309288209983e-09,0.00186533399298243,0.739994348671595,1.29222637143298e-06
"TCGA.AO.A03O.01A",0.0085882783110007,0.020064214263193,0.0366902162448959,0.242294968751445,0.018130917180899,0.0433878173890384,0.0275906264709387,3.40441248824869e-05,9.00955709799337e-05,5.40626563946581e-05,3.23146941145682e-07,0.603074435889392
"TCGA.E2.A10A.01A",3.524079577875e-06,6.5185065975198e-07,1.57217038550453e-06,0.437827413910885,0.0915898260514212,0.0483176482155683,0.00813881337427827,3.78015961201452e-05,3.11238519723563e-08,0.000131269191733955,0.413948148627366,3.2998081524461e-06
"TCGA.A8.A09E.01A",3.1202328487578e-05,0.000476983640711424,0.00068961764523428,0.160887293903597,0.0157857922345321,0.0160523447730372,0.00308589779246287,4.72502750504216e-05,6.44962338601099e-09,4.02875747372708e-07,0.802936394278798,6.8138027185524e-06
"TCGA.AC.A3YJ.01A",0.000604837553162429,0.0149398258788859,1.33268967275218e-06,0.0893334922290691,0.0577112329698724,0.0136757750077177,0.0459009651305775,0.000151646954343457,9.17761792148393e-07,0.000813779669126557,1.18885541251171e-05,0.776854305601655
"TCGA.EW.A1IX.01A",0.000434391734098347,0.00709833936852578,2.69655479024763e-07,0.354477238138944,0.111810227017746,0.141155360556113,0.00946944954829581,0.000755216458314793,1.38518907563181e-06,0.00020489653374956,0.374592892231625,3.33568031739771e-07
"TCGA.A8.A09N.01A",0.000646649554906876,0.00822170812005021,0.000124605596916391,0.272868641433259,0.0216474454715867,0.037440620710038,0.00592678809392946,0.000470556421555504,4.18088708836937e-08,0.000832813570318776,0.651820104446053,2.47725152500762e-08
"TCGA.AO.A0J6.01A",0.000720632586903165,0.000121342659375945,0.0462463661138708,0.213500987037548,0.00836290303379485,0.00794426883727765,0.0152861710101595,3.96220796826846e-06,2.13118894643013e-08,0.00189069871626076,0.428395170267628,0.277527476217324
"TCGA.AN.A0FJ.01A",0.00019693669029278,0.000153696931454308,0.0068107741184911,0.201866315543124,0.0805983352359141,0.0179427250017958,0.00487299137406553,1.89317629298145e-05,1.4223081808507e-07,0.000223129893866252,0.687310401230563,5.61998668542023e-06
"TCGA.BH.A1ES.01A",1.18549808391086e-06,2.0246675353997e-05,8.63150507851012e-06,0.311665915628538,0.0948053808954855,0.0946916407484784,0.00315753371147822,0.000115656771681322,2.20852365917169e-06,0.000104724516067103,0.495395150093339,3.1725432757333e-05
"TCGA.BH.A0E1.01A",1.79392867983765e-05,8.51624332755589e-06,6.21701028284108e-05,0.116790382226093,0.0433220852002712,0.021510387162606,0.00165668011825116,0.000400311017295322,3.87067503577753e-09,2.03156861482662e-05,0.816206484240823,4.72484488285311e-06
"TCGA.4H.AAAK.01A",0.000945154870237108,0.0038672276319285,0.00266940413276203,0.276391410656781,0.144202720093809,0.148532170820546,0.0130981995541245,0.00239115210550463,4.55649954949775e-06,7.10203977732292e-05,0.407813951673284,1.30315637009901e-05
"TCGA.EW.A6S9.01A",0.00735767201268724,0.00132064774834423,3.41079051955322e-06,0.428443537968265,0.211399877465092,0.0913361620046964,0.0139999847301246,0.00109390950701984,4.37258789990871e-06,4.5842911771798e-05,0.244992086980014,2.49529356585376e-06
"TCGA.D8.A1JM.01A",0.000523013694761413,1.88856750253397e-06,0.0165171390912534,0.223707746899249,0.00966291416814385,0.000198677226826072,0.000644364883381839,5.02565764906337e-05,2.35795345614379e-08,0.000161307306555116,0.748522172703733,1.04953025688261e-05
"TCGA.A7.A4SF.01A",0.00351361221170292,0.0119887202032805,0.000148601118389488,0.271538353654453,0.0257225986293257,0.0151153546988347,0.00538993592603059,0.00052949945789677,4.39139399854715e-08,0.000806811751643075,0.619001511922115,0.0462449565123885
"TCGA.A8.A08R.01A",0.0144151728021108,0.00451015761447149,0.00858126061005,0.15814768052724,0.158399040588567,0.0385257296575155,0.0351283178004196,0.000119144224723938,1.33147960096041e-05,0.00201676690546683,0.580142605076351,8.0939707464091e-07
"TCGA.D8.A146.01A",0.00634940482265148,0.000422536483000391,1.66529092840416e-05,0.473636565675482,0.158605950557541,0.138961448272757,0.0132782678139165,0.00204865869042679,5.50842508056496e-06,0.000553352877784467,0.206111650776661,1.00026954147993e-05
"TCGA.D8.A1X5.01A",2.11109953572931e-05,0.000173146677144916,1.53280212884469e-06,0.243562129561133,0.0974928780659507,0.048088696064461,0.0153642720595409,0.00258352748154317,0.0028793050268849,6.18059449988613e-05,0.589771589939817,5.38103968689144e-09
"TCGA.A2.A1FV.01A",2.80397940070006e-05,0.00052112852607117,1.47170349606756e-06,0.200915117613296,0.031428994051629,0.0226411357650461,0.000710517731441774,0.000603912793997998,2.49216759092613e-09,4.32998140181703e-05,0.593132455580256,0.149973924134573
"TCGA.A2.A0CK.01A",0.00239907566552799,0.011621376154441,0.0121409653286774,0.228069317922085,0.124182704041377,0.033662275055252,0.0100532132885069,0.000252536641090898,2.03457106744696e-07,0.000326354089599362,0.525094110845472,0.0521978675108642
"TCGA.E2.A1IL.01A",0.000849268339413493,9.88227366563021e-06,0.000207071819145116,0.232806593253412,0.0578811681539088,0.0489497498328128,0.00373735645943824,0.000157939965317585,1.66235342218266e-07,0.000338037668406024,0.655060982330087,1.78366905092986e-06
"TCGA.B6.A0X7.01A",0.00228187223210038,0.00255749829099869,0.000815488610348633,0.199640618455213,0.0538652849049329,0.0564910567384731,0.0017910865044769,0.00120602773354523,1.19432448134478e-08,0.000301306706410856,0.53777434757658,0.143275400303675
"TCGA.B6.A2IU.01A",4.82411531975432e-06,0.000216903698098226,0.000205638274665822,0.241836840420915,0.041965202456628,0.0107546199592163,0.00253165801780287,0.000254353630094638,4.05606383595815e-06,5.9903860097602e-05,0.702165996653543,2.84978281564941e-09
"TCGA.B6.A0WS.01A",0.00452220258212662,0.0437833831196997,0.00771028732016837,0.34161529283288,0.0507883619974575,0.0716003887265104,0.0103006556593238,0.000325185148316573,9.72580535945436e-06,0.00218282398436821,0.467160261512322,1.43131146752945e-06
"TCGA.E2.A1IO.01A",0.00482197062486234,0.0161821790946987,0.0112237427278374,0.298701477652559,0.134150912998062,0.127132407505298,0.0108138786509781,0.000696979080010463,4.03028342520579e-07,0.000842947833057154,0.395403314347427,2.97864568669206e-05
"TCGA.AC.A5EH.01A",4.98028555006287e-06,4.95276605255353e-07,3.16452304597232e-06,0.273080438190513,0.182220091038757,0.141559814422399,0.0239401114327504,0.00100780611805576,0.000147966176497103,0.000268469916587349,0.377766600223706,6.23955324988625e-08
"TCGA.AC.A3BB.01A",0.0360629722393525,0.0111153293496971,0.122980334662661,0.392118582805723,0.241394328917644,0.141788745551926,0.0500490071414793,0.00185767904625472,0.00152652355597694,0.00108362654122825,9.24007823659138e-06,1.36301098201044e-05
"TCGA.AR.A0TQ.01A",0.00413169103368887,0.0243986902035328,4.10816382530686e-06,0.424014458602886,0.0355675503047696,0.0246501213653752,0.0123088192332884,0.000255541739722986,8.23435808190866e-06,0.00219370175436818,0.472465437361877,1.64587858369856e-06
"TCGA.D8.A1JK.01A",0.000684227494495077,0.0169766639807967,2.62644078901249e-08,0.374128697343597,0.102317641483997,0.0498329643877254,0.0240150665370982,9.37704715363627e-05,2.11370525097351e-08,0.00305665166386391,0.428894216678907,5.25565226176483e-08
"TCGA.D8.A1X7.01A",4.78452838249023e-05,1.10765836380615e-07,0.00047068322105312,0.237279592107714,0.0624713568486407,0.0392807176135042,0.00513462147951668,5.55591099947559e-05,9.90804271555568e-09,4.13195787185746e-07,0.655256322548838,2.7679172469997e-06
"TCGA.AO.A1KQ.01A",0.00941758960690018,0.000476189982115618,0.0669196852828258,0.363697317096378,0.0692283380827222,0.0374920349742298,0.0181403103632629,0.00124765268531292,1.31374526187941e-06,0.000622056639600362,0.389419966895775,0.0433375446456159
"TCGA.PL.A8LX.01A",0.000466584712844301,0.000801289084853645,0.0017167905011455,0.256106914218634,0.0747613621868441,0.00166431370579017,0.019932857550142,3.43584376300026e-05,4.44493047052142e-07,0.000327953783189456,0.383795029629301,0.260392101696579
"TCGA.AR.A2LH.01A",0.0518405549781389,0.0353887032178096,0.0953905058756972,0.205476528187344,0.343409569718218,0.0444366962196266,0.0544208520213352,0.000812100620966824,0.00538297189299639,2.31740946094055e-05,8.55807295811309e-06,0.1634097851003
"TCGA.BH.A0B8.01A",0.000377171448170143,0.00535778964824516,0.000155540328794019,0.218828810426965,0.0454520637654184,0.0235675989725246,0.00300855883049745,0.000412685414726456,1.36340065585634e-06,7.13831077242782e-05,0.669099131643912,0.0336679030123676
"TCGA.A2.A3KD.01A",0.00287468826540062,0.00882999949829563,3.58281749703742e-05,0.23519761135376,0.0655676483491293,0.0204267911511459,0.0107305380852164,0.000252368178460917,1.1118859876121e-07,0.000110313643691313,0.499376245997917,0.156597856113414
"TCGA.A2.A0D4.01A",0.000327470142307458,0.00248966203550548,0.000357997582949254,0.151191025043189,0.0436033618740896,0.0127178009687972,0.00521398148568548,0.000882763165797602,1.42222510897586e-07,5.81548653960624e-05,0.383409029064191,0.399748611549581
"TCGA.D8.A27R.01A",0.00256444098480443,0.0140376339337961,0.0173148005188535,0.598049897186559,0.113280891485297,0.0513341723379027,0.031337822215933,0.000417615696408759,1.05368738990274e-07,0.000753809027683072,0.17087836667214,3.04445718827063e-05
"TCGA.E2.A1IE.01A",6.4831949937133e-05,0.000763618833941543,0.000706202483675588,0.197703941337833,0.0493859542199392,0.0174381166416231,0.00160784357752726,0.000101517005622404,2.62719547349035e-08,4.6450117183235e-05,0.582592047214357,0.149589450346406
"TCGA.EW.A1J3.01A",0.000106114621804731,0.00223923069047736,0.00171786768318469,0.364275115124263,0.0338677642868805,0.0230621169602128,0.00372722455955353,0.000833802504646142,1.54065142782414e-06,0.000100507806582606,0.570057025648751,1.16894622157612e-05
"TCGA.BH.A18Q.01A",0.0020531195868036,2.49351025550241e-05,0.0356408007469826,0.257609897637282,0.476690778376259,0.00514591500544238,0.0197594978898204,1.28329756562105e-05,4.48943012980795e-06,7.55534753963248e-05,0.169847053404418,0.0331351263692544
"TCGA.B6.A1KI.01A",2.37986117591668e-08,0.00172080364510825,0.000211095176164757,0.216407228110871,0.0469667840415728,0.0322908936839008,0.000313033226944788,9.47612188588396e-05,1.24026782997185e-06,3.4342359707983e-05,0.65405871063026,0.0479010838401691
"TCGA.A7.A26G.01A",0.00679616977683044,0.0144108166737444,7.38950206135894e-06,0.689296986078879,0.0656703175089324,0.199301497233069,0.0150812346354872,0.000205866611121565,1.2312581368566e-05,0.000987747260902752,0.00820733512428358,2.23270133201393e-05
"TCGA.AO.A03M.01B",0.0221696235244539,0.0314792984765317,0.0369455104090493,0.637856629116894,0.0596326631482903,0.0401550530768096,0.0415032527593953,0.000186517526374664,1.37311601796961e-06,0.00235302269414703,0.127717016004134,4.01479025466421e-08
"TCGA.A2.A0CS.01A",6.26067922831098e-07,0.0018178103828205,7.99056241788874e-05,0.296892060584036,5.65694989059147e-09,0.119352556244867,0.00956183102549825,0.00418020221825427,3.0929494359243e-05,3.56226812759993e-06,0.568076316722055,4.19371093068019e-06
"TCGA.C8.A12W.01A",0.00519131259486053,2.13397138861067e-06,1.35719382033013e-05,0.180115658234535,0.176573131543483,0.0597015864734809,0.0243208549393386,0.000623892401734836,0.000159356249369887,0.000417456518174594,0.552880801040803,2.44094628396988e-07
"TCGA.E2.A1IU.01A",0.00896936219447578,0.00574416581495919,9.67487437909938e-08,0.20008980429311,0.0618844125079287,0.0137987146390602,0.00493194353985108,0.000348485960665532,8.73292453186081e-09,0.000495330848911514,0.703737671574923,3.14444661847677e-09
"TCGA.B6.A0I9.01A",0.00339674811309045,0.000517936137200928,2.5425446824713e-07,0.228107377276735,0.0471389545669071,0.00965293813178371,0.0104643405673985,0.000104226715966093,4.21301075111238e-09,0.000233067572793048,0.700384137731703,1.47189434686376e-08
"TCGA.AO.A128.01A",0.0140390611632114,0.18793054790694,0.269199806756719,0.00279079748815754,0.0248574776325258,0.0357811464382576,0.42137794308563,0.000250693001395888,1.40049549144828e-05,0.0400362165359381,0.00370306939599816,1.92356403120198e-05
"TCGA.A7.A3J0.01A",0.00167960372747592,0.0107591614222969,8.82733109471338e-06,0.370657402595416,0.0252927719263591,0.00241689378504493,0.0127705587842116,1.16419493648634e-05,2.91954995166252e-06,0.00104018887096601,0.575358734796627,1.29526119177951e-06
"TCGA.E9.A1NE.01A",0.0285967876065534,0.0302157693548556,0.206640981967708,0.379329364828139,0.0937490618944338,0.0756409519499456,0.0432399764439648,0.000511877957280773,0.00234474390689265,3.58118668484663e-08,7.59301511636353e-05,0.139654518127196
"TCGA.AC.A2FB.01A",0.0183694807327428,0.0270546332489878,0.0829295968543734,0.201206039274544,0.0697550713576287,0.026888301681039,0.0150316699829955,0.00301916994857053,2.31406277639138e-05,9.08909456322831e-08,0.555207837630453,0.000514967769955718
"TCGA.AR.A5QP.01A",0.0135040537735882,0.0124486938955637,0.00130891666968385,0.338577140016441,0.152296394368226,0.0934705120989253,0.0101722361032667,0.000353725225259283,9.9049098445554e-08,0.000591763156862903,0.377251167788161,2.52978549228146e-05
"TCGA.A2.A0T4.01A",0.00199729196327384,0.0170791544779164,0.00148906382682548,0.28752609016202,0.0646313681286624,0.0810274785582423,0.0126516180911148,0.00333818361628975,1.63356934076248e-08,0.00141083206481542,0.528843090306452,5.81246869323056e-06
"TCGA.BH.A0BL.01A",0.00289941490958305,0.0104381827426156,0.0183473541177021,0.0377849687804596,0.786263793895897,0.0786235470976984,0.0408957952340074,0.000188048274571504,5.39558613867468e-07,0.00218454581270496,0.0223720236560373,1.78592010947245e-06
"TCGA.BH.A0HY.01A",0.000279283396828172,0.00177533658584159,0.000151268844677399,0.226520460353626,0.0615774638194671,0.0357672288450201,0.001022207896576,0.00018844363703651,9.66876251428654e-08,1.25701512890529e-05,0.653178700618052,0.0195269391639607
"TCGA.E9.A2JT.01A",0.527987470375989,0.208917799751751,0.121591661698885,0.00396275068543753,0.0449396813744732,0.0504370719117494,0.0307679604540151,0.00057272235290503,6.76991155275976e-06,0.00917255845289658,0.00162705223022415,1.65008001211313e-05
"TCGA.A7.A3IY.01A",6.15008181046879e-07,0.0025252376908432,2.90424237744551e-07,0.316217430857091,0.186444041120332,0.0534176424113642,0.0382736328971682,0.000264329380466201,4.80889657113002e-06,0.000431710068037587,0.402419820627153,4.40618554515052e-07
"TCGA.A8.A085.01A",0.000104944345656362,9.05511590857252e-05,6.37484940461152e-05,0.216150358962352,0.0505566864377876,0.0289963173985641,0.000762102966674163,0.000254157508039776,2.22048875767903e-07,1.30155870501227e-05,0.701416578668417,0.00159131642345099
"TCGA.AO.A12B.01A",3.41976718137801e-07,3.71465585008343e-08,8.02705595286719e-09,0.224723115115835,0.0144044765120124,0.00501430674130095,0.00847700499239191,2.29765471876584e-05,3.50844024111621e-09,2.44032211883606e-07,0.747357337523835,1.4787645148431e-07
"TCGA.A8.A06Y.01A",5.03737830800341e-07,3.12370325872689e-07,1.89379557106764e-07,0.379820971503266,0.0310527617429209,0.00551585150699635,1.05038206001173e-08,6.54578485138008e-05,1.25229111354653e-10,6.82540268417976e-08,0.583543436807244,4.36220268639698e-07
"TCGA.A8.A09I.01A",0.00572236125649211,0.00138999487994687,0.00247368150865995,0.705029095698478,0.0664530942352313,0.0624994097005569,0.0279398402356851,0.000162990249361576,0.00124038047806151,0.0012952309272667,0.12576232544433,3.15953859293931e-05
