"","cellFractions.B.Cells","cellFractions.CD4.T","cellFractions.CD8.T","cellFractions.DC","cellFractions.Endothelial.Cells","cellFractions.Fibroblasts","cellFractions.Macrophages","cellFractions.Mast.Cells","cellFractions.Monocytes","cellFractions.NK","cellFractions.Neutrophils","cellFractions.otherCells"
"TCGA.TQ.A7RO.01A",2.260484647129e-05,0.000210220951950759,2.56929010153352e-05,0.239465936735225,0.0152059065821304,0.00036825212543295,0.00396281202991785,4.20442964104181e-06,2.78131587370603e-08,9.21683638857014e-05,0.53911129119615,0.201530882025021
"TCGA.CS.6670.01A",0.000123389063762474,0.000129776142236111,1.01312440073802e-07,0.163945196863248,0.0136176244818788,0.00053372473936191,0.00439128201974293,6.2013568633436e-06,1.78037419181194e-07,1.80465987328489e-05,0.450901137237477,0.366333342146837
"TCGA.QH.A6X5.01A",1.67312511401172e-06,1.87629758581255e-06,8.76686633478679e-05,0.237389567907715,0.0136131366877649,0.00110621205062528,0.00974790173121009,2.75129059407484e-05,4.79853764293439e-06,3.14818201634152e-05,0.0818252726644418,0.656162897608448
"TCGA.HW.7493.01A",0.000508630375262951,0.000823793808049038,1.55042956211969e-08,0.371936285755981,0.0244560313180595,0.00214461963563948,0.012885389952742,1.20533617997301e-05,2.24484395392629e-07,0.00023976940641296,0.142479738916754,0.444513447480608
"TCGA.CS.6667.01A",0.000405554715226935,0.000244809370064339,4.10119086033075e-06,0.0455736204284329,0.0418196661390751,0.00102665693276521,0.0209714496274956,3.00028708519102e-06,2.32231901919372e-06,0.000107707184562944,1.24660449959039e-05,0.889828645760416
"TCGA.DU.6406.01A",0.000533607901424562,0.00144651700977925,0.000159733724873709,0.1988798788356,0.0160793613240898,0.00521363268401389,0.0301562798308376,3.62569209068621e-08,2.48274444140205e-06,0.000185608901263126,1.43515455539574e-06,0.7473414256322
"TCGA.DU.A7TA.01A",0.000518449274724583,9.39676143392228e-06,0.00246629386468876,8.21027330849327e-06,0.0408503575303388,4.69719756208722e-05,0.0488818612873614,8.65608875176767e-06,3.7764048531405e-07,8.31625309810777e-05,6.55393804954442e-06,0.907119708834255
"TCGA.QH.A6X4.01A",0.000115046877536464,5.51921997760496e-06,0.000220219265222741,0.28092112492861,0.0129769165301795,0.000213548064122751,0.0103422767796217,3.18109233523318e-09,2.66769237401934e-06,1.54414577510668e-05,0.165052121823185,0.530135114180327
"TCGA.TQ.A7RR.01A",0.000587474793111529,0.00033885316518909,0.000399816474712936,7.77825628776022e-06,0.0173620217843007,0.000563008123915253,0.035961333159961,9.29186231170314e-06,2.38807666121527e-08,7.47481361744662e-05,5.76662948739211e-07,0.94469507370032
"TCGA.HT.8104.01A",0.000204250723831922,0.000371003008967992,0.000311624067441497,0.623826850685593,0.0270938939577337,0.00289172095979837,0.0202265533284399,2.56578586714764e-05,1.40877007316075e-06,1.41297567390253e-08,7.09775146950973e-06,0.325039924758223
"TCGA.HT.A74K.01A",0.000437889248783519,0.000317885411147162,0.000100426436104372,0.252792032289992,0.0626295139701379,3.79013115689349e-07,0.037846489764828,0.000460675479712218,8.66520921998406e-05,0.000105699309047807,9.55335426537895e-06,0.645212803630666
"TCGA.DB.A64X.01A",0.000399496349992092,0.000134880218360098,0.00017446358745364,0.0463881193283356,0.0322041414699335,2.10372358251062e-07,0.0152115090913792,6.09027222186814e-07,7.01183688891798e-07,5.1253580523976e-05,1.40952734371398e-06,0.905433206263409
"TCGA.HT.8107.01A",0.000226555285626811,0.000306336177985781,4.27991166056772e-06,0.22730383651547,0.00800449802605122,0.00040170573480077,0.00179942245151808,2.57393120592405e-05,1.11063650870517e-08,8.07375762614497e-09,0.61083467321169,0.151092934193014
"TCGA.FG.A710.01A",0.00109775755128999,4.45398078985915e-06,0.00482442327824541,1.74163262133246e-07,0.0253171895801948,0.00120591879205092,0.0573937673301888,3.30958116662981e-05,1.9168127259741e-05,0.000132503916529912,5.42641514890955e-05,0.909917283317033
"TCGA.QH.A6CX.01A",0.00014318394607595,6.9654668350094e-05,2.22742142756664e-05,0.548797216125938,0.0197325919099996,3.55294226389183e-07,0.0215998679944332,2.44830367710018e-05,2.94496905686048e-06,5.39983391828972e-05,5.13303924418165e-05,0.409502099109248
"TCGA.CS.6666.01A",0.000525977419546507,0.000136256144453315,1.01319200709088e-06,0.220016565518453,0.0609801804613424,1.44468009953183e-07,0.0170602263361523,1.28786498257516e-05,3.7760428438583e-07,0.000299751446686369,0.168547008765024,0.532419619994215
"TCGA.TM.A7CA.01A",0.000459879954422743,0.000134404658817164,2.79915892572157e-07,0.176987459711844,0.00890216396381197,0.000430133076949358,0.0118462398565804,2.18599149931964e-05,1.60667599896525e-05,4.58195420594895e-06,1.75725764848017e-05,0.801179357656008
"TCGA.HW.7486.01A",7.25384333848087e-05,2.54528703768436e-07,0.000206997198316867,0.402794365217007,0.0190974055586746,0.000773394990763398,0.0197510754560941,2.4507931711373e-05,8.39329203085259e-05,1.84082043322505e-06,6.52444581323449e-06,0.55718716249879
"TCGA.QH.A6X8.01A",0.000266413625266362,4.33392577439539e-05,3.90447282083849e-05,0.314060257403137,0.0197742417848859,7.16104662903045e-05,0.0146005007892553,5.18098367062476e-05,2.79841998663345e-07,1.58530965447945e-07,0.250581396643423,0.40051094709212
"TCGA.DU.A76K.01A",0.000177943916428705,7.47470852185719e-07,0.000177881036531029,0.167026115450975,0.0163770817593694,0.00040171420880451,0.000885659586789321,7.10802480977229e-06,3.32748484624324e-10,9.99053413362541e-06,0.549210963214394,0.265724794464165
"TCGA.DB.A4XD.01A",0.000608399675658657,0.000194961583357334,1.74280920993896e-07,0.294965788670424,0.0126377367283461,0.00107921254056343,0.018754552455289,6.63715791003782e-06,1.89371900779048e-06,2.15029468722836e-05,0.0390735010955842,0.632655639146066
"TCGA.DH.A669.01A",0.000893069985265522,0.000396729712363563,0.00480223965363246,4.78013183982419e-07,0.0178054090897354,0.000880113026953851,0.0412490893114755,7.06237778019932e-06,1.17591751338331e-07,4.40868569155225e-05,1.55054007403056e-07,0.933921449326935
"TCGA.WY.A858.01A",0.000705771839367366,0.00056462416480454,0.000209454953540319,2.70242337380243e-06,0.0297621427095335,0.000306810783156955,0.0454606346516198,1.53068877407333e-05,3.62920366828565e-08,0.000145678363286594,3.5704789788123e-07,0.922826479883642
"TCGA.DU.7294.01A",8.25960042541693e-05,8.95601825481727e-05,2.13182900814272e-07,0.229585088170872,0.0109548248277556,0.0014669175350403,0.00713878923370452,4.01341763347929e-09,6.91246888289607e-08,0.000111287860495491,0.301300098286276,0.449270551578047
"TCGA.TM.A7C3.01A",0.000130379553782583,2.62070326802341e-07,0.00305413156588334,0.231302033668743,0.0110386071350909,0.00411942222941923,0.00587822237345834,4.1383082883371e-06,2.63175987731327e-07,4.45232603984261e-05,0.408046324680745,0.336381691977877
"TCGA.WY.A85E.01A",0.000302112204511919,0.000201288477892255,9.87935589148678e-05,0.17673026469776,0.0092266480291705,0.000678818521605294,0.00501338292564271,8.38463858524457e-06,1.88124529724096e-08,2.92622871141544e-05,0.265236631624466,0.542474394221884
"TCGA.FG.A6J1.01A",0.00024556663350975,0.00144391537385234,0.000196986627552098,7.20574567624753e-06,0.05099625955666,0.000469547250360664,0.0273777813150677,9.41720778083076e-06,3.51243636622241e-07,0.000603968678060659,8.91546111202014e-06,0.918640084906731
"TCGA.QH.A65Z.01A",0.000130772875022313,0.000273291742651862,9.17839797611732e-06,0.170012817252726,0.00836808319586386,0.000218054547536773,0.00217167937302134,5.54449523741612e-05,2.50708987106647e-07,9.8160718091265e-08,0.531177432456631,0.287582896336492
"TCGA.VM.A8CD.01A",4.42850678029029e-06,1.22979684427018e-05,4.3038885515263e-05,0.184333504950317,0.0168024565772178,0.000253522868941964,0.025436425506824,4.23296591377195e-08,0.000122346321635842,5.39523588877892e-05,0.772936304108385,1.67961739306861e-06
"TCGA.HT.8019.01A",0.000438570930542733,4.20761704275143e-05,2.44148733045519e-06,0.205094990442172,0.00715491851561375,0.000530088440985491,0.000836043838228332,4.44349024107703e-05,6.27594421263647e-08,7.39874815175458e-09,0.598697692972564,0.187158672141534
"TCGA.QH.A6CV.01A",0.00037608569677061,0.000579212969418914,0.000551571677131327,8.53192919978958e-08,0.0239308774414321,0.00253443659194052,0.0649296819205295,6.20488323257105e-06,1.48959588253984e-06,0.000153330392981707,1.43270386350945e-05,0.906922696472753
"TCGA.FG.A6IZ.01A",2.38326782105916e-06,0.000467406021009301,9.81285549080248e-05,0.0312411323677124,0.0176651570540253,0.000451313942112036,0.026651540484568,0.000175097886569884,2.56786457076314e-07,0.000249898355820567,2.00793049921838e-06,0.922995677348497
"TCGA.P5.A5F1.01A",0.000384301903028695,8.48658631681153e-05,0.00454619792305672,0.0537305833624934,0.0202612150090664,0.00131432956630116,0.0363181537479199,6.31119118071492e-06,1.7476182607832e-07,7.44287420510923e-05,3.31718369955908e-05,0.883246266092912
"TCGA.P5.A72U.01A",0.00573469806391509,0.00720985080547161,4.17160880441189e-05,0.280894711713962,0.0770478166529263,0.0128844466022116,0.0257314863908121,0.000261248830085047,1.07453195525595e-07,0.000868907504551374,0.0823113001719526,0.507013709722872
"TCGA.CS.4943.01A",0.00047408489716778,0.000453515903010527,0.00065193636984232,3.69198533807383e-07,0.00930645726053989,0.00120295615946798,0.0377145657705273,1.099220015385e-05,6.46198041279193e-08,5.12711944189858e-05,6.52151142102685e-08,0.950133721211419
"TCGA.P5.A5EW.01A",0.000631319062753422,8.64062563706871e-05,6.66370782208243e-06,0.350055280640837,0.00623338769042919,0.00128185685767337,0.0246167150928624,5.05359436976524e-05,1.41044790961161e-06,3.55399726416017e-07,1.14546277991512e-05,0.617024614272119
"TCGA.E1.5322.01A",0.000866742264248003,0.000739439629643237,0.00145868722451216,1.64542545778155e-05,0.00743212655864252,0.00200223174888449,0.0919198633367786,7.04890813560864e-05,5.05364113557037e-07,1.03152193915198e-06,1.70453484637864e-07,0.89549225856182
"TCGA.HT.A4DS.01A",0.00104524313102689,0.0071330252141543,0.0044428488336222,1.8742381476871e-07,0.0137515275410585,0.000142695629579501,0.108057720267525,3.32419919341965e-05,1.46442076689565e-07,0.000310943755540857,1.62257728881301e-06,0.865080797192379
"TCGA.FG.7634.01A",9.02183346592798e-09,1.66789703568683e-08,1.47978745849954e-07,0.926721910874132,0.0332321695458546,0.00453370104532454,0.0346576474503437,5.76252798487347e-07,0.000379572983353096,0.000274057034562026,0.000196994324051897,3.19681003015746e-06
"TCGA.DU.7306.01A",0.00025581366380133,0.000237416510397392,0.000289222466296493,2.71600060334104e-07,0.0141242512129819,0.00146811642199724,0.031919303725815,8.14391702680502e-05,3.74903985496299e-08,0.00011711244946097,1.10197107541661e-06,0.951505913317447
"TCGA.FG.7636.01A",0.000326683034593198,7.9289236009045e-06,0.000172984522398476,0.107331841693615,0.0124428082829445,0.000579517421878047,0.0211212214461337,1.95265725150537e-05,1.81668525053259e-06,3.71218875840957e-05,1.82616064788248e-05,0.857940287923007
"TCGA.S9.A7J3.01A",0.000663161155054394,0.000249120662707312,0.000265083132521868,0.264156461669814,0.0148855611072578,0.000564956140840158,0.00873246314136425,5.95850285879935e-05,3.82315141792082e-08,4.04528715936899e-08,0.411086423736099,0.299337105541367
"TCGA.DU.A6S7.01A",0.000538241633528407,1.6803300595337e-06,0.000320590219308139,0.225340627514896,0.0257962812531813,3.19485733570282e-05,0.0427178552081891,9.42879786882403e-06,1.91513214987793e-06,7.57451484198166e-10,3.74290293312535e-05,0.70520400155068
"TCGA.DU.6396.01A",0.0059111219072024,2.82283299322831e-05,0.00936488141484833,1.08622899236572e-06,0.009754593594599,0.00127830600635052,0.27536219727163,1.14365679938936e-05,3.63836031065814e-07,0.000835077274985334,1.67574136545446e-05,0.697435950153781
"TCGA.S9.A7QW.01A",0.000146323359290006,0.000140583089843496,0.000266747045399879,0.166071596267938,0.00658693084664048,0.00103336490544524,0.00459837341689863,5.02372571985179e-05,7.92221556343825e-06,3.0094813808326e-06,0.306206200166387,0.514888711948015
"TCGA.FG.7643.01A",0.000337649946477316,0.000248681196745085,3.55576128733053e-05,0.300833942640573,0.00912662154775578,0.00149722120621612,0.00363342737427598,1.55227343442482e-05,2.11256147293563e-08,0.000103948971500948,0.58604446678536,0.0981229388582639
"TCGA.S9.A7R4.01A",0.000614003790927086,0.00017931845111414,8.52394437444523e-08,0.118292694170412,0.0442296924572851,0.00130524002140283,0.0213591972097663,1.36966946860042e-05,2.01613388049469e-06,1.53834223197383e-05,8.55021787756001e-06,0.813980122190885
"TCGA.DU.A6S8.01A",0.000213601304747376,0.000284166766970578,2.07431476028825e-05,0.209482927198491,0.0156842955815279,2.81501868037584e-08,0.00405605594186496,9.93422095902464e-06,8.30288777961978e-09,0.000157674846469703,0.41939509104224,0.350695473496052
"TCGA.HT.7601.01A",0.00103103776916708,2.68649516009635e-05,0.0126327466535713,2.4868986462028e-05,0.00015781089620922,0.00354602767709279,0.214696372463105,5.03021969097214e-05,1.78070350871022e-06,0.000366372358166707,6.87945658977782e-08,0.767465746549641
"TCGA.HT.7854.01A",0.000945259903358522,0.000289182257937631,4.06757871976897e-06,0.609806772538906,0.0379327453131114,0.000246592520092874,0.0287264952123048,5.14591544948755e-07,0.000226993726345039,0.000184704732044045,0.0001850906922176,0.321451580933417
"TCGA.QH.A6X3.01A",0.000200965336800952,2.29033005637427e-06,0.000531804862377175,3.72902688149574e-07,0.0116474080226065,0.000314580451218316,0.0231752936040715,2.88397095360549e-05,1.18508124816552e-08,3.940285594762e-05,1.35799405032691e-06,0.964057672079835
"TCGA.P5.A5F0.01A",0.00032451905078913,5.74487316155179e-05,0.00017586040495446,0.195019711709878,0.00460881022703173,0.00063546022790983,5.85055748933998e-05,4.33542364126587e-06,7.39631900942485e-09,3.23030883042268e-05,0.63277047329037,0.166312564874294
"TCGA.CS.5395.01A",0.000258952056963649,0.000239484003468198,0.000252414336885449,0.344144198145044,0.00632584206052545,0.00244703102975378,0.00723959313192627,2.58215280347205e-06,3.63329273708635e-07,2.83125903450227e-07,0.397486683101629,0.241602573525823
"TCGA.DU.6402.01A",1.14064214198489e-08,5.4684529085447e-07,1.85692867185175e-06,0.154086541490268,0.000523717177178794,0.00181049378395292,0.0449211738108846,8.88141230637666e-08,1.09182242978009e-06,7.60970403770843e-05,0.79857808401295,2.9686745150433e-07
"TCGA.VM.A8CE.01A",0.000436781061416848,0.000447238069327682,0.000279049941626391,0.256786777145661,0.0146102397737832,0.00117483670381912,0.00853493248461456,1.15294057678806e-05,1.55524014792721e-07,6.07787865273772e-05,0.329539020199939,0.388118660903503
"TCGA.HT.7467.01A",0.000116949051920323,0.000264982031365935,0.000291900760327124,0.20565937652105,0.012236191468172,0.00125170420502094,0.00633610838890781,2.13760106265704e-05,2.13617016302096e-07,2.935455013832e-07,0.22333629481185,0.550484609588241
"TCGA.DB.A4XC.01A",0.000736785863445207,1.22004856643475e-06,0.00130455519336411,0.232682603273425,0.0364113230891934,0.00104935134661625,0.0309354858433509,1.28424933604909e-05,1.59608724419501e-06,4.97982660896931e-05,2.89483271773674e-06,0.696811543662627
"TCGA.RY.A83X.01A",0.000156819368103026,7.21688625442445e-06,8.5799580384281e-06,0.241424223707459,0.0179651232210903,0.0016682088383845,0.00661218792794888,6.1587830435996e-07,8.00593680796794e-08,1.00859873662348e-08,0.410202815700322,0.321954118368739
"TCGA.HT.A5R9.01A",6.64913325187001e-05,1.72794641182444e-06,0.00109943468669337,0.0812220272668145,0.109199810813342,1.84996089704562e-09,0.00334055408166307,3.33515880726936e-07,3.50142521796717e-06,0.000238254803053802,0.190580718356803,0.61424714392164
"TCGA.S9.A6WD.01A",3.45536705817988e-05,3.4579508040756e-07,9.94738347708762e-06,0.211301701639331,0.00728222249337564,0.000373069420568493,0.00664313875955255,6.57100997213965e-06,1.56655694249487e-08,6.8042531940009e-05,0.325456918234556,0.448823473395996
"TCGA.F6.A8O4.01A",0.00012646957973733,8.393555466362e-05,3.43643158451558e-06,0.197907712294777,0.0122161193499596,0.000467416855211719,0.00668583746553208,8.60731284732812e-06,2.45826467830213e-07,2.49160663672908e-05,0.305884227169201,0.47659107609365
"TCGA.TQ.A7RV.01A",2.15149343322841e-05,9.04559064457394e-05,7.25739027512126e-07,0.245226755797033,0.0170920257783488,0.000277152321771468,0.0124634168072371,1.7751717750393e-05,5.25177971066745e-09,2.06031123595929e-05,0.169789367649178,0.555000224984737
"TCGA.FG.7637.01A",0.00194071755589242,0.000176071773225244,2.48815450292236e-07,0.227121198909901,0.0543255628857479,0.000919437206717305,0.00921553410169532,1.04053215323959e-05,6.18724977754612e-07,8.0258657269342e-07,0.237813881098931,0.468475521019357
"TCGA.FG.6689.01A",0.000349039253097261,0.000882512798976093,0.00017567485791769,0.27607400262764,0.0135470780916198,0.000693485920873516,0.0309065674200906,2.83498824061e-07,1.19876477898724e-07,0.000203140420577088,2.98508164473141e-06,0.677165110152261
"TCGA.E1.A7YO.01A",0.000147096316570417,0.000165085992277384,8.02009709207952e-08,0.167428290733606,0.0180475838707124,0.00103589232702998,0.00437394308695781,4.64361342571365e-06,2.84671838284982e-08,6.27849978544843e-05,0.443216350631035,0.365518219762376
"TCGA.FG.7638.01B",1.11617634110088e-05,0.000164433698148163,0.000353032727466353,0.224109977518477,0.00907779241217387,0.000486309185856033,0.00390146676694897,2.83206011652473e-05,1.70762717105171e-09,5.18449737878247e-06,0.457509071166879,0.304353247954468
"TCGA.S9.A7QZ.01A",7.66750718566829e-05,0.000265150457166022,6.34207032210594e-05,0.166108412540796,0.0206048999572687,0.000459953353799883,0.00312908306472108,3.4991070170007e-05,2.04350783958014e-07,4.84310388418562e-06,0.341466652367482,0.46778571395885
"TCGA.P5.A5F2.01A",0.000110586245709084,8.41506243115949e-08,9.81143593915384e-06,0.162514109669442,0.00877626323047196,3.18028573898011e-05,0.00662029432772062,5.8386880945897e-08,1.98750904052922e-07,2.88096308274906e-08,0.357267406655488,0.464669355479799
"TCGA.R8.A6YH.01A",0.000706898790795992,0.000165229992511211,0.000217703353150529,3.98806610959637e-07,0.0175519520368204,0.000179895792651795,0.0257180437488276,3.20213257651314e-07,1.40367321364789e-08,7.80993669997187e-05,1.71925325500081e-06,0.955379724608387
"TCGA.E1.A7YS.01A",2.82465251528909e-05,2.01053928610842e-06,0.00016580134384836,0.168977055609849,0.00939016072216539,0.000281301270709243,0.00305913459994272,4.42855697113395e-06,3.58056037830061e-08,1.38343704748688e-07,0.456960711818253,0.361130974864513
"TCGA.HT.7880.01A",4.90746225337666e-06,2.13679736901731e-05,0.000146904152382587,0.213441983096186,0.00875105452829143,0.000526578486640179,0.00539379478270616,8.57897299622534e-06,1.20643748882611e-07,0.000149735039839647,0.383891612239014,0.387663362622251
"TCGA.DU.5852.01A",0.000195407108273346,8.52575675200611e-05,0.000846040045121415,0.645755389510816,0.0448278330916695,0.00278731902517381,0.0336665938171031,3.06619610410096e-05,2.48613292312691e-06,4.85435460269137e-07,1.16902242944574e-05,0.271790836080604
"TCGA.E1.A7Z4.01A",0.00023989220833723,0.000515627009980125,0.000791460618556748,1.74060147782999e-07,0.0133016861339894,0.000235085365738102,0.0358429674244895,2.46072305856674e-05,5.07027477827422e-07,3.43332805379422e-05,5.96598382609901e-06,0.949007693656334
"TCGA.DU.7298.01A",0.000571149680973761,0.000123150555310153,2.67900100366798e-07,0.318221752616525,0.0123118812419565,0.00156871566593958,0.0284578476765816,7.08313137104836e-07,1.04912615309366e-05,3.18848112973735e-05,1.16326713512809e-06,0.638700987009513
"TCGA.HT.7478.01A",0.00191103129742769,0.00557362510441302,0.00424002511935348,1.88926423100621e-06,0.0224487290614191,0.00344952850192799,0.0862776238300777,4.2960766060742e-08,3.6738345995373e-05,0.00139714519056484,3.51582211930106e-06,0.874660105501704
"TCGA.DU.A5TU.01A",0.00171994755577195,0.000226209493560372,0.00372563794742491,2.27501607697958e-07,0.0129655504557215,0.00236688465468405,0.107401605694185,5.51657654627951e-06,8.26379359990556e-07,7.98579638360837e-05,3.62536562082801e-07,0.87150737324074
"TCGA.DU.6399.01A",0.000337596779160594,0.000121883534330119,0.000814478616342851,1.12946206888317e-06,0.035042253239216,0.00165529830343423,0.041033025083059,1.64749134474584e-06,7.65168948572141e-07,0.000170159976058873,0.000205359606169662,0.920616402739867
"TCGA.RY.A83Y.01A",0.000211570380746181,0.000198868927255193,0.000280608864828552,0.248359658694535,0.0228754195580998,3.65445044885015e-06,0.0275930062961867,1.04050672786788e-05,2.60522514200855e-07,0.000351885243053813,8.15035885759997e-07,0.700113846959168
"TCGA.DU.7300.01A",0.000230938899946659,0.00105253763380535,0.000562986538917539,0.311679925444419,0.0558447714698553,0.000406733326365328,0.0158135888608796,2.03500700840744e-05,6.84214050649208e-08,0.000147062703300701,0.0247284672123545,0.589512569418667
"TCGA.S9.A7IX.01A",0.000998581595123062,0.000488493862828553,0.000501828103210765,0.419926134639814,0.0224351063353439,0.00302187816610892,0.0291113583242088,5.48509493020479e-05,8.15032673214075e-08,1.31746176710968e-07,3.10626467724697e-06,0.523458448509939
"TCGA.HT.8558.01A",5.34552247899048e-05,6.67595318545333e-08,3.04119179618021e-08,0.243835317051688,0.00662448932125383,0.0003209200036048,0.00034364527029096,3.24031695496068e-07,2.87019742759004e-08,2.55438190182635e-06,0.745355066721242,0.00346410212010938
"TCGA.S9.A7IY.01A",0.000446443502401774,0.000358739296669715,9.10631540313559e-05,0.194810640160254,0.0115303257921027,0.00117424795355415,0.0129891959127413,3.93076822530738e-09,6.99827230891606e-06,9.82163257004448e-05,0.471450523445179,0.307043602254288
"TCGA.DB.A64W.01A",0.0798726184021102,0.00356859586749642,0.140782463731044,0.156954820900965,0.0125110563573286,0.00290786246514407,0.000156435874502406,1.60457492855759e-05,0.0551892043925078,3.45668771956707e-06,0.547779376815712,0.000258062756184232
"TCGA.S9.A7IZ.01A",0.000304518713858153,4.78462970239119e-05,0.000264969666251484,0.32366868848639,0.0112052195080404,0.000953729347989723,0.0158202081019246,6.91870525702792e-06,1.53906261976297e-07,9.80793081589571e-08,0.220026412682752,0.427701236504942
"TCGA.DU.6410.01A",0.000140782918965886,7.91943832961399e-06,3.98329918623355e-07,0.180222910445003,0.00754226450754166,0.000791478845272411,0.000293195925867071,4.20164613603573e-07,1.99703384494073e-09,9.43466358581452e-06,0.536601742503425,0.274389450260443
"TCGA.R8.A6MO.01A",0.000180339944688733,0.000243360032800241,0.000329753975181846,0.176322198902965,0.0160888687165714,0.000445918463698669,0.0226928686956251,1.05719599738649e-05,3.38101729079816e-07,0.000309555073152396,5.06041591705191e-06,0.783371165717697
"TCGA.P5.A780.01A",0.000153117246183331,0.000528687439785351,3.60887327660627e-05,1.15756035092342e-06,0.0196952502344966,0.000723859137257968,0.0288882545165066,7.0206825048996e-05,7.27296293188003e-07,7.86920843491602e-05,1.09851140376886e-05,0.949812973812924
"TCGA.QH.A6XC.01A",0.000170445267220171,3.76606042330195e-07,0.000313558233755044,0.32410447550795,0.0222236830384375,0.000298544776503264,0.023727334399584,1.77136661745624e-05,1.0630571313637e-06,4.81520429485565e-05,2.58673144112077e-06,0.629092066672812
"TCGA.E1.A7YD.01A",0.000908711083439767,0.000716185345070396,3.60420336930397e-07,0.311142985135003,0.00851824825917458,0.00121064803161988,0.0142945861562871,3.31663491329957e-05,2.76523179910786e-08,3.02208240214965e-08,0.305554400338322,0.357620651008471
"TCGA.E1.A7YI.01A",0.000769280259393076,0.000764272042745836,4.4477756970699e-07,0.286462193836275,0.013063986458104,0.00483720835770071,0.0233356319852835,6.01328127073874e-08,8.11825546608026e-07,0.000301660864451106,4.70892476074706e-05,0.670417360212511
"TCGA.DU.8158.01A",0.00132798327294952,0.0112706741491669,0.00230785777323244,0.311785840270423,0.0247399835558241,0.0023343611880191,0.0636021966910075,8.4947568925688e-07,1.65269645123224e-07,0.00089949170169117,2.37628072912122e-05,0.581706833845061
"TCGA.S9.A6WN.01A",0.000526376316289594,0.00074310253546266,1.73088310986783e-05,0.639812654651218,0.0078936773221928,0.00165691017411624,0.0359607846027774,7.86873653014003e-07,0.000237711618918438,2.34230037502101e-05,0.313126936982861,3.27087661836583e-07
"TCGA.HT.7855.01A",0.000176068557074829,6.45702628812834e-05,3.80919566718115e-07,0.206179123932284,0.0260899274024792,1.31271130206742e-07,0.0208889894772816,2.01027341672416e-05,1.79615807491385e-06,6.50402244667354e-05,5.59260457054138e-05,0.746457943014888
"TCGA.HT.8111.01A",0.000227569099335012,0.000848717813189623,0.000170635117014329,0.37076303356664,0.00766645619710629,0.00100833281709582,0.0367841917517737,1.00278901267892e-05,6.81931085808103e-06,0.000262390168317574,4.74438195891962e-05,0.582204382448953
"TCGA.WY.A85C.01A",0.000208265351761558,0.000107017813171109,7.76020422838833e-05,9.79590078800781e-07,0.0359246192756165,0.000766026411261573,0.0203388500267248,8.76558799695032e-06,9.26111821961757e-07,0.000144964769677854,2.88897906258905e-07,0.942421694121699
"TCGA.CS.6290.01A",0.00062365934241585,0.000304429568655539,0.0036897564627317,4.82363129050992e-07,0.00738317753776407,0.00166349511910797,0.0841607542847284,1.58218491517037e-05,7.10228999623259e-08,2.11998059048812e-05,1.31183709677488e-07,0.902137021459801
"TCGA.HT.8114.01A",0.000839077269778917,0.00147731322512492,0.00213450169439452,2.67210362724574e-07,0.0657899949620051,0.00319030867397962,0.0829072110634827,5.26872239940481e-05,1.58157176190983e-07,0.000511854737814337,2.03996029876517e-05,0.843076226178899
"TCGA.S9.A6TU.01A",0.000550172848690284,0.000903560202533964,1.61720765388434e-05,1.21529087369858e-07,0.030079843781166,1.51644539862792e-05,0.0369100921792741,9.85977410127671e-05,3.21392626717863e-05,0.000143672846763146,2.32529756041995e-06,0.931248137780715
"TCGA.HT.7616.01A",0.00481501845107264,0.00405297432414278,0.0174179464940192,2.45073019305343e-08,0.111489516596657,0.00421960760565098,0.103523281419806,4.77483729607e-05,3.55125533655622e-07,8.86773991261484e-05,3.53804069839842e-07,0.75434449589966
"TCGA.HT.8010.01A",0.000268638934259228,0.000112695426534687,0.000122303203371115,0.211841216532204,0.00883944555724363,0.00132603277547843,0.00560320023989875,4.80896569911903e-06,7.3342547199058e-10,4.16627359607441e-06,0.380903735314146,0.390973756044143
"TCGA.DH.A7UU.01A",0.000385608018282094,8.60451942586318e-05,0.000175247828473752,0.0162287396055669,0.0207284207519806,0.000609163645180963,0.0190984074323965,2.35767144117432e-08,2.11222153557386e-07,3.43425198149035e-05,2.08639131911893e-06,0.942651703813859
"TCGA.E1.A7Z3.01A",0.000392155255595689,2.85900029415376e-09,8.08389146171559e-06,0.218102380447537,0.0247040554946131,0.000908522777438863,0.0120427079102766,6.2700921983125e-06,5.6232049182923e-09,3.46312169548761e-05,0.491811553876067,0.251989630555652
"TCGA.E1.A7YM.01A",0.000161948293948813,2.86490939522458e-05,1.1348256458502e-07,0.172466895124184,0.0153127349852734,0.000359790511605192,0.00560241255252422,2.74227745909943e-06,1.58580685184056e-08,1.56929788701645e-05,0.3685810386445,0.437467966197049
"TCGA.S9.A6WG.01A",0.00110819727514529,0.00316036281150106,0.00209203764956336,0.000178520930339011,0.823491104425539,4.6182857432462e-05,0.0263469025674698,0.000386689674943509,0.00016515555835119,4.12306103513112e-08,0.000203073533843307,0.142821731485262
"TCGA.HW.8319.01A",0.000112656162662204,9.24663644558315e-06,0.000399191631899697,0.337919568166426,0.00812264921205854,0.00102054852450312,0.0108135592014537,1.99543847317534e-09,8.13454019398004e-08,3.73251656008822e-05,0.197591643944592,0.443973528013518
"TCGA.TM.A84R.01A",0.000279751803788014,9.38483165401764e-05,0.000137475872641868,0.21151640094614,0.0314106718640952,2.72584095828299e-07,0.000620944682006718,1.67645171866156e-05,1.35398353599226e-09,1.29691093859339e-05,0.702515977952795,0.053394920997341
"TCGA.DH.A66D.01A",0.000617740695334307,0.000122098078546906,7.37715086239637e-05,0.306807153753271,0.0163369999767598,0.00126838640215103,0.0388649772108826,9.29399802948805e-06,1.96096898972388e-06,0.000253556761682769,1.705515066514e-06,0.635642355130662
"TCGA.S9.A6WP.01A",0.000443950856702739,0.000335266068488917,0.000762773453961499,0.0975156973271854,0.0204629173476294,0.000754635292478051,0.0322224609853346,1.59964938606935e-05,7.28683551661442e-06,0.000493309277827696,3.03641120683697e-06,0.846982669649808
"TCGA.DU.A7TB.01A",0.000137614531288979,8.45642928956487e-08,8.43710147701651e-05,0.0983129810721335,0.0122132402168838,0.00088309492137558,0.00897017773047286,7.99484491369378e-06,7.95317485219123e-07,8.82445411507249e-05,3.03131841866842e-06,0.879298369926814
"TCGA.DB.A64V.01A",0.000406748048949227,0.00434065391548286,0.000353093552421227,0.116517037897448,0.0187318596842485,0.00242935611547486,0.0403119173750979,2.18123258363879e-06,4.66917304924516e-07,0.000573064389218533,1.74953251676957e-06,0.816331871339254
"TCGA.HT.8113.01A",9.14797458126677e-05,4.43784364646494e-05,1.43334089594697e-07,0.21280388736841,0.0100395417535493,0.000305253807124408,0.00120262532722319,1.14976205087711e-05,1.35632562307946e-08,1.65363025254023e-05,0.650643894289503,0.124840748451533
"TCGA.HT.7604.01A",0.00037935259973604,0.000304821713087012,5.45030035065365e-06,0.202101117622497,0.018583150613679,0.00115929757357794,0.0233391230181607,2.14306455575748e-08,4.89075979784133e-05,0.000216827544520881,1.04699689698288e-06,0.75386088298887
"TCGA.FG.A711.01A",0.000698772645955242,2.80657654390081e-05,1.06398334004428e-05,0.264016518150139,0.0061685199660287,0.00048345982488274,0.00860167060597615,1.51846374163855e-07,4.24240216757991e-08,5.98145922085897e-09,0.379817430429989,0.340174722526335
"TCGA.FG.A60L.01A",0.00196544413977445,0.00112829969818573,0.000490074070872232,5.81719264784469e-08,0.0215870131698711,3.79803721370568e-05,0.0868051537080066,4.69718198746629e-05,4.28036493922018e-07,0.000431149504328542,0.000109768969495423,0.887397658339034
"TCGA.E1.5307.01A",1.21019545896195e-05,7.46380914373616e-05,5.16154095321972e-08,0.516994709227574,0.0119666880779961,6.68530407458532e-05,0.0198023258832257,1.46789180149539e-05,1.24923308309659e-06,4.93776219827266e-05,0.0716066237795162,0.379410702556425
"TCGA.DB.5279.01A",0.000164996661679346,0.000533798942234908,4.85679254106829e-05,0.183081204415713,0.0113632072274795,0.00176877520611737,0.0014305061327047,5.90137548292372e-07,1.72418981637825e-09,0.000557852008499,0.65164759211125,0.149402907507173
"TCGA.DU.7018.01A",0.000251585159060081,0.000323034747751613,2.57808811934055e-05,0.175509305299628,0.0141532366140802,0.00148650926683497,0.00245615400606335,1.95646480849112e-05,3.01359174194908e-09,9.38034456818141e-08,0.446600024576254,0.359174707984013
"TCGA.S9.A6TZ.01A",0.000969972144853028,0.00034204098965284,0.000179461950940331,0.173749065851874,0.0283638573577643,0.00093291437556848,0.0187238500762787,1.81785717702094e-05,2.60817614599085e-08,1.57842969795023e-05,0.324012729435542,0.452692118867014
"TCGA.HT.A61C.01A",0.000713700534765589,0.00143425208716087,0.00361111909739336,0.0169584897192552,0.233622369253283,1.46406890968754e-08,0.0566804649981948,5.72494474192472e-05,7.96962863117031e-07,0.000186701936446219,2.18976040385209e-06,0.686732651562125
"TCGA.HT.A5R7.01A",0.000181952832904149,1.42515731456632e-06,1.64766000804136e-05,0.285655473877558,0.00732528143982655,0.000642414967889869,0.0116783650094953,1.44184715075928e-05,3.58912396920153e-09,7.56310232385462e-06,0.320246466821062,0.374230158130914
"TCGA.HW.7495.01A",0.000567647506870525,0.000162976113795291,1.22897917014259e-07,0.24428368133715,0.00905679142197809,0.00134781011498896,0.0029551565281272,1.78513145814907e-08,8.57219791074543e-08,1.8791825297563e-05,0.59213089345645,0.149476025224132
"TCGA.HT.7677.01A",0.000284934973478925,0.000103645304529726,0.000211318777573724,0.212829661553416,0.0192721395252593,0.000613612002396968,0.00434821258889913,6.68022111574874e-06,8.37106981539419e-08,0.000150204190821244,0.414146682139901,0.34803282501191
"TCGA.F6.A8O3.01A",0.000142324460020826,6.22384763001677e-07,6.36059350042838e-05,0.194559050652063,0.00609825021862969,0.000825490091840839,0.00160248666828468,2.71782844779026e-06,1.67625279269487e-08,1.99743773178559e-05,0.626845060960196,0.169840399660904
"TCGA.P5.A730.01A",0.000159058441329958,5.49773878294205e-05,5.7744281771213e-05,0.148675000681938,0.0233403760141923,0.00120512494935182,0.00716813070246285,1.23835273425e-07,4.65141523914549e-07,2.58097019358138e-05,0.347383593941858,0.471929594920533
"TCGA.DU.A5TY.01A",0.00191853461683502,0.00149445690853062,0.00957821741799678,4.36237453662772e-06,0.0171139372501638,0.00445214481492182,0.129700478144605,4.14281194813787e-05,4.7509255841729e-08,0.000315077917901606,1.06805520264411e-05,0.835370634373745
"TCGA.HT.8015.01B",0.000690041462619763,0.000161518635891267,0.000469410364892555,0.350065945879886,0.00802220639148914,0.00117361705190875,0.0117437333898253,4.19079474314965e-05,2.01885525140766e-08,2.36189479591576e-08,0.477411482377571,0.150220092690984
"TCGA.DU.6393.01A",2.8526753063511e-05,7.79464817756567e-08,9.86386342746901e-05,0.224620461735165,0.00866740816566632,0.000890970422099832,0.00492114582173262,5.27390315453821e-06,1.33418443026228e-07,9.53518472314136e-05,0.427371035493827,0.33330097585886
"TCGA.TQ.A7RS.01A",0.000143281063070305,0.000237306958268362,8.99891102345837e-05,0.178609861987472,0.0199012963150157,0.000355921721828938,0.00686857945871482,3.64062699489424e-06,3.92280140613906e-07,1.07799717257566e-08,0.231556036749731,0.562233682948557
"TCGA.E1.A7YU.01A",8.78435573175645e-05,5.30829858369945e-05,0.000123563507594274,0.100822889423977,0.0162229860712868,0.000550734224635234,0.0200395043210681,1.63710839677021e-06,1.79802424285267e-06,6.91862989096722e-05,2.69641998642736e-05,0.861999810276871
"TCGA.CS.5394.01A",2.1065691449084e-05,7.75639286755475e-06,1.7496642267599e-05,0.221960050098559,0.0101482427192636,0.000635479927438261,0.0026511727166534,1.86818273659035e-10,1.18282498027426e-08,4.38933879582573e-05,0.567003814821359,0.197511015587117
"TCGA.HT.8018.01A",0.000271708947920782,0.00201793308200002,0.00354643065590138,1.75784716932713e-05,0.202763734526233,0.00341260564705071,0.0733183181359912,3.41289782289312e-06,1.16148234716949e-08,0.000282378722567765,7.06460094227464e-07,0.714365180837902
"TCGA.HT.7482.01A",0.00024034782171399,1.7506855596431e-05,8.38046812706321e-05,0.150894047863567,0.0161801615533458,0.000735697457600899,0.0561694491163362,4.03554015652506e-05,6.37182299576403e-08,1.14184623460516e-05,4.12719435833593e-06,0.775623019874069
"TCGA.E1.A7YY.01A",0.000542523031140834,7.72533103100815e-05,0.0004494623558685,0.252237291260548,0.00930949507171557,0.000651775531463102,0.00628387130797091,9.22406886412105e-05,2.07494053322529e-08,2.22118821420953e-09,0.639976218236486,0.0903798462352626
"TCGA.DU.A5TR.01A",0.00278982206781336,2.08847162099952e-06,0.0108745475007862,6.27905094806038e-07,0.00638466522630895,0.000476729788504691,0.0995081849137083,7.06626482495977e-05,5.4566220462085e-08,0.00179395500474918,1.75313596836593e-05,0.87808113054726
"TCGA.VM.A8CB.01A",0.000112040233560539,2.10556327630283e-05,0.000943868550819202,0.311275054740488,0.0144752872986773,5.97594006038862e-06,0.00458452335391147,1.96398005920616e-07,9.20147640245803e-10,8.13285989978825e-05,0.668499772347675,8.95984893663154e-07
"TCGA.E1.5311.01A",0.000237133698101818,2.36058962146346e-05,3.14440786454532e-05,0.235602837601142,0.00921103537438253,0.00178599689772499,0.00762519775208684,3.10897567059559e-05,1.62532866406695e-08,1.80528256430302e-08,0.391224671451984,0.3542269531869
"TCGA.E1.A7Z2.01A",0.00025788718324879,5.37516525571223e-05,0.000234638814827617,0.198823124184224,0.0142593995791323,4.29738845345271e-08,0.00578368217269234,4.84736081974209e-06,7.08443131227745e-08,2.84440022048963e-06,0.412158662561746,0.368421048272334
"TCGA.DB.A75P.01A",2.86870196761169e-07,2.8480143699845e-07,2.81335974765992e-07,0.263267057668405,0.00861369587013355,0.000904327382508965,0.0036865633972018,2.89164634938901e-08,4.06289812935703e-08,8.99291886311554e-05,0.723434296276843,3.20766322329295e-06
"TCGA.TM.A84T.01A",0.000835665653958157,0.000287628989552655,0.000105727180767333,0.126132267341389,0.0159865474799909,0.000649331483827763,0.0232216322364248,3.25878344802711e-07,3.13491604165739e-07,0.000137935776803501,5.63562047306705e-06,0.832636988866864
"TCGA.FG.A4MT.01A",0.00113895428576753,0.000538119840038181,0.00126061476135741,0.28473577519408,0.0239332892087791,0.00069943502710558,0.0203851554271626,9.16751761843753e-05,3.71580630644324e-07,1.39638633573822e-10,0.000211982437065604,0.667004626922191
"TCGA.DU.A5TW.01A",0.000441531989703368,6.71642493367263e-05,0.000793932803707582,1.43920120771038e-08,0.0262793818454169,0.00030729909922887,0.0284993502594228,2.60413053267506e-06,3.22931231942485e-08,9.22886577291792e-06,1.19659236003266e-05,0.943587494148143
"TCGA.DU.A6S2.01A",4.73838832602756e-05,4.88678633535736e-06,8.15926174199174e-06,0.19218918782655,0.0117961577812076,0.000346740296941947,0.00232403463362583,7.50462932923223e-06,1.56662619450911e-08,0.000149329770450681,0.462185860538222,0.330940738926073
"TCGA.DU.6395.01A",0.000208439482819058,0.000226088244802243,3.72407471648575e-07,0.319769313427175,0.0127516997853317,0.00045968516304661,0.0217833885568486,1.25992003817359e-05,0.000167686009844355,5.09807750301835e-05,2.10065311455204e-05,0.644548740416103
"TCGA.FG.8189.01B",4.41334240118567e-06,6.8804238021956e-07,3.4088090386404e-09,0.397383612525131,0.0112968617105446,0.000232055041515956,0.000929995743440855,7.14292580620379e-09,2.25491234644383e-07,5.08181616453172e-09,0.590151942052845,1.90416955736809e-07
"TCGA.CS.4941.01A",0.00584132743757703,0.00443742214626484,0.0080226041947633,4.25893694404969e-06,0.0288950603871601,0.00753690471837327,0.0594607037248128,4.28144375297357e-05,1.95626925325786e-07,0.000782465741987213,6.69155264259609e-07,0.884975573492398
"TCGA.HT.7684.01A",3.78633430469226e-05,3.62967421323904e-07,0.000269684194604221,0.31274850331765,0.025255214967911,1.72251834697852e-06,0.0310235579144059,7.09629936397099e-06,0.000191040043035846,5.69233991957669e-05,0.00365332700694249,0.626754704028075
"TCGA.RY.A83Z.01A",0.000581815559357299,0.000299113380913565,0.000827814223477991,1.70644939128813e-07,0.0259699685836534,2.59697442647845e-05,0.0390604950542101,2.56886243091578e-05,7.22679222297835e-07,1.58849177602785e-05,8.56421955876853e-07,0.933191500165936
"TCGA.S9.A6U9.01A",0.00068741208144186,0.000381487824980308,0.000491091165612737,0.0166418586604732,0.0374286595139398,0.00156640419467774,0.041986623646188,8.6059402147595e-06,6.30023437556353e-06,8.34286929598569e-05,9.67711961255845e-07,0.900717160333175
"TCGA.DB.A4XH.01A",6.40921157761109e-05,8.19789020972104e-05,0.000171216551600603,0.111582367099348,0.00558476305068957,0.000763677867322958,0.00198121365481733,1.00017402078066e-05,2.71725426523883e-08,3.39167692599546e-09,0.264655048169282,0.615105610284639
"TCGA.HT.7881.01A",0.000136106908828536,5.58171818108333e-07,0.000246737257051082,0.216526405679931,0.00865794675796881,0.000259001319010501,0.0012103706446039,4.35462668965582e-06,1.22113786142252e-08,1.41460782637769e-05,0.652257133626788,0.120687226717668
"TCGA.HW.7491.01A",4.05063550985269e-05,4.47492067212072e-05,0.000107327788663147,0.236790980638295,0.010442877545906,0.00123805229807992,0.00443541704863406,6.89704068025254e-06,5.22552650468298e-08,8.53044735140567e-06,0.442804974547817,0.304079634827489
"TCGA.DB.A64Q.01A",0.000308571947174264,0.000156848674801206,0.000233868716999761,0.260030665414307,0.0158429966479573,0.00052738038522705,0.00828541388610099,6.67460917902663e-09,4.67110956801984e-07,5.46460553034928e-07,0.377617637095796,0.336995596985517
"TCGA.DU.6542.01A",0.000163017009687568,1.252531085521e-06,0.00168306480374074,0.160954881624682,0.00982329343907952,0.00206484736064735,0.0585178953504306,2.59274166073423e-07,3.97628223344127e-06,0.000101875088432867,1.85311801681576e-06,0.766683784117798
