"","cellFractions.B.Cells","cellFractions.CD4.T","cellFractions.CD8.T","cellFractions.DC","cellFractions.Endothelial.Cells","cellFractions.Fibroblasts","cellFractions.Macrophages","cellFractions.Mast.Cells","cellFractions.Monocytes","cellFractions.NK","cellFractions.Neutrophils","cellFractions.otherCells"
"TCGA.55.8508.01A",0.188930582100101,0.000238092240854644,1.2320363426195e-05,0.201504460334928,0.0868100479172336,0.0227030459304991,0.00801353746250251,0.000168252224744752,1.95549604771911e-07,0.00123915341975336,0.490380158514694,1.5394165777113e-07
"TCGA.67.3771.01A",0.080154472326365,0.000206787243242355,6.78127459917256e-08,0.607173257251571,0.095519543818036,0.0718339966108675,0.100343221967473,0.000206949617516842,1.16557887802052e-07,0.00445628690356165,0.0401048507537121,4.49137020437164e-07
"TCGA.55.A4DG.01A",0.0408893982514461,0.0119506129606812,0.017203306436967,0.334428249188397,0.0232990578407239,0.0271794027813731,0.00934761395575627,0.000461224968124342,7.25835042495395e-08,7.18353339861184e-09,0.389840597723999,0.145400456125495
"TCGA.91.7771.01A",0.0122508244771038,0.0198233807234529,2.6181647473739e-06,0.344793350639165,0.0195859573369944,0.0596811596398735,0.0342477756426062,0.000103298105565572,1.44934483927655e-09,0.00147986742548262,0.508030609072183,1.15732348042531e-06
"TCGA.91.6849.01A",0.0358020140185438,0.00450978847829828,6.57582602817192e-06,0.157180853579269,0.0080938031435193,0.0166214148036443,0.00911783865167959,9.09106209638417e-05,5.76295218772456e-07,0.00087805358539177,0.767695873352456,2.29764498774569e-06
"TCGA.64.5781.01A",0.0402554986822445,0.0682720255860861,0.010890966452994,0.267310010333654,0.174681534154382,0.0613957370373849,0.0167748571038176,0.000308493491631946,1.16400290661664e-07,0.00658749736693248,0.35352265527379,6.08116792754225e-07
"TCGA.44.6146.01B",0.000680119499927069,0.0106026721500449,4.78981292899647e-05,0.253725407063039,0.00562577782085838,0.0379765810099355,4.42704485241811e-10,5.00100087372248e-05,2.72483963157229e-08,0.000153612604885529,0.666045806161947,0.0250920878602348
"TCGA.97.7552.01A",0.123167354925192,0.015107115213251,0.144995102178542,0.50904632520789,0.0763489569070683,0.0477825483004877,0.0465933957250788,0.00167810372995844,0.00021857641135457,0.00363631188537455,0.0314142667172498,1.19427985526949e-05
"TCGA.80.5608.01A",0.00630669645585833,0.014358479927275,1.07480778090331e-07,0.251044082926688,0.0215028446212674,0.00604680709518021,0.00730619081032656,0.000111663716211449,3.31187997963784e-08,0.000889621720063528,0.686470314899222,0.00596315722833019
"TCGA.91.6829.01A",0.00520525369877591,0.000562069353891697,7.81653691268995e-05,0.299667976463077,0.174389525084584,0.191733251846225,0.0364931370696181,0.00227264306155062,0.000159130555366231,8.40629879008017e-05,0.289337002314591,1.7782195293228e-05
"TCGA.49.AARE.01A",0.0116431205743106,0.0109412815401485,0.0020250758769459,0.275912671318794,0.062165499721295,0.0155177748586135,0.0070804652246505,0.000239321732966066,1.8751743352465e-06,0.000666819419984124,0.613805849582531,2.44975425664332e-07
"TCGA.97.A4M1.01A",0.00223007111116701,0.0223749713615035,0.000994916835737769,5.30515115195669e-07,0.152193101948462,0.0245731393527684,0.0484935229767189,0.00245238102514045,2.41406368026599e-06,0.00187116286530502,2.43731739172797e-07,0.744813544212662
"TCGA.83.5908.01A",0.0014710350001412,0.0842756310327798,1.47986812244868e-06,0.241181154391509,0.0555212005138586,0.0345787065765643,0.0735205354238198,0.000323830669260496,1.01404175374033e-07,0.0133153875669935,0.49581009589758,8.416551958176e-07
"TCGA.97.8179.01A",0.00159013301336767,0.0153453829180636,0.000193175626924507,0.102950936632454,0.181602703198022,0.0210646382144745,0.0360899254723898,0.000323043969255856,1.0376178224534e-07,0.000502043305637381,4.73375011765606e-06,0.640333180137511
"TCGA.64.1680.01A",6.77309174673975e-08,8.79302998201436e-06,1.51739204837838e-08,0.224235456122638,0.00939252234114564,0.0130148355707938,0.00614594476723054,0.000739950213324847,4.45449801794204e-09,5.36524067764953e-05,0.746408730597359,2.75914135752958e-08
"TCGA.73.4670.01A",0.00095420903032038,6.45582446399377e-06,1.07508644850747e-07,0.186522687358436,0.110436853109372,0.0216945943629281,0.0130638686041834,1.2483370921621e-05,5.29039112639937e-10,0.000313639152658186,0.666994988037519,1.13111513319642e-07
"TCGA.44.3396.01A",0.0757316105948787,0.0128553564778884,1.0479288291915e-07,0.559429222327744,0.112747632698738,0.156053335064316,0.0769535031437249,0.00171838372031902,1.05174611184833e-06,0.00438013750907019,0.000128839181206251,8.227431202749e-07
"TCGA.80.5611.01A",0.000102666726994388,0.0211678464909644,1.22435971468097e-06,0.204370387909517,2.81468179381162e-05,0.0144314485025221,0.0625948738216435,0.000532095115128506,0.025446412524204,0.00171289481235277,0.669611916667874,8.62511462221783e-08
"TCGA.53.7624.01A",0.0077433034146579,0.0198302344857832,2.64380667045006e-07,0.243023210587496,0.0310167951185522,0.0146347627720299,0.0246628219017398,1.44821506370413e-05,5.49320671357572e-07,0.00188152717664593,0.29649751416415,0.36069453452697
"TCGA.91.6835.01A",0.0864675305893102,0.107765955352879,0.0530372713889413,0.445602604145661,0.0349498744891231,0.0837525017746593,0.102604408227632,0.000850134353312737,4.00219109047307e-08,0.00386549101163438,0.0811038424774504,3.4616748580248e-07
"TCGA.L9.A50W.01A",0.00495529227686466,0.015783725415793,3.79653301014228e-05,0.495471933475084,0.0298888108834734,0.0136190789943903,0.00919492763203116,0.0016000047314257,1.17046694573778e-08,0.0003668725180693,0.429081375898339,1.13975829068332e-09
"TCGA.86.7713.01A",0.00637327526085744,0.00282218322328297,0.00344225449320334,0.243272901030133,0.00771221110897049,0.0092759193038541,0.00292692677162419,1.33126397578745e-05,1.30816273128609e-09,8.44014115614181e-05,0.724076169954799,4.43493793149655e-07
"TCGA.50.5044.01A",0.0136037238110584,0.0402899222996678,0.00259949716355555,5.72820255158213e-06,0.13997551667027,0.0198551321946503,0.0559714089267326,0.00118201846226552,5.9931733795064e-07,0.00430624672336978,4.98974281076161e-06,0.72220521648573
"TCGA.97.7941.01A",0.00692361247996074,0.0108791332679058,0.00415550610665019,0.287947123190486,0.0513643203735007,0.0274487334990164,0.0162013063383652,0.00124421590249635,7.00948204184381e-08,0.000695339960119941,0.593128223190107,1.24155965709439e-05
"TCGA.86.7714.01A",9.86437689074097e-05,0.00359715187620065,0.00254400486265877,0.347222400337387,0.0011173213336736,0.0456829903128642,0.0129450177320834,0.000261448740793807,5.72127408882803e-05,4.83061028546346e-07,0.586473215694666,1.09538848580939e-07
"TCGA.62.8402.01A",0.000531443483221073,0.0418239504783872,3.4822811401861e-08,0.205570762909356,0.0122754616580109,0.00421171287174223,0.0310590672826579,1.70979540043624e-09,2.80832773502848e-08,0.00291467481526086,0.701612853467575,8.41790565599495e-09
"TCGA.78.7162.01A",0.0218797173859666,0.00105912519386326,0.0381414474814169,0.279167816439006,0.0580906221585617,0.0257825892486085,0.0135985639230641,0.000944717762901748,5.58185311650637e-08,0.000981402560639946,0.560349863096358,4.07893108184792e-06
"TCGA.49.AAR0.01A",0.0459441518327664,0.0645880007440453,1.71321673345474e-05,1.45473251937497e-07,0.118432849397856,0.0203032064624517,0.0821246333584888,0.000958770121621769,1.83120836275646e-07,0.00495360377029471,3.07712238434189e-05,0.662646552327209
"TCGA.35.4122.01A",0.0667164369295786,0.0293715567997142,0.136041405357528,8.07527784296704e-06,0.181358600241438,0.103518517047241,0.179939476735932,0.000512912904229372,2.55282113749623e-06,0.00382849092837844,0.000242971859724525,0.298459003097254
"TCGA.55.7726.01A",2.24379859709453e-05,3.16893636668354e-05,4.17726627841801e-09,0.197601634519119,0.0387683183871082,0.0674706804055072,0.00644927236923768,0.000155711627154181,8.70293329668495e-06,0.000107324944113632,0.689383966959094,2.56328465153471e-07
"TCGA.62.A46Y.01A",0.0121924245230107,0.00899908701737093,0.0573227113049954,0.331204163381933,0.0436237829006336,0.0144603445504968,0.058150757695165,0.000706559079502281,0.00164674574977515,1.14742503327573e-05,5.95685153833727e-07,0.47168135386163
"TCGA.55.6980.01A",0.000355235637692657,0.0322649952270918,4.40883970999571e-07,0.15947055855909,0.154459840366762,0.0531630683629614,0.0163154199907457,0.000571181939850641,6.94418026687797e-07,0.000475289125729409,0.582923133880667,1.41607411534341e-07
"TCGA.05.4430.01A",0.00122715868034181,0.00623285073162508,1.36743949262172e-06,0.483878474058438,0.297852643884421,0.13337075078976,0.0675482928145911,0.00277344541482597,1.57541831937751e-06,0.00248835151999067,0.00462461580166346,4.73446530986749e-07
"TCGA.67.3772.01A",0.0398921114238321,0.0219173423993544,0.00168148200082404,0.513346816873308,0.0738067387031243,0.136343332496537,0.0216458607517306,0.00139870928024327,1.96452988300064e-06,0.000906767686474421,0.189048533432554,1.03404221353733e-05
"TCGA.MP.A4SY.01A",1.29782788495002e-05,2.95003032432373e-06,1.99969373777913e-06,0.261056570792861,0.0673502799913375,0.0734348039932564,0.0465346913782218,0.000584313934265356,0.0209837847980877,1.39851461967339e-05,0.530009557138073,1.40848247888429e-05
"TCGA.78.7148.01A",6.52520618408174e-06,0.00430118808975414,0.00229434015348758,0.299263498866017,0.00503294698540677,0.0185328810733328,0.00875164384725798,9.89927604235038e-05,2.06775347820529e-06,0.000864476529888663,0.660851437094517,1.64025258468501e-09
"TCGA.35.3615.01A",0.00526584646396158,0.0112365965066184,0.000673260672526598,0.324275096789678,0.0306444073594716,0.0183465548820572,0.013164320990451,0.00020610101611682,1.08945831194307e-07,0.000585314280494535,0.451655460089523,0.143946932003271
"TCGA.55.A493.01A",0.000111097521279801,0.00948704299949135,2.25883894631195e-05,0.4316869622217,0.0498037017095666,0.0231555159694924,0.0399701467232482,0.000213512646187123,1.9567019112604e-06,0.00553162811967459,0.440014582200979,1.26479700697469e-06
"TCGA.49.6744.01A",0.06532995238686,0.0766738405404869,0.000359235314332005,0.444163594531462,0.16388447801094,0.096653484035946,0.0806481976019437,0.00298386655662622,0.00291026314399197,0.00434923397345021,0.0620438439594309,9.94452967705713e-09
"TCGA.49.4494.01A",0.00726701569802923,0.0331502899648143,2.85791872795306e-07,0.326366218798884,0.0487991362568773,0.014917920087769,0.0322004049548571,0.000422513000160169,9.00344451311008e-08,0.00253914717264308,0.447337111477205,0.0869998667624426
"TCGA.78.7143.01A",0.00373729125931577,0.0134271206484736,3.61574472041539e-06,0.147528987462194,0.0143697303145243,0.00907959924596667,0.0133192036991385,0.000202652692729878,8.47374396733922e-07,0.000221196750768875,0.798109506611966,2.48195805674449e-07
"TCGA.99.AA5R.01A",0.0926026938244474,0.0426600703294997,0.0934580258675274,1.54829457766213e-06,0.220560118846906,0.0518476226329176,0.0529789394843591,0.00193807908886205,1.49957412717615e-09,0.00544359406464836,9.27003965604136e-06,0.438500036027024
"TCGA.55.8085.01A",0.0235696528190768,6.42714700809194e-05,0.057179738222652,0.264928753131459,0.0303885209123094,0.0122691834357742,0.030150498979716,5.13572999198779e-07,0.000351597034729537,5.73502089540577e-06,0.581091305137578,2.30262729279097e-07
"TCGA.44.8117.01A",0.00834143192346633,0.010365895158477,0.000697164151666219,0.342530701909158,0.0570164256025109,0.0360277003279128,0.0152332614598556,0.000336838937897321,9.3620668579382e-09,0.000739657583636682,0.494841707413807,0.0338692061695457
"TCGA.55.8506.01A",0.00476633265561488,0.00277394842494085,1.59797856380383e-06,0.360418922232568,0.0623441830840191,0.0183389768142524,0.0215370121546694,0.00173910071599953,7.97054364780438e-08,0.0017733772966168,0.526306091745616,3.77191703200157e-07
"TCGA.NJ.A7XG.01A",7.65765142811585e-05,0.00302387174215288,8.25470610361142e-07,0.229049484092877,0.0185706917389451,0.00158436074401482,0.00118144938499556,0.000387741257696582,1.20708089437179e-07,0.000134566003915969,0.745990075885091,2.36457329703343e-07
"TCGA.05.4384.01A",1.14049898116121e-06,3.6803259213611e-05,5.1626809026205e-08,0.175432039267051,0.0174926490667309,0.020213462830827,0.0207118916279417,0.000160612565029714,3.55822952507483e-08,0.000540926853049056,0.76541015962172,2.27200351627021e-07
"TCGA.64.1679.01A",0.00218717759267366,0.0102217593071659,4.50240948672541e-06,0.151401624988256,0.120089196931848,0.0625862158374661,0.0272738965058687,0.000522336950698537,4.40097780107548e-06,6.27661390962038e-05,0.625627496337503,1.86260221357849e-05
"TCGA.73.4666.01A",6.67325696380277e-07,0.0519691639200044,0.000643019535578802,0.355858151392839,0.0199798927700911,0.0234152402469026,0.155921816150347,0.000324067728943656,5.90251355416094e-07,0.0145653970678725,0.377321961394542,3.22158268032748e-08
"TCGA.55.8616.01A",0.0255290497189733,0.00751525653923802,0.010430100396648,0.268470528226362,0.0377059083062756,0.028672080539621,0.00874332982267026,0.000945011999203748,1.8291438293038e-07,6.42718899522425e-05,0.381892126967853,0.23003215267882
"TCGA.38.6178.01A",0.00382179327765205,1.70115192972767e-05,0.00252116575764486,0.25320226973062,0.100468574940814,0.0603343900766736,0.018812781506508,0.00102146504003348,1.78416364213314e-05,2.0402700408061e-05,0.559754440678856,7.86313507097297e-06
"TCGA.93.7348.01A",0.0583646408986287,0.00758110077260669,6.76173314684779e-07,0.291304505442285,0.0566398613756983,0.0452633566430509,0.00772314588770895,0.000500979827516994,2.71408915254715e-08,0.000232523613132257,0.532389172944366,9.28079923418861e-09
"TCGA.55.1594.01A",0.0194842709099847,0.005105972656085,0.000148907373053618,0.204104180555807,0.0262741865149872,0.0142115684182679,0.0188932737436923,3.09995702693952e-05,9.96531791075067e-10,0.000890543045674207,0.710855660707,4.3550864649377e-07
"TCGA.73.4658.01A",0.00444474514552268,0.0112489375677678,0.000326448072246616,0.266197102012895,0.221047324231726,0.138891534360844,0.107211147253587,0.000738582872710242,2.7772330924204e-06,0.00158937855037554,0.24829507524308,6.94745615220537e-06
"TCGA.80.5607.01A",0.00508904948576456,0.0100568469529087,0.00363165192031826,0.446638897929635,0.00676868321379453,0.0310777212131869,0.0311992406817732,0.00173815583427908,1.38490482012666e-07,0.00145107970337088,0.462346020954211,2.51362027569717e-06
"TCGA.55.8505.01A",0.00562015238639199,1.81563493982478e-05,1.63063049336322e-05,0.164008402498633,0.0901590987845402,0.0374504305397906,0.00612596696709005,0.000374796593661562,1.4293848143719e-05,4.41480440599918e-05,0.696167186348415,1.06133494141121e-06
"TCGA.MP.A4T4.01A",0.0767681360716821,0.082234727174681,0.000337043886693105,0.237046363267785,0.146000809772289,0.0675252795813318,0.0895567218814667,0.000726657138391704,1.26446073431846e-07,0.00939984968534066,0.290403966450251,3.18644014500001e-07
"TCGA.49.4506.01A",0.0231466381395443,0.000720616568970391,0.0582469826831583,0.081247952702977,0.0149126278447221,0.0149737013531499,0.0229175400889105,3.38422527024636e-05,7.29077510310304e-09,0.00251526114193539,0.313401563601187,0.467883266331967
"TCGA.97.8172.01A",0.0769379868982181,0.0298441951490148,0.0145271611556081,0.214663208453487,0.0705728499926353,0.0742906233085512,0.0306258140827255,0.00326272944557075,1.19709423705875e-05,0.000756805881421707,0.484505640409937,1.01428045990386e-06
"TCGA.O1.A52J.01A",7.95707960586492e-06,0.00972345594252938,1.093123933434e-08,0.24402784765465,0.0499487979039534,0.0103054082282539,0.0185654385964082,0.000236340854675998,0.00364909677575345,0.000325032328062881,0.663209723704125,8.90000742414744e-07
"TCGA.78.7537.01A",0.0177665712084657,0.0124305455647029,0.00252647502542598,0.342436059598037,4.68920027202652e-07,0.0547854271442277,0.00783574687506856,0.000527123345960934,3.93678745453944e-07,0.00029208793398838,0.532006221707405,0.0293928789979446
"TCGA.73.4662.01A",0.0332196909026094,0.0238801731292548,0.0156807873176573,0.311487470590896,0.0304009631725586,0.0318680139263604,0.0211812284538292,0.000414086236550053,0.00168994115560642,6.75824204182136e-05,0.530096990493534,1.30722007257962e-05
"TCGA.62.8398.01A",0.0055816399191913,0.00386216332866031,3.06302750273153e-06,0.247028969080155,0.0255901682033365,0.0167171179389094,0.0167783767828819,0.000116015457425665,5.37469999983072e-08,0.00128042804201295,0.683041847219771,1.57253153596239e-07
"TCGA.49.AAQV.01A",0.0253285568625031,0.0477294707055436,5.11043219318076e-08,0.149381636440165,0.038418632460069,0.010362068415264,0.0112861931376284,0.000430528899079392,2.26571247966359e-08,0.000776295658642687,0.449561210316956,0.266725333342702
"TCGA.55.8621.01A",0.137924828563472,0.0656037862896152,0.0117245719350758,1.2375792755975e-06,0.262829071039295,0.0587007246563579,0.231027471278038,0.00434728973004858,8.43427260040925e-08,0.00992239202328156,2.0850037541278e-05,0.217897692525273
"TCGA.53.7626.01A",0.0745159044123297,0.0810251269186597,0.000560819542476634,0.611902678683896,0.0733888662848184,0.0719156275393133,0.0638007113874574,0.00155513838394106,0.00617799003596315,0.00660433456650197,0.00850479930346418,4.80029411788327e-05
"TCGA.44.7669.01A",0.0198735682997271,0.0222603106717383,0.000282992232957896,0.726583422593246,0.0485306950805177,0.0271208534492808,0.0534484394862255,0.00050793431771539,3.63683865257811e-06,0.00180918357180457,0.0995779461773061,1.0172808276163e-06
"TCGA.93.8067.01A",0.00884716583498786,0.00938639863051307,1.57530943079735e-06,0.316707671597396,0.0745810794113307,0.0133368905313574,0.0152995496891415,0.000213239485281449,1.38604617262463e-07,0.00180362550839256,0.279155049892574,0.280667615504978
"TCGA.97.A4M2.01A",0.0499482259220345,0.0140499244932453,0.0956168660257584,5.76059313342953e-07,0.0834532161440552,0.0422505683059389,0.142558826622667,0.00270874741747414,3.72175498605194e-08,0.000245079700864251,2.79935256819181e-07,0.569167652155842
"TCGA.05.4425.01A",1.52281442598993e-05,0.0303188701622944,3.01094019319717e-05,0.40278869524879,7.33334391990979e-06,0.0951119940672551,0.0393060089142654,0.00105203085146845,2.08628876661074e-06,0.000938485109449512,0.430428309949399,8.48518199899033e-07
"TCGA.69.7763.01A",0.0195078321071578,0.0136464527231027,0.000254100322664955,0.3740071074826,0.0997037945148129,0.0705755096848393,0.0183884144178031,0.000366389806830844,1.31067424271742e-08,0.000676961961249224,0.402858707974321,1.47158978760013e-05
"TCGA.86.8056.01A",0.0139345252541966,0.00372800804235875,8.04188258639296e-07,0.56723457280442,0.00465867418803068,0.0438537873506183,0.0296158554101952,0.000805245644073239,1.91294023075548e-06,0.000527721540817222,0.335638892099013,5.37787514780276e-10
"TCGA.50.5931.01A",0.000654053179963953,6.10633230890684e-06,4.61227682189711e-06,0.315142936459176,0.0358922978176374,0.0788218158029432,0.00143954912537518,7.63275736521142e-05,7.86349268615523e-07,0.000141471146771018,0.567820017134645,2.68014361658917e-08
"TCGA.55.8512.01A",0.000503353129326444,0.000174337345480176,0.00010927028424659,0.220795847173428,0.0822816873441229,0.00688235467787299,0.00822272196213555,0.00022409674186283,4.4035005153014e-09,0.000945563736637873,0.679860706017998,5.71833885625611e-08
"TCGA.75.7025.01A",0.0114690358048251,0.00827862470464397,1.23849192394608e-05,0.118958288162111,0.0573030277896761,0.029724556618177,0.00657572235372152,0.000549716404787737,8.96154952027632e-08,0.000522611780954416,0.766605940733189,1.11317855425477e-09
"TCGA.50.5930.01A",0.136406745364368,0.0101854020751595,1.78378914923568e-06,0.604246762863228,0.0977856534130904,0.0873826034775818,0.044513494665111,0.000285739885439973,0.00434015488982597,0.0027391607919254,0.0121115532470745,9.45538046895192e-07
"TCGA.75.6214.01A",9.25082036864414e-06,7.76050725733624e-06,2.31767589393569e-06,0.0959267781057444,0.00761979978997969,0.00530350827213033,0.00245533399764589,1.96195685335708e-05,1.61739778177602e-07,9.34539147705897e-05,0.888561855155862,1.60452035776461e-07
"TCGA.L9.A743.01A",0.0666293512100403,0.0478159866220511,1.13595351675591e-05,0.296286345314957,0.0577015420990459,0.0454117502083738,0.0507848775930676,0.00119270103239424,3.98395175973581e-07,0.00304437754700232,0.431119349626773,1.96081595183408e-06
"TCGA.50.5939.01A",0.0517601255108784,2.00889609365337e-06,1.45762991224482e-07,0.304491053914245,0.0483940380099548,0.039322929989936,0.0428156266831065,0.000441348738877767,1.92209516758111e-05,0.000478382481212214,0.512275044008846,7.50521822615851e-08
"TCGA.78.7161.01A",0.00308023007201162,0.0111744277025328,1.13576773060957e-06,0.176688496712801,0.0556809827352105,0.0297613840248728,0.00244027232852769,5.22648225470619e-05,4.43932133717384e-07,0.000540522880712707,0.4220467265343,0.298533112486619
"TCGA.44.3398.01A",7.76378272325627e-08,0.00270124774567354,2.28629576476067e-07,0.236863254105052,0.0361753574795938,0.174003285468623,0.0523892562023885,0.00093174339688662,1.97039031242543e-06,0.00229535433085846,0.494635788657016,2.43595619226236e-06
"TCGA.97.8547.01A",3.44174506433374e-06,0.0511791029416138,2.43149726352928e-06,0.171253703973752,0.063324564539941,0.089084411457295,0.0188067548692804,0.000301914320831896,1.74870518307018e-08,6.09223832461661e-06,0.606036113696389,1.45123319221154e-06
"TCGA.91.6840.01A",0.0149140707957481,0.0237577619196844,0.000739170497928281,0.300575797806755,0.0609949502756796,0.00862892170135876,0.0142206316490293,0.000420803349088644,7.94446074610028e-08,0.00192663238737986,0.573820265136754,9.15035986511205e-07
"TCGA.55.6986.01A",0.0129929153426992,0.0168034268542743,0.00010356342716405,0.460522579776002,0.0318326049003571,0.0199423689236409,0.020177219579884,0.000353992776073879,5.50735403007221e-07,0.000651350674082529,0.436612563170068,6.86384035058335e-06
"TCGA.05.4395.01A",0.00113673945051753,0.0111400548339587,8.61149153559859e-09,0.373917766484561,0.0318930014477513,0.00646137826542964,0.0185435841502826,0.00011294484744701,1.47287225561055e-06,0.00221256715965113,0.554580480127015,1.74963895255689e-09
"TCGA.44.7672.01A",0.206586621435794,0.0689130413155259,1.24555836105489e-06,0.293793197898459,0.184636235677775,0.122522180710956,0.1024046154077,0.00180849385378349,3.81974240666424e-08,0.00509532283632305,0.0142386039125241,4.03195374217367e-07
"TCGA.44.2662.01B",0.000742059505062579,4.74616556020249e-06,3.851754483302e-06,0.109104159177353,0.000699237662121628,0.0433110619119133,0.00891847066392526,3.19982772849765e-06,0.000427470682939261,0.000115846913387619,0.836668462895541,1.43283998420122e-06
"TCGA.97.8175.01A",0.000127564784569404,0.000105370259354579,1.05082593723819e-05,0.440642843087443,0.0208161666525417,0.0127755292070924,0.0317616486432636,0.000191726352588925,5.33208341710568e-06,0.000670309422697378,0.492892993176,8.07165941077271e-09
"TCGA.55.8087.01A",4.52653400723457e-07,1.36152734413747e-05,2.62515262937283e-06,0.201345729255701,0.0559430503608299,0.0246686903815357,0.0086666423777225,0.000769201654794884,2.60314957431983e-06,3.16345567061635e-07,0.708586774583677,2.98811125753234e-07
"TCGA.78.7160.01A",0.00405495914529432,0.0343756122718145,0.00944418443428998,0.580565439761871,0.142935489996343,0.0567090295588352,0.0573153924945167,0.000317457249328565,3.26175252892892e-06,0.00535043948645488,0.108928694833094,3.9015629127908e-08
"TCGA.L4.A4E5.01A",0.0100424835987875,0.0132386563677568,0.00200642014820128,0.235578976734796,0.0304128399695224,0.0136684748723595,0.00663828613271149,0.000101179329492077,3.1448857645129e-07,0.000551446828540483,0.520988252409106,0.166772669120149
"TCGA.97.A4LX.01A",0.131304277910714,0.150993958634562,0.00204803680404501,0.350710217072337,0.0973095689403462,0.114574182928428,0.143481765568016,0.00128597314294423,1.30434969694702e-05,0.00827806375198872,4.91127177685176e-07,4.2062247169539e-07
"TCGA.86.8359.01A",0.00275542070145474,0.0379990339259943,1.44839454598683e-05,0.172806458060259,0.0699362674313035,0.0106496174428177,0.0059709042616765,0.000159497795784423,5.5214174127115e-05,0.00542229141254893,0.694224663635239,6.14721333456935e-06
"TCGA.44.6145.01A",0.0772588429830813,0.0591197559628256,1.61378558966165e-05,0.23065459379121,0.0797980245872519,0.0727090488074455,0.0487808611839033,0.00135423556798175,9.06462156808518e-06,0.00748655449100706,0.422808450055844,4.43009198561106e-06
"TCGA.78.7155.01A",0.00159183784539975,9.05359413929096e-06,0.0159238518905714,0.247030502817885,0.0139569143641819,0.00513757491254362,0.00673263300883351,5.37477742383687e-05,2.31764127538051e-08,0.000517603742602798,0.463694724384762,0.24535153248843
"TCGA.55.7816.01A",0.00189126005805953,0.0170898821181348,0.00346827525788317,0.653832801468882,0.118786419939496,0.0517457607260623,0.119002991515796,0.000442347512414891,0.0278688780461805,0.0058610512431314,5.27555204514451e-06,5.05656191391453e-06
"TCGA.99.8025.01A",0.00796825218632267,0.00639337551314994,4.13027579881476e-06,0.250116227943404,0.0795938523231362,0.0216614660369745,0.00751519761845916,0.000221572057050468,1.26330965537348e-07,0.00026218295987304,0.626239234922716,2.43818321494782e-05
"TCGA.44.A47G.01A",0.0483689910839525,0.0432180476999806,0.000762530162345826,0.313447816811236,0.0151714366253305,0.0567026409306885,0.0492784484039707,0.00104273734221161,5.75807785309334e-09,0.00230468955780162,0.469702606451597,4.91728066807257e-08
"TCGA.55.8615.01A",0.000431381380183204,0.00145818454675605,0.000118646102560392,0.158379325395674,0.0149006004665377,0.0114234400964132,0.00453575866117783,2.92021365912354e-05,4.62754994142215e-07,8.78355999921359e-05,0.808635044324917,1.18534202562276e-07
"TCGA.73.7499.01A",0.0439330175828047,0.0868832398156615,0.115616320381279,0.0581000940736048,0.092754043277463,0.0607832186466402,0.0927556394916167,0.000710588088236746,7.08006010605319e-07,0.00305078476773695,1.19191820925989e-07,0.445412226677125
"TCGA.86.7711.01A",5.58978425213024e-07,1.60453184634405e-05,1.21853435644514e-06,0.175127915588298,0.0114597820705686,0.0245111687799773,0.0546917939329286,9.81159108788986e-05,6.40580262825978e-06,0.000344579675583995,0.733742413182498,2.22539324564941e-09
"TCGA.86.8075.01A",0.0290919637447805,0.000226970658703222,0.000404508279286851,0.277995591262466,0.163882087200764,0.11618176051464,0.0348854796228556,0.000459630248874335,1.3668044281639e-05,0.000404137835947542,0.376443651961797,1.05506256034894e-05
"TCGA.86.7955.01A",0.00111726474890725,0.00010393845794787,9.82657641988974e-06,0.251862318751625,0.0135032061644663,0.0023112101357173,2.66453093701428e-05,0.000111195017177922,4.28364509985666e-10,0.000254859217301044,0.730699503415614,3.17770892915523e-08
"TCGA.55.8513.01A",0.0341472146088181,0.0178559277725883,0.000791041209307551,0.721006665227634,0.0902237792549612,0.0424935763236581,0.0909219024980273,0.000814526098449661,0.00010249217012527,0.00163339435482513,5.19004567737742e-06,4.29043592781756e-06
"TCGA.MP.A4TC.01A",0.00170710181930151,0.0193361910453438,0.000114840774679107,0.122393538025002,0.219942051207997,0.0881274182171106,0.0515571097103588,0.000825319146468515,5.5698477860897e-05,0.00295164883676301,0.492978957246473,1.01254926418291e-05
"TCGA.05.4420.01A",0.00607214546645121,1.96742460062093e-05,1.20934429900047e-05,0.384735236654579,0.0144123717044517,0.0306516500252289,0.00882760025873038,3.61231315220666e-05,0.0171384958217963,0.000428161023753239,0.537661826740977,4.62148351397432e-06
"TCGA.86.8280.01A",0.035694926729255,0.0516293443967233,0.000318207996988489,0.260002706334297,0.0680683927290584,0.0803921372536808,0.0398286251377326,0.00133390267349159,0.000202650702856233,0.001525691426077,0.460989009965662,1.44046541776455e-05
"TCGA.78.7166.01A",0.00624095263269253,0.00304183732800837,0.00529235108743855,0.186448025878611,0.0144702007929027,0.00293990430899984,0.00039199204025471,0.000132639157928491,4.63911763700549e-09,0.000216640844777787,0.761325885542085,0.0194995657471833
"TCGA.91.8499.01A",0.0111150470534728,0.0128637458263827,0.0498991930657704,0.492316586658461,0.099278529263363,0.0328792404634281,0.0670554480382186,7.97517020578831e-07,0.000770291225438749,0.00128971887115654,9.14903029710332e-06,0.232522252986991
"TCGA.71.6725.01A",0.0012676037408126,0.000799821905787808,1.12220573646393e-05,0.240749730071136,0.0148491793468376,0.00334468818058166,0.0118189391224664,6.95972870591524e-05,5.845102335935e-08,8.3979088347264e-09,0.697809474590687,0.0292796768483347
"TCGA.69.7980.01A",0.01088883612297,0.0124067781086072,0.0673738704473929,0.46597339466745,0.136106323695919,0.0424867905632574,0.0725907969593819,0.000218791865588488,2.17975467908868e-06,0.000562072226016067,2.00467296944968e-06,0.191388160915769
"TCGA.L9.A8F4.01A",0.0685713989271501,0.0278736571141696,0.0607209552032593,0.163659714454304,0.113273184127987,0.0355393308487982,0.0499899743222671,0.000194001671697305,9.08578606806646e-09,0.00180860890435772,0.478368915810029,2.49530193963547e-07
"TCGA.05.4433.01A",4.74371845068079e-05,0.00322140832793648,0.00693553551533628,0.0296292689727897,0.0093921343447072,0.0064025573501377,0.0119770690652048,0.00021304762559392,9.70932640932145e-08,0.00055740677076846,0.931623742783891,2.94965863171447e-07
"TCGA.55.A492.01A",0.00435242469074106,0.0120148917649949,0.000202697234483775,0.214955912177743,0.0292317947496785,0.00874835983657785,0.00547145012034878,0.000238097467341233,5.21052064436426e-09,0.000591091071558969,0.484686123616312,0.239507152059699
"TCGA.73.4675.01A",0.00567714847848965,0.00229920193791971,3.24564636887177e-05,0.198222135205606,0.0588954162810283,0.0314671181556682,0.0212895651847798,0.00036436522291955,2.31904071899066e-07,7.87067734584005e-05,0.6816684624607,5.19193166979693e-06
"TCGA.50.5936.01A",6.11551757706463e-06,9.65841402968766e-08,1.06806710192751e-07,0.209089143985197,0.0761276057677449,0.0313140161962154,0.0233427892357606,0.000375772842390807,0.0171430419516684,1.48682534958192e-06,0.642599780777839,4.35094072146996e-08
"TCGA.44.7662.01A",0.0201481186292396,0.00868607923426259,0.000108820782076795,0.0907520168642199,0.26373502585949,0.0927196859069444,0.0372858855152986,0.000618245040833744,2.18305477105984e-05,0.00295699461225123,0.482962834574815,4.46243285721613e-06
"TCGA.78.7154.01A",0.00250722276686641,0.00830245060458941,8.14361365890573e-05,0.306865505716258,0.0149808784190945,0.0240611056909731,0.00664317788382914,0.000237333186700575,3.32341762347601e-10,0.000875462161825666,0.576838205411844,0.0586072216890883
"TCGA.05.4244.01A",8.70633027118541e-07,0.00252819501739911,0.000505525214011021,0.299235129331403,0.0207520895739891,0.00900227225069006,0.0182260922028519,0.000174215412921276,1.85606984529539e-07,0.000472204051848444,0.649102693743264,5.2696161052513e-07
"TCGA.73.7498.01A",0.0208434258107567,0.0355207814593072,9.79584559279955e-07,0.379915631484423,0.0854252957330469,0.0477226339111648,0.0152573929557435,0.00168543627191258,0.00708640697689732,0.00090147242595602,0.129285628322313,0.27635491506392
"TCGA.50.5933.01A",0.0106018924525094,0.00318923506038558,6.27369294556042e-07,0.410620039882302,0.202097469319925,0.205021613095002,0.146288682207574,0.000792056100297739,0.0129998701685494,0.00139716556796963,0.00698068840535659,1.06603708334397e-05
"TCGA.55.8507.01A",0.0055683312007093,0.0101516825544886,1.7347563571335e-05,0.524848837842153,0.0789754462560664,0.0242152917917016,0.0322589583580726,0.00107114922614733,0.0028513284656788,0.000903758741443441,0.100928293014766,0.218209574985201
"TCGA.S2.AA1A.01A",0.201602140957922,0.088348657757525,4.72024539540722e-05,0.384822550062609,0.176362371888328,0.0933176833871223,0.0247088865844878,0.00176321373401764,1.76907496342522e-06,0.00351289728611671,0.0255047419738086,7.88483914508375e-06
"TCGA.95.7948.01A",0.00965557534304579,0.00571135731466131,5.30019837333894e-05,0.182763876083499,0.0603674042822279,0.0229617789578914,0.00652574207591113,0.000246697149634192,2.16065863422745e-08,0.000579642447579831,0.530067192025799,0.181067710729431
"TCGA.67.3774.01A",0.0126472795050106,0.00368841473975634,0.0189598530713571,0.336035841891017,0.016836658223407,0.0562914670452163,0.0342497470685462,0.000233184133712837,0.00521411885531975,0.000493513101245276,0.515349897239028,2.51263841310864e-08
"TCGA.38.4628.01A",0.00323399127495121,0.00642926817823463,0.00483845252731944,9.70457806556573e-05,0.123594865901998,0.105175825972294,0.0647335213549787,0.000939302631415106,0.000722769913240462,4.66138810953833e-06,1.46733134318147e-05,0.690215621763372
"TCGA.50.6595.01A",8.20057787268877e-06,5.31131329991842e-06,1.89277146433222e-08,0.522388291530874,0.132163648879579,0.128819625903285,0.0872707396427931,0.000402238989925576,2.93226211316726e-07,0.00453358763342731,0.12440516822557,2.87514944850549e-06
"TCGA.55.7903.01A",0.00545265039289983,0.035379958115691,0.00944531734948414,0.335538458858003,0.0288436700168405,0.0134934538886696,0.027966499668326,0.000986497791294937,0.00330036653108131,0.00334910648482966,5.48558395281989e-06,0.536238535318927
"TCGA.50.5051.01A",0.0100591541376512,0.000117583417321891,4.25930284302212e-06,0.183277022032719,0.0295999222818638,0.00565256284483695,0.00250742912377537,0.000167123945685946,2.54772115433657e-09,7.55396655535253e-05,0.768539367942234,3.27577937511479e-08
"TCGA.86.6851.01A",0.170312336611159,0.0858208806340894,0.118791936956183,0.043881604956427,0.0347789847121738,0.0563811729777754,0.12478246020401,0.000566712324753482,1.26623058563438e-06,0.00795626542833409,2.76435375183629e-06,0.356723614610758
"TCGA.75.6205.01A",0.0658665055637353,0.0644201262067382,0.154196268095095,3.79593869834316e-07,0.00598373291624443,0.124314754466974,0.237813196467355,0.00742550737016386,5.46417721303901e-07,0.000242487272483298,2.49111163820494e-06,0.339734004517982
"TCGA.55.8091.01A",0.00802722664955022,0.0146955484363358,1.24253976676256e-05,0.26403158688958,0.0899693065129199,0.055932757588411,0.0399571164419254,0.0010053920288624,2.56126185577888e-08,0.00108515452978004,0.525282647834236,8.1207811306033e-07
"TCGA.44.4112.01A",0.00372178957777704,0.00107342736728026,1.06329409509161e-05,0.147805965945265,0.127117232871932,0.0619484962643571,0.0183408358570465,0.000634338096732726,2.05376983905675e-05,0.00050892329502227,0.638813770062384,4.05002286232919e-06
"TCGA.44.3917.01A",0.0256593991009092,0.0366380403199862,0.0600033378030302,4.95201615017121e-06,0.025448961812678,0.118852105844893,0.0698396842777991,8.37120711430007e-05,1.73729780136801e-06,1.88414197731871e-05,1.87483733747626e-06,0.663447353198499
"TCGA.49.4505.01A",0.0199956876950117,0.0490007744816507,3.16041219350611e-08,9.35253976056275e-06,0.0698651599763349,0.0401748798491443,0.0472712821694937,0.00616872307277613,0.000823548142226212,0.00425624896683226,8.68113747107689e-05,0.762347500127937
"TCGA.62.8397.01A",0.00666522231267229,0.00695431542806471,1.19582218514917e-05,0.254546799643267,0.0130752538489198,0.0196789298502214,0.00993913303569578,0.00114107702581401,0.00232386118969138,9.4527035450565e-05,0.177707526778935,0.507861395629417
"TCGA.50.5942.01A",0.0165935117435612,0.0154508935335026,0.00133970437700678,0.381098049716768,0.0313872295737063,0.0352120792117775,0.00366145927463779,0.00201563012191577,2.7154602065623e-08,0.000478599147185243,0.51273119048772,3.16256576166834e-05
"TCGA.55.8206.01A",0.020140136224605,0.023186026843351,2.10535624684471e-05,0.148727173064033,0.105296027698013,0.0348343467007964,0.0273246561399662,0.00211360882564996,0.0648902888902512,0.000250030735364729,0.573216621103935,3.02115660478256e-08
"TCGA.55.8094.01A",1.63844888782516e-06,2.29400676660786e-05,1.73328721275946e-07,0.18774629317129,3.79137265474645e-09,0.011648869945223,0.00116540688458034,1.83367375615411e-06,5.87261132575195e-09,4.05387098217414e-05,0.799371785195013,5.10911057196849e-07
"TCGA.05.4382.01A",0.125545756465681,0.00179219696191408,2.89131137693431e-06,0.0811183520057797,0.44968308932423,0.149431796830108,0.182063623189045,0.000235265937625064,4.82702030572531e-09,0.000930021017484248,0.00918405214705974,1.29499826764691e-05
"TCGA.05.5423.01A",0.00874760254437411,0.025430158171202,0.00406859906407555,0.35427312790063,0.0156824011232063,0.0599207935633467,0.0393219226038462,0.000779817688109859,7.48964618492153e-08,0.00080060257254987,0.490974868456315,3.14158826416705e-08
"TCGA.49.AAR4.01A",0.0898960849095548,6.03451660461939e-08,0.248770267943725,0.247249230955604,0.0632250982022317,0.0209681666923843,0.0364290288821775,0.00149504299112561,7.64587940457443e-09,0.00448321062637537,0.287479989910994,3.81089478213342e-06
"TCGA.97.A4M3.01A",0.0070290337344558,0.00692358858478146,0.00133835698677341,0.193203344588525,0.0553802637779949,0.0237536629426293,0.00545283707353621,9.60637092871998e-05,2.34374489376616e-08,0.000163256279342829,0.44676158773112,0.259897981154105
"TCGA.05.4397.01A",6.78125044764116e-05,0.00032857282245873,1.45179806551765e-08,0.201635078204726,0.0323113494360011,0.00933942832085017,0.0527332793098312,1.42850017781912e-09,1.35464125094199e-05,0.000407717751370449,0.703162623604494,5.75686801511702e-07
"TCGA.55.6984.01A",0.0110056238934533,0.00217529377260308,1.60267999028862e-06,0.282521155827104,0.0176902070220045,0.00554001085376597,0.000813267763561413,0.000132132329596694,7.30292095335591e-08,0.000299646810001357,0.679820985100208,9.1850162566286e-10
"TCGA.05.4427.01A",0.00796903375724274,0.00849036022286997,0.0183528241640541,0.808156649831217,0.0453562817048846,0.0462808524181942,0.0516858826054616,0.000179759045295415,0.00319787104193456,0.00111884982815591,0.00920920673918236,2.42864150751132e-06
"TCGA.86.8281.01A",0.0153721671669305,0.00679006210290167,7.71005286047518e-05,0.217152826689212,0.0199057069547959,0.021351229247715,0.00551277780932048,0.00026062796828757,1.35236743206334e-06,0.00027339589541745,0.713301671519805,1.08174957768744e-06
"TCGA.44.A4SU.01A",0.0474763993447063,0.020164894395006,1.78824056564105e-07,0.312257092998929,0.0480585511743569,0.0249539014723782,0.004373612565767,0.000457557946396149,1.06403482897552e-07,0.000576389616458559,0.520265410936122,0.0214159043223409
"TCGA.75.5147.01A",0.0254678372499533,0.0254639132624334,6.32613607928175e-06,0.182247201223668,0.076711041123817,0.0611843499392194,0.0185569575601866,0.000467510964310458,5.76332923853736e-06,0.00106825898622406,0.608820757604565,8.26203047476985e-08
"TCGA.97.7546.01A",0.0379044378623326,0.0303158838584689,0.00085217165908781,0.504543980481917,0.0227757396034569,0.0875832000238395,0.0162516095963416,0.00133336913202843,6.42801154798523e-07,0.000623051678346373,0.29780627644629,9.63685673592463e-06
"TCGA.86.8585.01A",0.0393108112257611,0.0236104186506498,0.035817938881068,0.330116488681859,0.0549714947321223,0.021844139230168,0.061577144520568,0.000705478501322963,6.82709632883737e-07,0.0025917006181448,0.429449622475648,4.07977305566485e-06
"TCGA.55.8301.01A",0.248729482897041,0.040205638820191,0.128625725670548,0.247171763954875,0.173758100014791,0.0512942815916898,0.103228128098695,0.000735706916793845,0.00104253511693395,0.00520635975629806,2.24739119582593e-06,2.97709479487474e-08
"TCGA.86.6562.01A",6.46540114720702e-05,3.9273146487338e-05,4.96141924507286e-07,0.355277877429813,0.126543778315253,0.0581052389722341,0.0228706146397784,0.000525547265233034,3.59668473352974e-07,0.000307266585800867,0.436262884336691,2.00948683981604e-06
"TCGA.J2.A4AD.01A",0.00181560625504792,0.000248372892313111,8.64502303263876e-07,0.269637175945474,0.0414562217705886,0.0282607199815528,0.0027613030070223,0.000192446835995246,5.08440366512508e-07,9.47944946693105e-05,0.655526694254985,5.29161968194434e-06
"TCGA.50.5946.01A",0.00312361146805138,0.00497287118395576,0.000615533999777735,0.206864777992881,0.0478546581576657,0.00226972721746313,0.00521548547863443,0.000109111838551232,2.22955226995204e-08,0.000172060025298713,0.626645380460177,0.102156759882022
"TCGA.55.8510.01A",0.0254790430285291,0.0503051980247012,1.09845881173048e-05,0.59236093549063,0.0620397086445081,0.0592808275090066,0.0726618777234031,0.00175523429921732,0.00144226551345227,0.004114971000452,0.130546958949556,1.9952284269174e-06
