"","cellFractions.B.Cells","cellFractions.CD4.T","cellFractions.CD8.T","cellFractions.DC","cellFractions.Endothelial.Cells","cellFractions.Fibroblasts","cellFractions.Macrophages","cellFractions.Mast.Cells","cellFractions.Monocytes","cellFractions.NK","cellFractions.Neutrophils","cellFractions.otherCells"
"TCGA.A5.A0R8.01A",6.66988058193989e-07,0.00377831753122957,3.81849714826377e-06,0.406890619705367,0.0591457901120505,0.00518543196423333,0.0112690898416977,6.92565591694584e-05,9.21471759382473e-05,0.00120165358136545,0.512363206822191,1.22155128904689e-09
"TCGA.A5.A0G3.01A",0.000235956501746715,0.000220124463551346,2.42083005807269e-06,0.17577627645314,0.0931019407948437,2.70844651449616e-08,0.0025721101509105,7.12208830309064e-06,3.75494592510421e-07,1.45494529743368e-06,0.663564641977926,0.0645175492151657
"TCGA.AP.A054.01A",0.000300886117069434,0.00135399201327806,0.00944700252584045,0.182555240839006,0.0241683551163871,0.00487119342908813,0.00129175626631784,5.9009090217095e-07,7.44472170388361e-09,0.000641815726607331,0.633088210303295,0.142280950127487
"TCGA.A5.A0GX.01A",5.65395956820618e-07,0.00055141878128493,0.00554008470386979,0.155630566636289,0.0834313800241696,0.0157536254619502,0.0100147403129643,0.000261342706476683,3.74389462329949e-06,0.000887889224361907,0.727912015706062,1.26271519911627e-05
"TCGA.DI.A2QY.01A",0.000135930867665607,0.00182939779091866,0.000139398400837842,0.170995819963147,0.0318367385092875,0.00540565239337362,0.000122141473806325,2.35342706809734e-05,3.51407237914757e-10,0.000302420429304944,0.627917470386759,0.161291495162812
"TCGA.EY.A1GC.01A",0.0518813966422431,0.026444733795936,0.00139789809111248,0.397992794242162,1.88535787002157e-07,0.017161903327853,0.0478201631990607,4.82728582475025e-07,1.68917681641607e-06,0.00383167375558797,0.453457241979817,9.83452504199914e-06
"TCGA.A5.A0GI.01A",0.000364127087110156,0.00902983159322532,5.83282480982383e-06,0.326193776510908,0.0216265452537739,0.00840975644482195,0.0038652220890171,6.1984771307812e-06,3.30233062162317e-06,0.000632170969929168,0.629862627966747,6.08451906101658e-07
"TCGA.D1.A17S.01A",0.000703842965074912,0.00104968535537893,0.000654317101323646,0.163729026819529,3.47018331029191e-08,0.0176669614881699,0.00127337640618967,5.61291663757483e-05,1.99726108927444e-07,1.03932492228929e-06,0.6266614055778,0.188203981367294
"TCGA.EY.A5W2.01A",2.18416775545589e-05,0.0127960619257036,0.00163775446297047,0.311122176573392,0.0692355117360214,0.0224341201472017,0.00995342523401395,4.35579568917597e-05,1.50226214241339e-06,0.00212885266956908,0.570624658692267,5.36662271375173e-07
"TCGA.D1.A1NU.01A",3.65691538027797e-08,1.11109756397254e-06,3.72260447557819e-07,0.0660136139428568,0.0105331367344506,0.00309238802189572,0.00781022243915259,4.62102405389862e-06,3.67945400183689e-07,0.000781264432700275,0.911762674272585,1.91259739750557e-07
"TCGA.BG.A18A.01A",0.000209444755203096,2.50436725446985e-05,2.27249974295112e-05,0.243384332137613,0.17628994967085,0.00556869380780839,0.0119410520843105,4.23345028982348e-05,0.000380696321919765,0.00116093491091883,0.560968047464642,6.7456738619638e-06
"TCGA.AX.A06B.01A",0.000648838607834857,0.00661183912310651,1.44453393189716e-06,0.353129246721308,0.214854875905227,0.0194439838210791,0.0124094807499825,8.12338064717517e-06,2.28564370225571e-05,0.00120713066426741,0.391661568887137,6.11168456624205e-07
"TCGA.E6.A2P9.01A",0.00609040066775002,0.000290716083049654,0.0428119842551068,0.272414707655463,0.010960192317944,0.00524013410963107,0.00648410652253169,6.69907847236143e-05,1.87568572540892e-06,4.08432605058041e-06,0.478539510228028,0.177095297363997
"TCGA.PG.A917.01A",0.00159347173042727,0.0223636096089563,0.0250958092575986,0.508992241612074,0.0796758366713435,0.0230461227491494,0.0264502235533146,4.06685629479991e-08,2.77500815722312e-07,0.00352150352789064,0.309260052905141,8.10214725935326e-07
"TCGA.AX.A3FS.01A",0.00058697128233459,0.00688758511142688,0.000350606767845729,0.161583722178617,0.298129812016445,0.0121043849819889,0.00597332180729055,7.97185769242719e-07,3.44734173555553e-08,0.00117092491744597,0.356485014021848,0.156726825255571
"TCGA.A5.A2K4.01A",3.64223688745988e-05,1.10858466601884e-06,3.19190160941309e-06,0.289020342995134,0.0198210746621794,0.0206081505660456,0.0120729566113612,8.29949131533161e-05,3.74106385145463e-05,0.000627539434283786,0.657688077618992,7.29705186140588e-07
"TCGA.D1.A1O0.01A",0.000182311014584467,0.00135125835889144,0.00311792162730038,0.148331322123049,0.0110337837858529,0.0170464704925171,0.00607016361150969,1.21981161210554e-05,4.58333017614882e-07,0.000531214228759122,0.422952873475207,0.38937002483319
"TCGA.B5.A0JS.01A",1.26280782363889e-06,0.000925701543532967,1.3653852263586e-05,0.316641494005207,1.01098289404622e-06,0.0302173274048222,0.010688706940305,5.80089009839228e-05,1.06581726274195e-05,0.00957881837748699,0.631862520672198,8.36339854941211e-07
"TCGA.AX.A1CE.01A",9.41883945595885e-06,0.00162423617153891,0.00416088174733963,0.235921578685979,0.0219894842645193,0.00228725116917581,0.00193642876604661,5.96467744430983e-05,5.43899554350956e-10,0.000356088178234329,0.731654984733003,1.2636534531384e-10
"TCGA.D1.A17F.01A",0.00142567714057285,0.0133779036838946,0.00265805241237081,0.372119936475728,0.00833296317662086,0.00345210770519643,0.00804880812330865,1.78615221343935e-08,4.13491189962911e-09,0.000529306011363297,0.590054934729929,2.8854458136879e-07
"TCGA.EO.A3AV.01A",0.00944320157328057,0.0134257765992382,0.0381135985927401,0.322292218677561,0.137018472834239,0.00184411294909752,0.0176387342254423,7.4145966195262e-06,4.96638501499465e-06,0.00910111718906985,0.451110339888243,4.64894538485801e-08
"TCGA.D1.A17B.01A",0.0109676923604442,2.12189903533483e-05,5.91084133180802e-07,0.779677207948387,2.30252252708748e-05,0.0508949091662437,0.0495447198770624,0.000133495341396064,6.19718521092027e-07,0.00624893410980643,0.10248659389971,9.92278671703903e-07
"TCGA.E6.A8L9.01A",1.3783182162182e-08,0.00325101360487252,0.0117394442671019,0.333660210502765,0.00993832472719056,0.06122516128174,0.0195607120033505,3.97505896161227e-05,1.70133085235907e-07,0.00758776249798038,0.552996074886216,1.36172289902773e-06
"TCGA.EY.A547.01A",0.000442130120075446,0.00599093583163291,5.94660831872303e-05,0.131308972873551,8.06247379808345e-08,0.0102056636278505,0.0046980160127237,5.3785122822933e-05,2.02685485799092e-07,0.000471744033711734,0.664707810437762,0.182061192546459
"TCGA.AJ.A3OJ.01A",1.0825364508413e-08,4.66943364432956e-07,2.20206489961331e-06,0.289847240190379,0.0648297868878155,0.020394901316144,0.0244165972504191,0.000146915196037205,9.88949209252968e-08,0.00148099842450964,0.598880337885419,4.44120727552017e-07
"TCGA.BS.A0TJ.01A",0.00250556572109168,0.00742736438206721,0.00194275034051944,0.21557606766786,0.0522456011418723,0.0104682754745376,0.0035883979262648,2.58228919642616e-05,8.94682536039845e-08,0.00166989298004276,0.704550095391504,7.66140223023035e-08
"TCGA.BG.A0VV.01A",0.00126122015796413,0.000120501623956723,0.000115245756232486,0.340328519152997,0.00133763457234918,0.00603943966079208,0.00594601877494203,1.65517379418334e-08,6.31348501574842e-07,0.00065818020794479,0.644192578431301,1.37612806689055e-08
"TCGA.D1.A16V.01A",0.00775267453464879,0.00813749555340121,0.00915964474781723,0.281101602953297,0.0122371474207713,0.0102580717280163,0.00703505044000159,3.9488316234949e-05,5.35283977142297e-07,0.000402644342335119,0.609244447658716,0.0546311970207833
"TCGA.EO.A22R.01A",1.42154714828838e-05,2.1405675762408e-05,5.99758716272071e-07,0.759717668033387,0.0479685762298381,0.0190592978746271,0.0280604705264291,1.94219280091237e-05,0.00349234574219743,0.00251954976138477,0.139126441141247,7.85691885012652e-09
"TCGA.BG.A0MH.01A",0.0164075121843094,0.0135838231733372,7.69935100496614e-06,0.237001102800844,0.0815186395062049,0.0224255133994154,0.0168594485805139,0.000434657280889739,5.42902469276447e-07,0.00193225800679536,0.609825877464833,2.92534938226153e-06
"TCGA.EO.A3KX.01A",4.08770383573942e-05,0.00389508729383852,0.00142813141682395,0.240728320740033,0.0108824531452951,0.00723993984311248,0.000913859584048115,3.33592490675768e-05,1.58240624059845e-08,0.000511622432840154,0.734326309959306,2.34732156390278e-08
"TCGA.AX.A0IS.01A",5.40266724030316e-08,7.63032972608128e-08,3.29772340790957e-05,0.23021940989236,0.00905259559489653,0.0128492877291429,0.00905491475051537,2.36456070146425e-07,1.55115455544472e-06,8.94801431743313e-06,0.738778663384903,1.28545919062104e-06
"TCGA.EY.A1G8.01A",7.41299417471184e-07,3.51905741962919e-07,1.09640882071886e-07,0.290392204030373,2.37253075789778e-05,0.00744000512199665,0.00539126598633543,1.77362701498219e-06,1.10088231968386e-05,3.11048609409115e-06,0.696733541126542,2.16264482696799e-06
"TCGA.EY.A1GW.01A",0.00192695263860751,0.000891517985873599,0.000747914661714293,0.119355574322905,1.91129982697557e-05,0.0142842146909454,3.83725205038209e-05,1.79642442088231e-07,1.14297705786331e-06,0.000212822841178346,0.48158740861301,0.380934786107492
"TCGA.BG.A0RY.01A",4.7664788968563e-08,4.83104371914213e-08,8.39903142674161e-07,0.398935836237947,0.0243863020425828,0.00553972172147271,0.0104645339845273,8.88526740509136e-05,0.0142311860507591,5.13882753375925e-05,0.546300693083546,5.50051407806996e-07
"TCGA.D1.A1NY.01A",5.98840055715832e-07,1.46098860340992e-06,1.92899897794032e-06,0.435579187349907,0.0622780906400801,0.0159726553439949,0.0144796800431645,0.000263952369435646,0.000153040343650033,0.000451704793039566,0.470817067901981,6.32387109645462e-07
"TCGA.B5.A3S1.01A",2.5753417961006e-05,0.00119006741924105,4.94490157456292e-08,0.518709629977016,0.0420944995722172,0.0107905849958385,0.00953365896357308,4.90416621049698e-09,1.07184241410489e-08,0.000601961530476119,0.417053774083253,4.96881806167847e-09
"TCGA.A5.A2K5.01A",0.000397513342071743,0.00280800432767395,0.0212586217367214,0.214474768672332,0.0815987337583082,0.0127896187021027,0.0193029841844157,1.14140819187137e-05,2.06164723953929e-07,0.000225812909074041,0.605669563715487,0.0414627584051709
"TCGA.AX.A062.01A",5.85904365978925e-08,1.06382503132247e-07,0.00104715083309179,0.216731852229825,0.0178372542672828,0.0108136356657913,0.00356622732859888,3.31668649194588e-05,0.000145975496920029,3.69853797445884e-08,0.749824208461473,3.26893778538e-07
"TCGA.A5.A0G5.01A",0.0692734720899508,0.0739819162197287,0.143644068866367,0.411329476981943,0.14803450935884,5.08755844311982e-08,0.129196076442015,3.61107372508549e-05,0.00292954606305066,0.0215741435989148,5.2509591653738e-07,1.03670438843441e-07
"TCGA.AP.A0LH.01A",4.28172463632529e-08,2.67045411957009e-07,0.000868706768623114,0.292852237464887,0.00679197247187585,0.0036781494282692,0.0021433899643592,4.54117445671903e-05,3.09794896233233e-08,0.000141541498800958,0.693478220878057,2.89384125098305e-08
"TCGA.BS.A0WQ.01A",0.000166887916993151,0.000488837145842928,0.000117398758462197,0.248117865530477,0.00389776183583002,0.00986596707676435,0.00334776613884858,7.91762147196198e-05,6.67222096303033e-05,0.000284772116275179,0.733551374680984,1.5470375172552e-05
"TCGA.FI.A2EY.01A",0.000184202764868167,0.00032508313494741,1.18395300025699e-05,0.01920137002306,0.0434034184756986,1.29430472106892e-09,0.000771956355023984,4.99232500541705e-05,7.20985771128414e-08,0.000287036365812474,0.10729029598652,0.828474800721131
"TCGA.EY.A549.01A",2.31316936603568e-08,2.14218523222667e-06,2.33015667122007e-06,0.202492071459182,8.51112966389694e-07,0.00888208222500851,0.0071222569421142,2.02073944598715e-07,8.26374843326959e-07,2.84692044703986e-05,0.781468510204193,2.34929680942025e-07
"TCGA.FI.A2D0.01A",2.01179841987271e-05,0.00011783535373376,6.91348675229154e-06,0.224509426599773,0.00637350102176983,0.0136674221840931,0.00635438906275905,0.000120657107181185,0.012894251924826,0.000843282684065049,0.735091099063856,1.10352699191367e-06
"TCGA.BS.A0V7.01A",0.000592363594801091,0.0381043505072137,4.26984898948154e-05,0.146698461622635,0.104537716238123,0.00787000834734764,0.0094851875008017,0.000129293083542035,9.74752730280515e-08,0.00244857016401232,0.385788326709186,0.30430292626717
"TCGA.B5.A1MW.01A",0.000232534191289494,0.000963558943402909,2.46069109920309e-05,0.438112216319604,0.000299310208535302,0.00504926003769027,0.0158213419579411,0.000205543898401036,4.34093963857621e-05,3.94846468175496e-05,0.539193678476683,1.50550122568205e-05
"TCGA.D1.A17D.01A",9.22490856688152e-07,0.00219277076806925,5.57831427387052e-06,0.274411022813035,0.00870073587990315,0.0023626472301435,0.00504262717026273,1.42687124051335e-05,9.60316718678946e-07,0.000710238102390878,0.706556938912381,1.28928956032971e-06
"TCGA.BS.A0TA.01A",0.0186597896865479,2.2166339545486e-06,0.487606073284829,1.15391914003315e-07,0.143236470568722,0.00387062145667971,0.0879808640729922,0.000113775468120033,2.05886245433527e-05,0.0585535838689192,0.000275451887640197,0.199680449055137
"TCGA.AX.A05Z.01A",8.60677119997126e-07,0.0169764549592607,0.058833241203277,0.286325648579026,0.026023691969394,0.0114597454465436,0.031916860624631,7.8182120524333e-05,9.3633559503222e-07,0.00880696841170653,0.5595700044666,7.40520632196995e-06
"TCGA.D1.A17L.01A",0.0171273391573909,0.017726821180257,7.62539024067021e-05,0.242214910196176,0.0158550368185872,0.0040847600582575,0.00524337839401517,1.16554586061919e-06,2.78506556103049e-08,0.000978283529507199,0.493990468026571,0.202701555340315
"TCGA.A5.A0GQ.01A",0.00136410784526905,3.94065481687816e-05,1.3154798482727e-08,0.740553523341076,0.00700260531950599,0.00488997801413709,0.0132782899962114,0.000178125509653207,5.171246954293e-07,0.0010647613569768,0.231628413496973,2.58292534464522e-07
"TCGA.AX.A3G1.01A",0.0412121810707101,0.0150568688176156,0.0065749182325424,0.246338959265557,3.47615575651714e-08,0.0176795314878952,0.00939830600610317,4.18438291643645e-07,7.73713606333947e-08,0.00154220903025144,0.662193868431153,2.62708696224756e-06
"TCGA.BK.A0CC.01A",6.5691326386916e-08,1.45305145024069e-08,1.33108484707738e-07,0.251645513480439,0.0154035184696274,0.00799214913503664,0.00214273416949658,8.74804480856266e-05,2.98845275124213e-07,7.81832944599707e-05,0.722649383208889,5.25618365001404e-07
"TCGA.D1.A1O8.01A",0.1035708635588,7.59247665774142e-06,0.200264496030309,1.61058805829558e-06,0.109219604178076,0.00415236997951419,0.114296963999724,1.79630461942042e-05,2.0105154403617e-07,0.0100600090569455,2.05718148630567e-06,0.458406268852691
"TCGA.DI.A1NN.01A",6.82448821762299e-06,0.00355364755413873,0.00282373279974767,0.249541575416553,0.0202952676908667,0.00577229302691987,0.0319522634994044,0.000287512848066028,1.72169658028787e-08,0.000949338482300376,0.684816566239842,9.60736978010258e-07
"TCGA.B5.A0K9.01A",8.00208652135193e-05,5.98040449240207e-06,1.72583704512921e-06,0.323523482998257,0.0372042911288005,0.00880173317817281,0.00621388007574629,1.18911762511557e-06,8.68564306710594e-07,0.000651597729383443,0.623514829921147,4.0017980982626e-07
"TCGA.FI.A2CY.01A",4.43507145956914e-05,8.67780319934139e-06,1.85751911155244e-07,0.254385263387532,0.0145203876827157,0.00385584649282796,0.0248952044918948,2.02173363869065e-07,2.3580376045642e-05,0.000749802794369573,0.701516466667312,3.16642326408771e-08
"TCGA.AP.A1DR.01A",7.09782491613355e-07,8.4191612304269e-05,3.33303442536797e-06,0.43357245635794,0.00213828994367131,0.0149668472435108,0.00567227430022785,6.14598261056856e-07,1.98854012763277e-07,0.00237992447885065,0.541170274049604,1.08857447006373e-05
"TCGA.B5.A11Q.01A",0.000397417856757946,0.000327617023071561,5.12720022906353e-05,0.121482675626486,0.00984694369781594,0.000483620221925664,1.02782867315505e-06,2.28217193514364e-05,4.15922582755813e-08,8.28907053061956e-10,0.653006719052354,0.214379842550108
"TCGA.BS.A0U7.01A",0.000365095471496393,0.00497885669379428,1.04922509511268e-05,0.156311988660784,0.309086379997618,0.0228985821943506,0.0140827626214968,4.92112462516056e-05,9.37648940428058e-07,0.00142843938657792,0.490782905305286,4.34852245276707e-06
"TCGA.A5.A0VQ.01A",2.49779065550862e-07,2.60407424983069e-07,5.71881047896423e-06,0.164987875625835,0.00101349534061714,0.00838930716221627,0.00814917986193608,0.000198713939950818,3.53413889663103e-09,2.03841950044127e-06,0.817252997192342,1.59926493789872e-07
"TCGA.BS.A0TE.01A",1.77186306422023e-07,0.000392935776797915,1.94643567444307e-06,0.260683780655335,0.00999707475779424,0.0055713891041448,0.00633640118446693,4.12042470594027e-05,1.78390347164425e-07,0.000830844705021528,0.716144066054586,1.50246572617666e-09
"TCGA.BS.A0T9.01A",2.60215785291613e-07,2.43665505982962e-08,3.13844804417694e-06,0.175274163571719,0.0263605024992086,0.0209653345421838,0.0103163777403927,1.05063303914541e-05,1.20599038300906e-05,0.000546452666934802,0.766511008264694,1.71450265065217e-07
"TCGA.AW.A1PO.01A",0.000364000134991868,0.00126427347688471,4.13844316116716e-08,0.0917202543294724,0.0230135327242518,0.000685289515433956,0.00378407617144493,3.2055159403214e-07,6.12247425508235e-08,0.000143660626649405,0.232810192638586,0.646214297221517
"TCGA.AJ.A3I9.01A",3.24301913655763e-06,0.000395767574507515,0.000225300037975394,0.236093640175596,0.00340498545523433,0.00614299811199084,0.00188195078859003,4.23188567755168e-06,5.35606091426581e-09,3.70351344240505e-05,0.751810825996094,1.64647124274234e-08
"TCGA.AJ.A8CV.01A",1.02710499921811e-05,0.0087309373837115,1.56980879296038e-05,0.211875255389011,0.0407849376252381,0.00660602034062409,0.0129659981514013,2.49974335962884e-05,5.68415768087673e-09,0.00156907817749961,0.717416662076847,1.38599991071823e-07
"TCGA.B5.A121.01A",6.51114168727399e-08,0.000258202512788348,3.3292457153996e-07,0.367995008713267,0.00816853266572334,0.00836987146184251,0.00488653271016505,2.0331693817255e-06,1.28215568378101e-07,0.00066213659952321,0.609656903187377,2.52728374226132e-07
"TCGA.AX.A1CN.01A",2.9858351398598e-07,1.56848131000957e-05,0.000732787245785819,0.352233434673259,0.0171874138436967,0.0145600157782748,0.00147520254759757,6.16327092986721e-05,0.000138763086131828,0.000116917149641822,0.613474322797404,3.52677229642707e-06
"TCGA.BK.A139.01A",2.12028937274008e-07,5.82684841783143e-05,0.000180827741625549,0.311791925247879,0.00480122445975157,0.00247375728656447,0.0114293563454222,8.05327866460153e-06,7.41878931005298e-05,1.78018209442066e-05,0.669164255194541,1.30218391048111e-07
"TCGA.EY.A1G7.01A",9.40600810086447e-08,1.67459937402109e-05,3.63835524988991e-06,0.179815642268681,0.0107203580878737,0.00902081113173889,0.00231818278339932,2.15882343133506e-05,6.58006184507922e-08,0.000309188372089964,0.797771068063743,2.61684847090473e-06
"TCGA.BK.A6W3.01A",6.18890122457311e-07,0.0100774183620486,9.17288581001531e-08,0.277152424285159,0.00133102583075112,0.0255058467945795,0.0169622181679892,9.88456303622758e-09,4.31965952676373e-07,0.00185278016182435,0.667117113770026,2.01581258669072e-08
"TCGA.FI.A2CX.01A",1.30886239459325e-05,3.788476889286e-07,1.55785380605286e-07,8.60299702412944e-07,0.00105923953009275,8.5973297548105e-06,0.998210820345718,1.32889244042931e-08,9.65719684941882e-06,0.000694932147134196,1.37351137864131e-06,8.83093429892939e-07
"TCGA.DI.A2QU.01A",1.42535631503217e-05,0.000151072915022261,1.93594680579201e-07,0.560037574552803,2.42907120276582e-05,0.0146440607862738,0.0050673044124045,6.38428844356764e-09,9.98399544659264e-06,1.38665713283652e-05,0.420037106539156,2.85973417829101e-07
"TCGA.AP.A0LT.01A",6.63546867566676e-08,3.28130493993426e-05,6.55565767343047e-08,0.204789692174482,3.79532868597004e-05,0.00739286963160794,0.00586036284620542,2.35208345811148e-08,1.5197165415019e-06,0.000455589513570517,0.781429038537809,5.81142628553658e-09
"TCGA.EO.A3AS.01A",0.00176297781457283,3.35306562406928e-08,0.000859966445293115,0.293599366555524,0.0367482930522776,0.0161056834483814,0.00861104700943342,1.50016706969152e-08,8.75417279558848e-06,3.37889535672746e-07,0.642303058322959,4.66756900611648e-07
"TCGA.E6.A1LZ.01A",1.36326652492801e-05,4.28091829530111e-06,4.97557036270778e-05,0.375088592653303,0.0139847230978855,0.000365583413554244,0.0101639712518199,6.18285842948217e-05,1.73578647338305e-09,0.00165809497012673,0.598609524155707,1.08503502029272e-08
"TCGA.AP.A1DO.01A",0.000253212534291555,2.94977155620046e-05,0.0127530490578276,0.164262561347518,0.00668015088744254,0.000897920983482398,3.57736905441007e-09,1.01460890595835e-07,8.14943755380036e-08,0.000260035865314347,0.788563953017438,0.0262994320584885
"TCGA.AX.A2HC.01A",1.35857826709209e-05,6.1211799175281e-06,8.86860428771677e-06,0.13020051415817,0.0116826693087927,0.0140722340971807,0.00352281528879544,7.76824776000602e-06,2.66355153243451e-07,6.63220537133594e-06,0.840453022184114,2.55025877868852e-05
"TCGA.EC.A1QX.01A",2.31391882600078e-07,1.36432273160189e-06,1.58935611194527e-07,0.165738612002249,0.0124950056238679,0.00923930130248128,0.0114537808652186,3.69031504633818e-05,3.96945140200705e-07,0.00384516977241766,0.797188748787537,3.26900399514711e-07
"TCGA.A5.A0GB.01A",0.000105648147646935,0.00710944738333925,0.00495942456512925,0.206636942625395,0.00631535158047359,0.00639792272175967,0.00148353041418374,9.79812805032251e-06,1.01915573655599e-08,0.00140913381196125,0.658944056949848,0.106628733480655
"TCGA.B5.A11Y.01A",4.97255946911334e-06,0.0123215670743696,1.7330616832956e-07,0.366828486099559,0.0010214453562983,0.00709966695761264,0.0244297538251407,4.88047555926972e-08,1.35912475014289e-08,0.00355658336175843,0.584736893713492,3.95350128622842e-07
"TCGA.AJ.A3IA.01A",0.00251504238869774,0.000307076324904704,0.0121097823505538,0.223216005796571,0.129500773389069,0.0265960235758583,0.0128856037364,0.000318326339057754,3.99842615882916e-06,0.000434028726691266,0.592113011263649,3.27682389147419e-07
"TCGA.D1.A1NS.01A",6.77540307900133e-07,2.21714794002668e-06,1.67657155181479e-07,0.379423266714333,1.35167940929022e-07,0.00560723246137237,0.0112850712734951,1.27117850380513e-07,4.38313112085249e-06,0.000154696104619669,0.603522022825165,2.85869974528638e-09
"TCGA.AX.A2H2.01A",0.0435466006958,0.0290177397224831,0.000564150224086078,0.206979832930052,0.0441813878465115,0.00503343381777475,0.0255812409103335,1.17707529963751e-07,2.28357919870569e-07,0.00348980954431824,0.0738441608823875,0.567761297360803
"TCGA.D1.A162.01A",2.72805062886134e-10,1.99614958932672e-07,1.37833446118785e-07,0.278093924698346,0.0266218665406191,0.00703968081622412,0.0117260381305283,1.3523956547255e-07,3.22337323362526e-08,9.79053288346234e-07,0.676517003856702,1.7097845642113e-09
"TCGA.AP.A0LG.01A",4.93612710300373e-08,5.36438632933886e-07,1.63741543452574e-06,0.202477645422988,0.000319858915904237,0.0145483440618374,0.00568542539213585,1.25658982117762e-06,3.17629478045944e-07,8.76082594475408e-06,0.776950021742285,6.14620426673522e-06
"TCGA.DF.A2KN.01A",2.34177477436934e-07,3.17862882150084e-06,0.0248906810299377,0.230544742270789,0.0609807529760717,0.0103326508396688,0.0414520568443383,0.000160031765483376,0.000241578212991265,0.00435182508773557,0.62704197941533,2.88751355577445e-07
"TCGA.AX.A1C4.01A",0.000368473900920774,2.30728630486826e-05,0.00117040290269072,0.269635801380815,0.0174331093180641,0.00452012509252424,0.000368078397633921,0.00022294485142652,2.22751329992772e-05,8.44445599724471e-06,0.706227243380126,2.83237538811931e-08
"TCGA.AJ.A3EJ.01A",4.74294747966261e-07,5.25603317801213e-06,3.51439774740848e-05,0.339712686583608,0.202105603729477,0.0126624931839957,0.0162586144122106,8.70621855681343e-08,0.000168617856938163,0.000696887385979324,0.428354102045787,3.34344187934517e-08
"TCGA.BK.A26L.01C",4.30277509208451e-06,0.00118392541679969,8.92562832397143e-06,0.183397584004545,1.35425652558637e-08,0.0346016331269598,0.00289227114662441,3.25566472632489e-06,1.95762573405833e-08,1.58448656276474e-05,0.777888780083649,3.44416883014993e-06
"TCGA.A5.A2K3.01A",1.53657017468733e-06,1.41845549212966e-06,8.35829921054817e-05,1.81879314143171e-07,2.43616147460883e-05,9.41333070938732e-06,0.789559884045905,1.63199812337301e-05,3.15900558964029e-08,0.210283714448594,1.64919271998051e-05,3.06316446952216e-06
"TCGA.AP.A05H.01A",0.000502951865765897,0.00055958565545339,0.000449391986526882,0.182655021973922,0.0718205637954417,0.00256280162123271,7.92689591407477e-06,8.5936702489453e-05,1.95865781008987e-07,2.16688946396483e-09,0.693008153209836,0.048347468260748
"TCGA.AX.A3FV.01A",9.86544160986627e-05,0.00062524664973249,0.000585366828041805,0.175176250009574,0.0121926357739718,0.00104812494448674,0.00474632321954768,0.000529518784664918,5.7933402211097e-07,0.000488592079235148,0.420204871470252,0.384303836490372
"TCGA.D1.A16F.01A",6.01802313878412e-08,2.31898014262841e-06,1.07110943247655e-06,0.127787574915052,0.102471548866844,0.00453690481174569,0.0179217066428515,1.57788175866267e-05,2.33348926894911e-08,2.33983792040401e-06,0.747260632629204,3.98740964356885e-08
"TCGA.JU.AAVI.01A",0.0185347022461293,0.00776549496762266,0.0923569913860563,0.0429878764105572,0.0723837970981774,0.00515205339289986,0.0372489488754906,0.000222861024572216,8.16290880590105e-07,0.0125463111415819,1.70872378019831e-06,0.710798438442252
"TCGA.AX.A06L.01A",0.000748341532852255,0.0153862509067457,0.000495374031289959,0.352316239652854,0.0435116859623104,0.00904568572109621,0.0071702294345645,6.31565415386823e-05,7.4594436968649e-07,0.00103662807239816,0.570225653771114,8.42886668472798e-09
"TCGA.BG.A3PP.01A",1.38170154370057e-06,4.94306070028615e-07,2.19024102606594e-07,0.497828446746648,0.201797004447564,0.0135599827675315,0.00754486753272318,6.35363927926589e-06,5.21527563801582e-07,0.000218520402254362,0.279041916634821,2.91269898746799e-07
"TCGA.B5.A1MU.01A",2.5050923243691e-06,5.27979435524738e-06,1.21317790142159e-07,0.0556390229963108,0.533638539965332,0.0426935250083452,0.0617682997238752,4.34630593037637e-06,9.12849915777977e-07,0.0459711223650815,0.260276105693136,2.18887603071209e-07
"TCGA.A5.A0RA.01A",3.88163798952367e-05,4.20208958674463e-08,2.58586576486543e-07,0.094329049398724,0.00528945310537368,0.00410208699182069,0.00664769853880124,2.01425852330398e-07,6.26684210244246e-11,0.000195214195175071,0.889397095033454,8.42607630341041e-08
"TCGA.BG.A0MK.01A",1.33135055150451e-05,1.7874642576107e-06,1.91182789814567e-05,0.362925375700946,0.0218503677309948,0.0228837042326089,0.00446984282348853,7.11507738895165e-06,3.17272976757019e-07,0.000320841684513541,0.587507716898686,4.99329642247953e-07
"TCGA.EO.A3L0.01A",1.54990396457367e-07,1.22156047694465e-08,9.09608946115685e-07,0.123861153283278,0.0393611986638984,0.00994628026495393,0.00561400249420765,6.70669277633952e-06,4.60736044523007e-09,4.02438312559258e-05,0.821167503373964,1.82997335808337e-06
"TCGA.B5.A3F9.01A",3.25786368333207e-08,3.60158140876695e-09,9.40046791867384e-08,0.337838551898324,5.24125112954761e-07,0.0239463391860546,0.0143841152246851,8.45518144798085e-06,4.0598490142033e-08,0.00116109735626317,0.622660530042434,2.16202290412702e-07
"TCGA.AJ.A2QO.01A",0.000235851352496851,1.88425788727397e-06,1.00624065835438e-07,0.256045417240201,0.00610424078394935,0.00528791078062077,0.00412851416499723,8.67992485879241e-10,2.24236771277731e-09,0.000577352880128954,0.727618723158667,1.64662521031696e-09
"TCGA.D1.A0ZO.01A",0.000205775198571369,0.0162691215511254,7.7218985644738e-07,0.267786532414927,0.176306862663962,0.0140909913123409,0.00852165848633506,6.55094212932713e-05,5.58650310742701e-08,0.000962089908772304,0.515787810414885,2.82057289935585e-06
"TCGA.AP.A1DM.01A",1.97861637161178e-05,0.00187135570659945,0.00473998522989962,0.26010943077863,0.0323207891562095,0.0125243686106461,0.000168364553366103,9.12149977916689e-05,1.77295966709292e-09,0.00066545069360157,0.687489118951948,1.3338463244406e-07
"TCGA.SL.A6JA.01A",9.99768559551285e-06,4.33946793305647e-09,1.07874362954296e-05,0.198238804377511,0.00360788889604064,0.00563764415648095,0.00168193177551673,9.24510991362872e-06,9.1968064665844e-09,5.43868765540089e-05,0.790749292159866,7.98995100827876e-09
"TCGA.EO.A22T.01A",0.00222372261824243,0.00573190635749286,0.00197412635423032,0.279931125844538,0.0728634281041244,0.0105570648251013,0.0101714059001678,9.77180405478965e-05,1.32989734380139e-06,0.00296569255314301,0.613481223876347,1.25562872095697e-06
"TCGA.B5.A11V.01A",8.71192058720813e-05,5.76188681000379e-05,7.48881176556217e-05,0.250029014796605,3.30078907126785e-05,0.0257391950874957,0.00156432956346593,1.11475517654959e-05,1.45195484994611e-06,0.000231083267947979,0.722171125710785,1.79847444684483e-08
"TCGA.AP.A051.01A",0.0153135622378502,0.00535563367346909,0.0308676875543192,0.493719633597381,0.0780554874081623,0.0232349180928723,0.026959147524712,7.83976741399434e-05,2.24689498756738e-05,0.000391428009086333,0.000136516448429727,0.325865118829702
"TCGA.AJ.A2QL.01A",9.46071325483074e-06,0.00299472188340679,0.00289220732281867,0.194977910784208,6.57485652787566e-06,0.02753778451454,0.0207773956297687,0.0012375670168033,0.000249732322149184,0.00530926645104177,0.743985416699486,2.19618059956666e-05
"TCGA.BS.A0TC.01A",4.90956425664744e-06,4.83492245586181e-06,2.4605185965109e-06,0.262757511991661,2.32634763158592e-06,0.00573347436183562,0.00874594093121925,4.82009930265161e-06,3.43045761837986e-05,0.000257566551186502,0.722450574458302,1.27567736820067e-06
"TCGA.B5.A1MS.01B",8.45480333328605e-05,0.00036170765497357,0.00168466999114693,0.20424740154149,0.00360393461767766,0.0125591160219445,0.00011928102646646,1.95032432470814e-09,8.53445118035816e-08,0.000617941775665177,0.776721282843317,2.9199148860685e-08
"TCGA.A5.A0R9.01A",9.82902543075162e-07,2.69032966557019e-06,4.52056158372253e-08,0.189273785899339,0.039594584102423,0.0161819020672318,0.0122519725203972,2.78319258457318e-05,2.51176437721444e-08,0.00144714830649734,0.741218889548316,1.42074480928014e-07
"TCGA.A5.A0GV.01A",1.56835929520712e-07,1.11519211474617e-07,6.12556842191403e-08,0.472754569035008,0.00525271673250833,0.00505413185761939,0.00148232183257211,1.67980153980066e-06,2.34906565846232e-05,6.36357986182119e-05,0.515364267149459,2.85752526561958e-06
"TCGA.B5.A1MZ.01A",8.30345378164367e-08,2.36704698016563e-07,1.17326119878729e-07,0.370054124114732,2.1023690861013e-05,0.0255661546986143,0.012785087914661,0.000328862471889542,0.00298351731902811,0.00113044788043384,0.587129990055894,3.54788531017189e-07
"TCGA.D1.A1NW.01A",0.00341167905363409,0.0135225831703023,7.73168602573708e-05,0.195273335484146,0.0145200329424192,0.0057565980549338,0.00791114756296843,0.000198603526979958,2.0316418148779e-07,0.00190689611684398,0.602204089293558,0.155217514769775
"TCGA.AX.A2HF.01A",0.000830415285987518,0.00143198186117176,0.00848803123872694,0.245805933382212,0.0243460576041243,0.000229298326653001,0.0107602349185594,1.42502542480949e-05,2.88672493551798e-09,0.00210241891180293,0.701986842546367,0.00400453278342163
"TCGA.A5.A2K2.01A",2.70359863560445e-07,6.02183517141382e-07,2.50883614987319e-07,0.253382044289545,9.41543395621715e-05,0.00693704614826184,0.00913524645157573,9.00805074347197e-05,0.00128689530767958,2.35746241108799e-06,0.729068960289231,2.09177730287291e-06
"TCGA.D1.A102.01A",9.11547466458541e-05,0.000114901750828729,1.98293025952224e-06,0.450518180904911,0.0143069670626475,0.034324385492236,0.0183571472780599,3.7539498277253e-06,9.64321111029285e-06,0.000922896888685116,0.48134793611019,1.04967459864554e-06
"TCGA.BS.A0UL.01A",0.00274783059440984,0.020932012831585,0.014097848934661,0.0365496172973388,0.638187632760642,0.00224607342371116,0.0123855173035791,0.000478775214310137,0.00205150591531981,0.00214602333186253,0.268170013309851,7.14908272971877e-06
"TCGA.BG.A0MA.01A",8.69371068998006e-06,0.0003214593152004,4.2851661088643e-06,0.58336546674975,1.04557489204979e-06,0.0677884664341958,0.00860221198655409,0.000208896275511657,1.39362674858218e-06,0.000542130177026917,0.339152727825226,3.2231580956413e-06
"TCGA.EO.A1Y5.01A",0.00136511173570493,0.0230826213123059,0.00232372289108918,0.457656103243434,0.0649481396505179,0.00617038316199948,0.0265862240820348,6.11825340156802e-06,2.33122942824686e-08,0.00456619694994224,0.413294207927571,1.14747970496525e-06
"TCGA.EY.A1GL.01A",0.000127817077399905,1.84468820383244e-05,0.000715921911680152,0.355334459525375,0.0305589558123837,0.01016542237135,0.0115809259884683,0.000137190551103347,0.00130289697346843,3.75731774060495e-05,0.590018186400679,2.20332864789859e-06
"TCGA.A5.A2K7.01A",1.49595424153284e-07,1.95830465996802e-07,8.6334910272713e-07,0.108889727071139,0.096326914741011,0.00525408802675534,0.0110678904794041,7.38411753287745e-05,6.54598795966549e-09,0.000128773033116527,0.778257492050607,5.81016572410189e-08
"TCGA.EO.A2CH.01A",4.99949693899712e-08,9.7750983637772e-07,7.81199050800157e-08,0.393425651665194,0.00933399653219547,0.000953318495763824,0.003704994143217,2.19917088875174e-05,4.23831047103155e-09,0.000188449240164883,0.592370125383219,3.62968337474624e-07
"TCGA.A5.A3LO.01A",8.75429148282651e-06,0.00105834468932364,3.70502927802325e-05,0.580386218249447,0.0605184194746419,0.0163035836277932,0.00147102980539641,8.25220509572077e-05,0.000474607655110423,7.82395380434649e-05,0.339562279257266,1.8951067758272e-05
"TCGA.EO.A3B1.01A",2.8928278323827e-05,5.153121373611e-06,2.14006316012551e-08,0.743050989211469,0.114203109173143,0.0263640693375859,0.0221937127956806,0.000413390850036078,3.87827487623035e-08,0.00480737404422206,0.0889308412236431,2.37178114311875e-06
"TCGA.AJ.A3NC.01A",3.4349277277963e-07,2.83414901616501e-06,7.05366093379599e-09,0.117625129212935,0.00792372593859209,0.00383409992086428,0.00533919723050743,9.62119989260061e-06,3.03985881038446e-05,0.000161160769184332,0.865073357787976,1.24656494555763e-07
"TCGA.B5.A11U.01A",1.15439127527735e-07,1.66910842732434e-05,1.28869003338712e-05,0.225190912580546,0.177568590800187,0.0531245064827983,0.00712246038846368,3.04177246288304e-05,2.62072657855867e-07,0.000971968359090127,0.535961146507962,4.16599311852639e-08
"TCGA.D1.A168.01A",3.19957755366294e-06,2.60859649080076e-06,5.89026454305676e-07,0.103195317455868,0.711070293221517,2.90308846133616e-08,0.0231019052892495,0.000317952982098342,0.000204509359421999,2.39677819932452e-06,0.162100894792665,3.03889596901586e-07
"TCGA.AP.A0LV.01A",4.56963197861699e-06,0.000314295626367766,2.01056034528993e-05,0.236454457011385,0.047075537069436,0.0177615137012724,0.0125098248634151,1.47279780351083e-07,1.56210549443366e-08,0.000798859913289696,0.685060308766413,3.64912153780347e-07
"TCGA.A5.A0VP.01A",3.83579815068342e-08,1.04555056888248e-08,2.83542188373569e-07,0.248364859179355,7.56921493053194e-06,0.00297695690466109,0.00356473990793621,5.40963909901973e-05,1.06115100757985e-08,0.000317218014145988,0.744714217411303,9.49171093535727e-12
"TCGA.BK.A0C9.01A",8.72839567427155e-07,0.0113684321666702,0.00024114298649023,0.416868835498927,0.0214253449382049,0.029216784515316,0.016454588505328,0.000248744579874491,0.0126144381160525,0.00233343809859186,0.489223311642008,4.06611296848783e-06
"TCGA.D1.A16N.01A",1.14786160683418e-05,8.60325272718274e-07,5.11643117319777e-07,0.313919843470093,1.97296154878285e-07,0.0331267738652774,0.0174614403561151,0.000101808099292519,5.47037240388356e-07,1.55029012780576e-05,0.635350450242064,1.05861480269897e-05
"TCGA.K6.A3WQ.01A",7.19018766142648e-06,2.84410921904056e-05,0.00131117636696591,0.303839732531031,0.0407337084765643,0.00542369982089327,0.00289622223050585,6.54608591727406e-05,5.83525892939151e-07,0.000430715019857102,0.645258856470119,4.21341914676347e-06
"TCGA.D1.A3JP.01A",0.0146078291627352,0.0203264793507858,0.0174269710401749,0.487081726931961,0.0275962728029526,0.019509731083125,0.0207651805486665,0.000511076056533125,2.47109424984599e-08,8.95860374126762e-09,0.208228474265063,0.183946225088457
"TCGA.QS.A744.01A",1.18257332951336e-07,3.68918670134092e-06,2.62037931062746e-08,0.283501731512399,0.0288415636832887,0.0363379821063864,0.00732420331115627,1.94259458830509e-05,0.000117531198318543,2.95938065003956e-06,0.643843805662193,6.96355189789309e-06
"TCGA.BK.A4ZD.01A",0.00265288405598937,6.11159936128763e-08,2.33370644284471e-09,0.132327481839752,0.00415704806048094,0.00951564515108671,0.00217206689638342,2.36747175649736e-06,1.18561797619054e-10,1.02450705301904e-07,0.849172268454461,7.20511230134621e-08
"TCGA.AJ.A2QM.01A",1.51252526479399e-06,1.29123496741261e-06,4.39570980014255e-07,0.258719394515585,0.000181055476913133,0.0116031563765083,0.0139177343821134,1.79279072252421e-07,6.45434332235532e-07,4.59877924518395e-07,0.715574060663952,7.06623873139837e-08
"TCGA.FI.A2F8.01A",3.34393749291028e-05,0.000138500482655225,6.23098106489744e-06,0.209313926976062,0.0433220829354759,0.00790796276042791,0.00378381021007851,0.000157172058918076,4.90264891347344e-08,0.000294668436949991,0.735041522395794,6.34361155566634e-07
"TCGA.AX.A1CA.01A",0.00908068088247526,0.0111573817295846,0.0029875313581671,0.157113228125491,0.0811893939085846,0.000138863292232972,0.00498439207769798,1.35529384531195e-05,6.73775105508404e-08,0.00151276632981832,0.577586708143803,0.154235433836181
"TCGA.EY.A1GQ.01A",1.69028109059867e-05,0.000199850152711319,2.85006962216805e-05,0.208192507566396,0.191800081231923,4.9191566176683e-09,0.00138302275649342,0.00021204218039836,3.73501047224412e-08,3.98167924461245e-05,0.598127095133565,1.38409678754719e-07
"TCGA.DI.A1BY.01A",0.011677659287752,0.0104457892863671,4.18363681795258e-05,0.300892564416024,0.0776092659573119,0.00703250781430337,0.00313701187136806,8.142296558086e-05,3.84810750199101e-08,0.00087886539220088,0.58820221106506,8.27094777753872e-07
"TCGA.BG.A2AD.01A",5.02569845230248e-06,9.05015380994644e-07,1.15082088257878e-05,0.235495260976761,0.0161824573574264,0.00925692836755169,0.00296311101568177,8.24858001410213e-08,1.15786491077801e-08,4.06985562945015e-05,0.736042648676497,1.36206267909652e-06
"TCGA.EO.A3B0.01A",0.00615944006128547,0.0110997375490366,0.0162523656023899,0.226135156972138,0.334152026124271,0.00364218430430665,0.0360825862549227,1.59418018308864e-05,2.02947157074886e-08,0.00198471101028953,0.283358685076878,0.0811171449479358
"TCGA.D1.A16X.01A",0.0101518561727901,0.0142762053804336,0.0061137787145068,0.476045217202691,1.06786823704757e-07,0.0309386763889093,0.0249372204263353,4.12597902038463e-05,0.000123204126657991,0.00313564755996478,0.434234406861464,2.42058921914542e-06
"TCGA.EY.A1H0.01A",3.22025867346718e-07,1.05507922715524e-07,3.95140069961206e-08,0.260369012895618,0.000888327852368467,0.00552342692966028,0.00308252930605183,5.17876897617233e-05,2.39074632195776e-07,1.60549944451863e-05,0.73006765393181,5.00277855209107e-07
"TCGA.B5.A3FD.01A",4.17233024942919e-06,5.72003315873333e-06,7.53654772104235e-07,0.405653588004499,0.0205733128671765,0.012807044643777,0.00831247256202184,2.51946343225446e-05,8.32029559762075e-07,0.00026411466185634,0.552348862659193,3.93191941434149e-06
"TCGA.BG.A0YU.01A",0.000530175048106689,0.00859213616795394,0.000593820353932178,0.153238295041588,0.0247887451976294,0.0163424789109021,0.00192866430683374,8.96422353606478e-05,9.40220184108687e-07,0.000298093471833071,0.281156576186744,0.512440432858933
"TCGA.EO.A3AY.01A",2.2468209258846e-06,0.00835271300881832,0.00687403541653583,0.193789031638011,0.0713635161076556,0.000755087768568066,0.0138024424522585,2.54759420954362e-05,3.59752175272844e-09,0.0053630104669133,0.699671996495039,4.40285657895987e-07
"TCGA.EY.A548.01A",0.00112205829182987,0.00252341078536565,1.03407322041024e-05,0.319588419796517,6.29529446371197e-07,0.0392078193787575,0.0055447211173287,3.31986301153159e-06,3.91846732362902e-07,0.000597533190774863,0.631400380408126,9.75059906224206e-07
"TCGA.D1.A16E.01A",1.60969530898239e-08,3.03110419815611e-06,5.54951696545068e-05,0.399515506611161,0.0337718201046106,0.00277996565822594,0.0248960933210925,3.93297954581472e-05,0.000147756888019221,0.000368422267834496,0.538416936221043,5.62676174880293e-06
"TCGA.AJ.A3NE.01A",2.72511859991501e-05,0.000123647147772992,0.000117967660938469,0.31221591922979,0.0073728700318821,0.0173783862408793,0.0139804022860382,2.13996314751714e-06,4.03800747944939e-06,0.000795370152163072,0.647981999368774,8.72513650410463e-09
