"","cellFractions.B.Cells","cellFractions.DC","cellFractions.Endothelial.Cells","cellFractions.Fibroblasts","cellFractions.Macrophages","cellFractions.Mast.Cells","cellFractions.T.Cells","cellFractions.otherCells"
"TCGA.OR.A5LO.01A",0.00546204057083318,0.00885627461836383,0.0604760456573132,0.00743261478621397,0.00148586462072555,2.36270068926843e-05,0.00134784350232946,0.914915689237328
"TCGA.P6.A5OG.01A",5.11181952996054e-06,0.152224010203701,0.348506367113719,0.0414845345126116,0.102430859945858,2.48578866678608e-05,0.0176621578575083,0.337662100660405
"TCGA.OR.A5J6.01A",0.0107793564916471,1.7587573158e-07,0.0895585837898885,0.016494356206815,0.0456278387593676,8.16638753951113e-08,3.57754066761968e-07,0.837539249458608
"TCGA.OR.A5LT.01A",0.00203426477707268,0.0390141010410327,0.0291103446132874,0.0129287954355744,0.00615529307474536,1.67951672164844e-05,3.49451250323681e-08,0.910740370945946
"TCGA.OR.A5JY.01A",0.00773936944686352,0.0403956936636462,0.103292562349527,0.0181547718902721,0.0201700919242305,3.86314381995186e-06,6.07808475806672e-09,0.810243641503557
"TCGA.OR.A5JV.01A",0.00322106092000849,0.0897267189544181,0.0985621421637872,0.0159239070444464,0.0757954297086105,1.66786909657838e-06,8.8220050731325e-09,0.716769064517628
"TCGA.OR.A5JT.01A",0.00386986744446057,0.113040694914008,0.0940997391931505,0.016313215895235,0.00724403551725093,2.30649587477615e-05,0.000341611968571016,0.765067770108577
"TCGA.OR.A5KX.01A",0.0117684061336172,0.0100621897047185,0.097165737386526,0.0157342083536947,0.00696890993516411,9.85971407093541e-05,6.47684848793424e-07,0.858201303660721
"TCGA.OR.A5K3.01A",0.00584115321552914,6.65356308675249e-07,0.025938713987066,0.00638859292993478,0.00842411084925155,2.63057516686797e-07,2.01823794911679e-07,0.953406298780598
"TCGA.OR.A5JZ.01A",0.010126974889744,0.0956733140007261,0.0971708942045541,0.0212213860921008,0.0114651325075001,2.63954859874759e-05,4.77673520399338e-07,0.764315425145867
"TCGA.OR.A5LC.01A",0.0112034684367387,0.01095274160664,0.0710962166407262,0.0230524001198941,0.0165857459203448,2.40336577090869e-05,6.86170341835131e-08,0.867085325000913
"TCGA.OR.A5LH.01A",0.0067117031769259,0.00402842214994683,0.0591484316311468,0.01152762802421,0.0167380088240703,6.02036212951307e-07,0.00194544106977682,0.89989976308771
"TCGA.OR.A5LM.01A",0.00452603701067754,0.00163406965086657,0.0450145523044136,0.00701470250141825,0.0104684516613518,7.11748205394112e-06,8.83653466937586e-09,0.931335060552684
"TCGA.OR.A5J5.01A",0.00369144027307259,0.0155391129868443,0.038519346156603,0.00476312738534104,0.00375552695848743,6.69664958775846e-05,0.000407046023148163,0.933257433720626
"TCGA.P6.A5OF.01A",0.00206295203988322,0.0617225096007675,0.0733749036227303,0.0211859851121388,0.0120008057885654,1.80852283723575e-05,2.07043764230516e-09,0.829634756537105
"TCGA.OR.A5LD.01A",0.0265619603226247,0.00392334364172748,0.0397283646958873,0.0100777357530489,0.000950140399975321,1.52502011221296e-05,1.10831886018526e-06,0.918742096666754
"TCGA.OR.A5L3.01A",0.0076334832640611,0.00966326061279145,0.0236719077458823,0.00763176291192686,0.00273401571705887,8.17821659388203e-09,2.52628676779675e-07,0.948665308941386
"TCGA.OR.A5LK.01A",0.00332543699138595,7.02450318235285e-08,0.0416076548208515,0.00360133144877685,0.0185300378254149,0.00151755410669606,0.00252190106878881,0.928896013493054
"TCGA.OR.A5LG.01A",0.0126880559640907,6.48039564182438e-08,0.0655289453540984,0.0337164656443709,0.0387449015148489,2.01517563985473e-06,1.4019347435545e-07,0.84931941134952
"TCGA.OR.A5KO.01A",0.00385320690855229,0.0598051954685923,0.0632792535664907,0.0120982177449215,0.00287673277426897,2.07226491428866e-05,1.62731756332096e-07,0.858066508156275
"TCGA.OR.A5JJ.01A",0.00767283287496835,0.0132046629853626,0.0457676339835361,0.00810903839434204,0.00612939822715885,6.41967611272457e-05,0.00389214631297936,0.915160090460525
"TCGA.OR.A5JL.01A",3.49002441297262e-05,0.0160658463169679,0.0716047159929585,0.000905405075155997,0.0187223275744043,1.32540849527977e-05,1.36299067020831e-09,0.89265354934844
"TCGA.OR.A5KV.01A",0.00956168795855494,0.0253857681067085,0.0715824994553943,0.0153925902634577,0.00360848452227635,0.000103336600813439,5.02508477588427e-06,0.874360608008019
"TCGA.OR.A5JE.01A",0.065371801559012,5.64822514328823e-07,0.122075301296512,0.0353754145418599,0.0196380333982791,2.32354009294935e-05,1.97085831371193e-07,0.757515451895062
"TCGA.PK.A5HB.01A",0.0153451849456625,0.0989922231103778,0.269385534485361,0.0304238739230588,0.00647765958604654,0.000165542754048307,9.02681197097162e-07,0.579209078514248
"TCGA.OR.A5JM.01A",0.0110543006628492,0.071019103556117,0.0507521422808392,0.0517923028903883,0.00348727776123466,1.40735505235608e-05,5.99639925487169e-08,0.811880739334055
"TCGA.OR.A5JD.01A",0.00278457301404325,0.0336881640607854,0.0447468712072101,0.00678297935439528,0.0114553625734457,6.94717110773482e-05,0.00154980477415294,0.89892277330489
"TCGA.OR.A5LN.01A",0.00794972928856883,8.6225889799474e-05,0.0412012270231332,0.0102793492906594,0.00989612923933453,3.50409794216365e-05,0.00273596060217994,0.927816337686903
"TCGA.OR.A5K6.01A",0.00478626070183195,0.0288302226694089,0.059753926200812,0.00736023518516725,0.0117721927581855,6.78919252988721e-06,2.73376459642252e-08,0.887490345954419
"TCGA.OR.A5JR.01A",0.00881360984861621,0.0539089234303039,0.1118736097918,0.0168171382676436,0.0110111481939181,6.04815536289594e-05,0.000340014035681204,0.797175074878408
"TCGA.OR.A5L6.01A",0.00674708765533723,0.025153212021156,0.0482744473768442,0.0100746844542463,0.00519585084140351,4.91655414156604e-05,0.00165407311738831,0.902851478992209
"TCGA.OR.A5JI.01A",0.00504682128886811,0.0216414030262458,0.0650089673595549,0.0174082529992009,0.00567846801709149,3.24723774355706e-05,0.00161023098222744,0.883573383949376
"TCGA.OR.A5J2.01A",0.0130786726700211,0.105173931170263,0.131989711165961,0.0169409765307039,0.00970790847576543,6.4936763621625e-05,2.50416480759405e-09,0.723043860719499
"TCGA.OR.A5LL.01A",0.00438255397266181,0.12763651500958,0.0566084671652482,0.0222377273591236,0.00880650873231495,1.24273111395824e-05,3.43219928465793e-08,0.780315766127939
"TCGA.OR.A5K1.01A",0.0088499631699484,0.0460935984477018,0.141474386785555,0.0180481849071768,0.00737033751222314,4.24079851370783e-05,0.00263171787614541,0.775489403316112
"TCGA.PK.A5HA.01A",0.00319933173891432,1.36590711768703e-07,0.0841312427551563,0.00883907840499326,0.0398575110059687,4.81979945021924e-05,2.02750839776655e-07,0.863924298758914
"TCGA.OR.A5LR.01A",0.00455490279935135,0.0831060429727746,0.0735247584386428,0.020880242649738,0.0107548906922484,0.000181897122528628,0.00273814767410629,0.80425911765061
"TCGA.OR.A5JX.01A",0.00698354751023791,0.0220146070543132,0.092682213883394,0.0107115613208667,0.00628089791836756,1.83212944351739e-05,4.89752009876439e-05,0.861259875817398
"TCGA.OU.A5PI.01A",0.00613504223525161,0.0174809468814238,0.0553120084996349,0.0187605575911369,0.00691489716550637,1.05912359676002e-05,0.000616511274587608,0.894769445116491
"TCGA.OR.A5JA.01A",0.00409749497062085,0.040950887473582,0.0545735153068836,0.026059419944021,0.00852709407343004,0.000112453210092653,0.000482816862879251,0.865196318158491
"TCGA.OR.A5KY.01A",0.037217410879703,5.99646262564016e-09,0.075158740849972,0.0154573204684589,0.0218249273697899,1.03588991874104e-06,7.19833992033771e-06,0.850333360205774
"TCGA.OR.A5L9.01A",0.00546323963824321,1.23562324544354e-05,0.0263356514562199,0.00746382567586374,0.00478921893003001,6.18829672658024e-05,0.00130240213828027,0.954571422961643
"TCGA.PK.A5H9.01A",0.00771501018151889,0.0392387865243018,0.134894466282026,0.0213427663816171,0.00963472058040608,0.000110273855170187,0.000939006570745487,0.786124969624215
"TCGA.OR.A5JK.01A",0.0106721096703382,3.26764319063637e-08,0.0398223923175955,0.0136950520542078,0.026660364522852,6.34142520257197e-06,0.0136910334348169,0.895452673898555
"TCGA.OR.A5LJ.01A",0.0113051343373733,0.0356128697246168,0.0480197080923734,0.00971151044166996,0.00826452260334901,6.91792255021304e-06,0.00293277028186971,0.884146566596198
"TCGA.OR.A5K9.01A",0.00623466834907925,0.0367698799766742,0.0676531503873187,0.0233021663784241,0.00496472817634945,4.00970875240984e-06,2.29052367108274e-07,0.861071167971035
"TCGA.OR.A5LA.01A",0.00794595815137454,3.31943819214386e-07,0.0770073931358926,0.0150573300218061,0.0206784335116925,0.00328554433869562,0.0012614997988026,0.874763509097917
"TCGA.OR.A5JP.01A",0.00621026157103387,0.0165519506642494,0.0686373163000323,0.0209138518301305,0.00735717476993741,5.3116770750847e-05,1.56092993632296e-07,0.880276172000872
"TCGA.OR.A5LE.01A",0.0350716428268976,0.0261771015182758,0.0504194374414633,0.00241026391524165,0.00226944242019378,9.7059478194701e-07,6.09269668717109e-08,0.883651080356179
"TCGA.OR.A5JB.01A",0.00121089801388403,2.36509140874771e-07,0.0495678033604218,0.00883061025826748,0.19840384332185,0.000122557665546259,0.0440671580411096,0.69779689282978
"TCGA.OR.A5J3.01A",0.0178445751746351,0.0102269610977608,0.0595091620755873,0.00499153582732498,0.003676026924339,6.43359234996943e-05,0.00132573317244532,0.902361669804408
"TCGA.OR.A5JQ.01A",0.00815843725865456,0.0446501537768832,0.079659369012352,0.0410822134354613,0.0231131112355893,0.000175688295952405,0.00785047884001431,0.795310548145093
"TCGA.OR.A5J7.01A",0.052423243354851,1.80066740717615e-07,0.115490130740395,0.016506080070352,0.00343144318121443,7.13274254102308e-06,0.000740781819968851,0.811401008023936
"TCGA.OR.A5KZ.01A",0.0088961466139895,0.0261315178103062,0.160754012597254,0.0517343148094571,0.0106555025032758,4.42363020521311e-09,5.88972880672511e-05,0.74176960395402
"TCGA.OR.A5KW.01A",8.578800113835e-09,0.0712919187889014,0.0523059909823362,0.00650397204759155,0.00639686481638478,2.10261778136906e-05,0.000421813197971023,0.863058405410201
"TCGA.PA.A5YG.01A",0.00534847037775087,0.0382561069872269,0.123178406921057,0.0113845136494681,0.0211372607341068,0.00210065193248693,0.00508412671421595,0.793510462683687
"TCGA.OR.A5J9.01A",0.0107361424390821,0.0323026416079668,0.139310863706366,0.0190959555641626,0.0037492336519346,2.76918465408515e-05,0.000815675486894233,0.793961795697053
"TCGA.OR.A5K4.01A",0.0118933238697291,0.0849145958570313,0.0695497742758773,0.0238897540839838,0.00381370691085523,8.65812525699612e-06,0.00159278242928703,0.804337404447979
"TCGA.OR.A5K2.01A",0.0950006103342597,1.42767436915955e-07,0.0892105661887065,0.0172550155813954,0.0145971821395713,4.38490580049508e-07,2.86827159624009e-08,0.783936015815334
"TCGA.OR.A5JO.01A",0.0154635241052455,1.10887862650622e-07,0.245292793925821,0.0373228766640404,0.153415771131189,0.00643507184132088,0.0166292248898448,0.525440626554676
"TCGA.OR.A5KU.01A",0.00685574272675339,0.0968209351823789,0.0513242695594126,0.0103589939781573,0.00620131312643033,5.66492584552498e-05,1.26572468750804e-08,0.828382083511165
"TCGA.OR.A5LB.01A",0.00376455238523341,0.0155169048839058,0.0898842230422917,0.00196124471881093,0.0029770470703173,2.48868780274828e-05,2.72476566552975e-08,0.885871113773757
"TCGA.OR.A5L8.01A",0.00954142910153123,0.0673634389005514,0.0403115891503447,0.042140424615763,0.00527080074182711,4.57028777156054e-06,4.77776040735951e-08,0.835367699424607
"TCGA.OR.A5J8.01A",1.51439991988202e-07,1.63350539469276e-08,4.85941496976065e-08,0.301033026429528,0.698966352767349,1.60691332889798e-08,3.87941602735938e-07,4.23191648653461e-10
"TCGA.OR.A5LS.01A",0.0222939014264258,1.25660062088438e-06,0.0392564114407378,0.00826818369149882,0.00868558063477824,0.00011339673167197,5.92754126937463e-07,0.92138067672014
"TCGA.OR.A5JW.01A",0.00276897405200284,0.0366806835388626,0.0712780453969366,0.00968914707051982,0.00588876479470744,3.93819046410751e-05,0.00358144991068152,0.870073553331648
"TCGA.OR.A5JC.01A",0.00836885323853711,0.0199341055979581,0.0633704422160351,0.0161373771176506,0.0111794071921817,3.55238799807678e-05,8.7268358705535e-05,0.880887022398951
"TCGA.OR.A5LP.01A",0.0068997810325542,0.00769419153577814,0.0786929306165361,0.0169689975045608,0.0323846734145073,0.000383259397586658,9.20472736319738e-08,0.856976074451203
"TCGA.OR.A5J1.01A",0.00772672297091063,0.00705070172071382,0.0475125028649125,0.0123812093473507,0.0142976417791352,1.62187306876708e-05,1.39416971716157e-07,0.911014863169318
"TCGA.OR.A5K0.01A",0.269356625600179,0.584346322250374,0.105495554655526,0.0135716866205235,0.0271721204038531,5.72645405556397e-05,2.76298628433152e-07,1.49630360138015e-07
"TCGA.OR.A5K8.01A",0.00382157307886118,0.0157841867142259,0.0315458726157817,0.00818783816247312,0.0025940340274827,2.42666177202767e-05,0.000675097818494988,0.93736713096496
"TCGA.OR.A5L5.01A",0.0528635609782175,0.00697795253606693,0.0594220900811756,0.0491166395188901,0.0196433190295069,0.00102003937839016,0.00357591658373742,0.807380481894015
"TCGA.OR.A5KT.01A",0.0282341848848053,2.84384158215623e-08,0.342474519551932,0.0633839560653223,0.074582034905169,3.22757705079192e-05,1.51221476957267e-07,0.491292849162371
"TCGA.OR.A5JF.01A",0.00778427179684509,0.0313052532672925,0.0593513556054927,0.014201815348433,0.00276900844462776,1.3061759606441e-05,0.00193525674157903,0.882639977036124
"TCGA.OR.A5L4.01A",0.00738084299433866,0.00102378895489385,0.108848329231582,0.0133924042903078,0.00719311766108138,2.84602189495151e-06,1.10048930533153e-06,0.862157570356596
"TCGA.OR.A5JS.01A",0.024460590394302,0.0675814350012621,0.0757129865960222,0.0171838886453472,0.00471459024840322,0.000162816259842025,0.000816903528532398,0.809366789326289
"TCGA.OR.A5K5.01A",0.050857699451256,0.223410413046957,0.102197173282002,0.0303872338326389,0.0142939290579488,2.39144754057408e-05,1.71121726448652e-08,0.578829619741619
"TCGA.OR.A5JG.01A",0.00604096624472017,0.0229551943870971,0.0687629718732741,0.0136759183873368,0.0114401181043852,0.000143114312702891,0.000290161032590298,0.876691555657893
"TCGA.PK.A5H8.01A",0.0132567981253178,0.0268517737661722,0.0803529867984403,0.0200177886199982,0.0169500627368684,5.19131064770913e-06,5.58579810387971e-09,0.842565393056757
