"","cellFractions.B.Cells","cellFractions.DC","cellFractions.Endothelial.Cells","cellFractions.Fibroblasts","cellFractions.Macrophages","cellFractions.Mast.Cells","cellFractions.T.Cells","cellFractions.otherCells"
"TCGA.C5.A7UI.01A",0.0102722374851188,0.0669260081997276,0.0466184383135627,0.0136914990488299,0.0298580476188674,0.000553480211013719,0.054270208373735,0.777810080749145
"TCGA.C5.A902.01A",2.04031678008776e-08,0.0973657615836108,0.0472803413915886,0.00579023198994598,0.0141920550228828,0.000259716624482234,0.101517269346703,0.733594603637619
"TCGA.DS.A1OB.01A",8.22480817948097e-09,0.0815434316902318,0.0262338922891077,0.0142510130600759,0.027974081638098,0.00014199281297772,0.0037175340975695,0.846138046187131
"TCGA.Q1.A6DW.01A",1.57415597195584e-07,0.253040347273603,0.0754791562761931,0.0226072204595509,0.0166129805148599,0.000138591436540032,0.00749758085529242,0.624623965768364
"TCGA.EK.A2R7.01A",0.00749076977528175,0.237654708819595,0.0510387321694069,0.0239216012699318,0.0188919514232122,0.000476127074117838,0.0311821673385051,0.629343942129949
"TCGA.C5.A7X8.01A",0.054617829493763,0.131180899075044,0.108493195617332,0.098373935191848,0.0117049089963777,0.00160739588746617,0.0120753788485857,0.581946456889583
"TCGA.Q1.A5R3.01A",1.44558196010375e-08,0.315310088071032,0.0707541667819072,0.0130062317052097,0.0230066478822299,0.00170525886519525,0.0414279994587375,0.534789592779869
"TCGA.C5.A7X5.01A",2.5145855843712e-10,0.0803505840316034,0.0287492891379093,0.0126944808325429,0.00930736124722276,2.17706330359067e-05,0.00262278324348347,0.866253730622744
"TCGA.ZJ.A8QR.01A",0.00599124982850254,0.15208317356626,0.0473681281833595,0.00600265633073018,0.00831018028133265,0.000325010399537642,0.00210724952855938,0.777812351881719
"TCGA.HM.A3JK.01A",0.0127916751588113,0.292266758732349,0.154158042088813,0.178659804632664,0.0405440468811689,0.000907664406551694,0.0173986550662425,0.3032733530334
"TCGA.EA.A556.01A",1.05400193277886e-07,0.104292840361736,0.0578319459083715,0.13111700832288,0.0122862823075112,0.000246942186717119,0.00261168286459115,0.691613192648001
"TCGA.VS.A9V4.01A",0.000616073453169672,0.0554151170179717,0.0234208260731951,0.00542232425944377,0.00243011902283139,9.2967306770145e-05,0.0037663011778985,0.90883627168872
"TCGA.IR.A3L7.01A",6.76359546295883e-08,0.220075587855403,0.04291382146099,0.0237374062153975,0.0102011794162399,0.00014815459035242,6.82139031283374e-08,0.70292371461176
"TCGA.EK.A2RL.01A",5.11402966512024e-08,0.125844677873002,0.0304608743799346,0.0229896390015506,0.0058676382844804,3.60151278217741e-05,0.00995764560910406,0.80484345858381
"TCGA.VS.A94X.01A",9.05757824871162e-08,0.832254366893192,0.115723555963683,0.0131005328006828,0.0385529783073787,0.000122521967758929,0.00024589382748326,5.96640394225282e-08
"TCGA.VS.A9V3.01A",1.35466442295301e-07,0.198013861778784,0.056285145370243,0.015970217883992,0.0419380113696556,0.00061874242449141,0.0191928596708003,0.667981026035591
"TCGA.EK.A2RO.01A",3.46465108162654e-07,0.0397139946139104,0.0405257214337069,0.0745070125175515,0.00895862033236325,6.9185460676122e-05,0.00563891459698929,0.830586204579694
"TCGA.JW.A5VJ.01A",2.85164109677582e-08,0.132079207948326,0.0334495497773284,0.00942259416659054,0.0169066560435745,0.000165682270413136,0.00201205867428145,0.805964222603075
"TCGA.MA.AA42.01A",0.0475311325047211,1.99722638130326e-08,0.012190039680888,0.00915192455198758,0.225368861786659,0.000221218708109602,0.294766882208293,0.410769920587078
"TCGA.C5.A1MK.01A",2.44075865619175e-08,0.0659853458551404,0.0451590555106229,0.0808545104405205,0.0162982918441791,0.000109795460833222,0.00844950927818483,0.783143467202932
"TCGA.UC.A7PG.01A",2.34099991512544e-08,0.174919642459721,0.0514501490548253,0.016087747544996,0.0117937674416922,0.000533562420926781,0.00398518636310119,0.741229921304738
"TCGA.VS.A9UH.01A",0.0102133793698674,0.348298778339536,0.14133558886855,0.0550100720235468,0.282361220658926,0.000489248541733291,0.0882718813189843,0.0740198308788569
"TCGA.4J.AA1J.01A",2.30948239379661e-08,0.138579100516334,0.0662998908136088,0.0626201661728696,0.00942621535400633,0.000566656730688962,0.00454428901447255,0.717963658303196
"TCGA.C5.A1ME.01A",1.25984979556254e-07,0.162182011504541,0.044124816192559,0.011374911346269,0.0122498007288452,0.00151186954994584,0.0259145312428587,0.742641933450001
"TCGA.C5.A8YR.01A",2.04888084984314e-08,0.0674179749896267,0.0527246700655917,0.0156412615346379,0.0670511566686591,0.000186328949573355,0.0377598862550169,0.759218701048086
"TCGA.EA.A5FO.01A",3.74016205120767e-08,0.167115409432792,0.0337951722267742,0.00376377887550456,0.00587244683140185,3.64750539384386e-05,0.0019173432366705,0.787499336941298
"TCGA.MA.AA3Z.01A",2.35224514412597e-08,0.192236004558259,0.0398945572353886,0.00578887833143115,0.0225644050016407,0.000129350041607782,0.0614716322435706,0.677915149065651
"TCGA.C5.A8XJ.01A",0.00436356786974003,0.137390390127327,0.121299624708876,0.0568060103262457,0.0208531269153963,0.000176140032581241,0.0234943622929498,0.635616777726884
"TCGA.R2.A69V.01A",0.0437456189275256,0.0392618132939881,0.0689823180386432,0.0370217811796982,0.37773544768289,0.00188281149078828,0.221546093410609,0.209824115975858
"TCGA.C5.A1BM.01A",5.01626070928568e-08,0.187300893580604,0.0490069748153084,0.0117606625349847,0.0842465373441936,0.000112809572996803,0.00587009624515206,0.661701975744153
"TCGA.ZJ.AAXD.01A",3.89917884682301e-08,0.233003950064785,0.0656434035880988,0.0433954249053144,0.00955564768713152,0.000420265575549048,0.00623470538844007,0.641746563798893
"TCGA.HM.A4S6.01A",5.8162789197159e-09,0.237028588021746,0.0649134468401454,0.0280673326447809,0.061296726419909,0.000124530368236487,0.0288791954039777,0.579690174484925
"TCGA.EA.A5ZF.01A",2.91354054461318e-08,0.250876176236072,0.0943981874885593,0.0826407101347588,0.0164481089615891,0.000218131475047873,3.62478735452577e-07,0.555418294089832
"TCGA.C5.A1M6.01A",2.0606736825463e-10,0.280482861789916,0.0723187092874152,0.0245412534325495,0.00933756437847614,0.000155910219717034,9.90701994185674e-08,0.61316360161566
"TCGA.DG.A2KK.01A",4.57664210256499e-10,0.436666372727332,0.0779476955718262,0.0132099928262676,0.0270902673541107,3.8709535698928e-05,0.00828880948877142,0.436758152038328
"TCGA.HG.A2PA.01A",4.06767829635326e-07,0.357757295744303,0.0850162043853987,0.041862030754585,0.0196188257774804,0.00192767149180018,0.0293242820539294,0.464493283024673
"TCGA.VS.A8EH.01A",1.02567468068398e-07,0.646285909589125,0.0976951151425786,0.0105560416309142,0.0278901023492827,0.000544510977389994,3.30394221591501e-08,0.21702818470382
"TCGA.FU.A5XV.01A",2.25214690868058e-07,0.311616589449623,0.0568060449156735,0.0424588269817999,0.015391609413942,0.00133722642288295,0.0033709703622199,0.569018507239168
"TCGA.C5.A1MF.01A",0.00817426164837256,0.083108099972134,0.0366733803714798,0.0147608248677914,0.0244080627532026,0.00118072380877275,0.0209429464937603,0.810751700084487
"TCGA.EX.A449.01A",2.47725425067926e-07,0.331894128359847,0.0352854467593206,0.0100390230141255,0.0070053680592881,7.00741553004449e-05,0.0113450112306217,0.604360700696072
"TCGA.C5.A2LX.01A",0.0188612176204498,0.0533763061777708,0.0368029693067654,0.0172160880146343,0.051071602562266,0.00550963833991804,0.1321460375572,0.685016140420995
"TCGA.HM.A3JJ.01A",2.33138927198218e-08,0.246591239603598,0.0917391412411828,0.0863223301023622,0.0425094481247578,0.000974631620055143,0.0142328927505966,0.517630293243555
"TCGA.LP.A4AW.01A",0.0166034162617533,0.129134147475556,0.20244532745049,0.146513579625351,0.0107953696277613,0.00100838511656834,0.0149125737208594,0.478587200721661
"TCGA.C5.A8XH.01A",1.9140152847698e-08,0.133387545487509,0.035417050002685,0.0105490317341454,0.0311062030810681,0.000320950280878469,0.0187276494560923,0.770491550817469
"TCGA.EK.A2RE.01A",5.09903658725568e-08,0.165222654999822,0.0329472086281323,0.0132863980044135,0.0059937182002888,6.82566016809588e-05,2.41261347463111e-08,0.782481688449162
"TCGA.EK.A2RC.01A",3.70626759614917e-08,0.198355998729849,0.0482519755116052,0.0480273614673643,0.0341835772235693,0.00083894499597355,0.0340867902618581,0.636255314747104
"TCGA.EA.A3HU.01A",0.0141138725059739,0.126145149737539,0.0599716259030942,0.0186426963480008,0.0825129897250079,9.96819846694715e-05,0.165741604864477,0.532772378931238
"TCGA.EK.A2PI.01A",2.39030758927061e-08,0.139555326689623,0.0375048901294655,0.0363275647948932,0.00848596417113407,0.000346405068074751,0.0048705508025331,0.7729092744412
"TCGA.EX.A8YF.01A",0.0321296208072391,0.16195148607863,0.0445744709116714,0.0131353995724445,0.0268764735852774,5.79991714878122e-08,0.045380508565767,0.675951982479799
"TCGA.C5.A7UC.01A",1.75721657025032e-08,0.265595486329582,0.0596815015264531,0.0189937834822999,0.00924131854089469,0.000188806241626086,4.59605908158664e-06,0.646294490247897
"TCGA.EA.A3QE.01A",0.0112568553492599,0.153569713947075,0.040364841189956,0.0163288541280107,0.0345979930512562,0.000453585326121293,0.0722576799712831,0.671170477037038
"TCGA.EA.A4BA.01A",4.80132564124186e-08,0.12726916712419,0.0734576612943367,0.0408101875572273,0.00584916753711723,0.000489344367379359,0.000312659651127411,0.751811764455366
"TCGA.EA.A411.01A",0.0106789968670805,0.109193998197174,0.0936253735808293,0.0946087870133663,0.0136357309915635,0.000811088065900761,0.0100902312031306,0.667355794080955
"TCGA.IR.A3LL.01A",0.00234366421898153,3.10824568793318e-08,0.0141763551265498,0.00402575170381769,0.0991808388838228,0.00655836183268345,0.0732532448921467,0.800461752259541
"TCGA.IR.A3LF.01A",0.00492744399739866,0.0834637060470465,0.0419272025804766,0.0277003154635677,0.00930647074245206,0.000708394239711646,0.0214920500290631,0.810474416900284
"TCGA.EK.A3GJ.01A",1.6863891715767e-08,0.0546969668042165,0.0187902182670616,0.00581592975799036,0.0673381350592804,0.000103875129639203,0.0402625706805365,0.812992287437384
"TCGA.ZJ.AAXI.01A",1.52708463579851e-08,0.155778295902385,0.0227895943173486,0.00356527552474926,0.00717753344686032,2.26891669824242e-05,0.00392993071378629,0.806736665657042
"TCGA.C5.A1BI.01B",0.00406473873878188,0.185468865889701,0.0486238331557422,0.0305132645117343,0.0322433061151999,0.000487880303095894,0.0295133751021095,0.669084736183635
"TCGA.EK.A3GK.01A",7.00191511807492e-09,0.138312745573925,0.0272154546130592,0.0058876989373051,0.0136528628865069,0.000323524173023884,0.019855859799194,0.79475184701507
"TCGA.EA.A3HT.01A",5.58668266170566e-09,0.380933257650803,0.0920207995895188,0.0891647667996581,0.029048265951534,0.000663782700824953,0.00202287759894121,0.406146244122038
"TCGA.C5.A2M1.01A",3.79494635966927e-08,0.286145602165053,0.0564025854526464,0.0102034788159872,0.0556129059208248,0.00024071286160366,0.0393896179533167,0.552005058881105
"TCGA.VS.AA62.01A",1.78007991029724e-07,0.427185092920137,0.0874550492989261,0.0244670281451281,0.0537106801855698,0.000495408003591741,0.0551143279225485,0.351572235516108
"TCGA.JW.A5VL.01A",1.34018477916063e-08,0.0977219276409319,0.0379607238469258,0.00695602855229074,0.0644737601270534,3.67820744298066e-06,0.0379535712526396,0.754930296970868
"TCGA.EK.A2IR.01A",8.78376589047739e-08,0.0338068392773227,0.0212438971525545,0.00631648134985903,0.00417719269869254,5.06679575293772e-05,0.00207685527093314,0.93232797845545
"TCGA.VS.A9UD.01A",0.0102059991239514,3.6551530553841e-08,0.0254714493081341,0.00282519563276769,0.188093528153922,0.00081340714473003,0.168664372089502,0.603926011995462
"TCGA.VS.A9UR.01A",3.99615342905776e-09,0.252680449020291,0.0499242864917374,0.011579551917523,0.00851410658566808,0.00015268909429393,0.00543287330517323,0.67171603958916
"TCGA.FU.A3EO.01A",1.16348866914297e-07,0.197494584037153,0.0448418667800723,0.0177999233851704,0.027926801719423,0.00046335846086926,0.00582627471089571,0.705647074557549
"TCGA.JX.A3Q0.01A",4.82516745869318e-07,0.0810408216079462,0.0338323643687128,0.00829541519286171,0.0452813956472705,4.48008381008103e-05,0.0261857836282113,0.805318936200151
"TCGA.VS.A8QH.01A",2.51683967334909e-08,0.0546597383060295,0.0177026180797557,0.00788238907682461,0.00278476958994395,8.87178472330069e-05,0.00200783785468181,0.914873904077135
"TCGA.EK.A2RM.01A",4.57981133694226e-08,0.170517037411426,0.0684573777594919,0.0758340702395119,0.0132868798817333,9.10000052692463e-05,0.00242435983401342,0.66938922907044
"TCGA.ZJ.AAX8.01A",4.87327083318354e-08,0.35019975463346,0.108405712723293,0.0804728163682831,0.0291559188215098,0.00304050260003817,0.0301962141739973,0.398529031946711
"TCGA.DR.A0ZL.01A",0.00352247751225318,0.0909852280270913,0.026014140495476,0.00813422359921541,0.00383122361792481,0.000125495727456434,0.00521766231923652,0.862169548701346
"TCGA.2W.A8YY.01A",5.62047211876598e-06,0.193154889053848,0.0828991165703977,0.0184936151499649,0.0307584411736802,6.3462056866632e-05,0.00451581632252109,0.670109039200603
"TCGA.BI.A0VR.01A",0.0246260072433563,0.232205238755568,0.0608003880934504,0.0317720498449005,0.0303742751750688,0.00083843744546513,0.0403513403623798,0.579032263079811
"TCGA.FU.A23L.01A",0.00307360942662619,0.126068274330097,0.0392158619456152,0.03690409011816,0.0344958968434623,0.000158519299497359,0.0435418059601477,0.716541942076394
"TCGA.VS.A8EJ.01A",0.00205955748278699,0.112178335902098,0.0517079600776514,0.0160274293917399,0.0102863387822233,9.79565348391136e-05,0.00965543421208429,0.797986987616576
"TCGA.DS.A0VK.01A",3.00981322089729e-08,0.154369471377524,0.0711919187731172,0.0373918561358298,0.0108857130788461,0.000178838308149272,0.00818636162334015,0.717795810605062
"TCGA.LP.A4AX.01A",8.5389566414638e-08,0.33735728727042,0.122286260719464,0.0192795817051476,0.0884182095128007,1.83025520674747e-05,0.122684155634821,0.309956117215713
"TCGA.EK.A2RJ.01A",0.0039821660312673,0.0677890411617809,0.0463813652586737,0.00586240950709615,0.0322921488402317,0.000219064111394133,0.0430029572322304,0.800470847857326
"TCGA.JW.A852.01A",5.59248826296859e-08,0.192379635073353,0.0433855615714036,0.00476049644892975,0.0181477861385918,0.00140115320263054,0.0356850660647967,0.704240245575412
"TCGA.Q1.A73S.01A",7.85075633842652e-09,0.0541777468871131,0.0242524644332073,0.0145962526620444,0.011683777795475,6.9692276029663e-05,0.000860023614826367,0.894360034480548
"TCGA.ZJ.AAXU.01A",0.0293816681364426,0.226698760195775,0.0411887448870353,0.0133212453440069,0.0128390235515371,0.000626687604965359,0.0445087756468508,0.631435094633387
"TCGA.C5.A1MI.01A",0.0173551414670036,0.0624654492786037,0.0658378067846313,0.0397632265632668,0.0234980292749334,0.000302473834683244,0.0341536954518079,0.75662417734507
"TCGA.VS.A8QA.01A",1.94624432835789e-09,0.143116913605951,0.0267295203934119,0.00248715667182689,0.0100558398077709,5.50100655471956e-05,0.0180415327345047,0.799514024774743
"TCGA.EA.A5ZD.01A",9.44911308416669e-09,0.258037877592527,0.0709283307912815,0.0233997120847358,0.0540367457074382,0.000464592864641231,0.0109644439667356,0.582168287543528
"TCGA.XS.A8TJ.01A",4.20858829318574e-10,0.209656924062621,0.0624490464998602,0.0188261069828467,0.025149438265051,0.00144171542359134,0.0145676871104751,0.667909081234696
"TCGA.C5.A7CO.01A",2.3744183192932e-09,0.07798230325611,0.0203270982182321,0.00505645700323943,0.0130057108207221,3.62283826582326e-05,0.0127761945829257,0.870816005361694
"TCGA.MY.A5BF.01A",1.46630337819582e-08,0.143444445258501,0.0364243903189541,0.00828546759290058,0.0249550040743475,3.76495391630564e-05,0.0419468773662852,0.744906151186815
"TCGA.C5.A1BL.01A",0.00265837369505547,0.0970746771623975,0.0264939081096252,0.0136389193496602,0.0408582020121025,0.000107585554077437,0.0290976518394094,0.790070682277672
"TCGA.C5.A1M5.01A",0.00461890299824113,0.186169705570558,0.0569254516420861,0.0246656378262765,0.0208154245196392,0.00101402945894919,0.0356169638535968,0.670173884130654
"TCGA.DS.A5RQ.01A",3.47542922584618e-09,0.253196535592416,0.0521963370244807,0.0141035709827507,0.0288517725318147,0.000213995786615379,0.00786764923512324,0.64357013537137
"TCGA.JW.A5VG.01A",1.38024815833229e-09,0.381310942557052,0.0664108533702833,0.0101438319222112,0.048351362708426,0.0012340344203317,0.033796464169536,0.458752509471912
"TCGA.WL.A834.01A",1.81684351663288e-08,0.422506806047771,0.0909587478443632,0.0233532610746121,0.0194501361403814,0.000201176580158865,0.00141423803431998,0.442115616109958
"TCGA.DS.A1OD.01A",0.0294467487842932,1.54507978215969e-09,0.0369838431779937,0.0464942237963132,0.0792421281395896,0.00104108129549721,0.176003088231332,0.630788885029901
"TCGA.Q1.A5R1.01A",5.68525863747868e-08,0.289019049879218,0.0447961997352592,0.0142098662421652,0.0132877116770256,0.000548922712617181,0.0043654747506574,0.633772718150471
"TCGA.ZJ.AAXF.01A",0.0171266029057679,0.202252111380204,0.0745991393227515,0.0290303039113416,0.0191518008056777,0.000527076221660902,0.0330574747892052,0.624255490663391
"TCGA.LP.A5U2.01A",0.000220328313405026,0.0314205967468268,0.0189618671886141,0.00691697692433238,0.0130769219312515,1.90824271218706e-06,0.0217155390573565,0.907685861595501
"TCGA.C5.A7CK.01A",0.00208810778987127,0.106350520901652,0.0611455291037898,0.0641220738344158,0.00737504469787719,0.000110814569292092,0.000687049161413176,0.758120859941689
"TCGA.ZJ.AB0H.01A",0.0212502999956345,0.217425231187383,0.0614863839553512,0.0307104968614851,0.0478264919254558,0.000428919451369459,0.0350410413384789,0.585831135284842
"TCGA.EK.A2R9.01A",4.79919927517292e-08,0.259693077004513,0.0863089720787397,0.0640813964732829,0.0307952058956403,9.07310067447714e-05,0.0523289894331219,0.506701580115965
"TCGA.VS.A954.01A",0.00126684546392483,0.113062844523461,0.031833350809101,0.0243651570463686,0.0177816558747439,4.87187011408463e-05,0.0165628073592728,0.795078620221987
"TCGA.Q1.A73O.01A",1.62110839665869e-08,0.585829038310833,0.0927389700846283,0.0240943615017675,0.0290071941561449,0.000592180945975548,0.0188189631644202,0.248919275625147
"TCGA.VS.A9U6.01A",7.79669509309001e-08,0.30219983672534,0.0812414955525181,0.0304537703151412,0.0223315707025545,0.000464230272752739,0.0248199210641096,0.538489097400633
"TCGA.EK.A3GM.01A",9.41950521244966e-09,0.0628433135467525,0.019499466410832,0.00798199716894108,0.00278147338500742,0.000322806956827936,0.00225633430643373,0.9043145988057
"TCGA.C5.A7CJ.01A",0.00323669626164025,0.185938672939705,0.0979252655687569,0.070936660750801,0.0267836428697915,0.00101394262891128,0.0253368529983987,0.588828265981995
"TCGA.FU.A3WB.01A",1.49154672427166e-07,0.0839729368811104,0.0507417339510056,0.0343596488377318,0.00673015515290774,0.000165558922004278,0.00764177649793988,0.816388040602628
"TCGA.VS.A9V1.01A",3.01914352242946e-09,0.181950552133287,0.0368155746588665,0.012383199445105,0.0054782983405111,5.37389572890181e-05,0.00636172607245482,0.756956907373343
"TCGA.C5.A1ML.01A",2.51002673654282e-08,0.543672441896706,0.114453657450212,0.0167454197682571,0.0424254091884241,0.000198712165271033,0.00260283204546285,0.279901502385399
"TCGA.IR.A3LB.01A",4.51355107873773e-07,0.114916871373595,0.0710453398812451,0.128693144458665,0.0118199324368952,0.000608727403094678,0.0119602034878749,0.660955329603522
"TCGA.VS.A9U7.01A",9.75721520393611e-09,0.304528569981649,0.065294832867605,0.0143579311155329,0.0378473644195465,0.000392147922601594,0.0402847554244064,0.537294388511444
"TCGA.EK.A2RK.01A",0.000450537454793886,0.0513138888868731,0.0209285514967352,0.0079947100606503,0.0250845393350959,0.000209578075430307,0.0352777158795533,0.858740478810868
"TCGA.C5.A905.01A",1.34997815298618e-09,0.109961531869636,0.0304203942831033,0.00569959268983346,0.00925321996258981,0.000147725484530398,0.0102111557282783,0.834306378632051
"TCGA.C5.A3HL.01A",5.70890021459879e-09,0.561360808422984,0.0883942674021211,0.0150198013337463,0.0225016988624961,0.000725667489347071,0.000462822960595951,0.311534927819809
"TCGA.C5.A1MH.01A",0.00781129471098925,0.149572822920989,0.0982721308046681,0.0353610621846714,0.121444475733009,0.000210825674542794,0.0350087414672304,0.552318646503899
"TCGA.Q1.A5R2.01A",4.19142192480837e-08,0.25968882368351,0.0623856813162177,0.0207088506136901,0.0546407045460958,0.00113200914684426,0.0338872189303321,0.567556669849091
"TCGA.FU.A3HY.01A",2.65697563928967e-09,0.121377992303446,0.0309039535259367,0.00948114424416531,0.00465854374131191,0.000131708105255305,0.00353661730556117,0.829910038117348
"TCGA.EA.A439.01A",5.86608495711294e-07,0.156940850504074,0.0731128875101513,0.130398070769828,0.0161093985981548,0.000191551712496297,0.0116002560019602,0.611646398294839
"TCGA.C5.A7UH.01A",5.23724978389892e-08,0.183789290781332,0.0689151405507251,0.0157422006973136,0.0285741286062026,0.000137630018696547,0.00866518021169013,0.694176376761543
"TCGA.C5.A1M7.01A",0.0198581114338402,0.0981539776774194,0.0413174627061988,0.0309964272886939,0.00649037894395846,0.000666363767377563,0.0106077716881666,0.791909506494345
"TCGA.EA.A50E.01A",1.2345905262072e-08,0.157924620196331,0.0721332235980517,0.0575903917754772,0.0265129850070664,0.000137045995719271,0.00118747593852673,0.684514245142923
"TCGA.VS.A9V5.01A",3.05815561360861e-09,0.172004479971728,0.0544545493029435,0.0161556803548552,0.00706412238873021,0.00041359534876774,0.000955249420234099,0.748952320154586
"TCGA.BI.A20A.01A",0.00414304744702192,0.229536170733941,0.0636336993771091,0.0291674333565491,0.0447858629148378,4.09664013270438e-05,0.0352090582282699,0.593483761540945
"TCGA.C5.A2LV.01A",3.543503079545e-09,0.580676772111174,0.0907652888503061,0.026311445610733,0.0683748763381035,0.000531359696345869,0.0134889918906324,0.219851261959202
"TCGA.C5.A2LZ.01A",3.82659501183202e-10,0.162640990511682,0.0371932489866817,0.0106868746810093,0.0191590656992537,0.000746831842653461,0.0239380224524614,0.745634965443599
"TCGA.Q1.A6DV.01A",7.27653813921506e-05,0.152737308643652,0.0273470901134391,0.0145757525658233,0.00663869985987959,0.000766803124412415,0.0146834063304451,0.783178173980956
"TCGA.EK.A3GN.01A",4.41286695658366e-07,0.0326325497177024,0.0111125305449149,0.020279392772872,0.00281057809458193,0.000213691252854338,0.000666172425632978,0.932284643904746
"TCGA.ZJ.A8QQ.01A",5.51749481483954e-09,0.140731101187385,0.0413278965471848,0.00555632953033028,0.0139733968110963,0.000190244371237517,0.0020222138355505,0.796198812199721
"TCGA.LP.A5U3.01A",1.30992064692139e-08,0.104369711745146,0.0237681142691487,0.00571884460371608,0.0222466122179492,9.55808916744649e-05,0.021616388684901,0.822184734488258
"TCGA.VS.A94Z.01A",0.0216777139174406,0.0570455478127731,0.0461071574188579,0.0208446625124468,0.116014607033401,0.000306602777249461,0.188392178097016,0.549611530430816
"TCGA.EK.A2PG.01A",8.29075088957062e-09,0.232477289335808,0.034635738330098,0.00282484478987568,0.0126297518721231,9.75748603782498e-05,0.00452943485353057,0.712805357667436
"TCGA.DG.A2KL.01A",1.06605282165977e-07,0.201328211085491,0.0894860405310477,0.168781857055223,0.0269741117722615,0.000435591662859454,0.00634701787313007,0.506647063414706
"TCGA.EA.A6QX.01A",0.00487119948387531,0.221352242126877,0.0541785793153599,0.0194571914866192,0.0287230032297049,0.00057557221755383,0.0229357499245154,0.647906462215495
"TCGA.VS.A9UT.01A",0.0551356717983663,0.407295285209483,0.106694877812014,0.0150841107757302,0.300696549808305,5.44775059529929e-05,0.115038488700962,5.38389185929979e-07
"TCGA.C5.A8ZZ.01A",0.00143502455943952,0.0722008791331256,0.0784706952013623,0.166725081561833,0.0156891317295609,0.00129280431800748,0.00221383697688552,0.661972546519785
"TCGA.VS.A959.01A",0.0326739479732505,0.217310456199029,0.0586556393503781,0.0234931937896958,0.0238144500012458,0.000168835628711787,0.0195563774766394,0.624327099581049
"TCGA.VS.A950.01A",0.00297002274329907,0.203214450513552,0.0646418434723146,0.0221748675406882,0.0100292335125761,0.000139114990580505,0.00151804412921595,0.695312423097774
"TCGA.VS.A9UM.01A",0.00707097324805246,0.101288748745652,0.05213612725736,0.0456421508475235,0.0343162677469234,0.000509345581005933,0.0232060199567396,0.735830366616743
"TCGA.DS.A0VM.01A",1.51637425940606e-07,0.135150185033134,0.0590421262189328,0.0380268243495034,0.0204798798560197,0.000187150785307572,0.0212408084055048,0.725872873714172
"TCGA.VS.A957.01A",1.33007981286256e-08,0.130698333579385,0.0328701425629361,0.00285111807461147,0.00843850183138117,1.84302563945256e-05,0.00504375430211115,0.820079706092382
"TCGA.EA.A3HR.01A",1.07655746099079e-08,0.0879917439616401,0.0404004920501807,0.0134524858724104,0.00877927591543914,0.000201987816499637,0.00553190533683865,0.843642098281417
"TCGA.C5.A2M2.01A",2.57135163959341e-07,0.189312930807925,0.0399769710638323,0.0102908416412474,0.00718372987369043,9.35597543025263e-05,0.00600576613412349,0.747135943589715
"TCGA.VS.A9UV.01A",0.00509622445115082,0.0666904458099552,0.02730070489189,0.00519005174742715,0.00740629129339681,0.000229719467562914,0.00384261774591657,0.884243944592701
"TCGA.EX.A3L1.01A",2.48108285213442e-08,0.537308320677375,0.129614065972481,0.0291239911383714,0.020070533304094,0.000289457895700592,0.000463949195347222,0.283129657005802
"TCGA.VS.A9UU.01A",1.62272602241597e-07,0.245184452204032,0.0413177345456696,0.0173041582590622,0.00738090981841614,0.000150293230809553,0.00454127104638495,0.684121018623023
"TCGA.MY.A5BE.01A",0.139715029629267,9.74164202215304e-09,0.0198154789563409,0.0427322402390902,0.250890318544064,0.00203983928535826,0.544807083258096,3.46141364122236e-10
"TCGA.VS.A94W.01A",0.0080556601905823,0.0720447278354502,0.0386435357998395,0.0149411927294958,0.0676140110749168,0.000655087372618018,0.0502622632528604,0.747783521744237
"TCGA.C5.A3HD.01B",1.56445060508762e-08,0.247507923666077,0.0390946346066424,0.00755039193221499,0.00905084090097216,0.000318265091610254,0.000411039849765491,0.696066888308212
"TCGA.JX.A3PZ.01A",4.03999361243585e-09,0.262967662477956,0.0643222633111799,0.0391055317377518,0.0469547242479687,0.000126003098372109,0.0192758897544628,0.567247921332315
"TCGA.IR.A3LA.01A",1.23724505130986e-08,0.103876238399137,0.0290353812434515,0.0244662607609574,0.0144514242624946,6.98550745952299e-05,0.00940384396093747,0.818696983925976
"TCGA.C5.A3HE.01A",0.00328072932245527,0.0819928320160488,0.0572137915315783,0.0130661684752272,0.0173484626241354,0.00178765145905785,0.0534711126187039,0.771839251952793
"TCGA.Q1.A6DT.01A",3.09557115828012e-08,0.18570776634725,0.037095708238458,0.00764673873855423,0.0150601320296368,2.00619476630637e-05,4.61172835271071e-08,0.754469515625443
"TCGA.C5.A7CL.01A",1.93170869240579e-09,0.207563644946141,0.0712548363987981,0.0279692592854648,0.0143998674534572,0.000918304930108361,0.00434407509448277,0.673550009959839
"TCGA.IR.A3LK.01A",4.39039132887428e-08,0.118800664117972,0.0576076982028278,0.0231348965289909,0.0375403282128585,0.000321002848770916,0.0127378139716327,0.749857552213034
"TCGA.MA.AA3X.01A",2.72576441223289e-08,0.237993079873724,0.0890748184906473,0.0153857146448478,0.0553416619955513,1.87092091199988e-05,0.000449192319925029,0.601736796208541
"TCGA.C5.A7XC.01A",0.00272694387736499,0.278151544559845,0.0666004763375107,0.0575787641017217,0.0195682780995106,0.00129588629020067,0.0268396732294898,0.547238433504357
"TCGA.VS.A94Y.01A",4.32408249707312e-08,0.233937302771201,0.0825802917285257,0.0399524854445267,0.014420113128608,0.000286494173846455,0.00213359586837473,0.626689673644093
"TCGA.EK.A2PM.01A",2.71138741444237e-09,0.105874726570865,0.023888317447599,0.0178885310667783,0.00544342303676065,2.67142224944418e-05,0.00366184954702981,0.843216435397085
"TCGA.FU.A3TQ.01A",1.26539152446045e-07,0.200931784230083,0.0615628850430591,0.0218207475278437,0.0144537577565879,0.000343775016478492,0.00873630427681058,0.692150619609984
"TCGA.EX.A69M.01A",0.0032486815778429,0.106212261806589,0.0415130569442869,0.00725541822782927,0.0285486369322913,0.000283066151863201,0.0392070073504233,0.773731871008875
"TCGA.ZJ.AAX4.01A",2.64011954285589e-07,0.200635645477621,0.0713395370180759,0.0202411527288993,0.0804603277883278,0.00037380111099018,0.0288627787245891,0.598086493139542
"TCGA.FU.A40J.01A",7.48522067635153e-09,0.101020536928696,0.0378457965616805,0.045605849270962,0.00885935015956993,0.00129663134757946,0.027881853476764,0.777489974769528
"TCGA.VS.A8QF.01A",0.0359694658073715,0.114475502996748,0.0316444345626976,0.0171021456014378,0.0265868299039478,9.60746128059772e-05,0.0126961509138709,0.761429395601121
"TCGA.Q1.A73R.01A",1.7918091857683e-07,0.0522054264171411,0.0864758047761545,0.0130438060497867,0.00771234132428728,0.000158233774421995,0.00965334325530356,0.830750865221986
"TCGA.VS.A9V0.01A",7.31927058961097e-09,0.159101154537633,0.0720151338127813,0.00869987641621034,0.00621569110297111,3.00238111766302e-05,2.53765450606738e-08,0.753938087623412
"TCGA.UC.A7PF.01A",0.0104432051684274,0.204728264099604,0.0544722812597036,0.037326420530341,0.0687998609290996,0.000617407035923602,0.0478386736963882,0.575773887280513
"TCGA.C5.A1BQ.01C",1.14509443183955e-08,0.225490425797183,0.0579806893773652,0.0104501742001411,0.0463898171570722,0.000272344641015605,0.0511785196289811,0.608238017747297
"TCGA.C5.A1MN.01A",2.2982113652208e-10,0.11856955523168,0.0382740234149654,0.0137798252286564,0.00669741050173404,6.68275330480288e-05,0.0026885305226012,0.819923827337494
"TCGA.VS.A8EB.01A",6.46310487891637e-09,0.159894244921619,0.0388081301120864,0.0170285858569504,0.0191940624397636,7.49841673219255e-05,0.0208551229782047,0.744144863060949
"TCGA.MY.A5BD.01A",1.5143332262388e-08,0.176692604936508,0.0347051293445895,0.0123946401229499,0.00873054350448449,0.00114144914677999,0.00864373356500604,0.75769188423635
"TCGA.C5.A3HF.01A",0.00330593966447815,0.199625526445703,0.0725579655366998,0.0538884836433433,0.0110897370489545,0.000648892895805372,0.0237065168548592,0.635176937910157
"TCGA.HM.A6W2.01A",0.00163087331445269,0.0400124418675835,0.0718295334452482,0.0721469329907663,0.0353884304083222,4.05910834315621e-05,0.00186688621624303,0.777084310673953
"TCGA.C5.A2LS.01A",6.57968290093799e-09,0.17881696382418,0.0279829313760966,0.00470405823008647,0.00587846154139039,8.07703224191637e-05,0.00221329582137862,0.780323512304766
"TCGA.C5.A8YT.01A",1.56867688309308e-07,0.147676040166229,0.093086520318322,0.1668860444816,0.0113713083263865,0.000207424510906006,0.0348462962952419,0.545926209033626
"TCGA.C5.A901.01A",3.19166670277717e-07,0.14260162980163,0.0394907324087804,0.0180066840340422,0.0110194373388994,0.000285070094949581,0.00376935399549966,0.784826773159529
"TCGA.MU.A51Y.01A",7.26713412250367e-07,0.204324069459485,0.0806359168683678,0.0470682582495225,0.0541569436882436,0.00016932755159489,0.0404590325995337,0.57318572486984
"TCGA.EA.A5ZE.01A",0.00412496971092454,0.172216495667431,0.0719042485885193,0.0638909705391028,0.0711321037797963,0.000730807595754431,0.0167857180480175,0.599214686070454
"TCGA.IR.A3LI.01A",5.86034698426177e-09,0.0889693355453995,0.0165246708397238,0.00445480247680586,0.002924824300973,1.50509564747337e-05,0.00170347523298134,0.885407834787295
"TCGA.ZJ.AAXA.01A",2.45264582004045e-08,0.138163464956036,0.056127678409553,0.0242129156908114,0.0142918977673739,6.38180253612478e-05,8.13885093776589e-09,0.767140192485555
"TCGA.FU.A3NI.01A",1.04764518524332e-07,0.0947405640006269,0.0349563644896004,0.0374983176631205,0.0182468709596773,0.000140546754547974,0.0084376881090079,0.805979543258901
"TCGA.DG.A2KM.01A",1.13663239933665e-06,3.28426063520782e-06,1.16798077272685e-08,0.124874610950778,0.620980999904438,3.84190432418932e-08,0.254139909558575,8.59432360321466e-09
"TCGA.EA.A97N.01A",5.325232048222e-08,0.217057289089918,0.0767947595656749,0.0511916945939847,0.0115754488871765,0.000312411586592359,0.00283479370996465,0.640233549314368
"TCGA.DG.A2KJ.01A",0.0111292448635541,0.0898174414745743,0.048169454484685,0.0105916317835828,0.0497414726331669,0.00598071228315835,0.0744471613934255,0.710122881083853
"TCGA.VS.A8QM.01A",0.0302963090784176,0.250201259525941,0.133886837505868,0.0536464455093084,0.0204885404292414,0.00101122718784905,0.090148193841442,0.420321186921932
"TCGA.VS.A8EL.01A",2.22888653637028e-07,0.0861088505903474,0.0222987698213396,0.184438728644372,0.0747036648163965,3.49396177116519e-05,0.0783298302342771,0.554084993386902
"TCGA.Q1.A73P.01A",0.00369330217346169,0.171727707830467,0.0442190832069646,0.0212614476300592,0.0195839830633947,0.000368435538547926,0.0203864782148235,0.718759562342281
"TCGA.PN.A8MA.01A",0.0285537169806315,0.0528427628203252,0.0812211660011897,0.0295811513464694,0.022580810608302,4.35126660718603e-05,0.0229149380025921,0.762261941574418
"TCGA.C5.A1BN.01B",9.77899117700989e-10,0.140686828302007,0.0367004226908198,0.00939279707261815,0.00521877323493136,0.000150115376024391,0.000476344304806259,0.807374718040894
"TCGA.DS.A1O9.01A",6.53945749900307e-08,0.113054346238414,0.0730431820074527,0.0464927832532889,0.106166729694653,4.72722703838222e-05,0.018588486900813,0.642607134240419
"TCGA.DS.A7WH.01A",2.59882628985354e-08,0.159098972770737,0.0775524651796503,0.111528228712771,0.0066027318266412,0.000388840270938425,0.000884248016588685,0.643944487234411
"TCGA.VS.A9UL.01A",0.00167887177726111,0.0329421530050868,0.0417397902261456,0.00833653858629228,0.0022121719662548,1.24887143208375e-05,0.00230615914496601,0.910771826579673
"TCGA.VS.A953.01A",2.66955690235557e-11,0.171734920135228,0.0356010849388408,0.00321275794605765,0.0196529250726423,3.96656208907029e-05,0.00942822931362997,0.760330416946015
"TCGA.FU.A770.01A",4.86916683386916e-08,0.0653620810462625,0.0359029408223802,0.011429459639046,0.00240143086539866,0.000366496723544863,0.00628979489103068,0.878247747320669
"TCGA.C5.A7CM.01A",2.71041271555655e-10,0.48014467266025,0.101921342192109,0.021432135246602,0.0141689325361326,0.000168675246084922,1.77830210634296e-06,0.382162463545674
"TCGA.ZJ.AAXT.01A",4.69554122215712e-10,0.170163254843596,0.05034087442172,0.011412843136018,0.0146683824045679,0.000340624909795068,0.010890749135037,0.742183270679712
"TCGA.EK.A2R8.01A",1.64698667075588e-08,0.334932927444145,0.0725686368110507,0.0166194887886791,0.0140127150957574,0.000284481463219618,0.0129642719441508,0.54861746198313
"TCGA.C5.A1BJ.01A",6.13715459320473e-08,0.134527208385479,0.0599284042465043,0.0542131493286716,0.0111068264508242,0.0012531159544305,0.0316929492524087,0.707278285010136
"TCGA.VS.A9UJ.01A",1.94545706375017e-08,0.366880398295216,0.0815839574681663,0.0200139486299658,0.0121841038770224,6.87498100788244e-05,3.88821436811592e-08,0.519268783582836
"TCGA.EA.A3HQ.01A",6.16565473047332e-10,0.287018550601486,0.0759482048151562,0.0341886586804972,0.0523481862436796,0.000119696061893551,0.00937850939181204,0.54099819358891
"TCGA.JX.A5QV.01A",1.80893104551958e-08,0.406363093011697,0.0578598426428977,0.00851670993360014,0.040745559422206,0.00264164735243789,0.0270872266044324,0.456785902943418
"TCGA.C5.A1M8.01A",1.80385918833172e-07,0.0804596353980496,0.0253555408988986,0.0131866899108751,0.0103803681666097,2.97809782546999e-05,0.00132150216617193,0.869266302095221
"TCGA.ZJ.AB0I.01A",1.03441948637388e-08,0.097496732467307,0.0332590792281264,0.0129204291951771,0.0109958213403936,9.49954425994083e-05,0.0138096758730999,0.831423256109102
"TCGA.C5.A0TN.01A",2.79288066882429e-08,0.68568858650049,0.100184876851464,0.0159593345153289,0.0395132600198836,3.14660039555321e-08,1.43671365357687e-06,0.158652446004369
"TCGA.VS.A9UB.01A",2.91964355841568e-09,0.186180090969678,0.0582244094635288,0.0081697569114977,0.101419358083236,0.000169465198220452,0.0906425789538923,0.555194337500303
"TCGA.LP.A4AU.01A",9.29340474531335e-09,0.117140610553159,0.0629012606436733,0.012306766918991,0.00692152425519176,0.000183985776977881,0.0199635675083159,0.780582275050287
"TCGA.ZJ.AAXN.01A",2.74293193074349e-08,0.265299767396571,0.070671739788576,0.0262301512706279,0.0147567498153768,0.000877196265783029,0.0207950446622153,0.60136932337153
"TCGA.C5.A2LY.01A",0.00395874433572168,0.00791953791022967,0.0185678169863574,0.00811461033302077,0.0804634640571249,0.000386243212030215,0.116473016920566,0.764116566244949
"TCGA.EK.A2GZ.01A",9.56234370431925e-09,0.223035324653159,0.0359498902557779,0.00848432136101543,0.0137638701995836,0.000173235462515045,0.0101930903930732,0.708400258112532
"TCGA.ZJ.A8QO.01A",0.0190007852465008,0.14686068922132,0.0808719264851531,0.0473324219391203,0.0215325124691811,4.56764603544088e-05,0.0513350048556384,0.633020983322732
"TCGA.FU.A2QG.01A",1.11545070256543e-08,0.14507267839276,0.034390517257032,0.009836869021156,0.00766988678147752,0.000441541012213146,0.0176658642565872,0.784922632124267
"TCGA.BI.A0VS.01A",0.00631567859351703,0.214143537797846,0.0636895628191795,0.0328645943553233,0.0282262950466441,0.000338174401440069,0.0122298027666768,0.642192354219373
"TCGA.DG.A2KH.01A",3.4322389393664e-09,0.147306133451653,0.0228528630903708,0.00342394299760434,0.00473646558686082,5.9422007088425e-05,0.00231312037616454,0.819308049058019
"TCGA.EK.A2RB.01A",7.51540006538273e-09,0.0919317047925815,0.0226367451721305,0.00437380919654693,0.00890220942075208,3.78786047435539e-05,0.0103381263572454,0.8617795189406
"TCGA.VS.A8EI.01A",0.00519884359536491,0.13485239499613,0.0560077922279279,0.0239576082544845,0.0234448980130071,0.00062753633088544,0.0309158491935441,0.724995077388656
"TCGA.EK.A2IP.01A",8.34666443192409e-08,0.0826425547975639,0.0288126664203644,0.0077618965982589,0.00580684107586768,0.000110100088037913,0.0133156397983462,0.861550217754917
"TCGA.JW.AAVH.01A",1.70397490517761e-08,0.178293855953269,0.0421390659559542,0.00963201448190474,0.00811727959726962,0.00058318394555031,0.0171223171561119,0.744112265870191
"TCGA.MU.A5YI.01A",0.00428524968841167,0.0980760158732148,0.0900400827617195,0.113249060881299,0.0171346805616313,5.92194049040447e-05,0.0201215201799427,0.657034170648877
"TCGA.C5.A7UE.01A",5.32136058863175e-08,0.0954888353139474,0.0187388568795843,0.00650658147369815,0.00925434264428912,0.00070442547975411,0.00777962731655509,0.861527277678566
"TCGA.UC.A7PD.01A",9.5365239367494e-08,0.457547374712568,0.0873352521618448,0.011314956688161,0.016727917255488,0.000227458541778171,2.70042359013696e-06,0.426844244851331
"TCGA.DS.A1OC.01A",4.90533022287706e-09,0.291289183327087,0.0570890784102328,0.014194179611427,0.0486081308558889,0.000880131152578404,0.0230437270599246,0.564895564677531
"TCGA.EA.A1QT.01A",2.58646041131571e-10,0.0565879431137492,0.0226456532746368,0.0401717942948437,0.0189809865310083,0.000238925488747964,0.0157682831519681,0.8456064138864
"TCGA.FU.A3TX.01A",7.0982785637304e-10,0.213507673506799,0.0752665713337957,0.0098904751077793,0.0167131319097546,0.000230650819228301,0.0243819013551497,0.660009595257665
"TCGA.VS.A9UQ.01A",2.45222448714696e-08,0.129107067395368,0.0488991499493335,0.0464852313081121,0.007407199649571,0.000671794893772715,0.0107992355053697,0.756630296776228
"TCGA.FU.A3YQ.01A",0.0301866119440883,0.190627468094186,0.0639569189675848,0.0422922092399493,0.0307923069788407,0.000435144258657786,0.0212959745157364,0.620413366000957
"TCGA.EA.A5O9.01A",7.01367675934503e-09,0.125823309601663,0.0369277402914487,0.00504854322979575,0.0220353798111508,0.000223965511929988,0.0126425714886738,0.797298483051661
"TCGA.MA.AA3W.01A",0.00403310105589427,0.301337855099311,0.0577402706152897,0.0134959091115424,0.0562809537320235,0.00184502680517425,0.111032145001813,0.454234738578953
"TCGA.VS.A8QC.01A",3.04778413168665e-07,0.127153407271626,0.0476236423382982,0.0466610432202928,0.0157692361839052,0.000426027990337337,0.00970582886680768,0.75266050935032
"TCGA.VS.A9V2.01A",1.3509703343681e-09,0.2576238959787,0.0546951279716892,0.0255008758605339,0.0255008796517011,0.00146025030483658,0.0327629631509293,0.60245600573064
"TCGA.MY.A913.01A",5.4079385004642e-09,0.399542097575508,0.0959497210316729,0.0152002412661963,0.0397633026752831,0.000250474159247534,0.0125249391304488,0.436769218753705
"TCGA.JW.A5VK.01A",1.09482192430528e-06,0.132292727559769,0.0375541747318276,0.00873944397463717,0.00787629840673759,0.000277051797009903,0.0124236282054299,0.800835580502665
"TCGA.VS.A9UO.01A",1.31545479386279e-08,0.0616935072617404,0.0155185332274936,0.00365598818769523,0.00195259058782413,2.082397249207e-05,0.0121642264720448,0.904994317136162
