"","cellFractions.B.Cells","cellFractions.DC","cellFractions.Endothelial.Cells","cellFractions.Fibroblasts","cellFractions.Macrophages","cellFractions.Mast.Cells","cellFractions.T.Cells","cellFractions.otherCells"
"TCGA.4T.AA8H.01A",3.12537654352678e-09,0.0913772169782791,0.0254238254335145,0.00334704267309428,0.00361175205925643,3.16902104117194e-05,7.10505846198889e-05,0.876137418935447
"TCGA.AA.A00Q.01A",1.16532813029922e-08,0.139944570073002,0.059563162275676,0.0161533879288618,0.0106849636986721,0.000318347893437915,0.00533487179803261,0.768000684679036
"TCGA.AZ.4614.01A",9.1806330401822e-09,0.08657998293349,0.039502707443171,0.00697284312391793,0.00523267340339032,1.79388745425529e-05,0.00794298257510989,0.853750862465745
"TCGA.A6.2675.01A",0.00325377741757822,0.177082910726009,0.0872429054219055,0.0936251319633337,0.0257242720503099,0.00082497001371571,0.000373594606414436,0.611872437800734
"TCGA.AA.A00U.01A",6.73337409391819e-09,0.0888691908104572,0.0448377325493967,0.0101361228217843,0.00538018374147396,4.33127958105278e-05,0.00647367108540953,0.844259779462294
"TCGA.A6.6781.01A",1.02797888697931e-06,0.20687461835034,0.118397390384726,0.224684906160575,0.0356353444569868,0.000215091502282977,0.00937582997180874,0.404815791194394
"TCGA.CM.6169.01A",0.00570841135062556,0.198694660457946,0.171361554627393,0.109342091698363,0.0267357143580541,0.000997088131710767,0.0158383257679122,0.471322153607994
"TCGA.AA.3516.01A",9.54116452665625e-09,0.119572738628635,0.0499486575848778,0.0128717948311612,0.0141668341487944,0.000268833948475468,0.0150388889168499,0.788132242400042
"TCGA.AA.3552.01A",0.0174368782975246,0.0744581104865237,0.0639801714452451,0.0205712007895683,0.0295905875818635,0.00075013250940417,0.0131861828424996,0.780026736047371
"TCGA.D5.6931.01A",0.0135437806446046,0.168920662733391,0.0871959343278898,0.038130014467144,0.0275661715310263,0.00127092287956555,0.0081727725756628,0.655199740840716
"TCGA.SS.A7HO.01A",6.03773350952714e-09,0.0873710012507779,0.073665290944427,0.00455638278548116,0.00865713949023209,4.44664772179401e-06,9.68239268161441e-06,0.825736050450945
"TCGA.AZ.6605.01A",0.0202047870977685,0.107310215585492,0.161028673281304,0.15556578508659,0.0224317828522334,0.00122990886090811,0.0150053770910325,0.517223470144672
"TCGA.CA.6717.01A",0.0411521920487433,0.166989573728647,0.155929671341881,0.09564765219078,0.0354827288356651,0.00166833727701809,0.0202750983863904,0.482854746190875
"TCGA.NH.A8F7.01A",5.59086954943289e-08,0.121692428590839,0.0342053296772727,0.00855408531563062,0.00471695469698686,6.76501598352646e-09,9.17287566266667e-09,0.830831129872684
"TCGA.AD.6965.01A",0.000961261289906791,0.119712861714876,0.062890231059286,0.0310786942602781,0.00843478531759536,0.000256561915207014,0.00329115211800533,0.773374452324846
"TCGA.AA.A02H.01A",1.64640516281348e-08,0.105848548880673,0.0499496642157811,0.0204150828546276,0.0119969413562543,4.97098674325471e-05,0.000902221936813164,0.810837814424367
"TCGA.AA.A022.01A",0.0030098827317045,0.123158210348954,0.0515441545312398,0.0155355225702787,0.0326857714688245,0.000320068998091131,0.0522480170862195,0.721498372264688
"TCGA.AA.3680.01A",0.0114197007352843,0.094351543170767,0.0398166276322725,0.0170566221726049,0.0153707526350048,0.000361274555312188,0.00888378304426599,0.812739696054488
"TCGA.A6.6650.01A",0.00171506500769852,0.0653398791841285,0.0341985143940045,0.0151790588595102,0.00625480836212227,7.36183112533188e-05,0.00169666765094262,0.87554238823034
"TCGA.G4.6311.01A",0.0217250822952578,0.126280834328059,0.0662420506497776,0.0761001289529722,0.0143541664363943,0.00068503474180084,9.21474453603042e-08,0.694612610448293
"TCGA.A6.2677.01B",0.00170608252491475,0.0884655264521097,0.0254428392456857,0.0741746017287238,0.0042913373561325,0.00013790204539982,0.00273231195378545,0.803049398693248
"TCGA.AA.3815.01A",0.00245001733370051,0.222968938282354,0.0552962862466545,0.0228071374757864,0.0424467711428831,0.000513093260556773,0.0411246189167654,0.612393137341299
"TCGA.CK.4951.01A",3.44940178051190e-09,0.170439475667422,0.0873262869108969,0.0628237250481261,0.0332842331966236,0.000478328573353274,0.0131926510624583,0.632455296091718
"TCGA.CK.6748.01A",3.28515969867616e-09,0.355266262879915,0.151160873146255,0.0767231261208145,0.0239297637938277,0.000158568362135283,5.86462442413754e-08,0.392761343765648
"TCGA.CA.5255.01A",4.59652363836878e-09,0.0927871562640179,0.0197505139702532,0.00742556014172028,0.00428070520747166,0.000198836313653001,0.000577929684949695,0.874979293821411
"TCGA.CK.4952.01A",2.97324460790299e-09,0.108721734976764,0.0480015840712742,0.01194696680305,0.0101818207899751,9.56188602522997e-05,5.01820254930179e-09,0.821052266507238
"TCGA.AZ.4315.01A",0.00198535468143796,0.105979176189541,0.042251044557151,0.0337919078625448,0.028924992597293,0.000149226887839669,0.00481127069652162,0.782107026527671
"TCGA.AA.3869.01A",2.442316176294e-08,0.098956422539152,0.0484801838121647,0.0332504338295537,0.0202463871674317,0.00025336526577715,0.0117094120222402,0.787103770940519
"TCGA.G4.6626.01A",4.69325249009139e-08,0.093465457521899,0.0420452325847872,0.00849991249059733,0.00435971015116614,0.000412760613085757,0.00170480252768484,0.849512077178255
"TCGA.DM.A1D7.01A",0.000380352441602865,0.100213485503401,0.0540653595767342,0.0124499644606871,0.00729255131859298,9.87476876019675e-05,0.00337834883366721,0.822121190177712
"TCGA.AA.3531.01A",1.03688815156858e-08,0.0808334266042727,0.0643443334066998,0.00760017024233421,0.0082396147419336,6.49574487364152e-05,0.00151280555640052,0.837404681630741
"TCGA.A6.5662.01A",3.24891535231194e-07,0.110258222659933,0.0656427348440588,0.0459184427773053,0.00946760841904761,0.00012272852147436,2.30324530968334e-09,0.7685899355834
"TCGA.CM.4744.01A",7.34175649697404e-09,0.147449991032659,0.0263745933486018,0.0073541861262051,0.0118250575939248,9.66745256988413e-05,0.0242676325651376,0.782631857466016
"TCGA.D5.5540.01A",5.79437345194815e-09,0.0810665247616337,0.0201560526785046,0.0350548046550231,0.00680305186337913,5.4460534940436e-05,0.00547502992866111,0.851390069783484
"TCGA.AZ.6608.01A",1.52509160325848e-09,0.0336009736797133,0.0179946278922284,0.00234600843058866,0.00227683322868411,1.14355420006026e-05,0.00124772476866848,0.942522394933025
"TCGA.AA.3518.01A",0.000823115139963081,0.158306121556005,0.047476641077305,0.0141909598127826,0.0199926144336942,9.95689452683697e-05,0.0120066862986065,0.747104292736375
"TCGA.CM.5863.01A",9.54621663626208e-07,0.150429426994238,0.076183983638022,0.0606134997057312,0.0188367679297823,0.000289529895410133,4.48943730423739e-08,0.693645792320779
"TCGA.A6.5666.01A",6.81380066682679e-09,0.0929565291813905,0.0451199845348307,0.0131108381809874,0.0051145177497868,3.19146700913364e-05,1.49537078947642e-05,0.843651255161218
"TCGA.DM.A280.01A",1.07668592676767e-08,0.107258051359564,0.0452072590149423,0.019460829915666,0.00563451686206137,8.25151587827283e-05,3.59424467367966e-08,0.822356780979678
"TCGA.AA.3973.01A",4.89687920382109e-08,0.131741688136108,0.0560072214751015,0.0267763135832868,0.00881047623087349,5.39866698484741e-05,0.00319738134408358,0.773412883591907
"TCGA.CM.4748.01A",0.00402999064802748,0.11078022855843,0.0731979900837813,0.0344913279955382,0.0148034878168594,0.000421783936714019,0.0052589323607792,0.757016258599871
"TCGA.D5.6530.01A",0.00370559051841507,0.123444008560568,0.0411601392988344,0.0199928367777028,0.0336739226377502,2.63864879232552e-05,0.0146203807770706,0.763376734941736
"TCGA.A6.6137.01A",0.00944625805550959,0.0909549807868755,0.0981458413650565,0.0115926290867156,0.0124966189819534,0.000486283012895612,0.00823051783462483,0.768646870876369
"TCGA.DM.A1D6.01A",4.19714589010448e-07,0.0370187163758204,0.016295337058919,0.00772637900615217,0.00183227066398191,2.18027230278627e-05,3.89867972555264e-05,0.937066087660254
"TCGA.D5.6923.01A",3.5724533976941e-08,0.118773234463883,0.135488323794356,0.106729073439168,0.00831131927646467,0.000504586201095616,0.000320451073023851,0.629872976027475
"TCGA.A6.2681.01A",0.00245825018195522,0.128297050127707,0.149887865696007,0.0467292780370232,0.0250962993128128,0.00118326714157734,0.00294488611284953,0.643403103390067
"TCGA.F4.6463.01A",0.00608276281863921,0.0626122707569769,0.0931166196135461,0.0607186157399101,0.00930693313085903,0.000407832287946725,0.00725343127435949,0.760501534377763
"TCGA.AZ.6599.01A",7.31590432517556e-09,0.102850586239366,0.0362213362331103,0.00342959689939063,0.00445947168048095,0.000175162776323473,0.00156325991469481,0.85130057894073
"TCGA.D5.6532.01A",0.000529225125917705,0.114165698920554,0.0442864799816772,0.0172001527679974,0.00497621730474397,9.6311496939639e-05,6.99195894143038e-08,0.81874584448258
"TCGA.AA.3489.01A",0.100064328001601,0.265292686028875,0.211744398400767,0.16186445387558,0.0459042035667009,0.00151446099576917,0.0146880736047027,0.198927395526004
"TCGA.CM.6171.01A",2.64541446408384e-08,0.146872356220037,0.0536502985295443,0.013615278422301,0.0115613730556675,3.87342055416941e-05,0.00133085343010708,0.772931079682657
"TCGA.AA.A00R.01A",0.0151695994977143,0.152129319628838,0.0735242147867102,0.0164549412904234,0.0593539057023523,4.65878637577781e-05,0.101265860455672,0.582055570774531
"TCGA.DM.A28C.01A",2.72455857369857e-09,0.0588602619805499,0.0240312437673745,0.00624340702208307,0.00288938171571762,3.9504029586328e-05,1.66525308324524e-08,0.907936182107599
"TCGA.AA.A01T.01A",6.67758584043054e-09,0.0360931073663515,0.0462067042281318,0.00402409454232051,0.00278068948642958,5.13296299952372e-05,0.00250512098036434,0.908338947088821
"TCGA.AA.A02E.01A",2.47813551923337e-07,0.104177900457043,0.0531423567454348,0.0122301348476742,0.00926230876555668,7.44429979334395e-05,0.00429695699175427,0.816815651381052
"TCGA.CM.5860.01A",3.1862457314402e-05,0.0983809233263154,0.0880198293300544,0.245377249742386,0.0215270680585174,0.000673816958518483,0.00142760304082404,0.54456164708607
"TCGA.A6.6141.01A",0.0234372816643359,0.114679163451579,0.0751867267190958,0.0267203525069449,0.0117094512069563,7.74176695404841e-05,0.0217076042303311,0.726482002551216
"TCGA.AA.A00D.01A",0.0130501965767062,0.176413661511028,0.0697475080096711,0.0380677960271748,0.0413419138507744,0.000498793382613763,0.0318650382315567,0.629015092410475
"TCGA.G4.6628.01A",0.00490387455157797,0.148290023256035,0.11125479857028,0.0329318630647025,0.0702543411536929,0.000322528753835572,0.060138125799688,0.571904444850188
"TCGA.AA.3688.01A",0.00420307914733021,0.0921206283448283,0.0413097590126885,0.0214180717171435,0.0158506534722439,0.000262066041619937,0.0042073769591608,0.820628365304985
"TCGA.AA.3492.01A",5.60574163833785e-08,0.200161776140629,0.0521037684078407,0.0318839875359781,0.029614828450984,3.95097378867847e-05,0.00881024666935271,0.677385826999912
"TCGA.AA.3819.01A",5.40489182717623e-08,0.125492568147731,0.0475969373310751,0.0161958997042184,0.00970137849193994,0.000161457805930297,0.00057901551938657,0.8002726889508
"TCGA.A6.2678.01A",2.93467140709179e-10,0.156310808928218,0.0502618348745879,0.0350278486198786,0.017914118043234,0.000351335526654501,0.00901816076944787,0.731115892944512
"TCGA.AA.3521.01A",4.49237865830286e-09,0.245515342009671,0.0668266133751485,0.0277885686948146,0.0187012704841808,0.000248554485468442,2.07790920141121e-09,0.640919644380429
"TCGA.DM.A1DA.01A",2.30997875508867e-08,0.11286352470723,0.028717670415514,0.0066995005485021,0.00889362656839698,9.47546314088031e-05,0.00102584024775085,0.84170505978141
"TCGA.AA.3864.01A",3.23686582128495e-09,0.152237121752799,0.0490390408115253,0.0353865701986448,0.0162254170604019,0.000231170955211159,0.00252305827038248,0.744357617714169
"TCGA.F4.6855.01A",3.99939728751851e-07,0.201210619992057,0.11291143502842,0.175753003667816,0.0250796275388203,0.000277264259137316,1.1726049291561e-07,0.484767532313528
"TCGA.F4.6856.01A",5.70689914222681e-08,0.147413281125049,0.0699440171152728,0.0218339454508038,0.00820943292110807,0.000144219474104908,0.0110066867209923,0.741448360123677
"TCGA.DM.A0X9.01A",4.6143617169335e-08,0.0671959423007247,0.0374580552749794,0.0193802452957171,0.00824441604048743,5.67152696151615e-05,0.0100676292567684,0.857596950418091
"TCGA.A6.5659.01A",0.000950506376272057,0.0587448655112943,0.0408858336060048,0.0566921298103574,0.00989475788663679,7.60741116394547e-05,0.00145274385132726,0.831303088846468
"TCGA.AZ.6598.01A",9.51258389563419e-09,0.145925417489278,0.0537332062131722,0.013182986672234,0.029586095554644,0.00032469703512199,0.0071032398395373,0.750144347683428
"TCGA.AA.3519.01A",0.00101911257173704,0.136389109474999,0.0617826292619363,0.0166806364635574,0.0144639878301143,0.000323970224100175,0.00260095758625027,0.766739596587306
"TCGA.DM.A1HB.01A",5.4428950503337e-09,0.104356748326031,0.0476516192094194,0.0142578969222032,0.00522407466521618,0.000344582034366957,2.69309810437873e-07,0.828164804090057
"TCGA.A6.A567.01A",3.08949535749361e-07,0.117056835030876,0.0529813725321688,0.0340957256312057,0.00549518300536136,0.000129607982745555,1.02402613508688e-07,0.790240864465493
"TCGA.AA.3970.01A",0.0129964759059921,0.10130736376022,0.0424057412998717,0.0153164211372661,0.0193040469928537,0.000456859067068636,0.00857319319045191,0.799639898646275
"TCGA.CA.5796.01A",0.00318999354059366,0.129809026841466,0.0613752459433545,0.00764575697666653,0.00940013444451684,0.000107964042615291,0.00904167098213901,0.779430207228648
"TCGA.5M.AAT6.01A",0.00760847928326816,0.122638760280616,0.0978213220997279,0.067274930210298,0.0457285405733212,0.000236520008823609,0.0295198098629057,0.629171637681039
"TCGA.CM.6163.01A",0.0154955275960828,0.060094560387648,0.0519138656243434,0.0457331543424563,0.0207928476435383,0.000107975026008605,0.0106780397030668,0.795184029676856
"TCGA.AD.6889.01A",5.78659619598658e-09,0.132024003001654,0.0395026096992014,0.012086274936094,0.0072807108189378,9.10286470358782e-05,0.00301428395821164,0.80600108315227
"TCGA.CM.4751.01A",0.0128148312454118,0.092330356457738,0.0750515748939067,0.0435947894041196,0.0130694558656932,0.00134830016814499,0.0177500335850851,0.744040658379901
"TCGA.AA.3982.01A",0.00630130625796479,0.107759181357972,0.0513166762587537,0.0335994490230677,0.0287518827452113,0.000951057556230452,0.0175927094403534,0.753727737360447
"TCGA.AA.A00A.01A",5.49883347216244e-09,0.190050524155348,0.0673095025895897,0.0303831858708166,0.0160396678709555,0.000190987385878309,0.00967104746595828,0.686355079162621
"TCGA.D5.6924.01A",0.0200045358365638,0.326014302629023,0.155952171436471,0.103468029999097,0.0303416047661661,0.00109036306535367,0.00533205108374691,0.357796941183578
"TCGA.AA.3502.01A",1.18929633681385e-08,0.190703854205159,0.0438028765776496,0.00686443964336472,0.0257112626980595,0.000221824028194653,0.00424129868619583,0.728454432268413
"TCGA.D5.7000.01A",3.67510808749715e-08,0.148627356367267,0.0680686155632119,0.0461326387791112,0.0132367569060027,0.000633024800820524,0.00514651130641628,0.71815505952609
"TCGA.D5.6540.01A",1.09659539129042e-08,0.236196285248936,0.0886204532395637,0.0362294692499106,0.0149363840775313,0.000158108585416753,0.00498651951290487,0.618872769119783
"TCGA.D5.6932.01A",2.38730465151748e-10,0.118619175738185,0.083583957761178,0.0354012185389926,0.0106616673317023,0.000170698577027407,0.0046458488478822,0.746917432966302
"TCGA.CK.5912.01A",0.00135179200499036,0.0758755522641059,0.0756557152178945,0.0229014914982617,0.00635315319298818,0.000217801311687563,0.00195296232198159,0.81569153218809
"TCGA.AA.3538.01A",0.0059140859492057,0.123096332501506,0.0525447576015558,0.0503980918019793,0.0105704575637998,0.000309704778376132,1.44786335391421e-09,0.757166568355714
"TCGA.AA.3930.01A",0.00512439010914211,0.159917777155401,0.0478683395652437,0.0258779506559556,0.025089087251674,0.000494894398805765,7.78189860988388e-08,0.735627483044792
"TCGA.AA.A00W.01A",1.38424418278098e-08,0.120852666333259,0.0392103303294789,0.00316218601595786,0.0062677378283583,5.01820627934214e-05,0.00299648539033619,0.827460398197375
"TCGA.AA.3555.01A",1.34391131633e-09,0.128111832906601,0.0635347928100668,0.0406428907671037,0.0127110094480175,4.89378196463791e-05,1.22671551354153e-08,0.754950522637498
"TCGA.AA.3655.01A",5.28267297445422e-09,0.153278671535742,0.0671123485605444,0.0391016484989744,0.0187504611115956,0.000348415480385119,0.000974544866608503,0.720433904663477
"TCGA.AA.3989.01A",0.014702307131526,0.119905989229694,0.0671475992846665,0.0305457420763637,0.0386804239736702,9.99050372407099e-05,0.0144929096815749,0.714425123585264
"TCGA.5M.AATA.01A",0.00248980025822189,0.0419758852816891,0.0907371374836661,0.0173268792549061,0.00850068356840023,0.00015503389371772,0.0115220867211218,0.827292493538277
"TCGA.5M.AAT4.01A",1.20230267874055e-08,0.0609058477380229,0.0339310934749116,0.0116557044407799,0.00513451630162199,6.29457197877061e-06,0.000493338769824165,0.887873192679834
"TCGA.AA.A02R.01A",0.00064728944553081,0.222854651324666,0.0799273112190204,0.0243615337134118,0.108453442647146,0.000126674933343519,0.0415566947392202,0.522072401977661
"TCGA.A6.6649.01A",0.0165733346084721,0.115169818171094,0.174096875236276,0.0414189960825158,0.0146207492135601,0.0010913782529453,0.00756591050489548,0.629462937930241
"TCGA.A6.3809.01B",3.41592195287947e-08,0.0725850875354919,0.0145465417217139,0.0182795706956695,0.00363427636731177,9.36813702470064e-05,0.00357590274659016,0.887284905403756
"TCGA.AY.4070.01A",0.0265014596128792,0.101252820245442,0.0721908147141706,0.02678383658308,0.010402652550981,0.000490189513542854,0.013896008193013,0.748482218586891
"TCGA.G4.6299.01A",0.00757567528628732,0.0900068400534331,0.0678819739649862,0.0703604068048861,0.049205816423407,0.000144279952087668,0.0220847118927033,0.692740295622209
"TCGA.AA.A02O.01A",1.63393347464933e-08,0.0921785054057194,0.0581481197050876,0.00787816563261548,0.00756543115994517,0.000120561425880965,0.00561938587737756,0.828489814454039
"TCGA.AA.3972.01A",1.87928105861148e-09,0.0754400656574541,0.0377951981625163,0.0227441177756915,0.0074433940713235,0.000136676123773472,8.54102101015099e-08,0.85644046091975
"TCGA.NH.A50T.01A",8.12944657270872e-09,0.0651144932926705,0.0275652548811179,0.0115181497131821,0.00280245113354538,6.97987892958536e-05,8.91741918179935e-10,0.892929843169
"TCGA.DM.A0XD.01A",0.00173002155771282,0.0627759551694118,0.0326018670486458,0.023013133210155,0.00453685426873031,0.000763321977099562,5.72718054293267e-08,0.874578789496439
"TCGA.AU.6004.01A",0.00585711700090914,0.161400349757653,0.0781765299886775,0.0491137174092841,0.0298881192984374,0.000147213637056121,0.00616349734796953,0.669253455560013
"TCGA.AA.3841.01A",0.00914993765622682,0.148956416342883,0.108195190873044,0.0163683009597214,0.0256706654319465,0.000849236085244492,0.00723243390546535,0.683577818745468
"TCGA.DM.A28E.01A",3.51710434094436e-10,0.11255894649533,0.0343002372301529,0.0049744272739506,0.0045340528797839,6.79319692243488e-05,1.10603615964708e-05,0.843553343438251
"TCGA.AA.A00E.01A",0.00180957310470453,0.25623326443976,0.0748304310585347,0.0171862935286536,0.0431480052625953,0.000389814902563721,0.00881185915356425,0.597590758549624
"TCGA.AA.3514.01A",6.11310939802314e-06,0.135483671543876,0.377371811543831,0.0287584660880839,0.0278041056716992,0.000379543664240657,5.35294523892291e-07,0.430195753084348
"TCGA.AA.A01F.01A",7.07192260705596e-09,0.0792076509195323,0.0212095279171828,0.00432725888588963,0.0035916634655286,4.89848734716442e-06,0.00181445332325492,0.889844539929342
"TCGA.A6.5665.01B",5.57936316825532e-06,0.0840425361556507,0.0531991099083656,0.0163579955596417,0.00547061968270391,0.000580600222748764,0.00402373447623471,0.836319824631486
"TCGA.G4.6315.01A",0.00389417247003638,0.0970535135364037,0.0792871869580716,0.00422113869504008,0.00362220180907448,0.00022108873040166,1.18124106341487e-06,0.811699516559909
"TCGA.F4.6459.01A",0.000440382489820722,0.198158310566739,0.125875289452119,0.0709072628689951,0.0223066379994919,0.00112147535125886,8.30855939624017e-07,0.581189810415636
"TCGA.D5.6926.01A",0.000332111911791573,0.188699919659574,0.132822909407227,0.114939818361851,0.0216745749204104,0.000142261352045014,0.00269415519717754,0.538694249189924
"TCGA.CK.6747.01A",0.00126315299353892,0.0876157432394177,0.0721768197920108,0.0257219565248186,0.0128301736942382,6.90922874013527e-05,0.00613703246507781,0.794186029003497
"TCGA.DM.A1D8.01A",2.21032481650457e-09,0.0534354899293172,0.0224509418923653,0.0112657728073768,0.002884552159142,2.50807513256746e-05,0.00364784009936635,0.906290320150782
"TCGA.AA.3858.01A",0.00786480522685443,0.0964274942308727,0.0623340242203933,0.0337771613741783,0.0183283640364368,0.000548737711741989,0.00458932768941585,0.776130085510107
"TCGA.AA.3522.01A",0.00942839316286099,0.148552181600934,0.0284199341258532,0.0186382970044047,0.0111564909295295,0.000372037992843262,0.00898056849418743,0.774452096689387
"TCGA.G4.6314.01A",0.0101622423426316,0.0545119862201841,0.135243978898243,0.119042729530686,0.0158918431846863,0.000366051101882552,0.00507743250104534,0.659703736220641
"TCGA.AA.3544.01A",0.00807330897409732,0.200198657189269,0.10984099470235,0.0310616404118897,0.0636169853145601,0.00156742791974451,0.0192021941673158,0.566438791320773
"TCGA.NH.A6GA.01A",0.00404052965752115,0.104291664850632,0.0650612846055934,0.0284772266661097,0.0111892552917489,0.000288688886018546,0.00386025042759091,0.782791099614785
"TCGA.D5.6537.01A",1.81349469389978e-09,0.172838300644006,0.033848343043912,0.0175098249304867,0.00693047453858717,9.35925468844664e-05,0.00254509786654948,0.766234364616079
"TCGA.AZ.4684.01A",0.00665198223813107,0.170763010935601,0.0849354196407864,0.0431366702268805,0.0140842210491764,0.000420768571951178,0.0122914724997023,0.667716454837771
"TCGA.G4.6302.01A",0.0304892224289525,0.142264182413521,0.301915353690345,0.22482333877884,0.0324434248029555,0.000473076529127538,0.00809692139161245,0.259494479964646
"TCGA.AA.3862.01A",0.00287471123357374,0.0898462086069052,0.0317637382565425,0.0215055248384052,0.0185053922477575,0.00152527271385823,0.0127976012856191,0.821181550817338
"TCGA.A6.2685.01A",0.016555638497111,0.212959815429652,0.178820772269692,0.116073178641232,0.0472832730965585,0.000923855097020586,0.000261372958110763,0.427122094010623
"TCGA.AA.3712.01A",4.08750867499738e-09,0.182937835228419,0.0853342777205721,0.0515606097050931,0.0163722352731226,0.000213193413780272,0.000707683619668797,0.662874160951835
"TCGA.AA.3562.01A",0.0110861099419322,0.0974699512594401,0.0600987462377505,0.038592612802825,0.0188308806038707,0.000817075511881189,0.00248600074615334,0.770618622896147
"TCGA.AA.3846.01A",0.00279685873958075,0.141773319345372,0.0310082935375727,0.0238374600887127,0.0129868044309674,0.000316218255748104,0.00533477370966777,0.781946271892379
"TCGA.A6.A565.01A",0.0392172994129194,0.137197975086767,0.144909506574323,0.0325466619817243,0.0151032518661766,0.00101386872278749,0.0301035508620924,0.599907885493209
"TCGA.AU.3779.01A",0.00815624585634255,0.16904221474477,0.0543456627023592,0.0454690231976009,0.0209827718193772,0.000164166277315465,0.0121734829898577,0.689666432412377
"TCGA.A6.2684.01A",0.000997604332271383,0.211590333074894,0.148084636423167,0.0606568463176519,0.0381654613825943,0.000501614150725208,0.00752672137426684,0.532476782944429
"TCGA.AA.3561.01A",2.98421832261116e-08,0.119341532321483,0.0338933417146847,0.0196557935924605,0.0124773679014233,3.3162874332208e-05,0.00164727108277602,0.812951500670657
"TCGA.CM.5341.01A",2.6856957895287e-08,0.165679285221853,0.0335703286129555,0.158649901463944,0.0310784609855118,0.000154273347829277,0.00928282079526532,0.601584902715683
"TCGA.A6.2683.01A",9.53241962747074e-05,0.0425669960336592,0.138918469126882,0.00324256855263557,0.00866586791036888,7.83119481579472e-05,4.72217334729971e-09,0.806432457509848
"TCGA.AA.A004.01A",0.0300352576042828,0.128440645052268,0.323289006702787,0.00637488866364742,0.0210157923214659,0.000400432664305144,0.0170819100676798,0.473362066923564
"TCGA.AA.3529.01A",9.83848343667364e-08,0.110967855995524,0.0382497110413764,0.0167539952838238,0.0100392167914493,0.000758212905607833,7.90578590828916e-05,0.823151851738302
"TCGA.AA.3861.01A",0.0270203526620457,0.112244614988994,0.0279581294325836,0.00582863390382645,0.0192611027216204,0.000313661023605133,0.0106588836588763,0.796714621608449
"TCGA.AA.3844.01A",1.85684654213664e-09,0.110448421948874,0.0352400713350415,0.0153211248727241,0.00793623687538346,0.000121678376632602,0.010314196642338,0.82061826809216
"TCGA.AA.3952.01A",1.87029456920454e-07,0.055461981281532,0.0536400269562359,0.0394625919577452,0.0171939941419511,0.000211436291092207,2.80611553466404e-08,0.834029754280831
"TCGA.D5.5537.01A",0.0060523994816968,0.127511117950768,0.0460791389509786,0.0429937430871916,0.0085402461491095,0.000104935304576741,0.00209799137062593,0.766620427705053
"TCGA.AA.3837.01A",0.00406102457555335,0.107457001572985,0.0571152502626466,0.0339011317467544,0.0116481617288182,0.00027090600557806,0.00421775601111705,0.781328768096547
"TCGA.AA.3511.01A",3.618226551548e-08,0.126414013957036,0.0817808934892673,0.044040266380538,0.0101913850241852,0.000287233016173467,5.48545739456809e-06,0.73728068649314
"TCGA.D5.6922.01A",0.00403455180304638,0.130267029158992,0.093727737071276,0.0737268037383401,0.0164072864489414,0.000272200242421104,0.00454953026333116,0.677014861273652
"TCGA.AA.3556.01A",0.00423367126432406,0.0757604480140631,0.0381684706249641,0.0262982415823888,0.0158725404603484,0.00055673734250072,0.00497926033544886,0.834130630375962
"TCGA.CM.6674.01A",9.10764048434122e-08,0.197443460915392,0.0817728077739798,0.0463319922298186,0.0179688854008177,0.000267152004197961,0.00380167349047431,0.652413937108915
"TCGA.AA.3939.01A",0.00577421784484806,0.123397459411016,0.0332271982465463,0.0381097125114414,0.0138459075915489,0.000523460228408779,0.00582068911526773,0.779301355050923
"TCGA.AA.A00K.01A",0.00050709137670422,0.120792819233632,0.0633211355293564,0.0176560776175757,0.0094983601393438,0.000526147163772148,0.00570343985650974,0.781994929083106
"TCGA.DM.A28A.01A",5.71517901993318e-07,0.0687331362418345,0.0614402904285109,0.0476865060712942,0.0114470115969885,0.00011659964997975,5.75565608739358e-06,0.810570128837403
"TCGA.CK.5914.01A",1.41144703046086e-08,0.114733468399578,0.0478196002713601,0.0373806025293597,0.0084588285587934,3.6396884250159e-05,0.00629884502734775,0.785272244214841
"TCGA.G4.6320.01A",0.00794958553179996,0.063459793922829,0.0212312246749445,0.00874292341704893,0.00439713538789646,4.5035708995894e-05,0.00402592701959508,0.89014837433689
"TCGA.A6.A5ZU.01A",0.0027099640948065,0.130230744497161,0.0515811366609939,0.0448590801906822,0.0129134200755239,0.000866445603680292,0.00473210055422131,0.752107108322931
"TCGA.AA.3495.01A",0.00632956623103252,0.107673714965987,0.0443145990824123,0.0195626171261459,0.0122948622006782,0.000478217869161058,0.0110704397071949,0.798275982817388
"TCGA.QL.A97D.01A",0.00872704060344986,0.0797584312489425,0.0375006776179994,0.0073969724796887,0.0084629133772473,0.000161157621582793,0.0140645155040146,0.843928291547075
"TCGA.CM.5868.01A",0.000597864325106976,0.0932440143411401,0.0520005628391601,0.0541744918927623,0.00786715508177314,0.000132895922006537,6.35872484409861e-08,0.791982952010802
"TCGA.AA.3534.01A",1.38646687957599e-08,0.204822515130821,0.056231356481183,0.0280387236504867,0.0130722779989411,0.00022251021062905,0.000269897080410795,0.69734270558286
"TCGA.AA.3693.01A",8.36334801396486e-09,0.183158828358323,0.0478147946418827,0.022276515224556,0.0110352174592333,4.73331653584427e-05,7.12776465640949e-05,0.735596025140734
"TCGA.AA.A02J.01A",2.34331321165669e-09,0.0704556520309002,0.0255920188087598,0.00512261170020259,0.00282782754803148,1.02970238863765e-05,2.88879403221699e-09,0.895991587656112
"TCGA.D5.5541.01A",6.96825459077196e-08,0.194927953872544,0.0706997258166249,0.050256564859826,0.0245739509841051,0.000107065427623041,0.00375548024839606,0.655679189108335
"TCGA.AA.3860.01A",0.0184823307209367,0.114797241916564,0.0663781632100099,0.0539376328577726,0.0203969802122599,0.000825287655249107,0.0117415108486938,0.713440852578514
"TCGA.A6.5657.01A",0.0720325807407624,0.0772864121658724,0.114773410431686,0.0910862330420555,0.0072470952824486,0.00058557310395398,0.0170197427410307,0.619968952492191
"TCGA.AA.3812.01A",0.000898824039990722,0.152447360062966,0.150224398555297,0.0359762719181927,0.0313982717798798,0.000592822150146483,1.40894241953643e-07,0.628461910599286
"TCGA.DM.A1D4.01A",3.47091404073052e-10,0.0613846741696492,0.0211916041940919,0.00333264696187183,0.0026145582005077,3.00494856047262e-05,0.00480245720313753,0.906644009438046
"TCGA.AA.3854.01A",2.53509835804094e-08,0.117858265550815,0.0347309906892078,0.0111425067555882,0.0137953146640425,0.000358122912840915,1.14622952869703e-08,0.822114762614227
"TCGA.CK.4950.01A",0.0184305108392142,0.116848148033271,0.0677320444137535,0.0254110237080144,0.0166968731320148,0.00120731326747482,0.0104479752708179,0.743226111335439
"TCGA.D5.6541.01A",0.00181928479287652,0.134412012298086,0.0588842151298127,0.0920842762239493,0.023167206871468,0.000160572377137161,0.0057734487676243,0.683698983539046
"TCGA.QG.A5YV.01A",4.89861900315734e-07,0.100071807722627,0.042137155462039,0.0146128101057436,0.00796089346776839,3.60638850157612e-05,0.00300743272215257,0.832173346772753
"TCGA.AD.6901.01A",0.000534170767878628,0.120248565729238,0.10815738366942,0.102553716467453,0.035724017949739,0.000686882443113272,0.00890319771207028,0.623192065261088
"TCGA.AA.3526.01A",1.38956078528905e-07,0.185385535569158,0.0475020159304524,0.0467166697769176,0.0162380398088972,0.000159037588493296,0.0104870133921594,0.693511548977844
"TCGA.DM.A1HA.01A",1.77454294764453e-09,0.0773403721507842,0.0283802240360788,0.00298603071454331,0.00721092203102338,2.70338103167704e-05,0.00359053707430566,0.880464878408405
"TCGA.AA.A02W.01A",0.00223920008600323,0.0629862808134478,0.0262458520447763,0.0184196660433735,0.00691168414410475,0.000202954069772187,0.00483704522042573,0.878157317578097
"TCGA.AA.A00F.01A",0.00262165633132213,0.0604415012333979,0.0582493278555633,0.0237821051002859,0.00661150067577556,0.000396161754516321,0.00540235208094143,0.842495394968197
"TCGA.AA.A02Y.01A",2.04938975850581e-09,0.0657342209034125,0.0147687831201504,0.00153477644211529,0.00544251808656205,8.15807840666453e-05,0.00943507486268907,0.903003043751614
"TCGA.A6.6780.01B",6.57155427868069e-09,0.128257026654335,0.0241091447342204,0.0200386061106787,0.0100214690788434,6.46868684987347e-05,0.00662481294667197,0.810884247035197
"TCGA.AA.3525.01A",0.00265389782420085,0.196226649748589,0.0459370769226288,0.0133801544269048,0.0158971155696722,0.000959256896760089,0.00262162233768431,0.72232422627356
"TCGA.A6.6650.01A.1",0.00171506500769852,0.0653398791841285,0.0341985143940045,0.0151790588595102,0.00625480836212227,7.36183112533188e-05,0.00169666765094262,0.87554238823034
"TCGA.CM.4752.01A",0.00480245726723798,0.0755936314744438,0.068105872978534,0.0423183946486026,0.0270715107401873,0.000523201441292134,0.0179370197803194,0.763647911669383
"TCGA.A6.3809.01A",2.38725355573002e-07,0.272471482404806,0.0491268893662267,0.0394283395223351,0.0532426801414011,0.000304552331621238,0.0131970433474784,0.572228774160776
"TCGA.CM.6680.01A",0.000679827963848326,0.144827728183743,0.0780526788809909,0.0494823600805878,0.0234659048821223,0.000441354308149185,0.0109322979498051,0.692117847750754
"TCGA.AD.A5EK.01A",1.719110563221e-08,0.115856821051862,0.0646240363554635,0.020300213966964,0.00745021291091943,0.000115661987849703,0.00115474014103132,0.790498296394804
"TCGA.A6.2682.01A",2.90887707699613e-08,0.161295071936471,0.0881487737375679,0.052748204862005,0.0145596926585825,0.00100126717229554,0.000704938318383261,0.681542022225924
"TCGA.CM.6164.01A",2.36864297499875e-08,0.171437036941893,0.0876141514362426,0.0280500522276256,0.0113075726359549,0.000373209549590791,0.00545424568219503,0.695763707840068
"TCGA.DM.A28H.01A",0.00175447305290423,0.0752197684961985,0.0322221491894168,0.00916962358691394,0.00456923329982243,0.000162756447332572,1.60278310545521e-10,0.876901995767133
"TCGA.D5.6898.01A",0.00410497159184567,0.193936196384804,0.0899301371017767,0.0469228265770659,0.0206677902079144,0.000249147103149205,0.000255829423452461,0.643933101609991
"TCGA.A6.3808.01A",0.00639527156702718,0.180744968984287,0.106168941924596,0.103740959478703,0.0308389689206576,0.00132824062830474,0.00587280968717817,0.564909838809246
"TCGA.A6.6780.01A",7.17952834264879e-09,0.287912633139856,0.0769505125676239,0.0126385392423352,0.105188412562007,0.000163593089554658,0.011657111581234,0.505489190637861
"TCGA.AA.3662.01A",0.00213593829918724,0.105079414478045,0.0540392112692303,0.0290130942491054,0.0233210931646378,0.000383496330794723,0.00269476151216726,0.783332990696832
"TCGA.CM.5864.01A",4.15612813284247e-07,0.142941844590257,0.059787102438405,0.0199628626682763,0.00852245626479265,0.000192621051780774,0.00446445721991665,0.764128240153758
"TCGA.NH.A6GB.01A",0.00133944273305163,0.0622720562612736,0.0350346158354184,0.0208913556114277,0.00704065580334738,5.31571918459606e-05,0.00795821195630957,0.865410504607326
"TCGA.NH.A8F8.01A",0.00304087808403058,0.0598879088964678,0.0551363101859211,0.0355919227320338,0.0100430557196663,0.00025102569073568,0.0023442162067865,0.833704682484358
"TCGA.CM.6677.01A",0.0128397746297153,0.154369084774209,0.108718337922711,0.0525002848885216,0.0128592562531451,0.000685346153965323,0.00561525217498662,0.652412663202747
"TCGA.AA.3949.01A",0.00865074997086925,0.197674919176573,0.0642846627898346,0.0592699717423014,0.0568929435905085,0.000361652365462348,0.0495528372524386,0.563312263112012
"TCGA.DM.A1D9.01A",1.0469572432773e-08,0.0626797787613107,0.0234364226854567,0.017910408043751,0.00405152229529381,5.34019160012441e-05,0.000383207177719053,0.891485248650895
"TCGA.D5.6930.01A",0.0297630495300584,0.144254111025674,0.0930247257551333,0.0472194010590275,0.021278471574228,0.000736829202526433,0.0206935269073142,0.643029884946038
"TCGA.AA.3980.01A",0.00313512424507085,0.119665098637244,0.0387546080897359,0.0171858720764296,0.0216593133937934,0.00010557842095534,0.0172708069858424,0.782223598150928
"TCGA.CA.5797.01A",0.00255295501054839,0.136568768513418,0.088534251047862,0.0379107350732198,0.0104127306999036,0.000412069663332083,0.00231716419208202,0.721291325799634
"TCGA.AA.3494.01A",1.0661622380746e-07,0.0882823724124449,0.0498611618463521,0.0128341171873998,0.00775762000121634,0.00020512917327242,0.00496750244519303,0.836091990317898
"TCGA.D5.6531.01A",1.15272126016246e-08,0.0934833969918889,0.0550331197511539,0.0262109108474664,0.0213521150588681,0.000217743696178554,0.00859066419280901,0.795112037934423
"TCGA.AZ.4615.01A",5.32184314703815e-07,0.195744378716104,0.0421962477650838,0.0533338726676661,0.0365466933166808,0.000149014507275062,0.0430104847901753,0.6290187760527
"TCGA.A6.5656.01B",8.7541170525251e-08,0.0927401915108297,0.0178248371441783,0.161508532372616,0.00353967119617914,0.00015571840738307,0.00633976864383781,0.717891193183805
"TCGA.A6.2684.01A.1",0.000997604332271383,0.211590333074894,0.148084636423167,0.0606568463176519,0.0381654613825943,0.000501614150725208,0.00752672137426684,0.532476782944429
"TCGA.CM.4743.01A",0.00052224012619186,0.0632594466112416,0.04502824730101,0.0125696272260813,0.0047261510334976,2.94030194105637e-06,0.00839754104335468,0.865493806356682
"TCGA.AA.A01K.01A",0.00466819849042273,0.0934527029481337,0.0545614259352107,0.0477620550835559,0.0112356709709704,0.000253288256927552,0.00878124557161412,0.779285412743165
"TCGA.NH.A50U.01A",2.30337893258779e-08,0.0909234091823858,0.0493554658822839,0.0173892415260802,0.00965297241186531,0.000165577938860697,7.00586822167118e-09,0.832513303018867
"TCGA.D5.6928.01A",0.0940696777535894,0.313349030663755,0.19074811951629,0.123541482269229,0.11319437524697,0.000795548644013143,0.164301763164318,2.74183556814990e-09
"TCGA.DM.A28K.01A",4.82588663500811e-09,0.104770799128267,0.0546295698086349,0.00773338109633125,0.00755319702917844,1.32962534222024e-05,4.6120416074479e-05,0.825253631442205
"TCGA.AY.6196.01A",0.0665966723309233,0.177261486664599,0.303552421775959,0.277649947503893,0.134718765940175,0.000248233091455616,0.0399724630468288,9.64616571468336e-09
"TCGA.CM.5344.01A",0.000713008581586028,0.0600165765287888,0.0666220395073747,0.0736382581129073,0.007638251507636,0.000142512449740122,0.00119915480499674,0.79003019850697
"TCGA.G4.6309.01A",7.43254125040448e-08,0.122402969341763,0.0376487755222633,0.016669490429942,0.00941178173042041,0.000207552875842272,0.00702525325744936,0.806634102516907
"TCGA.CM.6165.01A",7.42212099861102e-08,0.148541920291393,0.0769444939877312,0.0594381146352477,0.0157448015120314,0.00043122830366123,0.00205876915789699,0.696840597890828
"TCGA.AY.5543.01A",0.00111057578326376,0.0819843639524724,0.0280166749971069,0.00885389764664513,0.00721619389827322,0.000110731550185739,0.00669635433469278,0.86601120783736
"TCGA.CM.6167.01A",0.0421499206132297,0.0690610638503402,0.340969075454091,0.290555732090628,0.0244287702237431,0.00302701257778472,0.0142631714889305,0.215545253701253
"TCGA.AA.3664.01A",5.4438582027863e-09,0.0842721062964319,0.0262307486384046,0.0117335128137124,0.00896513658250956,0.000101687988609345,0.00420934929303139,0.864487452943443
"TCGA.AZ.4313.01A",6.93845745569934e-09,0.0942127819314015,0.0604330950399524,0.00858747786177416,0.00557614916602794,0.000232036622145942,0.0052163240720035,0.825742128368237
"TCGA.AA.3530.01A",0.0123614702022879,0.102436802391079,0.025554908992643,0.0143528756605083,0.0163132874136105,0.000290956800771358,0.00576076774791917,0.822928930791181
"TCGA.AA.3877.01A",1.22593531466532e-08,0.146923853944958,0.070218847989794,0.0547469314846684,0.0235144880756921,0.000256909330127471,0.00898946959511829,0.695349487320288
"TCGA.D5.6535.01A",0.00637915953250705,0.06862342224238,0.0583881218576675,0.0305643760884701,0.0126022283944223,0.000163961899889454,0.00840648262873122,0.814872247355932
"TCGA.CM.6678.01A",4.62150111550336e-09,0.106183760227629,0.0505871201956791,0.0186374060441357,0.00525839778793712,0.000195289564371424,2.1767320997951e-05,0.819116254237749
"TCGA.CM.4746.01A",4.62557873229718e-09,0.0973947965925801,0.036887156197075,0.00596656681749057,0.00491541188132999,2.88185976233747e-06,0.00470512446163014,0.850128057564553
"TCGA.A6.6652.01A",8.5748107391079e-08,0.0754545820440169,0.0423226143592288,0.0115877830592829,0.00295097693059122,2.36323463288139e-05,0.000784907282527159,0.866875418229917
"TCGA.A6.6781.01A.1",1.02797888697931e-06,0.20687461835034,0.118397390384726,0.224684906160575,0.0356353444569868,0.000215091502282977,0.00937582997180874,0.404815791194394
"TCGA.AA.A01Q.01A",4.79180341265867e-09,0.0414783676262125,0.0241213473310694,0.00367024999917356,0.0100836479563944,5.22085072914726e-05,0.00871940063388198,0.911874773154173
"TCGA.A6.5661.01A",0.00140032276782643,0.122168583078166,0.0393368192819809,0.0284001100718264,0.00957799951365237,0.000260557539439691,0.00465276512161978,0.794202842625489
"TCGA.5M.AATE.01A",4.46798885135647e-05,0.0804641596711774,0.0360627120701095,0.0161254461951073,0.00533591004345696,0.000170572351448351,0.0015972140469672,0.86019930573322
"TCGA.DM.A1D0.01A",8.85135782673772e-09,0.0701378819789367,0.0176920310182201,0.00460148652838544,0.00221379132878421,1.10996402216393e-05,5.34829374818047e-09,0.9053436953058
"TCGA.AA.3681.01A",0.00679091127081858,0.114582780530138,0.0465661116646158,0.0145875978872645,0.0188398072800746,0.000241419113264143,0.0118569098117254,0.786534462442099
"TCGA.D5.5538.01A",7.3410841201369e-09,0.32268817602166,0.0895684522786878,0.0796520426601828,0.0422499868051515,0.000160955253790827,0.000215481579697658,0.465464898059745
"TCGA.AA.3870.01A",0.0148508308336397,0.145602572980508,0.104451160648754,0.054048603325573,0.0421516557650182,0.0010963381134144,0.00226921495586103,0.635529623377231
