"","cellFractions.B.Cells","cellFractions.DC","cellFractions.Endothelial.Cells","cellFractions.Fibroblasts","cellFractions.Macrophages","cellFractions.Mast.Cells","cellFractions.T.Cells","cellFractions.otherCells"
"TCGA.CV.5442.01A",1.1581764566942e-08,0.243223775511393,0.0382038378608685,0.00340709488414433,0.00921041783911093,7.80933031479118e-05,7.66596697468644e-06,0.705869103052596
"TCGA.CR.7392.01A",0.0251380905859957,0.32037011871882,0.165966046668404,0.119424423616383,0.0358952688043387,0.00245007275938926,0.0262932146651449,0.304462764181525
"TCGA.UF.A71A.01A",1.43915857400665e-08,0.139963985829062,0.0831688769341794,0.053208339860546,0.012266236680205,0.000226201760953214,0.00470764742818834,0.70645869711528
"TCGA.CN.A642.01A",4.77810361132003e-09,0.255020716464147,0.078743165801325,0.0256837689522205,0.0515520566054615,0.00106195321595211,0.0205040270428634,0.567434307139927
"TCGA.CV.A45U.01A",2.67802270918003e-08,0.26760092557448,0.0490161320341574,0.0229322053556571,0.0177709431302039,0.000548369227406107,0.0240188188783657,0.618112579019503
"TCGA.CN.6012.01A",0.0276619729125164,0.193188260270634,0.139728723270569,0.0357603782893252,0.0379079129695053,0.00029389892568304,0.018292863155172,0.547165990206595
"TCGA.CV.A45W.01A",0.161286132504241,0.278189257954723,0.116715640771722,0.0347040510776157,0.042286214837044,0.000835129624683314,0.0234625093150561,0.342521063914915
"TCGA.CV.A6K0.01B",0.00191616926160455,0.108986035902442,0.0873486001221703,0.0476069152632375,0.0224871189307389,0.00034173359817515,0.0325905674521324,0.698722859469499
"TCGA.QK.A6VB.01A",8.4035935348921e-09,0.0862849472210454,0.0516759114259343,0.0280856487518217,0.00621419471631054,2.76938817593849e-05,0.00317322370238158,0.824538371897154
"TCGA.CV.6959.01A",5.72964761516149e-07,0.160540386304466,0.0799559851629673,0.020657394140371,0.0222700619566846,0.00039564115198012,0.00468432047421031,0.711495637844559
"TCGA.HD.7832.01A",7.05224787593628e-10,0.126781288881871,0.0423794474359053,0.0168279003653299,0.0401437001371385,3.41464429560474e-05,0.00429850045297759,0.769535015578597
"TCGA.CV.7255.01A",1.66627533117677e-08,0.19090902988906,0.0584287341368532,0.0100133531534369,0.00716691226124199,0.000168494765288987,2.2956934416722e-07,0.733313229562021
"TCGA.CR.5243.01A",0.0322373006089754,0.106385731451885,0.0913383951191584,0.0536863285651711,0.0108887282008464,0.00123738858362849,0.0375876456076993,0.666638481862636
"TCGA.P3.A6T5.01A",3.68333384241275e-08,0.123201073569579,0.0546069338042778,0.0278874984707609,0.010441211353829,0.00024087177084369,0.00506533396016864,0.778557040237203
"TCGA.CV.6952.01A",9.78171838386059e-09,0.0789808732542323,0.0382789058394295,0.0102309325821674,0.0148155482878886,0.000310376596246433,0.00836005825378941,0.849023295404528
"TCGA.D6.A6ES.01A",8.31987514257739e-09,0.0468982293163962,0.0218967570732161,0.00452782763396129,0.00611347946210834,0.000173203412788929,0.00357758282273392,0.91681291195892
"TCGA.CN.5366.01A",9.44246211503667e-09,0.158679683882427,0.077878626212268,0.0469895733716738,0.0297881357764203,0.000275607901673749,0.0131461112011423,0.673242252211933
"TCGA.CQ.6223.01A",5.03810655509277e-08,0.306157521436222,0.0525458938415895,0.0133275772167496,0.0179349982367038,0.000853799681532828,1.54687520248179e-07,0.609180004518617
"TCGA.F7.7848.01A",0.0268278425416528,0.0965445932023902,0.0908786491988485,0.0354191581916671,0.0214183043129141,0.000373426987888322,0.0237808922748465,0.704757133289792
"TCGA.CV.A6JM.01A",2.2243774931469e-08,0.175766409734132,0.0457733929378897,0.0107907290192171,0.0166540879047136,0.000250294647019701,0.00720486440145946,0.743560199111793
"TCGA.CN.5359.01A",5.29916978562461e-08,0.528587002764117,0.209037965713904,0.121306494118378,0.0669755207803717,0.000645114658503342,0.0279710423856732,0.045476806587355
"TCGA.P3.A5QA.01A",4.89143885130773e-08,0.435522077145745,0.11982278927928,0.0799199650998067,0.0130702029899162,0.000137613991952607,7.85925875734454e-07,0.351526516653036
"TCGA.CN.4734.01A",2.20841323230807e-07,0.329159277244135,0.0871006831969929,0.0301131861832147,0.026549787724979,0.000389665460661435,0.0212685359489482,0.505418643399745
"TCGA.CV.6441.01A",4.82636426770425e-09,0.081636765698589,0.0127279003712485,0.0660838113561103,0.0103340290217289,0.000123207914555693,0.00772740337603174,0.821366877435372
"TCGA.CV.A6JY.01A",6.08130271120281e-09,0.106594473685782,0.0439311030008617,0.0111524550714187,0.00559079053176661,0.000670062079269214,0.000945963319743018,0.831115146229856
"TCGA.D6.6825.01A",6.7658563876217e-08,0.120093234435788,0.0894760050998531,0.0394271388616771,0.041506164796325,0.000829852504620319,0.0382272019843958,0.670440334658777
"TCGA.CR.5247.01A",4.47913045959157e-07,0.147865732362431,0.079888961648983,0.134803917565624,0.00667900004920885,0.00045841076551581,4.20986476861329e-09,0.630303525485327
"TCGA.CV.7410.01A",0.203034135179193,0.176931066848597,0.124266101303476,0.0394616055399004,0.0371738414416872,0.000445562855768467,0.0588770212423194,0.359810665589058
"TCGA.CV.7091.01A",3.03508012747387e-08,0.201138305219447,0.069707638766927,0.0416236224619874,0.0140953866680106,0.00032664374863203,0.0131901952699769,0.659918177514217
"TCGA.BA.5153.01A",0.0351448362922657,0.0735037696164922,0.0876248217380831,0.0213356089042217,0.0226398933362752,0.000413372731037655,0.077008579786092,0.682329117595532
"TCGA.CV.7428.01A",1.13266744891045e-08,0.152470593286901,0.0616434046446328,0.0174163619068847,0.0270270758959332,0.000290054202013879,0.0223405607204555,0.718811938016504
"TCGA.CX.7086.01A",3.14909754327802e-08,0.132554365124096,0.0485202073013055,0.0277169875594236,0.0118493540438734,7.45920624575304e-05,0.00317625231124508,0.776108210106624
"TCGA.CN.5364.01A",2.01836662273181e-07,0.106774418261819,0.0677186552698319,0.0190554232773188,0.025240702229995,0.000276330461767823,0.0047197871537567,0.776214481508849
"TCGA.BA.A6DB.01A",0.00413431667795266,0.147247561671618,0.0624292886576731,0.0462185577097229,0.0247228163802752,0.00222567404045726,0.0528506166595282,0.660171168202773
"TCGA.CQ.5325.01A",0.0890445620406853,0.0857173634717387,0.0884568230526508,0.0701069951377779,0.0859764170148398,0.00141361106954961,0.0570148257997682,0.52226940241299
"TCGA.CN.4731.01A",1.14876960112623e-07,0.266894698771322,0.0473628103400097,0.120704253311163,0.0120582030716334,0.000226135722800015,0.0039290751914373,0.548824708714674
"TCGA.CV.7427.01A",9.75121352529458e-09,0.0923304690781854,0.0438080952284952,0.00832087291062652,0.0376208457716378,0.000217193487189089,0.0261930915909417,0.791509422181711
"TCGA.CR.6467.01A",0.0844583872474028,0.150733113600887,0.0638802075471095,0.017804401308162,0.0302736625803665,0.000594546559262073,0.0925179742855876,0.559737706871223
"TCGA.CV.7183.01A",3.83216858661518e-09,0.059297186433093,0.0583716710458283,0.0151582018151792,0.00262229785574072,9.21247316405897e-05,7.04802187053865e-05,0.864388034067644
"TCGA.CV.A6JN.01A",1.307406285894e-08,0.0371967559742912,0.0260336936072421,0.00482401055920966,0.0135263062908161,0.000182683022344423,0.0109162471020353,0.907320290369998
"TCGA.D6.A6EN.01A",4.01392216847737e-07,0.10847010124514,0.0566817713550342,0.00719622524533459,0.133118851422245,0.000504057983967184,0.151752624928517,0.542275966427545
"TCGA.CQ.A4C7.01A",1.41197625734936e-09,0.335528166813525,0.116407390567623,0.0628780801606566,0.0273884281803505,3.35404958389682e-09,0.000257742465766237,0.457540187046053
"TCGA.CV.5435.01A",2.39218761925665e-08,0.598012957444121,0.144479916098096,0.0337416936328672,0.0230954945802892,0.000443235962012846,1.35720915962456e-07,0.200226542639822
"TCGA.CR.7370.01A",1.12179119050385e-07,0.219132886373103,0.105328886003071,0.0520320129117516,0.0221091662786859,0.000556300247974578,0.00914598941928405,0.591694646587011
"TCGA.CN.4722.01A",0.0102837594590996,0.0853825761191937,0.0904329769084403,0.0376177424259934,0.00597585122385473,0.00023023101676798,0.00422158943165183,0.765855273414998
"TCGA.F7.8489.01A",2.15379819662978e-07,0.536226768471848,0.126157620533916,0.0232507362160187,0.0362338227165061,0.000350782606359511,0.0173679716222313,0.260412082453301
"TCGA.CV.A6K2.01A",2.39664764952512e-08,0.18756688029642,0.0355953247670491,0.0559085619086649,0.0232670491214888,0.000140657254518935,0.0031983066707312,0.694323196014651
"TCGA.HD.8634.01A",2.19566394272735e-08,0.150102873825077,0.0432256689237762,0.00566060848838016,0.00760273135673566,0.000161160450996898,0.00138506771194537,0.79186186728645
"TCGA.CN.6994.01A",2.99671650269153e-08,0.728012130483992,0.127980536794942,0.0813204351312315,0.0580280896475109,0.000643390929106143,0.00401537446740054,1.25786513657963e-08
"TCGA.D6.A4Z9.01A",5.28674521481275e-09,0.191189300642605,0.0558775758229387,0.0214943186157477,0.0146794800877019,0.00037786554545154,0.00319737781416535,0.713184076184645
"TCGA.CR.7376.01A",0.0104111368236741,0.325569875605577,0.266842188366318,0.204951609949838,0.112530590915634,0.00286745571254229,0.0627246108360447,0.0141025317903721
"TCGA.CR.7391.01A",0.00823404878100911,0.156914580421331,0.108462613482986,0.0488885940012763,0.0200472491743212,0.00133419492486025,0.0258262745070311,0.630292444707185
"TCGA.T2.A6X2.01A",4.29775880139425e-08,0.124273487630922,0.0511226704164552,0.0268567239800559,0.0275347379932206,5.6006305065144e-05,0.0129666494290944,0.757189681267599
"TCGA.BA.4074.01A",1.76528806414162e-07,0.0752348167032111,0.023365048989149,0.212191838084491,0.00826896746559799,6.48009441246688e-05,0.00895900851451048,0.671915342770109
"TCGA.CN.6022.01A",2.91957752192568e-05,0.504523946763672,0.175475995590507,0.0800011066041832,0.0758421720862419,0.000626210770452845,1.01156342358676e-07,0.163501271253382
"TCGA.CN.A6V3.01A",0.0113279477903196,0.155241812714014,0.0396312617015594,0.0084723617512507,0.0165144024085015,0.000307188760599397,0.0161969464243316,0.752308078449424
"TCGA.QK.A8Z7.01A",0.00726276900588576,0.0754600691012968,0.0506574311816695,0.0220031836350901,0.00527170908704929,0.000386353606119655,0.00795851160031953,0.830999972782569
"TCGA.CN.A497.01A",0.00338804709459889,0.115157855079011,0.0844945037409229,0.0451030092546337,0.0116673894609435,0.00115120144704692,0.0155769745735551,0.723461019349288
"TCGA.F7.A50G.01A",2.19144886856091e-08,0.103849465365178,0.0412192993644071,0.0158666561700322,0.0221760614492312,0.000515031524297899,0.0129872079023945,0.80338625630997
"TCGA.IQ.A61I.01A",0.0149545556035249,0.0109594143890359,0.0291923641908532,0.00360593916839982,0.0221447397349427,9.39712253316206e-05,0.0335908526809886,0.885458163006923
"TCGA.CR.7373.01A",6.1207509462902e-08,0.194653986125222,0.0698168763625629,0.00866423018815817,0.0532728018934433,0.00023727010655845,0.0289703508579491,0.644384423258597
"TCGA.CN.A63T.01A",5.26580451695059e-05,0.148955342101151,0.0669729050696143,0.0297510489120779,0.0323160857998318,0.000289806792723553,0.032038933083032,0.6896232201964
"TCGA.CN.6019.01A",7.2328728541261e-08,0.364110505751143,0.243353087349967,0.260284784384137,0.0725169298896712,0.00144910880727162,0.00726345794790209,0.0510220535411792
"TCGA.CR.7386.01A",7.12481056523114e-07,0.148456531783659,0.142742518428239,0.200272525821694,0.0640702554612407,0.00166224784104926,0.016327692775033,0.426467515408028
"TCGA.HD.A6HZ.01A",0.00914832750316331,0.219705194610434,0.101776294543362,0.0559032660317056,0.0293652939014516,0.000740106408513664,0.0202846690699406,0.563076847931429
"TCGA.QK.A6IH.01A",4.37524627760579e-08,0.154414569839146,0.0384058556272044,0.0297081159231374,0.0160324280961329,5.2915804728908e-05,2.56787695971841e-07,0.761385814169492
"TCGA.CN.6011.01A",8.62952092748424e-09,0.122640485986241,0.050345872718601,0.0113670413145503,0.0312149602498657,0.000129838996085726,0.00843340426108572,0.77586838784405
"TCGA.CR.6474.01A",1.02213466311019e-08,0.344931212378244,0.205308389235253,0.122567968254916,0.0253232075574052,0.0014902621247095,0.00383839724883223,0.296540552979293
"TCGA.CV.6939.01A",0.0139181210049384,0.195972961081176,0.130187638787518,0.0394699531334356,0.0278244554382152,0.00119192926228843,0.0261552781767226,0.565279663115706
"TCGA.D6.8568.01A",1.04646863813373e-08,0.263887906906239,0.15116783494322,0.0502747691931166,0.017765717986716,0.000611475463204413,0.0060405172215952,0.510251767821223
"TCGA.HD.A634.01A",0.00641053300829053,0.0331450188305415,0.0462583584090851,0.00401360242370759,0.00335519151200829,4.27693306183186e-06,7.36992169433416e-05,0.906739319666362
"TCGA.CV.A45O.01A",2.49422368177195e-09,0.0569854529979888,0.0187067589503648,0.00457395910076318,0.00894719489679739,4.19176475595469e-05,0.00172362551650814,0.909021088395795
"TCGA.T3.A92N.01A",8.60808964233537e-09,0.0660493644435535,0.0328595544912036,0.0113619309753617,0.023894321367614,0.00010484961541134,0.0114343673014826,0.854295603197284
"TCGA.CV.7438.01A",1.80469838375349e-08,0.398879407656533,0.112726671816791,0.0312291488320632,0.0307521519724241,0.000214888782526681,4.48341181256744e-08,0.426197668058561
"TCGA.CV.A6K1.01A",5.68799611383378e-10,0.0852577135514545,0.0556730106269036,0.0141772921764959,0.0184245199875632,0.000284876720649145,0.0200833778447659,0.806099208523368
"TCGA.CN.5363.01A",1.17607427010573e-06,0.172374667278621,0.107793957693919,0.0475568286077775,0.0459328143492847,0.000112299556023538,0.0155084775299835,0.610719778910121
"TCGA.CV.6956.01A",4.37429623520154e-08,0.0991499326969334,0.0424507486931541,0.0146096185108316,0.00390967375130533,4.53073087131526e-05,1.71175440227716e-08,0.839834658178556
"TCGA.CV.7263.01A",0.00146202541430004,0.24832668249304,0.115629533234929,0.0731676714397201,0.022564470165296,0.000636488895212353,0.00827175635997272,0.52994137199753
"TCGA.CN.A49C.01A",0.0029258739608912,0.157030648109202,0.0498017875329253,0.00641111515300483,0.0164188795680749,0.000197067411739159,0.0076481138617607,0.759566514402402
"TCGA.CV.7097.01A",8.86320499337118e-08,0.163712148318482,0.0909629006252458,0.0556631200754133,0.0655477150075868,0.000291058868295257,0.00197717014422232,0.621845798328705
"TCGA.IQ.A6SG.01A",7.22628601767696e-08,0.178577912494206,0.051430282694255,0.0171616788608639,0.00933050266133588,0.000186188708713786,0.00112089114398803,0.742192471173778
"TCGA.UF.A7JC.01A",6.51635687888598e-10,0.083332753701393,0.0372517631822199,0.0085424476036523,0.00441519259964635,5.41717049293974e-05,5.32451649461822e-08,0.866403617311359
"TCGA.QK.A6II.01A",5.69792308233738e-10,0.0753010507340762,0.0229335769010845,0.00248257401546633,0.00772869030643324,5.74055278688143e-05,0.0027195414426739,0.888777160502605
"TCGA.CN.A49B.01A",1.6093206823072e-08,0.0963729241944162,0.0578700632928661,0.0357363748163088,0.10045344227574,0.000340572993004172,0.0194945934396947,0.689732012894764
"TCGA.IQ.A61E.01A",6.72655448953673e-09,0.195518903568659,0.0501886718526981,0.0199545014258799,0.0256659851920928,0.000323197622711241,0.0107247988999794,0.697623934711425
"TCGA.BA.A4IH.01A",7.66129072082992e-05,0.167749912132066,0.109834384047176,0.0390626241398644,0.0192618301550355,0.000108191127470311,0.0144486767313117,0.649457768759868
"TCGA.H7.8502.01A",1.75483907553385e-08,0.0999942809384431,0.0799217388814064,0.0284188308151174,0.0218228906404958,0.000120894925367531,5.81979436371139e-08,0.769721288052835
"TCGA.CV.7406.01A",4.57366391600592e-07,0.250000427426505,0.144101777212755,0.0507500820016458,0.0112734004976791,0.000651906162516825,0.000959061141651174,0.542262888190855
"TCGA.CV.7414.01A",1.5342248306043e-07,0.0698088164850657,0.0674924778540526,0.0339082095237029,0.00801680598885401,0.000927108216141259,0.0128766905505474,0.806969737959153
"TCGA.HD.7229.01A",0.00408234533230738,0.13350061309351,0.0351213673130325,0.00598268313377654,0.0160622105663121,0.000330552707030111,0.0161738299144151,0.788746397939616
"TCGA.CV.6961.01A",5.24778049601981e-09,0.547540406860132,0.145232256211604,0.0404758295947623,0.0276130937260355,0.000137386600577957,9.66755638427265e-08,0.239000925083544
"TCGA.TN.A7HI.01A",0.10381291285543,0.174265886446885,0.0484182814206925,0.0234066493224629,0.0319681305755902,0.00140761271766451,0.0554923804116933,0.561228146249582
"TCGA.CQ.5333.01A",4.3902875283268e-08,0.249825537304766,0.127055237695032,0.0393815411589065,0.581099435859849,0.000551499837151922,0.00208644717086992,2.57070548962143e-07
"TCGA.CN.4733.01A",0.0980125236802956,0.461899250197663,0.180028053503899,0.10053873036246,0.0823322478785878,0.00260910432133076,0.0745800894490191,6.06744369254203e-10
"TCGA.CR.6488.01A",2.12213990817523e-08,0.266124261818099,0.113653606214073,0.0477652554228723,0.0366553724084157,0.00221575299591077,0.00374503518828545,0.529840694730945
"TCGA.BB.4225.01A",0.032254578924189,0.0915428703805116,0.0401502136555389,0.0114964147099049,0.0276041097279487,0.000142743857559654,0.0710087057317284,0.725800363012619
"TCGA.BA.A4IG.01A",0.0216722827986035,0.177923944664476,0.0427001175491088,0.0131128317556546,0.0115165547282785,0.000160152813840694,0.0159837325580678,0.71693038313197
"TCGA.CR.7393.01A",0.00856776596688478,0.193459923239723,0.116850065285136,0.0898561200818941,0.0251360499216179,0.00254480050209984,0.0338032231410297,0.529782051861614
"TCGA.T2.A6X0.01A",0.0187238195932507,0.136680541773664,0.0772860774623984,0.019512930896913,0.0349369660311541,0.000965783024979145,0.0234193892916883,0.688474491925952
"TCGA.F7.A623.01A",9.53142953179139e-09,0.331700063487184,0.0759035188771651,0.0199560867361296,0.0176492018034517,0.000181885331969275,0.00452590276943928,0.550083331463231
"TCGA.IQ.7632.01A",0.00395010638476263,0.174955255614126,0.0384415968820322,0.01459611952187,0.00602599947705907,0.000188806399733539,3.55739567355122e-06,0.761838558324743
"TCGA.QK.A652.01A",1.36058758718675e-07,0.113503946586042,0.0629488783411597,0.0301357003516583,0.0157614844162953,0.000727605387951857,0.0147487545166066,0.762173494341527
"TCGA.CR.7388.01A",0.104811306609008,0.187701382644797,0.116221016909054,0.0567804687111434,0.0146219493693399,0.00126471619901894,0.0246831737226129,0.493915985835026
"TCGA.BA.A6DG.01A",6.1846119757701e-09,0.378733215556338,0.157606278206019,0.160374771438577,0.0352739543103281,0.000113371877787711,6.64676695897303e-07,0.267897737749642
"TCGA.UF.A7JT.01A",0.00450887580411854,4.4150474415045e-08,0.0579567361761429,0.0309127840486173,0.139636405784393,3.45775878331359e-05,0.0800243857327345,0.686926190715687
"TCGA.CN.A6V6.01A",0.0480389809035215,0.124579099917819,0.0529381152102606,0.0179964472887137,0.042571890530765,0.00100146415840053,0.0641227723909935,0.648751229599526
"TCGA.CR.6473.01A",3.57555033276867e-08,0.355648116507168,0.0986081299333177,0.0122599705407447,0.0117559377020911,0.000128641349315538,0.00709443157806525,0.514504736633794
"TCGA.CQ.7069.01A",3.41467869703121e-09,0.149473145949504,0.111108137034121,0.0344916220190429,0.00738962448020053,0.000544304237793286,0.00135008157317281,0.695643081291487
"TCGA.CQ.6219.01A",1.53595072110901e-09,0.175887761862657,0.0847423713880202,0.0498636186480877,0.078441617183875,0.000904869162980748,0.0365217266004485,0.57363803361798
"TCGA.IQ.A6SH.01A",6.15993775070241e-08,0.174589539900106,0.0560626175826068,0.0254438787005502,0.0252806430213347,0.000428809308582197,0.0140325093950119,0.704161940492431
"TCGA.IQ.7631.01A",2.69038366495689e-08,0.0644903279367568,0.112369341330082,0.0514255747221141,0.00318122295453754,0.000143218569438358,1.1609982899228e-07,0.768390171483406
"TCGA.CR.7398.01A",2.96103038835309e-08,0.128785672561053,0.0831806721027667,0.0821744241655613,0.0117138570563788,0.00307340178931818,0.0130433617445357,0.678028580970083
"TCGA.UF.A71E.01A",1.64627345615874e-08,0.125820575095631,0.0438424646817548,0.0324542622907373,0.00592505549255912,6.67186917788889e-05,0.00108915230378418,0.790801754981021
"TCGA.UF.A719.01A",1.86436260347042e-08,0.0902100922737004,0.0290332012052313,0.0549636535803579,0.00777677127509278,4.24861324955904e-05,0.0073720388403849,0.810601738049111
"TCGA.CN.6023.01A",0.0269595435192918,0.180793399496361,0.0886415790753191,0.0149621105732494,0.0779936305916232,0.00140301315868496,0.0629198428724402,0.54632688071303
"TCGA.CV.7422.01A",0.00923013236400908,0.0426957360264353,0.0504772995173218,0.185891720312524,0.0149638453834474,0.000325686471352961,0.00706800853903593,0.689347571385874
"TCGA.CX.A4AQ.01A",0.109012433396824,0.208165241851226,0.100908400675042,0.0262342860856634,0.0322274235076838,9.98857100400409e-05,0.0866588295272856,0.436693499246235
"TCGA.CQ.5330.01A",3.08254728667056e-07,0.496388482491333,0.258362693477924,0.0836217566940143,0.161277546945697,0.000334752383594249,1.33490354378948e-05,1.11071727015884e-06
"TCGA.P3.A6T3.01A",2.01372036577282e-07,0.154168794886238,0.0297534893049885,0.0118092983541136,0.00754950107912109,2.07157424209616e-05,2.02517025167749e-09,0.796697997235911
"TCGA.HD.A6I0.01A",9.87141235880841e-07,0.0152900979397353,0.0297212387043889,0.00588680324704979,0.0267284839475128,0.000274299160082099,0.0150444419358782,0.907053647924117
"TCGA.CV.6950.01A",6.46148729055045e-08,0.160999751313417,0.0834841578361948,0.0297621661073023,0.0185243534579836,0.000206668878750402,0.00410130197097918,0.7029215358205
"TCGA.CR.7380.01A",1.50458382632795e-08,0.147526186786058,0.0941835338280975,0.0567816388657554,0.0189089573827863,0.00213354831535891,0.00314400389007562,0.677322115886029
"TCGA.DQ.7588.01A",1.27647019753949e-07,0.20656568697724,0.0390680535423487,0.0341678926830224,0.00664988689151391,5.25670996094512e-05,1.2681732734314e-08,0.713495772477513
"TCGA.BA.6873.01A",6.11991447475238e-09,0.102254696605604,0.0602213074762702,0.0153359356595084,0.0181645821671829,9.17113159180423e-05,0.0124265095172485,0.791505251138353
"TCGA.CR.6472.01A",0.00594622966561625,0.107747963303749,0.0601357338794659,0.0289757094287542,0.00556319091057481,0.000620309711759687,0.00883701464104052,0.782173848459039
"TCGA.UF.A7JH.01A",2.9493457649411e-08,0.14896411545012,0.0988307667995454,0.0730787074448175,0.0329799841474173,0.000123853812246103,0.00810055983465795,0.637921983017738
"TCGA.BA.4077.01B",2.2962584584025e-08,0.506601797888981,0.0982945334114968,0.0311929637729781,0.047782247477629,0.00108337808616193,0.0196722351496525,0.295372821250516
"TCGA.CV.7411.01A",1.90884844544616e-09,0.0830677584810438,0.048350721781368,0.0252895262097233,0.00624064246916282,0.000276908635430678,0.00187220202183882,0.834902238492584
"TCGA.MT.A67A.01A",1.10221134801349e-08,0.0458916071468961,0.0224763376497428,0.00379417309370327,0.00528131172691908,0.0005432386850232,0.00979059327013127,0.912222727405471
"TCGA.D6.6826.01A",6.72927164874006e-09,0.297312815725371,0.120612149841573,0.048278096535897,0.069164167981181,0.000516029243120215,3.40349262326578e-08,0.464116699908661
"TCGA.CR.7404.01A",0.0295383974054923,0.353511220192993,0.111387378271514,0.0265844145440677,0.0437803922964721,0.00100111923975339,0.0402999062331179,0.393897171816589
"TCGA.D6.A6EM.01A",0.013217525067033,0.0349961295814078,0.0482419258118228,0.0094194338427476,0.0969274332910201,0.000747496933812811,0.0566020587004587,0.739847996771697
"TCGA.CR.7379.01A",2.7974340181451e-09,0.237970828803979,0.0995368278333138,0.0609369707853975,0.0225585033517771,0.00052111830960094,6.28335059475859e-05,0.57841291461255
"TCGA.CV.7236.01A",3.57197834616261e-08,0.334037717907531,0.120061736694421,0.0465673407127315,0.0207673631100527,0.000149442681014361,7.29254829875258e-05,0.478343437691478
"TCGA.CN.4727.01A",1.42562897657766e-08,0.0458798051749043,0.0706447880647611,0.0325154861724043,0.00322012475488709,9.3280326249597e-05,0.00139212313282007,0.846254378117684
"TCGA.CQ.5327.01A",7.21358100167954e-08,0.138924949332121,0.0602696763685313,0.0130942433751586,0.075216355317125,0.000322943404423962,0.023193808232054,0.688977951834777
"TCGA.C9.A480.01A",4.03528304310293e-10,0.0722115606202127,0.0285920861123127,0.00530055073276263,0.00648738184516998,8.39269670008811e-05,0.00646046152694468,0.880864031792068
"TCGA.CV.A6JO.01B",9.9078196367516e-08,0.0815189432257482,0.0320245495611799,0.0076551906504893,0.0313458167954814,0.000126729354538679,0.025368369744298,0.821960301590068
"TCGA.CR.6492.01A",0.00371638264992632,0.204831824653157,0.0625508542373666,0.0167657943485865,0.0185676620364542,0.00079542750693297,0.00492762903157734,0.687844425535999
"TCGA.CV.6933.01A",3.61579172295882e-09,0.238445307503229,0.072267567833288,0.0387124177516507,0.0308610845219257,9.44591463800844e-05,1.02890751066646e-07,0.619619056736984
"TCGA.BA.6872.01A",1.77020551771581e-08,0.0918980665450217,0.0681978972983522,0.0322788178341111,0.0102719239264092,0.00144278958515534,0.00266716162032288,0.793243325488572
"TCGA.BB.4223.01A",0.0457227832141623,0.114801631641434,0.0627552807895992,0.0186918475570354,0.0230262156734793,0.000264497445844668,0.055459002325619,0.679278741352827
"TCGA.UF.A7JJ.01A",0.0388021764401466,0.246692264335103,0.115135880787698,0.142750461279174,0.0479628150543278,0.000653004571290263,0.0296045291523745,0.378398868379885
"TCGA.RS.A6TO.01A",2.08034973897489e-08,0.263780744936571,0.0690972792290193,0.0584997514434228,0.0454815241948366,5.40586216033893e-05,0.0101570159201835,0.552929604850866
"TCGA.CR.7372.01A",6.41294519041237e-09,0.161418612176606,0.100383200434392,0.0484266744243938,0.0102426808851227,0.00142596601825674,0.00262658843220324,0.67547627121608
"TCGA.D6.6827.01A",1.10852656152139e-08,0.0854453156289721,0.0646376362872053,0.0155041381601438,0.00855355782860856,0.000187611845391672,0.00480008932626703,0.820871639838146
"TCGA.CV.7437.01A",1.01319495721686e-08,0.474279518717215,0.0848643409573043,0.0172096765439129,0.0245932812888411,0.000239481190638041,4.19238092332004e-06,0.398809498789216
"TCGA.BA.5151.01A",6.07519894723114e-09,0.139290901352046,0.0904336879763231,0.0324539046895067,0.0133408080344466,0.000725840511523419,0.00459497589872284,0.719159875462232
"TCGA.CV.A461.01A",0.0102436899502115,0.0576553823371009,0.0367331660448453,0.0576047513330681,0.054969446389553,0.0025685392672546,0.0814928705579653,0.698732154120001
"TCGA.BA.5559.01A",0.0256241096109868,0.236603079513575,0.126662976157937,0.0458616615819381,0.115501100714943,0.00127842164984309,0.119180940813311,0.329287709957467
"TCGA.CN.4723.01A",2.45180954290283e-08,0.581351238778862,0.144814496794073,0.0531859461431082,0.0419610878095459,0.000676660229144528,0.00284571922605321,0.175164826501118
"TCGA.F7.A624.01A",0.0225524982749851,0.162048397374295,0.0578923925038345,0.0123065426814957,0.163118307866842,3.11781103094936e-06,0.115681595011772,0.466397148475746
"TCGA.CV.A463.01A",1.49936202664623e-09,0.112645023720147,0.0324856563972129,0.00924231767667935,0.006112256253463,0.000166591536867046,0.00304400991125619,0.836304143005013
"TCGA.BB.4228.01A",0.00380918767583473,0.0787932704581596,0.042835858469002,0.0407950108518596,0.0139831281882738,0.000726105926213364,0.0166975134440546,0.802359924986602
"TCGA.CV.6953.01A",0.0114935976603226,0.158446958598369,0.0322973682303624,0.00700021465685063,0.0117687074549964,0.000238652498089514,0.00475152069997611,0.774002980201033
"TCGA.CV.7261.01A",0.0173827813774522,0.109296917470997,0.102536475929611,0.0606878658942486,0.015298731172731,0.000443374995108994,0.00311586559810067,0.691237987561751
"TCGA.P3.A5QF.01A",3.36977690177188e-09,0.0857842753118781,0.037303174190979,0.00925010543546176,0.0179803972129011,0.000178704815206136,0.00693882823914586,0.842564511424651
"TCGA.CR.6470.01A",0.112089172841668,0.387683012713293,0.121835160048883,0.0561059515438352,0.037873606276231,0.00105598157191947,0.0801556874585728,0.203201427545597
"TCGA.CV.5979.01A",2.79873099738755e-10,0.199028101835567,0.0694333930477287,0.0197704032633774,0.0141916443190715,9.20300769104813e-05,2.92835841463389e-08,0.697484397893887
"TCGA.CR.6471.01A",0.00632235163955294,0.0834604160871837,0.065988543458627,0.0380781578448035,0.0153280707956888,0.000314720071152492,0.0332683399007213,0.75723940020227
"TCGA.CV.7430.01A",6.2042024040756e-08,0.118529117257403,0.0460918781369056,0.00894795169915405,0.00635103000417337,0.000165440226923755,3.71008928290671e-05,0.819877419740587
"TCGA.CV.7099.01A",1.75892258082763e-08,0.15144179873279,0.045507067250519,0.00994014126821626,0.0325949697284266,0.000623448710158309,0.0120804587913761,0.747812097929288
"TCGA.CQ.6221.01A",1.39038938329489e-07,0.0489895635880143,0.22228411715,0.693913507700217,0.0347868388444974,1.78225949653828e-07,8.60827081003909e-08,2.55693696750958e-05
"TCGA.CN.6992.01A",2.52736843904949e-08,0.109659402401439,0.112285505280649,0.0572796676886239,0.0123024387221538,0.00024535989977678,0.00349834230953139,0.704729258424142
"TCGA.BA.5556.01A",0.00287345884806793,0.221246749075675,0.0876649546690336,0.0183507315615255,0.0372450127584415,0.000468064736089545,0.057655963617338,0.574495064733829
"TCGA.CV.7245.01A",8.3318208955925e-08,0.129150234971982,0.0561707345478801,0.112371212641697,0.00729717587299866,0.00081070967990507,0.00207368087492742,0.692126168092401
"TCGA.UF.A7JV.01A",4.26344183672154e-07,0.312249156330596,0.082255446716815,0.0283974119919451,0.0722020873958909,8.38061498563646e-05,0.00147384601591828,0.503337819054795
"TCGA.CV.5440.01A",1.37380333847052e-08,0.25657128680867,0.0716991402754074,0.0119929709534214,0.0143445396332803,0.000213660857176376,4.45029321975661e-07,0.645177942704689
"TCGA.UF.A7JO.01A",1.04650654448524e-07,0.514664204088469,0.102354475823095,0.0321325725965114,0.122082159732073,9.67005663235812e-06,0.0262092834165896,0.202547529635976
"TCGA.CV.A45V.01A",6.79974039307694e-10,0.14184883525559,0.0625770947285725,0.030238213392542,0.0177388947157973,0.000808641477463368,0.0126124438530119,0.734175875897049
"TCGA.H7.7774.01A",1.53850091793378e-09,0.0812029687852584,0.0282598309958038,0.00446462522057893,0.0107222200328658,0.000488997988131681,0.00848503514877752,0.866376320290083
"TCGA.CQ.A4CG.01A",2.43559531257011e-08,0.779920977821078,0.135233241459066,0.0422778848908573,0.0422945224114197,0.000273053196492606,2.0161351706702e-07,9.42516159693703e-08
"TCGA.CV.5970.01A",1.33365434056825e-07,0.210154196213534,0.0693185597909499,0.0345811490324597,0.0169975839188901,0.000429007046280049,1.99262457594679e-07,0.668519171369994
"TCGA.BB.4217.01A",0.20598509478027,0.229574030218157,0.112049103436869,0.0297089485531752,0.0155597047010793,0.000758147455240369,0.0669356641274049,0.339429306727805
"TCGA.CR.5248.01A",0.133466596440236,0.221995876124614,0.0633597624999754,0.0194148209324045,0.0934238398680105,0.000406698514669622,0.296725502824165,0.171206902795926
"TCGA.CR.7394.01A",0.0419726252121614,0.12897727497684,0.123060815919607,0.0554617392965292,0.0419691937605129,0.000459670291920364,0.0620467885066776,0.546051892035751
"TCGA.CV.7421.01A",0.0016356838586344,0.162891470246436,0.153611440648063,0.124488682964296,0.0142677741239878,0.000486670039285774,6.50299422558091e-07,0.542617627819874
"TCGA.CN.4729.01A",9.28996923448909e-08,0.18735915844122,0.0778540638944873,0.0898325557957067,0.00881243405403664,0.0015571516627247,0.00389489837616991,0.630689644875963
"TCGA.F7.A61V.01A",8.36251193374834e-08,0.0930191432987362,0.0349812381114369,0.00959726544296438,0.00706611323727777,7.78181999289889e-05,0.00542647112784698,0.849831866956689
"TCGA.BA.A6D8.01A",6.12924555669944e-08,0.148401930556107,0.0918630656969243,0.034344050475518,0.0157593977772373,0.00136100415343708,0.0236517567320457,0.684618733316275
"TCGA.CV.5971.01A",0.00106654906967032,0.157888925477747,0.211993764418935,0.0807178628371143,0.0272149470662429,0.00226551232782984,0.0238449570854914,0.495007481716969
"TCGA.CQ.6220.01A",1.03984804006009e-09,0.171688405872726,0.044687596162586,0.0110891144109782,0.0170522555947201,0.000120839436084626,0.00294407681605909,0.752417710666998
"TCGA.IQ.A61J.01A",1.60557295858794e-07,0.157641411542831,0.0871335266309142,0.0464027729952953,0.016104283999971,0.00136116560855138,0.00817896176843604,0.683177716896706
"TCGA.BA.7269.01A",1.59132828567859e-08,0.181999699745281,0.083856562547949,0.0522967676718874,0.0153885778385152,0.000950052859932348,0.0109563350215499,0.654551988401602
"TCGA.CV.7178.01A",0.000715340320655766,0.0545989027274494,0.113768020470743,0.112668551637993,0.0555564345571507,0.000758712571359113,0.0181810091100645,0.643753028604584
"TCGA.BB.A6UO.01A",1.96575840486162e-07,0.130636718815507,0.085303479747887,0.0441113193674966,0.0147835038090608,5.90235920824753e-05,0.000129259284800338,0.724976498807326
"TCGA.CV.A468.01A",0.0117324388604436,0.0749871573981005,0.0633529236773246,0.0653922645769612,0.0405576298373047,0.000790631065534621,0.0575087771599136,0.685678177424417
"TCGA.CV.6960.01A",5.84525231886163e-08,0.149686806600616,0.0698192306742056,0.0147087378689918,0.0066660001523864,9.1348299709414e-05,0.00155343846397193,0.757474379487596
"TCGA.CV.7252.01A",1.53075687613086e-08,0.26052082571574,0.138125157759294,0.0330663491753517,0.0270110858468857,0.000144905370122271,0.000575750047493516,0.540555910777545
"TCGA.CV.A45X.01A",3.6686183019551e-09,0.0878768505404506,0.0264055136620993,0.0101155382834026,0.00605861297185365,6.28546017872608e-05,0.000596323854097642,0.868884302417691
"TCGA.CN.A6UY.01A",0.0091608477006418,0.0888751366501827,0.0386763118488272,0.00444710724120091,0.0165174057827274,3.8975064079386e-05,0.100554223776295,0.741729991936045
"TCGA.CQ.6222.01A",5.95980015898032e-09,0.191073252789684,0.0603412005114393,0.0134578983478854,0.0543611205214861,0.000187117719256986,0.0182630819362419,0.662316322214206
"TCGA.MZ.A7D7.01A",9.93839711262888e-09,0.122105377322029,0.0166330688338959,0.0249481182895502,0.00550875985546903,0.000186660582701126,0.00279303340065748,0.8278249717773
"TCGA.CQ.5329.01A",2.47664071880978e-08,0.476208063264745,0.11816242748748,0.0997719038068604,0.082462145555906,0.000879630134881233,0.000225202049253028,0.222290602934466
"TCGA.CV.5973.01A",3.1161859678519e-09,0.124309174038961,0.0255021801436603,0.004042508153567,0.00781484594863029,0.000303849658502047,0.000307111380963824,0.83772032755953
"TCGA.BA.5555.01A",4.09035213331964e-08,0.211617841426614,0.118948286996891,0.0167827774902667,0.0202885736345496,0.000957013384768588,0.0180282250432464,0.613377241120142
"TCGA.UF.A7JS.01A",8.22966315700408e-08,0.0560296437294238,0.0457110632805977,0.00744796370153385,0.0619123039357633,0.000524194587876575,0.0239841826734996,0.804390565794674
"TCGA.CV.A45Q.01A",2.88205223795696e-10,0.0576462405677055,0.0188608937881606,0.00392167473555744,0.00994833445890055,0.000123340103075031,0.00365445986080116,0.905845056197594
"TCGA.QK.A6VC.01A",0.00950832185019195,0.0520154948164467,0.0384927660284373,0.0189354531639787,0.0162618156289702,0.0004936656920742,0.0275548774607042,0.836737605359197
"TCGA.BA.A6DL.01A",0.00233586154462141,0.0807418534040966,0.0214620159414758,0.0205272282460493,0.00364055489692261,0.000158357724504334,0.00755017338860699,0.863583954853723
"TCGA.CR.7365.01A",1.59889919871292e-08,0.177177708229119,0.0806574503106253,0.048534367576114,0.0140891524829426,0.00039706726810893,7.58533311697214e-08,0.679144162290767
"TCGA.P3.A6SW.01A",0.0628363970795595,0.209306627201957,0.0547044817775488,0.0295833757441409,0.0372959506926407,0.00307439596895714,0.034957408973621,0.568241362561575
"TCGA.HD.8314.01A",6.02775805595182e-05,0.170728549472438,0.0838117033963669,0.0350195913399699,0.0356186431852362,0.000555569931782368,0.0120322975514982,0.662173367542149
"TCGA.CN.4742.01A",0.00551314198340427,0.0841332198909527,0.0797642118176046,0.0722679839708931,0.0205930661997431,0.000301281621954049,0.00105440635308764,0.73637268816236
"TCGA.IQ.A61H.01A",2.51038416150046e-08,0.223476827722286,0.0688503883403457,0.0354030287436472,0.0141693213229634,0.000243371018985352,0.00408494705590191,0.653772090692029
"TCGA.CX.7085.01A",0.0502501379645117,0.256277749299404,0.151223542551172,0.085464282408214,0.0389856888985359,0.000995294459865106,0.0293078190538172,0.387495485364481
"TCGA.CV.7235.01A",2.53958305444231e-06,0.252733372096097,0.141353577783898,0.164904008803534,0.0443855994982088,0.000655704689538088,0.0183800280678535,0.377585169477817
"TCGA.CV.7434.01A",9.25001640699799e-09,0.197443964309545,0.0544535910833164,0.0142258176810667,0.0343976631097503,2.00257035572841e-05,0.000680384618989645,0.698778544243758
"TCGA.CR.6480.01A",0.00983129038012867,0.215500754115755,0.0718038718133011,0.0079112284582666,0.0132116626304334,0.00033571123790677,0.0144158397962814,0.666989641567927
"TCGA.CR.7385.01A",0.0265239222137574,0.211779279506403,0.0540190355998598,0.0190068147213539,0.0393598076523831,0.000426701406101958,0.0360572835155154,0.612827155384626
"TCGA.T2.A6WZ.01A",0.01513383924675,0.0935842221083276,0.0309994628084757,0.0123314850020242,0.00942393979124943,0.000151424410121506,0.00976871413933244,0.828606912493719
"TCGA.CV.6436.01A",0.000542966255800666,2.52528740143681e-09,0.0179459199163174,0.00332667070283513,0.0250130992299479,0.000256076994194588,0.0317377867817445,0.921177477593872
"TCGA.UF.A7JA.01A",3.37495575705314e-07,0.225644660921963,0.0778318042820202,0.0701454253913503,0.00984480640181661,7.28154131861216e-05,0.00970691965291319,0.606753230441175
"TCGA.CQ.A4CB.01A",2.22665559739103e-08,0.215072098200249,0.108019643744046,0.0752500085711601,0.0256100364767216,0.000287069434253356,0.0031333467188508,0.572627774588163
"TCGA.CX.7219.01A",9.99599804938761e-08,0.528000518186967,0.144089256726253,0.0712511898049998,0.0543860963704357,0.00020424652587046,0.00122329691687888,0.200845295508615
"TCGA.IQ.A61G.01A",3.0145568061616e-08,0.214244684106832,0.0321019213127667,0.00808941887236516,0.0126852151344358,8.73513344291383e-06,3.19436547559481e-08,0.732869963350934
"TCGA.CV.5434.01A",5.585468376107e-08,0.168758969936484,0.125380435047963,0.103886008321838,0.034055994317977,0.000154453131316758,0.00903679835196191,0.558727285037775
"TCGA.DQ.5625.01A",0.00066934002082538,4.95083376691006e-08,0.040282473612528,0.0252590342285184,0.0524386303468145,9.20349928879056e-05,0.0618748913477066,0.819383545942381
"TCGA.BB.A6UM.01A",5.59650605948323e-09,0.0658632371393424,0.0369981202676837,0.00422393054920275,0.0189519233498005,4.14277296150431e-05,0.0436724786300797,0.83024887673777
"TCGA.C9.A47Z.01A",3.89180310116967e-09,0.0500536065421734,0.0246455405020474,0.00530969581280185,0.00534477142868615,5.92167028694521e-05,0.00300866812093337,0.911578496998685
"TCGA.P3.A6T7.01A",2.54183449456814e-08,0.0865962355789361,0.0447884673048111,0.0143956037648179,0.00871179724864281,5.9269161721674e-05,0.00357588356503077,0.841872717957695
"TCGA.CN.6998.01A",9.68508629789792e-09,0.216464663317968,0.0458504151556073,0.00533185361391708,0.0126294359311571,1.83985022443311e-05,5.55370142087016e-06,0.719699670092599
"TCGA.MZ.A6I9.01A",0.0331903269843047,0.139810279283115,0.0692253557403757,0.0153071910517647,0.00691934622374924,0.000540751065173228,0.00807864455154878,0.726928105099969
"TCGA.F7.A50I.01A",3.05496077280036e-09,0.130173815830758,0.0589463578760642,0.0274192684079352,0.0121060004381323,0.000201662798172376,0.00819767817035527,0.762955213423622
"TCGA.T2.A6WX.01A",6.87597002930834e-08,0.434818548969949,0.0853007594985622,0.00896676014088442,0.0801071572789444,0.000257203150913978,0.12749793407398,0.263051568127066
"TCGA.CN.4741.01A",4.18515663385506e-09,0.251458150545745,0.0611338230105539,0.024103191266108,0.0171700363055808,0.000269216066847981,0.00444529665198231,0.641420281968025
"TCGA.CV.6948.01A",0.00561988806649971,0.0997647119632204,0.0440468529476774,0.0127169531061122,0.022089018016116,6.08976874112136e-05,0.00977886841172347,0.80592280980124
"TCGA.QK.A64Z.01A",2.38883673989206e-07,0.339657099822007,0.0690105623211275,0.0251835692938551,0.0221250054484489,0.000568221303813393,0.000101099506099168,0.543354203420975
"TCGA.CQ.6228.01A",0.00597993306814391,0.0808802428823153,0.0693891340521923,0.0335848589216657,0.0120106232761821,0.00021263452846158,0.00156948560111512,0.796373087669924
"TCGA.CN.6996.01A",4.46906290237066e-08,0.232492801243329,0.0930984547764555,0.0468396993685705,0.0731861480236908,0.00113404154596295,0.0231572013037908,0.530091609047571
