"","cellFractions.B.Cells","cellFractions.DC","cellFractions.Endothelial.Cells","cellFractions.Fibroblasts","cellFractions.Macrophages","cellFractions.Mast.Cells","cellFractions.T.Cells","cellFractions.otherCells"
"TCGA.V1.A9OF.01A",0.000895462740249331,0.0462757578217124,0.0553650267722378,0.0131159466712534,0.0103349163715879,0.000465397636539946,0.00255157325328165,0.870995918733138
"TCGA.ZG.A8QX.01A",0.0218612007887743,0.0307235487172019,0.0610184693354882,0.0659503333187532,0.00456929836072373,0.000279295094298898,0.00685782458494899,0.808740029799811
"TCGA.YL.A8SC.01A",0.00411231259193355,0.0587924207162517,0.0715524818752657,0.0299164633717091,0.0269740732859246,0.000731045987990677,0.0107222287381905,0.797198973432734
"TCGA.HC.7817.01B",0.0144470240600068,0.112405972892221,0.143648800842867,0.107855365604739,0.018879807485794,0.000679289296692096,0.0130815934948366,0.589002146322844
"TCGA.KC.A7F6.01A",0.00873378967860653,0.0463629799182668,0.0779492348721592,0.0421950082362059,0.00597959807961496,0.000446093807624008,0.00733080470175072,0.811002490705772
"TCGA.KK.A7B4.01A",0.00755815001425425,0.0319089520528452,0.054460589047707,0.0334141766810509,0.00971754135833574,0.000225528560763965,0.0103442286825353,0.852370833602508
"TCGA.G9.6366.01A",0.00307733614094184,0.0763377132958662,0.0654860931464129,0.0220220584254516,0.0033845416251371,0.000356688268523509,0.00412174992139422,0.825213819176273
"TCGA.KK.A59X.01A",0.00306513818604979,0.0394008358410841,0.0658650462540718,0.0446302959633662,0.00844855599404348,0.000270707566209619,0.00235576389454335,0.835963656300632
"TCGA.HC.A6AN.01A",0.00762940625573836,0.0253287436993633,0.0689090999098684,0.0376497537904939,0.00952871471210117,0.00035827557297899,0.0047893004992468,0.845806705560209
"TCGA.G9.6498.01A",0.0224821655363707,0.0127629713823717,0.0949600302025792,0.065206284131773,0.00539235653591457,0.00145964594776778,0.0156899083088255,0.782046637954397
"TCGA.J4.AATZ.01A",0.00136577963732603,0.0398958783025442,0.0454952251814456,0.0152099384646767,0.00562335179381905,0.00011457909504545,0.00370018598779544,0.888595061537347
"TCGA.EJ.7317.01A",0.00419104910462452,0.0361181414230998,0.0692068148119437,0.034694946854724,0.0040702575161025,0.000466206313488226,0.00155171759798578,0.849700866378032
"TCGA.SU.A7E7.01A",0.00733146797310195,0.0566244448084848,0.0822797272028447,0.0384390888427364,0.0117992211270652,0.000538068213631775,0.00982922430042509,0.79315875753171
"TCGA.XJ.A83F.01A",0.0085254467550667,0.0198908779458179,0.0868832332403929,0.0442324055676967,0.0035306458904627,0.000331066006382921,0.00219116441573649,0.834415160178444
"TCGA.2A.AAYO.01A",0.0369843918831855,0.0111218141537825,0.0866015347130516,0.0703890809784905,0.013469797884898,0.00226944613477357,0.015431453714815,0.763732480537003
"TCGA.EJ.A46B.01A",0.0150370712434803,0.0677725410100538,0.113601438053949,0.0711568260839885,0.00521300285330782,0.000339026931413901,0.00377851289528545,0.723101580928521
"TCGA.QU.A6IN.01A",0.00749704916237323,0.0835478107451,0.0419942736283891,0.0292791306583168,0.00155081725090498,0.000194727301459853,0.00199572324156521,0.833940468011891
"TCGA.KK.A59Z.01A",0.00968733325763708,0.0378216196662228,0.0909010789110054,0.0541703526593549,0.00789129704348264,0.000407392429621781,0.00345903977702435,0.795661886255651
"TCGA.XK.AAJT.01A",0.0225347898753468,0.0304457088328231,0.137393259506068,0.0889414636619215,0.0132951305132509,0.000434550441538592,0.00616374673321203,0.700791350435839
"TCGA.EJ.7125.01A",0.00476916288000205,0.0675971704027656,0.0785560345821203,0.0548331447523885,0.0101323943467426,0.00134085024600921,0.00282348429202639,0.779947758497945
"TCGA.J9.A52C.01A",0.0214474930467529,0.0966055068018579,0.215256235309647,0.143390929203888,0.0185465961615733,0.00145878336627062,0.0155727721165676,0.487721683993443
"TCGA.YL.A8HL.01A",0.000643721782638976,0.050776793874858,0.060937061279661,0.0152634259739668,0.00457625670731483,9.62478446085051e-05,0.000523236830992414,0.867183255705959
"TCGA.ZG.A9LZ.01A",0.00482461361301409,0.0419310063061743,0.0497923094673745,0.0312445166408951,0.00981948664869158,0.000260248981388067,0.00762898750041536,0.854498830842047
"TCGA.J9.A8CP.01A",0.00334553878465793,0.0669708487116105,0.144300206850855,0.0428251601271771,0.00555022326476232,0.0148135804790621,0.00150372644887899,0.720690715332996
"TCGA.FC.A6HD.01A",0.00462141554958323,0.0264782202518182,0.0321638178508573,0.013951944976956,0.00430899718184195,0.00102054013838512,0.0033865643188398,0.914068499731718
"TCGA.G9.6351.01A",0.00863588221383978,0.0710647735160488,0.0803781464612038,0.0569823509775583,0.00449036387003227,0.000373573286397595,0.00448489025674562,0.773590019418174
"TCGA.EJ.5532.01A",0.00561553763487671,0.0351587079378513,0.097944240676001,0.0710887714029333,0.00598336615906879,0.00051640914213298,0.00386222831403271,0.779830738733103
"TCGA.EJ.5525.01A",0.00297609353277394,0.0598526903346594,0.109407348596809,0.0784821353356357,0.009315989613873,0.000142627763070848,0.000996713791042961,0.738826401032135
"TCGA.ZG.A9L9.01A",0.0269329845592453,9.70608988760405e-06,0.138239566220438,0.165586160592086,0.0183740123800285,0.000871485192808466,0.0126225370528971,0.637363547912609
"TCGA.EJ.A65F.01A",0.00390493940271385,0.0198977642875436,0.0929288463743329,0.0425811391804923,0.00814523360813551,0.00120354335125204,0.00852256952043147,0.822815964275098
"TCGA.2A.A8VX.01A",0.00729389376208229,0.0139891221945354,0.0363314597265363,0.0365488222996573,0.00208791088750511,0.000144789709675449,0.00225912580325438,0.901344875616754
"TCGA.KK.A8I4.01A",0.0270955978766167,0.0795554072574564,0.167683114373815,0.100418174588528,0.0195478639096091,0.00141651103277282,0.0251162179721615,0.579167112989041
"TCGA.KK.A8IA.01A",0.00381295043466964,0.0234402680997837,0.0410550017623823,0.0199988610351964,0.00445502668918028,0.000202807744855839,0.00278594397499134,0.904249140258941
"TCGA.Y6.A9XI.01A",0.00255573074937479,0.0445785057957885,0.0783658460218709,0.0210700551085061,0.00684008671120352,0.000465126672827108,0.00279648672882425,0.843328162211605
"TCGA.VN.A88I.01A",0.0475483977660028,0.088846018960156,0.280784821610582,0.280469278426803,0.0113340523494685,0.00282457223934755,0.0180894301215176,0.270103428526123
"TCGA.M7.A71Z.01A",0.00293341597030558,0.0352864839329045,0.0213879911037711,0.00986551465939121,0.00180712386488797,5.71936313450226e-05,1.39138640257739e-07,0.928662137698754
"TCGA.EJ.A46E.01A",0.0131521913108191,0.122908349947859,0.104611268871536,0.0781901195179131,0.00905796641688921,0.000451535160252355,0.00615911029906451,0.665469458475667
"TCGA.CH.5788.01A",8.85456266627308e-08,0.0435529602751814,0.0338377366452172,0.0162073920003518,0.00553375303174743,8.16608649110389e-05,0.000909723923675389,0.899876684713289
"TCGA.KK.A7AU.01A",0.000439594768531114,0.0309703592620925,0.0336202247142761,0.00472023507579426,0.00533465322797266,0.00012263256561234,0.00293941919550638,0.921852881190215
"TCGA.EJ.5531.01A",0.0174672703447812,0.121259206322413,0.119685097382518,0.0854530782923445,0.0231650744956765,0.00164011679135435,0.00983001143362956,0.621500144937283
"TCGA.VN.A88K.01A",0.00468345357835564,0.0342954154767945,0.164465633519379,0.0532858259071856,0.00613443877515019,0.00111490519816331,0.00467192879621496,0.731348398748756
"TCGA.VN.A88M.01A",0.00672421671328738,0.0294866330631207,0.0376574168007637,0.0149071292840292,0.00205698317858877,0.000710550866189183,0.00277219312514307,0.905684876968878
"TCGA.EJ.5506.01A",0.00414273714178471,0.112767767038633,0.0551361239996358,0.0397378905540662,0.00785124448736161,0.000182798229917719,0.00378731588644539,0.776394122662156
"TCGA.XK.AAJU.01A",0.0113504914225939,0.0968770312823988,0.108664377001015,0.066570774740398,0.0099289241064613,0.000770821485344349,0.0101635532018913,0.695674026759897
"TCGA.YL.A8SI.01A",0.0171734116564079,0.064936542832936,0.128963169251008,0.104031256503259,0.00926830289380983,0.000477947224213151,0.00597068421823681,0.669178685420129
"TCGA.G9.6499.01A",0.00769105616582565,0.0602980399333113,0.0644026823537577,0.0410855364086326,0.00758755165528191,0.000147163711702057,0.00503341255466483,0.813754557216824
"TCGA.QU.A6IL.01A",0.0101063470290032,0.0291491199202734,0.0668524167600786,0.0375843184905929,0.00551533116371177,0.000546997542365416,0.00697235547987445,0.8432731136141
"TCGA.J4.A67Q.01A",0.0508779018224725,0.0287378412020107,0.200797454416171,0.200728314638672,0.0154135635810874,0.0034545659069558,0.0150091424067875,0.484981216025843
"TCGA.G9.6361.01A",0.0200925035581269,0.0329104831112402,0.12659138898005,0.107261920818015,0.0041075920405937,0.000214803702450219,0.00710565262181142,0.701715655167713
"TCGA.VN.A88L.01A",0.01519569325376,0.0512587423569098,0.141066458659094,0.0870940935882061,0.00462144945907459,0.000282173073928468,0.00373600954093664,0.69674538006809
"TCGA.KK.A8I9.01A",0.0018380901569955,0.108215998513288,0.160667896989955,0.0457608347022753,0.0115640252530536,0.00176475052537393,0.007331091406053,0.662857312453005
"TCGA.V1.A9ZG.01A",0.00190270331580117,0.0408688273313268,0.130288737686362,0.067829904339447,0.0103042326157609,0.0011697971262838,0.0021453256329427,0.745490471952076
"TCGA.V1.A9OX.01A",0.00899959154026234,0.0539252927067321,0.0744846795377809,0.0380592336740773,0.0075678464510397,0.000542677615642019,0.00851295807137654,0.807907720403089
"TCGA.G9.6373.01A",0.0187267924666745,0.0113081354826419,0.0842279820143861,0.0683933009303017,0.00661338008352976,0.000311432562473635,0.00996825167179153,0.800450724788201
"TCGA.VP.A878.01A",0.0105189418442747,0.0606827491000376,0.168955316613737,0.0673380497227141,0.0144137185530509,0.0011336602686295,0.00580943569711423,0.671148128200442
"TCGA.YL.A8SB.01A",0.00667071937152444,0.0572319003260627,0.131364604813133,0.0936430118315104,0.00877202920381982,0.000602961060522461,0.00364808044210034,0.698066692951327
"TCGA.EJ.A7NN.01A",0.018701181238605,0.0486174121301648,0.11850277633199,0.0345847146283567,0.0173230300381891,0.00177856114522381,0.00450308276038413,0.755989241727086
"TCGA.HC.7212.01A",0.00197716423360547,0.0236606060203499,0.127446740489473,0.0238052215804735,0.00549558129712785,0.000402505051625042,0.00283174075197525,0.81438044057537
"TCGA.V1.A9O5.01A",0.000719688105136292,0.0806590022087237,0.0684015131176814,0.0318692999633838,0.0315478036523586,0.000434796001397442,0.0211371516500195,0.765230745301299
"TCGA.HC.A8D0.01A",0.0141817509850221,0.0881183666402942,0.097604164625056,0.0721281481377933,0.0122918415640396,0.000681589185605714,0.0076761163687626,0.707318022493427
"TCGA.2A.A8VT.01A",0.00195249017427381,0.0285893873946075,0.0538207725727559,0.0178419583118246,0.00989783384834341,7.11874647370737e-05,0.00681376963966243,0.881012600593795
"TCGA.ZG.A9LB.01A",0.0121212423468266,0.0157391041374703,0.0574894913755398,0.0500172513250445,0.0100795392065419,0.000880557816020639,0.00768075226017295,0.845992061532383
"TCGA.HC.7079.01A",0.231876076771255,0.382167221022033,0.139676490841808,0.0799440127550145,0.0765820138226652,0.00070830314231041,0.0890408239935529,5.0576513606315e-06
"TCGA.HC.A6AP.01A",0.0327306748145617,0.0734416498940167,0.184534662157182,0.125003644722515,0.0204236829832755,0.00131635379219481,0.00804845790901002,0.554500873727245
"TCGA.KC.A4BR.01A",0.0364275091707862,0.0306453260652132,0.196169371189407,0.146496388977982,0.00717410134110471,0.00132564170830712,0.00657014505910337,0.575191516488097
"TCGA.V1.A9OA.01A",0.0123436765189727,0.0648594580151667,0.110134275711089,0.0807043213874021,0.00900295513167738,0.000242742106820232,0.00651806741169417,0.716194503717178
"TCGA.EJ.A46H.01A",0.0167437583200392,0.112837882367684,0.187034572177521,0.128456429685292,0.012037878526433,0.00109362865855018,0.0172927106215003,0.52450313964298
"TCGA.EJ.5507.01A",0.00258247085015799,0.0534546881398027,0.0666604001372224,0.0303081281553766,0.00828731611008274,0.000169077904675482,0.00908298247254075,0.829454936230141
"TCGA.KK.A8ID.01A",0.000909409163566234,0.0299657772088399,0.040262694909907,0.0085043409039942,0.00890026399593787,0.000267598924942418,0.00384164635447139,0.907348268538341
"TCGA.XK.AAJR.01A",0.00959477026392229,0.0334235342926705,0.20625541700841,0.0464344024344843,0.00944516259450908,0.000720296803569655,0.00196122895114707,0.692165187651287
"TCGA.HC.7750.01A",0.0251220607514831,0.047684741491421,0.14427993888303,0.12075313520694,0.0063312793857118,0.00105374652252543,0.0077781044623056,0.646996993296583
"TCGA.G9.6347.01A",0.113006292956571,5.98926207321523e-06,0.436112777955822,0.407166367966619,0.0226259155399651,0.00123016990449321,0.0198510380504889,1.44836396792562e-06
"TCGA.EJ.5522.01A",0.00744159645582939,0.0616015521611952,0.0700430528703258,0.0557644707040572,0.0077620063612805,0.000302533275796437,0.0135638697271783,0.783520918444337
"TCGA.HC.A631.01A",0.00111665153641559,0.0522845663814632,0.0373303659422669,0.0205841887349758,0.0050940899017737,6.26170577619804e-05,0.0019176985754221,0.881609821869921
"TCGA.CH.5763.01A",0.0116800723625731,0.105939333943789,0.104690598543802,0.0976975398536788,0.00906317686636617,0.000429225719604338,0.00679695100261659,0.66370310170757
"TCGA.EJ.7794.01A",0.00825498915683759,0.0979839732629796,0.0978962793266657,0.069322725090793,0.0144502959717005,0.000585791511585855,0.00568032362885919,0.705825622050579
"TCGA.V1.A9Z8.01A",0.0169026325079312,0.0775602084033792,0.19209071845999,0.128778411584069,0.01029127100123,0.00149927461828828,0.00905918450571587,0.563818298919397
"TCGA.EJ.7788.01A",0.00681631446822431,0.0242409540209383,0.0754924802684593,0.09741629456905,0.00957168711210259,0.000572216832420233,0.00588926966203241,0.780000783066773
"TCGA.XQ.A8TA.01A",5.87735933999098e-05,0.0295349167492171,0.0381831305223937,0.00808270110334742,0.00340716308896395,5.12684048572575e-05,1.11136018817904e-08,0.920682035424219
"TCGA.HC.A6AO.01A",0.00308007541871021,0.0490677560729237,0.0548338577762636,0.0188021588694297,0.0110928555436101,0.00148475263370205,0.00691993321026043,0.8547186104751
"TCGA.FC.A5OB.01A",0.00013168697422595,0.0289349069429159,0.0687056694200267,0.00922844076604958,0.00636390203511513,0.000139062316736691,2.45210550299989e-07,0.88649608633438
"TCGA.CH.5764.01A",0.00591570630311054,0.0661252692485936,0.067710987768765,0.0401780001453899,0.00808224807298948,0.000280112796219137,0.0101868922436928,0.80152078342124
"TCGA.CH.5789.01A",0.00866572180321862,0.0907861891642222,0.0921051571870271,0.06163904474126,0.0120161355514744,0.000643295677843796,0.00425618411485355,0.7298882717601
"TCGA.FC.A66V.01A",0.0156326896962892,0.085645826481506,0.0992408141013172,0.068855963078951,0.0145972768431703,0.000206054578476857,0.00381424479666521,0.712007130423624
"TCGA.EJ.7330.01A",0.00704143812822866,0.0685287285545187,0.112117900951631,0.0625963002623433,0.00973022909806023,0.000557135981651284,0.00550226130131797,0.733926005722249
"TCGA.HC.8258.01B",0.00363663828686951,0.114784328842284,0.0423994353180629,0.0352299255615455,0.00463786712646939,0.000512849576053894,0.0284416891170585,0.770357266171656
"TCGA.YL.A8SL.01B",0.0039519292571818,0.0356640930066433,0.0654449375093078,0.0147702785016574,0.00375244677496836,0.000147772965257426,0.00287142029212955,0.873397121692854
"TCGA.XK.AAIW.01A",0.00288923504338458,0.017902924315071,0.0424651098844869,0.0048685677792552,0.0228228192244477,9.76508100121167e-05,0.0292987596258416,0.879654933317501
"TCGA.G9.6385.01A",0.0131600270452938,0.0674143224618906,0.0953182877462599,0.0815141076772524,0.0088419455847968,0.000539543600038785,0.00574655245444639,0.727465213430021
"TCGA.HC.A76X.01A",0.00382997364710322,0.029037761608439,0.0415510466196013,0.0303855941719771,0.00257706098418258,0.000320947848776105,0.00213286462926944,0.890164750490651
"TCGA.EJ.A46I.01A",0.0197853155547625,0.0636784206446041,0.106555902093421,0.0831674338289049,0.00717964311984486,0.0003983352230504,0.00832774848165025,0.710907201053762
"TCGA.EJ.7797.01A",0.0089771925656844,0.0571137365141425,0.0940486348017325,0.0533364737288908,0.00797385957341749,0.00068808391868875,0.00806865003661726,0.769793368860826
"TCGA.HC.7230.01A",0.00306280020973418,0.0370534735127311,0.0651463953504206,0.0220065848257108,0.00345744464939168,0.000346233749235883,0.00216251524847745,0.866764552454298
"TCGA.XJ.A9DQ.01A",0.0170620472732936,0.103307706880395,0.11601783452692,0.0758363641906381,0.00442598343938153,0.000796357657229408,0.00490112584625401,0.677652580185888
"TCGA.J9.A52B.01A",0.0101123303803509,0.0350163230932417,0.078849562758138,0.0661818145622487,0.0227405760875346,0.000516159184344745,0.00941735704238528,0.777165876891756
"TCGA.EJ.5511.01A",0.00734086797448901,0.0394762391478745,0.0949675963679475,0.0644876940145587,0.00568694356560009,0.000363047441903535,0.00403727561995919,0.783640335867667
"TCGA.EJ.5527.01A",0.00607745580400076,0.0849784964110652,0.084717533720267,0.069048814669131,0.0128822379195312,0.00046356613002582,0.00975818000828671,0.732073715337692
"TCGA.YL.A8S9.01A",4.26536448998654e-08,0.0186487042997713,0.0205532581237999,0.00519374643405613,0.00221825098023844,0.000177849753874376,3.12437349197685e-09,0.953208144630241
"TCGA.J4.A67O.01A",0.0560431314684688,0.000983813956381284,0.223037996269757,0.143804507702255,0.0127391909296187,0.00153312086397456,0.00444315738203462,0.557415081427511
"TCGA.V1.A9O9.01A",0.0666251590601761,0.0991357638528094,0.0810207881895096,0.0524288482774282,0.0140542043548737,0.00047374265345598,0.0403111946864716,0.645950298925275
"TCGA.CH.5791.01A",0.00223711911614588,0.0476473546556036,0.0522268184845413,0.0277935342921606,0.00870826082209892,0.000614362547968486,0.00261192296824449,0.858160627113237
"TCGA.V1.A8MM.01A",0.00654759221887622,0.00780880243830243,0.0812323764796062,0.0374858483424204,0.0177648480203317,0.00031620889990839,0.0087259846546411,0.840118338945913
"TCGA.FC.7708.01A",0.0114398833961202,0.0788419245705462,0.140135681985785,0.0995834479702556,0.0112432110831838,0.000802302855586797,0.0120118304154874,0.645941717723035
"TCGA.ZG.A8QY.01A",0.0102736485002113,0.0165360896881125,0.0945918528527308,0.068426008319009,0.00467880667517554,0.000336104825616526,0.00407989082539046,0.801077598313754
"TCGA.EJ.7328.01A",0.0150172753254334,0.0817769840458939,0.151043039107994,0.0677167119360721,0.0190160036359347,0.000411626451253212,0.0198824246195011,0.645135934877917
"TCGA.EJ.5510.01A",0.0050131306829551,0.0755659829993653,0.093643272710472,0.0524254102307329,0.0100789627356666,0.00205956200520574,0.0120243178339651,0.749189360801637
"TCGA.EJ.5498.01A",0.0201353687420951,0.0684987464341139,0.151575487855127,0.118021045765511,0.0160506506221501,0.000507193192248914,0.0131922598940267,0.612019247494727
"TCGA.HC.7819.01A",0.00279543883148047,0.0354447037703891,0.0498561726673696,0.0171575138256593,0.0036059909478324,0.000177681825342238,0.00246198368667011,0.888500514445257
"TCGA.KK.A6E8.01A",0.00223101531076991,0.0113665180622245,0.0363778291101999,0.0155192774215149,0.00246549227091964,0.000167236399135894,0.00207862579250296,0.929794005632732
"TCGA.EJ.A65E.01A",0.000952334083668119,0.0435732632418244,0.0394963190587319,0.0355113829586065,0.00684209940810885,0.000370445149385182,0.00505682679253623,0.868197329307139
"TCGA.ZG.A9L0.01A",0.00248973369866951,0.072773062942116,0.124094318802838,0.0544846518011406,0.0155449148742258,0.000610155019487143,0.0109920944355245,0.719011068425999
"TCGA.YL.A9WL.01A",0.000787209130833577,0.0377082341184174,0.0576953843090451,0.0132264383655949,0.00276901767846837,0.000162040366021848,0.000862606587277056,0.886789069444342
"TCGA.CH.5772.01A",0.00475223816343093,0.0238987492971355,0.107731917234372,0.0412342488917053,0.00739884101072405,0.000525967274772148,0.00492282259473671,0.809535215533123
"TCGA.ZG.A9L2.01A",0.0580523025675946,0.0063969151377652,0.17192772153525,0.23168382176967,0.013231847618189,0.0018470121765234,0.0220657072148752,0.494794671980132
"TCGA.HC.A48F.01A",0.00349976614457743,0.0147110610935563,0.0481962002106783,0.0335612418917425,0.00480502414957601,0.000615208701403614,0.00117391487701534,0.89343758293145
"TCGA.YL.A9WJ.01A",0.00480727587999072,0.0551194968359324,0.114169472269482,0.0461192415634613,0.0122789136687281,0.000549588019502857,0.00705475390639861,0.759901257856504
"TCGA.G9.6379.01A",0.0365952790242672,0.0522055972393379,0.17612041868365,0.0982752309392733,0.0301784061663279,0.00110119570598178,0.0218414387321931,0.583682433508969
"TCGA.KK.A8II.01A",0.0011305892258322,0.0273064781946829,0.0197077728591978,0.00832896072243443,0.00264961687928338,6.59168359075709e-05,0.00230456192371156,0.93850610335895
"TCGA.G9.6353.01A",0.0186637734984029,0.0734010588497916,0.139052447869314,0.0929888568516997,0.00470271428362946,0.00122217249122976,0.00492743217600919,0.665041543979924
"TCGA.HI.7170.01A",0.0144639955345954,0.0590093208060608,0.151853962660468,0.14053216562897,0.0117902649083988,0.00169060798406969,0.011081631983945,0.609578050493492
"TCGA.CH.5765.01A",0.00588499901762834,0.034505941200276,0.0575558449810726,0.0319873787823902,0.00308937195742142,0.000222467102260201,0.00232252670624277,0.864431470252709
"TCGA.EJ.A7NG.01A",0.0230190611284791,0.0855722939161326,0.131208177866833,0.115024405424236,0.00900244535256182,0.000420982085292026,0.00779208796454869,0.627960546261916
"TCGA.HC.8216.01A",0.0025721061862054,0.0640884494642309,0.0662510459160283,0.0367458632744205,0.0191644080269766,0.000727679408699958,0.00888531513825567,0.801565132585183
"TCGA.M7.A722.01A",0.00121956630927708,0.0315657461578524,0.0223359228040797,0.00900888944394037,0.00916686907680768,0.000293629240040038,1.49221396148428e-08,0.926409362045863
"TCGA.YL.A8SJ.01B",0.0101892887586797,0.0476500239649965,0.093449407175889,0.0928247736611844,0.00578989201487006,0.000184575887967326,0.0041283562619344,0.745783682274479
"TCGA.J9.A8CK.01A",0.0126128586263635,0.0677522678266335,0.121534944739449,0.106336158908044,0.0104325677601974,0.000453597427894844,0.00270035147549729,0.67817725323592
"TCGA.EJ.7792.01A",0.0234335938922082,0.0681688539533508,0.152727266115723,0.152437711199453,0.016124114045028,0.00149267883708454,0.0183765418009841,0.567239240156168
"TCGA.G9.6332.01A",0.00319700670484618,0.0174736496423276,0.0290421269583593,0.0170967853788024,0.00259393795343135,0.000436332685775022,0.00340919791632946,0.926750962760129
"TCGA.EJ.7784.01A",0.0013892950992997,0.0585643004005504,0.0461210211281852,0.0244990179585867,0.00688134156299547,0.000383585190575718,0.0066492438787851,0.855512194781022
"TCGA.YL.A8SR.01B",0.0059095735842919,0.0134757347776364,0.297641010504353,0.0286323384637385,0.00482276229113219,0.00116235018501963,0.00263647879421078,0.645719751399618
"TCGA.J4.A83M.01A",0.00435792416138572,0.0540267289527717,0.0521109069420456,0.0339690001599084,0.00586246643195906,0.000302163038358426,0.00701291935186534,0.842357890961706
"TCGA.J9.A52E.01A",0.00649725475369635,0.0486306061741529,0.0821212613205085,0.081623368812187,0.019408974968904,0.000353295717184948,0.00676520846578577,0.75460002978758
"TCGA.Y6.A8TL.01A",0.00880048794641232,0.0509587778859652,0.0821340638867971,0.0584574678107837,0.00510856588524413,0.000294599530700796,0.00719628253471707,0.78704975451938
"TCGA.KK.A7AZ.01A",0.00325643807328938,0.0276482284625264,0.0407188675411168,0.0228974272569958,0.00439932802196285,0.000415317830563061,0.00488497519308624,0.89577941762046
"TCGA.HC.8256.01A",0.00439894297006137,0.0360501364173791,0.0483153242249303,0.0215228140145668,0.0054890668341688,0.000405623063189819,0.00669872185273368,0.87711937062297
"TCGA.HC.7738.01A",0.00639065712051755,0.0541396438280384,0.0529356000876872,0.0366001975673755,0.00655908742003044,0.000282080158965651,0.00367398655808539,0.8394187472593
"TCGA.HC.8265.01A",0.00343148223684042,0.0712478144571019,0.0684200517630239,0.0348240321428508,0.0105247775244217,0.000347049962080396,0.00611415109548351,0.805090640818197
"TCGA.HI.7171.01A",0.00769957410958438,0.0264072465684799,0.0695296710483904,0.0376456627745332,0.00472581339231659,0.000210174498957316,0.00832689489238844,0.84545496271535
"TCGA.CH.5794.01A",0.001907946125375,0.0784357976047331,0.067822445143022,0.028067439666649,0.00826962908969795,0.000383779864286816,0.00237713502085327,0.812735827485383
"TCGA.HC.7233.01A",0.0066932791670989,0.0640262009272918,0.085310451626989,0.0662389246429387,0.025413834627947,0.000187643617967497,0.0167595126141824,0.735370152775585
"TCGA.EJ.7115.01A",0.00956794621604411,0.0503882271302587,0.121138733182404,0.0537939168847083,0.00953819031487632,0.000822241224420836,0.00427774658292927,0.750472998464358
"TCGA.EJ.A8FP.01A",0.0106435788368051,0.0884721469032278,0.149637407819803,0.0661945643409794,0.0102569343838748,0.000685836495904778,0.0068537589693691,0.667255772250036
"TCGA.EJ.5505.01A",0.0033654634374027,0.0584729176585412,0.0557206896043837,0.0324601612239581,0.00774738838871559,0.00147770843613258,0.00407390662569953,0.836681764625167
"TCGA.CH.5738.01A",0.00833373040752772,0.12576319119467,0.100256622952272,0.0700349178959542,0.0270231583684918,0.000790520934250397,0.00346095776604653,0.664336900480788
"TCGA.QU.A6IO.01A",0.0163481015365392,0.0351275746067326,0.0929435006232481,0.0505498871181483,0.0111864240037926,0.000422544305873079,0.0127132281965435,0.780708739609123
"TCGA.HC.7818.01A",0.00702041159211775,0.0919261555509452,0.100713635866851,0.0505827828411966,0.00918639502842559,0.000320811601379674,0.00346659917947519,0.736783208339609
"TCGA.CH.5771.01A",0.0172335814198984,0.108879954378387,0.15959250307134,0.10395413373496,0.0232268574346538,0.00044552291257174,0.00889810611589192,0.577769340932297
"TCGA.HC.A6AS.01A",0.0289396593784102,0.0246378616483059,0.153289115605597,0.123583546446988,0.0304761977419223,0.00202932786060647,0.011534022946138,0.625510268372032
"TCGA.XK.AAJ3.01A",0.00300210191743788,0.0391276071154809,0.0491883786321941,0.031742438736377,0.00967113978600213,8.4195102422114e-05,0.00213111081326213,0.865053027896824
"TCGA.EJ.5512.01A",0.0134801969847741,0.0631499424218952,0.0809109225632322,0.0663606215513459,0.00430566238650772,0.000214932793684957,0.00722857921102253,0.764349142087537
"TCGA.H9.A6BY.01A",0.0175481600153964,0.042082864880352,0.0787997419453359,0.0687811356535638,0.00229634575406171,0.000330117584241829,0.00456544734123887,0.785596186825809
"TCGA.HC.8264.01B",0.0154720422325037,0.0101497789378045,0.152733611080732,0.146312849179471,0.00954840258112366,0.000657653673442729,0.00468336612216289,0.660442296192759
"TCGA.G9.6369.01A",0.00407984465332089,0.0212720735924642,0.058212470324969,0.0222176388785808,0.00339510839666334,0.000144908873049448,0.0013853668105029,0.889292588470449
"TCGA.EJ.A7NM.01A",0.0282764229248506,0.0825957789778249,0.0805472879395056,0.0508859366203478,0.0180430246928172,0.000531593114373146,0.0254728601910595,0.713647095539221
"TCGA.KK.A59Y.01A",0.0066867602643413,0.0428091299923017,0.0552887062933207,0.0249289393861035,0.0030633830632579,0.000256763226395355,0.00484635581571662,0.862119961958563
"TCGA.KK.A8IK.01A",4.94832154403035e-07,0.0350388827403512,0.0408473339214696,0.00488432930126723,0.00284766457415818,0.000731962363793457,0.00226389414021192,0.913385438126594
"TCGA.KK.A7B0.01A",0.0291027053275424,0.0620411384687074,0.121039437882853,0.0655581531759266,0.0202505675609642,0.00210996342633862,0.0269092255724144,0.672988808585253
"TCGA.G9.A9S0.01A",0.00482947001271596,0.0360437026432589,0.0419110203682733,0.0269833062769257,0.00756597681446886,0.00016805698313411,0.0124427227494866,0.870055744151737
"TCGA.CH.5769.01A",0.00533496672724887,0.0635936966225942,0.0764004664656293,0.0509099876065759,0.00873238694519572,0.00019065726305638,0.00438724822431151,0.790450590145388
"TCGA.YL.A8SK.01B",0.014125592954662,0.0785939917650851,0.125376280750411,0.0908347195986409,0.0141226185955551,0.000777845230932772,0.0126973866589132,0.6634715644458
"TCGA.EJ.7786.01A",0.00859259301666175,0.0365032942990782,0.0788650679379054,0.0599398404153496,0.00926952181221097,0.000746853101495254,0.00490973100804582,0.801173098409253
"TCGA.VP.A875.01A",0.00288997636987938,0.0195137200026281,0.026452388348596,0.0149375772483575,0.00185092366922864,0.000100149830045075,0.00267189283781091,0.931583371693454
"TCGA.EJ.A46D.01A",0.0126212538986107,0.078628990134747,0.1074014060378,0.0686421710932675,0.00738186838251485,0.000645046522521798,0.00641120264019733,0.718268061290341
"TCGA.J4.A67L.01A",0.0120506381397633,0.0326035264791269,0.0710612026162594,0.0549292043968853,0.019793788466336,0.000584758078931919,0.0162831548863687,0.792693726936328
"TCGA.G9.6363.01A",0.0119304547911946,0.0832868804358559,0.0816121176735278,0.0887626179320895,0.00499668769676669,0.000253622937871734,0.00882696224070037,0.720330656291993
"TCGA.HC.A9TE.01A",0.020705436578638,0.036575355253086,0.0731918149783104,0.0402318817143359,0.0099534297466905,0.000348012624796303,0.0165198798800212,0.802474189224122
"TCGA.J4.A6G3.01A",0.0073785044108311,0.100196270673109,0.113945783647432,0.0589206550062668,0.0180742504733137,0.000702924969364667,0.0179908740464644,0.682790736773219
"TCGA.KK.A7B3.01A",0.00700120910347804,0.0541731247718368,0.129119293813814,0.058558598929945,0.0147793433602561,0.000648526220151786,0.0123381751356118,0.723381728664906
"TCGA.YL.A8HJ.01A",0.019888158411332,0.0398485217031753,0.139059410621669,0.139775308664237,0.0137940475284245,0.00141386296699673,0.0135400636326793,0.632680626471487
"TCGA.ZG.A9NI.01A",0.0153478896484517,0.0161949053084827,0.139998019343776,0.0952137436359203,0.00958360230283851,0.000522987815060482,0.00401579045936905,0.719123061486101
"TCGA.VN.A88R.01A",0.00465462096522878,0.0413290912966392,0.120404919155171,0.029644616246167,0.0159404450500878,0.000859057729015757,6.07952437793734e-08,0.787167188762447
"TCGA.EJ.5530.01A",0.00682136605539324,0.0295689150386486,0.0819986681986677,0.0604710381929738,0.00561890714965295,0.000465166752737279,0.00475487820090778,0.810301060411019
"TCGA.HC.7752.01A",0.00420641930223796,0.0211290944794838,0.0349588598708633,0.0133109466298128,0.00201842657492903,0.000372595236522777,0.000725495580881859,0.923278162325268
"TCGA.EJ.5521.01A",0.00858292005723895,0.0905174313179904,0.0895275435446797,0.0474294316607451,0.00898291085877587,0.000344657737962474,0.00446912743639291,0.750145977386214
"TCGA.YL.A9WX.01A",0.0187452467305585,0.113312305592601,0.10387842498925,0.0624558700076471,0.011212231314331,0.000632276549733494,0.0106156632806471,0.679147981535232
"TCGA.KK.A6E5.01A",0.0123314187769569,0.050473369796131,0.0753375757359433,0.0420256571456914,0.0087148280481393,0.000211094667091865,0.00623224781166073,0.804673808018385
"TCGA.TP.A8TT.01A",0.0047110195316617,0.0623427225119678,0.0716300436508238,0.0442787678305188,0.0157050085882986,0.000627395808250872,0.0233188864370537,0.777386155641425
"TCGA.KK.A7AY.01A",0.00355713343452762,0.0347948138241187,0.0340852359264535,0.022630370370803,0.005897122551286,9.78313895179723e-05,0.00510749027294112,0.893830002230352
"TCGA.HC.7213.01A",0.00235224755798665,0.070321905570854,0.0674096829380929,0.0404661818834409,0.0098993861918815,0.000390275005943063,0.00404610030029898,0.805114220551502
"TCGA.EJ.5517.01A",0.0159878485386184,0.0334015416519273,0.073016430957182,0.0848597125859509,0.00531022390665713,0.000504061834395213,0.012352296254497,0.774567884270772
"TCGA.CH.5751.01A",0.0734787276029099,0.0266300781867799,0.104543918371988,0.0298066589142743,0.0275372728075173,0.000131489865897031,0.0440175501087747,0.693854304141859
"TCGA.HC.7820.01A",0.00850477762073566,0.0395463540338941,0.0628301224694209,0.0382360614517221,0.00597400550230898,0.000232923894114253,0.00686838098698049,0.837807374040824
"TCGA.J4.A6G1.01A",0.202154418097266,0.16368347000567,0.111719635178267,0.0981444667006781,0.021782013011403,0.00139958392396903,0.0563290389050542,0.344787374177693
"TCGA.EJ.5503.01A",0.0157114347405772,0.123523568532046,0.115623783795862,0.0803320996664759,0.0111356499463065,0.000803751431798807,0.00839997535080333,0.644469736536131
"TCGA.YL.A8SA.01A",3.82605953146947e-07,0.0623617595912415,0.039960375425874,0.00930966550749993,0.00398273071685107,0.000180910491231627,0.00185866567169812,0.88234550998965
"TCGA.TP.A8TV.01A",0.00155531224722775,0.0168301924994832,0.0476512945199858,0.0123133357615997,0.0029469898689519,0.000287801217486876,0.00186493294659901,0.916550140938666
"TCGA.ZG.A9LM.01A",0.00467339238948394,0.0316674002115469,0.0362465510460111,0.0379673185366989,0.00861865311112296,0.000103572403120309,0.00421274719325834,0.876510365108757
"TCGA.J4.A6M7.01A",0.00861089197077019,0.0270379172990893,0.0813720877128265,0.0724052754951501,0.00343442407573065,0.000630582451102572,0.00402155842472922,0.802487262570602
"TCGA.ZG.A9M4.01A",0.0127423149312385,0.0260022068235706,0.0462833110570111,0.0209755159994388,0.0133255310922797,0.000123671858245994,0.028557677122111,0.851989771116104
"TCGA.CH.5745.01A",0.00988390522848051,0.0738043693108241,0.0971069236743629,0.0606668837362872,0.0124180320383737,0.000682604709285683,0.0130340243799071,0.732403256922479
"TCGA.KK.A8IG.01A",0.0110918051420789,0.0221359782685766,0.118152937122742,0.0843942400018602,0.00855570593949347,0.00109106902833971,0.00530637365328785,0.749271890843621
"TCGA.HC.7821.01A",0.0110020228371444,0.017315765311227,0.0738400669167583,0.0425716345640592,0.0181499042559026,9.86657641940817e-05,0.00502973364842797,0.831992206702286
"TCGA.QU.A6IM.01A",0.0209530949930884,0.0269639033370695,0.0963771821772736,0.0665614572324366,0.0110621679297001,0.000179132948293263,0.0239926473318342,0.753910414050304
"TCGA.ZG.A8QZ.01A",0.0146415391635102,0.0587881783519598,0.100053595484073,0.091632555896299,0.0154251155187664,0.000659275223479196,0.0130970794773877,0.705702660884525
"TCGA.HC.8261.01A",0.0053694977333683,0.0450894166069733,0.0537740264285781,0.0302571425989838,0.0136236766074104,0.000214356677258299,0.0066088239335341,0.845063059413894
"TCGA.EJ.8469.01A",0.00357012874262225,0.0330873587101267,0.0634668866351077,0.0300871833533865,0.00528439154062643,0.000277790744040479,0.00571079455858302,0.858515465715507
"TCGA.2A.A8W3.01A",0.0046641823257795,0.0311903895077023,0.0927501976274736,0.0289905062072669,0.00629232978410118,0.000987726914964493,0.00378703653666598,0.831337631096046
"TCGA.J9.A8CL.01A",0.0092358454565548,0.0239954765050634,0.0892936010118566,0.0717170605376523,0.0161407628078401,0.00047190254728391,0.00699729748432898,0.78214805364942
"TCGA.KK.A7AQ.01A",0.00481165694942909,0.0282214663336054,0.0746232612239119,0.0263519960352039,0.00585013617758155,0.00049563164394229,0.00434860070035752,0.855297250935968
"TCGA.EJ.A65D.01A",0.00103832198494845,0.0927941104022599,0.0236251329663617,0.00917856158210783,0.000845045504733239,0.000101787062205557,5.24184283395982e-05,0.872364622069044
"TCGA.EJ.5519.01A",0.00468559165514728,0.0327468903644987,0.14824799868421,0.0290650120905686,0.00892547094845751,3.08332219967708e-05,0.00184017987639608,0.774458023158725
"TCGA.HC.7737.01A",0.0103067561618171,0.08288617746521,0.129448201021535,0.056658911804482,0.0159359748154257,0.000654261424718929,0.011701478153087,0.692408239153724
"TCGA.ZG.A9LY.01A",0.00717522056060251,0.0637026709340907,0.108535595775956,0.0552789675224487,0.0130932418289334,0.00120791455939509,0.00637163317101727,0.744634755647556
"TCGA.EJ.A7NF.01A",0.00485232958546788,0.0297824796127973,0.0366253460156398,0.0241186894613314,0.00322387457415359,0.000200971718599957,0.00359164632747326,0.897604662704537
"TCGA.KK.A6E3.01A",0.03449834541664,0.0708375103222787,0.159462674835319,0.146222975201393,0.0180496515738367,0.00167383923434857,0.0160648580726273,0.553190145343557
"TCGA.KK.A7AW.01A",0.0181562603701224,0.0198218224511375,0.0617536962038624,0.0258593531071481,0.0135384897434012,0.00122173377251244,0.0198564339843276,0.839792210367488
"TCGA.FC.A4JI.01A",8.81980920508337e-09,0.0398971046069366,0.0323695134227403,0.00200747882803073,0.00522396086592378,4.52765903374889e-05,0.00884730004972237,0.9116093568165
"TCGA.ZG.A9LN.01A",0.0397625622931273,0.12015454186767,0.101563305147473,0.137464675557244,0.012632024691428,0.000892314401719428,0.0511783344352866,0.536352241606051
"TCGA.HC.8260.01A",0.0038680071513781,0.0599267518178593,0.0747731861272358,0.0465537469918783,0.00693698360842351,0.000282609488914825,0.00612271626489615,0.801535998549414
"TCGA.XJ.A83G.01A",0.00388348330868106,0.0416951218156484,0.0545059069925875,0.0223322841630079,0.00531868961610397,0.000677992077294612,0.00315485892840152,0.868431663098275
"TCGA.KK.A8IL.01A",0.00342018976537921,0.0907549077249019,0.0741361467360176,0.0411294659354623,0.019965801799315,0.000180281084188975,0.0165609491786872,0.753852257776048
"TCGA.J9.A8CM.01A",0.0210765076952794,0.0312475910407234,0.130573453508517,0.110762737244566,0.0141230849079799,0.00221517468270636,0.0071351798578061,0.682866271062421
"TCGA.EJ.7781.01A",0.00932077795090797,0.0629880388941732,0.0738541344249927,0.0529476937956861,0.0115390658094168,0.000701046524218945,0.00769862196380792,0.780950620636796
"TCGA.V1.A9OH.01A",0.00910454715407028,0.0302479567139953,0.0798740202336857,0.0533982615169984,0.0104897769182284,0.000269427814544589,0.00599605774369586,0.810619951904781
"TCGA.WW.A8ZI.01A",0.000785992703323066,0.0198620517231861,0.0475112643614077,0.0199924522903646,0.0046188876544325,0.000332834074367993,0.00303578025844592,0.903860736934472
"TCGA.XK.AAJP.01A",0.00140629395977127,0.0177804376338951,0.0390216067755802,0.0157039977880724,0.00954243447950942,0.000188179799714132,0.00235221564008077,0.914004833923377
"TCGA.CH.5754.01A",0.0210832254880449,0.0485256576034454,0.16563419115404,0.027805333396688,0.026164993558648,0.000318790397574132,0.0161996687073876,0.694268139694172
"TCGA.2A.A8VV.01A",0.0152166530965776,0.0246879929432824,0.113288227023433,0.0707109533926539,0.00254153260712865,0.000367694783257126,0.00529675463956328,0.767890191514104
"TCGA.V1.A8MG.01A",0.00998259832235685,0.0364466739786124,0.11088950173608,0.0596029579281306,0.0103660733188603,0.000233325495414454,0.0130850318845788,0.759393837335966
"TCGA.EJ.A65B.01A",0.017314429608612,0.0680126372528878,0.167888254117422,0.0846005809038239,0.0113138274628485,0.00063011952084828,0.0040322157067168,0.646207935426841
"TCGA.HC.8262.01A",0.00318535777790159,0.0461631890703777,0.0490034640215731,0.027043851966688,0.00438065042887095,0.000126997137831616,0.00389288390060057,0.866203605696156
"TCGA.J4.A83K.01A",0.0177351526557509,0.0470085052251826,0.106665502065174,0.0846801923542624,0.00538490574948289,0.000584744504165906,0.00610216431310313,0.731838833132878
"TCGA.KK.A8I8.01A",0.00548993067677576,0.0434986155872047,0.0488461959758323,0.0326003668824414,0.00834375257071064,0.000163720637792085,0.00676416118325733,0.854293256485986
"TCGA.EJ.5495.01A",0.011905871954064,0.0747779536369969,0.170036128848947,0.078902732888085,0.0126947569791231,0.000734509035353107,0.0158410261368006,0.63510702052063
"TCGA.V1.A8MU.01A",0.0225434811132877,0.0811088918179106,0.201551493952873,0.118182322955667,0.0160948421673442,0.00216012616785671,0.0229876172559562,0.535371224569105
"TCGA.YL.A8SP.01B",0.00200705855359797,0.0476259415858833,0.078258546711585,0.0273826045276008,0.00273426296415079,0.000259231967726175,1.30094043171044e-07,0.841732223595413
"TCGA.EJ.7312.01B",0.00707243530858701,0.0453060278209255,0.0768796902716279,0.0382943336960219,0.00973507541609936,0.00050569874641478,0.00299416454536453,0.819212574194959
"TCGA.G9.6378.01A",0.0145007072396905,0.0450086495763972,0.0864335220803977,0.0967614731786952,0.00726008175785751,0.00077922386656773,0.00605356957411561,0.743202772726279
"TCGA.G9.7523.01A",0.0261709670240883,0.0256084883583178,0.210229371939333,0.265278719363794,0.016821049423644,0.00174717208759112,0.0181079013121012,0.436036330491131
"TCGA.G9.6364.01A",0.0205501208104453,0.0371452968508003,0.118899831894453,0.111290907319232,0.0078363661919054,0.000826198308058109,0.00892419582472628,0.69452708280038
