"","cellFractions.B.Cells","cellFractions.DC","cellFractions.Endothelial.Cells","cellFractions.Fibroblasts","cellFractions.Macrophages","cellFractions.Mast.Cells","cellFractions.T.Cells","cellFractions.otherCells"
"TCGA.A5.A0R8.01A",1.74935853185136e-06,0.209972210926625,0.0849361737653119,0.0209466741371212,0.0209197844576751,0.00015477169126378,0.0168734132696131,0.646195222393858
"TCGA.A5.A0G3.01A",0.00507291040446845,0.0612114009938929,0.0659159422624652,0.0152396413984595,0.00962920593238985,1.80620652782108e-05,3.47926884734588e-08,0.842912802150357
"TCGA.AP.A054.01A",4.63315056932767e-08,0.0605278658062902,0.0532683180258119,0.0111131040819058,0.00621680273780182,6.71731532521226e-07,0.0132948812686569,0.855578310016495
"TCGA.A5.A0GX.01A",1.20362651217092e-07,0.141739276757274,0.494543597839208,0.0371645682340722,0.0252701247155028,0.000614273337439915,0.0123571281037644,0.288310910650087
"TCGA.DI.A2QY.01A",9.91530196186708e-05,0.0517276910763097,0.0440556861603722,0.0133968974016181,0.0037458994735729,8.54401848171328e-05,0.00271519713310397,0.884174035550587
"TCGA.EY.A1GC.01A",0.0548279286714856,0.202543478731001,0.0525282606225036,0.009966140219762,0.080377729151516,4.32973237291639e-06,0.0290088259343292,0.57074330693703
"TCGA.A5.A0GI.01A",8.25431615349771e-08,0.113981625348827,0.101843554038822,0.018105731361815,0.0124932788939456,2.99326250751032e-05,0.011415641081098,0.742130154107256
"TCGA.D1.A17S.01A",7.10422761587291e-07,0.056441952758726,0.031081761519844,0.011223587798001,0.00575603347349205,0.000104876779314059,0.000228955471180058,0.895162121776681
"TCGA.EY.A5W2.01A",8.50002020015943e-06,0.110910705324325,0.0575991213260377,0.0329032107319228,0.0209747746208161,0.000139842048264952,0.0216147024210056,0.755849143507428
"TCGA.D1.A1NU.01A",5.84109245230009e-08,0.240752151033529,0.0672341424725239,0.0110039758013419,0.0229616772631828,7.70928059061389e-05,0.00522599727937639,0.652744904933215
"TCGA.BG.A18A.01A",7.07744700122913e-05,0.224751059756713,0.224836352230083,0.0411482318907097,0.0225797365778103,0.000192165732510456,0.00685412436974054,0.479567554972421
"TCGA.AX.A06B.01A",0.00425655336950866,0.179364476297191,0.113897864170866,0.0628226748019711,0.0189330710510053,7.46148410927593e-05,0.012985973758904,0.607664771709462
"TCGA.E6.A2P9.01A",0.00385096544118343,0.0620199824535836,0.0442744652433367,0.0202473788680939,0.014367811947101,0.000167417956995303,0.0272838776042835,0.827788100485423
"TCGA.PG.A917.01A",0.00137237660469957,0.152297302816655,0.0601252435854689,0.0306776153622962,0.0395233130997296,2.25901878421636e-05,0.0460599364953282,0.66992162184798
"TCGA.AX.A3FS.01A",0.00329459486264317,0.0374651193433648,0.0648080839171484,0.0546200324481715,0.0109486498707357,1.98861516564915e-05,0.0100179981462287,0.818825635260051
"TCGA.A5.A2K4.01A",6.71280496965158e-07,0.339322120495675,0.0964287655539845,0.0484395528753718,0.0216550833274318,0.000199172908793248,0.0061519732857221,0.487802660272524
"TCGA.D1.A1O0.01A",5.65343388879715e-07,0.0351464300346707,0.0329127443193587,0.0147791505449395,0.0115671523837168,1.91321883445886e-05,0.0036652272940919,0.901909597891489
"TCGA.B5.A0JS.01A",1.82893757663642e-07,0.260046202743098,0.0962666991576898,0.039309830113107,0.0207427729385269,0.000163468667985271,0.058921655807141,0.524549187678695
"TCGA.AX.A1CE.01A",1.69192331876674e-09,0.0800890724963972,0.036088775190012,0.010569946139657,0.00952693117122758,0.000148781922595421,0.00645393141004435,0.857122559978143
"TCGA.D1.A17F.01A",9.92612973668863e-08,0.100239802591596,0.0349381484503347,0.00690449754750943,0.0198715403371621,7.6591224487148e-06,0.0138221354668302,0.824216117222821
"TCGA.EO.A3AV.01A",0.0117816895132782,0.196135455063235,0.076549767782272,0.026056806352105,0.028535016513622,4.33165757633241e-05,0.0711835400991403,0.589714408100584
"TCGA.D1.A17B.01A",0.0164223071822044,0.357090537802438,0.282708559062919,0.0372040039054275,0.0651785387819891,0.000193553247619537,0.022220792156207,0.218981707861196
"TCGA.E6.A8L9.01A",3.89825962109516e-07,0.102333153463406,0.109714159225393,0.113634355300415,0.0374729627380392,8.20371750317288e-05,0.0423024258794615,0.594460516392292
"TCGA.EY.A547.01A",5.44172755166795e-07,0.0623391449856447,0.0288580590031638,0.00700302501300554,0.0118090671192704,7.03359509411537e-05,0.0218628067778825,0.868057016977337
"TCGA.AJ.A3OJ.01A",3.82374533937224e-08,0.385847626478979,0.103369117495489,0.0556335695891618,0.0401960528438007,0.000288407409822817,0.00898294245002939,0.405682245495264
"TCGA.BS.A0TJ.01A",0.025297384543281,0.0696760833595412,0.104113931168205,0.0427217999340952,0.0121302064533065,8.83807307265445e-05,0.0179526851822999,0.728019528628544
"TCGA.BG.A0VV.01A",5.07121106553326e-09,0.170384288839951,0.0576108232619891,0.0124241379501222,0.0154043504616007,2.56540491320259e-05,0.00895627962210484,0.735194460743889
"TCGA.D1.A16V.01A",0.00757718922565842,0.0797667804163861,0.0512198651350953,0.0130883750386671,0.0184347941244811,1.87538052340898e-05,0.0133762049868689,0.816518037267609
"TCGA.EO.A22R.01A",1.63961422756219e-09,0.230848509694024,0.10704542349322,0.0343610161988877,0.0369724953998152,5.73088456120227e-05,0.0075227423412544,0.583192502387572
"TCGA.BG.A0MH.01A",0.0252442597139033,0.174870609568644,0.129429528016283,0.0569925371193754,0.0339223690255342,0.000872519763146643,0.021384538077651,0.557283638715462
"TCGA.EO.A3KX.01A",6.30112212276021e-08,0.0838770240996827,0.0403098487418326,0.017828839329379,0.00727559889903044,9.29848409001838e-05,0.0101803617593993,0.840435279318554
"TCGA.AX.A0IS.01A",2.71323227133316e-08,0.371766264186721,0.108707964940363,0.0329081144430081,0.0175359711689574,4.26764834315427e-05,1.82916505456297e-08,0.469038963353545
"TCGA.EY.A1G8.01A",4.01972469832833e-08,0.267106023586838,0.0829021204845404,0.0146648401287402,0.011937439146303,3.7586475718977e-05,1.1575263242277e-08,0.623351938405349
"TCGA.EY.A1GW.01A",1.79144941156492e-08,0.114820636681351,0.0450239088358758,0.00763173526770132,0.00158075709714429,1.20279786681112e-05,1.58732662232301e-07,0.830930757492103
"TCGA.BG.A0RY.01A",2.21480446227579e-07,0.195136344805466,0.0574764980895668,0.0121264944038655,0.0205067711124528,0.000227827100718956,2.87302537385528e-08,0.71452581427723
"TCGA.D1.A1NY.01A",4.20802992157834e-08,0.39405550712957,0.150919376094681,0.0400438832879931,0.0203337485397619,0.000377770981471765,0.00314113151585228,0.391128540370371
"TCGA.B5.A3S1.01A",1.51368646744453e-08,0.140421134143842,0.0481312044349874,0.0247423389049932,0.0194828727566803,1.94587587925522e-05,0.00390249268619077,0.76330048317765
"TCGA.A5.A2K5.01A",8.00101920809256e-07,0.0769264198516368,0.063177467264676,0.0231939515116269,0.0374754705873034,4.98751395693058e-06,0.0131104104700115,0.786110492698868
"TCGA.AX.A062.01A",1.80825546285201e-08,0.218718635267838,0.072435902592336,0.0299017460707082,0.00924509028660004,0.000140035757416375,0.00334490253181246,0.666213669410734
"TCGA.A5.A0G5.01A",0.0514017885424254,0.158615788072559,0.172529691873841,0.0171000699300234,0.14780298525906,2.57056104944357e-05,0.137474669093793,0.315049301617803
"TCGA.AP.A0LH.01A",4.28020263055646e-08,0.141822812775945,0.0395911605916784,0.0106175672851988,0.00907844530013581,0.000135838041096507,0.00523827435949622,0.793515858844423
"TCGA.BS.A0WQ.01A",1.13842602467234e-08,0.113964996369407,0.0561509883421266,0.0186649809669781,0.012032563745496,0.000138862147793516,0.00244791823493133,0.796599678809007
"TCGA.FI.A2EY.01A",0.0010157570278077,0.00687590175874148,0.0228322521225111,0.00355293552270625,0.00107873601431575,2.02697445945285e-05,0.000562008010572898,0.96406213979875
"TCGA.EY.A549.01A",7.98472701557219e-08,0.316419413937139,0.0600484834621752,0.0150985253113895,0.0158667838525633,4.6848343554839e-05,0.0034635094028682,0.58905635584304
"TCGA.FI.A2D0.01A",3.58192061404823e-10,0.3198885582317,0.108778266110518,0.0291648227897132,0.0120324553340285,0.000175841942868059,0.00962494226020103,0.520335112972779
"TCGA.BS.A0V7.01A",0.00664615916034798,0.0491295062664098,0.0755059597254903,0.0215720052071922,0.0145877476882482,0.000148011137974676,0.0327233369331111,0.799687273881226
"TCGA.B5.A1MW.01A",3.5910973345197e-08,0.520570866273445,0.120565304944308,0.0139492564084987,0.0218964483270712,2.41618238632998e-05,6.26866993202212e-09,0.32299392004317
"TCGA.D1.A17D.01A",4.32489348997852e-06,0.117507279217038,0.152253386689193,0.00646716065679908,0.0171005670043998,7.75895355338881e-05,0.00782153004847246,0.698768161955074
"TCGA.BS.A0TA.01A",0.0144108131341212,3.55940238057725e-08,0.0616466570340385,0.0215147304658302,0.0990010174010309,0.000306834574394248,0.380712444222532,0.422407467574029
"TCGA.AX.A05Z.01A",1.80566588802532e-07,0.14875980465373,0.140800659208581,0.0176223781981757,0.0641812022803603,0.000171224427748428,0.094920593417776,0.53354395724704
"TCGA.D1.A17L.01A",0.0219749301703742,0.0538048050337811,0.0442983534871825,0.0059814252372563,0.0126654345046152,3.94892759430983e-05,0.0147882429695584,0.846447319321289
"TCGA.A5.A0GQ.01A",0.00216423425702113,0.182228096853513,0.0515057644943008,0.00794680805209968,0.0215331696960208,0.000278699431245427,0.0150299394702263,0.719313287745573
"TCGA.AX.A3G1.01A",0.0582527429312572,0.136016226684733,0.0688748677441848,0.0189213373686568,0.0223623531569671,1.99746703503223e-05,0.022060495956263,0.673492001487588
"TCGA.BK.A0CC.01A",9.22925834277414e-09,0.117099269467838,0.0670844743225633,0.0232013703565045,0.00951182214562294,0.000241914836699863,8.62373592102867e-08,0.782861053404154
"TCGA.D1.A1O8.01A",0.0981039259792163,0.112795699804214,0.0894352985440209,0.0172127722235591,0.133982468390982,1.44145261032647e-08,0.102848995079151,0.445620825564331
"TCGA.DI.A1NN.01A",4.40871334423688e-08,0.216607112188202,0.0915119903006832,0.0186998576335424,0.0712942054359702,0.000618340873506345,0.00766768140189752,0.593600768079065
"TCGA.B5.A0K9.01A",2.00512629491453e-08,0.197692554285214,0.0674964088682212,0.0266724535039631,0.0144622329304085,3.50012731199734e-05,0.0108759085127029,0.682765420575108
"TCGA.FI.A2CY.01A",1.96360546873779e-08,0.462509537613111,0.10266704932955,0.0150223398956003,0.049613842153491,2.37247516829931e-05,0.00976712049632907,0.360396366124181
"TCGA.AP.A1DR.01A",1.78592554850236e-07,0.143100503855118,0.0611457379355289,0.0180048170497988,0.0136799584659387,3.74836671856926e-06,0.0123432502441769,0.751721805490166
"TCGA.B5.A11Q.01A",6.84321052003273e-10,0.0543765284096938,0.0264904688688835,0.00277886332117178,0.00190782709344579,4.37608615965621e-05,0.000504929487362284,0.913897621273525
"TCGA.BS.A0U7.01A",0.00729396630765348,0.147046680165002,0.106575664700596,0.0708165465932069,0.0236444781177878,0.000185192894253795,0.0174207300154083,0.627016741206091
"TCGA.A5.A0VQ.01A",9.43017068594602e-10,0.40885328939632,0.149249032109726,0.0245732219991375,0.016599557892903,0.000591850288203162,0.00141831614451682,0.398714731226176
"TCGA.BS.A0TE.01A",2.93039196497809e-08,0.233406950343962,0.0746003982775025,0.0177973244767415,0.0156285742230199,0.000154229699226361,0.0115078335522076,0.646904660123421
"TCGA.BS.A0T9.01A",3.2074315127096e-08,0.35664971562238,0.117505161128459,0.057212286041413,0.0203439273468488,8.75158595026657e-05,0.00211943634723096,0.446081925579851
"TCGA.AW.A1PO.01A",0.000242128908812527,0.0185763030878853,0.0496932551823577,0.00399658929904295,0.00617139019838964,1.85981580085164e-06,0.00177744901749762,0.919541024490213
"TCGA.AJ.A3I9.01A",1.73347893400436e-08,0.0897633629592812,0.0292447967317867,0.0150145127283704,0.00983205774408829,3.56463164636706e-05,4.41397584138828e-05,0.856065466426806
"TCGA.AJ.A8CV.01A",4.68564664908282e-09,0.180540229681444,0.0660495002887169,0.0220196997402462,0.0303688029940223,0.00010180931281413,0.0222908349002545,0.678629118396855
"TCGA.B5.A121.01A",3.17619702265092e-09,0.184689198293151,0.0603952055466312,0.0171050402199982,0.0128654473686294,3.1594369203288e-05,0.0080835450893647,0.716829965936825
"TCGA.AX.A1CN.01A",1.07373512778184e-07,0.0999351902292179,0.0584400592562356,0.0409979054177058,0.00776126998976442,0.000147961779405548,6.10836212874924e-05,0.79265642233287
"TCGA.BK.A139.01A",5.2907946190783e-09,0.247308934182073,0.0961605638716666,0.0107643821473959,0.0253395189523175,6.57261570922132e-05,0.00805389031647364,0.612306979082187
"TCGA.EY.A1G7.01A",1.68303048624024e-07,0.112065050668244,0.0786201414687781,0.0238306416878909,0.010184415793399,9.67434380854974e-05,3.1823386098578e-07,0.775202520406693
"TCGA.BK.A6W3.01A",7.24326601299243e-06,0.189022997923299,0.0726778122890094,0.0347713768945354,0.0379014079409325,2.63856991158115e-05,0.0212251582126909,0.644367617774404
"TCGA.FI.A2CX.01A",2.80453909004969e-09,2.15470135954035e-07,4.43372576096103e-09,6.82328862584348e-08,0.999999321805053,8.64316761268154e-09,9.4957457139613e-08,2.83653034954969e-07
"TCGA.DI.A2QU.01A",2.66467960174941e-06,0.198155723847315,0.0497120399528088,0.0115072006763764,0.0111835120747383,2.71311433999356e-05,0.000146081422592243,0.729265646203168
"TCGA.AP.A0LT.01A",2.06655105613243e-09,0.293857413482606,0.0651709745345547,0.0127652343295947,0.0134853739043711,5.49987602276804e-05,0.00826555346212699,0.606400449459968
"TCGA.EO.A3AS.01A",0.000120199635076051,0.273340845565244,0.0967312581928462,0.0352176564412209,0.0175984375006411,5.14429179609612e-10,0.000110859708592807,0.57688074244195
"TCGA.E6.A1LZ.01A",2.22999950146215e-08,0.144688240657507,0.076893319066727,0.00399365107488618,0.0232928072832702,0.000141174594925321,0.00997774299029351,0.741013042032396
"TCGA.AP.A1DO.01A",7.25975330789646e-09,0.080241726508495,0.0368186755109743,0.00311490643763317,0.00326136032330344,1.19144015115183e-05,0.0201401696779223,0.856411239880407
"TCGA.AX.A2HC.01A",3.31199185155555e-07,0.154611345259608,0.117650234477907,0.0300056628638846,0.0120035538989726,2.79805879150292e-05,1.16812151897089e-07,0.685700774900376
"TCGA.EC.A1QX.01A",1.65971538652249e-08,0.372056852493911,0.110868643948658,0.0301000159239975,0.0245925502143491,0.00017601723954029,0.0358954231617776,0.426310480420613
"TCGA.A5.A0GB.01A",1.97845042037608e-07,0.0616935632071951,0.042228663725244,0.00912133802298665,0.00736577053316259,3.6239763889336e-05,0.0163797547151799,0.8631744721873
"TCGA.B5.A11Y.01A",1.57664609132199e-08,0.280206550687766,0.103670228804467,0.0143628930156386,0.0458791019892876,3.95815394064011e-05,0.0398328343967467,0.516008793800227
"TCGA.AJ.A3IA.01A",0.00289043390090242,0.100503556857974,0.0868962443310167,0.0802123566069924,0.0266932557418266,0.000603231173337035,0.0111210233232325,0.691079898064718
"TCGA.D1.A1NS.01A",4.03235786256428e-09,0.352270752345163,0.102021885262005,0.0111604597050204,0.0199076719839406,1.05893844337762e-05,0.00377944177163928,0.51084919551544
"TCGA.AX.A2H2.01A",0.0384471065620824,0.0598799835704332,0.044329663537108,0.0109753466595427,0.0302340266167113,4.3170883970604e-09,0.0188730783600553,0.797260790376979
"TCGA.D1.A162.01A",4.50287717163852e-08,0.333020352872919,0.0803210618464137,0.0185876042338792,0.0234440904128927,8.21130237304751e-05,1.16709027629645e-08,0.54454472091049
"TCGA.AP.A0LG.01A",1.26298820432927e-07,0.326773464258639,0.129116589782181,0.0236699551764138,0.0119474985483252,5.6763205821097e-05,1.4043091883395e-07,0.508435462298881
"TCGA.DF.A2KN.01A",6.98202693776224e-08,0.389465328466738,0.111297081297939,0.0387329532496508,0.0746329669907526,0.000374908316401103,0.0509383758595884,0.334558315998661
"TCGA.AX.A1C4.01A",7.79280195137876e-11,0.177975267274735,0.0702734581886835,0.0128028465568972,0.00443575830137331,1.42010995396284e-05,3.06092742043349e-08,0.73449843789157
"TCGA.AJ.A3EJ.01A",9.14171128570448e-06,0.138305765339487,0.0983851364243904,0.0532250213304413,0.0286328732834902,4.45723522599328e-05,0.00140042879047076,0.679997060768174
"TCGA.BK.A26L.01C",2.83720071313643e-08,0.110042049483433,0.0545570091227691,0.0864279329161003,0.0108073603990967,3.71746956146971e-05,0.003178288146413,0.734950156864566
"TCGA.A5.A2K3.01A",8.55852345085489e-09,0.127630614065966,0.0030474809132179,0.00425307826809672,0.460337240957889,4.87510279547093e-06,0.404726700591423,1.54208883830181e-09
"TCGA.AP.A05H.01A",0.000656847613269481,0.0618268374330898,0.0873905259596568,0.0215261081683061,0.003639108694545,2.61137164948134e-05,1.37641170509642e-07,0.824934320773467
"TCGA.AX.A3FV.01A",5.08736645877663e-09,0.0472863734241016,0.0373106997234914,0.0030699411535231,0.00965714880881287,0.00124447410205476,0.00124317577361272,0.900188181927037
"TCGA.D1.A16F.01A",1.75231795384274e-07,0.556307928481198,0.178955811000993,0.0399790995786287,0.0312400745591053,0.000126540980096566,4.88455603063076e-06,0.193385485612152
"TCGA.JU.AAVI.01A",0.015916907672411,0.0558111609534495,0.0308564104942902,0.013580021972209,0.0392115986112949,0.000236925481473877,0.0716248378793894,0.772762136935482
"TCGA.AX.A06L.01A",0.000890575528718517,0.113320931750501,0.0764449659577175,0.0231677974668745,0.0163988688090007,0.000182811670311526,0.0188535897497908,0.750740459067085
"TCGA.BG.A3PP.01A",8.06679889765678e-08,0.129036648783073,0.0632396553386936,0.0508590665152093,0.0131951892926909,5.96620401612443e-05,0.000914874712424673,0.742694822649759
"TCGA.B5.A1MU.01A",2.95608421058503e-07,0.286270884656442,0.189278518214675,0.126960839953364,0.0748390245242752,7.70124068861063e-05,0.14879617540201,0.173777249233926
"TCGA.A5.A0RA.01A",1.00529288306043e-08,0.272842651183833,0.0640215654623313,0.0151939223899621,0.0185395236759712,3.45989348483817e-05,0.00276279550552156,0.626604932794603
"TCGA.BG.A0MK.01A",2.35093004849536e-08,0.145046342711591,0.0563439761879632,0.0386085443391686,0.0123293686869845,4.92391686471586e-05,0.00427862910467591,0.743343876291669
"TCGA.EO.A3L0.01A",1.99642359506005e-08,0.312499666699303,0.079940599326663,0.0310390345703412,0.0123658479885443,7.78162690566477e-05,0.0156227995383628,0.548454215643494
"TCGA.B5.A3F9.01A",1.56269550359052e-08,0.231633861340044,0.0637648534871974,0.0325736302001894,0.0282102952428796,5.15384494957096e-05,0.006568168927081,0.637197636726158
"TCGA.AJ.A2QO.01A",3.5878646551426e-08,0.117437823208632,0.0494798141192061,0.0136986851716477,0.0134140448376431,9.60787337777461e-06,0.00316249460173977,0.802797494309107
"TCGA.D1.A0ZO.01A",0.000162014784195032,0.142784732811355,0.0848774622330594,0.0550430927534112,0.0163271775289801,0.00023252811647152,0.017345906901824,0.683227084870704
"TCGA.AP.A1DM.01A",8.74369365771607e-09,0.104337488888657,0.0747118215666754,0.0318052675502722,0.00480918366749529,0.000238263632078068,0.0136778609235237,0.770420105027604
"TCGA.SL.A6JA.01A",1.2444366889017e-08,0.134530820570515,0.0474962013964504,0.00886910788850747,0.00807899567864063,5.91915736936404e-05,0.000316866044914861,0.800648804402911
"TCGA.EO.A22T.01A",0.00584102766601239,0.140713692976504,0.0912502334086574,0.0374227769054959,0.0231942470181388,0.00022624816555373,0.0278163422469367,0.673535431612701
"TCGA.B5.A11V.01A",2.01862479868407e-07,0.121481686564919,0.120383507614907,0.0359650984981895,0.00755670434310162,5.22069169865533e-05,0.00392485911449166,0.710635735084925
"TCGA.AP.A051.01A",0.0124658491665049,0.055351742536462,0.0516556503384264,0.0225310741182753,0.0351261077557334,0.000127056173561911,0.0115688647308508,0.811173655180185
"TCGA.AJ.A2QL.01A",6.02765588893036e-07,0.295151049696177,0.0655228533698247,0.0329236785298286,0.0452796140752089,0.00284652494299331,0.0273772420860445,0.530898434534334
"TCGA.BS.A0TC.01A",6.28693817898641e-08,0.299650482153606,0.0761062777553622,0.0100145920855788,0.0193790341932147,1.38695600027776e-09,4.46714796164641e-06,0.594845082407939
"TCGA.B5.A1MS.01B",2.45893324857075e-08,0.0852344701636359,0.0609463640225186,0.0316879986413983,0.00521187766179785,2.27992747891647e-05,0.0047167523411705,0.812179713305357
"TCGA.A5.A0R9.01A",4.95441492900284e-08,0.210197872666567,0.103185167623185,0.0335487158410989,0.0272914249358497,9.52079567728682e-05,0.0128818800218805,0.612799681410497
"TCGA.A5.A0GV.01A",3.65055027945054e-09,0.175023329695071,0.0649041455478041,0.0105521248611827,0.00608480083804488,9.44269335863264e-06,4.73014413967016e-07,0.743425679699575
"TCGA.B5.A1MZ.01A",4.58038803346108e-08,0.24298665947837,0.0805406436448817,0.0442849088668364,0.0235314366420755,0.000739995379306545,0.00863562628272637,0.599280683901923
"TCGA.D1.A1NW.01A",0.00548618481128448,0.0636313304310346,0.0432455069421091,0.0129951139139495,0.0180963361225497,0.000417768825469973,0.0162750090297045,0.839852749923898
"TCGA.AX.A2HF.01A",4.22636983641749e-08,0.082437930191505,0.0398705923119595,0.00609661316744581,0.027624326435679,6.36030965588996e-05,0.0157501032063435,0.82815678932681
"TCGA.A5.A2K2.01A",1.52174356721866e-08,0.431185066351223,0.0741025732812516,0.0109314713470855,0.0155531530435115,0.000293908195925832,1.04018218970666e-05,0.46792341074167
"TCGA.D1.A102.01A",2.08156443938442e-07,0.301316476489687,0.108257173477874,0.0534952879305856,0.0300810627652735,3.94445586211465e-05,0.00916420458944889,0.497646142032065
"TCGA.BS.A0UL.01A",0.0132269464367798,0.103151153683895,0.120123899203112,0.0912849425620983,0.0157158862503867,0.000688831258494385,0.040446830193783,0.615361510411451
"TCGA.BG.A0MA.01A",2.51465713300394e-06,0.148316973103813,0.112462758517984,0.0484476949575442,0.0162757474937489,0.000299959730343379,0.00360353759727749,0.670590813942156
"TCGA.EO.A1Y5.01A",0.00160766709079882,0.12443497114832,0.0781471405264028,0.0189821886207293,0.047051245663588,1.69918728083738e-05,0.0308560334273394,0.698903761650013
"TCGA.EY.A1GL.01A",8.02302578703361e-06,0.409789382909808,0.117716736104149,0.0265827828722179,0.0161885804876531,7.80266770798468e-05,6.38920459011914e-08,0.429636404031259
"TCGA.A5.A2K7.01A",4.70980041028893e-08,0.140947445384554,0.0720524061823923,0.0388708945853088,0.0273914751277447,0.000188557571147514,6.36521663788154e-07,0.720548537529185
"TCGA.EO.A2CH.01A",4.82872122765023e-09,0.17149575107921,0.0513981282997833,0.0046249590440435,0.0108124650182381,8.52517393746688e-05,7.88517909707266e-06,0.761575554811532
"TCGA.A5.A3LO.01A",1.33848142741545e-08,0.122659748973621,0.0518134624514777,0.0245490877671599,0.00665206580954708,0.000162187047956148,0.0150806062457275,0.779082828319697
"TCGA.EO.A3B1.01A",1.29203918805499e-07,0.299167549293437,0.1338713847339,0.0479960359968082,0.0250878980554366,0.00056050390625812,0.029316573537699,0.463999925272543
"TCGA.AJ.A3NC.01A",1.43141672442875e-08,0.296057742686491,0.0857521900419806,0.0163593220969686,0.0135438522111142,6.10849313090398e-05,0.00528772218255311,0.582938071535416
"TCGA.B5.A11U.01A",4.46786244593113e-07,0.085439787060119,0.409167582363097,0.112879105153804,0.0136779416566643,9.53599704910255e-05,0.00570767038662824,0.373032106622953
"TCGA.D1.A168.01A",5.75964771244623e-06,0.426543429683608,0.480860245300117,0.0724548606776979,0.0194701078146442,0.000508840424384144,0.000108206355019098,4.85500968172737e-05
"TCGA.AP.A0LV.01A",1.24917620868147e-07,0.25692417491577,0.124381471383648,0.0437924889422524,0.0253924136233968,1.95357450541967e-05,0.000988741071620269,0.548501049400637
"TCGA.A5.A0VP.01A",6.66726423528897e-08,0.202476765638145,0.0607257426522011,0.00704319134908745,0.0106308293044692,0.000189622985164234,0.00586220075008603,0.713071580648205
"TCGA.BK.A0C9.01A",4.67106971380368e-08,0.184544241134782,0.12306594458877,0.0265553858457747,0.0306357452912314,0.000460256014876187,0.0248173621785745,0.609921018235294
"TCGA.D1.A16N.01A",0.000109708231858728,0.29368990180566,0.251681569101375,0.0272522874876611,0.0373738513104385,0.000257787321481094,2.36491218282741e-06,0.389632529829343
"TCGA.K6.A3WQ.01A",4.51995946739808e-08,0.082353259586555,0.0602322311855008,0.0183991909167237,0.0106700703527482,0.000140827145217366,0.00166203654838362,0.826542339065277
"TCGA.D1.A3JP.01A",0.012422869924717,0.0724736420791185,0.0477037589825798,0.0299315236435878,0.0316253008366618,0.00063921440515298,0.0151195375971714,0.79008415253101
"TCGA.QS.A744.01A",2.24531004692839e-07,0.321883728636983,0.0880395357498972,0.0775389018101691,0.0121900298551085,0.000122511624187311,5.84356007339984e-08,0.500225009357049
"TCGA.BK.A4ZD.01A",0.0038370023297979,0.17686969856299,0.0446128128767905,0.0228087608087689,0.00806338410172795,4.23133714862467e-05,1.76700490950565e-08,0.743766010278389
"TCGA.AJ.A2QM.01A",1.20417742055819e-08,0.561130801515521,0.112437177387231,0.0262309547117725,0.0219041554472761,0.000138076636651267,0.000326702096234652,0.27783212016354
"TCGA.FI.A2F8.01A",2.43771173156648e-09,0.105353125618279,0.083893418087194,0.0258391908194348,0.012539162034123,0.000360722253046605,0.00466103953196585,0.767353339218245
"TCGA.AX.A1CA.01A",0.0157289077258945,0.0541051579593577,0.0499457794953565,0.0126080307918157,0.0118806918268489,3.39013674310633e-05,0.0166558823667383,0.839041648466557
"TCGA.EY.A1GQ.01A",0.00174910507973004,0.0631975797871869,0.098102104421881,0.031953534557926,0.0065249601758051,0.000391723433243991,0.00291250341665223,0.795168489127575
"TCGA.DI.A1BY.01A",0.0153620044381029,0.113636438721844,0.0660357165554171,0.0270699249551906,0.00925411150318974,0.000184844284013672,0.0167300288805663,0.751726930661676
"TCGA.BG.A2AD.01A",7.61540162133491e-08,0.174098439159499,0.0845960437636855,0.0356791363535093,0.00939415655207538,1.81848004744742e-06,1.08045791881434e-06,0.696229249079249
"TCGA.EO.A3B0.01A",0.00622133908068499,0.0844688269071167,0.0626786397200022,0.0523072279498196,0.0501516557250892,7.33322958575432e-06,0.0153259552817264,0.728839022105975
"TCGA.D1.A16X.01A",0.0122009914089394,0.2391125027969,0.154514433384481,0.0199972156297723,0.0458530343559499,0.000108285658260306,0.0310448366964451,0.497168700069252
"TCGA.EY.A1H0.01A",2.21931440690104e-08,0.222550512951657,0.0526951339058388,0.0102035649151344,0.00889501263524554,0.000159781976272587,2.22359211452078e-08,0.705495949186786
"TCGA.B5.A3FD.01A",1.74273071473921e-08,0.203649677365919,0.0746237922688098,0.0237275400589432,0.0170836445534429,2.22053474478423e-05,0.00109630455535063,0.67979681842278
"TCGA.BG.A0YU.01A",1.66216527043386e-08,0.0348712004029914,0.0357042131739905,0.0200746836778532,0.00433090032620109,0.00015184028266838,0.00575702136563631,0.899110124149006
"TCGA.EO.A3AY.01A",1.07039310533421e-08,0.178956772080252,0.0542499944011224,0.015115451908968,0.0287713013632005,9.8940497219271e-05,0.0482993743761238,0.674508154669183
"TCGA.EY.A548.01A",1.3870868489063e-06,0.131933554528828,0.0448628035168852,0.0301445934782115,0.0145451572587184,5.68768738625006e-06,0.005908998526803,0.772597817916319
"TCGA.D1.A16E.01A",7.48947848648938e-08,0.511246426439321,0.118069430935501,0.0185671626837584,0.0384725360194539,0.000191633585502999,0.00336101216182913,0.310091723279848
"TCGA.AJ.A3NE.01A",1.61289135537313e-08,0.387766830595839,0.100144087476839,0.0411968231037726,0.0245491955119591,7.33809999848878e-05,0.0109110719079672,0.435358594274724
"TCGA.BS.A0TD.01A",6.40158936016914e-09,0.24417990088761,0.0616851066479856,0.0129465815759998,0.011869942227949,5.41864613360735e-05,0.0173150481562022,0.651949227641328
"TCGA.EY.A2ON.01A",6.63006574090127e-10,0.0482994935314103,0.0612518270647127,0.00922858557956693,0.0233569908191449,1.42738091465905e-05,6.89641887120844e-05,0.8577798643443
"TCGA.D1.A0ZP.01A",2.89341309394438e-09,0.117393000003784,0.062179156278057,0.0380135824858129,0.0125127078133786,1.64528638311659e-05,8.56490999495844e-05,0.769799448561773
"TCGA.EY.A1GT.01A",1.42355367635014e-08,0.421864224430389,0.227582768236059,0.0407273861866918,0.0163452824270867,0.00036206471518902,1.28430198768686e-06,0.29311697546706
"TCGA.BK.A0CC.01B",5.0547201806212e-09,0.139960637701967,0.0494214722623516,0.0864037779037053,0.00743277674592954,0.000519035251201492,0.00179298149801985,0.714469313582105
"TCGA.KP.A3W4.01A",1.68346483520665e-09,0.125285679151483,0.083642205841432,0.0804862210093034,0.0193368675126477,4.9332145089847e-05,0.00548340133263914,0.685716291323941
"TCGA.FI.A2D6.01A",0.00976982542992621,0.0926460718802095,0.089584214003603,0.0263714697788668,0.0956465323416198,4.11106800974471e-08,0.0269332902345108,0.659048555220584
"TCGA.BG.A0MQ.01A",4.23409153513826e-08,0.0675237483680929,0.0811399088777366,0.0122859299515261,0.00648044187687416,0.000282770019217767,0.00262897238119594,0.829658186184441
"TCGA.D1.A16Y.01A",2.7249111446478e-08,0.174444495432349,0.249585940074039,0.0181449914538517,0.00893997488013775,0.000220538128881585,0.000538478011045649,0.548125554770583
"TCGA.A5.A0R7.01A",0.00722692620302858,0.0710986849085639,0.128452806620071,0.0676901407830277,0.00658949028159505,0.000135022229801776,0.019756404847511,0.699050524126401
"TCGA.BG.A186.01A",0.000664679109609812,0.164075562329885,0.0723539508496022,0.0210856817532852,0.0128360349842015,9.04153226435205e-05,0.00576179273855874,0.723131882912214
"TCGA.AP.A05O.01A",6.90793021615314e-08,0.511156562103482,0.0869951273871906,0.019919229165228,0.0524105365250813,0.000230229334490308,0.0049349344425703,0.324353311962655
"TCGA.AJ.A3BF.01A",6.32801646990321e-08,0.202820249160804,0.073741701352448,0.0193132161961124,0.0137210726912613,0.000337503831784852,0.00237216594926633,0.687694027538159
"TCGA.BG.A0VT.01A",6.37810957266158e-09,0.140265533062721,0.109486967887003,0.0254061569732885,0.00934805587488681,7.75203391589232e-05,0.00507394069543139,0.710341818789401
"TCGA.AP.A0L9.01A",6.26907016991984e-09,0.192275147719348,0.0562864244431328,0.00797090912519678,0.0139654506192556,7.45215282040673e-06,8.17931603923475e-08,0.729494527878016
"TCGA.AX.A1C9.01A",0.0128587451674341,0.128728390004518,0.0501331514853665,0.0200078474258781,0.0275481613784006,6.73706631152538e-05,0.0107575374923396,0.749898796382948
"TCGA.D1.A16R.01A",1.6055977114194e-08,0.333445469330464,0.164865506820624,0.0425373775467945,0.0273465534990771,0.000297143531929634,0.0146431815585364,0.416864751656596
"TCGA.BG.A3EW.01A",3.81224326481642e-07,0.280971837953153,0.115089539406026,0.0161364547253958,0.0158602749510918,4.83663950633755e-09,0.00016381200660344,0.571777694896764
"TCGA.AX.A2HD.01A",2.16861457288711e-08,0.270725613052267,0.105166152118594,0.0170596955640145,0.0219701607877105,0.000226648704739363,0.00128907987534921,0.58356262821118
"TCGA.AJ.A3TW.01A",6.91928886312865e-09,0.163060845015023,0.0462784789055089,0.00668431828522009,0.0690703963598551,1.77345674156926e-05,0.00547892387078432,0.709409296076904
"TCGA.AJ.A3OK.01A",0.00142995957666982,0.0215105399013498,0.0568174835530628,0.0637905818861129,0.0112878878711876,0.00096982169178914,0.0170674265081872,0.827126299011641
"TCGA.FI.A2EW.01A",2.07208827846128e-08,0.114420550528967,0.0429284358773705,0.00964951956532547,0.0055929892361506,0.000244413065643215,0.00180820172521098,0.82535586928045
"TCGA.BG.A0M2.01A",1.08696040698278e-07,0.142477336596627,0.0653458845068018,0.0158546334893511,0.00601341444457158,7.87328667566665e-05,0.00945429770642584,0.760775591693425
"TCGA.AX.A1CI.01A",2.26462363666712e-08,0.107448573199742,0.0323256151306368,0.00556592277902094,0.00599016730484206,9.79331578804074e-05,0.000237140784548313,0.848334624997093
"TCGA.A5.A0GR.01A",0.089826870657931,0.204398553794723,0.084493249350707,0.0232580362438106,0.0214899087266489,0.000242389352981179,0.0341153596473533,0.542175632225845
"TCGA.D1.A0ZN.01A",1.21752626483088e-09,0.341824978908597,0.156133665159895,0.0483582443398348,0.0296156953692803,7.1040419269742e-05,0.0115462500104517,0.412450124575145
"TCGA.BS.A0TG.01A",1.37657961780062e-07,0.649980779250203,0.158692039760994,0.0657062523667927,0.0399418099693994,7.00334766210381e-05,1.74608570149995e-07,0.0856087729094575
"TCGA.BG.A0MO.01A",1.33473295757981e-08,0.225640057900577,0.0982448575157814,0.0102739051514923,0.017278735922281,4.24607999192065e-05,0.0135148601497451,0.635005109212875
"TCGA.D1.A15X.01A",9.83640388470588e-08,0.19263947590937,0.0692125008226641,0.00424271361992309,0.0178203545912477,0.00067023479160774,0.0674699170930003,0.647944704808148
"TCGA.B5.A0K8.01A",0.00312083057358255,0.0637225824643341,0.0330630317203991,0.0152987020040107,0.0106837402267937,0.000125964810614598,0.0184029967737932,0.855582151426472
"TCGA.DI.A1BU.01A",1.24199980259981e-07,0.0765972863485009,0.0532663615835449,0.0352384362977668,0.0218274398088107,6.77535032548495e-06,0.0261557105142129,0.786907865896858
"TCGA.EY.A1GI.01A",1.72886045192179e-08,0.255598942868278,0.0697036671429015,0.0395074438872949,0.0198357986561712,3.48267727092388e-05,0.00688193502601707,0.608437368358023
"TCGA.EY.A215.01A",5.10444872283345e-09,0.0849054790841967,0.030962875587321,0.00649164610692557,0.00330943318312996,9.05521912556148e-05,0.0375978646472977,0.836642144095425
"TCGA.D1.A3DG.01A",3.05793676932805e-08,0.0946230974229992,0.0726486080885978,0.0115248037340913,0.0258140771376141,3.41239794358302e-05,2.38174021232692e-08,0.795355235240492
"TCGA.EO.A22U.01A",0.00129834355789274,0.125339668605773,0.0455843356767651,0.0264269084509552,0.01081802889836,2.59861183412258e-05,0.0089236863527792,0.781583042339134
"TCGA.AX.A3FW.01A",2.7053995115853e-09,0.0621653343386915,0.015374911642273,0.00463178023615856,0.00467231186088204,2.6851878426438e-05,0.000712447553923423,0.912416359784246
"TCGA.AP.A1DP.01A",9.38680620383597e-10,0.133885374842867,0.0449201814687308,0.0120781303429577,0.00780942018507296,5.99848117265505e-05,0.00069423963246697,0.800552667777498
"TCGA.A5.A0GG.01A",0.0157061314931708,0.0836590737527309,0.130216216697346,0.0508049044361585,0.0240590936493562,0.00038980787652129,0.0225889977178206,0.672575774376896
"TCGA.AP.A05D.01A",7.73049626571345e-09,0.135874716144672,0.100179445758946,0.0126485665302095,0.0516420904453165,0.000436462209120298,0.0182875358105161,0.680931175370724
"TCGA.KP.A3W3.01A",0.000504907956128686,0.0602349454900563,0.0628123700823202,0.0200009108763879,0.0486589578938283,4.55133648252861e-05,0.00363205933171845,0.804110335004735
"TCGA.B5.A5OC.01A",0.0106159518392338,0.206953656376414,0.125346342029566,0.0733026536291694,0.0411512375256526,0.000111679995880261,0.0576206998344401,0.484897778769644
"TCGA.BG.A0MU.01A",1.72856375285477e-07,0.211102449905406,0.117779305398482,0.0102036821947472,0.0168910664622622,2.47848152679183e-05,0.0112106007644285,0.632787937603031
"TCGA.D1.A0ZV.01A",8.08891253760815e-07,0.240384370351761,0.0819204315071587,0.021199600311848,0.047335551845508,0.00019667407151019,0.0266647310471222,0.582297831973838
"TCGA.EO.A22X.01A",3.06529871362039e-08,0.100355036358626,0.0934697675483781,0.0725903265380191,0.0391027565950026,1.16590093075203e-05,0.00223724439448597,0.692233178903193
"TCGA.B5.A11O.01A",1.12500236594655e-08,0.275320245809651,0.121907870233787,0.0631789353246518,0.0222080478000804,0.000168377165464038,0.0118776828036922,0.505338829612651
"TCGA.QS.A5YQ.01A",2.57276325731941e-06,0.197970003818239,0.059261737866252,0.0365174903371612,0.0245179850288548,1.34083872600518e-05,0.0351839679782502,0.646532833820726
"TCGA.EY.A54A.01A",1.88937272639056e-08,0.125485281337584,0.0791652694517751,0.0355255721992466,0.0301148337967267,0.000104085812147107,0.00614377533655278,0.72346116317224
"TCGA.D1.A3DH.01A",3.8934342643301e-08,0.458434601385342,0.0975682680135362,0.0197889288501884,0.0155841925877376,0.000163117730660979,2.48625688492173e-07,0.408460603872504
"TCGA.B5.A0JX.01A",4.73859308444884e-08,0.547969599552497,0.122794649291649,0.034208487158235,0.0455094208516654,0.000370278910366375,0.00765341974718827,0.241494097102468
"TCGA.AX.A3G4.01A",0.00642482222109664,0.0424080571379692,0.153941549951603,0.0781908823068425,0.00494563227099612,0.000196826343098335,0.00658551768222219,0.707306712086172
"TCGA.B5.A0K3.01A",2.12113799524795e-08,0.214159063412739,0.0499134748282079,0.00693833777481919,0.0192862766493053,5.43878258175778e-08,2.90530289980893e-05,0.709673718706724
"TCGA.B5.A11R.01A",1.40838871111195e-08,0.181816606778036,0.0544169376911025,0.0131855743873719,0.0139315137859448,8.57043422483214e-05,0.0181655481453458,0.718398100786064
"TCGA.D1.A17K.01A",4.22565631672676e-08,0.172401698727596,0.0607759417648596,0.0069602053120274,0.0109846566834196,7.69889461419409e-05,0.00562978700584823,0.743170679303544
"TCGA.D1.A17T.01A",3.43458379035408e-09,0.298184021677278,0.100920997709653,0.0130136817919382,0.0272051577812324,0.000156610670994913,0.00680183234217482,0.553717694592146
"TCGA.5B.A90C.01A",1.72063851886634e-08,0.0909116298951359,0.0680277971391744,0.0222342853083724,0.00945055444406546,1.74554432042097e-05,0.00268422228905432,0.806674038274608
"TCGA.A5.A0G1.01A",0.0269794135874245,1.02725023497579e-08,0.0644812638002188,0.0160738354554938,0.147327372084962,0.000220884317240543,0.428620060510972,0.316297159971187
"TCGA.DF.A2KZ.01A",1.71571980089432e-07,0.650672706100635,0.155826264991671,0.0491601776921739,0.030593694054448,5.96080433962487e-05,5.76995510055064e-09,0.11368737177574
"TCGA.B5.A11P.01B",2.70007372007565e-08,0.454511259595383,0.106000232248704,0.0118905254817012,0.016415213201836,2.399962237692e-07,1.24096205715194e-06,0.411181261513358
"TCGA.A5.A0GW.01A",0.0243359498433893,0.31329674792222,0.187537377195403,0.0774038815462027,0.0403879312322441,0.000611919626776152,0.0508551638425021,0.305571028791262
"TCGA.D1.A160.01A",0.00190982304889279,0.0917460499828966,0.0698326130321501,0.019365797099662,0.0174074342762514,0.000136001495866926,0.0210072847001504,0.77859499636413
"TCGA.A5.A3LP.01A",0.000352713172051985,0.635124822490876,0.13644131504011,0.0109593280620253,0.0334570435776507,1.61867217561699e-10,4.40237168011331e-08,0.183664733471702
"TCGA.AX.A2HA.01A",9.17111820944272e-09,0.101383937058376,0.0363017481060333,0.00399626091144239,0.00626381652081349,0.000247565413796034,0.00783893972866563,0.843967723089755
"TCGA.EY.A1GH.01A",4.4716544364992e-10,0.169724321684466,0.0395487614907919,0.0177347944683079,0.0147948543452325,6.05384357483398e-05,0.000912662067568693,0.757224067060719
"TCGA.AJ.A3EL.01A",0.025246627932777,0.0609131572328743,0.046181434446231,0.0717274048967343,0.0500775486143634,8.80697882318218e-05,0.0526067427552808,0.693159014333507
"TCGA.EY.A3QX.01A",0.00421891656064139,0.0773872013817492,0.044743034824962,0.0103490218626327,0.013765034351437,7.20744493882815e-05,0.00404238252468349,0.845422334044506
"TCGA.B5.A11F.01A",2.18633060769358e-06,0.158434568592246,0.080836138743493,0.0455854386905178,0.0115347660605805,0.00018043754411243,0.000324329288528582,0.703102134749914
"TCGA.EY.A1GX.01A",7.31567928839227e-08,0.0979056723030999,0.0579716555554995,0.00126871344282113,0.00324710241524569,1.99133596170972e-05,1.28176782651162e-07,0.839586741590141
"TCGA.D1.A15V.01A",8.36857209061937e-09,0.102052547804668,0.0690708352964007,0.0124647115499433,0.0197557553565875,0.000207829299712928,0.0187778105051279,0.777670501818987
"TCGA.AP.A0LO.01A",2.90472438277751e-08,0.0912263733699979,0.0355536204431307,0.0202978650755102,0.00928768499113829,7.76180691810515e-05,0.00450788031717826,0.83904892868662
"TCGA.D1.A1NX.01A",1.02899780361804e-07,0.189812068566694,0.0669241096205305,0.0134770850099058,0.0131320242566389,1.52980902138408e-05,5.54284481235133e-05,0.716583883108113
"TCGA.B5.A0JV.01A",1.10976665207182e-07,0.190253097832019,0.0553941235860959,0.0201674405430492,0.0125391114107187,0.000120331412077314,0.00445386858860348,0.717071915650772
"TCGA.AP.A5FX.01A",0.00883964523001364,0.0463452660050591,0.0253440477709371,0.0069097578474777,0.0030215345015158,0.000242173743011558,0.00974629200757316,0.899551282894412
"TCGA.AJ.A3EK.01A",0.0158989464894926,0.174514317868556,0.095252336186788,0.0511056594806096,0.0401014628001869,9.93442048742243e-05,0.0224565749751033,0.60057135799439
"TCGA.AX.A1C8.01A",1.312037755283e-08,0.101971042981047,0.0247070370723482,0.00902691213030437,0.00893012218859984,1.56476992430914e-05,0.00140600411970031,0.853943220688379
"TCGA.AX.A0IU.01A",0.0019928140100961,0.130717069710839,0.0637173253994581,0.013718631227757,0.00687283084560094,2.71885247166897e-05,0.00235622804220563,0.780597912239327
"TCGA.A5.A0R6.01A",2.809814055445e-08,0.117030087954392,0.119055099387383,0.0246906848191182,0.0102296221113877,0.000295779367783199,0.0110358947807351,0.71766280348106
