,B Cells,CD4 T,CD8 T,DC,Endothelial Cells,Fibroblasts,Macrophages,Mast Cells,Monocytes,NK,Neutrophils,Cancer Cells,cancer_type,algo,reference_dataset,sample_id
0,0.012655477109505,9.00994895307743e-07,0.0001883305577865,0.0094518467672493,0.0004426948484471,0.0020351796134843,7.074668119914221e-09,0.0002080782088223,0.105674064565345,0.0001775494873343,0.314748076848851,0.554417793923611,KICH,EPIC,gbm_abdelfattah_12,TCGA-KL-8325-01A
1,0.017206757241646,1.03611487126885e-05,0.0002056798252358,0.0889519406322133,0.0014846474644264,0.0023095882887737,0.0019356162380589,0.0002043136259242,0.0364962412043843,0.0008394439359307,0.0571243795965779,0.793231030798116,KICH,EPIC,gbm_abdelfattah_12,TCGA-KO-8411-01A
2,0.0103570723475546,0.0007616192175958,3.35180051843639e-07,0.0666964563352105,0.0004902504785111,0.0033368470867507,8.82917448801308e-05,0.0005783272218515,0.0643099724750704,0.0007896928611413,0.151847498315381,0.700743636736001,KICH,EPIC,gbm_abdelfattah_12,TCGA-KL-8331-01A
3,0.0074400093166611,3.66686913983703e-05,0.0003598893236323,0.0212892333587098,0.0005443920864971,0.0020000787250238,0.0025014719277677,9.51855244811741e-05,0.0152582211345629,0.0022613416484913,2.67725550908317e-07,0.948213240537223,KICH,EPIC,gbm_abdelfattah_12,TCGA-KO-8409-01A
4,0.0048861243199057,0.0002672261587326,0.0011134845939284,0.120151433227337,0.0006141960065496,0.0025602868783894,0.005867719343136,0.0005394337352726,0.0595944939057735,0.0022606027977964,3.00391954749704e-08,0.802144968993983,KICH,EPIC,gbm_abdelfattah_12,TCGA-KM-8439-01A
5,0.0170445160509882,0.003699312318244,0.0004016177973413,0.245583566841762,0.0008806278297448,0.0047075369022931,0.0039327278910392,0.0001397454606322,0.0999939768676063,0.0021209506382731,0.0091003238561041,0.612395097545972,KICH,EPIC,gbm_abdelfattah_12,TCGA-KN-8423-01A
6,0.0054229665112703,0.00039549932297,8.50011427075164e-08,0.0745396659732133,0.0011071590651856,0.003395177535664,7.68548062976215e-06,0.000390707231146,0.107965689709446,0.0014858244343215,0.358329915782352,0.446959623952659,KICH,EPIC,gbm_abdelfattah_12,TCGA-KL-8339-01A
7,0.0122160617034905,0.0021025104031048,1.49997535020874e-07,0.360238553762681,0.0030572503004978,0.0082365830429562,0.0114542597614724,0.0015343629939767,0.19698595870017,0.0034640320242073,8.62274735469393e-06,0.400701654562554,KICH,EPIC,gbm_abdelfattah_12,TCGA-KN-8434-01A
8,0.0119626077307415,3.89137261100546e-06,0.0028156656342603,0.21599781173231,0.0023142174029732,0.0052010497829306,0.0060242851997127,0.0003110815509221,0.0893489076338317,0.005464427630458,0.0658439264124485,0.5947121279168,KICH,EPIC,gbm_abdelfattah_12,TCGA-KL-8342-01A
9,1.3781024228996e-06,2.96847871771491e-06,0.0023107953180695,3.410758209902e-06,0.0003292188048104,0.0144434572909331,3.4913419873176296e-11,0.0004054185327462,0.234164833673835,0.0009469559131946,0.747391553259065,9.833081912294871e-09,KICH,EPIC,gbm_abdelfattah_12,TCGA-KN-8428-01A
10,0.0072002580063922,0.0010191253517115,2.63198697474736e-07,0.0801179533841976,0.0006835888936852,0.0031642337013552,0.0033118001868115,0.0002671922930204,0.0463122895294778,0.001025438086104,5.97970333270617e-06,0.856891877665214,KICH,EPIC,gbm_abdelfattah_12,TCGA-KO-8416-01A
11,0.0123654948001857,0.0014028997038315,1.38572837394307e-07,0.354767684218222,0.0028715327305298,0.019247306131802,0.0051903222089969,0.0003185007666572,0.0989057535241181,0.0011377648979262,0.0762207144311922,0.4275718880137,KICH,EPIC,gbm_abdelfattah_12,TCGA-KL-8344-01A
12,0.009572241251802,0.0011619967113397,0.0009623343413879,0.213681933888729,0.0008028157401364,0.0112519226220333,0.0122866742266449,0.0004891365685529,0.047223079726762,0.0019501885293876,3.23770469781338e-07,0.700617352622754,KICH,EPIC,gbm_abdelfattah_12,TCGA-KM-8441-01A
13,0.0187188945417795,1.05714413787356e-07,0.0009602050538061,0.148061279829015,0.0007698852268705,0.0106307488150024,0.0028010600245786,0.0002104943816693,0.0768055625279506,0.0010319321789526,0.170049315013232,0.569960516692729,KICH,EPIC,gbm_abdelfattah_12,TCGA-KM-8442-01A
14,0.0090478640586019,7.97215029720759e-05,1.40545292470316e-05,2.15502427071809e-06,0.0002515402452988,0.0028631374723822,4.40471351214748e-08,0.0002342695797159,0.101061267529847,2.6920227171943e-05,0.0906818296908335,0.795737196092523,KICH,EPIC,gbm_abdelfattah_12,TCGA-KL-8346-01A
15,0.0105052461396356,4.06128267398654e-06,0.0004411118137527,0.0144513140868702,0.0006789028162957,0.0022444300270298,3.77080549517855e-10,0.0002794216694114,0.115761749285773,0.0003178190589229,0.0891142613237349,0.766201682118819,KICH,EPIC,gbm_abdelfattah_12,TCGA-KL-8341-01A
16,0.0111218174651562,0.0002007005914609,1.09209697587219e-07,0.0279968154733032,0.0003819529871463,0.0026888132691184,5.10510328290358e-06,0.0001791211670956,0.0332810052063514,0.0005370298741226,0.119366519232986,0.804241010420279,KICH,EPIC,gbm_abdelfattah_12,TCGA-KL-8330-01A
17,0.0057353572990034,0.0006038220796636,6.36212475179961e-06,0.0486140017875195,0.0007516085621916,0.0017383300823424,0.0002726677630617,0.000271376592778,0.0254348253698947,0.0017572724554686,0.102913214661252,0.811901161222072,KICH,EPIC,gbm_abdelfattah_12,TCGA-KN-8431-01A
18,0.0097828033502495,0.0026405542053357,6.29035399860748e-05,0.0744600780527983,0.0012010450638231,0.0036222858361942,0.0096381155227204,0.0006659174455356,0.0785337207092338,0.0018645607732018,8.80572917615854e-07,0.817527134928004,KICH,EPIC,gbm_abdelfattah_12,TCGA-KO-8403-01A
19,7.73742157298306e-05,0.0109098915164235,0.0078519551927207,0.0032393449390335,0.0015283510606121,0.0339980243355692,0.0280297978137321,0.0003018670024247,0.508443557862969,0.0060463200890168,0.399573429972158,8.59996095532483e-08,KICH,EPIC,gbm_abdelfattah_12,TCGA-KO-8405-01A
20,0.018752227910726,0.0006440163956503,7.75920545649913e-10,0.0525831089415716,0.0008599485633277,0.0041907650874705,1.96188662669957e-06,0.0002997829071156,0.0510130593165105,0.0002844370695257,0.142279260538879,0.729091430606676,KICH,EPIC,gbm_abdelfattah_12,TCGA-KN-8435-01A
21,0.0069475260403265,0.0056994591371,3.43406297064396e-10,0.191959716575994,0.0013035784858113,0.0027340785749056,0.0016615167905382,0.0001418419549742,0.0606335405953878,0.0007048237748133,0.128065515938776,0.600148401787967,KICH,EPIC,gbm_abdelfattah_12,TCGA-KN-8419-01A
22,0.0074330578405767,5.00528942915378e-05,1.57707082580878e-05,0.0370410022862734,0.0004407509513578,0.0019050925034483,0.000132876210876,8.49342919507473e-05,0.0213405489512607,0.0006762115127085,0.0733175536212665,0.857562148227732,KICH,EPIC,gbm_abdelfattah_12,TCGA-KL-8337-01A
23,0.026537288819439,0.0012529126582682,8.09012600669615e-07,0.138267075515045,0.0022475978655438,0.004373089328218,0.0025575007990123,0.0001923197324086,0.0765070109232887,0.0012420321106879,0.136799210512371,0.610023152723116,KICH,EPIC,gbm_abdelfattah_12,TCGA-KL-8332-01A
24,0.0272726035307327,0.0054264572706993,0.0003943067467197,0.23290883421312,0.0022874271551655,0.0106586524064263,0.0161579501600763,0.0012634039438957,0.161404114726316,0.0068680738334349,1.14300924698871e-06,0.535357033004166,KICH,EPIC,gbm_abdelfattah_12,TCGA-KO-8413-01A
25,0.0084717736796623,1.72321100595487e-06,0.0001915402672782,0.0502731165448285,0.000556010354234,0.0005974905267921,1.04334403988176e-06,0.0003847463462303,0.0726897426788768,0.0003422231493724,0.0515217736977385,0.814968816199941,KICH,EPIC,gbm_abdelfattah_12,TCGA-KM-8443-01A
26,0.16073519662772,0.0128651333732834,0.0004205708703733,0.462415853610911,0.0020541411226756,0.0313914682021956,0.0099614653021511,0.0002203237300899,0.101550051405606,0.0044757315231308,5.06072966811022e-05,0.213859456935182,KICH,EPIC,gbm_abdelfattah_12,TCGA-KL-8333-01A
27,0.0158488683874706,7.06195360562596e-07,0.001222488936119,0.293610438446948,0.0012286706853117,0.0099588839400334,0.0097430073260685,0.0006933910835998,0.159589027145996,0.0023333568822622,0.0019108292762066,0.503860331694624,KICH,EPIC,gbm_abdelfattah_12,TCGA-KL-8334-01A
28,3.38252837523619e-07,1.9248256836849e-06,5.94202363234556e-08,1.58175127230886e-07,2.13688195296906e-09,0.0089718454150978,0.0011421290665192,4.46905819076345e-05,0.0071883924030228,1.60279381621846e-07,0.982650154273738,1.45169565798697e-07,KICH,EPIC,gbm_abdelfattah_12,TCGA-KN-8427-01A
29,0.0086367051130271,4.22520322881895e-07,0.0011161799235406,0.0703931527283024,0.0005000848735701,0.004107980753021,1.41420926276427e-06,0.00040023136561,0.0419827037659588,0.0017249082562708,0.241312081399351,0.629824135091762,KICH,EPIC,gbm_abdelfattah_12,TCGA-KL-8338-01A
30,0.0093685504174336,0.0016724344788342,0.0015837035861512,0.190071227504312,0.0015163302463888,0.0065095030478787,0.0054116024439939,0.0001134397367131,0.0633790743214304,0.0062622841460135,3.00666771123421e-07,0.714111549404079,KICH,EPIC,gbm_abdelfattah_12,TCGA-KN-8432-01A
31,0.0193502508319908,0.0028786825451043,0.0012427035865686,0.23402472644695,0.000684279021259,0.0047650767044615,0.0036076088165695,6.81708206220213e-05,0.0825892480309775,0.0019345878221519,0.138719405790321,0.510135259583024,KICH,EPIC,gbm_abdelfattah_12,TCGA-KO-8410-01A
32,0.0035796622713296,0.0005626697429328,0.0001359884169336,0.0790117638837167,0.0004386522440225,0.0040980521898662,0.0063162877500679,0.0001897174355574,0.044308764807939,0.0006072982032746,1.02755542031359e-07,0.860751040298817,KICH,EPIC,gbm_abdelfattah_12,TCGA-KN-8437-01A
33,0.0412784277673789,0.0008123833128717,0.0046212501591131,0.208137126259814,0.0011804991753386,0.008812349475315,0.0077797342174876,0.0004234966219607,0.108736553184458,0.0030125386271717,3.8268985179815e-07,0.615205258509239,KICH,EPIC,gbm_abdelfattah_12,TCGA-KN-8430-01A
34,0.0032944302332917,5.31355173738919e-08,0.0006636480864548,0.0956961690774276,0.000471029151181,0.0043606365229684,0.0017141199994424,0.000567151819287,0.0454893585486951,0.0004115802099433,0.034406043305766,0.812925779910025,KICH,EPIC,gbm_abdelfattah_12,TCGA-KM-8477-01A
35,0.0145070164466934,2.67910815807165e-05,0.0018057115470666,0.0246297452149006,0.0007573797774381,0.0031307724267783,0.0054097380857187,0.0001454238372541,0.0320647787644815,0.0075365576115884,4.26862354891438e-08,0.909986042520264,KICH,EPIC,gbm_abdelfattah_12,TCGA-KO-8414-01A
36,0.013586057642339,0.0014223823725158,9.73051071290724e-05,1.24908817868183e-06,0.0009524789926785,0.0031396925938022,2.3482264641921503e-09,0.0004326915214468,0.179252673790783,0.0015810634688548,0.326625181622451,0.472909221451595,KICH,EPIC,gbm_abdelfattah_12,TCGA-KL-8323-01A
37,0.0092594373780358,0.0001101693450294,8.12036639735231e-05,0.0020001568751241,0.00050083582557,0.0019226849613355,1.26779628300705e-10,0.0001683042507926,0.0627791921641546,0.0002899522953439,0.0984582478725183,0.824429815241342,KICH,EPIC,gbm_abdelfattah_12,TCGA-KL-8328-01A
38,0.0133821399911359,0.0022718733618243,0.0003753361555237,0.0481941788323892,0.0014314946188515,0.0025220943441138,0.0072526562800079,0.0001954761492882,0.0673501875683737,0.0024435925246503,2.03504276241489e-07,0.854580766669565,KICH,EPIC,gbm_abdelfattah_12,TCGA-KN-8426-01A
39,0.0016661370193352,0.000390694856669,0.0013184873146072,0.11677000493648,0.0011955374703345,0.0021094176488487,0.0015423513046191,7.06202201395077e-05,0.130506582446829,0.0010081769600083,0.743409706165354,1.22836567758237e-05,KICH,EPIC,gbm_abdelfattah_12,TCGA-KL-8336-01A
40,0.0226552396669321,0.0057101679743731,0.0042744727817033,0.350199282366105,0.0008323696923155,0.0063564506145286,0.0113322939905403,0.0012243132606287,0.174200930743689,0.0044033718421059,0.268708312525524,0.150102794541554,KICH,EPIC,gbm_abdelfattah_12,TCGA-KL-8329-01A
41,0.0185818622476281,2.01295724271681e-06,0.0014926737462615,0.179071910987239,0.0018485657045368,0.004257179737369,0.0050793170653575,0.0002580892854852,0.114506280252765,0.0049711772371086,0.0588409717542186,0.611089959024788,KICH,EPIC,gbm_abdelfattah_12,TCGA-KN-8429-01A
42,0.0035365514616088,0.0001253458663901,8.88956482190166e-05,0.0118753544841474,0.0004894898844242,0.0020546557429033,1.75209514399451e-10,9.15452619564711e-05,0.055262376920671,0.0005741766691757,0.0425469035069231,0.883354704378371,KICH,EPIC,gbm_abdelfattah_12,TCGA-KL-8326-01A
43,0.015304704734305,0.0012674728354024,0.0012901648522663,0.236593310463223,0.0007767149733658,0.0033824245996156,0.0111637683589079,0.0001997399160617,0.0995036176429643,0.001967599750109,1.46448294965936e-07,0.628550335425483,KICH,EPIC,gbm_abdelfattah_12,TCGA-KN-8425-01A
44,0.0048934639989436,0.0001638980093104,0.0001710273383392,0.0266995997788859,0.000589197943159,0.0016866264983264,0.0010503122993366,5.83249889493943e-05,0.0045562160491478,0.0004443491589451,1.39979563929882e-07,0.959686843957092,KICH,EPIC,gbm_abdelfattah_12,TCGA-KL-8327-01A
45,0.005375073657316,6.42641139662633e-05,3.72462667571448e-07,0.116115982586513,0.0005054650832886,0.0053825985945378,9.7841828924405e-06,0.0001522399918064,0.0651165360211762,0.0002608366718567,0.3039073852264,0.503109461407579,KICH,EPIC,gbm_abdelfattah_12,TCGA-KL-8343-01A
46,0.0120731668446305,0.0009064270203945,9.31201124241366e-05,0.059249559562473,0.0009390494490939,0.0047445813964666,0.0005860680881112,0.0001659380857971,0.0416256290189001,0.0016491128476505,0.0613054834500523,0.816661864124006,KICH,EPIC,gbm_abdelfattah_12,TCGA-KL-8324-01A
47,0.0104568813274906,0.0014034086643922,0.0004583233115663,0.0534569746056517,0.0012197492264555,0.0081418480170823,0.0067275275182379,0.0001716447699849,0.0481229961258868,0.0014229546306496,1.0529922473116e-06,0.868416638810354,KICH,EPIC,gbm_abdelfattah_12,TCGA-KN-8433-01A
48,0.0118452049647192,8.73956729757008e-08,0.0004735175454976,0.0473122040221302,0.0005323050904167,0.0028565208088418,0.0001074665097269,0.0004461852132102,0.0200126726442409,0.0010851185680977,0.109821104291354,0.805507612946092,KICH,EPIC,gbm_abdelfattah_12,TCGA-KO-8417-01A
49,0.00973895924344,0.0022266387038741,0.0012114757931598,0.351903427345119,0.0005967053552041,0.0072830458775279,0.0063237407521545,0.0068596344300274,0.104079862933417,0.0045753926324273,0.0776848725730002,0.427516244360648,KICH,EPIC,gbm_abdelfattah_12,TCGA-KM-8639-01A
50,0.0111335372112469,1.67571695505373e-08,0.0009830935214525,0.0947126769020147,0.0010760130187247,0.0089305718786138,3.44853306326377e-06,0.000537318787798,0.117307317440576,1.3723300453292e-05,0.27777947596847,0.487522806680417,KICH,EPIC,gbm_abdelfattah_12,TCGA-KL-8340-01A
51,0.0001466951346648,0.000179180746235,8.13355523553493e-06,4.69401270273721e-05,0.0003609822401028,0.0471519304835294,0.0580929092378646,2.46571800395438e-05,1.11574088057944e-05,1.08401357434445e-05,0.893966562459834,1.12909181724785e-08,KICH,EPIC,gbm_abdelfattah_12,TCGA-KO-8404-01A
52,0.005893087966312,2.97869564137662e-05,1.40841841084452e-07,4.91573241526779e-07,0.0003631131996404,0.0016422959913372,2.0671294411693e-09,0.0001781502713125,0.080946109552423,0.0012128623593624,0.149865366482679,0.759868592738307,KICH,EPIC,gbm_abdelfattah_12,TCGA-KM-8440-01A
53,0.0111085278925307,1.44910828358201e-08,0.0006753630120154,0.0341783393984529,0.0007118314927246,0.0018088667250998,0.0007516626616057,4.95252879010308e-05,0.028545663727248,0.0006339678443487,0.0698050691421886,0.851731168324801,KICH,EPIC,gbm_abdelfattah_12,TCGA-KN-8436-01A
54,0.0180260303311466,0.002518215100959,0.0010230653541989,0.367241922161418,0.0021617434142598,0.0072219502900788,0.0154493315152692,0.002011697964272,0.243942132050061,0.0030688010215177,1.77359104037514e-05,0.337317374886415,KICH,EPIC,gbm_abdelfattah_12,TCGA-KN-8424-01A
55,0.0088571401716198,0.0003740863363641,8.21017198504688e-07,0.0891990175807774,0.0006657164910658,0.0029201459129796,1.12962389958509e-05,0.0002122367208981,0.0799476367870184,0.0003478082598713,0.263091977163326,0.554372117319885,KICH,EPIC,gbm_abdelfattah_12,TCGA-KO-8406-01A
56,0.0058429506555744,0.000852560168235,0.0001059088222492,0.0540324169821514,0.0014991233536137,0.0025513526582738,0.0026482436866311,0.0001249288418066,0.0368214977329827,0.0012331282638954,2.94261597362498e-06,0.894284946218613,KICH,EPIC,gbm_abdelfattah_12,TCGA-KM-8438-01A
57,0.0081842835575758,0.0003884173820585,4.40493375718643e-05,0.0597858821078236,0.00068104720863,0.0030663150973015,0.0008102336468224,0.000445621583875,0.0425646266041077,0.0010628827807633,0.106024765699359,0.776941874994111,KICH,EPIC,gbm_abdelfattah_12,TCGA-KN-8418-01A
58,0.0082671372969744,0.0007309424401319,0.0002534016510408,0.0518137000869658,0.0005402770366868,0.0100580939429224,7.493346945877441e-09,0.000134205884491,0.0494952936828919,0.0012147364244471,0.168064313229988,0.709427890830113,KICH,EPIC,gbm_abdelfattah_12,TCGA-KL-8335-01A
59,0.0038930318219943,0.0001251803475287,1.36700211538816e-08,0.0827634953334596,0.0009240059291943,0.0029416816109802,3.38438017702778e-06,0.0002791521218395,0.0560133958810887,0.0004321435300826,0.26301393393603,0.589610581437603,KICH,EPIC,gbm_abdelfattah_12,TCGA-KL-8345-01A
60,0.0150914652179742,0.0013598325688834,0.0025630803709077,0.149433123810293,0.002360249964609,0.0048583835814302,0.0043365150156365,0.0022429753997007,0.0657429353974589,0.0037303537630099,7.07069863452392e-07,0.748280377840232,KICH,EPIC,gbm_abdelfattah_12,TCGA-KO-8407-01A
61,0.0193787336002253,0.0009723158376289,5.97081250320028e-05,1.30590330255384e-05,1.10563896555562e-08,0.0020660045759337,9.2199924436936e-06,0.0001534062935777,0.180191070433897,0.0008708318639511,0.116576920042209,0.679708719145686,KICH,EPIC,gbm_abdelfattah_12,TCGA-KN-8421-01A
62,0.0090639908159351,1.18163056374207e-06,0.0007845634074088,0.144458487364097,0.0010049377799911,0.0032759315287064,0.0025807149843173,0.0001027342259328,0.130973100682189,0.002832817014091,0.569704614927887,0.135216925638881,KICH,EPIC,gbm_abdelfattah_12,TCGA-KO-8415-01A
63,0.0067461446656082,2.25816829614096e-05,0.0001962943251284,0.0560677821045472,0.0004379109166781,0.0036434325028525,0.001449144629797,9.85579573921397e-05,0.0141955896045327,0.0008391091810076,9.20369090849396e-08,0.916303360392585,KICH,EPIC,gbm_abdelfattah_12,TCGA-KM-8476-01A
64,0.0169244213858179,0.0008734365188723,4.16126765461422e-07,0.128819524810556,0.0012425425187419,0.0211863926488135,0.0001567564177466,0.0002577700687308,0.0535214500677071,0.0003453671729854,0.158043008766297,0.618628913496966,KICH,EPIC,gbm_abdelfattah_12,TCGA-KO-8408-01A
65,0.0719102810458779,0.0147129000296191,2.97932903982633e-07,0.101172644165339,0.0023838602590457,0.0138822066915986,0.0005565802923328,0.0003302631870859,0.0668476903014256,0.0047330972561645,0.72346936957583,8.09262776596121e-07,UCEC,EPIC,gbm_abdelfattah_12,TCGA-A5-A0R8-01A
66,0.0622342155807597,7.57267958537754e-05,0.001264177253208,0.172911529137558,0.0007440546266341,0.0466994213607608,0.0061631984334311,0.0002372907770266,0.152153233709776,0.000153006036391,2.28990254565742e-06,0.557361856386055,UCEC,EPIC,gbm_abdelfattah_12,TCGA-A5-A0G3-01A
67,0.0832415177797322,0.0091175021205688,0.0016053862428317,0.112690602752266,0.0011265290350185,0.0148846642556147,0.0021027709867782,7.89447096411036e-05,0.0863273257534143,0.0079800115517155,0.119771324353956,0.561073420458463,UCEC,EPIC,gbm_abdelfattah_12,TCGA-AP-A054-01A
68,0.0683922721900411,0.0163372192428274,0.0037846144330456,2.05989678986414e-05,0.006427827651452,0.0766287709766251,0.0189431421873883,0.0035124618242172,0.352469595627759,0.0138176084437318,0.438591296183216,0.0010745922717974,UCEC,EPIC,gbm_abdelfattah_12,TCGA-A5-A0GX-01A
69,0.0306730080393522,0.0036942574903825,7.81109706551364e-07,0.128087018623853,0.001041311031341,0.0184346342021341,6.83950780671659e-07,0.0005635522242721,0.05983495321553,0.0021578283254599,0.149974955137233,0.605537016649954,UCEC,EPIC,gbm_abdelfattah_12,TCGA-DI-A2QY-01A
70,0.238482690505369,0.006356187324502,0.011309595997669,1.53466527736781e-05,0.0005304720223961,0.0109428109146936,0.033451775447822,6.91661978028465e-05,0.0869397186492191,0.0121669530594558,0.599734994904298,2.88323998595983e-07,UCEC,EPIC,gbm_abdelfattah_12,TCGA-EY-A1GC-01A
71,0.121013384177212,0.0248334364383181,0.0002345110642185,0.242192173153512,0.0011040070161745,0.0208768554514084,0.0056052044070576,0.0002067138758263,0.24621383771447,0.0042020086493093,0.248710463781656,0.0848074042708374,UCEC,EPIC,gbm_abdelfattah_12,TCGA-A5-A0GI-01A
72,0.113344391194572,0.0015388268247199,0.0016487058159292,0.0990287763055462,0.0007449738218774,0.0263467532760649,0.003234727414897,0.0004741392748628,0.129434117089186,0.0004657578941944,1.20117999044039e-05,0.623726819288245,UCEC,EPIC,gbm_abdelfattah_12,TCGA-D1-A17S-01A
73,0.252084491562825,0.0110308812927049,0.0052648360748826,0.181124461347774,0.0004586419406723,0.0387281988013574,0.0060370315925397,0.0003580120941465,0.0635711561645428,0.0110658594973602,0.430276288985253,1.40645941753498e-07,UCEC,EPIC,gbm_abdelfattah_12,TCGA-EY-A5W2-01A
74,0.0403829430602859,0.0041676947303401,0.0018650651513898,0.0103285381612538,0.0006514448103128,0.0086125096446654,0.0002269042190036,0.000217164367083,0.101880671437669,0.0054684805568676,0.826190222657683,8.36120344606534e-06,UCEC,EPIC,gbm_abdelfattah_12,TCGA-D1-A1NU-01A
75,1.43446389407554e-06,0.0022835901802453,0.0003754926792207,0.0039645940137893,0.0031258386219033,0.043816774329902,0.0017975906569804,0.0005697518556034,0.135575032123809,0.0060434429370844,0.802402362374164,4.40957634037758e-05,UCEC,EPIC,gbm_abdelfattah_12,TCGA-BG-A18A-01A
76,0.074844467294515,0.0160684995597357,0.0003381991203127,0.104336115313267,0.0019350797749754,0.0456992960043475,0.0008246656818914,0.0002281932497761,0.0711750317766308,0.0043598706560379,0.680102611877066,8.79696914439623e-05,UCEC,EPIC,gbm_abdelfattah_12,TCGA-AX-A06B-01A
77,0.199202650878377,0.029039866701178,0.0154618440088809,0.233432900654965,0.0005719535823799,0.0090571419672176,0.0104545505832462,0.0011373949768189,0.137529977116552,0.0136631982818375,6.07123505927853e-07,0.350447914125042,UCEC,EPIC,gbm_abdelfattah_12,TCGA-E6-A2P9-01A
78,0.0650619844324822,0.0183576874505759,0.0126536491603495,0.198442781891272,0.000722128435697,0.0287333935598456,0.0119639808330653,0.0001133942357956,0.0681340756589378,0.0145483726752414,0.581268268948912,2.82717825704065e-07,UCEC,EPIC,gbm_abdelfattah_12,TCGA-PG-A917-01A
79,0.127068681666923,0.0039054145759168,0.0058029449364758,0.28126848433295,0.0005084573445033,0.107022107271467,0.0069773392661633,5.86515072290627e-05,0.0847530160300418,0.0062761834121771,5.85046202278746e-06,0.37635286919413,UCEC,EPIC,gbm_abdelfattah_12,TCGA-AX-A3FS-01A
80,0.0001591650753551,0.0018222542936174,0.0009708305154446,0.0001020108530451,0.0005887628549989,0.0148212200480764,9.920082129713031e-09,0.0003836638891178,0.0645944291463299,0.0025317261444256,0.914025803676599,1.2358290739939e-07,UCEC,EPIC,gbm_abdelfattah_12,TCGA-A5-A2K4-01A
81,0.144512571327047,0.0053199466603606,0.0006617543004047,3.87616704308637e-05,0.0009122166316898,0.0250777951423228,0.0083933104190465,0.0001080942642091,0.0993777039512818,0.0043446538803876,1.9691581949999e-06,0.711251222594624,UCEC,EPIC,gbm_abdelfattah_12,TCGA-D1-A1O0-01A
82,0.019049066580517,0.0069066207186048,0.0049308064692703,0.0005838866011744,0.0006680916446796,0.0214356075498334,1.05197781242418e-09,0.0004169911380483,0.0828433472898628,0.0351174129180892,0.828044401328532,3.76670941014841e-06,UCEC,EPIC,gbm_abdelfattah_12,TCGA-B5-A0JS-01A
83,0.0259171856302724,0.0045287464093652,0.0031408253734726,0.127598191325661,0.0007079051805908,0.0085640396592515,0.0013005351163983,0.0004111408223544,0.0487881424359133,0.0036082965132026,0.327933754870033,0.447501236663485,UCEC,EPIC,gbm_abdelfattah_12,TCGA-AX-A1CE-01A
84,0.124173492072572,0.033430102189284,0.0006893847670599,0.497239703907217,0.0023236682703028,0.0101424236005542,0.0170106541094715,9.47938412884929e-05,0.27644260764114,0.0067767199531361,0.0316444819516791,3.19676962957826e-05,UCEC,EPIC,gbm_abdelfattah_12,TCGA-D1-A17F-01A
85,0.32157821280674,0.0331778246254516,0.0053504782079431,0.0030600306094291,0.0003888166997082,0.0311631845372122,0.0101485510991694,9.53434224087752e-05,0.0739313271503541,0.0454685840977991,0.47563763409113,1.26526544571356e-08,UCEC,EPIC,gbm_abdelfattah_12,TCGA-EO-A3AV-01A
86,7.57354152033043e-07,0.0011573061917308,0.0007894643907873,2.88562447932962e-07,0.0011755655144507,0.0169437056603683,0.0097322165440659,0.0001520431499678,0.0497673885974885,0.0092325396064428,0.911044288011321,4.43641677661362e-06,UCEC,EPIC,gbm_abdelfattah_12,TCGA-D1-A17B-01A
87,0.0246640482686538,0.0023074289825126,0.018290728961703,0.204093872546464,0.0156639674758043,0.0629004117451073,0.0197123072695401,0.0003776525509368,0.155137565724235,0.0463291231587267,0.449989341576893,0.000533551739423,UCEC,EPIC,gbm_abdelfattah_12,TCGA-E6-A8L9-01A
88,0.0674544075574925,0.0044009998584596,5.96435332865669e-08,0.20504560185935,0.002315709218849,0.0097335208832528,0.002159098239315,0.000112096670858,0.0006216253794157,0.0023939010407722,0.307982095159996,0.397780884488705,UCEC,EPIC,gbm_abdelfattah_12,TCGA-EY-A547-01A
89,0.0045030609862022,0.0002570130135488,0.0001478492134143,0.0634507513522436,0.0003157413864045,0.0135372535737657,0.0008373433512863,0.0013854372936978,0.0115383715145309,0.0032778801871421,0.900735671376677,1.36267510864308e-05,UCEC,EPIC,gbm_abdelfattah_12,TCGA-AJ-A3OJ-01A
90,0.122707331969501,0.0148898099695415,0.00507626179551,0.221928215521212,0.0009446256619166,0.0329900716995848,0.0052615054776184,0.0004084389602865,0.133059749313298,0.0138549576489191,0.206599967102232,0.242279064880379,UCEC,EPIC,gbm_abdelfattah_12,TCGA-BS-A0TJ-01A
91,0.0878169018688696,0.0125497013038872,0.0001089251567301,0.193553367242326,0.0013784144324435,0.0080421790659083,0.0007117986604391,0.0001010938925231,0.109809151100793,0.0042595650328328,0.581589494138652,7.94081045944452e-05,UCEC,EPIC,gbm_abdelfattah_12,TCGA-BG-A0VV-01A
92,0.299176403580049,0.0305990896184344,4.56517066228413e-07,0.194928468652835,0.0015299445333624,0.0241634419316523,0.0152578612236049,0.000139753853297,0.20570584078517,0.0086396340010745,0.0001378278801904,0.219721277423264,UCEC,EPIC,gbm_abdelfattah_12,TCGA-D1-A16V-01A
93,3.0865361303172e-05,0.0072349877000529,0.0024176972333424,2.83366477054554e-06,0.000410201717652,0.014902374851116,0.0085004711062697,0.0001408029046662,0.133339170462801,0.0070790719728812,0.82594146361571,5.94094347956991e-08,UCEC,EPIC,gbm_abdelfattah_12,TCGA-EO-A22R-01A
94,0.268428433287036,0.0147560052911098,0.0078386700590666,0.0002131711723062,0.0016455817998396,0.0476604713169953,0.0133579524223264,0.0024602134874368,0.104794670461437,0.0089099669805018,0.529934858528001,5.19394351052529e-09,UCEC,EPIC,gbm_abdelfattah_12,TCGA-BG-A0MH-01A
95,0.0377751616634881,0.0109358582506918,0.0002819063994751,0.103497310647196,0.0003755761072164,0.0112378262722845,0.0001351466553387,0.0004140578936279,0.0686525195443764,0.0040833173344434,0.317015094500793,0.445596224731068,UCEC,EPIC,gbm_abdelfattah_12,TCGA-EO-A3KX-01A
96,1.71755809001179e-08,5.26975160444019e-05,8.39275442167844e-06,7.90440948356503e-07,0.0001137689431304,0.0088639726676552,1.7572515542035501e-10,8.97528930631377e-05,0.0665166200269037,1.90349742031982e-07,0.924353790421797,6.6349884324206e-09,UCEC,EPIC,gbm_abdelfattah_12,TCGA-AX-A0IS-01A
97,2.13310801956027e-05,3.9714223204649e-06,1.74345528136151e-06,1.22760734318351e-06,0.0002998435597379,0.0075429475908856,8.61842090446562e-11,0.0001988502373848,0.163802462830031,3.65505874094384e-06,0.82812395154612,1.55257744751597e-08,UCEC,EPIC,gbm_abdelfattah_12,TCGA-EY-A1G8-01A
98,0.68128627763945,4.54561337747799e-05,0.0003448636037537,5.60000152425634e-06,0.0009000489698299,0.0148697505525192,1.92035746088975e-05,0.0003231999350169,0.0560668702205048,0.0015702349311048,0.0338034491321549,0.210765045305758,UCEC,EPIC,gbm_abdelfattah_12,TCGA-EY-A1GW-01A
99,0.0061313357411351,0.0041845297087975,1.45982666902921e-06,0.0204688595798637,0.0004236217914119,0.015640336765861,0.0056022966291264,0.0009887449004399,0.262501299112997,0.0008578582345228,0.683195450706328,4.20700284727415e-06,UCEC,EPIC,gbm_abdelfattah_12,TCGA-BG-A0RY-01A
100,6.73057126714534e-06,8.37740639360987e-06,0.0002033411515858,1.72476268955422e-07,0.0001269364324927,0.0136974528648807,1.3407007072634099e-12,0.0007152435296652,0.0482137422125957,0.000538590143795,0.936489410624261,2.5854527863278903e-09,UCEC,EPIC,gbm_abdelfattah_12,TCGA-D1-A1NY-01A
101,0.0739408949986752,0.0099398051085975,0.004857333949869,0.279376474652531,0.0002820995440381,0.0243062243682025,0.0102069525003149,0.0001194028116045,0.24192520598748,0.0041482711669571,0.350897074974282,2.59937447645596e-07,UCEC,EPIC,gbm_abdelfattah_12,TCGA-B5-A3S1-01A
102,0.0419427021236764,0.0066948050584856,0.0068132641871145,0.506169683720758,0.0006380676967556,0.0314039366461298,0.0137985194363785,1.84322015622506e-05,0.018016160664006,0.006058823447298,0.36820108881568,0.0002445160021558,UCEC,EPIC,gbm_abdelfattah_12,TCGA-A5-A2K5-01A
103,2.68975436327445e-06,0.0006958974330556,0.0004105597225274,0.000123200085199,0.0007402738751383,0.0190317648099609,3.80315507628276e-10,0.0003989068865923,0.25763177378739,0.0001221389186902,0.720842747820943,4.65258237232043e-08,UCEC,EPIC,gbm_abdelfattah_12,TCGA-AX-A062-01A
104,0.236371064542077,0.0550984173005057,0.0105623473302679,1.46725666735153e-05,0.0004463994941478,0.0162232121092345,0.0574066019274519,0.00036560008258,0.0278318045148077,0.0620768413592225,0.533603027236981,1.1536050835293e-08,UCEC,EPIC,gbm_abdelfattah_12,TCGA-A5-A0G5-01A
105,0.0460894365070164,0.0075201819431232,0.0004519059360617,0.0121010918220619,0.0002704020741657,0.0079327114642383,5.23907630690768e-09,0.0005129808831129,0.167514920380093,0.0015869800925336,0.467486964564629,0.288532419093888,UCEC,EPIC,gbm_abdelfattah_12,TCGA-AP-A0LH-01A
106,0.0702069091546621,4.85095877360895e-07,0.0034090880279273,0.226314754435315,0.0003970281344258,0.0147927178741437,0.0047806043368604,0.0008017440749836,0.246850311149515,0.0031745008383295,0.278250025241433,0.151021831636527,UCEC,EPIC,gbm_abdelfattah_12,TCGA-BS-A0WQ-01A
107,0.0389213473462232,0.0004619113448396,7.37441182476865e-08,0.0348228656718828,0.0004407636014831,0.0087345342186584,0.0004821553868275,6.03630212166706e-05,0.0108649332201394,0.0002942631385295,3.06724404475694e-07,0.904916482581677,UCEC,EPIC,gbm_abdelfattah_12,TCGA-FI-A2EY-01A
108,3.08429710106119e-07,3.19836588071698e-06,0.000384840612264,7.63219490831427e-07,0.0001392088170835,0.007835887077199,8.51916592412929e-10,3.38766915546095e-05,0.108215079356252,9.82816642259981e-06,0.883376649889092,3.58523133971737e-07,UCEC,EPIC,gbm_abdelfattah_12,TCGA-EY-A549-01A
109,1.56022545664952e-08,1.08963596365662e-06,0.0007912901498903,3.2944241850947e-05,0.0002212658720957,0.0129177167358425,4.005852363046061e-09,0.0003568331079696,0.105273808607889,0.0037641295732327,0.876639871797064,1.03067009341754e-06,UCEC,EPIC,gbm_abdelfattah_12,TCGA-FI-A2D0-01A
110,0.120711758435446,0.0425044412136609,0.0025315990447223,0.552457312183619,0.0150075436832219,0.0462544099121282,0.0090918770777367,0.000479594473705,0.0682932064520663,0.0132399011729882,1.77565964515091e-07,0.129428178784741,UCEC,EPIC,gbm_abdelfattah_12,TCGA-BS-A0V7-01A
111,1.59469610871254e-06,4.12596558767002e-07,6.86443040380807e-07,3.45345635431986e-05,0.0004148460333626,0.0011249470951215,7.30831249009245e-09,8.96326283153409e-08,0.0493235814170504,1.07232229239879e-08,0.949099239406209,5.00848414759797e-08,UCEC,EPIC,gbm_abdelfattah_12,TCGA-B5-A1MW-01A
112,0.129169453326171,0.0228969119414104,0.0020044823921005,1.87916012410382e-06,0.0026851461756163,0.0161203317954826,0.0201095529166896,0.000882857249281,0.541819432162843,0.0119813585796175,2.83461274960538e-06,0.252325759687914,UCEC,EPIC,gbm_abdelfattah_12,TCGA-D1-A17D-01A
113,0.242322104397235,0.0287357884736556,0.16323134746716,4.14782370176783e-06,0.0004117175978258,0.0282357598689859,0.0729718920614183,0.000962953856756,0.0638566407557983,0.30693848520408,4.43092263642034e-07,0.0923287194011197,UCEC,EPIC,gbm_abdelfattah_12,TCGA-BS-A0TA-01A
114,4.11193174712188e-05,0.039523268429413,0.0437634308176351,2.32566292921822e-05,0.0010536721300884,0.0305879634292985,0.0552349594789328,0.0009532296082684,0.328062032636476,0.0934540237421767,0.407299296403829,3.74737711839919e-06,UCEC,EPIC,gbm_abdelfattah_12,TCGA-AX-A05Z-01A
115,0.261476630898829,0.0251934153664996,0.0012837464800047,0.0408975331637115,0.0021934419645211,0.0122461837056641,0.0092059207672436,0.0002799761716809,0.139124034587639,0.006685197522589,1.5357603564944e-05,0.501398561768052,UCEC,EPIC,gbm_abdelfattah_12,TCGA-D1-A17L-01A
116,0.0754177105535485,0.0169271968081569,5.31533773400872e-08,0.100533083398032,0.0016694635922839,0.0065703213526475,0.0052962457736107,0.0008427680078814,0.174124373916404,0.0048798602901622,0.613733774248603,5.14890529196943e-06,UCEC,EPIC,gbm_abdelfattah_12,TCGA-A5-A0GQ-01A
117,0.498996321312063,0.0100953274258066,0.0069727074719328,0.0135017063067734,0.0007746067347458,0.0138779931178066,0.0053775055829271,6.93621562253643e-05,0.0030861463549219,0.0073555639245989,0.43989243990733,3.19704869089555e-07,UCEC,EPIC,gbm_abdelfattah_12,TCGA-AX-A3G1-01A
118,0.0783750229067723,0.007175863151953,5.5533680293167905e-09,0.0999503134426667,0.0007292194262224,0.0247910607435503,0.0045610369027111,0.0017937550647959,0.327186342111601,0.0011235304619185,0.195859991928503,0.258453858305938,UCEC,EPIC,gbm_abdelfattah_12,TCGA-BK-A0CC-01A
119,0.649079553857794,0.0017667140770263,0.0591967903555482,9.2751441068279e-05,0.0041777688778636,0.0268235246807605,0.099841805171522,0.0001112967034006,0.0852440209305998,0.0736547815178082,1.08962398611985e-05,9.61467472736205e-08,UCEC,EPIC,gbm_abdelfattah_12,TCGA-D1-A1O8-01A
120,1.17560189635069e-07,0.0173687435462462,0.0031532694153609,5.79417923333423e-07,0.001510949272977,0.0134347197924197,0.0331321691746886,0.0017343135477642,0.187166477760862,0.0061095440924184,0.736388704256831,4.12162318509319e-07,UCEC,EPIC,gbm_abdelfattah_12,TCGA-DI-A1NN-01A
121,0.0770975794378246,0.0147311196074231,2.51536550559696e-06,0.0916567666709085,0.0004175498849232,0.0187611045879329,2.67981120741953e-08,7.45905061912201e-05,0.140819037790689,0.0043438970811123,0.65208236881494,1.34434544377109e-05,UCEC,EPIC,gbm_abdelfattah_12,TCGA-B5-A0K9-01A
122,2.31973154364833e-07,0.0009684796601954,0.0001443378056181,9.86337251382783e-07,7.96496924934838e-05,0.0048518777463637,0.0019055136770556,1.69346562069518e-08,0.0272812695009377,3.57525573322247e-06,0.964764021774953,3.96415877939464e-08,UCEC,EPIC,gbm_abdelfattah_12,TCGA-FI-A2CY-01A
123,0.0251882187663598,0.0053117835220642,0.0009752023883067,0.143423093750835,0.0005443296409237,0.0129619706232535,2.26037886413152e-07,0.0001393734907466,0.0762758759561823,0.0105359258031577,0.565570398155821,0.159073601864463,UCEC,EPIC,gbm_abdelfattah_12,TCGA-AP-A1DR-01A
124,0.0475909667276274,0.0005176609347281,0.0006100826316701,1.45286181154977e-06,0.0003280243650677,0.0060226934496,3.94507342217596e-05,0.0002718119190599,0.137715703888654,0.0001335634410995,0.0020251632461288,0.804743425800331,UCEC,EPIC,gbm_abdelfattah_12,TCGA-B5-A11Q-01A
125,0.134569265090352,0.0197919403687332,0.0029057087931312,0.0327419761745061,0.0018968589670161,0.108543907171274,0.0084371648865489,0.0010127761431656,0.152557332662243,0.007921079916155,0.529468705078452,0.0001532847484236,UCEC,EPIC,gbm_abdelfattah_12,TCGA-BS-A0U7-01A
126,1.73570645658435e-05,0.000364413651741,0.0001461885905364,5.08368520945453e-07,0.0002343433556909,0.0045910528741914,1.59462335711812e-11,0.0009214591911653,0.0542962625225367,1.11700369303859e-05,0.939417242776001,1.5521734892591802e-09,UCEC,EPIC,gbm_abdelfattah_12,TCGA-A5-A0VQ-01A
127,0.0199942463557748,0.0057529171353639,0.0078424329052442,1.22642362043937e-06,0.000541621530896,0.009304470079777,4.9136356376707894e-11,0.0003772935496842,0.169227467943269,0.0050880739414297,0.781870190591425,5.9494379261312e-08,UCEC,EPIC,gbm_abdelfattah_12,TCGA-BS-A0TE-01A
128,3.94900843906762e-06,1.5301039751615e-07,1.86396071879301e-05,2.40859600516201e-06,0.0002163467026359,0.0164059628822397,1.23289571729439e-08,0.0001428952504856,0.0560963901363363,0.0014988835212366,0.925609966865356,4.3920907222855e-06,UCEC,EPIC,gbm_abdelfattah_12,TCGA-BS-A0T9-01A
129,0.0922539215213282,2.97057655672821e-05,0.0004946337521991,6.26583427923947e-06,0.0005321003007418,0.0061053751844512,0.0039867651806099,4.96163453044132e-08,0.0458598275741328,0.0005596635040482,0.0004703810361353,0.849701310730162,UCEC,EPIC,gbm_abdelfattah_12,TCGA-AW-A1PO-01A
130,0.0474487743142448,0.0028703395209066,0.0009613402729814,0.167709838844699,0.0002595315050458,0.0104389294621059,0.0033358688892366,0.0002082515713397,0.139149278832159,0.0005944591198086,0.219274039523887,0.407749348143585,UCEC,EPIC,gbm_abdelfattah_12,TCGA-AJ-A3I9-01A
131,0.0520576404393117,0.0214602032299023,0.008154657464622,0.0119509114760192,0.0021402940753379,0.0253757323943664,0.0127966217133959,0.0004787398309479,0.220561380343061,0.0115726412596007,0.633448883066761,2.29470667399221e-06,UCEC,EPIC,gbm_abdelfattah_12,TCGA-AJ-A8CV-01A
132,0.116903323207584,0.0065323918610403,0.0057277990059521,0.046571677425266,0.0015008849855475,0.0158770835016002,1.36729132233067e-10,0.0001258294335902,0.176037202327584,0.0043680677640061,0.626355582600241,1.57750858643736e-07,UCEC,EPIC,gbm_abdelfattah_12,TCGA-B5-A121-01A
133,0.0227421724752024,0.0042440893781667,5.08923889482903e-08,0.106242162141686,0.0010080236592872,0.0169791257935941,1.08150600648391e-06,0.000542430448614,0.100035167995535,0.0006670225322372,0.370902827076875,0.376635846100407,UCEC,EPIC,gbm_abdelfattah_12,TCGA-AX-A1CN-01A
134,0.0116901904296008,0.0168795767160006,7.12088698416172e-08,0.172467268004477,0.0004268538098991,0.0030221454806978,0.0008031394033825,0.0003393778256108,0.0363065554335996,0.0009244261078908,0.757140391557213,4.022758141197211e-09,UCEC,EPIC,gbm_abdelfattah_12,TCGA-BK-A139-01A
135,0.0344306258240802,0.0021454323236778,4.72977467195085e-05,0.106680060564333,0.0065053819025559,0.0246109360213458,0.0058636316876781,0.0006293186722346,0.359695325232974,0.0040850473648983,0.168923010424899,0.286383932234604,UCEC,EPIC,gbm_abdelfattah_12,TCGA-EY-A1G7-01A
136,0.0278480414499556,0.0189375791058245,0.0086270677349668,0.110576129711675,0.0008884020191359,0.0320684070878054,0.0161516883092193,6.20098225052872e-05,0.17102166052814,0.0112847606200188,0.602496610242509,3.76433682447989e-05,UCEC,EPIC,gbm_abdelfattah_12,TCGA-BK-A6W3-01A
137,3.00435871170767e-06,4.90771933861324e-06,6.74850860390003e-05,8.002039463211e-05,3.50123445184334e-05,8.56669373184168e-07,0.675052741980835,2.1847943483766e-07,2.65279659192014e-06,0.0034073895428456,0.32134520532883,5.05298849032848e-07,UCEC,EPIC,gbm_abdelfattah_12,TCGA-FI-A2CX-01A
138,0.0024465945066196,3.40151176699489e-06,0.0012923352246807,1.87506250801096e-07,0.0006298889518428,0.0160265061944713,1.87839646962513e-08,0.0001209674047455,0.293396042607638,0.0001166720127511,0.685963296417458,4.08887781046795e-06,UCEC,EPIC,gbm_abdelfattah_12,TCGA-DI-A2QU-01A
139,0.0020047605883027,0.0075655718205163,0.0017108283343018,3.31733816361098e-05,6.34638774643387e-05,0.0075281987792554,4.27735018458921e-08,0.000309873817631,0.114195858658696,0.0039836919031667,0.862600580748006,3.9553175213413e-06,UCEC,EPIC,gbm_abdelfattah_12,TCGA-AP-A0LT-01A
140,0.0059962719550995,0.0003268923433154,0.0008538334254074,0.0001530359006227,0.0003726782738764,0.0230546303933519,2.91719899087387e-08,8.74941154930181e-06,0.135061710695556,8.69836263016553e-05,0.834084970538456,2.14264473568628e-07,UCEC,EPIC,gbm_abdelfattah_12,TCGA-EO-A3AS-01A
141,0.119025241479692,0.0109209380476818,0.0040344324055294,0.148909728774131,0.0003920203522457,0.0073985734803946,0.0131727809875906,0.0006135993563504,0.261577380200732,0.0133032610224769,0.420649489091662,2.55480151384352e-06,UCEC,EPIC,gbm_abdelfattah_12,TCGA-E6-A1LZ-01A
142,0.139448815834441,0.0185202862441506,1.4755706554869e-05,0.0011404346971568,0.000152340406484,0.0055447495891837,4.89967706885796e-08,0.0001598701332902,0.188049232687898,0.0112881497930942,0.0887807101660845,0.546900605744891,UCEC,EPIC,gbm_abdelfattah_12,TCGA-AP-A1DO-01A
