,B Cells,CD4 T,CD8 T,DC,Endothelial Cells,Fibroblasts,Macrophages,Mast Cells,Monocytes,NK,Neutrophils,Cancer Cells,cancer_type,algo,reference_dataset,sample_id
0,2.76375584927299e-05,7.30889605610215e-05,6.55079479989023e-08,0.644623845634552,0.102341559858071,0.0078079437730663,0.0016953294177194,4.91297814762797e-05,0.004810907402977,0.0001229989169165,7.5387724645103e-06,0.238439954415755,KICH,EPIC,prad_cheng_08,TCGA-KL-8325-01A
1,9.92944240953896e-05,0.000414844016995,5.70234838710515e-05,0.115836011616469,0.243768397624271,0.0053462101636046,0.0043226048219348,5.43009534594692e-05,0.0011328671063044,0.0002780984850242,7.23585649471514e-05,0.628617988739023,KICH,EPIC,prad_cheng_08,TCGA-KO-8411-01A
2,8.69543451183722e-06,0.0001320157053254,0.0001893280116396,0.356550558043861,0.0754493274995076,0.0099001286026655,0.0012876696583769,0.0002132095764116,0.0029129501490578,0.0002728299234799,4.70498175688606e-06,0.553078582413405,KICH,EPIC,prad_cheng_08,TCGA-KL-8331-01A
3,0.0004286944711888,0.0002876083048117,0.0005801823681729,6.96008297508999e-08,0.0966259818215784,0.006575558959939,0.0042750327503273,1.18749481693812e-05,2.59972430903129e-07,0.0007569703207528,1.02054005908568e-06,0.89045674594174,KICH,EPIC,prad_cheng_08,TCGA-KO-8409-01A
4,0.0004790852903861,0.0030017109858132,1.61010447299689e-06,0.0371201306668474,0.0976610130109568,0.0052756476528287,0.0101129558673593,0.0002432423890866,0.0025917557745878,0.0007744530087929,3.23922873916794e-06,0.842735156020129,KICH,EPIC,prad_cheng_08,TCGA-KM-8439-01A
5,0.002746792161343,0.0061218466270807,3.95678490770695e-06,0.240639485940025,0.204016716513587,0.0124825001806651,0.0063462532198083,2.18925175420729e-05,0.0026029524794438,0.0006834305330837,9.8232999297955e-06,0.524324349742583,KICH,EPIC,prad_cheng_08,TCGA-KN-8423-01A
6,3.30989410995835e-06,0.0004473421472957,0.0001397587885005,0.695390979875671,0.201912394304871,0.0113127690578603,0.0029445955137622,0.0001847031964084,0.005928584973044,0.0005172797627232,2.85897085474218e-05,0.081189692777206,KICH,EPIC,prad_cheng_08,TCGA-KL-8339-01A
7,0.0008059787196045,0.002223797352494,0.0006764833925994,0.298591923829083,0.249793277157783,0.018242125074976,0.0149366187581275,0.0005128061059572,0.0023860873727312,0.0009104282797171,2.67097738755483e-06,0.41091780297954,KICH,EPIC,prad_cheng_08,TCGA-KN-8434-01A
8,0.0004148627097577,0.0064057162741735,2.57485232672496e-07,0.192970463386716,0.193744246424384,0.0138901563818527,0.0107843872504856,6.43304910469303e-05,0.0017062193175051,0.0017708370563996,1.02699716558733e-06,0.57824749622528,KICH,EPIC,prad_cheng_08,TCGA-KL-8342-01A
9,3.50283404305073e-07,9.12625064624303e-07,1.48341424202735e-06,0.89864832051835,0.032836189081058,0.0391783787229692,0.0111458613299443,2.28117659618805e-05,0.0176396449868224,0.000524211826615,1.83156416258002e-06,3.88140603466555e-09,KICH,EPIC,prad_cheng_08,TCGA-KN-8428-01A
10,0.0003168512981543,0.0016541495793944,0.0001601778158764,0.0689801675066986,0.119504476650807,0.0092437631182709,0.0058034705184353,9.45580337933777e-05,0.0005977367175363,0.0003653099438627,2.16910782355925e-06,0.793277169709347,KICH,EPIC,prad_cheng_08,TCGA-KO-8416-01A
11,0.0006541326051999,0.0001073001601196,0.001422138249633,0.101171541801586,0.507074143299385,0.0416691206328368,0.008354177465849,0.0001394562461823,0.0055622136863482,0.0002287149140302,0.33360559493656,1.14660022692913e-05,KICH,EPIC,prad_cheng_08,TCGA-KL-8344-01A
12,0.0015016316125871,0.0046386854342348,5.61798712329533e-05,2.1409266848038e-05,0.124698240583879,0.021486632322212,0.0194924127042676,0.0002155804265559,5.59639851810194e-07,0.0006340877922247,2.95592841891338e-06,0.827251624417687,KICH,EPIC,prad_cheng_08,TCGA-KM-8441-01A
13,0.0003959513865078,0.0008412866311,0.0006697468266935,0.33564113144855,0.0973986779417641,0.0286821005337564,0.0068030590754341,1.23750509784402e-05,0.0020948915302549,0.000359507573598,5.57889579703265e-08,0.527101216212405,KICH,EPIC,prad_cheng_08,TCGA-KM-8442-01A
14,0.0007549904498829,0.0010925635829915,0.0014344875773422,0.384928296320803,0.0883735980765523,0.0085457951866701,4.20342832052033e-10,0.0005650677631532,0.0042222218353831,9.43791606548057e-05,3.40206243613975e-06,0.509985197563787,KICH,EPIC,prad_cheng_08,TCGA-KL-8346-01A
15,0.0003371060307627,0.0003394321270722,0.0002508140689855,0.416470131732867,0.0895659875565386,0.0048441711718933,3.939993830271271e-09,9.20212423023645e-05,0.00506479453987,0.0001316329086979,9.17361582570938e-07,0.482902987319434,KICH,EPIC,prad_cheng_08,TCGA-KL-8341-01A
16,1.07450734427369e-06,0.0001145581146975,8.37271570471774e-06,0.221118609409462,0.0690599608342833,0.0097661610158593,0.001140439573006,1.53715785237976e-05,0.0017666047633338,0.0001941838992668,5.36464737254304e-05,0.696761017114793,KICH,EPIC,prad_cheng_08,TCGA-KL-8330-01A
17,4.79619234676027e-07,0.0009798471388049,0.0001380317724597,0.165030660223806,0.209925622571282,0.0054573273668331,0.0017136189753283,3.57961482578433e-05,0.0015142101497085,0.0006198045492234,2.14325985702759e-05,0.61456316888649,KICH,EPIC,prad_cheng_08,TCGA-KN-8431-01A
18,0.0007249493358461,0.003674372406375,8.74795775651308e-06,5.29994794848669e-07,0.136263717900339,0.010925665473243,0.0153992048162433,0.0002210083300906,1.23481209382623e-07,0.0006160970900127,2.7451819615728e-07,0.832165308695893,KICH,EPIC,prad_cheng_08,TCGA-KO-8403-01A
19,0.0003305083414376,0.0186585479678146,1.23168346529233e-06,0.720153096456924,0.130979600856479,0.0438336628334545,0.0279702002732407,4.9737973403849e-05,0.008535029221401,0.0014146771113305,2.01221898075182e-06,0.0480716950620677,KICH,EPIC,prad_cheng_08,TCGA-KO-8405-01A
20,0.0001039945382795,1.90855467489275e-05,0.0012234205935694,0.302892010468232,0.117989327479112,0.0114874704355512,0.0012733034026336,5.58827254108611e-05,0.0026331666206087,2.30672621066152e-05,2.57959168644739e-05,0.562273475010883,KICH,EPIC,prad_cheng_08,TCGA-KN-8435-01A
21,0.0002134216580164,0.0148757508354106,2.06041857566411e-08,0.26419283402295,0.194037989051056,0.0064325173918733,0.0043207372175623,1.38137418308098e-05,0.0005998196560773,0.0001734788190035,0.0819118763746105,0.433227740627423,KICH,EPIC,prad_cheng_08,TCGA-KN-8419-01A
22,0.0002618420384704,2.71602984130105e-05,0.0001699053526263,0.132419971670337,0.107311684120859,0.0050581166884528,0.0010519531706638,1.792351178684e-05,0.0016907058347125,0.000200650676824,2.68345037092198e-05,0.751763252133144,KICH,EPIC,prad_cheng_08,TCGA-KL-8337-01A
23,0.0048704056856286,0.0011835515434977,0.0008882127919698,0.290302090317034,0.39806592436592,0.0126924426772393,0.0059573501401814,4.20860637234499e-05,0.0025186348523598,0.0003455049112859,6.64749511901752e-06,0.283127149156041,KICH,EPIC,prad_cheng_08,TCGA-KL-8332-01A
24,0.0023872609383514,0.0107741035671906,1.77846729854452e-06,0.0615379912883948,0.272933507267397,0.0232470005467172,0.0229960016136764,0.0005334949570731,0.0038835251336768,0.0018478286316848,2.04813798209429e-05,0.599837026208718,KICH,EPIC,prad_cheng_08,TCGA-KO-8413-01A
25,5.15133922018176e-06,2.06506421554934e-06,8.08474235525507e-05,0.29033592736123,0.0667044329426007,0.0016339281419118,3.17079765126726e-08,6.96954473303408e-05,0.002775540846437,0.0001316359019334,3.43026830406057e-06,0.638257313555288,KICH,EPIC,prad_cheng_08,TCGA-KM-8443-01A
26,0.0474813650218713,0.0213458204977596,4.75308631788457e-07,0.0837918638425049,0.518542013051384,0.0396188961824769,0.0169893688853593,9.13599563145189e-05,0.0036980813569679,0.0013809795376144,0.0009758922213591,0.266083884137756,KICH,EPIC,prad_cheng_08,TCGA-KL-8333-01A
27,0.0022853928410945,0.0025801336336118,0.0002983441902627,0.2531465845824,0.124559848679365,0.0248984588602882,0.0135277327153245,0.0001981675996278,0.0024858786618124,0.0007015172540244,1.21479514406399e-05,0.575305793030748,KICH,EPIC,prad_cheng_08,TCGA-KL-8334-01A
28,4.13925692497929e-06,1.61535502854408e-07,1.37898459232215e-06,0.594807316161431,4.33658892032144e-05,0.152959063039434,0.119683907584864,3.58062899614866e-07,0.132183539826657,0.0002885892860141,2.50953804776131e-05,3.08499199936634e-06,KICH,EPIC,prad_cheng_08,TCGA-KN-8427-01A
29,1.46424529309576e-05,0.0008820921244607,0.0017109746553892,0.33001055271835,0.0831106346051488,0.0137184713836024,0.002252956334853,0.0001543959884245,4.80220369638989e-08,0.0005933061030171,0.160780988440588,0.406770937171199,KICH,EPIC,prad_cheng_08,TCGA-KL-8338-01A
30,0.0021552193855151,0.0063549203073906,2.77448423362845e-05,0.0669255376138426,0.293359023950201,0.0160381228568983,0.0094821781507308,1.80135567619833e-05,0.0016333805466056,0.0019625889992145,1.12148402008835e-05,0.602032054950303,KICH,EPIC,prad_cheng_08,TCGA-KN-8432-01A
31,0.00458009938227,0.007469078377662,8.0770180360591e-07,0.30405275811523,0.138526213352025,0.0117619537418082,0.007936788876948,9.38820365666746e-07,0.0018995178968022,0.0006945896516165,0.0211985275694323,0.501878726514036,KICH,EPIC,prad_cheng_08,TCGA-KO-8410-01A
32,0.0006434078059669,0.000295843453436,0.0009410782769224,8.10732784430364e-08,0.0988112446587992,0.0071158196528607,0.0106960343471209,7.59298710517466e-05,2.56152731387646e-08,0.0001924865346759,5.85228520302063e-09,0.881228042858329,KICH,EPIC,prad_cheng_08,TCGA-KN-8437-01A
33,0.0061910402568004,0.0100212908073052,3.52859532738561e-05,0.146798666440341,0.223580185825222,0.0208634996213837,0.0119953010745155,0.0001052898424441,0.0025795563757253,0.0010025150692219,7.69923720951245e-07,0.576826598810046,KICH,EPIC,prad_cheng_08,TCGA-KN-8430-01A
34,2.29340287615076e-06,0.0010734433207253,8.0785093619378e-05,0.146555208446968,0.096832266523599,0.0106357635015295,0.0034228781669396,0.0002965388203684,0.0010811095255561,0.0001389341691606,4.14869834417102e-06,0.739876630330314,KICH,EPIC,prad_cheng_08,TCGA-KM-8477-01A
35,0.0009543110751512,0.002613626239276,0.0010314764715878,5.54312348409151e-07,0.111532971216064,0.0092990004596248,0.0087694212044043,1.34074152571841e-05,1.018116935897e-08,0.0025018028446401,9.82141537816858e-07,0.863282436438939,KICH,EPIC,prad_cheng_08,TCGA-KO-8414-01A
36,5.24426460069277e-06,0.0003088780997844,0.000563833407349,0.821905139026605,0.123659499057377,0.0084408407191422,3.52912692462887e-06,4.52345080775642e-05,0.0062302945494409,0.0004070106845299,4.22207110502701e-05,0.0383882758451188,KICH,EPIC,prad_cheng_08,TCGA-KL-8323-01A
37,1.47426474052764e-06,9.79167583464788e-06,0.0001641136015634,0.303560087900188,0.0631439769286013,0.0050140396549467,5.97328987426033e-05,1.73636036694114e-05,0.002469016254795,3.95065312479869e-05,8.1988742189251e-05,0.625438907943481,KICH,EPIC,prad_cheng_08,TCGA-KL-8328-01A
38,0.0010166613819266,0.005207139061638,5.04989455390135e-07,0.0123851015178146,0.11595376317464,0.0065968625647157,0.0119911711330755,9.66559525479559e-05,0.000135213095547,0.0007792739349552,1.39020566614381e-06,0.845836262988018,KICH,EPIC,prad_cheng_08,TCGA-KN-8426-01A
39,7.3160639377575e-07,1.16146575615051e-07,4.05786276358549e-06,0.746926162635633,0.152253960510542,0.008378353110056,0.0253638862089258,1.63891694186399e-09,0.0666163043967303,0.0004559839719397,4.4114811265926e-07,7.63410948480347e-10,KICH,EPIC,prad_cheng_08,TCGA-KL-8336-01A
40,0.0011147517721807,0.0147711913417016,3.6432419828277e-07,0.471242101739372,0.0910897739069851,0.0145130546620778,0.0200452799363608,0.0004601405447369,0.003620841362886,0.0014392875306457,3.05145449338386e-06,0.381700161424362,KICH,EPIC,prad_cheng_08,TCGA-KL-8329-01A
41,0.0005820104927714,0.0016853535186505,0.0004230302742563,0.280350843653521,0.168018928153097,0.0107978767953237,0.0081824735984636,8.810363810104e-06,0.0022080915898733,0.001495557438548,2.46068813214138e-06,0.526244563433554,KICH,EPIC,prad_cheng_08,TCGA-KN-8429-01A
42,0.0003606306491613,0.0001878320631379,0.0005254710605176,0.219689727752179,0.0926797028518073,0.0056587393498763,4.01587671444063e-09,0.0001865703687858,0.0026413248309325,0.0001472286266498,3.53668349385487e-05,0.677887401596137,KICH,EPIC,prad_cheng_08,TCGA-KL-8326-01A
43,0.0049231075729022,0.0069328975505906,5.55858588522033e-08,0.0343764841547209,0.143532960897996,0.0074433284523997,0.0178856849242087,3.3109581156347e-05,2.0739649016749e-05,0.0006815089805064,4.66031228537862e-07,0.784169656619415,KICH,EPIC,prad_cheng_08,TCGA-KN-8425-01A
44,0.0004223548238421,0.0010147120919789,6.06231838884141e-06,1.68296215023715e-05,0.101460448665727,0.0052179102946938,0.0018307345261719,2.81741953004121e-07,2.66034665461051e-07,0.0001234815395493,9.55804552437522e-05,0.889811337886283,KICH,EPIC,prad_cheng_08,TCGA-KL-8327-01A
45,2.3147081461084e-06,1.15114282422237e-05,3.28197251940118e-07,0.526068112143579,0.163685095444449,0.0140836660615612,0.0034856028399539,5.38342149036979e-05,0.0045526823164021,6.76093136536171e-05,0.0001509118714061,0.287838331460451,KICH,EPIC,prad_cheng_08,TCGA-KL-8343-01A
46,0.0004892105926632,0.0007240887079214,0.0005701028568959,0.149912001520814,0.172840177872425,0.0124343699671658,0.0013137737648026,1.63523025205454e-05,2.53777925097161e-06,0.0004999877367586,0.139727580288686,0.521469816610096,KICH,EPIC,prad_cheng_08,TCGA-KL-8324-01A
47,0.001680496122464,0.0038936524221654,2.71131224118411e-06,2.48760975367571e-07,0.151204313936982,0.0198721519413958,0.0110322875347882,0.0001078134919387,5.89345118021978e-06,0.0005923355679522,2.56383281303861e-06,0.811605531625104,KICH,EPIC,prad_cheng_08,TCGA-KN-8433-01A
48,6.34285440286755e-06,0.0006925620301399,3.31818321051858e-06,0.141554474698889,0.180937101731363,0.0084492171892131,0.0013634567281658,0.0001043596892563,2.68777587620876e-07,0.0003929601650028,0.0974806271558349,0.569015310796935,KICH,EPIC,prad_cheng_08,TCGA-KO-8417-01A
49,0.0008729548862441,0.0055594745359492,1.22946291210042e-06,0.216739552889238,0.107454684249463,0.0082682934831627,0.009878248878613,0.0024454370548878,9.49807643781817e-07,0.0012447456306516,0.18677165449457,0.460762774626664,KICH,EPIC,prad_cheng_08,TCGA-KM-8639-01A
50,5.19399774953909e-07,8.17519662622806e-07,0.0001738246436853,0.635203708620438,0.171729480018367,0.0275699346282195,0.0016392408863311,0.0001177654349569,0.0045996975495119,0.000328056293913,1.49202999379433e-05,0.158622034705202,KICH,EPIC,prad_cheng_08,TCGA-KL-8340-01A
51,0.0172583503094018,0.031094203117347,0.0002124094881071,0.0038428973493451,0.16934614259032,0.220012509487428,0.456142928326883,0.0004918997197761,0.0001544912778169,0.0043504503332465,2.10903758839568e-05,0.0970726276244445,KICH,EPIC,prad_cheng_08,TCGA-KO-8404-01A
52,5.58568283287952e-07,1.23641164055535e-07,0.0004768232998723,0.408891591788622,0.0696519461055531,0.0039630140247407,0.0001222268900878,2.98840735827111e-05,0.0037910260789922,0.0003231293343018,1.26463611485418e-06,0.512748411558685,KICH,EPIC,prad_cheng_08,TCGA-KM-8440-01A
53,8.57610229412747e-05,0.0009214826278414,0.0003725290404933,0.136255918211734,0.103023522226968,0.0045610193263808,0.0020801559197187,4.64236699533276e-06,0.0010119908943864,0.0002341237793895,2.17587136182255e-06,0.751446678711789,KICH,EPIC,prad_cheng_08,TCGA-KN-8436-01A
54,0.0013612678407273,0.0051609537934428,6.29236837550734e-07,0.311710917851808,0.162061033204864,0.0144250396484863,0.0186492148899365,0.0006710736472837,0.0037210235194696,0.000827545101103,2.24561811311066e-06,0.481409055647928,KICH,EPIC,prad_cheng_08,TCGA-KN-8424-01A
55,1.35738724306359e-07,0.0001596087528297,0.0001088074841838,0.523380786640986,0.109094468400747,0.0091594694378407,0.0023239395615648,5.33514417342717e-05,0.004262688752996,4.27260862812979e-05,7.48285467694479e-07,0.351413269416645,KICH,EPIC,prad_cheng_08,TCGA-KO-8406-01A
56,2.38462721968407e-05,0.0020377437273847,8.2093370302593e-08,0.0485398360290593,0.191239086180152,0.0069822645624277,0.0046555988369486,9.18934833369923e-06,0.0003877993003666,0.0004229261648525,3.54412069574395e-06,0.745698083364212,KICH,EPIC,prad_cheng_08,TCGA-KM-8438-01A
57,0.0001457686253939,7.56004403134532e-06,0.0005167244021026,0.213972475033097,0.169189131106863,0.0086630272744329,0.0025452506890757,0.0001511941172534,0.0016388192294713,0.0003739878309881,8.4293168328174e-06,0.602787632330457,KICH,EPIC,prad_cheng_08,TCGA-KN-8418-01A
58,2.17190291337681e-05,0.0018715899463514,3.43320587192895e-07,0.330611342164084,0.0389426547101012,0.0189354179253792,0.00131427847674,2.75570120152499e-05,0.0023298255945439,0.0004266499129867,0.0173619070884872,0.588156714819589,KICH,EPIC,prad_cheng_08,TCGA-KL-8335-01A
59,3.89566972099741e-07,1.18005596220896e-08,1.0915329791052e-06,0.384105176568534,0.116557788478693,0.0091902678497114,0.0023590557639049,5.35226083632555e-05,1.64357149261116e-05,0.0001021224389104,0.175266577806632,0.312347559869814,KICH,EPIC,prad_cheng_08,TCGA-KL-8345-01A
60,0.0016775442557772,0.0076331547185681,8.9375113568434e-07,0.103488022450263,0.175900070571785,0.0141238966478553,0.0074313234439619,0.0012927205108385,0.0037341093881528,0.0012409391255965,0.0001167628740842,0.683360562261982,KICH,EPIC,prad_cheng_08,TCGA-KO-8407-01A
61,0.0001319319746297,0.0017402360609825,0.0002389427670113,0.565904957890199,0.0328268473568853,0.0042023540993992,1.24518893366169e-09,0.0002985619383621,0.0078413688519369,0.0004069938315568,9.55592628734016e-06,0.38639824805756,KICH,EPIC,prad_cheng_08,TCGA-KN-8421-01A
62,9.96022692946488e-07,1.35020405404929e-05,1.58171843225059e-05,0.865319724113762,0.100125185804526,0.0107789650703977,0.0132905805980726,3.85757825580943e-08,0.0093192008296625,0.0011051590331159,2.94282026047047e-05,1.40252451984476e-06,KICH,EPIC,prad_cheng_08,TCGA-KO-8415-01A
63,0.0004714624211213,0.0006460800414636,3.71781807117492e-05,0.0085893019468231,0.0893595565606974,0.0115284511806886,0.0027975086119938,1.38945286926504e-05,3.19083600480994e-07,0.0002954061718915,0.0283230582108635,0.857937783061452,KICH,EPIC,prad_cheng_08,TCGA-KM-8476-01A
64,0.0014188900572059,0.0004518917089998,0.000401978282986,0.263053111478418,0.0891444541344233,0.0544381623532402,0.0015271128286138,2.62527775100602e-05,5.14004765974075e-08,0.0001218641400096,0.240139104122679,0.349277126715437,KICH,EPIC,prad_cheng_08,TCGA-KO-8408-01A
65,3.01033098878132e-07,0.004831744607313,2.41810055883282e-07,0.855267922397422,0.0648390455949448,0.0512751975977714,0.0201199692425275,0.0002580977302079,0.0010222867758159,0.0023816327080442,1.28681335648053e-06,2.27368944177946e-06,UCEC,EPIC,prad_cheng_08,TCGA-A5-A0R8-01A
66,0.0020723829031285,0.0015304684348661,7.19449257920777e-05,0.294535226573848,0.0799253883081191,0.13182319612857,0.0087697552622437,2.98845292399619e-05,0.0014723997606904,0.0001843015496255,3.0701456635006e-07,0.47958474460931,UCEC,EPIC,prad_cheng_08,TCGA-A5-A0G3-01A
67,0.0006162323318956,0.0185966386897182,1.33321829391101e-06,0.251952221012401,0.0631814014347362,0.0203721816584021,0.0035058823084358,2.99202033160301e-05,5.67732592058347e-07,0.0020905076670633,0.261503452118892,0.378149661624254,UCEC,EPIC,prad_cheng_08,TCGA-AP-A054-01A
68,1.00210302448077e-05,3.04846473633692e-06,4.58843589862814e-06,0.0240881662545597,0.827275429003355,0.108345190250798,0.0360589743074141,0.0012062211882451,0.0004768789109515,0.0024448865339244,8.16797894607216e-05,4.91583041152612e-06,UCEC,EPIC,prad_cheng_08,TCGA-A5-A0GX-01A
69,4.11448491072048e-06,0.0055205139859196,4.02889214075701e-05,0.290810806690409,0.0363172275898499,0.0433455194659599,0.001081941289263,0.0001351098685481,1.95001116111109e-07,0.0006293559118897,0.209871208650517,0.41224371814021,UCEC,EPIC,prad_cheng_08,TCGA-DI-A2QY-01A
70,0.143121346079642,0.0911219664670638,6.73611314756729e-05,8.44334448718276e-07,0.0551673994761022,0.006142387766898,0.0923160518072429,8.25629884516618e-06,1.08447357808165e-05,0.0075481523351532,3.84511552356551e-05,0.604456938412112,UCEC,EPIC,prad_cheng_08,TCGA-EY-A1GC-01A
71,0.0044505294483118,0.0380823532362508,0.000569147355849,0.701782852351473,0.128392668272079,0.0301260843304801,0.0089339023309833,8.30282401884881e-05,0.0064209009786369,0.0011224102887611,4.13787872153811e-05,0.0799947443797704,UCEC,EPIC,prad_cheng_08,TCGA-A5-A0GI-01A
72,0.0014474483243944,0.00392883915183,4.03170995072604e-05,0.208865547668339,0.0323583737090346,0.0087263519084468,0.0029050672242098,0.000163349272852,7.31901343323368e-06,0.0001895216608445,0.346323614639977,0.395044250327132,UCEC,EPIC,prad_cheng_08,TCGA-D1-A17S-01A
73,0.0018291597810344,0.0215093283425247,0.0006916461869937,0.200632810684982,0.0265150245022535,0.0443870452072214,0.0104573599914821,9.84273293757162e-05,2.67931922657645e-07,0.002599462479452,0.675153595649627,0.0161258719131311,UCEC,EPIC,prad_cheng_08,TCGA-EY-A5W2-01A
74,1.83552498466167e-05,0.0003085911597558,1.38992897649197e-05,0.89922983464325,0.0146609992615973,0.0322835916954923,0.0244063301517707,0.0003454847838181,0.0204750901230698,0.00335194435154,0.0049029975711555,2.88171893827528e-06,UCEC,EPIC,prad_cheng_08,TCGA-D1-A1NU-01A
75,5.22062359226691e-06,8.61493824370296e-05,4.70736004317028e-06,0.466066503153935,0.286905538727744,0.172673482485871,0.0326015708993442,0.0002750417144963,0.0386284152831609,0.0027342380329418,1.38841821965374e-05,5.24815423793744e-06,UCEC,EPIC,prad_cheng_08,TCGA-BG-A18A-01A
76,1.03009856675953e-07,0.0152329526928623,1.75389591949581e-06,0.646501297705049,0.0990624698143232,0.185548031359513,0.0220067832378327,6.51962565905047e-05,0.0292204904326148,0.0023476985680174,1.28496145014524e-05,3.73412919785505e-07,UCEC,EPIC,prad_cheng_08,TCGA-AX-A06B-01A
77,0.0172679356750507,0.0579984339817513,7.65761897046544e-06,0.166018476483316,0.0497512879402861,0.0114944855351044,0.015459322226466,0.0003318862600343,0.0012185549997013,0.0039883754910045,1.88641919786345e-05,0.676444719596336,UCEC,EPIC,prad_cheng_08,TCGA-E6-A2P9-01A
78,0.0148618584608392,0.0775159119453406,0.0024253246121622,0.348903845999528,0.0350260015589502,0.0514702352337358,0.0323817754905904,3.01195277478015e-05,2.50184633718339e-08,0.0062022353191396,0.322418902731812,0.108763764101691,UCEC,EPIC,prad_cheng_08,TCGA-PG-A917-01A
79,0.0035721437663534,0.0170664183316581,2.35605310698742e-06,0.107515446047995,0.0423157616361921,0.162095588914082,0.0109809214682896,2.44104253640817e-05,0.0001156966472926,0.0018755127299567,0.0988836981370273,0.555552045842682,UCEC,EPIC,prad_cheng_08,TCGA-AX-A3FS-01A
80,2.52645136564123e-06,4.11590993873693e-06,4.23503210159614e-08,0.778511383510161,0.0093303777204954,0.0489506200131384,0.0392994333227139,0.0002404327527536,0.121900985990149,0.0017598406471441,1.703222490468e-07,7.10095702822224e-08,UCEC,EPIC,prad_cheng_08,TCGA-A5-A2K4-01A
81,0.0011724901114253,0.0084793081151925,7.66241193971247e-05,0.0578984179957137,0.038184943182382,0.0211277815093496,0.0114543549291718,1.28205103854209e-07,2.63084583611786e-06,0.0012208310213005,0.138369310480826,0.722013179484301,UCEC,EPIC,prad_cheng_08,TCGA-D1-A1O0-01A
82,5.49719961837645e-07,3.36375275059376e-08,5.95919327321167e-07,0.79033264926858,0.0487033006317397,0.0375622213827712,0.0285490354592609,0.0002742326380915,0.0706253503557363,0.0239507736680138,5.42333202260939e-07,7.14985787940563e-07,UCEC,EPIC,prad_cheng_08,TCGA-B5-A0JS-01A
83,2.14227193884961e-06,0.0133824141762766,1.00790276673751e-07,0.382453929543556,0.0325449571791659,0.0198267712905941,0.0058827976351197,0.000249213941424,1.96769197154296e-07,0.0013601312057363,0.218372096750341,0.325925248446374,UCEC,EPIC,prad_cheng_08,TCGA-AX-A1CE-01A
84,0.0045712455585789,0.0383710779818936,2.94998574617257e-07,0.308203650516211,0.0310393377850184,0.009565459307117,0.0162464878820975,1.44301335029531e-06,2.54629210005363e-07,0.0013575612278597,0.243669079047853,0.346974108052236,UCEC,EPIC,prad_cheng_08,TCGA-D1-A17F-01A
85,0.0244031018308029,0.0600003319990586,1.78618531804775e-06,0.160373725075528,0.0568284196284483,0.0659581255428948,0.0177676640050687,4.90076960020169e-05,1.91784413392417e-08,0.0116157236641995,0.602989680270475,1.24149237622961e-05,UCEC,EPIC,prad_cheng_08,TCGA-EO-A3AV-01A
86,7.03944950802746e-06,0.0349465341057756,4.94951986052945e-05,0.451920440457492,0.382682760106552,0.031077864267738,0.0835888614479909,0.0001910874293144,0.0052930630531532,0.0093079706069257,0.0009252678029465,9.61607399846351e-06,UCEC,EPIC,prad_cheng_08,TCGA-D1-A17B-01A
87,0.0001678445409295,0.0394973918642732,1.33594502273916e-06,0.305448012538323,0.110815420788648,0.0669593564842978,0.0409323910596461,0.0001725239548488,0.0004802677086349,0.0160549057488017,0.0254823679022631,0.393988181464312,UCEC,EPIC,prad_cheng_08,TCGA-E6-A8L9-01A
88,8.46471671840486e-06,0.0183403432673427,1.63712421131134e-05,0.0648199406987425,0.0162605429077681,0.0045389430991856,0.0057481803473501,2.96639387303719e-05,1.79288644686458e-06,0.0005027449303102,0.683937212288793,0.205795799676499,UCEC,EPIC,prad_cheng_08,TCGA-EY-A547-01A
89,5.60892953280332e-06,5.5993953769471e-06,1.97229645872737e-07,0.64075367948413,0.0230968694131781,0.0977594794667764,0.0764366893968559,0.0008671496554625,0.156423229488881,0.004650892792636,3.22536105376006e-07,2.82211418718693e-07,UCEC,EPIC,prad_cheng_08,TCGA-AJ-A3OJ-01A
90,0.0232960680755546,0.0308856966397798,0.0039734859922033,0.464935799719836,0.134027620406104,0.0603215946393347,0.0103375210049194,0.0001553149645524,0.0022461467801201,0.0043436223507727,0.0011028633301137,0.264374266096709,UCEC,EPIC,prad_cheng_08,TCGA-BS-A0TJ-01A
91,0.0030119575780113,0.0101182991551171,0.00928482490848,0.874875447447111,0.0494129364334905,0.0100622006735865,0.0117761172038693,4.5650753879709e-06,0.018411652764261,0.0016255769199591,0.0114153678032754,1.05403745076696e-06,UCEC,EPIC,prad_cheng_08,TCGA-BG-A0VV-01A
92,0.024081831546535,0.0397647668336163,8.47705618342608e-06,0.210611926420821,0.0627540390058,0.022061534373828,0.0198077790151766,6.55196552108271e-05,0.0020704427596994,0.0020538611077855,6.66119139366914e-06,0.61671316103395,UCEC,EPIC,prad_cheng_08,TCGA-D1-A16V-01A
93,1.33157356701811e-07,0.0001168248960367,2.14278803283363e-07,0.770654333753864,0.109017623777779,0.0414191286805353,0.0428830015399136,3.51053537332351e-05,0.0318126884371827,0.00394994817434,0.0001109786560073,1.92944485301793e-08,UCEC,EPIC,prad_cheng_08,TCGA-EO-A22R-01A
94,0.0570285423778655,0.0506241470539299,8.38583163485196e-07,0.296635805971765,0.133366537985381,0.0696944519207374,0.0284840497958967,0.0014375764748129,0.0074389234893401,0.0033583744821665,0.3518037688861,0.0001269829788414,UCEC,EPIC,prad_cheng_08,TCGA-BG-A0MH-01A
95,3.23092523479656e-06,0.0190109042137854,2.9345118451182e-07,0.476719800988961,0.0425747362558892,0.0176455809617749,0.0034235255711045,0.0001368385773344,0.0007385857807367,0.0013829343188,0.156458823856451,0.281904745098743,UCEC,EPIC,prad_cheng_08,TCGA-EO-A3KX-01A
96,2.33832400041349e-07,4.76980226946459e-08,0.0002781451977555,0.645057204262753,0.0016012907484021,0.0312818064359958,0.0282343466204094,1.29102521771109e-05,0.063527097607427,4.20853039314797e-05,0.229963562239534,1.26980119221197e-06,UCEC,EPIC,prad_cheng_08,TCGA-AX-A0IS-01A
97,1.32757587354934e-05,4.99081400760662e-05,1.44836975800935e-05,0.881504754196742,0.0110775269991615,0.0108405662245736,0.0172459746832852,3.84217503649357e-05,0.0790985580920866,2.81377700935285e-05,8.83672215738185e-05,2.54657269212154e-08,UCEC,EPIC,prad_cheng_08,TCGA-EY-A1G8-01A
98,0.0040551631076364,0.0040523837246497,2.8147326934231e-06,0.184484728614902,0.0626514387469347,0.0065409428015476,0.000611446092948,1.80105147431658e-07,8.62828708499076e-06,0.000378963711203,0.154989268398029,0.582224041677223,UCEC,EPIC,prad_cheng_08,TCGA-EY-A1GW-01A
99,2.61890201036385e-06,8.47606082465169e-06,3.65187622859889e-05,0.898206137536564,0.0331657535318461,0.0273680712156656,0.0190700534849281,0.0003362966621302,0.0211461146743313,0.0003823309865103,0.0002776231816951,5.00120834803498e-09,UCEC,EPIC,prad_cheng_08,TCGA-BG-A0RY-01A
100,4.25747398520075e-07,1.11318020721512e-06,9.44550439053432e-06,0.699054966202452,0.0585290447681122,0.0818473621437538,0.0437652776323214,0.0009238185442283,0.11424253474613,0.0014993211252722,0.0001266862978876,4.10784637881171e-09,UCEC,EPIC,prad_cheng_08,TCGA-D1-A1NY-01A
101,0.0089029068164165,0.0206456130294855,6.15794536297659e-06,0.69039820259796,0.0374944128270164,0.0329345783150329,0.0170916974865105,1.64659996539473e-05,0.0054783467663529,0.0012599278007951,1.79496905047126e-06,0.185769895446363,UCEC,EPIC,prad_cheng_08,TCGA-B5-A3S1-01A
102,0.0017132656221901,0.0266089029835226,0.0003014045757705,9.76740792138709e-07,0.0405950700895391,0.0536098038700457,0.0254006545672446,3.0928973232261e-05,7.9708558019354e-07,0.0021177599414935,0.563503802388631,0.286116633161959,UCEC,EPIC,prad_cheng_08,TCGA-A5-A2K5-01A
103,2.17355058184113e-05,8.00338407296711e-06,8.64059444643758e-06,0.734974991190083,0.047868019408835,0.0425759576108935,0.0152724872575092,0.0001089480137969,0.153382674991202,1.27158569971215e-05,0.0057656328327416,1.93353604306582e-07,UCEC,EPIC,prad_cheng_08,TCGA-AX-A062-01A
104,0.12706191591616,0.245262995767808,0.0043808352716007,7.50854573947235e-07,0.274949371768383,0.0832508397653074,0.157730871810062,0.0004564405478042,2.84802151093381e-07,0.0368364736716795,1.35192456982005e-05,0.0700557005787723,UCEC,EPIC,prad_cheng_08,TCGA-A5-A0G5-01A
105,1.17646153620669e-06,0.0135196759176959,1.19169696103504e-05,0.92741662373505,0.0333298635140257,0.0135055941641668,0.0030341427079906,0.0002287215601047,0.0082697275157804,0.0006816173340237,9.38380535945863e-07,1.7394800687553802e-09,UCEC,EPIC,prad_cheng_08,TCGA-AP-A0LH-01A
106,3.9638647180296e-05,0.0032383627596349,0.0040713981738075,0.742444167725075,0.0371701914397842,0.0131579029554237,0.0079143820362195,0.0002404800431976,0.0068895155022518,0.0009453416946137,6.91791009640109e-05,0.183819439921847,UCEC,EPIC,prad_cheng_08,TCGA-BS-A0WQ-01A
107,0.0003469918868087,0.0011303030687704,3.32618084246665e-07,0.0132147061175214,0.0328451401719172,0.0254107934427085,0.0008983814658882,4.75791817180491e-05,4.45699547318602e-08,9.67198471220038e-05,0.120566886160595,0.805442121468911,UCEC,EPIC,prad_cheng_08,TCGA-FI-A2EY-01A
108,4.06415429850781e-05,2.29452932711691e-06,8.45966058503545e-08,0.837534861333086,4.49146342970789e-05,0.0074599953855516,0.0291384311032696,3.08047674986813e-05,0.125629871158974,0.0001150858278154,3.00058056254095e-06,1.45400268981964e-08,UCEC,EPIC,prad_cheng_08,TCGA-EY-A549-01A
109,8.3994524532472e-06,8.99041349490265e-05,5.58191878564822e-06,0.886307092670261,0.0173009085339665,0.0315903485234731,0.0189526904037037,6.34834289171568e-06,0.0258403080389658,0.0027552533554626,0.0171413019639448,1.8626611429287e-06,UCEC,EPIC,prad_cheng_08,TCGA-FI-A2D0-01A
110,0.0019742555852472,0.0501808445072483,5.3617661710434e-06,3.24412957915352e-06,0.0400230239667968,0.0837568078120128,0.0099945841360611,0.0002632026495518,1.56930650379768e-05,0.0026896949339814,0.537736681975915,0.273356605472397,UCEC,EPIC,prad_cheng_08,TCGA-BS-A0V7-01A
111,3.96261473948754e-06,3.08171469403614e-07,6.15526547543123e-08,0.848223981724657,2.24593603206017e-05,0.0105974850553666,0.0507308449868525,7.87450964779504e-07,0.0903788200487384,4.10107357984219e-05,8.64778591667691e-08,1.9182057917696e-07,UCEC,EPIC,prad_cheng_08,TCGA-B5-A1MW-01A
112,0.0035914071313499,0.0278671751383458,1.52333790910626e-06,0.603475327151446,0.268810866797471,0.0131615120793991,0.0153061355855505,7.34114952666549e-05,0.0077679887102186,0.0019949662235055,5.85374719180849e-07,0.0579491009748187,UCEC,EPIC,prad_cheng_08,TCGA-D1-A17D-01A
113,0.0338012460622138,0.382121850561353,0.0514124712701925,2.20159951109536e-07,0.0950726052526671,0.0755349179889248,0.100309244002004,0.0005019789744858,1.42964732137118e-08,0.103785361950049,1.26823249975618e-05,0.157447407156689,UCEC,EPIC,prad_cheng_08,TCGA-BS-A0TA-01A
114,0.0134083971211964,0.171463679188719,0.0032497929900161,3.42133022470329e-06,0.228969513713667,0.0365347153438394,0.0764044122682031,0.000311332538982,5.29372114757985e-08,0.0248219673090312,2.08174378141301e-06,0.444830633515128,UCEC,EPIC,prad_cheng_08,TCGA-AX-A05Z-01A
115,0.0494771725056036,0.0419236773241089,4.09969617544697e-06,0.172214250412962,0.0584067801910647,0.0189656742773985,0.013127501995306,8.96236721559267e-05,0.0019948588453958,0.0018488996394876,3.81901683343888e-05,0.641909271272007,UCEC,EPIC,prad_cheng_08,TCGA-D1-A17L-01A
116,0.004631396856761,0.0337434617208385,2.02648857049576e-08,0.889434993885808,0.0369411928067637,0.0111059753554867,0.0181726358627806,0.0005506347338108,0.0035003532119022,0.0018432853986759,7.49794064856751e-05,1.07049580111284e-06,UCEC,EPIC,prad_cheng_08,TCGA-A5-A0GQ-01A
117,0.108192814403805,0.0444401390156864,2.56116213126672e-06,0.18079776319721,0.0767852904134815,0.0110766781238184,0.0191298878074681,1.7023852226741e-05,5.81258034663185e-07,0.0034417819316899,0.295588451071507,0.260527027762941,UCEC,EPIC,prad_cheng_08,TCGA-AX-A3G1-01A
118,6.41400669262174e-05,0.0082651298090679,7.21952862581753e-06,0.75649536651791,0.0790360378302991,0.0268884994777419,0.0049234223690522,0.0005301628222942,0.0142063004675208,0.0003937188615426,4.69795950231488e-05,0.109143022653996,UCEC,EPIC,prad_cheng_08,TCGA-BK-A0CC-01A
119,0.190678089612056,0.106049746291037,0.0822393635168734,9.49089891719435e-06,0.127339927763062,0.0745921500843165,0.13750659249475,2.10705999715867e-06,5.99389285784046e-08,0.0256919983083523,0.0005430501037536,0.255347423927956,UCEC,EPIC,prad_cheng_08,TCGA-D1-A1O8-01A
120,0.0142550641713218,0.0550074551005969,7.12642124888947e-07,0.312153854522755,0.104193330810616,0.0348522032661786,0.0814300657345183,0.0013614898341909,0.0029241895214073,0.0033073059944371,7.60328749628374e-08,0.390514252368978,UCEC,EPIC,prad_cheng_08,TCGA-DI-A1NN-01A
121,4.33502299348776e-08,0.0018493748831014,1.45019424549601e-06,0.860540647929304,0.0535939634749991,0.0471078342282601,0.0127150023184631,1.30198618495314e-06,0.0225563398264217,0.0016335157965869,2.96823615848862e-07,2.29188586928657e-07,UCEC,EPIC,prad_cheng_08,TCGA-B5-A0K9-01A
122,4.90386090457818e-07,1.07460368156802e-08,2.61767709394381e-08,0.722363531427705,2.10629984422029e-05,0.0664633748581187,0.0870519405403136,1.26940137180661e-06,0.12127015070057,0.0028264609539352,2.76976659860095e-07,1.40483398579552e-06,UCEC,EPIC,prad_cheng_08,TCGA-FI-A2CY-01A
123,6.45867201714074e-06,0.0116575299083513,0.0007471563579669,0.880540944592074,0.0638067353767696,0.0190237131994124,0.0090931461893044,2.17095354847191e-06,0.0085862828099314,0.0047436369916402,0.0017922123993724,1.25496117854284e-08,UCEC,EPIC,prad_cheng_08,TCGA-AP-A1DR-01A
124,0.0003210514424132,0.0032373593937434,0.0001603292927396,0.352691454951187,0.0359891919478614,0.0157165992159277,6.834495093065321e-09,0.0001482601335403,0.0073174875553743,9.19239330993052e-05,5.82959674314092e-06,0.584320505702875,UCEC,EPIC,prad_cheng_08,TCGA-B5-A11Q-01A
125,0.0004561701972424,0.0264524738977764,0.0059495941821311,0.55616655127816,0.0968430568571694,0.265900248880396,0.0253295236507067,0.0002984105598176,0.0195605700779365,0.003026770850881,1.61448788982777e-05,4.84688884999407e-07,UCEC,EPIC,prad_cheng_08,TCGA-BS-A0U7-01A
126,3.41338318243306e-07,4.39744779131405e-07,4.93751728806696e-07,0.893137145854844,0.0108781172213494,0.0171368768665687,0.0311734946371446,0.0009660607055056,0.0466900664361457,5.30284856729048e-07,1.60884060822554e-05,3.44752677162548e-07,UCEC,EPIC,prad_cheng_08,TCGA-A5-A0VQ-01A
127,2.01898823934376e-08,4.315837724103e-07,9.17961685437467e-08,0.907517738523731,0.0457427382790867,0.0198235402488441,0.0156036284776662,0.0001488866884694,0.0089803709747372,0.0021819219115618,5.32759310657427e-07,9.85667699705161e-08,UCEC,EPIC,prad_cheng_08,TCGA-BS-A0TE-01A
128,1.58769381773086e-05,1.95979502996398e-05,2.80672081811479e-05,0.823622722066967,0.0035830886701507,0.0907820154833934,0.0350870545135876,0.000493694327419,0.0448793064947665,0.0001983006439163,0.001290127868637,1.47834504384098e-07,UCEC,EPIC,prad_cheng_08,TCGA-BS-A0T9-01A
129,0.0011469310574075,0.0049843051537512,7.88833556057501e-07,0.0147371951849747,0.0797181795142503,0.0121034003414245,0.0070887737542413,7.77424186408196e-06,0.0016131892742057,0.0002595093160912,6.99921676626391e-06,0.878332954111467,UCEC,EPIC,prad_cheng_08,TCGA-AW-A1PO-01A
130,2.40152325393208e-06,0.0047258736524684,0.0018412151513547,0.527513069471246,0.0305132934280865,0.009639494822273,0.00702765880039,3.90302170242212e-05,0.0049161350731606,0.0002355602934407,1.46398180333436e-07,0.413546121169121,UCEC,EPIC,prad_cheng_08,TCGA-AJ-A3I9-01A
131,9.32550595998952e-05,0.054333459446376,1.56446278169197e-07,0.79150002667522,0.0594477766685841,0.048247454856032,0.0297085251703995,0.0001783852740423,0.0122450615619635,0.004243336791742,2.55629521091864e-06,5.7545510600665e-09,UCEC,EPIC,prad_cheng_08,TCGA-AJ-A8CV-01A
132,1.97265984041599e-08,0.0032341942624528,3.36437422188306e-06,0.902042971557157,0.0469949260562755,0.0193926694235661,0.0100337675984956,1.09927191353958e-05,0.016654771329779,0.0016313237154897,8.43209308287641e-07,1.56027520449588e-07,UCEC,EPIC,prad_cheng_08,TCGA-B5-A121-01A
133,0.0001725353340014,0.0074953763270042,1.21838278231257e-05,0.710025909332247,0.066526323763351,0.0338043147491136,0.0034446813775094,0.0003332438545899,0.0038973098509053,8.26124602344158e-05,3.44224576376163e-05,0.174171086665583,UCEC,EPIC,prad_cheng_08,TCGA-AX-A1CN-01A
134,5.77947510620814e-07,0.0086499832172166,2.03438514359449e-05,0.848401266004639,0.080914508670843,0.0120503770700913,0.0270815130249244,0.0001289387925895,0.0223778987018131,0.0003743071653834,9.943119810673651e-09,2.75610432850561e-07,UCEC,EPIC,prad_cheng_08,TCGA-BK-A139-01A
135,5.77340765033962e-05,0.0002445943456096,0.0014166889121357,0.762880646359317,0.0791767145424814,0.0225234978653835,0.0056496705812237,0.0001295114867551,0.0074400853522218,0.0010083626287069,1.84832106476309e-05,0.119454010639014,UCEC,EPIC,prad_cheng_08,TCGA-EY-A1G7-01A
136,0.0140519119442518,0.0581106453915282,5.46111586524883e-07,0.670404003470241,0.0714764599539265,0.0352735255857352,0.0387328279983507,7.48708194923018e-06,0.0040736273137641,0.0045024038638467,7.12491687795104e-05,0.103295312116041,UCEC,EPIC,prad_cheng_08,TCGA-BK-A6W3-01A
137,8.00210521482182e-07,1.33143242957042e-06,1.67432627203151e-06,1.53879882094256e-06,1.17063886232519e-06,2.24853231040947e-06,0.997221072848653,9.85072881576901e-07,6.63591550417648e-07,0.0027596873105453,8.22697379151882e-06,6.00263361129101e-07,UCEC,EPIC,prad_cheng_08,TCGA-FI-A2CX-01A
138,0.0020665120953015,9.39325689233876e-05,3.23062583306573e-05,0.735358448624855,0.0282778297245692,0.0076222097453882,0.0106348626176331,0.0003392340499184,0.0759121522004678,0.0008247929523374,0.138823921323262,1.3797839012895e-05,UCEC,EPIC,prad_cheng_08,TCGA-DI-A2QU-01A
139,7.18086274963837e-06,5.5045656962485e-05,7.21104688274405e-06,0.922785517966639,0.0086896404108782,0.011435593815032,0.0180740111866162,2.07040033261394e-06,0.0363035682487669,0.0018991965607293,0.0007400722914191,8.91552991495663e-07,UCEC,EPIC,prad_cheng_08,TCGA-AP-A0LT-01A
140,0.0004719021262473,0.0083398013577565,1.05622423022447e-06,0.762974346944059,0.0761354151906996,0.0652538567350357,0.0244276342554248,2.3786184170315e-05,0.0597808453942268,0.0003836565387795,0.0022072483827647,4.50666605420781e-07,UCEC,EPIC,prad_cheng_08,TCGA-EO-A3AS-01A
141,0.0081512941966285,0.0213294985128236,1.2601754599733e-07,0.684244448035087,0.112002932026948,0.0168801237861993,0.0216770423689619,0.0002672487887658,0.0064829590164744,0.0037494473393445,1.00087794305643e-05,0.12520487113179,UCEC,EPIC,prad_cheng_08,TCGA-E6-A1LZ-01A
142,0.0002342629768705,0.0309346036019517,4.99797123901876e-07,0.542224971094881,0.0482943389067302,0.0089704900802503,4.21259310794895e-08,6.4034485567548e-05,0.0084613320477521,0.0030202852671869,6.3716494213326e-06,0.357788767966333,UCEC,EPIC,prad_cheng_08,TCGA-AP-A1DO-01A
143,0.0001067942653446,2.84555951116019e-06,1.95773612803101e-05,0.869316075285357,0.0595416967166193,0.0330864970802381,0.0093314022673514,8.61073413249198e-06,0.0283841693791735,0.0001543279354597,1.80081043658558e-06,4.62026050956616e-05,UCEC,EPIC,prad_cheng_08,TCGA-AX-A2HC-01A
