,B Cells,Endothelial Cells,Fibroblasts,Macrophages,NK,T Cells,Cancer Cells,cancer_type,algo,reference_dataset,sample_id
0,8.22323201925566e-10,0.0401750302269542,4.24170229325602e-06,0.0073884257732316,9.99044761456742e-06,1.00481166106312e-07,0.952422210546417,KICH,EPIC,Geistlinger2020_Ovarian_3CA,TCGA-KL-8325-01A
1,2.58877704510435e-05,0.073189907833778,2.6803385147841e-09,0.0040769136296957,1.19601037136818e-10,1.69534579923721e-08,0.922707271012678,KICH,EPIC,Geistlinger2020_Ovarian_3CA,TCGA-KO-8411-01A
2,9.20758019864893e-08,0.028620719172589,0.0006474175891205,0.0044748716147714,1.78046867635508e-06,0.0002930635353072,0.965962055543733,KICH,EPIC,Geistlinger2020_Ovarian_3CA,TCGA-KL-8331-01A
3,1.7282599483372e-08,0.0187367183913128,7.60659391958799e-09,0.0042579214207241,0.0015973999957156,3.11655561307888e-08,0.975407904137498,KICH,EPIC,Geistlinger2020_Ovarian_3CA,TCGA-KO-8409-01A
4,2.89147488330855e-08,0.0225493252848021,1.6238769178571401e-09,0.0105807373558348,0.0006818206877099,1.40296666267734e-06,0.966186683166365,KICH,EPIC,Geistlinger2020_Ovarian_3CA,TCGA-KM-8439-01A
5,7.593959295633011e-09,0.0506248034958363,7.90953101175422e-10,0.0080272946476786,0.0003593514860238,3.5633705378997804e-09,0.940988538422178,KICH,EPIC,Geistlinger2020_Ovarian_3CA,TCGA-KN-8423-01A
6,1.37142969507663e-09,0.0840967234393431,6.8659152862835905e-09,0.0082343235334436,1.90137944602945e-05,4.50490552053888e-08,0.907649885946353,KICH,EPIC,Geistlinger2020_Ovarian_3CA,TCGA-KL-8339-01A
7,1.2218167686626602e-09,0.0687517990085743,1.0839196003049902e-09,0.0169008908250264,9.1882379107489e-10,2.69344751354608e-07,0.914347037597088,KICH,EPIC,Geistlinger2020_Ovarian_3CA,TCGA-KN-8434-01A
8,2.1418655861648104e-09,0.0618578165710881,2.7116574404807403e-09,0.0120661160100362,0.0033589209896705,2.13558681255746e-09,0.922717139440095,KICH,EPIC,Geistlinger2020_Ovarian_3CA,TCGA-KL-8342-01A
9,1.14623180000507e-08,0.060593637847436,0.0203812684268606,0.014472486656111,5.552793573922141e-09,0.0148768753528512,0.889675714701629,KICH,EPIC,Geistlinger2020_Ovarian_3CA,TCGA-KN-8428-01A
10,1.5183716146384202e-09,0.0295149304564584,2.69304364364067e-09,0.0060854682663373,7.78738315461434e-08,9.45594719113865e-09,0.96439950973601,KICH,EPIC,Geistlinger2020_Ovarian_3CA,TCGA-KO-8416-01A
11,2.50166600115702e-09,0.186125045152288,3.58364474391001e-05,0.0095292453972602,8.45429174620996e-06,4.34001931970486e-08,0.804301372809407,KICH,EPIC,Geistlinger2020_Ovarian_3CA,TCGA-KL-8344-01A
12,6.86998982901678e-07,0.0390815982039351,0.0069179601486327,0.0211266830777351,7.61543368769615e-05,8.010986825714751e-09,0.93279690922285,KICH,EPIC,Geistlinger2020_Ovarian_3CA,TCGA-KM-8441-01A
13,1.10164393842283e-05,0.0489541570003451,0.0101904166648587,0.0095238726737779,1.2636158000823702e-09,1.0464527078625e-07,0.931320431312747,KICH,EPIC,Geistlinger2020_Ovarian_3CA,TCGA-KM-8442-01A
14,7.07147284196825e-08,0.0281185666685493,1.59834087480968e-08,0.0024956329060611,5.64836920877019e-07,5.88900250593954e-07,0.969384559990081,KICH,EPIC,Geistlinger2020_Ovarian_3CA,TCGA-KL-8346-01A
15,1.06031714912853e-08,0.0325073982868648,6.4843434703093e-09,0.0031138341256546,8.83888023852681e-08,2.38281082302431e-08,0.964378638283055,KICH,EPIC,Geistlinger2020_Ovarian_3CA,TCGA-KL-8341-01A
16,2.57402486885192e-09,0.0272442968761802,1.01071676401525e-07,0.0029584369536966,2.5505999325449702e-09,5.91690574876278e-08,0.969797100804764,KICH,EPIC,Geistlinger2020_Ovarian_3CA,TCGA-KL-8330-01A
17,2.87758542587795e-08,0.0397253740315748,2.1033026940408e-09,0.002652233334885,3.20471186997898e-08,1.04310906104059e-06,0.957621286598203,KICH,EPIC,Geistlinger2020_Ovarian_3CA,TCGA-KN-8431-01A
18,1.01153410144091e-08,0.0331643104683271,1.8293875402942e-06,0.0150745755989785,2.00719584790634e-08,1.03429481204845e-08,0.951759244014907,KICH,EPIC,Geistlinger2020_Ovarian_3CA,TCGA-KO-8403-01A
19,6.23126163374583e-09,0.049322580401667,0.0252221640376377,0.0340178019160795,5.11517501071442e-08,0.0092167744341422,0.882220621827462,KICH,EPIC,Geistlinger2020_Ovarian_3CA,TCGA-KO-8405-01A
20,1.29857526088098e-09,0.0499641313660969,1.24065150852979e-05,0.0034935535569203,1.13556899635462e-08,1.82642700780618e-08,0.946529877643362,KICH,EPIC,Geistlinger2020_Ovarian_3CA,TCGA-KN-8435-01A
21,7.96925349223431e-10,0.0626442557936811,1.52205915436887e-11,0.0065117457843869,3.8906458134883e-07,4.907689577005311e-09,0.930843603637515,KICH,EPIC,Geistlinger2020_Ovarian_3CA,TCGA-KN-8419-01A
22,1.29925603043928e-07,0.0275776938304052,3.69957505660726e-05,0.0020128122604414,6.5239362283767805e-09,5.874382653841601e-10,0.97037236112161,KICH,EPIC,Geistlinger2020_Ovarian_3CA,TCGA-KL-8337-01A
23,8.11713983279178e-06,0.0869694245530168,1.66533272238614e-08,0.0073062736435191,1.47283727919975e-05,2.0455221690676303e-09,0.90570143759199,KICH,EPIC,Geistlinger2020_Ovarian_3CA,TCGA-KL-8332-01A
24,5.492835706816569e-11,0.0717519039229835,1.2916367979252301e-09,0.0229994516554866,0.0022892020174265,7.93924705266292e-08,0.902959361665068,KICH,EPIC,Geistlinger2020_Ovarian_3CA,TCGA-KO-8413-01A
25,6.905223570783041e-09,0.0196148182982867,6.39721087006765e-10,0.0022327339955287,3.6904083092515e-08,3.08175145432331e-08,0.978152372439642,KICH,EPIC,Geistlinger2020_Ovarian_3CA,TCGA-KM-8443-01A
26,0.0154735380566068,0.147939649823953,0.0035820862112536,0.0153481592782583,0.001243766388454,7.252924466157331e-09,0.81641279298855,KICH,EPIC,Geistlinger2020_Ovarian_3CA,TCGA-KL-8333-01A
27,1.71250287824198e-09,0.0647435237821816,1.90799039343772e-08,0.0154144368215748,5.96263605424536e-07,0.0010200986103021,0.918821323729929,KICH,EPIC,Geistlinger2020_Ovarian_3CA,TCGA-KL-8334-01A
28,1.52153379826787e-07,0.134662154493267,0.0579160689155875,0.0711389642366077,1.12809860402933e-07,0.0536431268058709,0.682639420585427,KICH,EPIC,Geistlinger2020_Ovarian_3CA,TCGA-KN-8427-01A
29,1.18324414040677e-07,0.0380830059571116,2.7434283240039403e-09,0.0060378624046003,6.40066328092787e-08,0.0036627695094701,0.952216177054343,KICH,EPIC,Geistlinger2020_Ovarian_3CA,TCGA-KL-8338-01A
30,9.43751842923376e-06,0.081873665029463,2.04401043730171e-09,0.008714037272994,0.0025598560335291,4.758217789306931e-09,0.906842997343356,KICH,EPIC,Geistlinger2020_Ovarian_3CA,TCGA-KN-8432-01A
31,1.72238626975685e-09,0.0448342642909275,1.16791816218138e-07,0.010740258534135,0.0013371619258943,1.82609812658992e-08,0.943088178473859,KICH,EPIC,Geistlinger2020_Ovarian_3CA,TCGA-KO-8410-01A
32,1.9279110097461403e-09,0.0232543167691158,5.0396756534281e-05,0.0108146222116302,4.79192483759585e-09,9.03406817690683e-08,0.965880567202202,KICH,EPIC,Geistlinger2020_Ovarian_3CA,TCGA-KN-8437-01A
33,1.6763061642762301e-09,0.0768338390211739,7.04440187827675e-11,0.012397208364247,0.0010633374692883,8.38423419495043e-09,0.909705605014306,KICH,EPIC,Geistlinger2020_Ovarian_3CA,TCGA-KN-8430-01A
34,1.01025122105594e-08,0.0336604400433162,2.42402500178709e-05,0.0045079625230536,1.38044040355407e-08,1.02240517119946e-08,0.961807323052644,KICH,EPIC,Geistlinger2020_Ovarian_3CA,TCGA-KM-8477-01A
35,9.69450509704579e-09,0.0307030625807221,1.86322610473141e-10,0.0088336075915798,0.0078227590219248,9.32124952324969e-07,0.952639628799993,KICH,EPIC,Geistlinger2020_Ovarian_3CA,TCGA-KO-8414-01A
36,2.04042216741302e-08,0.0460930878231292,4.80826922696999e-10,0.0073206039550409,1.28871808251893e-08,1.16273120314881e-06,0.946585111718397,KICH,EPIC,Geistlinger2020_Ovarian_3CA,TCGA-KL-8323-01A
37,3.02986587504575e-08,0.0215495927864223,5.1174747043883e-07,0.0027520666557819,9.45112130322211e-06,2.76947595040074e-08,0.975688319695604,KICH,EPIC,Geistlinger2020_Ovarian_3CA,TCGA-KL-8328-01A
38,6.96518439787562e-07,0.0291486317811142,1.1977518843108e-09,0.0118520633101737,0.0005816416219568,1.9942406695306203e-09,0.958416963576323,KICH,EPIC,Geistlinger2020_Ovarian_3CA,TCGA-KN-8426-01A
39,1.01075033253764e-08,0.0545660791924096,5.92793158194255e-08,0.0258925623927254,1.41955958230505e-05,2.36916005179317e-09,0.919527091063063,KICH,EPIC,Geistlinger2020_Ovarian_3CA,TCGA-KL-8336-01A
40,5.54882133511208e-08,0.0383821559926611,8.267585345551471e-10,0.0249362391412774,0.0032028428020528,0.0027231625865161,0.930755543162521,KICH,EPIC,Geistlinger2020_Ovarian_3CA,TCGA-KL-8329-01A
41,1.51150604958665e-08,0.0644101236909801,6.129935965616531e-10,0.0100447220600193,0.0009933711806888,2.77404738631271e-06,0.924548993292871,KICH,EPIC,Geistlinger2020_Ovarian_3CA,TCGA-KN-8429-01A
42,1.83250855774486e-09,0.0227360874229918,8.922194350850501e-10,0.0015192338265426,4.32667699061427e-08,1.97201511561622e-08,0.975744613038816,KICH,EPIC,Geistlinger2020_Ovarian_3CA,TCGA-KL-8326-01A
43,1.97379772893598e-08,0.0329614730552641,1.09748279706602e-09,0.0181075191960263,5.327354134393031e-09,3.44448371614177e-07,0.948930637137524,KICH,EPIC,Geistlinger2020_Ovarian_3CA,TCGA-KN-8425-01A
44,7.238915997346051e-09,0.019322591289549,3.01125438837042e-09,0.0017169349740068,6.4469423147637905e-09,2.25587303008187e-05,0.978937898309031,KICH,EPIC,Geistlinger2020_Ovarian_3CA,TCGA-KL-8327-01A
45,1.8526524672457502e-09,0.0526405753888377,4.038030537808771e-09,0.0081087892630109,1.42139590092965e-08,2.3625314617711e-08,0.939250591618195,KICH,EPIC,Geistlinger2020_Ovarian_3CA,TCGA-KL-8343-01A
46,1.26237083322521e-08,0.0472873861124488,4.860517593534921e-09,0.0029324560549576,0.0004880755862214,7.59775454808962e-08,0.949291988784601,KICH,EPIC,Geistlinger2020_Ovarian_3CA,TCGA-KL-8324-01A
47,2.17094443167238e-08,0.0470318712031859,4.1556793529507e-05,0.0108147545002999,7.76082339326168e-08,6.10021463077575e-08,0.94211165718316,KICH,EPIC,Geistlinger2020_Ovarian_3CA,TCGA-KN-8433-01A
48,2.73720428105735e-08,0.0439959805887454,5.90385540981281e-09,0.0025055802246204,5.43062590888566e-10,1.65630922715598e-05,0.953481842275402,KICH,EPIC,Geistlinger2020_Ovarian_3CA,TCGA-KO-8417-01A
49,1.58042121449979e-08,0.027018063992988,0.0008814108348349,0.0144600521119037,0.0025752206586146,0.0024557819301977,0.952609454667249,KICH,EPIC,Geistlinger2020_Ovarian_3CA,TCGA-KM-8639-01A
50,5.21180742573748e-08,0.0657179979652403,0.0007389222637003,0.0069560464356921,2.0680127046398e-09,0.0031095466509863,0.923477432498294,KICH,EPIC,Geistlinger2020_Ovarian_3CA,TCGA-KL-8340-01A
51,1.17296124973913e-07,0.303233071247166,0.230587700116762,0.46391200629334,3.21807029778424e-08,0.0022669243307696,1.4853513369651e-07,KICH,EPIC,Geistlinger2020_Ovarian_3CA,TCGA-KO-8404-01A
52,4.95421322055898e-07,0.0178939852953438,0.0020647103969066,0.0039110753574027,1.07841805277423e-08,3.55470387484973e-08,0.976129687197806,KICH,EPIC,Geistlinger2020_Ovarian_3CA,TCGA-KM-8440-01A
53,8.245901002212521e-09,0.0317846341555806,2.2079965308035801e-10,0.0028960917306711,2.20729859121513e-09,1.25994658958471e-08,0.965319250840283,KICH,EPIC,Geistlinger2020_Ovarian_3CA,TCGA-KN-8436-01A
54,4.74148060596489e-08,0.0619634866020374,1.47198246272485e-06,0.0208837772226345,7.7034242624911e-08,1.80903806024384e-08,0.917151121653436,KICH,EPIC,Geistlinger2020_Ovarian_3CA,TCGA-KN-8424-01A
55,1.02211825911601e-08,0.0380804300161069,2.85420449485179e-08,0.0069566965148699,4.13483098354484e-06,6.755062038120511e-09,0.95495869311975,KICH,EPIC,Geistlinger2020_Ovarian_3CA,TCGA-KO-8406-01A
56,1.07298214889361e-10,0.0510944102792884,4.751101942294209e-11,0.0042851101866956,6.608797115868061e-09,1.48265129105729e-07,0.94462032450528,KICH,EPIC,Geistlinger2020_Ovarian_3CA,TCGA-KM-8438-01A
57,1.68766010872518e-08,0.0450386151930512,2.1785649146266202e-09,0.0040460514741648,2.07485407681198e-05,1.90182728371282e-05,0.950875547464013,KICH,EPIC,Geistlinger2020_Ovarian_3CA,TCGA-KN-8418-01A
58,1.81163897276677e-08,0.0183866973163968,0.0185990986126975,0.0041839674674134,0.0001943334909017,8.73265274898788e-09,0.958635876263548,KICH,EPIC,Geistlinger2020_Ovarian_3CA,TCGA-KL-8335-01A
59,1.15576223378098e-09,0.0575126447464198,1.30836082278878e-09,0.006493018544556,4.43557265346212e-09,7.82645653636108e-08,0.935994251544763,KICH,EPIC,Geistlinger2020_Ovarian_3CA,TCGA-KL-8345-01A
60,3.94229755087038e-10,0.0532426617614168,1.43865502286088e-09,0.0077244997993307,0.0025691139183354,2.09681858884216e-06,0.936461625869443,KICH,EPIC,Geistlinger2020_Ovarian_3CA,TCGA-KO-8407-01A
61,2.79521098782473e-08,0.0135184209210718,0.0002996415951247,0.0042574337871357,4.67807741452003e-06,0.0010458750556518,0.980873922611492,KICH,EPIC,Geistlinger2020_Ovarian_3CA,TCGA-KN-8421-01A
62,6.92578163305712e-06,0.0365885899534207,1.66336008895228e-08,0.0209848873007414,0.00074150935726,1.28812959621532e-08,0.941678058092048,KICH,EPIC,Geistlinger2020_Ovarian_3CA,TCGA-KO-8415-01A
63,5.56632869095525e-08,0.0292168570634166,1.10178187079843e-09,0.0026672118467037,4.54285653074879e-05,0.0001811778631835,0.96788926789632,KICH,EPIC,Geistlinger2020_Ovarian_3CA,TCGA-KM-8476-01A
64,0.0028864237525713,0.0878115640421029,0.0180299483871253,0.0035678229513822,7.404467924779541e-09,0.0144843112535962,0.873219922208754,KICH,EPIC,Geistlinger2020_Ovarian_3CA,TCGA-KO-8408-01A
65,5.60419321247881e-07,0.0771912698788439,0.0255582469574174,0.0252894439548091,1.20525773251612e-07,0.0376859007615801,0.834274457502255,UCEC,EPIC,Geistlinger2020_Ovarian_3CA,TCGA-A5-A0R8-01A
66,0.0195537584447595,0.146856873340054,0.0207493782429519,0.007024731273881,3.2369024767960703e-09,0.055394341706616,0.750420913754835,UCEC,EPIC,Geistlinger2020_Ovarian_3CA,TCGA-A5-A0G3-01A
67,0.0074326944284598,0.0368800495285405,0.0174991280966405,0.0067419307470861,0.0042809252743034,0.0167134988629305,0.910451773062039,UCEC,EPIC,Geistlinger2020_Ovarian_3CA,TCGA-AP-A054-01A
68,5.27306003577067e-07,0.333220989988749,0.0241245908202724,0.0244402930444563,5.02308208088588e-07,0.0420182134587952,0.576194883073516,UCEC,EPIC,Geistlinger2020_Ovarian_3CA,TCGA-A5-A0GX-01A
69,0.0099873849578931,0.0621110240657286,0.0141443777590757,0.0032098618646061,3.78693294148028e-10,0.0255618308478131,0.88498552012619,UCEC,EPIC,Geistlinger2020_Ovarian_3CA,TCGA-DI-A2QY-01A
70,0.136774128312858,1.38675863465437e-07,2.08788068188704e-08,0.0930716178356776,0.0209845499294306,0.0050752876991186,0.744094256668245,UCEC,EPIC,Geistlinger2020_Ovarian_3CA,TCGA-EY-A1GC-01A
71,0.0002836762606968,0.0720450275997932,0.0194219096879608,0.0138036359496542,1.27784219988615e-08,0.0291396508087116,0.865306086914761,UCEC,EPIC,Geistlinger2020_Ovarian_3CA,TCGA-A5-A0GI-01A
72,0.0235412006102282,0.0124280921947011,0.0151182723991829,0.0061213835811344,2.16370299022533e-08,0.0195899635281826,0.923201066049541,UCEC,EPIC,Geistlinger2020_Ovarian_3CA,TCGA-D1-A17S-01A
73,0.0293396069763039,0.0700786741115885,0.0552089189613388,0.0228989574637266,4.45766372209688e-08,0.0685503064524268,0.753923491457978,UCEC,EPIC,Geistlinger2020_Ovarian_3CA,TCGA-EY-A5W2-01A
74,2.18655618203634e-08,0.0527037744921771,0.0085795349641374,0.0282518526228121,3.58897238132837e-05,0.0263703706731511,0.884058555658347,UCEC,EPIC,Geistlinger2020_Ovarian_3CA,TCGA-D1-A1NU-01A
75,2.15441850608231e-06,0.28018879167495,0.0682993079291646,0.0214292040817925,3.32327490335761e-08,0.0509143987973479,0.57916610986549,UCEC,EPIC,Geistlinger2020_Ovarian_3CA,TCGA-BG-A18A-01A
76,0.0182007632451663,0.166519034412767,0.111735955697694,0.0191591012525889,1.7515894812619103e-09,0.0571570561266969,0.627228087513497,UCEC,EPIC,Geistlinger2020_Ovarian_3CA,TCGA-AX-A06B-01A
77,1.04853837822115e-07,1.45929419782727e-05,0.08525944919582,0.014966980071213,0.0166488007740942,2.03411617226075e-06,0.883108038046885,UCEC,EPIC,Geistlinger2020_Ovarian_3CA,TCGA-E6-A2P9-01A
78,0.008770533854068,0.0588640788988697,0.0436901550978774,0.0455329632702168,0.0057278432390132,0.0846975275419123,0.752716898098042,UCEC,EPIC,Geistlinger2020_Ovarian_3CA,TCGA-PG-A917-01A
79,0.0063345757518341,0.107125998738518,0.124291206379939,0.0095361994340024,4.8040489365063105e-09,0.0219344382871379,0.73077757660452,UCEC,EPIC,Geistlinger2020_Ovarian_3CA,TCGA-AX-A3FS-01A
80,1.17673463909625e-07,0.0282904823142774,0.0772887788767295,0.0281736987487959,1.28229284911015e-07,0.0136124838961677,0.852634310261281,UCEC,EPIC,Geistlinger2020_Ovarian_3CA,TCGA-A5-A2K4-01A
81,0.010707436288302,0.0215722288206022,0.0220717508121383,0.0126910942723362,7.48357024923163e-07,0.0175879806356696,0.915368760813927,UCEC,EPIC,Geistlinger2020_Ovarian_3CA,TCGA-D1-A1O0-01A
82,0.0122892736861611,0.0486853024132461,0.0574891867444416,0.0247264502110348,0.0720395906971243,4.20205007307258e-07,0.784769776042985,UCEC,EPIC,Geistlinger2020_Ovarian_3CA,TCGA-B5-A0JS-01A
83,6.54519472399599e-09,0.0260515357531467,0.0166156428117338,0.0114979771129633,0.0004166857333931,0.014865839556027,0.930552312487541,UCEC,EPIC,Geistlinger2020_Ovarian_3CA,TCGA-AX-A1CE-01A
84,2.8740897404787e-08,0.0178238475156804,0.0025853227109067,0.0241861316029541,3.21609021154918e-08,0.0285465110050322,0.926858126263627,UCEC,EPIC,Geistlinger2020_Ovarian_3CA,TCGA-D1-A17F-01A
85,0.110320680055676,0.101997807144325,0.0365911060102292,0.0292096101434246,0.0728624953256857,0.014652822656477,0.634365478664183,UCEC,EPIC,Geistlinger2020_Ovarian_3CA,TCGA-EO-A3AV-01A
86,0.0123565589444974,0.140756052324058,0.0233329285537728,0.0703827912608191,0.0189364386916145,0.0096294560618462,0.724605774163392,UCEC,EPIC,Geistlinger2020_Ovarian_3CA,TCGA-D1-A17B-01A
87,1.26344319576196e-07,0.0138582035752783,0.169351409518999,0.0426884434581359,0.0454497743644687,1.81728389082978e-08,0.72865202456596,UCEC,EPIC,Geistlinger2020_Ovarian_3CA,TCGA-E6-A8L9-01A
88,0.0111103042224554,0.0232990046935335,0.0012145082298436,0.014068024670618,3.3241071242065203e-09,0.0355807301352514,0.914727424724191,UCEC,EPIC,Geistlinger2020_Ovarian_3CA,TCGA-EY-A547-01A
89,1.26214006295687e-07,0.0294313905969555,0.106492247097683,0.0513027457829867,0.005421367587959,0.0115068998348837,0.795845222885526,UCEC,EPIC,Geistlinger2020_Ovarian_3CA,TCGA-AJ-A3OJ-01A
90,0.0051508120599211,8.65807624680109e-07,0.131238819628058,0.0123594224120797,0.0106073330159044,7.61846544913792e-09,0.840642739457947,UCEC,EPIC,Geistlinger2020_Ovarian_3CA,TCGA-BS-A0TJ-01A
91,1.28650882598974e-08,0.0317102364170501,0.0100243885700278,0.0190063656384956,5.82373958099534e-06,0.0189305645837763,0.920322608185981,UCEC,EPIC,Geistlinger2020_Ovarian_3CA,TCGA-BG-A0VV-01A
92,0.0264818752120799,0.0363050884355921,0.0113867335391759,0.0198916185639001,1.86218367229712e-08,0.0307497523877236,0.875184913239692,UCEC,EPIC,Geistlinger2020_Ovarian_3CA,TCGA-D1-A16V-01A
93,3.26160775363846e-09,0.0450820926178325,0.0544214127082857,0.0448096205983442,0.0077038196644057,0.001198943314899,0.846784107834625,UCEC,EPIC,Geistlinger2020_Ovarian_3CA,TCGA-EO-A22R-01A
94,0.0838290489354553,0.0390954264590566,0.115434366006253,0.0359390213364974,0.0037968326799335,0.0215557879664938,0.700349516616311,UCEC,EPIC,Geistlinger2020_Ovarian_3CA,TCGA-BG-A0MH-01A
95,2.23622454656864e-08,0.0126694307151956,0.0269636536069427,0.0086774252316995,8.37544738889259e-08,0.01849454528533,0.933194839044113,UCEC,EPIC,Geistlinger2020_Ovarian_3CA,TCGA-EO-A3KX-01A
96,8.2325793545374e-08,0.0607974053479096,0.0469754345883193,0.0236237964524789,9.77754462531822e-05,0.0171114673015204,0.851394038537725,UCEC,EPIC,Geistlinger2020_Ovarian_3CA,TCGA-AX-A0IS-01A
97,1.76262223875965e-07,0.0494566294225854,0.0148316240731724,0.0165396669974468,1.53220518149207e-08,0.0060054282726368,0.913166459649883,UCEC,EPIC,Geistlinger2020_Ovarian_3CA,TCGA-EY-A1G8-01A
98,0.137304480438381,0.0227726455952702,1.36743927694646e-06,7.00338444955827e-10,1.34769154634018e-07,4.58596245660525e-07,0.839920912461333,UCEC,EPIC,Geistlinger2020_Ovarian_3CA,TCGA-EY-A1GW-01A
99,1.23904004497729e-08,0.0365601982130669,0.0154706793856208,0.0250123268825671,4.5505160748588e-08,0.0084654667854902,0.914491270837694,UCEC,EPIC,Geistlinger2020_Ovarian_3CA,TCGA-BG-A0RY-01A
100,7.43393702520602e-10,0.0858335455815332,0.0745955345201708,0.0259390545108,4.82743616575328e-06,0.0212782598675535,0.792348777340383,UCEC,EPIC,Geistlinger2020_Ovarian_3CA,TCGA-D1-A1NY-01A
101,2.27714111072605e-08,0.0211403850618387,0.0392752384159739,0.0235334221930472,0.0010235110745298,0.0048006154078481,0.910226805075351,UCEC,EPIC,Geistlinger2020_Ovarian_3CA,TCGA-B5-A3S1-01A
102,0.0118521502663244,0.0892687525891929,0.0334802742757124,0.0447093573483895,7.01686873937555e-08,0.0619885116117896,0.758700883739904,UCEC,EPIC,Geistlinger2020_Ovarian_3CA,TCGA-A5-A2K5-01A
103,4.7139378043715404e-09,0.0382069802917571,0.0486509576535737,0.0121350648688552,3.40901869979443e-09,0.0138503286411204,0.887156660421737,UCEC,EPIC,Geistlinger2020_Ovarian_3CA,TCGA-AX-A062-01A
104,0.120136834975227,0.0912566844587747,1.15684256022608e-05,0.177323192392231,0.157541884669882,6.9140226288375705e-09,0.453729828164261,UCEC,EPIC,Geistlinger2020_Ovarian_3CA,TCGA-A5-A0G5-01A
105,6.9262128245964805e-09,0.0203123926051797,0.013989235855783,0.0114658786553873,1.57624422685188e-08,0.0133817269181153,0.94085074327688,UCEC,EPIC,Geistlinger2020_Ovarian_3CA,TCGA-AP-A0LH-01A
106,3.18258858475478e-06,0.03133673493457,0.021377951005034,0.0146855912729601,2.37985927580143e-08,0.0149862509863493,0.917610265413909,UCEC,EPIC,Geistlinger2020_Ovarian_3CA,TCGA-BS-A0WQ-01A
107,0.0045637845669859,0.031949320026154,0.0055773592431327,0.0005679967222911,1.55584658340782e-10,0.0080241818950981,0.949317357390753,UCEC,EPIC,Geistlinger2020_Ovarian_3CA,TCGA-FI-A2EY-01A
108,1.49160156490154e-06,0.0183222057734475,0.0196376831217108,0.0216535917116261,1.44070231139593e-07,0.0223199903440968,0.918064893377323,UCEC,EPIC,Geistlinger2020_Ovarian_3CA,TCGA-EY-A549-01A
109,6.06277623605658e-08,0.0656489273496163,0.0403192139122239,0.0161168551903976,1.55516884939401e-07,0.024293359057283,0.853621428345832,UCEC,EPIC,Geistlinger2020_Ovarian_3CA,TCGA-FI-A2D0-01A
110,0.0348082673643742,0.185944965175385,0.0021292773837757,0.0126264002117737,7.742195690458571e-09,0.104168577550496,0.660322504571999,UCEC,EPIC,Geistlinger2020_Ovarian_3CA,TCGA-BS-A0V7-01A
111,6.76338544535177e-07,0.0569610344095318,0.0175129049739972,0.0314179181792581,4.83038897696196e-08,0.0020226088820713,0.892084808912707,UCEC,EPIC,Geistlinger2020_Ovarian_3CA,TCGA-B5-A1MW-01A
112,1.02756708891972e-06,0.0616922178581515,4.74120230877403e-08,0.0186970113100431,0.006446842754741,2.43917632687637e-07,0.91316260918032,UCEC,EPIC,Geistlinger2020_Ovarian_3CA,TCGA-D1-A17D-01A
113,2.05068104105107e-09,0.045573151996377,0.0158219102282213,0.113108187808984,0.466196727510945,1.66323822489551e-08,0.35930000377241,UCEC,EPIC,Geistlinger2020_Ovarian_3CA,TCGA-BS-A0TA-01A
114,6.1387531335904e-08,0.0683323146841082,0.0095560640151478,0.0716944327046072,0.104239634005286,4.01193983275229e-05,0.746137373804992,UCEC,EPIC,Geistlinger2020_Ovarian_3CA,TCGA-AX-A05Z-01A
115,0.0330722399723613,0.0341154130132133,3.4793865065524103e-09,0.0128160560653412,3.21647658959927e-08,0.0280622727685479,0.891933982536384,UCEC,EPIC,Geistlinger2020_Ovarian_3CA,TCGA-D1-A17L-01A
116,0.0012733359500517,0.0297444920145591,0.0014943044660661,0.026268318768803,5.802203915519371e-09,0.0309929338826569,0.910226609115659,UCEC,EPIC,Geistlinger2020_Ovarian_3CA,TCGA-A5-A0GQ-01A
117,0.188886673334142,0.0227782458010255,0.0052487121738603,0.0197129686203657,4.61222394312772e-08,0.0375565205992451,0.725816833349122,UCEC,EPIC,Geistlinger2020_Ovarian_3CA,TCGA-AX-A3G1-01A
118,2.18388977000928e-08,0.0349371038019981,0.0368024283099037,0.011404712622013,3.17142461661689e-05,3.6275777384108e-08,0.916823982905244,UCEC,EPIC,Geistlinger2020_Ovarian_3CA,TCGA-BK-A0CC-01A
119,0.253067285357368,0.0510838182776624,8.31397957330211e-10,0.145113773023803,0.131996911248821,5.10523550659986e-08,0.418738160208592,UCEC,EPIC,Geistlinger2020_Ovarian_3CA,TCGA-D1-A1O8-01A
120,2.25966029112799e-08,0.0476432603646858,0.0085488775220781,0.0837942582543258,0.0014408664778892,0.0182427769638493,0.840329937820569,UCEC,EPIC,Geistlinger2020_Ovarian_3CA,TCGA-DI-A1NN-01A
121,5.37149293104838e-08,0.031123508283998,0.0493629919660198,0.0176566018211194,2.14593688288734e-08,0.0266701439116393,0.875186678842925,UCEC,EPIC,Geistlinger2020_Ovarian_3CA,TCGA-B5-A0K9-01A
122,5.24414620538344e-08,0.0819997507928975,0.0046954783722799,0.0605325440056923,4.13908109755399e-08,0.0558045515659325,0.796967581430925,UCEC,EPIC,Geistlinger2020_Ovarian_3CA,TCGA-FI-A2CY-01A
123,3.89229810908308e-06,0.0270647904471989,0.0261257537601169,0.0172761220171142,0.0073138505446991,0.0172761107144577,0.904939480218304,UCEC,EPIC,Geistlinger2020_Ovarian_3CA,TCGA-AP-A1DR-01A
124,0.0037542906398888,0.0215286157377074,0.0021830469924165,0.0022867623553658,4.17284820603556e-11,0.0085047458379416,0.961742538394951,UCEC,EPIC,Geistlinger2020_Ovarian_3CA,TCGA-B5-A11Q-01A
125,0.0374197147088894,0.238397008527404,0.137895986348496,0.0208185262450301,1.98632492223869e-07,0.0894416372492203,0.476026928288467,UCEC,EPIC,Geistlinger2020_Ovarian_3CA,TCGA-BS-A0U7-01A
126,0.0001450260311987,0.0887768181109779,0.023126258380679,0.0227366264394209,1.49393891426172e-08,0.0245725647113922,0.840642691386942,UCEC,EPIC,Geistlinger2020_Ovarian_3CA,TCGA-A5-A0VQ-01A
127,6.166657623974731e-09,0.0311205714557166,0.0233645360671737,0.0197611541319965,0.0022841393158133,0.0230008032909709,0.900468789571671,UCEC,EPIC,Geistlinger2020_Ovarian_3CA,TCGA-BS-A0TE-01A
128,2.01200001091077e-07,0.0851588749727956,0.0826969402743045,0.0252339101947244,1.33161809096299e-07,0.0387259496387415,0.768183990557624,UCEC,EPIC,Geistlinger2020_Ovarian_3CA,TCGA-BS-A0T9-01A
129,0.0007834334761086,0.0169783011509833,0.0134666446222623,0.0066742801700198,8.080033188445621e-09,6.53878146283494e-09,0.962097325961811,UCEC,EPIC,Geistlinger2020_Ovarian_3CA,TCGA-AW-A1PO-01A
130,1.10626019498085e-08,0.0006153098758422,0.0241664944526472,0.0122864456096155,2.62081634818876e-08,1.00458579201527e-05,0.96292166693321,UCEC,EPIC,Geistlinger2020_Ovarian_3CA,TCGA-AJ-A3I9-01A
131,3.90196142840767e-08,0.0558175643265579,0.0298143024595361,0.0358225668650272,0.0047452498181002,0.0355000222206293,0.838300255290535,UCEC,EPIC,Geistlinger2020_Ovarian_3CA,TCGA-AJ-A8CV-01A
132,2.49106276821473e-08,0.0347492605068431,0.0202387978121104,0.0158201680950734,1.17396113568962e-07,0.0195865169170492,0.909605114362183,UCEC,EPIC,Geistlinger2020_Ovarian_3CA,TCGA-B5-A121-01A
133,2.51941883830416e-07,9.73917967145663e-08,0.110757683492719,0.0076971007600536,1.98280038111742e-05,8.0268454228536e-09,0.88152503038289,UCEC,EPIC,Geistlinger2020_Ovarian_3CA,TCGA-AX-A1CN-01A
134,1.95108666927938e-08,0.0685708461558705,1.69656748351472e-06,0.0325035123167513,2.40143729553837e-08,0.0289766506236941,0.869947250810961,UCEC,EPIC,Geistlinger2020_Ovarian_3CA,TCGA-BK-A139-01A
135,7.85217206660907e-08,0.0556866978997058,0.029366993449105,0.0119530922117582,2.0468917564036604e-09,3.21190737648175e-07,0.902992814680081,UCEC,EPIC,Geistlinger2020_Ovarian_3CA,TCGA-EY-A1G7-01A
136,0.0036353814126401,0.0308069325190436,0.0474503422853107,0.0437686333775676,4.42348300903282e-08,0.0539524145360185,0.820386251634589,UCEC,EPIC,Geistlinger2020_Ovarian_3CA,TCGA-BK-A6W3-01A
137,6.22131867763748e-06,1.0191320687312e-05,1.48913391745226e-05,0.999958610597708,7.65501755847255e-06,2.4206128804423e-06,9.793314105333271e-09,UCEC,EPIC,Geistlinger2020_Ovarian_3CA,TCGA-FI-A2CX-01A
138,4.61266796593031e-07,0.0206359776119717,0.0143148275439376,0.0149351129322294,2.17600960154526e-08,0.0121567509098918,0.937956847975077,UCEC,EPIC,Geistlinger2020_Ovarian_3CA,TCGA-DI-A2QU-01A
139,5.95091011452643e-08,0.0240500200742375,0.0172760213748128,0.0184610069968149,2.63435858519206e-05,0.0307358621980579,0.909450686261124,UCEC,EPIC,Geistlinger2020_Ovarian_3CA,TCGA-AP-A0LT-01A
140,0.0261630327597124,0.05764198715727,0.0578968486202022,0.0211427571254838,3.3461086433639e-08,0.013060555127863,0.824094785748382,UCEC,EPIC,Geistlinger2020_Ovarian_3CA,TCGA-EO-A3AS-01A
141,2.116728659336e-07,0.0379984590300622,1.48579556163885e-08,0.0287041055721592,0.0109653094806077,0.0048702469888673,0.917461652397482,UCEC,EPIC,Geistlinger2020_Ovarian_3CA,TCGA-E6-A1LZ-01A
142,1.75170882793038e-07,0.0190846454987699,0.0018735031372031,0.004019928100145,0.0082173276924336,0.020792985553826,0.946011434846739,UCEC,EPIC,Geistlinger2020_Ovarian_3CA,TCGA-AP-A1DO-01A
143,0.0087196598511388,0.113145084050558,0.0277224822416853,0.0140113389602241,2.78520985236006e-08,0.0197236492501418,0.816677757794154,UCEC,EPIC,Geistlinger2020_Ovarian_3CA,TCGA-AX-A2HC-01A
144,1.6099908742373e-07,0.0499705564783819,0.0435693816028768,0.0318475863481799,0.0428836496091409,6.8668104373593e-08,0.831728596294229,UCEC,EPIC,Geistlinger2020_Ovarian_3CA,TCGA-EC-A1QX-01A
145,0.0023556686276282,0.0191215639822454,0.0133036891954535,0.0084264076605,0.0099804032970183,0.0159568027032185,0.930855464533936,UCEC,EPIC,Geistlinger2020_Ovarian_3CA,TCGA-A5-A0GB-01A
146,2.07243309821093e-08,0.0610247018451764,0.0016168206000198,0.0554529290979077,0.0290002747126383,0.0262744369441453,0.826630816075781,UCEC,EPIC,Geistlinger2020_Ovarian_3CA,TCGA-B5-A11Y-01A
147,9.21251900293344e-08,0.0018390735205405,0.187046523038881,0.0294343626234028,0.0027390284036903,8.33445663091156e-05,0.778857575721986,UCEC,EPIC,Geistlinger2020_Ovarian_3CA,TCGA-AJ-A3IA-01A
148,5.11504893442383e-08,0.048723216942923,0.0048999032353018,0.0264123400808003,1.15180309007317e-07,0.012838928615528,0.907125444794648,UCEC,EPIC,Geistlinger2020_Ovarian_3CA,TCGA-D1-A1NS-01A
149,0.0809910240949804,0.0363505877823795,0.0010099389343684,0.0325164101973086,0.0069592527468831,0.0223460499547715,0.819826736289308,UCEC,EPIC,Geistlinger2020_Ovarian_3CA,TCGA-AX-A2H2-01A
150,9.10567225974357e-08,0.0627298324236704,0.0274597343710135,0.0297147035550852,4.10151649483544e-08,0.0159720104872588,0.864123587091084,UCEC,EPIC,Geistlinger2020_Ovarian_3CA,TCGA-D1-A162-01A
151,6.2097318029724e-07,0.0857116392759486,0.0261559559015984,0.0164685267223837,8.17585467419229e-08,0.0229997244919575,0.848663450876385,UCEC,EPIC,Geistlinger2020_Ovarian_3CA,TCGA-AP-A0LG-01A
152,6.26994927653619e-08,0.0747112754230006,0.052643989079646,0.0934409580773473,0.0472285951363863,0.029927257369615,0.702047862214512,UCEC,EPIC,Geistlinger2020_Ovarian_3CA,TCGA-DF-A2KN-01A
153,3.3679226394809e-08,0.0517122857892761,0.0165679478588776,0.0062713150985031,1.19668494658216e-08,0.0059995930769167,0.919448812530351,UCEC,EPIC,Geistlinger2020_Ovarian_3CA,TCGA-AX-A1C4-01A
154,3.60865882346562e-08,0.142370518227651,0.0991423061951457,0.030495294843342,8.69218913003235e-09,0.0171031540367265,0.710888681918357,UCEC,EPIC,Geistlinger2020_Ovarian_3CA,TCGA-AJ-A3EJ-01A
155,1.29276991678298e-08,0.0001033975378637,0.129692053577141,0.0127470939758819,1.326615422125e-08,8.7352094353773e-08,0.857457341363166,UCEC,EPIC,Geistlinger2020_Ovarian_3CA,TCGA-BK-A26L-01C
156,2.63344364950523e-05,7.01799069892856e-06,7.97931433594875e-08,0.99996440588597,7.0911249061036e-07,1.41382953602162e-06,3.8951665822416e-08,UCEC,EPIC,Geistlinger2020_Ovarian_3CA,TCGA-A5-A2K3-01A
157,0.0056981427478533,0.0473911500854207,0.075474671338228,0.002642855145759,7.76994761514726e-08,0.0143682250777218,0.854424877905541,UCEC,EPIC,Geistlinger2020_Ovarian_3CA,TCGA-AP-A05H-01A
158,2.93931455205992e-06,0.0221521599158417,0.0012271267281295,0.0116688339705514,0.0017158814714209,0.0004071632799163,0.962825895319588,UCEC,EPIC,Geistlinger2020_Ovarian_3CA,TCGA-AX-A3FV-01A
159,2.11641513537036e-08,0.185634840239635,0.0672525210410638,0.0391304380414033,4.52354937279805e-07,0.0281384986137953,0.679843228545014,UCEC,EPIC,Geistlinger2020_Ovarian_3CA,TCGA-D1-A16F-01A
160,0.0321740446181114,0.0344062306507185,0.0115798187562432,0.0447482199440348,0.0867478904571983,1.3555649147227302e-09,0.790343794218129,UCEC,EPIC,Geistlinger2020_Ovarian_3CA,TCGA-JU-AAVI-01A
161,0.007982416218864,0.0694421491112765,0.027807186169796,0.0185940418846045,1.20518883006778e-08,0.0526332405857932,0.823540953977777,UCEC,EPIC,Geistlinger2020_Ovarian_3CA,TCGA-AX-A06L-01A
162,3.17988577541714e-08,0.0732267497898854,0.115221528254998,0.0146992480201877,8.23958091530883e-09,0.0068620753039994,0.789990358592491,UCEC,EPIC,Geistlinger2020_Ovarian_3CA,TCGA-BG-A3PP-01A
163,1.27765382985158e-07,0.19411464997867,0.240938512967096,0.0848098765339215,0.218855476754527,2.15816674115252e-08,0.261281334418735,UCEC,EPIC,Geistlinger2020_Ovarian_3CA,TCGA-B5-A1MU-01A
164,1.04176871746983e-07,0.0400721827699197,0.0187043528915647,0.0240927378573651,1.00906796991474e-08,0.0167626342047586,0.90036797800884,UCEC,EPIC,Geistlinger2020_Ovarian_3CA,TCGA-A5-A0RA-01A
165,0.0039604078818149,0.0189424322136877,0.0634573891707836,0.0145807504473385,2.16742926555764e-08,0.0122301890122655,0.886828809599817,UCEC,EPIC,Geistlinger2020_Ovarian_3CA,TCGA-BG-A0MK-01A
166,1.00882758363378e-07,0.0645630321729319,0.0541622691815129,0.0164497603738323,1.09564753914827e-07,0.036887722413367,0.827937005410844,UCEC,EPIC,Geistlinger2020_Ovarian_3CA,TCGA-EO-A3L0-01A
167,9.23158124371317e-07,0.0144745760878135,0.0434889122647635,0.0356071502817871,8.5077119808556e-08,0.0259469292352877,0.880481423895104,UCEC,EPIC,Geistlinger2020_Ovarian_3CA,TCGA-B5-A3F9-01A
168,4.55457934357384e-07,0.022298763725503,0.0171262057053539,0.0166121455595752,0.0025293805146273,0.0028059167370997,0.938627132299906,UCEC,EPIC,Geistlinger2020_Ovarian_3CA,TCGA-AJ-A2QO-01A
169,2.91847680960328e-05,0.128137362803211,0.103016576917084,0.0164055077631813,8.93019368926099e-10,0.0538067444534592,0.698604622401949,UCEC,EPIC,Geistlinger2020_Ovarian_3CA,TCGA-D1-A0ZO-01A
170,0.0084176484062725,0.0398109731767344,0.0525691405821243,0.0049479404218773,2.41935874612352e-08,0.0258974687202896,0.868356804499114,UCEC,EPIC,Geistlinger2020_Ovarian_3CA,TCGA-AP-A1DM-01A
171,0.0012095953362642,0.0319849662850937,0.0107242234697163,0.0105311783499877,5.20546621910246e-08,0.0112001831236634,0.934349801380613,UCEC,EPIC,Geistlinger2020_Ovarian_3CA,TCGA-SL-A6JA-01A
172,0.0058905475810501,0.0880237731572326,0.0596731928195308,0.0253785431370034,0.0112066372239456,0.039470087272685,0.770357218808552,UCEC,EPIC,Geistlinger2020_Ovarian_3CA,TCGA-EO-A22T-01A
173,0.0262429721489151,0.0728503117183772,0.0448063761825067,0.0073789475526713,7.14047273991103e-08,0.0281841553908404,0.820537165601962,UCEC,EPIC,Geistlinger2020_Ovarian_3CA,TCGA-B5-A11V-01A
174,0.0191886941442613,0.0530737669318483,0.0314669862415981,0.0385969956324674,4.63615072027745e-08,0.0360760155270146,0.821597495161303,UCEC,EPIC,Geistlinger2020_Ovarian_3CA,TCGA-AP-A051-01A
175,2.02351707186558e-06,0.0185223165318135,0.0426941064748631,0.0557266420608753,0.0339177899126242,0.0131692884505442,0.835967833052208,UCEC,EPIC,Geistlinger2020_Ovarian_3CA,TCGA-AJ-A2QL-01A
176,6.45458782940173e-08,0.0339860939875923,0.0072958951347335,0.0252332423520155,2.18664404883542e-06,0.0116146967720101,0.921867820563721,UCEC,EPIC,Geistlinger2020_Ovarian_3CA,TCGA-BS-A0TC-01A
177,2.44428341563825e-06,0.0056167025536085,0.0490923920547448,0.0063385900408718,0.0034159353038186,1.6410082851739e-08,0.935533919353458,UCEC,EPIC,Geistlinger2020_Ovarian_3CA,TCGA-B5-A1MS-01B
178,0.0017463059762274,0.0967547561328514,0.0433739260594443,0.0328948453940416,2.83998797492384e-08,0.0478221747301014,0.777407963307454,UCEC,EPIC,Geistlinger2020_Ovarian_3CA,TCGA-A5-A0R9-01A
179,1.35589003353374e-07,0.0441874569896959,0.0097568004627299,0.0085169342237369,3.35301476121379e-08,0.014335294391768,0.923203344812918,UCEC,EPIC,Geistlinger2020_Ovarian_3CA,TCGA-A5-A0GV-01A
180,8.58515723036381e-08,0.0134928298758976,0.0653777594077048,0.0297914189645276,1.45898487651183e-07,0.0183201133522464,0.873017646649564,UCEC,EPIC,Geistlinger2020_Ovarian_3CA,TCGA-B5-A1MZ-01A
181,0.0088316701244904,0.0311079167268574,0.0112093683714136,0.0204934873540784,0.0053820857395154,0.0247762197855647,0.89819925189808,UCEC,EPIC,Geistlinger2020_Ovarian_3CA,TCGA-D1-A1NW-01A
182,1.12218087049742e-08,0.0310517517203614,0.0115016378439962,0.0327437868952847,0.0206555157312057,4.61103382917408e-08,0.904047250477005,UCEC,EPIC,Geistlinger2020_Ovarian_3CA,TCGA-AX-A2HF-01A
183,1.4541213299196098e-11,0.0282772619109514,0.0141042651622785,0.0227613758845425,3.19134393305739e-05,0.0090248736938237,0.925800309894532,UCEC,EPIC,Geistlinger2020_Ovarian_3CA,TCGA-A5-A2K2-01A
184,2.01831557344505e-05,0.0406099392377348,0.0782296164064312,0.0364953907436359,2.47986202645662e-07,0.0356017154363478,0.809042907033913,UCEC,EPIC,Geistlinger2020_Ovarian_3CA,TCGA-D1-A102-01A
185,0.0256513324803217,0.341486077418326,0.193341892866637,0.0084254799035375,3.22977379841542e-08,0.133629467615437,0.297465717418002,UCEC,EPIC,Geistlinger2020_Ovarian_3CA,TCGA-BS-A0UL-01A
186,0.0436968935075153,0.0732103829386451,0.067168447003268,0.0165965877198673,1.52609121978621e-07,0.0561003746312343,0.743227161590348,UCEC,EPIC,Geistlinger2020_Ovarian_3CA,TCGA-BG-A0MA-01A
187,3.07494900705317e-08,0.0821514672029545,0.014935925141017,0.0535464389757831,0.009644657899626,0.0575428912659767,0.782178588765153,UCEC,EPIC,Geistlinger2020_Ovarian_3CA,TCGA-EO-A1Y5-01A
188,1.0572197821241e-05,0.0468666608346615,0.0426017182253316,0.0232049175598546,1.24633424851946e-07,1.55470966825438e-06,0.887314451839238,UCEC,EPIC,Geistlinger2020_Ovarian_3CA,TCGA-EY-A1GL-01A
189,2.55438007586295e-06,0.0680017045920371,0.0907017281928848,0.0321168440043727,1.37696046241979e-08,0.011106435987868,0.798070719073157,UCEC,EPIC,Geistlinger2020_Ovarian_3CA,TCGA-A5-A2K7-01A
190,6.27302648889446e-07,0.0400272698546472,0.0003370168097665,0.0137307537174473,1.08756268411127e-08,0.0098034991107402,0.936100822329123,UCEC,EPIC,Geistlinger2020_Ovarian_3CA,TCGA-EO-A2CH-01A
191,0.0015229117353781,0.0407552183460718,0.0469872663751335,0.0075426558328408,1.06563693786925e-07,0.032518765137101,0.870673076009781,UCEC,EPIC,Geistlinger2020_Ovarian_3CA,TCGA-A5-A3LO-01A
192,1.42797405660753e-06,0.103120165293865,0.0699626487976858,0.030025603951631,0.0105351939014764,0.0398669434350043,0.746488016646281,UCEC,EPIC,Geistlinger2020_Ovarian_3CA,TCGA-EO-A3B1-01A
193,1.62956345145711e-07,0.0469334202311815,0.0182186216249082,0.0184527450486444,4.16838570384729e-08,0.0158167159056935,0.90057829254937,UCEC,EPIC,Geistlinger2020_Ovarian_3CA,TCGA-AJ-A3NC-01A
194,0.0088493409257696,0.269255656547371,0.17701465785136,0.0113402900449195,2.2970817817478e-08,0.0076831171655018,0.52585691449426,UCEC,EPIC,Geistlinger2020_Ovarian_3CA,TCGA-B5-A11U-01A
195,8.76381419251095e-08,0.474664693490686,0.178945699402866,0.0182713541401622,8.186457511181341e-09,0.0468617173833895,0.281256439758297,UCEC,EPIC,Geistlinger2020_Ovarian_3CA,TCGA-D1-A168-01A
196,3.30897128470216e-08,0.0810079642246651,0.0671851303961514,0.0313475084519884,7.40692216285761e-07,0.0142799452505149,0.806178677894751,UCEC,EPIC,Geistlinger2020_Ovarian_3CA,TCGA-AP-A0LV-01A
197,5.44696566964648e-10,0.0327749561751612,0.002987414870687,0.0140361260047221,1.69007641370353e-07,0.0144559236781303,0.935745409718961,UCEC,EPIC,Geistlinger2020_Ovarian_3CA,TCGA-A5-A0VP-01A
198,0.0007581822378765,0.0652011511451904,0.0354580415959008,0.0335449293535578,7.49891271568347e-07,0.0620862192423584,0.802950726533845,UCEC,EPIC,Geistlinger2020_Ovarian_3CA,TCGA-BK-A0C9-01A
199,1.86351704586519e-07,0.117477107103076,0.0294897590414089,0.0410707708129772,0.0001938738318157,0.0211826191383003,0.790585683720717,UCEC,EPIC,Geistlinger2020_Ovarian_3CA,TCGA-D1-A16N-01A
200,0.0018814537132313,0.0607566208413231,0.0270603512426055,0.0118414919079962,1.9825835133824703e-09,0.0220533045914778,0.876406775720783,UCEC,EPIC,Geistlinger2020_Ovarian_3CA,TCGA-K6-A3WQ-01A
201,0.0035215586322029,0.011164877819468,0.0394717390243082,0.0360535206890223,3.74276524600588e-09,0.0313762372907314,0.878412062801502,UCEC,EPIC,Geistlinger2020_Ovarian_3CA,TCGA-D1-A3JP-01A
202,1.31619804349995e-07,1.10002407073445e-07,0.137599916990798,0.0164339281039361,4.38606762713144e-06,5.0927973703172e-05,0.845910599241725,UCEC,EPIC,Geistlinger2020_Ovarian_3CA,TCGA-QS-A744-01A
203,0.0098765482845081,0.0144622257132424,0.038034257395809,0.0104216874225638,8.99631930490673e-09,0.0048001326339095,0.922405139553648,UCEC,EPIC,Geistlinger2020_Ovarian_3CA,TCGA-BK-A4ZD-01A
204,8.38898821930406e-08,0.039377136167453,0.0380024448960697,0.031649728542653,1.41895506598564e-08,0.0156254482526233,0.875345144061768,UCEC,EPIC,Geistlinger2020_Ovarian_3CA,TCGA-AJ-A2QM-01A
