,Plasma B cells,Non-plasma B cells,CD4 T,CD8 T effector,CD8 T (GZMK high),Double-neg-like T,DC,Endothelial Cells,CAFs,Myofibroblasts,Macrophages,Mast Cells,NK,Neutrophils,Monocytes,1-others,Cancer Cells
TCGA-C5-A7UI-01A,0.039,0.000,0.055,0.054,0.001,0.000,0.011,0.021,0.006,0.003,0.034,0.000,0.000,0.001,0.000,0.776,0.776
TCGA-C5-A902-01A,0.000,0.000,0.000,0.162,0.000,0.000,0.010,0.029,0.000,0.000,0.023,0.000,0.002,0.001,0.000,0.773,0.773
TCGA-DS-A1OB-01A,0.000,0.000,0.009,0.000,0.000,0.000,0.000,0.010,0.008,0.000,0.068,0.000,0.000,0.000,0.000,0.905,0.905
TCGA-Q1-A6DW-01A,0.000,0.000,0.000,0.019,0.000,0.000,0.019,0.063,0.013,0.005,0.011,0.000,0.000,0.001,0.000,0.868,0.868
TCGA-EK-A2R7-01A,0.023,0.000,0.027,0.038,0.000,0.000,0.017,0.028,0.026,0.000,0.026,0.000,0.000,0.001,0.000,0.813,0.813
TCGA-C5-A7X8-01A,0.050,0.000,0.013,0.020,0.006,0.000,0.015,0.054,0.194,0.004,0.020,0.000,0.001,0.001,0.000,0.621,0.621
TCGA-Q1-A5R3-01A,0.011,0.000,0.018,0.036,0.009,0.000,0.012,0.013,0.011,0.000,0.013,0.000,0.000,0.001,0.000,0.875,0.875
TCGA-C5-A7X5-01A,0.000,0.000,0.000,0.001,0.000,0.000,0.000,0.018,0.018,0.000,0.019,0.000,0.000,0.001,0.000,0.943,0.943
TCGA-ZJ-A8QR-01A,0.001,0.000,0.000,0.008,0.000,0.000,0.007,0.047,0.010,0.000,0.005,0.000,0.000,0.009,0.000,0.913,0.913
TCGA-HM-A3JK-01A,0.006,0.000,0.025,0.003,0.004,0.000,0.042,0.059,0.267,0.018,0.039,0.000,0.000,0.002,0.000,0.534,0.534
TCGA-EA-A556-01A,0.001,0.000,0.006,0.018,0.008,0.000,0.001,0.038,0.107,0.006,0.016,0.000,0.000,0.005,0.000,0.794,0.794
TCGA-VS-A9V4-01A,0.001,0.000,0.001,0.008,0.000,0.001,0.003,0.007,0.007,0.004,0.006,0.000,0.000,0.008,0.001,0.953,0.953
TCGA-IR-A3L7-01A,0.000,0.000,0.000,0.009,0.000,0.000,0.004,0.026,0.029,0.000,0.007,0.000,0.000,0.003,0.000,0.922,0.922
TCGA-EK-A2RL-01A,0.000,0.000,0.000,0.015,0.000,0.000,0.002,0.018,0.015,0.000,0.008,0.000,0.000,0.004,0.000,0.937,0.937
TCGA-VS-A94X-01A,0.000,0.000,0.006,0.018,0.000,0.000,0.000,0.016,0.000,0.000,0.019,0.000,0.000,0.001,0.000,0.939,0.939
TCGA-VS-A9V3-01A,0.000,0.000,0.033,0.081,0.000,0.000,0.008,0.045,0.013,0.003,0.047,0.000,0.000,0.011,0.000,0.758,0.758
TCGA-EK-A2RO-01A,0.000,0.000,0.000,0.007,0.001,0.000,0.003,0.018,0.107,0.006,0.013,0.000,0.000,0.000,0.000,0.845,0.845
TCGA-JW-A5VJ-01A,0.000,0.000,0.000,0.026,0.013,0.000,0.002,0.025,0.019,0.000,0.031,0.000,0.000,0.000,0.000,0.883,0.883
TCGA-MA-AA42-01A,0.024,0.000,0.084,0.101,0.031,0.000,0.060,0.016,0.006,0.000,0.139,0.000,0.000,0.001,0.000,0.536,0.536
TCGA-C5-A1MK-01A,0.000,0.000,0.008,0.016,0.000,0.000,0.000,0.030,0.100,0.000,0.042,0.000,0.000,0.009,0.004,0.790,0.790
TCGA-UC-A7PG-01A,0.000,0.000,0.006,0.007,0.007,0.001,0.009,0.031,0.033,0.004,0.012,0.000,0.000,0.006,0.004,0.880,0.880
TCGA-VS-A9UH-01A,0.028,0.000,0.038,0.093,0.021,0.000,0.016,0.038,0.062,0.002,0.163,0.000,0.000,0.002,0.000,0.533,0.533
TCGA-4J-AA1J-01A,0.000,0.000,0.015,0.010,0.000,0.000,0.005,0.058,0.078,0.016,0.012,0.000,0.000,0.011,0.003,0.790,0.790
TCGA-C5-A1ME-01A,0.015,0.000,0.017,0.019,0.024,0.000,0.016,0.020,0.013,0.000,0.014,0.001,0.000,0.000,0.000,0.861,0.861
TCGA-C5-A8YR-01A,0.000,0.000,0.000,0.088,0.000,0.000,0.000,0.017,0.004,0.002,0.098,0.000,0.000,0.002,0.000,0.790,0.790
TCGA-EA-A5FO-01A,0.000,0.000,0.000,0.003,0.000,0.000,0.002,0.016,0.000,0.000,0.000,0.000,0.000,0.000,0.000,0.979,0.979
TCGA-MA-AA3Z-01A,0.000,0.000,0.015,0.125,0.000,0.000,0.028,0.026,0.000,0.000,0.021,0.000,0.000,0.004,0.000,0.780,0.780
TCGA-C5-A8XJ-01A,0.003,0.000,0.033,0.043,0.009,0.000,0.009,0.068,0.084,0.015,0.047,0.001,0.000,0.006,0.000,0.680,0.680
TCGA-R2-A69V-01A,0.008,0.000,0.038,0.097,0.015,0.000,0.074,0.031,0.024,0.000,0.230,0.000,0.000,0.004,0.000,0.478,0.478
TCGA-C5-A1BM-01A,0.003,0.000,0.010,0.020,0.000,0.000,0.038,0.023,0.008,0.000,0.161,0.000,0.000,0.005,0.000,0.732,0.732
TCGA-ZJ-AAXD-01A,0.000,0.000,0.000,0.007,0.006,0.000,0.004,0.047,0.096,0.021,0.002,0.000,0.000,0.004,0.001,0.811,0.811
TCGA-HM-A4S6-01A,0.000,0.000,0.026,0.055,0.000,0.000,0.038,0.030,0.034,0.004,0.107,0.000,0.000,0.010,0.000,0.694,0.694
TCGA-EA-A5ZF-01A,0.001,0.000,0.002,0.005,0.000,0.000,0.000,0.038,0.097,0.001,0.030,0.000,0.000,0.004,0.000,0.822,0.822
TCGA-C5-A1M6-01A,0.000,0.000,0.001,0.016,0.002,0.000,0.000,0.024,0.040,0.000,0.008,0.000,0.000,0.004,0.000,0.905,0.905
TCGA-DG-A2KK-01A,0.000,0.000,0.003,0.031,0.000,0.000,0.016,0.013,0.010,0.000,0.027,0.000,0.000,0.002,0.000,0.897,0.897
TCGA-HG-A2PA-01A,0.016,0.000,0.017,0.041,0.000,0.000,0.008,0.048,0.081,0.000,0.015,0.003,0.000,0.005,0.001,0.763,0.763
TCGA-VS-A8EH-01A,0.000,0.000,0.005,0.008,0.000,0.000,0.005,0.020,0.009,0.000,0.030,0.000,0.001,0.005,0.000,0.917,0.917
TCGA-FU-A5XV-01A,0.001,0.000,0.014,0.024,0.001,0.000,0.008,0.048,0.018,0.000,0.010,0.000,0.000,0.006,0.003,0.868,0.868
TCGA-C5-A1MF-01A,0.013,0.000,0.000,0.019,0.000,0.001,0.004,0.006,0.024,0.000,0.040,0.000,0.000,0.000,0.000,0.893,0.893
TCGA-EX-A449-01A,0.066,0.000,0.000,0.017,0.000,0.000,0.000,0.016,0.001,0.000,0.017,0.000,0.000,0.000,0.000,0.883,0.883
TCGA-C5-A2LX-01A,0.037,0.000,0.064,0.018,0.036,0.000,0.087,0.013,0.040,0.002,0.056,0.000,0.000,0.001,0.000,0.645,0.645
TCGA-HM-A3JJ-01A,0.002,0.000,0.025,0.019,0.000,0.000,0.038,0.057,0.127,0.002,0.035,0.000,0.000,0.003,0.000,0.693,0.693
TCGA-LP-A4AW-01A,0.000,0.000,0.014,0.001,0.007,0.000,0.013,0.118,0.164,0.090,0.019,0.000,0.000,0.005,0.000,0.568,0.568
TCGA-C5-A8XH-01A,0.000,0.000,0.024,0.017,0.000,0.000,0.010,0.023,0.024,0.000,0.046,0.000,0.000,0.001,0.000,0.856,0.856
TCGA-EK-A2RE-01A,0.000,0.000,0.004,0.003,0.000,0.001,0.001,0.041,0.021,0.001,0.005,0.000,0.000,0.002,0.011,0.910,0.910
TCGA-EK-A2RC-01A,0.005,0.000,0.014,0.055,0.002,0.000,0.014,0.025,0.082,0.000,0.042,0.000,0.000,0.002,0.000,0.758,0.758
TCGA-EA-A3HU-01A,0.018,0.000,0.001,0.195,0.000,0.000,0.014,0.034,0.013,0.000,0.068,0.000,0.001,0.001,0.000,0.656,0.656
TCGA-EK-A2PI-01A,0.000,0.000,0.005,0.001,0.000,0.000,0.000,0.016,0.084,0.000,0.016,0.000,0.000,0.003,0.000,0.874,0.874
TCGA-EX-A8YF-01A,0.043,0.000,0.005,0.083,0.012,0.000,0.009,0.022,0.007,0.000,0.031,0.000,0.000,0.009,0.000,0.777,0.777
TCGA-C5-A7UC-01A,0.000,0.000,0.000,0.002,0.000,0.000,0.000,0.020,0.018,0.000,0.000,0.000,0.000,0.000,0.000,0.960,0.960
TCGA-EA-A3QE-01A,0.006,0.000,0.029,0.131,0.001,0.000,0.033,0.048,0.021,0.001,0.057,0.000,0.001,0.016,0.000,0.657,0.657
TCGA-EA-A4BA-01A,0.000,0.000,0.002,0.001,0.000,0.000,0.000,0.043,0.053,0.007,0.003,0.000,0.000,0.000,0.000,0.890,0.890
TCGA-EA-A411-01A,0.014,0.000,0.026,0.011,0.000,0.000,0.027,0.059,0.161,0.014,0.031,0.001,0.000,0.004,0.000,0.651,0.651
TCGA-IR-A3LL-01A,0.000,0.000,0.000,0.132,0.000,0.000,0.025,0.010,0.001,0.000,0.151,0.000,0.000,0.001,0.000,0.679,0.679
TCGA-IR-A3LF-01A,0.000,0.000,0.024,0.047,0.000,0.000,0.023,0.043,0.037,0.002,0.015,0.004,0.000,0.004,0.000,0.800,0.800
TCGA-EK-A3GJ-01A,0.000,0.000,0.000,0.093,0.000,0.000,0.001,0.006,0.000,0.000,0.072,0.000,0.000,0.000,0.000,0.828,0.828
TCGA-ZJ-AAXI-01A,0.000,0.000,0.000,0.003,0.000,0.000,0.015,0.002,0.000,0.000,0.002,0.000,0.000,0.000,0.000,0.978,0.978
TCGA-C5-A1BI-01B,0.013,0.000,0.023,0.055,0.001,0.000,0.020,0.050,0.043,0.002,0.058,0.000,0.000,0.010,0.015,0.710,0.710
TCGA-EK-A3GK-01A,0.000,0.000,0.000,0.067,0.000,0.000,0.005,0.013,0.000,0.000,0.030,0.000,0.000,0.002,0.000,0.882,0.882
TCGA-EA-A3HT-01A,0.000,0.000,0.022,0.005,0.000,0.000,0.020,0.044,0.172,0.000,0.055,0.001,0.000,0.009,0.000,0.674,0.674
TCGA-C5-A2M1-01A,0.004,0.000,0.018,0.063,0.000,0.000,0.015,0.014,0.006,0.000,0.043,0.000,0.000,0.001,0.000,0.835,0.835
TCGA-VS-AA62-01A,0.008,0.000,0.031,0.094,0.001,0.000,0.024,0.037,0.034,0.000,0.102,0.000,0.000,0.016,0.000,0.651,0.651
TCGA-JW-A5VL-01A,0.000,0.000,0.001,0.068,0.000,0.000,0.018,0.026,0.000,0.000,0.077,0.000,0.000,0.002,0.000,0.808,0.808
TCGA-EK-A2IR-01A,0.000,0.000,0.000,0.000,0.000,0.000,0.000,0.015,0.003,0.000,0.009,0.000,0.000,0.000,0.000,0.973,0.973
TCGA-VS-A9UD-01A,0.018,0.000,0.050,0.111,0.004,0.000,0.026,0.016,0.000,0.001,0.141,0.000,0.000,0.001,0.000,0.632,0.632
TCGA-VS-A9UR-01A,0.000,0.000,0.000,0.024,0.000,0.000,0.015,0.027,0.011,0.001,0.002,0.000,0.000,0.005,0.000,0.915,0.915
TCGA-FU-A3EO-01A,0.011,0.000,0.000,0.015,0.000,0.000,0.012,0.008,0.016,0.000,0.049,0.000,0.000,0.000,0.000,0.888,0.888
TCGA-JX-A3Q0-01A,0.001,0.000,0.032,0.040,0.017,0.000,0.009,0.017,0.000,0.000,0.077,0.000,0.000,0.004,0.000,0.802,0.802
TCGA-VS-A8QH-01A,0.000,0.000,0.000,0.003,0.000,0.000,0.003,0.010,0.012,0.000,0.009,0.000,0.000,0.001,0.000,0.962,0.962
TCGA-EK-A2RM-01A,0.000,0.000,0.005,0.010,0.000,0.000,0.000,0.015,0.115,0.000,0.024,0.000,0.000,0.004,0.000,0.824,0.824
TCGA-ZJ-AAX8-01A,0.001,0.000,0.034,0.050,0.002,0.000,0.018,0.062,0.149,0.002,0.039,0.001,0.000,0.013,0.000,0.630,0.630
TCGA-DR-A0ZL-01A,0.000,0.000,0.005,0.002,0.000,0.000,0.005,0.021,0.000,0.000,0.004,0.000,0.000,0.005,0.000,0.956,0.956
TCGA-2W-A8YY-01A,0.010,0.000,0.010,0.004,0.000,0.000,0.005,0.021,0.013,0.000,0.043,0.000,0.000,0.000,0.000,0.894,0.894
TCGA-BI-A0VR-01A,0.016,0.000,0.045,0.055,0.009,0.000,0.036,0.046,0.044,0.003,0.037,0.000,0.000,0.003,0.000,0.706,0.706
TCGA-FU-A23L-01A,0.004,0.000,0.039,0.059,0.019,0.000,0.035,0.031,0.017,0.005,0.028,0.000,0.000,0.007,0.000,0.755,0.755
TCGA-VS-A8EJ-01A,0.004,0.000,0.004,0.011,0.000,0.000,0.015,0.017,0.008,0.000,0.023,0.000,0.000,0.002,0.000,0.916,0.916
TCGA-DS-A0VK-01A,0.000,0.000,0.007,0.004,0.000,0.000,0.000,0.059,0.062,0.001,0.026,0.000,0.000,0.005,0.000,0.836,0.836
TCGA-LP-A4AX-01A,0.010,0.000,0.042,0.130,0.010,0.000,0.005,0.071,0.043,0.004,0.078,0.000,0.000,0.008,0.000,0.598,0.598
TCGA-EK-A2RJ-01A,0.014,0.000,0.004,0.056,0.002,0.000,0.000,0.019,0.000,0.004,0.060,0.000,0.000,0.003,0.000,0.838,0.838
TCGA-JW-A852-01A,0.002,0.000,0.015,0.010,0.000,0.000,0.014,0.010,0.000,0.000,0.011,0.000,0.000,0.000,0.000,0.938,0.938
TCGA-Q1-A73S-01A,0.000,0.000,0.000,0.001,0.000,0.000,0.000,0.009,0.018,0.000,0.026,0.000,0.000,0.000,0.000,0.945,0.945
TCGA-ZJ-AAXU-01A,0.041,0.001,0.030,0.040,0.015,0.000,0.012,0.024,0.010,0.000,0.014,0.000,0.000,0.001,0.000,0.812,0.812
TCGA-C5-A1MI-01A,0.003,0.000,0.019,0.044,0.015,0.000,0.020,0.038,0.045,0.001,0.031,0.000,0.000,0.004,0.000,0.779,0.779
TCGA-VS-A8QA-01A,0.000,0.000,0.000,0.055,0.000,0.000,0.008,0.007,0.000,0.000,0.011,0.000,0.000,0.001,0.000,0.917,0.917
TCGA-EA-A5ZD-01A,0.000,0.000,0.031,0.016,0.000,0.000,0.041,0.057,0.034,0.000,0.056,0.000,0.000,0.011,0.000,0.753,0.753
TCGA-XS-A8TJ-01A,0.000,0.000,0.030,0.004,0.000,0.000,0.028,0.056,0.027,0.000,0.030,0.000,0.000,0.008,0.000,0.817,0.817
TCGA-C5-A7CO-01A,0.000,0.000,0.000,0.012,0.000,0.000,0.022,0.018,0.004,0.000,0.018,0.000,0.000,0.000,0.000,0.925,0.925
TCGA-MY-A5BF-01A,0.000,0.000,0.000,0.047,0.000,0.000,0.026,0.025,0.000,0.000,0.036,0.000,0.000,0.000,0.000,0.866,0.866
TCGA-C5-A1BL-01A,0.000,0.000,0.006,0.086,0.000,0.000,0.009,0.019,0.000,0.000,0.055,0.000,0.000,0.004,0.000,0.820,0.820
TCGA-C5-A1M5-01A,0.001,0.007,0.045,0.040,0.000,0.000,0.053,0.049,0.027,0.000,0.022,0.000,0.000,0.003,0.000,0.753,0.753
TCGA-DS-A5RQ-01A,0.000,0.000,0.008,0.019,0.000,0.000,0.024,0.039,0.025,0.000,0.049,0.000,0.000,0.001,0.000,0.833,0.833
TCGA-JW-A5VG-01A,0.000,0.000,0.004,0.033,0.000,0.000,0.005,0.025,0.000,0.000,0.034,0.000,0.017,0.001,0.000,0.880,0.880
TCGA-WL-A834-01A,0.000,0.000,0.008,0.001,0.003,0.000,0.016,0.049,0.035,0.008,0.024,0.000,0.000,0.002,0.000,0.855,0.855
TCGA-DS-A1OD-01A,0.011,0.000,0.050,0.087,0.044,0.000,0.063,0.028,0.087,0.007,0.063,0.000,0.000,0.003,0.000,0.555,0.555
TCGA-Q1-A5R1-01A,0.009,0.000,0.005,0.014,0.000,0.000,0.016,0.036,0.013,0.000,0.018,0.002,0.000,0.001,0.000,0.885,0.885
TCGA-ZJ-AAXF-01A,0.001,0.008,0.045,0.025,0.028,0.000,0.047,0.066,0.091,0.008,0.025,0.000,0.001,0.004,0.000,0.649,0.649
TCGA-LP-A5U2-01A,0.001,0.000,0.000,0.027,0.009,0.000,0.011,0.011,0.002,0.000,0.019,0.000,0.000,0.000,0.000,0.920,0.920
TCGA-C5-A7CK-01A,0.004,0.000,0.001,0.005,0.000,0.000,0.000,0.049,0.100,0.005,0.015,0.000,0.000,0.003,0.000,0.816,0.816
TCGA-ZJ-AB0H-01A,0.025,0.000,0.054,0.031,0.022,0.000,0.034,0.042,0.046,0.000,0.093,0.000,0.000,0.009,0.000,0.644,0.644
TCGA-EK-A2R9-01A,0.000,0.000,0.024,0.043,0.027,0.000,0.066,0.032,0.149,0.002,0.022,0.000,0.000,0.001,0.000,0.633,0.633
TCGA-VS-A954-01A,0.000,0.000,0.008,0.000,0.032,0.000,0.006,0.016,0.034,0.002,0.040,0.000,0.000,0.000,0.000,0.860,0.860
TCGA-Q1-A73O-01A,0.000,0.000,0.001,0.046,0.000,0.000,0.000,0.035,0.017,0.000,0.016,0.000,0.000,0.002,0.000,0.884,0.884
TCGA-VS-A9U6-01A,0.002,0.000,0.027,0.061,0.006,0.000,0.034,0.045,0.059,0.001,0.034,0.001,0.000,0.011,0.000,0.719,0.719
TCGA-EK-A3GM-01A,0.003,0.000,0.000,0.010,0.000,0.000,0.000,0.012,0.000,0.000,0.003,0.000,0.000,0.000,0.000,0.972,0.972
TCGA-C5-A7CJ-01A,0.003,0.000,0.030,0.047,0.000,0.000,0.052,0.083,0.096,0.016,0.037,0.001,0.000,0.024,0.000,0.610,0.610
TCGA-FU-A3WB-01A,0.000,0.000,0.001,0.011,0.000,0.000,0.007,0.036,0.022,0.004,0.009,0.000,0.000,0.001,0.000,0.908,0.908
TCGA-VS-A9V1-01A,0.033,0.000,0.000,0.017,0.000,0.000,0.000,0.012,0.003,0.000,0.000,0.000,0.000,0.012,0.000,0.922,0.922
TCGA-C5-A1ML-01A,0.002,0.000,0.023,0.018,0.009,0.000,0.026,0.052,0.027,0.002,0.024,0.000,0.000,0.003,0.000,0.813,0.813
TCGA-IR-A3LB-01A,0.000,0.000,0.005,0.016,0.001,0.000,0.003,0.020,0.169,0.000,0.024,0.000,0.000,0.001,0.000,0.761,0.761
TCGA-VS-A9U7-01A,0.005,0.000,0.031,0.069,0.000,0.000,0.035,0.032,0.009,0.000,0.052,0.000,0.000,0.001,0.000,0.764,0.764
TCGA-EK-A2RK-01A,0.000,0.000,0.006,0.019,0.000,0.000,0.037,0.015,0.000,0.003,0.015,0.000,0.000,0.000,0.000,0.904,0.904
TCGA-C5-A905-01A,0.000,0.000,0.019,0.010,0.000,0.001,0.010,0.025,0.001,0.000,0.016,0.000,0.000,0.001,0.006,0.910,0.910
TCGA-C5-A3HL-01A,0.003,0.000,0.003,0.010,0.000,0.000,0.008,0.042,0.018,0.000,0.007,0.000,0.000,0.001,0.000,0.907,0.907
TCGA-C5-A1MH-01A,0.005,0.000,0.049,0.039,0.017,0.000,0.014,0.065,0.017,0.006,0.158,0.000,0.000,0.005,0.000,0.625,0.625
TCGA-Q1-A5R2-01A,0.005,0.000,0.023,0.041,0.020,0.000,0.006,0.012,0.028,0.000,0.068,0.000,0.000,0.000,0.000,0.796,0.796
TCGA-FU-A3HY-01A,0.000,0.000,0.000,0.007,0.000,0.000,0.001,0.026,0.011,0.000,0.001,0.000,0.000,0.005,0.002,0.947,0.947
TCGA-EA-A439-01A,0.000,0.000,0.001,0.048,0.000,0.000,0.002,0.023,0.165,0.002,0.019,0.000,0.000,0.002,0.000,0.737,0.737
TCGA-C5-A7UH-01A,0.010,0.000,0.014,0.034,0.025,0.000,0.001,0.039,0.015,0.003,0.033,0.000,0.000,0.002,0.001,0.823,0.823
TCGA-C5-A1M7-01A,0.008,0.000,0.021,0.008,0.000,0.000,0.038,0.050,0.013,0.000,0.003,0.000,0.000,0.014,0.001,0.844,0.844
TCGA-EA-A50E-01A,0.000,0.000,0.000,0.004,0.004,0.000,0.000,0.078,0.095,0.010,0.086,0.000,0.000,0.001,0.000,0.724,0.724
TCGA-VS-A9V5-01A,0.002,0.000,0.000,0.015,0.000,0.000,0.000,0.046,0.022,0.000,0.009,0.000,0.000,0.005,0.000,0.901,0.901
TCGA-BI-A20A-01A,0.005,0.000,0.017,0.027,0.001,0.000,0.076,0.041,0.038,0.000,0.028,0.000,0.000,0.002,0.000,0.765,0.765
TCGA-C5-A2LV-01A,0.000,0.000,0.000,0.011,0.000,0.000,0.029,0.016,0.013,0.000,0.034,0.000,0.000,0.000,0.000,0.897,0.897
TCGA-C5-A2LZ-01A,0.003,0.000,0.008,0.051,0.000,0.000,0.018,0.034,0.000,0.000,0.018,0.000,0.000,0.003,0.000,0.865,0.865
TCGA-Q1-A6DV-01A,0.005,0.000,0.005,0.021,0.000,0.000,0.030,0.042,0.012,0.000,0.000,0.004,0.000,0.009,0.000,0.874,0.874
TCGA-EK-A3GN-01A,0.000,0.000,0.000,0.002,0.000,0.000,0.000,0.014,0.000,0.000,0.006,0.000,0.000,0.000,0.000,0.977,0.977
TCGA-ZJ-A8QQ-01A,0.000,0.000,0.000,0.012,0.000,0.000,0.000,0.020,0.000,0.000,0.019,0.000,0.000,0.005,0.000,0.944,0.944
TCGA-LP-A5U3-01A,0.000,0.000,0.006,0.031,0.000,0.000,0.014,0.018,0.000,0.000,0.041,0.000,0.000,0.003,0.000,0.886,0.886
TCGA-VS-A94Z-01A,0.012,0.000,0.031,0.201,0.001,0.000,0.014,0.051,0.022,0.001,0.084,0.000,0.000,0.004,0.000,0.579,0.579
TCGA-EK-A2PG-01A,0.001,0.000,0.000,0.003,0.000,0.000,0.000,0.004,0.000,0.000,0.008,0.000,0.000,0.000,0.002,0.982,0.982
TCGA-DG-A2KL-01A,0.000,0.000,0.015,0.012,0.000,0.000,0.046,0.043,0.183,0.001,0.041,0.000,0.000,0.004,0.001,0.652,0.652
TCGA-EA-A6QX-01A,0.017,0.000,0.040,0.045,0.001,0.000,0.005,0.032,0.024,0.000,0.044,0.000,0.000,0.002,0.000,0.789,0.789
TCGA-VS-A9UT-01A,0.089,0.000,0.050,0.049,0.053,0.000,0.017,0.046,0.071,0.012,0.178,0.000,0.000,0.009,0.001,0.423,0.423
TCGA-C5-A8ZZ-01A,0.000,0.000,0.011,0.005,0.000,0.000,0.000,0.045,0.180,0.012,0.032,0.001,0.000,0.004,0.000,0.708,0.708
TCGA-VS-A959-01A,0.034,0.000,0.024,0.047,0.002,0.000,0.016,0.029,0.039,0.000,0.044,0.000,0.000,0.010,0.000,0.753,0.753
TCGA-VS-A950-01A,0.025,0.000,0.007,0.010,0.000,0.000,0.006,0.038,0.018,0.003,0.017,0.000,0.000,0.004,0.006,0.866,0.866
TCGA-VS-A9UM-01A,0.008,0.000,0.028,0.063,0.009,0.000,0.010,0.051,0.048,0.003,0.070,0.000,0.000,0.008,0.000,0.700,0.700
TCGA-DS-A0VM-01A,0.000,0.000,0.010,0.022,0.000,0.000,0.006,0.021,0.058,0.001,0.029,0.000,0.001,0.003,0.000,0.850,0.850
TCGA-VS-A957-01A,0.000,0.000,0.000,0.006,0.000,0.000,0.008,0.016,0.000,0.000,0.015,0.000,0.000,0.003,0.000,0.950,0.950
TCGA-EA-A3HR-01A,0.000,0.000,0.001,0.010,0.000,0.000,0.021,0.053,0.024,0.004,0.015,0.000,0.000,0.010,0.000,0.862,0.862
TCGA-C5-A2M2-01A,0.000,0.000,0.000,0.031,0.000,0.000,0.000,0.010,0.007,0.000,0.002,0.000,0.000,0.002,0.000,0.948,0.948
TCGA-VS-A9UV-01A,0.003,0.000,0.000,0.007,0.000,0.000,0.004,0.023,0.001,0.000,0.012,0.000,0.000,0.001,0.001,0.949,0.949
TCGA-EX-A3L1-01A,0.002,0.000,0.017,0.004,0.000,0.000,0.011,0.053,0.076,0.002,0.029,0.000,0.000,0.025,0.009,0.771,0.771
TCGA-VS-A9UU-01A,0.009,0.000,0.006,0.030,0.003,0.000,0.009,0.035,0.001,0.000,0.000,0.000,0.000,0.005,0.005,0.896,0.896
TCGA-MY-A5BE-01A,0.041,0.015,0.082,0.123,0.069,0.000,0.102,0.028,0.034,0.005,0.110,0.000,0.002,0.002,0.000,0.385,0.385
TCGA-VS-A94W-01A,0.003,0.000,0.075,0.028,0.016,0.000,0.071,0.041,0.017,0.004,0.068,0.000,0.000,0.006,0.000,0.670,0.670
TCGA-C5-A3HD-01B,0.000,0.000,0.000,0.001,0.000,0.000,0.000,0.017,0.000,0.000,0.000,0.000,0.000,0.000,0.000,0.980,0.980
TCGA-JX-A3PZ-01A,0.000,0.000,0.000,0.030,0.000,0.000,0.031,0.010,0.052,0.000,0.064,0.000,0.000,0.000,0.000,0.812,0.812
TCGA-IR-A3LA-01A,0.000,0.000,0.000,0.007,0.000,0.000,0.008,0.008,0.025,0.000,0.038,0.000,0.000,0.001,0.000,0.912,0.912
TCGA-C5-A3HE-01A,0.011,0.000,0.000,0.068,0.000,0.000,0.007,0.032,0.007,0.000,0.032,0.000,0.000,0.009,0.000,0.833,0.833
TCGA-Q1-A6DT-01A,0.000,0.000,0.001,0.004,0.000,0.000,0.000,0.019,0.000,0.000,0.023,0.000,0.000,0.004,0.000,0.948,0.948
TCGA-C5-A7CL-01A,0.000,0.000,0.003,0.010,0.000,0.000,0.000,0.040,0.034,0.005,0.026,0.000,0.000,0.007,0.000,0.875,0.875
TCGA-IR-A3LK-01A,0.000,0.000,0.000,0.025,0.000,0.000,0.018,0.015,0.000,0.000,0.036,0.000,0.000,0.000,0.000,0.906,0.906
TCGA-MA-AA3X-01A,0.000,0.000,0.009,0.001,0.002,0.010,0.000,0.047,0.015,0.005,0.162,0.000,0.000,0.005,0.000,0.743,0.743
TCGA-C5-A7XC-01A,0.022,0.000,0.013,0.058,0.001,0.000,0.030,0.067,0.086,0.000,0.026,0.001,0.009,0.008,0.003,0.677,0.677
TCGA-VS-A94Y-01A,0.000,0.000,0.002,0.019,0.000,0.000,0.002,0.023,0.055,0.000,0.021,0.000,0.000,0.004,0.000,0.873,0.873
TCGA-EK-A2PM-01A,0.000,0.000,0.000,0.000,0.000,0.000,0.000,0.007,0.009,0.000,0.009,0.000,0.000,0.000,0.000,0.975,0.975
TCGA-FU-A3TQ-01A,0.000,0.000,0.015,0.009,0.000,0.000,0.050,0.035,0.016,0.002,0.011,0.000,0.000,0.014,0.000,0.848,0.848
TCGA-EX-A69M-01A,0.010,0.000,0.000,0.050,0.000,0.000,0.014,0.020,0.000,0.000,0.052,0.000,0.000,0.003,0.000,0.849,0.849
TCGA-ZJ-AAX4-01A,0.000,0.000,0.030,0.038,0.030,0.000,0.027,0.041,0.015,0.000,0.127,0.000,0.000,0.008,0.000,0.685,0.685
TCGA-FU-A40J-01A,0.001,0.000,0.000,0.049,0.000,0.000,0.020,0.040,0.036,0.000,0.010,0.000,0.001,0.008,0.000,0.835,0.835
TCGA-VS-A8QF-01A,0.013,0.000,0.020,0.017,0.010,0.000,0.007,0.018,0.014,0.000,0.073,0.000,0.000,0.003,0.000,0.824,0.824
TCGA-Q1-A73R-01A,0.000,0.000,0.001,0.018,0.000,0.000,0.000,0.038,0.029,0.013,0.008,0.000,0.000,0.003,0.000,0.888,0.888
TCGA-VS-A9V0-01A,0.000,0.000,0.000,0.004,0.000,0.000,0.006,0.039,0.000,0.008,0.003,0.000,0.000,0.003,0.000,0.936,0.936
TCGA-UC-A7PF-01A,0.011,0.000,0.029,0.082,0.001,0.000,0.073,0.031,0.073,0.000,0.066,0.000,0.000,0.002,0.000,0.630,0.630
TCGA-C5-A1BQ-01C,0.000,0.000,0.000,0.100,0.000,0.000,0.000,0.015,0.000,0.000,0.057,0.000,0.000,0.000,0.000,0.827,0.827
TCGA-C5-A1MN-01A,0.000,0.000,0.008,0.011,0.000,0.000,0.002,0.030,0.033,0.000,0.011,0.000,0.000,0.005,0.002,0.898,0.898
TCGA-VS-A8EB-01A,0.000,0.000,0.000,0.040,0.000,0.000,0.007,0.016,0.012,0.000,0.014,0.000,0.003,0.000,0.000,0.908,0.908
TCGA-MY-A5BD-01A,0.000,0.000,0.007,0.020,0.000,0.000,0.023,0.018,0.005,0.002,0.006,0.000,0.000,0.001,0.000,0.918,0.918
TCGA-C5-A3HF-01A,0.010,0.000,0.017,0.033,0.005,0.000,0.021,0.048,0.062,0.000,0.015,0.000,0.000,0.001,0.000,0.785,0.785
TCGA-HM-A6W2-01A,0.012,0.000,0.006,0.000,0.001,0.000,0.000,0.027,0.056,0.000,0.050,0.000,0.000,0.001,0.000,0.846,0.846
TCGA-C5-A2LS-01A,0.002,0.000,0.000,0.008,0.000,0.000,0.009,0.012,0.000,0.000,0.000,0.000,0.000,0.002,0.000,0.966,0.966
TCGA-C5-A8YT-01A,0.000,0.000,0.002,0.020,0.000,0.000,0.001,0.074,0.260,0.001,0.016,0.000,0.013,0.005,0.000,0.608,0.608
TCGA-C5-A901-01A,0.000,0.000,0.010,0.014,0.002,0.000,0.013,0.057,0.026,0.001,0.018,0.000,0.000,0.010,0.000,0.849,0.849
TCGA-MU-A51Y-01A,0.001,0.000,0.048,0.057,0.000,0.000,0.059,0.071,0.066,0.004,0.077,0.000,0.000,0.007,0.000,0.610,0.610
TCGA-EA-A5ZE-01A,0.002,0.000,0.027,0.017,0.000,0.000,0.061,0.042,0.075,0.004,0.061,0.000,0.000,0.002,0.000,0.708,0.708
TCGA-IR-A3LI-01A,0.004,0.000,0.000,0.002,0.000,0.000,0.000,0.000,0.000,0.000,0.000,0.000,0.000,0.000,0.000,0.994,0.994
TCGA-ZJ-AAXA-01A,0.000,0.000,0.003,0.001,0.000,0.000,0.001,0.033,0.030,0.009,0.043,0.000,0.000,0.002,0.000,0.879,0.879
TCGA-FU-A3NI-01A,0.000,0.000,0.011,0.009,0.000,0.000,0.023,0.030,0.052,0.000,0.033,0.000,0.000,0.003,0.000,0.840,0.840
TCGA-DG-A2KM-01A,0.040,0.000,0.056,0.144,0.100,0.000,0.039,0.025,0.060,0.003,0.229,0.000,0.001,0.007,0.000,0.293,0.293
TCGA-EA-A97N-01A,0.000,0.000,0.018,0.006,0.000,0.000,0.027,0.062,0.102,0.008,0.016,0.000,0.000,0.012,0.000,0.747,0.747
TCGA-DG-A2KJ-01A,0.054,0.000,0.033,0.029,0.001,0.000,0.036,0.009,0.008,0.000,0.034,0.000,0.000,0.000,0.000,0.794,0.794
TCGA-VS-A8QM-01A,0.012,0.009,0.055,0.025,0.058,0.020,0.050,0.093,0.106,0.036,0.027,0.001,0.002,0.005,0.002,0.497,0.497
TCGA-VS-A8EL-01A,0.003,0.000,0.023,0.095,0.022,0.000,0.006,0.022,0.025,0.000,0.108,0.000,0.000,0.003,0.000,0.692,0.692
TCGA-Q1-A73P-01A,0.003,0.000,0.016,0.040,0.000,0.000,0.009,0.024,0.014,0.000,0.043,0.000,0.000,0.001,0.000,0.849,0.849
TCGA-PN-A8MA-01A,0.022,0.000,0.035,0.031,0.006,0.000,0.007,0.059,0.028,0.011,0.034,0.000,0.000,0.001,0.000,0.767,0.767
TCGA-C5-A1BN-01B,0.000,0.000,0.000,0.005,0.000,0.000,0.000,0.044,0.007,0.000,0.000,0.000,0.000,0.001,0.000,0.943,0.943
TCGA-DS-A1O9-01A,0.000,0.000,0.031,0.019,0.000,0.000,0.004,0.033,0.051,0.004,0.148,0.000,0.001,0.001,0.000,0.708,0.708
TCGA-DS-A7WH-01A,0.000,0.000,0.000,0.015,0.000,0.000,0.000,0.078,0.166,0.014,0.004,0.000,0.000,0.020,0.000,0.704,0.704
TCGA-VS-A9UL-01A,0.000,0.000,0.003,0.005,0.003,0.000,0.000,0.021,0.026,0.001,0.001,0.000,0.000,0.001,0.000,0.938,0.938
TCGA-VS-A953-01A,0.000,0.000,0.000,0.017,0.000,0.000,0.000,0.016,0.000,0.000,0.022,0.000,0.000,0.000,0.000,0.945,0.945
TCGA-FU-A770-01A,0.000,0.000,0.000,0.009,0.000,0.000,0.010,0.043,0.005,0.000,0.000,0.000,0.000,0.011,0.000,0.921,0.921
TCGA-C5-A7CM-01A,0.043,0.000,0.000,0.004,0.000,0.000,0.000,0.018,0.018,0.000,0.002,0.000,0.000,0.001,0.000,0.914,0.914
TCGA-ZJ-AAXT-01A,0.000,0.000,0.007,0.027,0.003,0.000,0.002,0.033,0.005,0.005,0.012,0.000,0.000,0.003,0.003,0.901,0.901
TCGA-EK-A2R8-01A,0.000,0.000,0.000,0.021,0.000,0.000,0.000,0.021,0.032,0.000,0.000,0.000,0.000,0.004,0.000,0.922,0.922
TCGA-C5-A1BJ-01A,0.000,0.000,0.040,0.019,0.013,0.000,0.031,0.055,0.066,0.005,0.011,0.000,0.001,0.011,0.010,0.737,0.737
TCGA-VS-A9UJ-01A,0.000,0.000,0.000,0.004,0.000,0.000,0.002,0.024,0.018,0.000,0.001,0.000,0.000,0.002,0.000,0.948,0.948
TCGA-EA-A3HQ-01A,0.000,0.000,0.025,0.017,0.006,0.000,0.025,0.041,0.032,0.000,0.113,0.000,0.000,0.005,0.000,0.735,0.735
TCGA-JX-A5QV-01A,0.000,0.000,0.003,0.036,0.000,0.000,0.022,0.021,0.006,0.000,0.038,0.000,0.000,0.001,0.000,0.873,0.873
TCGA-C5-A1M8-01A,0.000,0.000,0.009,0.006,0.004,0.000,0.001,0.020,0.020,0.002,0.028,0.000,0.000,0.001,0.000,0.909,0.909
TCGA-ZJ-AB0I-01A,0.000,0.000,0.000,0.024,0.000,0.000,0.011,0.030,0.008,0.000,0.016,0.000,0.000,0.000,0.000,0.911,0.911
TCGA-C5-A0TN-01A,0.000,0.000,0.006,0.006,0.000,0.000,0.000,0.018,0.042,0.000,0.018,0.000,0.000,0.000,0.000,0.910,0.910
TCGA-VS-A9UB-01A,0.000,0.000,0.024,0.088,0.002,0.000,0.050,0.044,0.000,0.005,0.074,0.000,0.001,0.016,0.021,0.676,0.676
TCGA-LP-A4AU-01A,0.014,0.000,0.000,0.050,0.000,0.000,0.003,0.063,0.014,0.006,0.002,0.000,0.000,0.009,0.001,0.839,0.839
TCGA-ZJ-AAXN-01A,0.000,0.000,0.001,0.041,0.000,0.000,0.003,0.033,0.017,0.000,0.008,0.000,0.001,0.002,0.000,0.893,0.893
TCGA-C5-A2LY-01A,0.001,0.000,0.006,0.128,0.000,0.000,0.067,0.010,0.003,0.000,0.098,0.000,0.000,0.000,0.000,0.686,0.686
TCGA-EK-A2GZ-01A,0.000,0.000,0.009,0.010,0.000,0.000,0.000,0.012,0.012,0.000,0.028,0.000,0.000,0.003,0.000,0.926,0.926
TCGA-ZJ-A8QO-01A,0.032,0.000,0.080,0.023,0.045,0.000,0.053,0.049,0.102,0.013,0.052,0.000,0.000,0.007,0.000,0.542,0.542
TCGA-FU-A2QG-01A,0.000,0.000,0.001,0.060,0.000,0.000,0.007,0.054,0.008,0.000,0.005,0.000,0.000,0.004,0.000,0.861,0.861
TCGA-BI-A0VS-01A,0.001,0.001,0.041,0.001,0.013,0.000,0.019,0.028,0.096,0.000,0.038,0.000,0.000,0.004,0.000,0.758,0.758
TCGA-DG-A2KH-01A,0.000,0.000,0.000,0.011,0.000,0.000,0.011,0.016,0.000,0.000,0.002,0.000,0.000,0.000,0.000,0.961,0.961
TCGA-EK-A2RB-01A,0.000,0.000,0.000,0.015,0.000,0.000,0.000,0.010,0.005,0.000,0.013,0.000,0.000,0.000,0.000,0.957,0.957
TCGA-VS-A8EI-01A,0.006,0.000,0.030,0.015,0.055,0.000,0.015,0.051,0.050,0.000,0.024,0.000,0.000,0.002,0.000,0.751,0.751
TCGA-EK-A2IP-01A,0.000,0.000,0.000,0.015,0.000,0.000,0.000,0.018,0.017,0.000,0.004,0.000,0.000,0.002,0.000,0.944,0.944
TCGA-JW-AAVH-01A,0.000,0.000,0.008,0.019,0.000,0.000,0.006,0.021,0.004,0.000,0.001,0.000,0.000,0.004,0.000,0.935,0.935
TCGA-MU-A5YI-01A,0.000,0.000,0.021,0.010,0.000,0.000,0.030,0.090,0.208,0.024,0.027,0.000,0.000,0.003,0.000,0.586,0.586
TCGA-C5-A7UE-01A,0.001,0.000,0.006,0.007,0.000,0.000,0.012,0.018,0.003,0.000,0.007,0.000,0.000,0.002,0.000,0.945,0.945
TCGA-UC-A7PD-01A,0.000,0.000,0.010,0.009,0.000,0.000,0.004,0.040,0.008,0.000,0.005,0.000,0.000,0.003,0.000,0.920,0.920
TCGA-DS-A1OC-01A,0.004,0.000,0.014,0.051,0.000,0.000,0.000,0.029,0.009,0.000,0.090,0.000,0.000,0.004,0.000,0.799,0.799
TCGA-EA-A1QT-01A,0.000,0.000,0.012,0.031,0.000,0.000,0.006,0.023,0.016,0.000,0.019,0.000,0.000,0.004,0.000,0.888,0.888
TCGA-FU-A3TX-01A,0.000,0.000,0.013,0.020,0.003,0.000,0.041,0.065,0.012,0.001,0.030,0.000,0.000,0.002,0.000,0.814,0.814
TCGA-VS-A9UQ-01A,0.005,0.000,0.009,0.033,0.001,0.000,0.017,0.040,0.075,0.000,0.012,0.001,0.000,0.004,0.000,0.802,0.802
TCGA-FU-A3YQ-01A,0.025,0.000,0.034,0.049,0.000,0.000,0.055,0.075,0.065,0.000,0.048,0.000,0.000,0.013,0.000,0.633,0.633
TCGA-EA-A5O9-01A,0.000,0.000,0.003,0.027,0.000,0.000,0.001,0.013,0.000,0.000,0.019,0.000,0.000,0.000,0.000,0.938,0.938
TCGA-MA-AA3W-01A,0.001,0.001,0.036,0.110,0.000,0.000,0.101,0.037,0.014,0.006,0.051,0.000,0.001,0.007,0.000,0.635,0.635
TCGA-VS-A8QC-01A,0.002,0.000,0.003,0.030,0.001,0.000,0.003,0.021,0.069,0.001,0.024,0.000,0.001,0.001,0.000,0.845,0.845
TCGA-VS-A9V2-01A,0.000,0.000,0.009,0.075,0.000,0.000,0.052,0.042,0.011,0.000,0.029,0.000,0.000,0.003,0.000,0.780,0.780
TCGA-MY-A913-01A,0.004,0.000,0.040,0.031,0.000,0.000,0.010,0.040,0.011,0.000,0.038,0.000,0.000,0.009,0.000,0.817,0.817
TCGA-JW-A5VK-01A,0.005,0.000,0.003,0.002,0.000,0.000,0.003,0.010,0.000,0.000,0.007,0.000,0.000,0.001,0.000,0.968,0.968
TCGA-VS-A9UO-01A,0.011,0.000,0.000,0.046,0.000,0.000,0.000,0.013,0.000,0.000,0.000,0.000,0.000,0.001,0.000,0.928,0.928
TCGA-C5-A7X3-01A,0.046,0.000,0.025,0.021,0.001,0.000,0.011,0.026,0.065,0.000,0.049,0.000,0.001,0.000,0.000,0.754,0.754
TCGA-C5-A1M9-01A,0.000,0.000,0.000,0.015,0.000,0.000,0.003,0.013,0.000,0.000,0.028,0.000,0.000,0.000,0.000,0.940,0.940
TCGA-EA-A44S-01A,0.000,0.000,0.023,0.031,0.017,0.000,0.012,0.015,0.017,0.000,0.062,0.000,0.000,0.001,0.000,0.823,0.823
TCGA-EA-A43B-01A,0.011,0.000,0.010,0.047,0.000,0.000,0.021,0.041,0.031,0.001,0.026,0.000,0.000,0.002,0.000,0.809,0.809
TCGA-FU-A3HZ-01A,0.004,0.000,0.002,0.026,0.007,0.000,0.000,0.016,0.011,0.000,0.037,0.000,0.000,0.000,0.000,0.897,0.897
TCGA-C5-A1MJ-01A,0.000,0.000,0.018,0.005,0.001,0.000,0.006,0.068,0.076,0.010,0.075,0.001,0.000,0.001,0.000,0.740,0.740
TCGA-JW-A69B-01A,0.010,0.000,0.021,0.009,0.000,0.000,0.005,0.018,0.023,0.000,0.098,0.000,0.000,0.001,0.000,0.815,0.815
TCGA-EA-A3QD-01A,0.017,0.005,0.056,0.060,0.039,0.000,0.030,0.041,0.066,0.001,0.143,0.000,0.001,0.002,0.000,0.538,0.538
TCGA-MU-A8JM-01A,0.000,0.000,0.015,0.015,0.000,0.000,0.046,0.038,0.024,0.000,0.007,0.000,0.000,0.007,0.000,0.847,0.847
TCGA-VS-A8EC-01A,0.000,0.000,0.000,0.002,0.001,0.000,0.000,0.018,0.004,0.000,0.005,0.000,0.000,0.001,0.000,0.968,0.968
TCGA-C5-A1BK-01B,0.007,0.000,0.063,0.089,0.005,0.000,0.089,0.034,0.011,0.001,0.056,0.000,0.000,0.002,0.000,0.644,0.644
TCGA-VS-A8EG-01A,0.000,0.000,0.003,0.011,0.000,0.000,0.012,0.047,0.000,0.000,0.004,0.000,0.000,0.004,0.000,0.918,0.918
TCGA-ZJ-AAXJ-01A,0.001,0.000,0.000,0.002,0.000,0.000,0.005,0.006,0.000,0.000,0.000,0.000,0.000,0.000,0.000,0.986,0.986
TCGA-EK-A2RN-01A,0.000,0.000,0.000,0.000,0.000,0.000,0.000,0.001,0.000,0.000,0.051,0.000,0.000,0.001,0.000,0.945,0.945
TCGA-MA-AA41-01A,0.000,0.000,0.000,0.041,0.000,0.000,0.022,0.016,0.009,0.000,0.011,0.000,0.000,0.000,0.000,0.899,0.899
TCGA-C5-A907-01A,0.000,0.000,0.000,0.067,0.000,0.000,0.001,0.016,0.007,0.000,0.015,0.000,0.000,0.004,0.000,0.889,0.889
TCGA-DS-A0VN-01A,0.000,0.000,0.017,0.109,0.042,0.000,0.020,0.045,0.022,0.002,0.076,0.000,0.000,0.001,0.001,0.663,0.663
TCGA-VS-A8Q8-01A,0.000,0.000,0.012,0.056,0.000,0.000,0.025,0.026,0.007,0.000,0.045,0.000,0.000,0.002,0.000,0.826,0.826
TCGA-FU-A23K-01A,0.030,0.000,0.015,0.026,0.004,0.000,0.011,0.020,0.033,0.002,0.038,0.000,0.000,0.000,0.000,0.821,0.821
TCGA-EA-A410-01A,0.001,0.000,0.007,0.029,0.000,0.000,0.001,0.045,0.111,0.001,0.028,0.000,0.000,0.002,0.000,0.774,0.774
TCGA-FU-A57G-01A,0.000,0.000,0.001,0.003,0.000,0.000,0.002,0.126,0.131,0.104,0.022,0.000,0.000,0.003,0.000,0.607,0.607
TCGA-ZJ-AAXB-01A,0.000,0.000,0.002,0.000,0.000,0.000,0.001,0.016,0.048,0.004,0.019,0.000,0.000,0.000,0.000,0.908,0.908
TCGA-EK-A2PK-01A,0.048,0.000,0.000,0.120,0.000,0.000,0.001,0.043,0.009,0.001,0.041,0.000,0.015,0.002,0.000,0.718,0.718
TCGA-C5-A1MQ-01A,0.056,0.000,0.038,0.013,0.000,0.000,0.019,0.007,0.059,0.000,0.115,0.000,0.000,0.001,0.000,0.690,0.690
TCGA-EA-A3HS-01A,0.000,0.000,0.014,0.059,0.000,0.000,0.003,0.063,0.048,0.001,0.042,0.000,0.000,0.003,0.000,0.767,0.767
TCGA-DS-A7WF-01A,0.002,0.000,0.022,0.021,0.000,0.000,0.005,0.039,0.065,0.006,0.014,0.000,0.001,0.002,0.000,0.823,0.823
TCGA-VS-A9U5-01A,0.021,0.000,0.024,0.045,0.024,0.000,0.016,0.036,0.006,0.000,0.033,0.000,0.000,0.003,0.000,0.789,0.789
TCGA-DR-A0ZM-01A,0.000,0.000,0.022,0.033,0.000,0.000,0.039,0.008,0.010,0.000,0.038,0.000,0.000,0.000,0.000,0.849,0.849
TCGA-VS-A9UZ-01A,0.024,0.000,0.031,0.052,0.001,0.000,0.009,0.042,0.019,0.003,0.026,0.000,0.000,0.004,0.000,0.789,0.789
TCGA-DS-A7WI-01A,0.000,0.000,0.000,0.008,0.000,0.000,0.000,0.009,0.000,0.000,0.036,0.000,0.000,0.001,0.000,0.945,0.945
TCGA-EX-A69L-01A,0.013,0.000,0.027,0.065,0.002,0.000,0.070,0.032,0.013,0.000,0.083,0.000,0.000,0.006,0.000,0.687,0.687
TCGA-Q1-A73Q-01A,0.001,0.000,0.017,0.008,0.000,0.000,0.024,0.039,0.016,0.000,0.005,0.000,0.000,0.005,0.000,0.885,0.885
TCGA-VS-A9UI-01A,0.000,0.000,0.030,0.036,0.000,0.000,0.019,0.016,0.000,0.000,0.035,0.000,0.000,0.006,0.000,0.856,0.856
TCGA-C5-A8XI-01A,0.003,0.000,0.027,0.031,0.003,0.000,0.013,0.052,0.040,0.001,0.006,0.000,0.000,0.004,0.000,0.819,0.819
TCGA-VS-A8Q9-01A,0.000,0.000,0.000,0.016,0.000,0.000,0.000,0.025,0.000,0.005,0.010,0.000,0.000,0.000,0.000,0.945,0.945
TCGA-C5-A2LT-01A,0.001,0.000,0.019,0.031,0.001,0.000,0.006,0.045,0.123,0.000,0.026,0.000,0.000,0.001,0.000,0.748,0.748
TCGA-ZX-AA5X-01A,0.000,0.000,0.028,0.023,0.000,0.000,0.038,0.136,0.147,0.027,0.054,0.001,0.001,0.012,0.001,0.534,0.534
TCGA-GH-A9DA-01A,0.000,0.000,0.010,0.006,0.000,0.000,0.019,0.017,0.026,0.000,0.012,0.000,0.000,0.002,0.000,0.909,0.909
TCGA-C5-A7CH-01A,0.000,0.000,0.007,0.015,0.001,0.000,0.010,0.042,0.030,0.000,0.016,0.000,0.000,0.007,0.005,0.867,0.867
TCGA-EA-A3Y4-01A,0.000,0.000,0.000,0.141,0.004,0.000,0.008,0.003,0.010,0.000,0.030,0.000,0.000,0.000,0.000,0.805,0.805
TCGA-EX-A1H6-01B,0.000,0.000,0.000,0.014,0.000,0.000,0.005,0.022,0.050,0.000,0.007,0.000,0.000,0.000,0.000,0.901,0.901
TCGA-C5-A1BE-01B,0.000,0.000,0.015,0.009,0.000,0.000,0.015,0.027,0.018,0.000,0.027,0.000,0.000,0.003,0.000,0.885,0.885
TCGA-C5-A8XK-01A,0.000,0.000,0.000,0.013,0.000,0.000,0.000,0.032,0.001,0.001,0.030,0.000,0.000,0.005,0.000,0.917,0.917
TCGA-RA-A741-01A,0.016,0.000,0.023,0.042,0.001,0.000,0.043,0.020,0.022,0.000,0.051,0.000,0.000,0.003,0.000,0.778,0.778
TCGA-VS-A958-01A,0.007,0.000,0.000,0.175,0.000,0.000,0.034,0.030,0.000,0.000,0.094,0.000,0.000,0.006,0.000,0.653,0.653
TCGA-MA-AA43-01A,0.002,0.000,0.015,0.009,0.000,0.000,0.012,0.060,0.115,0.047,0.011,0.000,0.000,0.005,0.004,0.718,0.718
TCGA-JW-A5VH-01A,0.000,0.000,0.000,0.000,0.001,0.000,0.000,0.064,0.022,0.007,0.005,0.000,0.000,0.001,0.002,0.896,0.896
TCGA-VS-A9UY-01A,0.000,0.000,0.004,0.026,0.000,0.000,0.000,0.053,0.000,0.000,0.051,0.000,0.000,0.005,0.000,0.861,0.861
TCGA-VS-A9UC-01A,0.000,0.000,0.000,0.085,0.000,0.000,0.003,0.023,0.025,0.000,0.061,0.000,0.000,0.011,0.000,0.792,0.792
TCGA-C5-A8YQ-01A,0.002,0.000,0.006,0.001,0.013,0.000,0.001,0.007,0.026,0.000,0.034,0.000,0.000,0.005,0.000,0.905,0.905
TCGA-MA-AA3Y-01A,0.002,0.000,0.025,0.056,0.000,0.000,0.010,0.058,0.016,0.000,0.059,0.000,0.000,0.001,0.020,0.752,0.752
TCGA-VS-A8EK-01A,0.006,0.000,0.010,0.017,0.000,0.000,0.000,0.033,0.000,0.000,0.024,0.000,0.000,0.006,0.000,0.903,0.903
TCGA-LP-A4AV-01A,0.018,0.000,0.035,0.038,0.000,0.000,0.016,0.009,0.061,0.004,0.106,0.000,0.000,0.000,0.000,0.711,0.711
TCGA-C5-A7CG-01A,0.007,0.021,0.061,0.134,0.038,0.000,0.053,0.034,0.020,0.002,0.064,0.000,0.001,0.003,0.000,0.563,0.563
TCGA-VS-A952-01A,0.011,0.000,0.002,0.014,0.000,0.000,0.005,0.021,0.008,0.000,0.012,0.000,0.000,0.004,0.000,0.922,0.922
TCGA-EK-A2PL-01A,0.000,0.000,0.005,0.014,0.000,0.000,0.000,0.018,0.000,0.000,0.007,0.000,0.000,0.000,0.000,0.955,0.955
TCGA-EK-A2H1-01A,0.004,0.000,0.025,0.032,0.000,0.000,0.005,0.050,0.089,0.000,0.074,0.000,0.001,0.001,0.001,0.718,0.718
TCGA-VS-A9UP-01A,0.009,0.000,0.007,0.019,0.012,0.000,0.004,0.020,0.056,0.001,0.004,0.000,0.000,0.003,0.000,0.864,0.864
TCGA-C5-A1BF-01B,0.000,0.000,0.003,0.011,0.000,0.000,0.008,0.080,0.132,0.012,0.032,0.000,0.001,0.005,0.000,0.715,0.715
TCGA-DS-A3LQ-01A,0.000,0.000,0.015,0.005,0.008,0.000,0.000,0.040,0.053,0.004,0.083,0.000,0.000,0.003,0.000,0.788,0.788
TCGA-C5-A1MP-01A,0.015,0.000,0.038,0.014,0.030,0.000,0.087,0.046,0.097,0.001,0.106,0.000,0.000,0.005,0.000,0.560,0.560
TCGA-EK-A2RA-01A,0.000,0.000,0.020,0.064,0.000,0.000,0.050,0.011,0.000,0.000,0.019,0.000,0.000,0.001,0.000,0.834,0.834
TCGA-EX-A1H5-01A,0.005,0.000,0.019,0.012,0.000,0.000,0.013,0.057,0.012,0.006,0.005,0.000,0.000,0.001,0.000,0.868,0.868
TCGA-JW-A5VI-01A,0.003,0.000,0.027,0.061,0.011,0.000,0.016,0.053,0.063,0.000,0.035,0.000,0.000,0.006,0.000,0.725,0.725
TCGA-JX-A3Q8-01A,0.009,0.000,0.000,0.058,0.000,0.000,0.004,0.025,0.000,0.000,0.042,0.000,0.000,0.000,0.000,0.862,0.862
TCGA-IR-A3LC-01A,0.000,0.000,0.000,0.015,0.000,0.000,0.007,0.025,0.006,0.000,0.015,0.000,0.003,0.000,0.000,0.927,0.927
TCGA-EK-A2H0-01A,0.000,0.000,0.000,0.011,0.000,0.000,0.000,0.007,0.000,0.000,0.024,0.000,0.000,0.003,0.000,0.954,0.954
TCGA-IR-A3LH-01A,0.023,0.000,0.040,0.081,0.001,0.000,0.033,0.037,0.143,0.001,0.174,0.000,0.000,0.007,0.000,0.459,0.459
TCGA-DS-A1OA-01A,0.005,0.000,0.032,0.039,0.003,0.000,0.029,0.051,0.071,0.001,0.045,0.000,0.000,0.001,0.000,0.721,0.721
TCGA-DS-A0VL-01A,0.000,0.000,0.004,0.043,0.000,0.000,0.012,0.048,0.012,0.001,0.019,0.000,0.000,0.003,0.000,0.858,0.858
TCGA-EA-A1QS-01A,0.000,0.000,0.015,0.000,0.000,0.000,0.014,0.064,0.372,0.029,0.038,0.003,0.000,0.003,0.000,0.461,0.461
TCGA-EA-A78R-01A,0.000,0.000,0.012,0.011,0.000,0.000,0.018,0.025,0.051,0.004,0.030,0.000,0.000,0.001,0.000,0.847,0.847
TCGA-LP-A7HU-01A,0.000,0.000,0.031,0.048,0.000,0.000,0.019,0.019,0.033,0.003,0.038,0.000,0.000,0.000,0.000,0.808,0.808
TCGA-UC-A7PI-01A,0.000,0.000,0.001,0.025,0.000,0.000,0.001,0.014,0.007,0.000,0.021,0.000,0.000,0.003,0.000,0.929,0.929
