,Plasma B cells,Non-plasma B cells,CD4 T,CD8 T effector,CD8 T (GZMK high),Double-neg-like T,DC,Endothelial Cells,CAFs,Myofibroblasts,Macrophages,Mast Cells,NK,Neutrophils,Monocytes,1-others,Cancer Cells
TCGA-55-8508-01A,0.141,0.005,0.026,0.005,0.001,0.000,0.012,0.043,0.100,0.021,0.057,0.002,0.001,0.002,0.000,0.583,0.583
TCGA-67-3771-01A,0.044,0.003,0.013,0.013,0.014,0.000,0.016,0.040,0.082,0.020,0.160,0.002,0.000,0.001,0.002,0.590,0.590
TCGA-55-A4DG-01A,0.059,0.036,0.023,0.017,0.019,0.001,0.036,0.029,0.070,0.016,0.086,0.005,0.000,0.002,0.001,0.602,0.602
TCGA-91-7771-01A,0.038,0.012,0.030,0.010,0.017,0.001,0.043,0.094,0.100,0.035,0.136,0.004,0.000,0.001,0.001,0.479,0.479
TCGA-91-6849-01A,0.068,0.006,0.005,0.002,0.006,0.000,0.027,0.066,0.043,0.018,0.113,0.000,0.000,0.001,0.000,0.644,0.644
TCGA-64-5781-01A,0.046,0.000,0.009,0.043,0.001,0.000,0.001,0.016,0.116,0.011,0.047,0.004,0.000,0.001,0.000,0.704,0.704
TCGA-44-6146-01B,0.006,0.001,0.006,0.009,0.007,0.013,0.022,0.077,0.091,0.024,0.010,0.004,0.000,0.004,0.002,0.724,0.724
TCGA-97-7552-01A,0.038,0.040,0.033,0.035,0.020,0.000,0.048,0.100,0.071,0.024,0.111,0.008,0.000,0.002,0.001,0.468,0.468
TCGA-80-5608-01A,0.016,0.000,0.013,0.016,0.000,0.000,0.013,0.047,0.026,0.027,0.060,0.002,0.000,0.000,0.000,0.780,0.780
TCGA-91-6829-01A,0.005,0.000,0.016,0.004,0.006,0.000,0.005,0.089,0.271,0.022,0.095,0.007,0.000,0.000,0.000,0.479,0.479
TCGA-49-AARE-01A,0.018,0.003,0.008,0.017,0.001,0.000,0.017,0.005,0.081,0.013,0.066,0.002,0.000,0.001,0.000,0.767,0.767
TCGA-97-A4M1-01A,0.007,0.000,0.012,0.010,0.012,0.000,0.066,0.135,0.058,0.028,0.129,0.010,0.001,0.000,0.001,0.529,0.529
TCGA-83-5908-01A,0.003,0.000,0.030,0.106,0.023,0.000,0.040,0.060,0.085,0.009,0.098,0.004,0.000,0.000,0.000,0.542,0.542
TCGA-97-8179-01A,0.000,0.000,0.005,0.009,0.000,0.000,0.027,0.075,0.057,0.044,0.097,0.004,0.000,0.000,0.000,0.680,0.680
TCGA-64-1680-01A,0.015,0.000,0.006,0.004,0.000,0.000,0.035,0.023,0.028,0.011,0.060,0.007,0.000,0.000,0.000,0.811,0.811
TCGA-73-4670-01A,0.018,0.000,0.003,0.005,0.000,0.000,0.000,0.018,0.089,0.017,0.045,0.000,0.000,0.001,0.000,0.803,0.803
TCGA-44-3396-01A,0.044,0.001,0.028,0.012,0.016,0.000,0.043,0.059,0.172,0.015,0.152,0.005,0.000,0.003,0.001,0.449,0.449
TCGA-80-5611-01A,0.003,0.000,0.021,0.020,0.000,0.000,0.003,0.005,0.037,0.000,0.264,0.004,0.000,0.000,0.000,0.643,0.643
TCGA-53-7624-01A,0.015,0.000,0.036,0.027,0.008,0.000,0.001,0.038,0.043,0.007,0.087,0.002,0.000,0.001,0.000,0.735,0.735
TCGA-91-6835-01A,0.003,0.038,0.040,0.018,0.031,0.000,0.053,0.087,0.083,0.023,0.183,0.006,0.000,0.002,0.001,0.431,0.431
TCGA-L9-A50W-01A,0.016,0.000,0.020,0.010,0.000,0.000,0.053,0.064,0.049,0.010,0.075,0.009,0.000,0.000,0.000,0.691,0.691
TCGA-86-7713-01A,0.016,0.000,0.007,0.001,0.003,0.000,0.011,0.043,0.013,0.033,0.024,0.000,0.000,0.001,0.000,0.847,0.847
TCGA-50-5044-01A,0.024,0.000,0.024,0.018,0.005,0.000,0.030,0.083,0.141,0.022,0.078,0.007,0.000,0.000,0.000,0.568,0.568
TCGA-97-7941-01A,0.003,0.003,0.019,0.012,0.004,0.000,0.036,0.089,0.090,0.024,0.082,0.009,0.000,0.000,0.001,0.627,0.627
TCGA-86-7714-01A,0.002,0.000,0.009,0.001,0.000,0.000,0.097,0.030,0.071,0.009,0.096,0.006,0.000,0.000,0.000,0.679,0.679
TCGA-62-8402-01A,0.032,0.000,0.078,0.004,0.035,0.000,0.022,0.041,0.017,0.006,0.071,0.000,0.000,0.000,0.000,0.694,0.694
TCGA-78-7162-01A,0.017,0.003,0.022,0.005,0.010,0.000,0.032,0.146,0.064,0.055,0.077,0.008,0.002,0.000,0.001,0.558,0.558
TCGA-49-AAR0-01A,0.009,0.007,0.019,0.013,0.013,0.000,0.028,0.038,0.049,0.033,0.159,0.002,0.000,0.000,0.000,0.629,0.629
TCGA-35-4122-01A,0.026,0.000,0.019,0.015,0.006,0.000,0.015,0.013,0.063,0.006,0.216,0.009,0.001,0.000,0.001,0.611,0.611
TCGA-55-7726-01A,0.014,0.000,0.016,0.001,0.000,0.000,0.031,0.073,0.337,0.006,0.045,0.005,0.000,0.001,0.000,0.473,0.473
TCGA-62-A46Y-01A,0.011,0.000,0.012,0.018,0.009,0.000,0.058,0.060,0.013,0.015,0.160,0.004,0.000,0.000,0.001,0.639,0.639
TCGA-55-6980-01A,0.010,0.000,0.029,0.001,0.016,0.000,0.093,0.076,0.183,0.023,0.127,0.004,0.000,0.001,0.001,0.435,0.435
TCGA-05-4430-01A,0.012,0.000,0.021,0.002,0.014,0.000,0.054,0.117,0.130,0.030,0.113,0.006,0.000,0.000,0.000,0.500,0.500
TCGA-67-3772-01A,0.047,0.001,0.022,0.001,0.005,0.000,0.065,0.041,0.135,0.019,0.100,0.006,0.000,0.000,0.000,0.559,0.559
TCGA-MP-A4SY-01A,0.007,0.000,0.007,0.014,0.001,0.000,0.018,0.031,0.144,0.012,0.133,0.004,0.000,0.000,0.000,0.628,0.628
TCGA-78-7148-01A,0.009,0.000,0.012,0.012,0.003,0.000,0.014,0.057,0.047,0.016,0.048,0.002,0.000,0.000,0.000,0.778,0.778
TCGA-35-3615-01A,0.015,0.001,0.004,0.001,0.003,0.000,0.010,0.012,0.028,0.014,0.074,0.003,0.000,0.000,0.000,0.835,0.835
TCGA-55-A493-01A,0.017,0.005,0.022,0.051,0.017,0.000,0.065,0.036,0.061,0.014,0.121,0.004,0.000,0.000,0.001,0.585,0.585
TCGA-49-6744-01A,0.029,0.002,0.038,0.013,0.005,0.000,0.076,0.102,0.151,0.025,0.159,0.007,0.000,0.001,0.001,0.391,0.391
TCGA-49-4494-01A,0.008,0.000,0.011,0.006,0.009,0.000,0.019,0.036,0.025,0.006,0.089,0.005,0.000,0.000,0.000,0.785,0.785
TCGA-78-7143-01A,0.001,0.005,0.029,0.017,0.001,0.000,0.075,0.035,0.032,0.010,0.116,0.003,0.000,0.000,0.000,0.675,0.675
TCGA-99-AA5R-01A,0.028,0.024,0.021,0.019,0.020,0.001,0.071,0.224,0.089,0.079,0.143,0.006,0.002,0.002,0.003,0.269,0.269
TCGA-55-8085-01A,0.030,0.012,0.020,0.027,0.006,0.000,0.014,0.013,0.030,0.018,0.122,0.001,0.000,0.000,0.001,0.707,0.707
TCGA-44-8117-01A,0.014,0.000,0.012,0.011,0.004,0.000,0.008,0.033,0.090,0.020,0.089,0.004,0.000,0.000,0.000,0.713,0.713
TCGA-55-8506-01A,0.017,0.000,0.007,0.017,0.002,0.000,0.006,0.060,0.061,0.010,0.116,0.004,0.000,0.000,0.000,0.699,0.699
TCGA-NJ-A7XG-01A,0.010,0.000,0.005,0.008,0.000,0.000,0.036,0.022,0.000,0.008,0.000,0.004,0.000,0.000,0.000,0.907,0.907
TCGA-05-4384-01A,0.003,0.000,0.013,0.005,0.010,0.000,0.017,0.087,0.048,0.048,0.126,0.003,0.000,0.001,0.000,0.640,0.640
TCGA-64-1679-01A,0.006,0.000,0.015,0.005,0.000,0.000,0.040,0.053,0.204,0.013,0.133,0.007,0.000,0.000,0.000,0.523,0.523
TCGA-73-4666-01A,0.000,0.000,0.029,0.049,0.029,0.000,0.001,0.015,0.037,0.003,0.192,0.002,0.000,0.000,0.000,0.641,0.641
TCGA-55-8616-01A,0.008,0.021,0.017,0.002,0.010,0.000,0.028,0.032,0.074,0.018,0.048,0.002,0.000,0.000,0.000,0.738,0.738
TCGA-38-6178-01A,0.013,0.004,0.032,0.005,0.004,0.000,0.031,0.082,0.162,0.020,0.073,0.006,0.000,0.001,0.000,0.568,0.568
TCGA-93-7348-01A,0.056,0.005,0.022,0.012,0.001,0.000,0.041,0.084,0.149,0.021,0.065,0.005,0.000,0.001,0.000,0.539,0.539
TCGA-55-1594-01A,0.058,0.001,0.021,0.006,0.013,0.000,0.011,0.051,0.047,0.012,0.083,0.002,0.000,0.000,0.000,0.695,0.695
TCGA-73-4658-01A,0.008,0.000,0.025,0.005,0.006,0.000,0.055,0.102,0.164,0.041,0.190,0.007,0.000,0.001,0.000,0.397,0.397
TCGA-80-5607-01A,0.014,0.000,0.023,0.023,0.006,0.000,0.053,0.061,0.046,0.013,0.077,0.007,0.000,0.000,0.001,0.675,0.675
TCGA-55-8505-01A,0.017,0.000,0.007,0.007,0.000,0.000,0.014,0.049,0.138,0.015,0.057,0.005,0.000,0.001,0.000,0.691,0.691
TCGA-MP-A4T4-01A,0.061,0.001,0.023,0.063,0.019,0.000,0.039,0.052,0.124,0.018,0.167,0.004,0.000,0.001,0.000,0.428,0.428
TCGA-49-4506-01A,0.064,0.000,0.006,0.006,0.019,0.000,0.013,0.002,0.029,0.005,0.046,0.000,0.000,0.000,0.000,0.809,0.809
TCGA-97-8172-01A,0.026,0.044,0.029,0.005,0.019,0.000,0.050,0.100,0.124,0.040,0.126,0.012,0.000,0.002,0.001,0.422,0.422
TCGA-O1-A52J-01A,0.001,0.000,0.015,0.012,0.008,0.000,0.080,0.022,0.048,0.016,0.197,0.004,0.000,0.000,0.001,0.596,0.596
TCGA-78-7537-01A,0.073,0.000,0.009,0.006,0.000,0.000,0.019,0.049,0.085,0.009,0.072,0.004,0.000,0.000,0.000,0.675,0.675
TCGA-73-4662-01A,0.036,0.011,0.040,0.001,0.013,0.000,0.049,0.056,0.068,0.015,0.115,0.004,0.000,0.001,0.001,0.592,0.592
TCGA-62-8398-01A,0.009,0.000,0.026,0.010,0.000,0.000,0.024,0.047,0.079,0.011,0.071,0.006,0.000,0.000,0.000,0.718,0.718
TCGA-49-AAQV-01A,0.017,0.020,0.031,0.011,0.011,0.000,0.031,0.018,0.029,0.013,0.074,0.004,0.000,0.002,0.001,0.740,0.740
TCGA-55-8621-01A,0.039,0.000,0.022,0.022,0.010,0.000,0.039,0.134,0.088,0.042,0.244,0.008,0.007,0.001,0.002,0.343,0.343
TCGA-53-7626-01A,0.024,0.011,0.027,0.022,0.013,0.000,0.070,0.133,0.109,0.032,0.153,0.006,0.000,0.002,0.002,0.394,0.394
TCGA-44-7669-01A,0.012,0.008,0.027,0.023,0.011,0.000,0.023,0.058,0.036,0.023,0.121,0.002,0.000,0.001,0.000,0.655,0.655
TCGA-93-8067-01A,0.006,0.000,0.009,0.008,0.001,0.000,0.009,0.047,0.034,0.021,0.056,0.002,0.000,0.000,0.000,0.805,0.805
TCGA-97-A4M2-01A,0.036,0.001,0.011,0.022,0.018,0.000,0.060,0.099,0.051,0.034,0.265,0.012,0.001,0.001,0.001,0.387,0.387
TCGA-05-4425-01A,0.004,0.000,0.032,0.018,0.000,0.000,0.059,0.061,0.138,0.005,0.156,0.007,0.000,0.002,0.000,0.516,0.516
TCGA-69-7763-01A,0.023,0.000,0.016,0.000,0.000,0.000,0.015,0.103,0.163,0.040,0.069,0.002,0.000,0.000,0.000,0.566,0.566
TCGA-86-8056-01A,0.013,0.004,0.015,0.019,0.001,0.000,0.047,0.067,0.053,0.021,0.117,0.008,0.000,0.001,0.001,0.634,0.634
TCGA-50-5931-01A,0.004,0.000,0.009,0.007,0.000,0.000,0.014,0.014,0.104,0.017,0.007,0.000,0.000,0.001,0.000,0.822,0.822
TCGA-55-8512-01A,0.008,0.000,0.001,0.014,0.002,0.000,0.025,0.079,0.045,0.045,0.061,0.002,0.005,0.001,0.001,0.711,0.711
TCGA-75-7025-01A,0.023,0.016,0.025,0.016,0.008,0.000,0.095,0.083,0.139,0.032,0.089,0.005,0.000,0.000,0.001,0.464,0.464
TCGA-50-5930-01A,0.088,0.004,0.016,0.001,0.007,0.000,0.009,0.053,0.163,0.022,0.101,0.001,0.000,0.001,0.000,0.533,0.533
TCGA-75-6214-01A,0.000,0.000,0.006,0.011,0.000,0.000,0.001,0.032,0.031,0.001,0.025,0.001,0.000,0.001,0.001,0.891,0.891
TCGA-L9-A743-01A,0.040,0.008,0.040,0.020,0.016,0.000,0.061,0.093,0.109,0.023,0.141,0.006,0.000,0.001,0.001,0.440,0.440
TCGA-50-5939-01A,0.039,0.007,0.020,0.011,0.004,0.000,0.001,0.084,0.125,0.016,0.144,0.004,0.000,0.001,0.001,0.544,0.544
TCGA-78-7161-01A,0.024,0.000,0.012,0.001,0.005,0.000,0.013,0.085,0.092,0.041,0.012,0.002,0.000,0.001,0.000,0.712,0.712
TCGA-44-3398-01A,0.018,0.000,0.021,0.012,0.004,0.000,0.086,0.080,0.157,0.016,0.151,0.010,0.003,0.000,0.002,0.440,0.440
TCGA-97-8547-01A,0.004,0.000,0.024,0.008,0.000,0.000,0.043,0.051,0.193,0.006,0.139,0.003,0.000,0.000,0.000,0.530,0.530
TCGA-91-6840-01A,0.024,0.004,0.014,0.023,0.029,0.000,0.024,0.106,0.008,0.081,0.051,0.005,0.000,0.000,0.000,0.629,0.629
TCGA-55-6986-01A,0.016,0.004,0.014,0.003,0.009,0.000,0.042,0.054,0.048,0.009,0.092,0.002,0.000,0.000,0.000,0.706,0.706
TCGA-05-4395-01A,0.000,0.000,0.008,0.018,0.000,0.000,0.000,0.036,0.016,0.006,0.069,0.004,0.000,0.000,0.000,0.841,0.841
TCGA-44-7672-01A,0.056,0.012,0.049,0.015,0.007,0.000,0.048,0.058,0.174,0.009,0.157,0.005,0.000,0.001,0.001,0.408,0.408
TCGA-44-2662-01B,0.005,0.005,0.016,0.033,0.001,0.000,0.025,0.055,0.176,0.014,0.122,0.004,0.000,0.014,0.018,0.512,0.512
TCGA-97-8175-01A,0.000,0.000,0.017,0.001,0.000,0.000,0.052,0.050,0.023,0.005,0.097,0.006,0.000,0.000,0.000,0.748,0.748
TCGA-55-8087-01A,0.004,0.000,0.007,0.010,0.000,0.000,0.047,0.033,0.071,0.012,0.067,0.004,0.000,0.000,0.000,0.743,0.743
TCGA-78-7160-01A,0.004,0.004,0.020,0.010,0.014,0.000,0.035,0.079,0.091,0.032,0.132,0.003,0.000,0.001,0.001,0.574,0.574
TCGA-L4-A4E5-01A,0.028,0.000,0.010,0.026,0.000,0.000,0.020,0.047,0.038,0.010,0.039,0.001,0.000,0.000,0.000,0.780,0.780
TCGA-97-A4LX-01A,0.044,0.019,0.041,0.040,0.026,0.000,0.056,0.065,0.125,0.019,0.217,0.004,0.000,0.002,0.001,0.341,0.341
TCGA-86-8359-01A,0.023,0.001,0.016,0.023,0.022,0.000,0.018,0.034,0.063,0.040,0.025,0.004,0.000,0.004,0.005,0.721,0.721
TCGA-44-6145-01A,0.029,0.013,0.024,0.028,0.010,0.000,0.012,0.062,0.116,0.016,0.126,0.005,0.000,0.003,0.001,0.554,0.554
TCGA-78-7155-01A,0.001,0.000,0.000,0.001,0.032,0.000,0.000,0.029,0.017,0.006,0.031,0.001,0.000,0.000,0.001,0.881,0.881
TCGA-55-7816-01A,0.012,0.000,0.024,0.018,0.014,0.000,0.044,0.193,0.244,0.024,0.179,0.006,0.000,0.001,0.035,0.206,0.206
TCGA-99-8025-01A,0.018,0.001,0.006,0.009,0.000,0.000,0.013,0.052,0.077,0.028,0.059,0.002,0.000,0.000,0.000,0.734,0.734
TCGA-44-A47G-01A,0.040,0.015,0.032,0.019,0.015,0.000,0.069,0.076,0.126,0.015,0.194,0.007,0.000,0.001,0.001,0.391,0.391
TCGA-55-8615-01A,0.003,0.000,0.013,0.000,0.000,0.000,0.014,0.018,0.057,0.020,0.045,0.001,0.000,0.000,0.000,0.829,0.829
TCGA-73-7499-01A,0.028,0.000,0.034,0.029,0.025,0.000,0.030,0.019,0.041,0.010,0.125,0.002,0.000,0.000,0.000,0.656,0.656
TCGA-86-7711-01A,0.010,0.000,0.006,0.012,0.000,0.000,0.001,0.013,0.082,0.026,0.123,0.002,0.000,0.027,0.008,0.690,0.690
TCGA-86-8075-01A,0.015,0.000,0.022,0.011,0.000,0.000,0.024,0.067,0.185,0.015,0.141,0.006,0.000,0.001,0.000,0.511,0.511
TCGA-86-7955-01A,0.000,0.000,0.001,0.011,0.000,0.000,0.003,0.025,0.002,0.016,0.001,0.002,0.000,0.000,0.000,0.939,0.939
TCGA-55-8513-01A,0.016,0.010,0.016,0.006,0.006,0.000,0.054,0.111,0.070,0.026,0.208,0.004,0.000,0.001,0.001,0.471,0.471
TCGA-MP-A4TC-01A,0.011,0.000,0.023,0.028,0.002,0.000,0.003,0.052,0.212,0.012,0.123,0.005,0.000,0.001,0.000,0.528,0.528
TCGA-05-4420-01A,0.042,0.000,0.005,0.003,0.001,0.000,0.000,0.027,0.044,0.026,0.039,0.003,0.000,0.004,0.002,0.805,0.805
TCGA-86-8280-01A,0.036,0.005,0.036,0.009,0.018,0.000,0.061,0.105,0.122,0.022,0.126,0.006,0.000,0.001,0.000,0.450,0.450
TCGA-78-7166-01A,0.026,0.000,0.002,0.003,0.000,0.000,0.002,0.003,0.019,0.014,0.010,0.001,0.000,0.000,0.000,0.919,0.919
TCGA-91-8499-01A,0.015,0.000,0.034,0.005,0.031,0.000,0.001,0.014,0.044,0.013,0.085,0.002,0.000,0.000,0.000,0.756,0.756
TCGA-71-6725-01A,0.001,0.000,0.001,0.000,0.000,0.000,0.011,0.066,0.004,0.013,0.093,0.000,0.000,0.000,0.000,0.812,0.812
TCGA-69-7980-01A,0.006,0.000,0.024,0.036,0.008,0.000,0.037,0.061,0.075,0.022,0.109,0.001,0.000,0.000,0.000,0.620,0.620
TCGA-L9-A8F4-01A,0.060,0.010,0.034,0.020,0.023,0.000,0.020,0.016,0.105,0.018,0.135,0.003,0.000,0.000,0.000,0.556,0.556
TCGA-05-4433-01A,0.000,0.000,0.015,0.011,0.013,0.000,0.023,0.070,0.029,0.010,0.184,0.004,0.000,0.000,0.000,0.638,0.638
TCGA-55-A492-01A,0.027,0.000,0.006,0.001,0.000,0.000,0.002,0.029,0.000,0.039,0.047,0.001,0.000,0.000,0.000,0.846,0.846
TCGA-73-4675-01A,0.015,0.000,0.007,0.007,0.000,0.000,0.024,0.038,0.105,0.024,0.090,0.003,0.000,0.000,0.000,0.687,0.687
TCGA-50-5936-01A,0.008,0.001,0.023,0.002,0.000,0.000,0.010,0.053,0.104,0.006,0.102,0.003,0.000,0.000,0.001,0.686,0.686
TCGA-44-7662-01A,0.020,0.000,0.019,0.031,0.007,0.000,0.007,0.049,0.234,0.025,0.099,0.005,0.000,0.000,0.000,0.504,0.504
TCGA-78-7154-01A,0.000,0.001,0.009,0.005,0.000,0.000,0.013,0.061,0.039,0.013,0.036,0.003,0.000,0.000,0.000,0.819,0.819
TCGA-05-4244-01A,0.001,0.000,0.007,0.016,0.004,0.000,0.023,0.046,0.022,0.010,0.159,0.003,0.000,0.000,0.000,0.707,0.707
TCGA-73-7498-01A,0.024,0.000,0.015,0.010,0.004,0.001,0.033,0.103,0.086,0.057,0.064,0.007,0.000,0.000,0.000,0.595,0.595
TCGA-50-5933-01A,0.008,0.000,0.022,0.022,0.002,0.000,0.002,0.111,0.165,0.012,0.239,0.005,0.000,0.001,0.000,0.412,0.412
TCGA-55-8507-01A,0.009,0.000,0.010,0.012,0.001,0.000,0.014,0.064,0.056,0.044,0.100,0.004,0.000,0.001,0.000,0.685,0.685
TCGA-S2-AA1A-01A,0.120,0.024,0.037,0.011,0.012,0.001,0.061,0.097,0.162,0.016,0.072,0.009,0.001,0.001,0.001,0.379,0.379
TCGA-95-7948-01A,0.021,0.000,0.001,0.014,0.003,0.000,0.038,0.030,0.042,0.017,0.061,0.002,0.000,0.000,0.000,0.771,0.771
TCGA-67-3774-01A,0.032,0.000,0.021,0.013,0.012,0.000,0.040,0.090,0.084,0.040,0.099,0.003,0.000,0.000,0.001,0.565,0.565
TCGA-38-4628-01A,0.001,0.000,0.014,0.000,0.000,0.000,0.018,0.016,0.096,0.016,0.173,0.007,0.000,0.000,0.000,0.659,0.659
TCGA-50-6595-01A,0.004,0.000,0.018,0.026,0.001,0.000,0.007,0.105,0.214,0.026,0.083,0.007,0.000,0.000,0.000,0.508,0.508
TCGA-55-7903-01A,0.002,0.000,0.004,0.036,0.000,0.000,0.027,0.038,0.016,0.006,0.074,0.004,0.000,0.000,0.000,0.791,0.791
TCGA-50-5051-01A,0.023,0.002,0.005,0.002,0.000,0.000,0.027,0.034,0.044,0.040,0.016,0.002,0.000,0.000,0.000,0.803,0.803
TCGA-86-6851-01A,0.083,0.009,0.035,0.080,0.015,0.000,0.035,0.035,0.065,0.009,0.163,0.003,0.001,0.001,0.000,0.466,0.466
TCGA-75-6205-01A,0.011,0.005,0.034,0.021,0.018,0.000,0.094,0.079,0.132,0.015,0.208,0.009,0.000,0.001,0.000,0.371,0.371
TCGA-55-8091-01A,0.019,0.000,0.020,0.020,0.000,0.000,0.047,0.058,0.180,0.010,0.149,0.006,0.001,0.002,0.000,0.487,0.487
TCGA-44-4112-01A,0.025,0.000,0.012,0.010,0.003,0.000,0.022,0.065,0.115,0.017,0.111,0.008,0.000,0.000,0.000,0.612,0.612
TCGA-44-3917-01A,0.047,0.006,0.006,0.032,0.017,0.000,0.013,0.029,0.084,0.013,0.095,0.001,0.000,0.001,0.000,0.656,0.656
TCGA-49-4505-01A,0.028,0.000,0.021,0.008,0.013,0.000,0.078,0.079,0.071,0.023,0.126,0.010,0.000,0.000,0.000,0.543,0.543
TCGA-62-8397-01A,0.024,0.000,0.003,0.000,0.000,0.000,0.067,0.035,0.047,0.009,0.107,0.005,0.000,0.000,0.000,0.703,0.703
TCGA-50-5942-01A,0.034,0.001,0.021,0.004,0.002,0.001,0.044,0.042,0.099,0.023,0.041,0.015,0.000,0.000,0.000,0.674,0.674
TCGA-55-8206-01A,0.023,0.003,0.035,0.000,0.001,0.000,0.108,0.058,0.075,0.018,0.144,0.016,0.000,0.001,0.043,0.474,0.474
TCGA-55-8094-01A,0.012,0.000,0.004,0.000,0.003,0.000,0.001,0.026,0.000,0.017,0.012,0.000,0.000,0.000,0.000,0.924,0.924
TCGA-05-4382-01A,0.043,0.001,0.021,0.021,0.009,0.000,0.001,0.060,0.168,0.015,0.262,0.005,0.000,0.001,0.000,0.393,0.393
TCGA-05-5423-01A,0.009,0.003,0.019,0.001,0.009,0.000,0.073,0.051,0.038,0.013,0.197,0.008,0.000,0.000,0.001,0.578,0.578
TCGA-49-AAR4-01A,0.052,0.000,0.021,0.046,0.065,0.000,0.039,0.034,0.087,0.012,0.101,0.006,0.000,0.000,0.000,0.537,0.537
TCGA-97-A4M3-01A,0.010,0.000,0.003,0.002,0.000,0.000,0.022,0.068,0.076,0.045,0.046,0.001,0.000,0.000,0.000,0.725,0.725
TCGA-05-4397-01A,0.007,0.000,0.017,0.026,0.001,0.000,0.001,0.034,0.014,0.033,0.198,0.002,0.000,0.001,0.000,0.666,0.666
TCGA-55-6984-01A,0.012,0.008,0.008,0.000,0.000,0.000,0.010,0.042,0.018,0.013,0.017,0.003,0.000,0.000,0.000,0.869,0.869
TCGA-05-4427-01A,0.010,0.000,0.012,0.030,0.005,0.000,0.045,0.088,0.057,0.012,0.137,0.002,0.000,0.000,0.000,0.601,0.601
TCGA-86-8281-01A,0.036,0.001,0.008,0.002,0.004,0.000,0.013,0.053,0.047,0.028,0.050,0.004,0.000,0.001,0.000,0.754,0.754
TCGA-44-A4SU-01A,0.063,0.014,0.026,0.016,0.012,0.000,0.040,0.029,0.099,0.017,0.050,0.005,0.000,0.001,0.000,0.627,0.627
TCGA-75-5147-01A,0.033,0.004,0.030,0.012,0.014,0.000,0.034,0.031,0.077,0.019,0.106,0.006,0.000,0.001,0.002,0.630,0.630
TCGA-97-7546-01A,0.021,0.016,0.027,0.002,0.015,0.001,0.061,0.113,0.147,0.016,0.098,0.009,0.000,0.001,0.001,0.471,0.471
TCGA-86-8585-01A,0.024,0.011,0.012,0.016,0.016,0.000,0.023,0.009,0.074,0.012,0.149,0.001,0.000,0.000,0.001,0.651,0.651
TCGA-55-8301-01A,0.062,0.019,0.031,0.038,0.022,0.000,0.039,0.036,0.089,0.022,0.142,0.002,0.000,0.000,0.000,0.497,0.497
TCGA-86-6562-01A,0.010,0.000,0.020,0.006,0.006,0.000,0.005,0.076,0.141,0.015,0.138,0.005,0.000,0.001,0.000,0.579,0.579
TCGA-J2-A4AD-01A,0.007,0.000,0.001,0.015,0.000,0.000,0.009,0.022,0.112,0.017,0.050,0.002,0.000,0.000,0.000,0.764,0.764
TCGA-50-5946-01A,0.014,0.000,0.002,0.021,0.003,0.000,0.001,0.042,0.025,0.016,0.026,0.002,0.000,0.000,0.000,0.848,0.848
TCGA-55-8510-01A,0.014,0.000,0.024,0.024,0.011,0.000,0.055,0.054,0.129,0.019,0.204,0.007,0.000,0.001,0.001,0.457,0.457
TCGA-99-8033-01A,0.005,0.000,0.012,0.042,0.000,0.000,0.009,0.025,0.052,0.016,0.068,0.002,0.000,0.002,0.000,0.767,0.767
TCGA-69-7978-01A,0.034,0.005,0.028,0.033,0.031,0.000,0.038,0.064,0.123,0.015,0.210,0.006,0.000,0.001,0.001,0.411,0.411
TCGA-86-8054-01A,0.000,0.000,0.008,0.000,0.014,0.000,0.002,0.050,0.060,0.009,0.024,0.001,0.000,0.000,0.000,0.830,0.830
TCGA-44-7660-01A,0.006,0.000,0.024,0.000,0.011,0.000,0.011,0.003,0.065,0.010,0.083,0.000,0.000,0.001,0.000,0.785,0.785
TCGA-78-8662-01A,0.001,0.000,0.000,0.005,0.001,0.000,0.012,0.008,0.031,0.011,0.051,0.002,0.000,0.000,0.000,0.877,0.877
TCGA-75-7027-01A,0.012,0.000,0.014,0.008,0.000,0.000,0.014,0.044,0.190,0.008,0.047,0.002,0.000,0.000,0.000,0.662,0.662
TCGA-97-A4M6-01A,0.008,0.011,0.045,0.017,0.023,0.000,0.075,0.061,0.128,0.019,0.132,0.004,0.000,0.003,0.002,0.470,0.470
TCGA-MP-A4SV-01A,0.029,0.006,0.021,0.046,0.009,0.000,0.036,0.048,0.062,0.019,0.085,0.004,0.000,0.000,0.000,0.635,0.635
TCGA-38-4627-01A,0.011,0.000,0.020,0.003,0.007,0.000,0.028,0.094,0.373,0.041,0.151,0.006,0.000,0.001,0.001,0.266,0.266
TCGA-93-A4JO-01A,0.031,0.013,0.024,0.032,0.014,0.000,0.065,0.073,0.078,0.022,0.133,0.005,0.000,0.001,0.001,0.508,0.508
TCGA-05-4426-01A,0.001,0.000,0.017,0.015,0.005,0.000,0.002,0.045,0.044,0.002,0.132,0.003,0.000,0.000,0.000,0.734,0.734
TCGA-97-7937-01A,0.000,0.000,0.001,0.006,0.000,0.000,0.003,0.029,0.062,0.004,0.079,0.002,0.000,0.000,0.000,0.813,0.813
TCGA-75-6206-01A,0.008,0.000,0.008,0.000,0.000,0.000,0.014,0.074,0.074,0.022,0.130,0.002,0.000,0.000,0.000,0.667,0.667
TCGA-62-A472-01A,0.004,0.000,0.010,0.038,0.004,0.000,0.045,0.035,0.029,0.012,0.093,0.008,0.000,0.000,0.000,0.719,0.719
TCGA-97-8174-01A,0.019,0.000,0.024,0.002,0.011,0.000,0.046,0.128,0.144,0.067,0.080,0.006,0.000,0.000,0.000,0.473,0.473
TCGA-44-6777-01A,0.030,0.001,0.025,0.008,0.009,0.000,0.055,0.088,0.202,0.023,0.317,0.005,0.000,0.001,0.001,0.236,0.236
TCGA-62-A46P-01A,0.022,0.000,0.006,0.003,0.000,0.000,0.011,0.041,0.003,0.022,0.049,0.002,0.001,0.000,0.000,0.840,0.840
TCGA-55-8089-01A,0.024,0.004,0.030,0.081,0.013,0.000,0.017,0.066,0.102,0.006,0.224,0.006,0.000,0.001,0.000,0.425,0.425
TCGA-MN-A4N5-01A,0.013,0.000,0.016,0.052,0.005,0.000,0.034,0.054,0.038,0.014,0.091,0.001,0.000,0.001,0.001,0.681,0.681
TCGA-49-AAR9-01A,0.000,0.000,0.003,0.009,0.000,0.000,0.005,0.028,0.046,0.002,0.036,0.003,0.000,0.000,0.000,0.867,0.867
TCGA-86-8671-01A,0.021,0.037,0.050,0.034,0.029,0.000,0.093,0.103,0.144,0.026,0.208,0.006,0.001,0.002,0.002,0.245,0.245
TCGA-49-4507-01A,0.020,0.000,0.009,0.037,0.002,0.000,0.002,0.012,0.037,0.011,0.109,0.007,0.000,0.000,0.000,0.753,0.753
TCGA-62-A46V-01A,0.007,0.000,0.010,0.003,0.000,0.000,0.024,0.042,0.120,0.010,0.107,0.007,0.000,0.001,0.000,0.670,0.670
TCGA-05-4389-01A,0.009,0.000,0.023,0.009,0.016,0.000,0.037,0.024,0.029,0.016,0.135,0.013,0.000,0.001,0.000,0.685,0.685
TCGA-50-6592-01A,0.012,0.004,0.018,0.028,0.006,0.000,0.005,0.037,0.101,0.007,0.128,0.003,0.000,0.002,0.001,0.647,0.647
TCGA-91-6831-01A,0.047,0.000,0.024,0.005,0.006,0.000,0.004,0.023,0.153,0.023,0.108,0.002,0.000,0.001,0.000,0.603,0.603
TCGA-55-6987-01A,0.077,0.030,0.022,0.041,0.022,0.000,0.018,0.050,0.066,0.021,0.187,0.005,0.001,0.002,0.002,0.457,0.457
TCGA-49-4510-01A,0.052,0.000,0.007,0.000,0.001,0.000,0.020,0.058,0.014,0.035,0.056,0.002,0.002,0.000,0.000,0.752,0.752
TCGA-86-8672-01A,0.028,0.000,0.024,0.030,0.010,0.000,0.004,0.010,0.152,0.009,0.122,0.001,0.000,0.001,0.000,0.609,0.609
TCGA-44-2668-01B,0.009,0.014,0.042,0.076,0.002,0.001,0.035,0.065,0.137,0.015,0.055,0.006,0.000,0.038,0.031,0.476,0.476
TCGA-93-A4JQ-01A,0.020,0.060,0.040,0.032,0.011,0.001,0.051,0.065,0.188,0.014,0.085,0.005,0.000,0.002,0.001,0.426,0.426
TCGA-97-8177-01A,0.017,0.004,0.018,0.007,0.008,0.000,0.047,0.062,0.114,0.017,0.206,0.011,0.000,0.000,0.001,0.488,0.488
TCGA-05-4396-01A,0.012,0.000,0.013,0.000,0.007,0.000,0.015,0.071,0.036,0.042,0.037,0.002,0.000,0.001,0.000,0.765,0.765
TCGA-55-6978-01A,0.008,0.000,0.037,0.064,0.039,0.000,0.033,0.082,0.199,0.017,0.161,0.005,0.000,0.001,0.000,0.355,0.355
TCGA-69-8453-01A,0.003,0.002,0.019,0.015,0.014,0.000,0.049,0.072,0.055,0.035,0.280,0.007,0.000,0.000,0.001,0.448,0.448
TCGA-50-7109-01A,0.070,0.003,0.024,0.001,0.018,0.000,0.007,0.068,0.065,0.036,0.061,0.001,0.000,0.000,0.000,0.645,0.645
TCGA-49-4501-01A,0.023,0.013,0.023,0.001,0.012,0.000,0.041,0.060,0.109,0.023,0.093,0.005,0.000,0.000,0.001,0.596,0.596
TCGA-50-5049-01A,0.052,0.013,0.040,0.017,0.030,0.000,0.051,0.064,0.168,0.022,0.239,0.002,0.000,0.001,0.000,0.300,0.300
TCGA-78-8660-01A,0.017,0.002,0.025,0.023,0.018,0.000,0.027,0.046,0.047,0.017,0.135,0.005,0.000,0.001,0.001,0.636,0.636
TCGA-91-6828-01A,0.030,0.004,0.020,0.027,0.016,0.000,0.040,0.086,0.045,0.031,0.172,0.003,0.000,0.003,0.001,0.521,0.521
TCGA-50-6590-01A,0.053,0.004,0.041,0.034,0.016,0.000,0.034,0.039,0.103,0.016,0.158,0.005,0.000,0.001,0.000,0.494,0.494
TCGA-97-8176-01A,0.004,0.000,0.007,0.007,0.004,0.000,0.014,0.035,0.031,0.018,0.100,0.001,0.000,0.001,0.000,0.778,0.778
TCGA-50-5935-01A,0.019,0.000,0.035,0.001,0.015,0.000,0.080,0.058,0.075,0.014,0.087,0.002,0.000,0.001,0.000,0.611,0.611
TCGA-55-7281-01A,0.005,0.000,0.018,0.009,0.000,0.000,0.100,0.069,0.104,0.016,0.155,0.004,0.000,0.000,0.000,0.519,0.519
TCGA-49-4488-01A,0.022,0.000,0.016,0.017,0.007,0.000,0.054,0.028,0.045,0.011,0.080,0.003,0.000,0.000,0.000,0.717,0.717
TCGA-NJ-A55A-01A,0.017,0.041,0.031,0.020,0.020,0.000,0.062,0.098,0.108,0.034,0.068,0.011,0.000,0.001,0.001,0.487,0.487
TCGA-95-8494-01A,0.001,0.000,0.007,0.015,0.000,0.000,0.061,0.020,0.024,0.010,0.077,0.004,0.000,0.000,0.000,0.780,0.780
TCGA-44-2657-01A,0.071,0.060,0.032,0.023,0.029,0.000,0.062,0.083,0.105,0.023,0.149,0.007,0.001,0.001,0.001,0.355,0.355
TCGA-78-7158-01A,0.001,0.000,0.011,0.001,0.000,0.000,0.035,0.022,0.042,0.007,0.041,0.002,0.000,0.000,0.000,0.837,0.837
TCGA-93-7347-01A,0.023,0.006,0.039,0.017,0.017,0.001,0.078,0.073,0.118,0.014,0.174,0.008,0.000,0.001,0.001,0.430,0.430
TCGA-38-4630-01A,0.013,0.000,0.017,0.007,0.023,0.000,0.015,0.013,0.090,0.008,0.039,0.001,0.000,0.000,0.000,0.774,0.774
TCGA-86-7953-01A,0.003,0.004,0.030,0.017,0.001,0.000,0.038,0.069,0.059,0.017,0.171,0.002,0.000,0.001,0.001,0.587,0.587
TCGA-50-5072-01A,0.008,0.000,0.015,0.005,0.000,0.000,0.011,0.055,0.084,0.025,0.065,0.002,0.000,0.000,0.000,0.728,0.728
TCGA-62-A46S-01A,0.049,0.000,0.008,0.007,0.008,0.000,0.020,0.062,0.015,0.031,0.092,0.002,0.000,0.000,0.000,0.706,0.706
TCGA-53-A4EZ-01A,0.003,0.004,0.005,0.016,0.000,0.000,0.018,0.006,0.011,0.016,0.046,0.000,0.000,0.001,0.000,0.875,0.875
TCGA-69-7973-01A,0.016,0.002,0.021,0.009,0.005,0.000,0.029,0.058,0.103,0.032,0.034,0.002,0.000,0.000,0.000,0.689,0.689
TCGA-44-6775-01C,0.019,0.023,0.027,0.029,0.002,0.010,0.048,0.094,0.117,0.030,0.061,0.011,0.000,0.014,0.005,0.509,0.509
TCGA-55-8204-01A,0.047,0.000,0.022,0.006,0.008,0.000,0.018,0.063,0.106,0.024,0.026,0.005,0.000,0.002,0.003,0.669,0.669
TCGA-35-5375-01A,0.021,0.001,0.013,0.001,0.018,0.000,0.010,0.001,0.065,0.005,0.051,0.002,0.000,0.004,0.000,0.807,0.807
TCGA-78-7539-01A,0.021,0.001,0.018,0.038,0.016,0.000,0.063,0.043,0.034,0.009,0.144,0.003,0.000,0.000,0.000,0.609,0.609
TCGA-95-A4VK-01A,0.015,0.021,0.020,0.011,0.010,0.000,0.019,0.045,0.065,0.030,0.043,0.002,0.000,0.001,0.001,0.716,0.716
TCGA-50-5055-01A,0.041,0.091,0.046,0.008,0.022,0.000,0.107,0.089,0.162,0.025,0.084,0.005,0.001,0.000,0.001,0.317,0.317
TCGA-44-7667-01A,0.012,0.000,0.008,0.011,0.010,0.000,0.000,0.007,0.029,0.032,0.037,0.000,0.000,0.000,0.001,0.853,0.853
TCGA-MP-A4TI-01A,0.007,0.001,0.047,0.048,0.030,0.000,0.071,0.076,0.157,0.018,0.198,0.007,0.000,0.001,0.001,0.339,0.339
TCGA-55-6979-01A,0.028,0.002,0.042,0.032,0.013,0.000,0.042,0.072,0.101,0.016,0.239,0.006,0.000,0.001,0.000,0.406,0.406
TCGA-55-7284-01B,0.001,0.000,0.016,0.006,0.009,0.000,0.035,0.107,0.091,0.017,0.111,0.005,0.001,0.000,0.001,0.599,0.599
TCGA-44-6778-01A,0.033,0.022,0.034,0.023,0.036,0.000,0.033,0.138,0.049,0.026,0.271,0.006,0.000,0.003,0.003,0.323,0.323
TCGA-35-4123-01A,0.011,0.000,0.031,0.045,0.031,0.000,0.041,0.072,0.074,0.009,0.153,0.007,0.000,0.000,0.000,0.525,0.525
TCGA-44-6776-01A,0.013,0.000,0.010,0.000,0.000,0.000,0.013,0.054,0.034,0.021,0.041,0.004,0.000,0.000,0.000,0.809,0.809
TCGA-44-2656-01B,0.025,0.008,0.010,0.087,0.026,0.001,0.041,0.062,0.076,0.017,0.128,0.009,0.000,0.008,0.001,0.500,0.500
TCGA-73-4676-01A,0.000,0.000,0.014,0.008,0.003,0.000,0.004,0.048,0.049,0.013,0.139,0.009,0.000,0.000,0.000,0.712,0.712
TCGA-86-8673-01A,0.023,0.000,0.014,0.020,0.007,0.000,0.002,0.026,0.065,0.020,0.079,0.002,0.000,0.001,0.000,0.741,0.741
TCGA-62-8395-01A,0.012,0.001,0.015,0.004,0.008,0.000,0.025,0.088,0.078,0.043,0.081,0.003,0.000,0.000,0.000,0.639,0.639
TCGA-44-A4SS-01A,0.003,0.000,0.026,0.027,0.016,0.000,0.027,0.040,0.120,0.012,0.169,0.005,0.000,0.000,0.000,0.556,0.556
TCGA-86-8358-01A,0.021,0.000,0.025,0.025,0.023,0.000,0.013,0.021,0.051,0.028,0.061,0.001,0.000,0.001,0.000,0.730,0.730
TCGA-55-6968-01A,0.045,0.006,0.038,0.018,0.024,0.000,0.012,0.007,0.065,0.011,0.136,0.001,0.000,0.001,0.000,0.637,0.637
TCGA-99-7458-01A,0.008,0.005,0.040,0.026,0.013,0.000,0.082,0.104,0.099,0.017,0.118,0.003,0.000,0.001,0.001,0.481,0.481
TCGA-05-4424-01A,0.007,0.000,0.021,0.011,0.018,0.000,0.031,0.087,0.074,0.035,0.173,0.004,0.000,0.001,0.001,0.539,0.539
TCGA-38-4631-01A,0.028,0.000,0.009,0.003,0.005,0.000,0.001,0.014,0.042,0.012,0.065,0.003,0.000,0.000,0.000,0.818,0.818
TCGA-55-7283-01A,0.004,0.000,0.021,0.007,0.009,0.000,0.053,0.071,0.034,0.022,0.071,0.006,0.000,0.000,0.000,0.702,0.702
TCGA-95-7567-01A,0.041,0.000,0.026,0.010,0.009,0.000,0.003,0.049,0.071,0.008,0.079,0.002,0.000,0.000,0.000,0.702,0.702
TCGA-38-4629-01A,0.016,0.000,0.026,0.024,0.010,0.000,0.001,0.043,0.134,0.005,0.223,0.004,0.000,0.000,0.000,0.514,0.514
TCGA-91-8497-01A,0.071,0.041,0.028,0.008,0.007,0.001,0.060,0.107,0.130,0.034,0.133,0.009,0.000,0.001,0.001,0.368,0.368
TCGA-78-7540-01A,0.001,0.000,0.004,0.000,0.000,0.000,0.009,0.076,0.012,0.008,0.070,0.002,0.000,0.000,0.000,0.816,0.816
TCGA-55-A48Y-01A,0.047,0.000,0.012,0.001,0.006,0.000,0.007,0.047,0.163,0.019,0.058,0.003,0.000,0.000,0.000,0.637,0.637
TCGA-55-7995-01A,0.002,0.009,0.013,0.032,0.030,0.000,0.027,0.019,0.045,0.004,0.189,0.001,0.000,0.001,0.001,0.626,0.626
TCGA-44-3919-01A,0.018,0.007,0.031,0.016,0.018,0.000,0.067,0.068,0.086,0.014,0.145,0.007,0.000,0.001,0.000,0.523,0.523
TCGA-69-7764-01A,0.045,0.004,0.022,0.001,0.015,0.000,0.017,0.044,0.042,0.025,0.039,0.002,0.000,0.000,0.000,0.744,0.744
TCGA-95-7947-01A,0.009,0.008,0.012,0.029,0.016,0.000,0.032,0.049,0.024,0.011,0.100,0.002,0.000,0.001,0.000,0.708,0.708
TCGA-MP-A4TH-01A,0.068,0.064,0.032,0.019,0.013,0.000,0.068,0.080,0.081,0.024,0.102,0.004,0.000,0.001,0.001,0.442,0.442
TCGA-55-7725-01A,0.012,0.023,0.024,0.009,0.001,0.024,0.080,0.020,0.005,0.007,0.083,0.011,0.000,0.001,0.000,0.701,0.701
TCGA-L9-A5IP-01A,0.021,0.000,0.005,0.015,0.007,0.000,0.001,0.045,0.035,0.023,0.058,0.001,0.000,0.002,0.000,0.787,0.787
TCGA-97-7554-01A,0.043,0.001,0.022,0.005,0.008,0.000,0.013,0.095,0.144,0.013,0.131,0.004,0.000,0.000,0.000,0.520,0.520
TCGA-55-8619-01A,0.024,0.015,0.020,0.007,0.014,0.000,0.040,0.117,0.081,0.030,0.234,0.008,0.001,0.001,0.002,0.406,0.406
TCGA-55-7227-01A,0.009,0.000,0.028,0.018,0.008,0.001,0.066,0.082,0.109,0.014,0.131,0.003,0.000,0.000,0.000,0.532,0.532
TCGA-67-3770-01A,0.005,0.000,0.015,0.000,0.013,0.000,0.037,0.032,0.037,0.022,0.155,0.005,0.000,0.000,0.000,0.678,0.678
TCGA-78-7145-01A,0.001,0.000,0.011,0.000,0.000,0.000,0.029,0.055,0.064,0.013,0.108,0.006,0.000,0.000,0.000,0.713,0.713
TCGA-49-AAR3-01A,0.032,0.002,0.039,0.042,0.037,0.000,0.026,0.016,0.124,0.018,0.163,0.003,0.000,0.000,0.000,0.499,0.499
TCGA-44-A479-01A,0.094,0.018,0.047,0.007,0.027,0.000,0.043,0.041,0.163,0.021,0.115,0.002,0.000,0.001,0.001,0.421,0.421
TCGA-4B-A93V-01A,0.111,0.000,0.011,0.000,0.009,0.000,0.003,0.004,0.028,0.013,0.046,0.000,0.000,0.000,0.000,0.774,0.774
TCGA-78-7633-01A,0.003,0.000,0.004,0.000,0.000,0.000,0.006,0.074,0.000,0.045,0.034,0.002,0.000,0.000,0.000,0.832,0.832
TCGA-NJ-A4YP-01A,0.011,0.000,0.010,0.019,0.012,0.000,0.010,0.040,0.166,0.007,0.053,0.003,0.000,0.000,0.000,0.668,0.668
TCGA-38-4626-01A,0.001,0.000,0.013,0.008,0.002,0.000,0.012,0.161,0.072,0.041,0.284,0.007,0.000,0.001,0.002,0.395,0.395
TCGA-78-7535-01A,0.000,0.000,0.000,0.006,0.000,0.000,0.071,0.048,0.046,0.012,0.151,0.004,0.000,0.000,0.000,0.663,0.663
TCGA-55-6970-01A,0.037,0.001,0.022,0.005,0.008,0.000,0.027,0.065,0.042,0.015,0.104,0.003,0.000,0.001,0.001,0.669,0.669
TCGA-55-6543-01A,0.025,0.000,0.011,0.010,0.006,0.000,0.002,0.037,0.060,0.009,0.197,0.003,0.000,0.001,0.000,0.638,0.638
TCGA-05-4402-01A,0.024,0.003,0.021,0.017,0.001,0.000,0.023,0.043,0.093,0.015,0.133,0.005,0.000,0.001,0.000,0.622,0.622
TCGA-55-1596-01A,0.018,0.000,0.025,0.007,0.006,0.000,0.004,0.027,0.024,0.014,0.052,0.005,0.000,0.000,0.000,0.816,0.816
TCGA-49-4490-01A,0.004,0.000,0.017,0.010,0.004,0.000,0.027,0.068,0.121,0.023,0.061,0.003,0.000,0.000,0.000,0.661,0.661
TCGA-62-A471-01A,0.005,0.000,0.003,0.013,0.000,0.000,0.004,0.027,0.001,0.013,0.006,0.003,0.000,0.001,0.000,0.924,0.924
TCGA-86-A456-01A,0.010,0.000,0.009,0.010,0.011,0.000,0.022,0.086,0.065,0.025,0.198,0.006,0.000,0.000,0.000,0.555,0.555
TCGA-49-4512-01A,0.005,0.000,0.011,0.000,0.000,0.000,0.049,0.033,0.163,0.015,0.145,0.004,0.000,0.000,0.000,0.574,0.574
TCGA-75-5122-01A,0.010,0.000,0.022,0.038,0.040,0.000,0.089,0.075,0.028,0.015,0.360,0.007,0.000,0.002,0.001,0.313,0.313
TCGA-55-A48X-01A,0.031,0.060,0.031,0.031,0.009,0.000,0.044,0.084,0.081,0.026,0.070,0.006,0.000,0.002,0.001,0.526,0.526
TCGA-86-8278-01A,0.036,0.000,0.017,0.025,0.001,0.000,0.028,0.033,0.134,0.008,0.104,0.006,0.000,0.001,0.000,0.608,0.608
TCGA-55-6982-01A,0.020,0.003,0.014,0.019,0.000,0.000,0.028,0.034,0.167,0.013,0.176,0.004,0.000,0.000,0.000,0.522,0.522
TCGA-50-5045-01A,0.030,0.012,0.033,0.002,0.022,0.000,0.072,0.071,0.137,0.023,0.192,0.005,0.000,0.001,0.002,0.398,0.398
TCGA-05-4398-01A,0.028,0.002,0.020,0.023,0.009,0.000,0.042,0.043,0.059,0.012,0.162,0.003,0.000,0.001,0.001,0.594,0.594
TCGA-64-5775-01A,0.000,0.000,0.014,0.000,0.001,0.000,0.000,0.083,0.134,0.001,0.143,0.003,0.000,0.000,0.000,0.621,0.621
TCGA-97-7547-01A,0.021,0.005,0.029,0.000,0.000,0.000,0.020,0.051,0.066,0.013,0.120,0.006,0.000,0.000,0.000,0.668,0.668
TCGA-75-7031-01A,0.017,0.000,0.016,0.010,0.007,0.000,0.018,0.020,0.011,0.022,0.102,0.000,0.000,0.000,0.000,0.775,0.775
TCGA-44-2655-01A,0.016,0.008,0.021,0.000,0.001,0.000,0.046,0.075,0.040,0.029,0.080,0.004,0.000,0.000,0.001,0.679,0.679
TCGA-75-6212-01A,0.029,0.022,0.024,0.002,0.000,0.000,0.061,0.058,0.058,0.019,0.155,0.013,0.000,0.000,0.000,0.559,0.559
TCGA-05-4390-01A,0.039,0.000,0.017,0.000,0.003,0.000,0.002,0.060,0.064,0.022,0.069,0.001,0.000,0.001,0.000,0.723,0.723
TCGA-86-8674-01A,0.015,0.000,0.001,0.004,0.000,0.000,0.006,0.012,0.021,0.015,0.018,0.000,0.000,0.001,0.000,0.907,0.907
TCGA-49-6742-01A,0.002,0.000,0.008,0.003,0.000,0.000,0.013,0.061,0.003,0.029,0.045,0.002,0.000,0.000,0.000,0.835,0.835
TCGA-44-A47B-01A,0.007,0.000,0.011,0.027,0.003,0.000,0.027,0.076,0.042,0.022,0.100,0.004,0.000,0.000,0.000,0.682,0.682
TCGA-MP-A4SW-01A,0.035,0.005,0.016,0.018,0.007,0.000,0.031,0.041,0.047,0.009,0.178,0.004,0.000,0.001,0.001,0.607,0.607
TCGA-64-5815-01A,0.014,0.000,0.029,0.002,0.000,0.000,0.035,0.054,0.283,0.009,0.164,0.005,0.000,0.001,0.000,0.404,0.404
TCGA-MP-A4T8-01A,0.006,0.000,0.012,0.010,0.000,0.000,0.008,0.035,0.125,0.020,0.026,0.001,0.000,0.000,0.000,0.757,0.757
TCGA-NJ-A4YI-01A,0.005,0.000,0.006,0.012,0.000,0.000,0.044,0.037,0.080,0.006,0.147,0.002,0.000,0.000,0.001,0.660,0.660
TCGA-L4-A4E6-01A,0.005,0.000,0.013,0.010,0.008,0.000,0.036,0.144,0.052,0.027,0.447,0.007,0.002,0.000,0.001,0.247,0.247
TCGA-55-8302-01A,0.012,0.001,0.015,0.027,0.004,0.000,0.016,0.027,0.048,0.009,0.108,0.003,0.000,0.000,0.000,0.729,0.729
TCGA-05-4405-01A,0.029,0.000,0.013,0.011,0.009,0.000,0.040,0.090,0.178,0.023,0.122,0.004,0.000,0.001,0.000,0.481,0.481
TCGA-78-7147-01A,0.007,0.000,0.018,0.019,0.018,0.000,0.034,0.011,0.047,0.010,0.069,0.004,0.000,0.000,0.000,0.764,0.764
TCGA-MP-A4TD-01A,0.048,0.014,0.016,0.005,0.006,0.000,0.027,0.046,0.224,0.043,0.060,0.005,0.000,0.001,0.001,0.506,0.506
TCGA-55-6971-01A,0.072,0.017,0.029,0.038,0.014,0.000,0.038,0.097,0.092,0.020,0.170,0.006,0.000,0.002,0.002,0.403,0.403
TCGA-50-6591-01A,0.000,0.000,0.010,0.000,0.010,0.000,0.005,0.060,0.117,0.001,0.006,0.000,0.000,0.000,0.000,0.790,0.790
TCGA-95-7944-01A,0.000,0.000,0.009,0.078,0.000,0.000,0.002,0.033,0.085,0.000,0.107,0.009,0.000,0.000,0.000,0.675,0.675
TCGA-NJ-A4YF-01A,0.026,0.000,0.004,0.010,0.001,0.000,0.000,0.002,0.033,0.021,0.038,0.001,0.000,0.000,0.000,0.865,0.865
TCGA-86-8073-01A,0.003,0.001,0.013,0.011,0.013,0.000,0.032,0.063,0.088,0.021,0.150,0.005,0.000,0.001,0.000,0.599,0.599
TCGA-L9-A7SV-01A,0.006,0.002,0.003,0.016,0.000,0.000,0.017,0.035,0.008,0.022,0.040,0.000,0.000,0.000,0.000,0.850,0.850
TCGA-93-A4JP-01A,0.002,0.000,0.014,0.018,0.001,0.000,0.032,0.165,0.071,0.036,0.213,0.013,0.000,0.001,0.000,0.432,0.432
TCGA-78-7163-01A,0.010,0.000,0.003,0.017,0.002,0.000,0.012,0.012,0.000,0.003,0.017,0.001,0.000,0.000,0.000,0.921,0.921
TCGA-64-1678-01A,0.046,0.000,0.006,0.000,0.001,0.000,0.000,0.003,0.021,0.018,0.006,0.000,0.000,0.000,0.000,0.900,0.900
TCGA-NJ-A55R-01A,0.066,0.015,0.016,0.001,0.006,0.000,0.013,0.043,0.076,0.038,0.024,0.005,0.000,0.001,0.000,0.696,0.696
TCGA-97-A4M7-01A,0.035,0.004,0.035,0.018,0.014,0.000,0.115,0.094,0.108,0.018,0.096,0.007,0.000,0.001,0.001,0.455,0.455
TCGA-38-A44F-01A,0.033,0.017,0.027,0.010,0.012,0.000,0.057,0.096,0.101,0.036,0.133,0.010,0.001,0.001,0.001,0.463,0.463
TCGA-62-8399-01A,0.012,0.001,0.006,0.018,0.009,0.000,0.021,0.126,0.085,0.065,0.040,0.008,0.000,0.000,0.012,0.598,0.598
TCGA-49-4514-01A,0.023,0.001,0.007,0.011,0.004,0.000,0.009,0.005,0.003,0.014,0.046,0.004,0.000,0.000,0.000,0.872,0.872
TCGA-44-5643-01A,0.004,0.010,0.034,0.000,0.019,0.000,0.025,0.028,0.019,0.008,0.031,0.001,0.000,0.000,0.000,0.819,0.819
TCGA-J2-A4AE-01A,0.046,0.017,0.018,0.013,0.010,0.000,0.072,0.081,0.036,0.021,0.108,0.006,0.000,0.001,0.001,0.569,0.569
TCGA-05-4415-01A,0.009,0.000,0.003,0.026,0.002,0.000,0.001,0.052,0.035,0.005,0.069,0.003,0.000,0.001,0.001,0.793,0.793
TCGA-91-6830-01A,0.008,0.001,0.017,0.013,0.014,0.000,0.010,0.096,0.124,0.044,0.118,0.007,0.001,0.002,0.002,0.542,0.542
TCGA-49-6745-01A,0.002,0.000,0.035,0.029,0.006,0.000,0.049,0.081,0.110,0.014,0.130,0.006,0.000,0.000,0.000,0.537,0.537
TCGA-86-A4P7-01A,0.045,0.004,0.015,0.019,0.016,0.000,0.032,0.135,0.069,0.043,0.175,0.007,0.001,0.001,0.001,0.438,0.438
TCGA-44-4112-01B,0.021,0.008,0.013,0.037,0.008,0.012,0.029,0.130,0.122,0.032,0.058,0.011,0.000,0.008,0.005,0.506,0.506
TCGA-55-6975-01A,0.028,0.000,0.014,0.002,0.007,0.000,0.011,0.092,0.242,0.039,0.032,0.006,0.000,0.001,0.001,0.525,0.525
TCGA-95-7039-01A,0.003,0.000,0.009,0.015,0.008,0.000,0.018,0.095,0.079,0.028,0.060,0.003,0.000,0.000,0.000,0.681,0.681
TCGA-44-6147-01B,0.028,0.062,0.023,0.002,0.037,0.038,0.020,0.113,0.123,0.049,0.040,0.010,0.000,0.011,0.000,0.444,0.444
TCGA-05-4432-01A,0.064,0.006,0.022,0.012,0.007,0.000,0.026,0.038,0.076,0.033,0.091,0.002,0.000,0.001,0.000,0.621,0.621
TCGA-49-4487-01A,0.040,0.047,0.033,0.011,0.027,0.000,0.028,0.041,0.129,0.016,0.087,0.001,0.000,0.000,0.001,0.539,0.539
TCGA-55-7727-01A,0.009,0.040,0.044,0.004,0.004,0.000,0.040,0.040,0.033,0.006,0.086,0.006,0.000,0.001,0.000,0.686,0.686
TCGA-73-A9RS-01A,0.028,0.000,0.009,0.011,0.000,0.000,0.010,0.004,0.027,0.019,0.043,0.001,0.000,0.000,0.000,0.848,0.848
TCGA-44-5644-01A,0.028,0.000,0.003,0.001,0.003,0.000,0.002,0.019,0.050,0.022,0.013,0.000,0.000,0.001,0.000,0.857,0.857
TCGA-55-7914-01A,0.053,0.005,0.033,0.025,0.002,0.000,0.018,0.036,0.083,0.012,0.062,0.005,0.000,0.000,0.000,0.664,0.664
TCGA-62-A46R-01A,0.024,0.000,0.027,0.020,0.004,0.001,0.058,0.027,0.042,0.012,0.123,0.013,0.000,0.000,0.000,0.648,0.648
TCGA-49-AARQ-01A,0.006,0.000,0.001,0.055,0.000,0.000,0.033,0.001,0.013,0.005,0.078,0.002,0.000,0.000,0.000,0.804,0.804
TCGA-75-6207-01A,0.005,0.000,0.008,0.008,0.012,0.000,0.002,0.040,0.032,0.007,0.092,0.002,0.000,0.000,0.000,0.792,0.792
TCGA-53-7813-01A,0.130,0.003,0.008,0.022,0.001,0.000,0.024,0.008,0.021,0.021,0.003,0.001,0.000,0.000,0.000,0.760,0.760
TCGA-44-3918-01B,0.017,0.008,0.030,0.074,0.024,0.003,0.032,0.096,0.091,0.015,0.107,0.007,0.001,0.009,0.007,0.480,0.480
TCGA-64-1681-01A,0.008,0.001,0.027,0.001,0.001,0.000,0.072,0.086,0.088,0.030,0.105,0.005,0.000,0.000,0.000,0.576,0.576
TCGA-05-4410-01A,0.053,0.012,0.012,0.045,0.004,0.000,0.035,0.050,0.045,0.016,0.146,0.004,0.000,0.000,0.000,0.577,0.577
TCGA-55-8620-01A,0.033,0.009,0.038,0.009,0.027,0.000,0.012,0.019,0.027,0.014,0.086,0.001,0.000,0.000,0.000,0.723,0.723
TCGA-64-5774-01A,0.056,0.000,0.019,0.021,0.002,0.000,0.006,0.036,0.062,0.019,0.016,0.001,0.000,0.001,0.000,0.761,0.761
TCGA-44-6148-01A,0.044,0.004,0.016,0.002,0.011,0.000,0.053,0.048,0.143,0.022,0.076,0.015,0.000,0.001,0.000,0.563,0.563
TCGA-MN-A4N1-01A,0.009,0.000,0.009,0.012,0.001,0.000,0.014,0.031,0.063,0.003,0.048,0.001,0.000,0.000,0.000,0.808,0.808
TCGA-05-5429-01A,0.011,0.000,0.008,0.000,0.000,0.000,0.006,0.040,0.069,0.010,0.028,0.009,0.000,0.000,0.000,0.817,0.817
