,B Cells,CD4 T,CD8 T,DC,Endothelial Cells,Fibroblasts,Macrophages,Mast Cells,NK,Neutrophils,1-others,Cancer Cells
TCGA-55-8508-01A,0.109,0.022,0.005,0.007,0.058,0.113,0.073,0.002,0.010,0.013,0.588,0.588
TCGA-67-3771-01A,0.044,0.020,0.018,0.005,0.032,0.105,0.216,0.000,0.009,0.001,0.552,0.552
TCGA-55-A4DG-01A,0.134,0.049,0.030,0.001,0.047,0.092,0.109,0.003,0.001,0.001,0.534,0.534
TCGA-91-7771-01A,0.052,0.074,0.034,0.015,0.082,0.144,0.206,0.007,0.003,0.000,0.383,0.383
TCGA-91-6849-01A,0.082,0.023,0.011,0.000,0.060,0.065,0.214,0.001,0.008,0.000,0.536,0.536
TCGA-64-5781-01A,0.024,0.001,0.076,0.000,0.017,0.111,0.068,0.001,0.004,0.000,0.697,0.697
TCGA-44-6146-01B,0.005,0.035,0.009,0.001,0.124,0.248,0.059,0.028,0.000,0.064,0.427,0.427
TCGA-97-7552-01A,0.144,0.038,0.084,0.019,0.070,0.085,0.193,0.011,0.033,0.003,0.322,0.322
TCGA-80-5608-01A,0.002,0.015,0.011,0.010,0.050,0.054,0.071,0.000,0.005,0.005,0.778,0.778
TCGA-91-6829-01A,0.001,0.000,0.005,0.001,0.065,0.294,0.152,0.010,0.002,0.000,0.470,0.470
TCGA-49-AARE-01A,0.028,0.028,0.009,0.010,0.027,0.099,0.084,0.000,0.007,0.003,0.705,0.705
TCGA-97-A4M1-01A,0.000,0.029,0.002,0.005,0.147,0.074,0.244,0.014,0.018,0.000,0.466,0.466
TCGA-83-5908-01A,0.008,0.022,0.108,0.014,0.037,0.088,0.169,0.005,0.012,0.001,0.536,0.536
TCGA-97-8179-01A,0.000,0.004,0.000,0.000,0.101,0.114,0.121,0.001,0.000,0.002,0.656,0.656
TCGA-64-1680-01A,0.013,0.013,0.000,0.000,0.019,0.031,0.085,0.009,0.000,0.000,0.830,0.830
TCGA-73-4670-01A,0.009,0.003,0.000,0.000,0.020,0.086,0.085,0.000,0.000,0.000,0.797,0.797
TCGA-44-3396-01A,0.049,0.033,0.023,0.001,0.047,0.183,0.262,0.001,0.001,0.009,0.391,0.391
TCGA-80-5611-01A,0.000,0.021,0.006,0.000,0.006,0.019,0.373,0.000,0.007,0.000,0.568,0.568
TCGA-53-7624-01A,0.001,0.015,0.010,0.003,0.015,0.037,0.087,0.000,0.016,0.000,0.816,0.816
TCGA-91-6835-01A,0.085,0.085,0.063,0.023,0.061,0.119,0.268,0.010,0.015,0.006,0.265,0.265
TCGA-L9-A50W-01A,0.012,0.036,0.000,0.018,0.049,0.060,0.132,0.014,0.017,0.001,0.661,0.661
TCGA-86-7713-01A,0.010,0.017,0.000,0.008,0.044,0.040,0.043,0.000,0.000,0.007,0.832,0.832
TCGA-50-5044-01A,0.001,0.018,0.015,0.006,0.078,0.113,0.117,0.000,0.003,0.000,0.649,0.649
TCGA-97-7941-01A,0.015,0.032,0.001,0.017,0.085,0.093,0.116,0.008,0.014,0.000,0.618,0.618
TCGA-86-7714-01A,0.000,0.018,0.000,0.000,0.034,0.066,0.236,0.004,0.000,0.000,0.641,0.641
TCGA-62-8402-01A,0.005,0.059,0.040,0.019,0.029,0.015,0.151,0.000,0.009,0.004,0.669,0.669
TCGA-78-7162-01A,0.045,0.049,0.022,0.005,0.143,0.110,0.109,0.013,0.011,0.000,0.494,0.494
TCGA-49-AAR0-01A,0.038,0.042,0.007,0.014,0.059,0.073,0.177,0.005,0.016,0.000,0.569,0.569
TCGA-35-4122-01A,0.028,0.014,0.020,0.000,0.021,0.057,0.353,0.002,0.006,0.000,0.499,0.499
TCGA-55-7726-01A,0.005,0.006,0.000,0.000,0.027,0.256,0.134,0.001,0.000,0.001,0.569,0.569
TCGA-62-A46Y-01A,0.021,0.027,0.017,0.001,0.035,0.029,0.283,0.002,0.005,0.000,0.581,0.581
TCGA-55-6980-01A,0.001,0.069,0.005,0.005,0.037,0.219,0.247,0.002,0.008,0.000,0.406,0.406
TCGA-05-4430-01A,0.010,0.023,0.008,0.014,0.072,0.191,0.227,0.007,0.004,0.000,0.443,0.443
TCGA-67-3772-01A,0.049,0.034,0.003,0.001,0.044,0.166,0.178,0.006,0.000,0.000,0.518,0.518
TCGA-MP-A4SY-01A,0.000,0.008,0.000,0.000,0.017,0.168,0.171,0.002,0.000,0.001,0.634,0.634
TCGA-78-7148-01A,0.001,0.020,0.018,0.004,0.047,0.055,0.080,0.001,0.001,0.000,0.774,0.774
TCGA-35-3615-01A,0.022,0.020,0.001,0.000,0.034,0.040,0.104,0.000,0.000,0.000,0.779,0.779
TCGA-55-A493-01A,0.032,0.038,0.037,0.024,0.020,0.088,0.188,0.000,0.014,0.004,0.555,0.555
TCGA-49-6744-01A,0.045,0.065,0.025,0.011,0.079,0.178,0.274,0.007,0.002,0.000,0.314,0.314
TCGA-49-4494-01A,0.000,0.005,0.013,0.000,0.019,0.026,0.148,0.000,0.000,0.000,0.789,0.789
TCGA-78-7143-01A,0.018,0.041,0.000,0.003,0.023,0.036,0.190,0.005,0.001,0.000,0.683,0.683
TCGA-99-AA5R-01A,0.114,0.064,0.031,0.013,0.223,0.161,0.209,0.013,0.036,0.001,0.135,0.135
TCGA-55-8085-01A,0.060,0.042,0.026,0.002,0.031,0.047,0.192,0.000,0.001,0.000,0.600,0.600
TCGA-44-8117-01A,0.017,0.024,0.005,0.000,0.047,0.113,0.114,0.001,0.000,0.000,0.678,0.678
TCGA-55-8506-01A,0.002,0.014,0.010,0.002,0.029,0.076,0.176,0.004,0.004,0.000,0.684,0.684
TCGA-NJ-A7XG-01A,0.000,0.005,0.000,0.000,0.030,0.013,0.002,0.002,0.000,0.000,0.948,0.948
TCGA-05-4384-01A,0.000,0.022,0.000,0.000,0.100,0.084,0.204,0.009,0.007,0.007,0.568,0.568
TCGA-64-1679-01A,0.000,0.006,0.000,0.000,0.032,0.216,0.219,0.005,0.001,0.000,0.521,0.521
TCGA-73-4666-01A,0.000,0.016,0.069,0.000,0.022,0.030,0.233,0.000,0.001,0.000,0.629,0.629
TCGA-55-8616-01A,0.047,0.037,0.002,0.005,0.030,0.092,0.064,0.000,0.001,0.000,0.721,0.721
TCGA-38-6178-01A,0.022,0.028,0.000,0.004,0.059,0.187,0.095,0.006,0.003,0.000,0.595,0.595
TCGA-93-7348-01A,0.068,0.041,0.005,0.011,0.067,0.211,0.083,0.012,0.004,0.005,0.492,0.492
TCGA-55-1594-01A,0.028,0.013,0.020,0.017,0.028,0.067,0.127,0.000,0.007,0.006,0.687,0.687
TCGA-73-4658-01A,0.008,0.035,0.011,0.000,0.079,0.208,0.326,0.004,0.001,0.000,0.328,0.328
TCGA-80-5607-01A,0.012,0.037,0.024,0.008,0.054,0.071,0.148,0.008,0.001,0.000,0.638,0.638
TCGA-55-8505-01A,0.009,0.001,0.000,0.006,0.032,0.146,0.062,0.001,0.001,0.010,0.734,0.734
TCGA-MP-A4T4-01A,0.062,0.037,0.075,0.003,0.031,0.150,0.220,0.004,0.015,0.001,0.404,0.404
TCGA-49-4506-01A,0.035,0.023,0.036,0.001,0.021,0.025,0.111,0.000,0.000,0.000,0.748,0.748
TCGA-97-8172-01A,0.141,0.064,0.025,0.018,0.079,0.189,0.189,0.023,0.011,0.006,0.255,0.255
TCGA-O1-A52J-01A,0.000,0.029,0.001,0.001,0.024,0.055,0.349,0.003,0.014,0.000,0.526,0.526
TCGA-78-7537-01A,0.035,0.025,0.000,0.006,0.060,0.086,0.064,0.001,0.001,0.000,0.720,0.720
TCGA-73-4662-01A,0.080,0.090,0.010,0.001,0.043,0.093,0.181,0.003,0.000,0.000,0.497,0.497
TCGA-62-8398-01A,0.002,0.028,0.001,0.011,0.041,0.073,0.119,0.000,0.003,0.007,0.716,0.716
TCGA-49-AAQV-01A,0.050,0.060,0.013,0.008,0.026,0.046,0.105,0.002,0.000,0.000,0.690,0.690
TCGA-55-8621-01A,0.046,0.032,0.014,0.008,0.121,0.128,0.331,0.013,0.034,0.001,0.272,0.272
TCGA-53-7626-01A,0.067,0.063,0.038,0.020,0.104,0.133,0.284,0.017,0.016,0.002,0.255,0.255
TCGA-44-7669-01A,0.022,0.026,0.017,0.024,0.076,0.065,0.174,0.008,0.006,0.011,0.572,0.572
TCGA-93-8067-01A,0.000,0.007,0.000,0.005,0.043,0.060,0.057,0.000,0.007,0.000,0.821,0.821
TCGA-97-A4M2-01A,0.065,0.041,0.025,0.005,0.095,0.076,0.363,0.016,0.028,0.010,0.276,0.276
TCGA-05-4425-01A,0.000,0.050,0.004,0.011,0.031,0.091,0.292,0.001,0.013,0.000,0.506,0.506
TCGA-69-7763-01A,0.023,0.034,0.000,0.007,0.117,0.194,0.104,0.004,0.001,0.000,0.516,0.516
TCGA-86-8056-01A,0.022,0.031,0.001,0.005,0.070,0.073,0.210,0.012,0.010,0.005,0.560,0.560
TCGA-50-5931-01A,0.000,0.000,0.002,0.003,0.031,0.109,0.017,0.000,0.000,0.001,0.836,0.836
TCGA-55-8512-01A,0.002,0.002,0.002,0.004,0.098,0.084,0.083,0.013,0.017,0.028,0.668,0.668
TCGA-75-7025-01A,0.073,0.050,0.017,0.011,0.082,0.177,0.177,0.007,0.011,0.002,0.392,0.392
TCGA-50-5930-01A,0.077,0.026,0.019,0.001,0.062,0.186,0.146,0.000,0.003,0.000,0.479,0.479
TCGA-75-6214-01A,0.000,0.001,0.000,0.000,0.020,0.036,0.058,0.000,0.002,0.003,0.879,0.879
TCGA-L9-A743-01A,0.071,0.085,0.025,0.018,0.065,0.147,0.223,0.012,0.005,0.002,0.347,0.347
TCGA-50-5939-01A,0.053,0.025,0.002,0.000,0.064,0.105,0.187,0.005,0.004,0.002,0.554,0.554
TCGA-78-7161-01A,0.000,0.011,0.000,0.006,0.092,0.161,0.000,0.000,0.005,0.009,0.715,0.715
TCGA-44-3398-01A,0.024,0.028,0.005,0.000,0.058,0.197,0.330,0.009,0.003,0.000,0.346,0.346
TCGA-97-8547-01A,0.000,0.023,0.000,0.000,0.022,0.214,0.205,0.000,0.001,0.000,0.534,0.534
TCGA-91-6840-01A,0.032,0.020,0.037,0.028,0.104,0.094,0.090,0.003,0.008,0.003,0.582,0.582
TCGA-55-6986-01A,0.028,0.032,0.001,0.006,0.057,0.056,0.140,0.000,0.001,0.000,0.679,0.679
TCGA-05-4395-01A,0.001,0.014,0.009,0.000,0.020,0.015,0.084,0.000,0.005,0.000,0.852,0.852
TCGA-44-7672-01A,0.098,0.056,0.018,0.017,0.042,0.165,0.244,0.002,0.009,0.000,0.350,0.350
TCGA-44-2662-01B,0.013,0.016,0.011,0.000,0.050,0.175,0.279,0.011,0.000,0.075,0.369,0.369
TCGA-97-8175-01A,0.001,0.021,0.000,0.000,0.027,0.021,0.249,0.001,0.004,0.000,0.676,0.676
TCGA-55-8087-01A,0.000,0.018,0.000,0.001,0.031,0.090,0.157,0.009,0.000,0.003,0.691,0.691
TCGA-78-7160-01A,0.022,0.043,0.038,0.005,0.076,0.127,0.226,0.002,0.002,0.002,0.456,0.456
TCGA-L4-A4E5-01A,0.020,0.035,0.006,0.007,0.034,0.058,0.061,0.000,0.003,0.007,0.769,0.769
TCGA-97-A4LX-01A,0.112,0.075,0.041,0.018,0.050,0.136,0.311,0.002,0.025,0.002,0.228,0.228
TCGA-86-8359-01A,0.008,0.033,0.069,0.007,0.035,0.130,0.070,0.001,0.009,0.013,0.625,0.625
TCGA-44-6145-01A,0.078,0.022,0.058,0.001,0.055,0.133,0.206,0.002,0.002,0.006,0.438,0.438
TCGA-78-7155-01A,0.000,0.000,0.018,0.007,0.029,0.045,0.090,0.000,0.000,0.000,0.812,0.812
TCGA-55-7816-01A,0.001,0.007,0.029,0.001,0.148,0.240,0.338,0.000,0.009,0.000,0.227,0.227
TCGA-99-8025-01A,0.025,0.016,0.000,0.000,0.059,0.121,0.068,0.000,0.000,0.000,0.710,0.710
TCGA-44-A47G-01A,0.078,0.068,0.034,0.001,0.043,0.128,0.292,0.005,0.009,0.000,0.340,0.340
TCGA-55-8615-01A,0.000,0.018,0.000,0.005,0.043,0.082,0.048,0.000,0.000,0.001,0.802,0.802
TCGA-73-7499-01A,0.036,0.037,0.058,0.001,0.023,0.054,0.208,0.000,0.001,0.000,0.582,0.582
TCGA-86-7711-01A,0.008,0.000,0.010,0.000,0.039,0.117,0.268,0.000,0.005,0.008,0.543,0.543
TCGA-86-8075-01A,0.021,0.017,0.000,0.005,0.041,0.238,0.211,0.010,0.002,0.002,0.454,0.454
TCGA-86-7955-01A,0.006,0.000,0.001,0.001,0.020,0.014,0.001,0.000,0.000,0.000,0.956,0.956
TCGA-55-8513-01A,0.060,0.023,0.000,0.022,0.093,0.092,0.336,0.007,0.010,0.009,0.349,0.349
TCGA-MP-A4TC-01A,0.002,0.027,0.013,0.000,0.026,0.216,0.178,0.000,0.010,0.000,0.528,0.528
TCGA-05-4420-01A,0.007,0.001,0.000,0.000,0.039,0.083,0.069,0.000,0.001,0.009,0.790,0.790
TCGA-86-8280-01A,0.069,0.076,0.014,0.003,0.065,0.167,0.221,0.006,0.013,0.000,0.363,0.363
TCGA-78-7166-01A,0.026,0.026,0.000,0.003,0.021,0.033,0.020,0.000,0.001,0.000,0.871,0.871
TCGA-91-8499-01A,0.016,0.017,0.019,0.010,0.039,0.060,0.157,0.000,0.004,0.000,0.677,0.677
TCGA-71-6725-01A,0.000,0.000,0.000,0.000,0.044,0.016,0.125,0.000,0.000,0.000,0.815,0.815
TCGA-69-7980-01A,0.004,0.030,0.024,0.014,0.045,0.093,0.176,0.001,0.018,0.000,0.596,0.596
TCGA-L9-A8F4-01A,0.093,0.072,0.041,0.008,0.027,0.106,0.164,0.000,0.006,0.001,0.482,0.482
TCGA-05-4433-01A,0.006,0.030,0.014,0.001,0.046,0.031,0.263,0.005,0.013,0.001,0.590,0.590
TCGA-55-A492-01A,0.009,0.022,0.000,0.002,0.070,0.036,0.041,0.001,0.005,0.000,0.814,0.814
TCGA-73-4675-01A,0.006,0.013,0.000,0.000,0.030,0.123,0.149,0.001,0.001,0.000,0.677,0.677
TCGA-50-5936-01A,0.008,0.026,0.000,0.003,0.045,0.103,0.154,0.001,0.000,0.002,0.656,0.656
TCGA-44-7662-01A,0.012,0.018,0.017,0.001,0.048,0.248,0.155,0.002,0.012,0.001,0.486,0.486
TCGA-78-7154-01A,0.001,0.010,0.006,0.008,0.041,0.054,0.054,0.001,0.006,0.000,0.819,0.819
TCGA-05-4244-01A,0.000,0.028,0.002,0.000,0.034,0.034,0.228,0.000,0.005,0.000,0.670,0.670
TCGA-73-7498-01A,0.024,0.060,0.000,0.004,0.129,0.133,0.108,0.005,0.006,0.000,0.530,0.530
TCGA-50-5933-01A,0.000,0.022,0.004,0.000,0.040,0.208,0.339,0.001,0.000,0.000,0.386,0.386
TCGA-55-8507-01A,0.001,0.015,0.000,0.012,0.061,0.083,0.113,0.007,0.005,0.012,0.692,0.692
TCGA-S2-AA1A-01A,0.171,0.082,0.024,0.019,0.098,0.177,0.111,0.013,0.016,0.003,0.287,0.287
TCGA-95-7948-01A,0.020,0.000,0.001,0.000,0.017,0.060,0.091,0.000,0.000,0.000,0.811,0.811
TCGA-67-3774-01A,0.034,0.054,0.008,0.014,0.078,0.121,0.158,0.007,0.010,0.000,0.516,0.516
TCGA-38-4628-01A,0.000,0.003,0.000,0.000,0.015,0.104,0.230,0.000,0.000,0.000,0.648,0.648
TCGA-50-6595-01A,0.000,0.010,0.012,0.007,0.083,0.195,0.147,0.000,0.011,0.000,0.535,0.535
TCGA-55-7903-01A,0.010,0.028,0.033,0.001,0.033,0.026,0.128,0.001,0.004,0.001,0.735,0.735
TCGA-50-5051-01A,0.023,0.016,0.000,0.007,0.066,0.077,0.033,0.009,0.000,0.006,0.762,0.762
TCGA-86-6851-01A,0.149,0.058,0.085,0.018,0.032,0.057,0.240,0.001,0.041,0.002,0.318,0.318
TCGA-75-6205-01A,0.028,0.047,0.040,0.011,0.066,0.105,0.377,0.009,0.003,0.000,0.315,0.315
TCGA-55-8091-01A,0.005,0.033,0.004,0.009,0.057,0.212,0.247,0.010,0.014,0.003,0.405,0.405
TCGA-44-4112-01A,0.017,0.018,0.004,0.000,0.039,0.180,0.162,0.006,0.001,0.000,0.574,0.574
TCGA-44-3917-01A,0.052,0.017,0.034,0.008,0.024,0.098,0.169,0.000,0.000,0.002,0.597,0.597
TCGA-49-4505-01A,0.023,0.038,0.019,0.008,0.060,0.102,0.246,0.015,0.005,0.000,0.484,0.484
TCGA-62-8397-01A,0.018,0.015,0.000,0.000,0.040,0.044,0.226,0.009,0.005,0.000,0.643,0.643
TCGA-50-5942-01A,0.047,0.044,0.012,0.009,0.083,0.117,0.085,0.032,0.002,0.000,0.568,0.568
TCGA-55-8206-01A,0.032,0.059,0.000,0.009,0.059,0.098,0.383,0.030,0.002,0.007,0.320,0.320
TCGA-55-8094-01A,0.000,0.005,0.000,0.000,0.032,0.014,0.004,0.000,0.000,0.002,0.944,0.944
TCGA-05-4382-01A,0.045,0.027,0.003,0.000,0.037,0.180,0.345,0.000,0.010,0.000,0.354,0.354
TCGA-05-5423-01A,0.033,0.044,0.006,0.000,0.027,0.052,0.372,0.005,0.001,0.000,0.459,0.459
TCGA-49-AAR4-01A,0.050,0.035,0.151,0.015,0.036,0.093,0.120,0.004,0.018,0.001,0.478,0.478
TCGA-97-A4M3-01A,0.001,0.016,0.000,0.010,0.093,0.124,0.053,0.005,0.001,0.006,0.692,0.692
TCGA-05-4397-01A,0.001,0.000,0.002,0.005,0.040,0.037,0.194,0.000,0.009,0.000,0.712,0.712
TCGA-55-6984-01A,0.035,0.019,0.000,0.009,0.043,0.034,0.026,0.001,0.003,0.005,0.827,0.827
TCGA-05-4427-01A,0.010,0.027,0.015,0.000,0.045,0.090,0.228,0.000,0.000,0.000,0.585,0.585
TCGA-86-8281-01A,0.038,0.028,0.000,0.005,0.072,0.078,0.064,0.004,0.003,0.004,0.703,0.703
TCGA-44-A4SU-01A,0.098,0.049,0.005,0.013,0.034,0.124,0.064,0.007,0.011,0.008,0.588,0.588
TCGA-75-5147-01A,0.044,0.036,0.008,0.010,0.019,0.105,0.169,0.004,0.008,0.000,0.596,0.596
TCGA-97-7546-01A,0.061,0.064,0.022,0.003,0.098,0.198,0.191,0.021,0.001,0.001,0.338,0.338
TCGA-86-8585-01A,0.057,0.044,0.030,0.003,0.024,0.076,0.224,0.000,0.010,0.000,0.531,0.531
TCGA-55-8301-01A,0.125,0.046,0.052,0.001,0.033,0.106,0.217,0.000,0.019,0.000,0.401,0.401
TCGA-86-6562-01A,0.011,0.025,0.000,0.001,0.056,0.187,0.168,0.003,0.001,0.000,0.548,0.548
TCGA-J2-A4AD-01A,0.000,0.000,0.000,0.000,0.036,0.124,0.057,0.000,0.001,0.001,0.781,0.781
TCGA-50-5946-01A,0.001,0.010,0.007,0.003,0.031,0.047,0.037,0.001,0.003,0.000,0.858,0.858
TCGA-55-8510-01A,0.029,0.034,0.021,0.013,0.055,0.105,0.295,0.006,0.025,0.001,0.418,0.418
TCGA-99-8033-01A,0.010,0.001,0.043,0.000,0.027,0.064,0.103,0.000,0.003,0.010,0.739,0.739
TCGA-69-7978-01A,0.052,0.049,0.049,0.001,0.040,0.124,0.304,0.004,0.009,0.000,0.366,0.366
TCGA-86-8054-01A,0.000,0.015,0.000,0.001,0.056,0.073,0.063,0.003,0.000,0.003,0.786,0.786
TCGA-44-7660-01A,0.005,0.011,0.008,0.002,0.010,0.052,0.102,0.000,0.006,0.002,0.802,0.802
TCGA-78-8662-01A,0.000,0.002,0.000,0.000,0.028,0.033,0.046,0.000,0.000,0.000,0.891,0.891
TCGA-75-7027-01A,0.004,0.011,0.001,0.003,0.043,0.180,0.064,0.001,0.001,0.004,0.689,0.689
TCGA-97-A4M6-01A,0.054,0.094,0.018,0.017,0.052,0.130,0.224,0.001,0.011,0.002,0.396,0.396
TCGA-MP-A4SV-01A,0.047,0.049,0.040,0.008,0.037,0.082,0.133,0.001,0.004,0.002,0.596,0.596
TCGA-38-4627-01A,0.004,0.019,0.001,0.006,0.089,0.423,0.224,0.005,0.005,0.000,0.224,0.224
TCGA-93-A4JO-01A,0.078,0.063,0.037,0.015,0.073,0.072,0.227,0.003,0.007,0.002,0.423,0.423
TCGA-05-4426-01A,0.000,0.024,0.000,0.000,0.020,0.044,0.169,0.000,0.005,0.000,0.738,0.738
TCGA-97-7937-01A,0.000,0.002,0.000,0.000,0.017,0.076,0.113,0.000,0.000,0.000,0.791,0.791
TCGA-75-6206-01A,0.000,0.020,0.000,0.000,0.062,0.115,0.199,0.001,0.000,0.000,0.603,0.603
TCGA-62-A472-01A,0.011,0.034,0.024,0.001,0.030,0.038,0.154,0.006,0.002,0.001,0.698,0.698
TCGA-97-8174-01A,0.026,0.075,0.004,0.003,0.142,0.222,0.154,0.006,0.009,0.003,0.358,0.358
TCGA-44-6777-01A,0.047,0.033,0.005,0.001,0.058,0.240,0.450,0.004,0.009,0.000,0.153,0.153
TCGA-62-A46P-01A,0.007,0.014,0.000,0.014,0.088,0.041,0.054,0.001,0.009,0.001,0.772,0.772
TCGA-55-8089-01A,0.046,0.010,0.094,0.007,0.041,0.075,0.327,0.000,0.019,0.001,0.379,0.379
TCGA-MN-A4N5-01A,0.021,0.027,0.034,0.014,0.042,0.054,0.131,0.000,0.013,0.001,0.663,0.663
TCGA-49-AAR9-01A,0.000,0.000,0.004,0.000,0.015,0.035,0.030,0.000,0.003,0.000,0.913,0.913
TCGA-86-8671-01A,0.127,0.104,0.054,0.021,0.095,0.141,0.301,0.003,0.036,0.000,0.117,0.117
TCGA-49-4507-01A,0.013,0.000,0.065,0.000,0.028,0.036,0.121,0.000,0.007,0.000,0.730,0.730
TCGA-62-A46V-01A,0.000,0.007,0.000,0.000,0.018,0.126,0.149,0.005,0.000,0.000,0.696,0.696
TCGA-05-4389-01A,0.013,0.048,0.032,0.011,0.016,0.032,0.228,0.007,0.010,0.000,0.603,0.603
TCGA-50-6592-01A,0.017,0.022,0.042,0.003,0.034,0.109,0.188,0.000,0.008,0.004,0.574,0.574
TCGA-91-6831-01A,0.025,0.019,0.017,0.000,0.030,0.174,0.176,0.000,0.008,0.004,0.546,0.546
TCGA-55-6987-01A,0.135,0.028,0.089,0.003,0.056,0.075,0.280,0.002,0.015,0.002,0.315,0.315
TCGA-49-4510-01A,0.021,0.014,0.000,0.000,0.064,0.101,0.079,0.000,0.002,0.000,0.718,0.718
TCGA-86-8672-01A,0.024,0.022,0.036,0.000,0.021,0.140,0.150,0.000,0.002,0.000,0.605,0.605
TCGA-44-2668-01B,0.043,0.061,0.043,0.016,0.069,0.157,0.227,0.008,0.001,0.102,0.273,0.273
TCGA-93-A4JQ-01A,0.128,0.086,0.020,0.017,0.051,0.200,0.118,0.002,0.017,0.005,0.356,0.356
TCGA-97-8177-01A,0.034,0.026,0.006,0.001,0.046,0.137,0.328,0.012,0.009,0.000,0.402,0.402
TCGA-05-4396-01A,0.003,0.017,0.000,0.007,0.063,0.080,0.035,0.001,0.002,0.007,0.786,0.786
TCGA-55-6978-01A,0.005,0.022,0.086,0.006,0.045,0.201,0.267,0.001,0.001,0.000,0.365,0.365
TCGA-69-8453-01A,0.017,0.038,0.012,0.004,0.052,0.084,0.375,0.009,0.019,0.000,0.389,0.389
TCGA-50-7109-01A,0.048,0.043,0.025,0.005,0.067,0.117,0.124,0.000,0.001,0.001,0.569,0.569
TCGA-49-4501-01A,0.054,0.053,0.003,0.001,0.040,0.138,0.140,0.004,0.010,0.000,0.557,0.557
TCGA-50-5049-01A,0.097,0.064,0.070,0.001,0.046,0.176,0.358,0.000,0.001,0.000,0.186,0.186
TCGA-78-8660-01A,0.031,0.042,0.031,0.007,0.046,0.045,0.183,0.000,0.016,0.000,0.598,0.598
TCGA-91-6828-01A,0.032,0.040,0.023,0.011,0.082,0.106,0.284,0.006,0.015,0.010,0.392,0.392
TCGA-50-6590-01A,0.053,0.030,0.029,0.013,0.028,0.086,0.237,0.000,0.008,0.000,0.516,0.516
TCGA-97-8176-01A,0.004,0.009,0.000,0.006,0.042,0.039,0.132,0.000,0.003,0.009,0.757,0.757
TCGA-50-5935-01A,0.021,0.062,0.006,0.000,0.057,0.096,0.165,0.001,0.005,0.000,0.587,0.587
TCGA-55-7281-01A,0.003,0.032,0.001,0.001,0.034,0.112,0.344,0.001,0.007,0.000,0.465,0.465
TCGA-49-4488-01A,0.022,0.028,0.018,0.001,0.018,0.051,0.165,0.000,0.001,0.000,0.696,0.696
TCGA-NJ-A55A-01A,0.108,0.067,0.028,0.022,0.075,0.164,0.105,0.024,0.017,0.007,0.382,0.382
TCGA-95-8494-01A,0.000,0.012,0.000,0.000,0.011,0.024,0.186,0.000,0.000,0.000,0.767,0.767
TCGA-44-2657-01A,0.209,0.050,0.064,0.015,0.054,0.113,0.209,0.007,0.022,0.000,0.259,0.259
TCGA-78-7158-01A,0.000,0.022,0.000,0.004,0.028,0.027,0.095,0.000,0.000,0.000,0.822,0.822
TCGA-93-7347-01A,0.046,0.096,0.039,0.010,0.048,0.116,0.257,0.006,0.016,0.000,0.365,0.365
TCGA-38-4630-01A,0.000,0.012,0.007,0.015,0.017,0.087,0.074,0.000,0.001,0.000,0.787,0.787
TCGA-86-7953-01A,0.008,0.046,0.005,0.016,0.040,0.068,0.245,0.002,0.008,0.008,0.554,0.554
TCGA-50-5072-01A,0.003,0.014,0.000,0.002,0.040,0.097,0.103,0.002,0.002,0.001,0.734,0.734
TCGA-62-A46S-01A,0.021,0.030,0.006,0.006,0.074,0.076,0.121,0.006,0.008,0.003,0.649,0.649
TCGA-53-A4EZ-01A,0.019,0.019,0.007,0.009,0.018,0.038,0.071,0.000,0.003,0.006,0.812,0.812
TCGA-69-7973-01A,0.014,0.024,0.006,0.016,0.070,0.120,0.060,0.007,0.002,0.006,0.675,0.675
TCGA-44-6775-01C,0.075,0.038,0.021,0.000,0.084,0.196,0.210,0.054,0.000,0.058,0.265,0.265
TCGA-55-8204-01A,0.036,0.006,0.011,0.001,0.048,0.134,0.106,0.002,0.006,0.004,0.646,0.646
TCGA-35-5375-01A,0.027,0.012,0.027,0.000,0.012,0.070,0.143,0.000,0.000,0.000,0.708,0.708
TCGA-78-7539-01A,0.032,0.079,0.041,0.008,0.024,0.040,0.253,0.001,0.005,0.000,0.517,0.517
TCGA-95-A4VK-01A,0.069,0.048,0.014,0.002,0.056,0.091,0.046,0.000,0.009,0.006,0.658,0.658
TCGA-50-5055-01A,0.207,0.092,0.032,0.013,0.085,0.163,0.183,0.004,0.006,0.000,0.214,0.214
TCGA-44-7667-01A,0.001,0.013,0.001,0.005,0.049,0.066,0.085,0.000,0.003,0.000,0.776,0.776
TCGA-MP-A4TI-01A,0.013,0.070,0.047,0.032,0.050,0.139,0.326,0.004,0.015,0.001,0.303,0.303
TCGA-55-6979-01A,0.047,0.052,0.041,0.012,0.056,0.121,0.354,0.004,0.007,0.000,0.307,0.307
TCGA-55-7284-01B,0.001,0.021,0.007,0.006,0.095,0.093,0.222,0.006,0.015,0.001,0.535,0.535
TCGA-44-6778-01A,0.086,0.066,0.049,0.020,0.122,0.070,0.332,0.012,0.019,0.008,0.217,0.217
TCGA-35-4123-01A,0.016,0.031,0.090,0.000,0.016,0.086,0.265,0.003,0.000,0.000,0.492,0.492
TCGA-44-6776-01A,0.001,0.016,0.000,0.001,0.071,0.055,0.028,0.006,0.000,0.000,0.822,0.822
TCGA-44-2656-01B,0.054,0.049,0.083,0.000,0.077,0.135,0.241,0.016,0.000,0.032,0.313,0.313
TCGA-73-4676-01A,0.000,0.006,0.000,0.000,0.041,0.054,0.177,0.001,0.000,0.000,0.721,0.721
TCGA-86-8673-01A,0.007,0.014,0.019,0.002,0.044,0.107,0.086,0.000,0.007,0.006,0.708,0.708
TCGA-62-8395-01A,0.017,0.021,0.000,0.013,0.079,0.141,0.122,0.004,0.010,0.006,0.586,0.586
TCGA-44-A4SS-01A,0.005,0.035,0.037,0.004,0.026,0.118,0.210,0.000,0.010,0.005,0.549,0.549
TCGA-86-8358-01A,0.008,0.016,0.029,0.030,0.055,0.123,0.095,0.006,0.008,0.004,0.625,0.625
TCGA-55-6968-01A,0.055,0.030,0.034,0.032,0.033,0.078,0.201,0.000,0.014,0.002,0.520,0.520
TCGA-99-7458-01A,0.030,0.091,0.040,0.003,0.085,0.139,0.210,0.002,0.001,0.000,0.398,0.398
TCGA-05-4424-01A,0.006,0.020,0.017,0.011,0.076,0.109,0.259,0.008,0.001,0.000,0.493,0.493
TCGA-38-4631-01A,0.010,0.009,0.008,0.000,0.009,0.047,0.087,0.000,0.001,0.003,0.826,0.826
TCGA-55-7283-01A,0.000,0.030,0.017,0.004,0.058,0.062,0.135,0.006,0.003,0.000,0.685,0.685
TCGA-95-7567-01A,0.032,0.038,0.011,0.002,0.033,0.069,0.117,0.000,0.000,0.000,0.698,0.698
TCGA-38-4629-01A,0.016,0.006,0.024,0.000,0.024,0.111,0.301,0.000,0.004,0.000,0.514,0.514
TCGA-91-8497-01A,0.150,0.072,0.003,0.016,0.107,0.123,0.183,0.021,0.015,0.003,0.306,0.306
TCGA-78-7540-01A,0.003,0.001,0.000,0.007,0.054,0.015,0.106,0.000,0.011,0.000,0.803,0.803
TCGA-55-A48Y-01A,0.027,0.020,0.001,0.001,0.047,0.173,0.083,0.000,0.000,0.002,0.645,0.645
TCGA-55-7995-01A,0.032,0.014,0.075,0.019,0.024,0.051,0.276,0.000,0.022,0.006,0.481,0.481
TCGA-44-3919-01A,0.051,0.054,0.025,0.012,0.034,0.111,0.237,0.005,0.002,0.000,0.468,0.468
TCGA-69-7764-01A,0.045,0.049,0.018,0.000,0.054,0.080,0.042,0.001,0.008,0.000,0.703,0.703
TCGA-95-7947-01A,0.034,0.025,0.018,0.009,0.050,0.036,0.126,0.001,0.013,0.005,0.682,0.682
TCGA-MP-A4TH-01A,0.202,0.094,0.031,0.012,0.068,0.101,0.130,0.003,0.014,0.006,0.339,0.339
TCGA-55-7725-01A,0.071,0.094,0.028,0.000,0.042,0.019,0.229,0.015,0.000,0.000,0.502,0.502
TCGA-L9-A5IP-01A,0.004,0.008,0.009,0.001,0.047,0.045,0.074,0.000,0.001,0.016,0.795,0.795
TCGA-97-7554-01A,0.059,0.033,0.009,0.001,0.071,0.182,0.177,0.001,0.000,0.000,0.465,0.465
TCGA-55-8619-01A,0.080,0.038,0.021,0.008,0.097,0.100,0.300,0.010,0.025,0.008,0.313,0.313
TCGA-55-7227-01A,0.009,0.081,0.008,0.001,0.051,0.141,0.259,0.000,0.001,0.000,0.448,0.448
TCGA-67-3770-01A,0.000,0.033,0.002,0.000,0.031,0.051,0.237,0.001,0.010,0.000,0.635,0.635
TCGA-78-7145-01A,0.000,0.012,0.000,0.000,0.032,0.097,0.177,0.002,0.000,0.000,0.680,0.680
TCGA-49-AAR3-01A,0.045,0.022,0.070,0.010,0.044,0.107,0.221,0.000,0.010,0.001,0.471,0.471
TCGA-44-A479-01A,0.107,0.068,0.046,0.023,0.046,0.156,0.215,0.002,0.022,0.003,0.312,0.312
TCGA-4B-A93V-01A,0.030,0.026,0.007,0.010,0.028,0.043,0.067,0.000,0.014,0.001,0.773,0.773
TCGA-78-7633-01A,0.000,0.002,0.000,0.000,0.111,0.059,0.030,0.001,0.001,0.000,0.796,0.796
TCGA-NJ-A4YP-01A,0.006,0.014,0.017,0.005,0.058,0.157,0.082,0.000,0.003,0.001,0.656,0.656
TCGA-38-4626-01A,0.000,0.003,0.001,0.001,0.139,0.142,0.436,0.009,0.007,0.005,0.258,0.258
TCGA-78-7535-01A,0.000,0.000,0.000,0.000,0.032,0.046,0.277,0.000,0.007,0.000,0.638,0.638
TCGA-55-6970-01A,0.039,0.044,0.013,0.009,0.060,0.056,0.187,0.002,0.000,0.000,0.589,0.589
TCGA-55-6543-01A,0.001,0.016,0.000,0.000,0.042,0.069,0.282,0.005,0.002,0.000,0.583,0.583
TCGA-05-4402-01A,0.031,0.013,0.000,0.001,0.020,0.098,0.203,0.001,0.005,0.000,0.629,0.629
TCGA-55-1596-01A,0.013,0.021,0.002,0.007,0.034,0.036,0.083,0.000,0.006,0.000,0.799,0.799
TCGA-49-4490-01A,0.003,0.026,0.000,0.000,0.052,0.125,0.075,0.000,0.010,0.000,0.709,0.709
TCGA-62-A471-01A,0.004,0.003,0.010,0.003,0.026,0.016,0.017,0.000,0.005,0.009,0.907,0.907
TCGA-86-A456-01A,0.009,0.041,0.001,0.001,0.062,0.102,0.259,0.007,0.010,0.000,0.506,0.506
TCGA-49-4512-01A,0.019,0.017,0.000,0.002,0.026,0.179,0.238,0.000,0.001,0.000,0.518,0.518
TCGA-75-5122-01A,0.015,0.005,0.131,0.000,0.046,0.033,0.567,0.002,0.001,0.000,0.200,0.200
TCGA-55-A48X-01A,0.173,0.051,0.024,0.011,0.058,0.106,0.108,0.005,0.014,0.006,0.443,0.443
TCGA-86-8278-01A,0.025,0.030,0.002,0.007,0.031,0.161,0.158,0.004,0.009,0.005,0.568,0.568
TCGA-55-6982-01A,0.029,0.009,0.002,0.004,0.010,0.172,0.230,0.000,0.008,0.000,0.538,0.538
TCGA-50-5045-01A,0.084,0.056,0.021,0.006,0.056,0.175,0.323,0.003,0.002,0.000,0.274,0.274
TCGA-05-4398-01A,0.030,0.026,0.009,0.005,0.026,0.096,0.263,0.000,0.009,0.000,0.536,0.536
TCGA-64-5775-01A,0.000,0.000,0.000,0.000,0.062,0.136,0.166,0.000,0.000,0.000,0.636,0.636
TCGA-97-7547-01A,0.042,0.039,0.000,0.002,0.065,0.103,0.123,0.004,0.001,0.000,0.620,0.620
TCGA-75-7031-01A,0.007,0.030,0.017,0.006,0.030,0.048,0.151,0.000,0.008,0.000,0.702,0.702
TCGA-44-2655-01A,0.051,0.042,0.000,0.001,0.071,0.069,0.125,0.006,0.000,0.000,0.635,0.635
TCGA-75-6212-01A,0.097,0.043,0.000,0.001,0.049,0.055,0.262,0.021,0.002,0.000,0.470,0.470
TCGA-05-4390-01A,0.019,0.017,0.000,0.000,0.037,0.126,0.112,0.000,0.000,0.000,0.689,0.689
TCGA-86-8674-01A,0.001,0.006,0.000,0.005,0.030,0.041,0.003,0.000,0.000,0.004,0.909,0.909
TCGA-49-6742-01A,0.000,0.000,0.000,0.000,0.049,0.047,0.056,0.000,0.003,0.000,0.845,0.845
TCGA-44-A47B-01A,0.000,0.026,0.025,0.005,0.048,0.090,0.177,0.008,0.004,0.000,0.617,0.617
TCGA-MP-A4SW-01A,0.067,0.039,0.002,0.006,0.031,0.063,0.217,0.001,0.013,0.000,0.560,0.560
TCGA-64-5815-01A,0.009,0.038,0.000,0.000,0.040,0.238,0.273,0.001,0.000,0.000,0.400,0.400
TCGA-MP-A4T8-01A,0.000,0.022,0.000,0.005,0.046,0.147,0.032,0.000,0.001,0.003,0.744,0.744
TCGA-NJ-A4YI-01A,0.000,0.018,0.000,0.003,0.021,0.073,0.241,0.000,0.006,0.000,0.636,0.636
TCGA-L4-A4E6-01A,0.016,0.028,0.002,0.001,0.144,0.086,0.557,0.015,0.022,0.000,0.130,0.130
TCGA-55-8302-01A,0.018,0.018,0.011,0.011,0.019,0.043,0.121,0.000,0.007,0.000,0.751,0.751
TCGA-05-4405-01A,0.039,0.017,0.003,0.014,0.052,0.191,0.206,0.007,0.006,0.001,0.463,0.463
TCGA-78-7147-01A,0.000,0.015,0.016,0.000,0.011,0.018,0.097,0.000,0.004,0.000,0.839,0.839
TCGA-MP-A4TD-01A,0.079,0.045,0.001,0.012,0.079,0.265,0.068,0.008,0.008,0.007,0.431,0.431
TCGA-55-6971-01A,0.104,0.052,0.055,0.018,0.071,0.114,0.258,0.010,0.013,0.010,0.296,0.296
TCGA-50-6591-01A,0.000,0.000,0.000,0.000,0.061,0.132,0.000,0.000,0.000,0.000,0.806,0.806
TCGA-95-7944-01A,0.006,0.008,0.121,0.005,0.032,0.054,0.177,0.000,0.002,0.000,0.595,0.595
TCGA-NJ-A4YF-01A,0.003,0.023,0.001,0.005,0.034,0.067,0.068,0.000,0.000,0.004,0.796,0.796
TCGA-86-8073-01A,0.009,0.015,0.005,0.000,0.049,0.130,0.206,0.003,0.001,0.000,0.581,0.581
TCGA-L9-A7SV-01A,0.019,0.023,0.001,0.001,0.048,0.029,0.048,0.000,0.004,0.000,0.828,0.828
TCGA-93-A4JP-01A,0.000,0.010,0.001,0.002,0.184,0.101,0.274,0.026,0.009,0.002,0.391,0.391
TCGA-78-7163-01A,0.008,0.001,0.015,0.000,0.011,0.000,0.010,0.000,0.000,0.000,0.954,0.954
TCGA-64-1678-01A,0.017,0.018,0.001,0.000,0.011,0.039,0.021,0.000,0.000,0.000,0.894,0.894
TCGA-NJ-A55R-01A,0.071,0.023,0.000,0.023,0.085,0.146,0.032,0.009,0.006,0.012,0.593,0.593
TCGA-97-A4M7-01A,0.055,0.073,0.015,0.027,0.075,0.125,0.225,0.018,0.014,0.007,0.367,0.367
TCGA-38-A44F-01A,0.088,0.051,0.014,0.012,0.070,0.120,0.208,0.011,0.019,0.001,0.407,0.407
TCGA-62-8399-01A,0.009,0.010,0.013,0.009,0.117,0.140,0.083,0.014,0.006,0.012,0.587,0.587
TCGA-49-4514-01A,0.034,0.020,0.024,0.008,0.035,0.024,0.059,0.000,0.006,0.000,0.789,0.789
TCGA-44-5643-01A,0.021,0.049,0.012,0.018,0.024,0.018,0.079,0.000,0.004,0.000,0.774,0.774
TCGA-J2-A4AE-01A,0.085,0.063,0.020,0.001,0.082,0.061,0.169,0.012,0.003,0.002,0.502,0.502
TCGA-05-4415-01A,0.000,0.000,0.029,0.000,0.028,0.024,0.094,0.002,0.000,0.000,0.822,0.822
TCGA-91-6830-01A,0.018,0.023,0.017,0.004,0.103,0.166,0.159,0.011,0.013,0.008,0.477,0.477
TCGA-49-6745-01A,0.004,0.038,0.028,0.000,0.045,0.109,0.241,0.006,0.000,0.000,0.529,0.529
TCGA-86-A4P7-01A,0.071,0.038,0.025,0.019,0.148,0.129,0.223,0.014,0.025,0.004,0.304,0.304
TCGA-44-4112-01B,0.060,0.050,0.031,0.004,0.115,0.283,0.121,0.035,0.000,0.062,0.239,0.239
TCGA-55-6975-01A,0.022,0.013,0.005,0.006,0.094,0.245,0.076,0.001,0.001,0.002,0.534,0.534
TCGA-95-7039-01A,0.002,0.022,0.013,0.001,0.063,0.094,0.068,0.001,0.002,0.000,0.736,0.736
TCGA-44-6147-01B,0.100,0.049,0.032,0.000,0.116,0.212,0.127,0.036,0.000,0.028,0.301,0.301
TCGA-05-4432-01A,0.050,0.023,0.013,0.015,0.038,0.080,0.144,0.004,0.010,0.006,0.618,0.618
TCGA-49-4487-01A,0.132,0.059,0.042,0.012,0.043,0.122,0.139,0.000,0.003,0.000,0.449,0.449
TCGA-55-7727-01A,0.087,0.072,0.018,0.000,0.028,0.048,0.158,0.002,0.000,0.000,0.588,0.588
TCGA-73-A9RS-01A,0.010,0.014,0.009,0.000,0.027,0.040,0.059,0.000,0.000,0.003,0.838,0.838
TCGA-44-5644-01A,0.002,0.011,0.002,0.011,0.038,0.068,0.014,0.000,0.004,0.017,0.834,0.834
TCGA-55-7914-01A,0.088,0.044,0.028,0.005,0.041,0.083,0.085,0.002,0.000,0.000,0.624,0.624
TCGA-62-A46R-01A,0.035,0.081,0.008,0.000,0.018,0.074,0.231,0.007,0.000,0.000,0.546,0.546
TCGA-49-AARQ-01A,0.012,0.006,0.044,0.007,0.008,0.009,0.134,0.000,0.006,0.003,0.771,0.771
TCGA-75-6207-01A,0.001,0.012,0.002,0.000,0.027,0.032,0.126,0.000,0.000,0.000,0.800,0.800
TCGA-53-7813-01A,0.080,0.017,0.032,0.001,0.020,0.061,0.026,0.000,0.000,0.007,0.755,0.755
TCGA-44-3918-01B,0.054,0.066,0.063,0.003,0.098,0.205,0.213,0.026,0.002,0.065,0.205,0.205
TCGA-64-1681-01A,0.023,0.035,0.000,0.010,0.066,0.125,0.199,0.002,0.001,0.000,0.539,0.539
TCGA-05-4410-01A,0.108,0.024,0.049,0.003,0.031,0.069,0.197,0.001,0.003,0.000,0.515,0.515
TCGA-55-8620-01A,0.038,0.033,0.026,0.047,0.041,0.048,0.108,0.000,0.017,0.004,0.638,0.638
TCGA-64-5774-01A,0.019,0.028,0.006,0.005,0.056,0.099,0.018,0.002,0.006,0.004,0.758,0.758
TCGA-44-6148-01A,0.053,0.010,0.014,0.014,0.089,0.183,0.158,0.040,0.003,0.001,0.435,0.435
TCGA-MN-A4N1-01A,0.000,0.009,0.000,0.004,0.016,0.073,0.047,0.000,0.000,0.000,0.852,0.852
TCGA-05-5429-01A,0.005,0.007,0.000,0.001,0.013,0.077,0.045,0.003,0.000,0.000,0.848,0.848
TCGA-91-6847-01A,0.000,0.000,0.000,0.000,0.025,0.012,0.000,0.000,0.000,0.000,0.962,0.962
TCGA-55-8511-01A,0.071,0.047,0.023,0.009,0.035,0.149,0.173,0.000,0.005,0.001,0.486,0.486
TCGA-50-5944-01A,0.000,0.000,0.000,0.000,0.055,0.211,0.186,0.013,0.000,0.000,0.534,0.534
TCGA-55-1592-01A,0.013,0.012,0.001,0.000,0.043,0.072,0.243,0.006,0.010,0.000,0.600,0.600
TCGA-50-8457-01A,0.152,0.067,0.027,0.012,0.089,0.152,0.167,0.012,0.012,0.000,0.309,0.309
TCGA-78-7159-01A,0.045,0.027,0.009,0.006,0.080,0.118,0.046,0.001,0.003,0.012,0.654,0.654
TCGA-67-6215-01A,0.000,0.007,0.000,0.000,0.031,0.010,0.203,0.001,0.000,0.000,0.748,0.748
TCGA-MP-A4T9-01A,0.009,0.036,0.005,0.012,0.089,0.135,0.201,0.008,0.017,0.004,0.483,0.483
TCGA-97-7938-01A,0.023,0.026,0.011,0.002,0.080,0.140,0.122,0.014,0.000,0.001,0.580,0.580
TCGA-05-5425-01A,0.028,0.030,0.041,0.009,0.038,0.055,0.236,0.002,0.003,0.000,0.558,0.558
TCGA-55-7913-01B,0.000,0.015,0.000,0.000,0.026,0.017,0.053,0.000,0.000,0.006,0.881,0.881
TCGA-05-4417-01A,0.041,0.062,0.017,0.021,0.091,0.246,0.183,0.006,0.005,0.002,0.326,0.326
TCGA-75-6203-01A,0.014,0.030,0.009,0.000,0.150,0.064,0.461,0.007,0.024,0.000,0.241,0.241
TCGA-05-4434-01A,0.027,0.039,0.014,0.016,0.043,0.084,0.232,0.002,0.014,0.001,0.528,0.528
TCGA-55-8096-01A,0.049,0.015,0.003,0.000,0.042,0.175,0.271,0.001,0.013,0.000,0.432,0.432
TCGA-49-6767-01A,0.000,0.026,0.042,0.000,0.009,0.045,0.161,0.000,0.000,0.000,0.717,0.717
TCGA-MP-A4T6-01A,0.048,0.063,0.010,0.015,0.022,0.022,0.105,0.001,0.027,0.013,0.674,0.674
TCGA-MP-A4TE-01A,0.007,0.008,0.000,0.008,0.025,0.044,0.003,0.000,0.001,0.011,0.892,0.892
TCGA-75-5146-01A,0.083,0.059,0.005,0.000,0.061,0.081,0.137,0.001,0.000,0.000,0.573,0.573
TCGA-78-7167-01A,0.001,0.018,0.000,0.000,0.043,0.073,0.019,0.002,0.003,0.000,0.841,0.841
TCGA-J2-8194-01A,0.000,0.021,0.000,0.001,0.093,0.138,0.152,0.002,0.000,0.013,0.581,0.581
TCGA-97-A4M0-01A,0.024,0.077,0.022,0.011,0.027,0.038,0.228,0.003,0.019,0.002,0.550,0.550
TCGA-38-4632-01A,0.014,0.040,0.010,0.000,0.025,0.058,0.248,0.006,0.000,0.000,0.600,0.600
TCGA-44-7661-01A,0.001,0.045,0.006,0.019,0.102,0.129,0.245,0.003,0.001,0.000,0.448,0.448
TCGA-55-8205-01A,0.034,0.017,0.058,0.001,0.042,0.066,0.381,0.000,0.001,0.000,0.398,0.398
TCGA-55-A48Z-01A,0.029,0.034,0.014,0.001,0.028,0.176,0.174,0.002,0.012,0.000,0.529,0.529
TCGA-44-5645-01B,0.065,0.072,0.011,0.002,0.090,0.153,0.193,0.046,0.000,0.066,0.302,0.302
TCGA-05-5428-01A,0.001,0.011,0.000,0.000,0.012,0.047,0.208,0.004,0.000,0.000,0.717,0.717
TCGA-69-8255-01A,0.049,0.028,0.074,0.006,0.015,0.012,0.149,0.000,0.013,0.006,0.649,0.649
TCGA-75-5125-01A,0.017,0.051,0.026,0.003,0.023,0.087,0.273,0.003,0.005,0.001,0.511,0.511
TCGA-55-8097-01A,0.031,0.059,0.001,0.011,0.068,0.130,0.115,0.010,0.004,0.001,0.570,0.570
TCGA-78-7152-01A,0.066,0.046,0.014,0.007,0.057,0.059,0.103,0.000,0.001,0.000,0.648,0.648
TCGA-MP-A4TF-01A,0.024,0.001,0.014,0.001,0.023,0.045,0.043,0.001,0.006,0.011,0.833,0.833
TCGA-67-4679-01B,0.002,0.040,0.003,0.007,0.097,0.109,0.216,0.042,0.004,0.005,0.474,0.474
TCGA-91-6836-01A,0.013,0.026,0.010,0.007,0.028,0.035,0.071,0.003,0.005,0.002,0.799,0.799
TCGA-78-8648-01A,0.066,0.023,0.046,0.012,0.107,0.302,0.365,0.006,0.022,0.000,0.051,0.051
TCGA-44-A47A-01A,0.012,0.078,0.000,0.007,0.030,0.053,0.236,0.001,0.003,0.000,0.580,0.580
TCGA-55-A57B-01A,0.000,0.037,0.000,0.013,0.117,0.131,0.182,0.009,0.012,0.008,0.490,0.490
TCGA-55-8207-01A,0.001,0.033,0.001,0.000,0.059,0.239,0.253,0.018,0.005,0.000,0.391,0.391
TCGA-55-7576-01A,0.016,0.032,0.012,0.007,0.042,0.081,0.175,0.002,0.003,0.000,0.629,0.629
TCGA-NJ-A55O-01A,0.012,0.031,0.000,0.008,0.074,0.050,0.190,0.003,0.006,0.000,0.626,0.626
TCGA-55-A494-01A,0.000,0.001,0.000,0.002,0.049,0.044,0.000,0.000,0.000,0.005,0.900,0.900
TCGA-95-7043-01A,0.001,0.000,0.002,0.006,0.058,0.056,0.034,0.000,0.000,0.000,0.843,0.843
TCGA-L9-A443-01A,0.011,0.027,0.006,0.002,0.057,0.175,0.080,0.002,0.009,0.001,0.631,0.631
TCGA-69-7974-01A,0.016,0.015,0.016,0.004,0.060,0.062,0.309,0.007,0.007,0.000,0.505,0.505
TCGA-NJ-A4YG-01A,0.017,0.045,0.000,0.000,0.032,0.095,0.194,0.001,0.000,0.000,0.617,0.617
TCGA-69-7760-01A,0.000,0.002,0.000,0.000,0.012,0.080,0.036,0.000,0.000,0.000,0.870,0.870
TCGA-49-4486-01A,0.006,0.011,0.000,0.000,0.023,0.000,0.021,0.000,0.000,0.000,0.940,0.940
TCGA-93-A4JN-01A,0.086,0.043,0.001,0.025,0.082,0.203,0.075,0.012,0.009,0.011,0.454,0.454
TCGA-86-A4D0-01A,0.006,0.020,0.003,0.009,0.021,0.048,0.060,0.000,0.008,0.004,0.822,0.822
TCGA-L9-A444-01A,0.094,0.058,0.104,0.010,0.062,0.100,0.229,0.001,0.032,0.000,0.310,0.310
TCGA-MP-A4T7-01A,0.006,0.026,0.001,0.003,0.061,0.035,0.142,0.002,0.006,0.007,0.712,0.712
TCGA-91-A4BD-01A,0.017,0.040,0.000,0.001,0.024,0.002,0.295,0.005,0.007,0.000,0.609,0.609
TCGA-05-4250-01A,0.003,0.012,0.036,0.000,0.031,0.094,0.170,0.000,0.000,0.000,0.652,0.652
TCGA-55-7994-01A,0.042,0.028,0.073,0.000,0.026,0.020,0.251,0.000,0.001,0.005,0.555,0.555
TCGA-99-8028-01A,0.078,0.077,0.050,0.003,0.059,0.176,0.327,0.001,0.007,0.000,0.222,0.222
TCGA-97-8171-01A,0.011,0.000,0.000,0.000,0.019,0.001,0.063,0.000,0.000,0.000,0.905,0.905
TCGA-67-6216-01A,0.042,0.040,0.012,0.000,0.028,0.027,0.247,0.006,0.001,0.000,0.599,0.599
TCGA-91-6848-01A,0.019,0.026,0.031,0.013,0.100,0.210,0.223,0.001,0.013,0.005,0.361,0.361
TCGA-44-2665-01A,0.000,0.037,0.000,0.000,0.035,0.336,0.246,0.004,0.000,0.000,0.343,0.343
TCGA-86-7701-01A,0.115,0.080,0.033,0.011,0.069,0.141,0.117,0.003,0.016,0.005,0.410,0.410
TCGA-78-7156-01A,0.000,0.015,0.000,0.000,0.083,0.039,0.009,0.002,0.004,0.001,0.847,0.847
TCGA-05-5420-01A,0.092,0.047,0.032,0.004,0.025,0.052,0.415,0.000,0.003,0.000,0.329,0.329
TCGA-55-6642-01A,0.097,0.028,0.039,0.002,0.057,0.287,0.099,0.003,0.004,0.006,0.380,0.380
TCGA-78-7149-01A,0.017,0.009,0.000,0.004,0.122,0.082,0.013,0.001,0.005,0.000,0.748,0.748
TCGA-05-4418-01A,0.050,0.043,0.017,0.003,0.017,0.048,0.152,0.001,0.000,0.000,0.669,0.669
TCGA-05-4422-01A,0.078,0.051,0.041,0.015,0.024,0.012,0.178,0.000,0.010,0.000,0.591,0.591
TCGA-78-7146-01A,0.000,0.006,0.008,0.000,0.018,0.038,0.114,0.000,0.000,0.000,0.816,0.816
TCGA-86-A4P8-01A,0.012,0.076,0.029,0.014,0.191,0.121,0.375,0.017,0.046,0.006,0.111,0.111
TCGA-67-6217-01A,0.082,0.068,0.023,0.000,0.061,0.106,0.175,0.003,0.010,0.000,0.472,0.472
TCGA-78-8640-01A,0.023,0.013,0.011,0.001,0.025,0.027,0.133,0.000,0.009,0.000,0.759,0.759
TCGA-44-7670-01A,0.010,0.005,0.008,0.010,0.049,0.039,0.053,0.002,0.003,0.002,0.819,0.819
TCGA-49-AARO-01A,0.050,0.042,0.015,0.014,0.052,0.144,0.239,0.002,0.015,0.001,0.427,0.427
TCGA-75-7030-01A,0.046,0.046,0.009,0.016,0.086,0.308,0.097,0.019,0.007,0.000,0.365,0.365
TCGA-50-5941-01A,0.065,0.054,0.041,0.011,0.042,0.073,0.309,0.005,0.009,0.000,0.391,0.391
TCGA-49-AARR-01A,0.066,0.030,0.019,0.021,0.174,0.210,0.170,0.026,0.016,0.006,0.262,0.262
TCGA-J2-8192-01A,0.013,0.043,0.004,0.001,0.040,0.267,0.311,0.012,0.001,0.001,0.309,0.309
TCGA-64-5779-01A,0.118,0.068,0.016,0.011,0.076,0.242,0.034,0.001,0.010,0.009,0.415,0.415
TCGA-62-A46O-01A,0.009,0.000,0.000,0.000,0.017,0.025,0.004,0.000,0.000,0.004,0.942,0.942
TCGA-50-8459-01A,0.045,0.033,0.003,0.005,0.042,0.362,0.309,0.005,0.007,0.000,0.189,0.189
TCGA-86-A4JF-01A,0.014,0.018,0.018,0.007,0.074,0.045,0.215,0.002,0.005,0.000,0.602,0.602
TCGA-05-4249-01A,0.026,0.036,0.000,0.021,0.056,0.069,0.216,0.015,0.003,0.002,0.556,0.556
TCGA-J2-A4AG-01A,0.075,0.080,0.009,0.013,0.079,0.144,0.163,0.007,0.005,0.004,0.420,0.420
TCGA-44-7671-01A,0.000,0.001,0.000,0.002,0.071,0.122,0.055,0.009,0.000,0.000,0.741,0.741
TCGA-44-6774-01A,0.008,0.030,0.000,0.009,0.084,0.426,0.160,0.004,0.005,0.001,0.272,0.272
TCGA-50-5066-01A,0.080,0.029,0.042,0.000,0.027,0.125,0.262,0.001,0.000,0.000,0.433,0.433
TCGA-50-6594-01A,0.000,0.011,0.000,0.000,0.016,0.070,0.120,0.000,0.013,0.000,0.770,0.770
TCGA-44-8119-01A,0.018,0.030,0.010,0.006,0.066,0.247,0.147,0.005,0.004,0.004,0.464,0.464
TCGA-49-AAR2-01A,0.071,0.043,0.009,0.018,0.032,0.031,0.080,0.000,0.015,0.010,0.691,0.691
TCGA-44-2666-01B,0.058,0.022,0.019,0.017,0.111,0.202,0.037,0.072,0.002,0.044,0.416,0.416
TCGA-44-6779-01A,0.002,0.001,0.075,0.000,0.053,0.069,0.232,0.003,0.009,0.000,0.555,0.555
TCGA-86-8669-01A,0.044,0.058,0.000,0.008,0.044,0.068,0.156,0.002,0.011,0.002,0.607,0.607
TCGA-05-5715-01A,0.001,0.002,0.000,0.005,0.044,0.090,0.241,0.006,0.001,0.000,0.611,0.611
TCGA-69-A59K-01A,0.055,0.036,0.017,0.003,0.047,0.080,0.168,0.002,0.013,0.009,0.572,0.572
TCGA-55-A491-01A,0.043,0.012,0.007,0.013,0.032,0.078,0.195,0.001,0.010,0.000,0.609,0.609
TCGA-71-8520-01A,0.000,0.014,0.000,0.008,0.054,0.176,0.101,0.002,0.008,0.001,0.636,0.636
TCGA-91-8496-01A,0.000,0.025,0.000,0.000,0.048,0.044,0.390,0.007,0.015,0.000,0.470,0.470
TCGA-69-8254-01A,0.053,0.042,0.012,0.024,0.060,0.054,0.146,0.011,0.019,0.000,0.579,0.579
TCGA-95-A4VP-01A,0.058,0.035,0.012,0.019,0.171,0.147,0.083,0.000,0.016,0.008,0.451,0.451
TCGA-95-8039-01A,0.013,0.081,0.000,0.015,0.055,0.071,0.211,0.007,0.007,0.000,0.542,0.542
TCGA-86-8076-01A,0.100,0.067,0.048,0.019,0.058,0.075,0.183,0.006,0.001,0.002,0.442,0.442
TCGA-44-2659-01A,0.071,0.059,0.036,0.001,0.066,0.148,0.166,0.003,0.013,0.000,0.437,0.437
TCGA-55-8203-01A,0.095,0.047,0.016,0.012,0.049,0.096,0.092,0.001,0.001,0.004,0.587,0.587
TCGA-MP-A5C7-01A,0.001,0.014,0.000,0.010,0.046,0.055,0.009,0.000,0.006,0.008,0.851,0.851
TCGA-78-7220-01A,0.000,0.000,0.013,0.000,0.046,0.048,0.051,0.001,0.001,0.004,0.836,0.836
TCGA-44-3917-01B,0.077,0.043,0.039,0.021,0.068,0.120,0.147,0.002,0.000,0.058,0.426,0.426
TCGA-78-7153-01A,0.026,0.013,0.007,0.007,0.026,0.047,0.044,0.000,0.000,0.000,0.829,0.829
TCGA-55-7910-01A,0.032,0.031,0.000,0.007,0.048,0.092,0.038,0.005,0.001,0.019,0.726,0.726
TCGA-64-5778-01A,0.081,0.058,0.064,0.001,0.014,0.017,0.163,0.000,0.000,0.000,0.600,0.600
TCGA-55-7815-01A,0.030,0.084,0.010,0.000,0.038,0.154,0.253,0.002,0.000,0.000,0.428,0.428
TCGA-55-6985-01A,0.027,0.037,0.028,0.028,0.055,0.157,0.163,0.012,0.013,0.002,0.478,0.478
TCGA-69-7761-01A,0.076,0.049,0.058,0.007,0.024,0.098,0.194,0.006,0.002,0.012,0.474,0.474
TCGA-MN-A4N4-01A,0.026,0.007,0.009,0.001,0.051,0.217,0.131,0.001,0.008,0.003,0.547,0.547
TCGA-55-6972-01A,0.000,0.008,0.000,0.000,0.019,0.000,0.000,0.000,0.000,0.000,0.972,0.972
