,Plasma B cells,Non-plasma B cells,CD4 T,CD8 T effector,CD8 T (GZMK high),Double-neg-like T,DC,Endothelial Cells,CAFs,Myofibroblasts,Macrophages,Mast Cells,NK,Neutrophils,Monocytes,1-others,Cancer Cells
TCGA-HQ-A5NE-01A,0.002,0.000,0.019,0.002,0.000,0.000,0.009,0.053,0.090,0.014,0.019,0.001,0.000,0.012,0.001,0.777,0.777
TCGA-FD-A5BT-01A,0.029,0.002,0.021,0.028,0.013,0.000,0.017,0.036,0.431,0.010,0.169,0.000,0.001,0.000,0.000,0.244,0.244
TCGA-DK-A3IQ-01A,0.000,0.000,0.006,0.001,0.000,0.000,0.001,0.046,0.628,0.048,0.036,0.003,0.000,0.005,0.000,0.225,0.225
TCGA-ZF-AA4X-01A,0.004,0.000,0.000,0.021,0.000,0.000,0.007,0.013,0.000,0.001,0.003,0.000,0.000,0.006,0.000,0.944,0.944
TCGA-GD-A3OQ-01A,0.000,0.000,0.015,0.001,0.000,0.000,0.003,0.028,0.027,0.001,0.004,0.000,0.000,0.006,0.002,0.911,0.911
TCGA-ZF-AA51-01A,0.029,0.000,0.033,0.009,0.000,0.000,0.014,0.029,0.079,0.001,0.060,0.000,0.000,0.000,0.008,0.736,0.736
TCGA-FD-A3SS-01A,0.004,0.000,0.000,0.007,0.000,0.000,0.000,0.013,0.044,0.012,0.010,0.000,0.000,0.003,0.000,0.906,0.906
TCGA-DK-AA71-01A,0.000,0.000,0.004,0.007,0.000,0.000,0.000,0.021,0.014,0.000,0.017,0.000,0.000,0.002,0.000,0.935,0.935
TCGA-4Z-AA83-01A,0.000,0.000,0.005,0.013,0.000,0.000,0.005,0.030,0.000,0.030,0.016,0.000,0.000,0.005,0.000,0.895,0.895
TCGA-ZF-A9R4-01A,0.004,0.000,0.000,0.024,0.000,0.000,0.000,0.012,0.000,0.000,0.022,0.000,0.000,0.004,0.000,0.932,0.932
TCGA-BT-A20P-01A,0.003,0.000,0.000,0.005,0.000,0.000,0.000,0.018,0.000,0.009,0.006,0.000,0.000,0.000,0.000,0.958,0.958
TCGA-HQ-A2OE-01A,0.005,0.000,0.004,0.001,0.000,0.000,0.003,0.018,0.000,0.000,0.007,0.000,0.000,0.006,0.001,0.954,0.954
TCGA-R3-A69X-01A,0.013,0.008,0.037,0.004,0.002,0.000,0.026,0.066,0.122,0.056,0.083,0.002,0.000,0.008,0.000,0.572,0.572
TCGA-BT-A3PH-01A,0.012,0.000,0.000,0.007,0.000,0.000,0.000,0.033,0.017,0.005,0.015,0.000,0.000,0.002,0.000,0.908,0.908
TCGA-UY-A9PA-01A,0.001,0.000,0.001,0.022,0.000,0.000,0.015,0.031,0.000,0.000,0.010,0.003,0.000,0.007,0.000,0.910,0.910
TCGA-BL-A13J-01B,0.016,0.011,0.024,0.037,0.002,0.010,0.007,0.058,0.132,0.040,0.037,0.010,0.001,0.027,0.001,0.586,0.586
TCGA-CF-A3MI-01A,0.005,0.000,0.000,0.000,0.000,0.000,0.001,0.041,0.000,0.011,0.001,0.000,0.000,0.000,0.000,0.940,0.940
TCGA-XF-AAMW-01A,0.001,0.000,0.022,0.001,0.000,0.000,0.013,0.044,0.078,0.001,0.043,0.000,0.000,0.005,0.000,0.792,0.792
TCGA-H4-A2HQ-01A,0.015,0.000,0.004,0.009,0.000,0.000,0.000,0.025,0.000,0.003,0.013,0.000,0.000,0.005,0.000,0.924,0.924
TCGA-HQ-A5ND-01A,0.000,0.000,0.003,0.007,0.000,0.000,0.000,0.013,0.000,0.004,0.006,0.000,0.000,0.002,0.000,0.964,0.964
TCGA-K4-A6FZ-01A,0.000,0.000,0.016,0.006,0.000,0.000,0.024,0.055,0.001,0.001,0.032,0.001,0.000,0.012,0.011,0.840,0.840
TCGA-DK-A3IV-01A,0.009,0.025,0.066,0.034,0.001,0.001,0.029,0.029,0.001,0.003,0.033,0.000,0.001,0.013,0.000,0.757,0.757
TCGA-E7-A3X6-01A,0.001,0.000,0.017,0.031,0.000,0.000,0.001,0.035,0.026,0.009,0.034,0.000,0.000,0.006,0.000,0.840,0.840
TCGA-BT-A42F-01A,0.048,0.000,0.019,0.009,0.007,0.000,0.026,0.022,0.006,0.005,0.120,0.000,0.000,0.001,0.010,0.726,0.726
TCGA-UY-A8OB-01A,0.000,0.000,0.011,0.029,0.000,0.000,0.001,0.000,0.006,0.000,0.019,0.000,0.000,0.000,0.000,0.933,0.933
TCGA-DK-A1A3-01A,0.015,0.000,0.010,0.006,0.001,0.002,0.011,0.041,0.117,0.004,0.063,0.000,0.000,0.001,0.000,0.729,0.729
TCGA-DK-AA6X-01A,0.001,0.007,0.022,0.001,0.005,0.000,0.026,0.048,0.039,0.010,0.053,0.000,0.000,0.010,0.000,0.780,0.780
TCGA-G2-A3IE-01A,0.008,0.000,0.000,0.002,0.000,0.002,0.000,0.009,0.000,0.001,0.018,0.000,0.000,0.000,0.000,0.960,0.960
TCGA-FD-A5BU-01A,0.004,0.009,0.020,0.003,0.000,0.000,0.020,0.034,0.178,0.026,0.072,0.000,0.001,0.008,0.000,0.624,0.624
TCGA-C4-A0EZ-01A,0.000,0.000,0.014,0.008,0.002,0.000,0.000,0.049,0.001,0.032,0.011,0.000,0.000,0.001,0.000,0.882,0.882
TCGA-FD-A3B3-01A,0.017,0.001,0.031,0.035,0.002,0.000,0.019,0.063,0.212,0.023,0.090,0.000,0.000,0.010,0.017,0.480,0.480
TCGA-FD-A5BZ-01A,0.010,0.004,0.016,0.003,0.000,0.001,0.001,0.049,0.357,0.034,0.045,0.003,0.000,0.003,0.000,0.475,0.475
TCGA-C4-A0F7-01A,0.000,0.000,0.002,0.001,0.000,0.000,0.000,0.064,0.006,0.011,0.007,0.000,0.000,0.003,0.001,0.905,0.905
TCGA-XF-AAMR-01A,0.000,0.000,0.007,0.004,0.000,0.000,0.008,0.076,0.170,0.132,0.057,0.012,0.000,0.012,0.000,0.521,0.521
TCGA-XF-AAN7-01A,0.000,0.000,0.009,0.001,0.000,0.000,0.000,0.125,0.144,0.118,0.029,0.000,0.000,0.001,0.000,0.572,0.572
TCGA-UY-A8OD-01A,0.008,0.002,0.009,0.011,0.000,0.000,0.009,0.038,0.195,0.064,0.056,0.000,0.000,0.001,0.000,0.604,0.604
TCGA-FD-A3SP-01A,0.004,0.000,0.026,0.005,0.012,0.000,0.028,0.046,0.448,0.012,0.152,0.000,0.000,0.008,0.001,0.257,0.257
TCGA-DK-A2HX-01A,0.000,0.000,0.013,0.005,0.000,0.000,0.007,0.046,0.325,0.032,0.046,0.000,0.000,0.004,0.000,0.520,0.520
TCGA-CF-A8HX-01A,0.002,0.000,0.000,0.004,0.000,0.000,0.000,0.005,0.000,0.000,0.000,0.000,0.000,0.002,0.000,0.987,0.987
TCGA-E7-A85H-01A,0.015,0.000,0.014,0.028,0.002,0.000,0.002,0.014,0.034,0.005,0.054,0.000,0.000,0.000,0.000,0.833,0.833
TCGA-ZF-A9RL-01A,0.000,0.000,0.000,0.006,0.000,0.000,0.000,0.017,0.000,0.000,0.002,0.000,0.000,0.004,0.000,0.971,0.971
TCGA-UY-A9PB-01A,0.030,0.000,0.030,0.042,0.000,0.000,0.004,0.025,0.221,0.005,0.142,0.000,0.001,0.006,0.000,0.493,0.493
TCGA-GV-A3JV-01A,0.011,0.002,0.018,0.005,0.000,0.000,0.008,0.031,0.078,0.024,0.027,0.001,0.000,0.002,0.000,0.792,0.792
TCGA-GD-A6C6-01A,0.030,0.000,0.000,0.010,0.000,0.000,0.000,0.011,0.000,0.005,0.034,0.000,0.000,0.000,0.000,0.910,0.910
TCGA-XF-A9SW-01A,0.005,0.010,0.011,0.003,0.000,0.003,0.011,0.115,0.367,0.203,0.058,0.005,0.001,0.006,0.001,0.204,0.204
TCGA-GV-A3QI-01A,0.009,0.000,0.000,0.008,0.000,0.000,0.000,0.043,0.000,0.010,0.013,0.000,0.000,0.006,0.000,0.911,0.911
TCGA-UY-A9PE-01A,0.025,0.000,0.003,0.004,0.000,0.004,0.000,0.016,0.060,0.026,0.014,0.000,0.000,0.000,0.000,0.847,0.847
TCGA-E7-A97P-01A,0.000,0.000,0.013,0.059,0.005,0.000,0.004,0.047,0.118,0.008,0.046,0.000,0.000,0.004,0.002,0.693,0.693
TCGA-G2-AA3D-01A,0.012,0.001,0.000,0.014,0.000,0.000,0.003,0.022,0.000,0.000,0.006,0.000,0.000,0.007,0.000,0.934,0.934
TCGA-BL-A3JM-01A,0.001,0.000,0.002,0.014,0.005,0.000,0.005,0.037,0.042,0.008,0.036,0.000,0.000,0.000,0.000,0.850,0.850
TCGA-GV-A3JZ-01A,0.005,0.000,0.000,0.010,0.000,0.000,0.000,0.021,0.056,0.004,0.049,0.000,0.000,0.001,0.000,0.853,0.853
TCGA-ZF-A9R5-01A,0.016,0.000,0.000,0.001,0.000,0.005,0.000,0.024,0.000,0.001,0.006,0.000,0.000,0.006,0.000,0.940,0.940
TCGA-UY-A9PH-01A,0.044,0.000,0.027,0.038,0.000,0.000,0.032,0.044,0.047,0.005,0.128,0.000,0.000,0.001,0.001,0.634,0.634
TCGA-E7-A7XN-01A,0.000,0.000,0.011,0.088,0.000,0.000,0.009,0.024,0.000,0.000,0.065,0.000,0.000,0.005,0.001,0.797,0.797
TCGA-XF-A9T8-01A,0.000,0.000,0.011,0.023,0.007,0.000,0.000,0.051,0.061,0.016,0.141,0.000,0.000,0.012,0.002,0.674,0.674
TCGA-DK-A3X1-01A,0.003,0.000,0.005,0.000,0.000,0.000,0.000,0.019,0.018,0.021,0.018,0.000,0.000,0.000,0.000,0.917,0.917
TCGA-E5-A4TZ-01A,0.000,0.001,0.002,0.010,0.000,0.000,0.005,0.027,0.000,0.000,0.017,0.000,0.000,0.010,0.000,0.927,0.927
TCGA-XF-AAN3-01A,0.000,0.000,0.011,0.000,0.000,0.000,0.018,0.015,0.134,0.006,0.044,0.000,0.000,0.010,0.000,0.760,0.760
TCGA-E7-A7DV-01A,0.000,0.000,0.028,0.006,0.000,0.000,0.000,0.019,0.059,0.004,0.305,0.000,0.000,0.000,0.000,0.578,0.578
TCGA-BT-A20O-01A,0.025,0.016,0.026,0.119,0.060,0.000,0.001,0.046,0.140,0.017,0.313,0.000,0.000,0.005,0.000,0.231,0.231
TCGA-XF-AAMY-01A,0.003,0.000,0.005,0.009,0.000,0.001,0.008,0.047,0.135,0.032,0.051,0.000,0.000,0.011,0.001,0.695,0.695
TCGA-BT-A20V-01A,0.000,0.000,0.009,0.017,0.000,0.000,0.013,0.025,0.002,0.000,0.017,0.000,0.000,0.006,0.001,0.910,0.910
TCGA-GC-A3BM-01A,0.001,0.000,0.004,0.000,0.000,0.000,0.000,0.037,0.000,0.007,0.008,0.000,0.000,0.003,0.000,0.938,0.938
TCGA-K4-A4AB-01B,0.000,0.000,0.011,0.000,0.000,0.000,0.009,0.030,0.162,0.025,0.028,0.000,0.000,0.005,0.000,0.728,0.728
TCGA-FD-A5C0-01A,0.003,0.000,0.007,0.010,0.000,0.002,0.008,0.025,0.074,0.029,0.031,0.001,0.000,0.008,0.000,0.799,0.799
TCGA-G2-A2EK-01A,0.006,0.017,0.022,0.001,0.000,0.009,0.006,0.029,0.019,0.029,0.009,0.002,0.000,0.009,0.000,0.842,0.842
TCGA-CF-A1HR-01A,0.024,0.000,0.002,0.008,0.000,0.000,0.010,0.045,0.014,0.016,0.016,0.001,0.000,0.004,0.000,0.860,0.860
TCGA-GC-A3RD-01A,0.006,0.000,0.000,0.010,0.000,0.000,0.000,0.019,0.014,0.001,0.035,0.000,0.000,0.005,0.000,0.910,0.910
TCGA-E7-A5KE-01A,0.006,0.000,0.000,0.006,0.000,0.000,0.000,0.017,0.000,0.000,0.002,0.000,0.000,0.005,0.000,0.964,0.964
TCGA-ZF-A9R9-01A,0.022,0.000,0.001,0.000,0.000,0.001,0.002,0.015,0.319,0.023,0.021,0.000,0.000,0.000,0.000,0.597,0.597
TCGA-DK-A1AB-01A,0.007,0.000,0.018,0.001,0.001,0.000,0.011,0.030,0.281,0.018,0.057,0.000,0.000,0.011,0.000,0.564,0.564
TCGA-GU-A42R-01A,0.001,0.000,0.000,0.002,0.000,0.000,0.000,0.057,0.000,0.003,0.001,0.000,0.000,0.008,0.000,0.929,0.929
TCGA-E7-A5KF-01A,0.000,0.000,0.001,0.003,0.000,0.000,0.000,0.011,0.000,0.000,0.002,0.001,0.000,0.007,0.000,0.976,0.976
TCGA-ZF-AA54-01A,0.000,0.000,0.036,0.010,0.000,0.000,0.001,0.092,0.179,0.028,0.241,0.000,0.000,0.002,0.000,0.410,0.410
TCGA-CF-A3MF-01A,0.005,0.000,0.000,0.000,0.000,0.000,0.000,0.013,0.000,0.014,0.000,0.000,0.000,0.000,0.000,0.968,0.968
TCGA-E7-A6ME-01A,0.015,0.003,0.015,0.030,0.016,0.000,0.003,0.028,0.009,0.012,0.027,0.000,0.000,0.005,0.000,0.836,0.836
TCGA-DK-AA6M-01A,0.002,0.000,0.021,0.013,0.000,0.000,0.047,0.030,0.065,0.011,0.091,0.000,0.001,0.005,0.000,0.713,0.713
TCGA-CF-A47W-01A,0.003,0.000,0.000,0.003,0.000,0.000,0.000,0.030,0.000,0.006,0.003,0.000,0.000,0.000,0.000,0.955,0.955
TCGA-XF-A9ST-01A,0.003,0.000,0.000,0.004,0.000,0.000,0.000,0.021,0.011,0.006,0.010,0.000,0.000,0.000,0.000,0.945,0.945
TCGA-FD-A3SN-01A,0.003,0.000,0.000,0.017,0.000,0.000,0.000,0.024,0.109,0.004,0.030,0.000,0.000,0.003,0.000,0.809,0.809
TCGA-FD-A3B6-01A,0.000,0.000,0.021,0.044,0.000,0.000,0.005,0.030,0.044,0.000,0.126,0.000,0.000,0.003,0.001,0.726,0.726
TCGA-ZF-A9R7-01A,0.034,0.009,0.024,0.080,0.002,0.000,0.034,0.031,0.006,0.001,0.040,0.000,0.001,0.008,0.000,0.729,0.729
TCGA-BT-A3PK-01A,0.002,0.000,0.014,0.006,0.000,0.000,0.006,0.081,0.078,0.054,0.052,0.000,0.000,0.014,0.005,0.689,0.689
TCGA-FD-A62P-01A,0.006,0.000,0.016,0.022,0.005,0.000,0.011,0.029,0.111,0.022,0.068,0.000,0.000,0.004,0.008,0.695,0.695
TCGA-LC-A66R-01A,0.030,0.001,0.030,0.024,0.002,0.000,0.017,0.057,0.054,0.021,0.037,0.000,0.000,0.011,0.003,0.712,0.712
TCGA-DK-AA76-01A,0.001,0.000,0.000,0.000,0.000,0.000,0.000,0.024,0.000,0.003,0.006,0.000,0.000,0.003,0.000,0.963,0.963
TCGA-DK-AA6T-01A,0.001,0.683,0.012,0.016,0.020,0.000,0.015,0.017,0.019,0.008,0.059,0.000,0.000,0.002,0.000,0.150,0.150
TCGA-XF-AAMH-01A,0.023,0.000,0.004,0.003,0.000,0.003,0.001,0.019,0.049,0.011,0.016,0.000,0.000,0.000,0.000,0.869,0.869
TCGA-FD-A43U-01A,0.055,0.000,0.019,0.009,0.000,0.004,0.021,0.049,0.185,0.020,0.211,0.000,0.000,0.001,0.001,0.425,0.425
TCGA-GC-A6I3-01A,0.046,0.001,0.035,0.017,0.006,0.000,0.021,0.012,0.049,0.007,0.076,0.000,0.000,0.000,0.000,0.728,0.728
TCGA-GC-A6I1-01A,0.090,0.000,0.027,0.016,0.016,0.000,0.002,0.018,0.023,0.000,0.167,0.000,0.000,0.003,0.001,0.636,0.636
TCGA-FD-A3B8-01A,0.005,0.027,0.036,0.031,0.018,0.000,0.046,0.097,0.277,0.095,0.124,0.000,0.001,0.017,0.018,0.208,0.208
TCGA-XF-A8HD-01A,0.028,0.000,0.001,0.074,0.000,0.000,0.001,0.021,0.061,0.011,0.043,0.000,0.000,0.002,0.000,0.757,0.757
TCGA-ZF-A9R2-01A,0.001,0.000,0.000,0.000,0.000,0.000,0.000,0.009,0.000,0.000,0.000,0.000,0.000,0.003,0.000,0.987,0.987
TCGA-FD-A62S-01A,0.012,0.000,0.028,0.001,0.004,0.000,0.052,0.048,0.342,0.018,0.089,0.000,0.000,0.007,0.000,0.397,0.397
TCGA-BT-A0S7-01A,0.001,0.000,0.000,0.000,0.005,0.001,0.005,0.066,0.042,0.012,0.017,0.000,0.000,0.000,0.000,0.851,0.851
TCGA-CF-A8HY-01A,0.005,0.000,0.000,0.002,0.000,0.000,0.000,0.023,0.000,0.004,0.000,0.000,0.000,0.000,0.000,0.966,0.966
TCGA-FD-A3B4-01A,0.004,0.033,0.017,0.020,0.003,0.000,0.008,0.048,0.170,0.040,0.032,0.000,0.001,0.008,0.001,0.614,0.614
TCGA-ZF-A9RF-01A,0.001,0.000,0.018,0.075,0.006,0.000,0.000,0.014,0.010,0.001,0.143,0.000,0.000,0.000,0.000,0.730,0.730
TCGA-FD-A3SQ-01A,0.028,0.010,0.025,0.001,0.000,0.000,0.011,0.055,0.305,0.035,0.060,0.005,0.001,0.007,0.000,0.456,0.456
TCGA-4Z-AA7Q-01A,0.043,0.000,0.022,0.051,0.006,0.000,0.006,0.030,0.018,0.008,0.077,0.000,0.000,0.008,0.001,0.729,0.729
TCGA-DK-AA6S-01A,0.000,0.000,0.028,0.000,0.004,0.000,0.013,0.033,0.318,0.001,0.051,0.000,0.000,0.002,0.000,0.549,0.549
TCGA-LT-A8JT-01A,0.006,0.000,0.001,0.004,0.000,0.000,0.001,0.016,0.000,0.003,0.010,0.000,0.000,0.002,0.000,0.956,0.956
TCGA-BT-A2LD-01A,0.018,0.000,0.008,0.004,0.007,0.000,0.003,0.023,0.040,0.026,0.018,0.000,0.000,0.003,0.000,0.851,0.851
TCGA-DK-A6B2-01A,0.017,0.000,0.022,0.014,0.000,0.000,0.031,0.051,0.157,0.023,0.099,0.000,0.001,0.007,0.000,0.577,0.577
TCGA-DK-A3IM-01A,0.000,0.000,0.004,0.000,0.000,0.000,0.004,0.013,0.004,0.000,0.007,0.000,0.000,0.002,0.000,0.966,0.966
TCGA-GU-A766-01A,0.009,0.000,0.037,0.035,0.007,0.000,0.027,0.085,0.043,0.043,0.055,0.000,0.003,0.013,0.079,0.563,0.563
TCGA-LT-A5Z6-01A,0.027,0.000,0.007,0.038,0.000,0.000,0.000,0.019,0.000,0.004,0.039,0.000,0.000,0.007,0.000,0.858,0.858
TCGA-BL-A0C8-01B,0.007,0.000,0.029,0.038,0.000,0.002,0.000,0.096,0.005,0.081,0.038,0.000,0.000,0.031,0.000,0.672,0.672
TCGA-FT-A3EE-01A,0.006,0.000,0.001,0.001,0.000,0.000,0.009,0.028,0.005,0.001,0.006,0.000,0.000,0.002,0.000,0.941,0.941
TCGA-G2-AA3C-01A,0.000,0.000,0.005,0.007,0.000,0.000,0.000,0.056,0.019,0.013,0.273,0.000,0.000,0.000,0.010,0.616,0.616
TCGA-KQ-A41S-01A,0.000,0.000,0.000,0.003,0.000,0.000,0.000,0.062,0.172,0.018,0.051,0.000,0.000,0.001,0.000,0.693,0.693
TCGA-DK-A3IU-01A,0.007,0.080,0.033,0.052,0.032,0.000,0.042,0.041,0.197,0.034,0.131,0.000,0.001,0.009,0.002,0.338,0.338
TCGA-BT-A0YX-01A,0.001,0.000,0.004,0.011,0.001,0.000,0.000,0.023,0.013,0.001,0.042,0.000,0.000,0.007,0.006,0.890,0.890
TCGA-2F-A9KO-01A,0.027,0.004,0.030,0.036,0.004,0.000,0.006,0.023,0.083,0.008,0.065,0.000,0.000,0.003,0.000,0.712,0.712
TCGA-DK-AA6L-01A,0.009,0.000,0.021,0.014,0.000,0.000,0.018,0.014,0.031,0.009,0.060,0.000,0.000,0.007,0.000,0.817,0.817
TCGA-XF-A9SP-01A,0.020,0.000,0.007,0.007,0.000,0.000,0.009,0.061,0.294,0.059,0.060,0.001,0.000,0.001,0.000,0.480,0.480
TCGA-E7-A4XJ-01A,0.003,0.000,0.000,0.000,0.000,0.000,0.004,0.018,0.000,0.009,0.000,0.002,0.000,0.000,0.000,0.964,0.964
TCGA-XF-A8HB-01A,0.001,0.000,0.000,0.005,0.000,0.000,0.000,0.024,0.000,0.000,0.018,0.000,0.000,0.000,0.000,0.951,0.951
TCGA-SY-A9G5-01A,0.008,0.000,0.032,0.046,0.002,0.000,0.023,0.041,0.231,0.012,0.062,0.000,0.001,0.006,0.001,0.535,0.535
TCGA-XF-AAMX-01A,0.014,0.000,0.001,0.017,0.000,0.000,0.000,0.021,0.043,0.012,0.041,0.000,0.000,0.002,0.000,0.848,0.848
TCGA-ZF-AA58-01A,0.004,0.000,0.018,0.059,0.000,0.000,0.002,0.047,0.165,0.030,0.221,0.000,0.001,0.006,0.003,0.445,0.445
TCGA-XF-AAMG-01A,0.003,0.001,0.019,0.012,0.001,0.000,0.000,0.046,0.052,0.030,0.046,0.000,0.000,0.005,0.000,0.785,0.785
TCGA-DK-AA74-01A,0.009,0.000,0.028,0.014,0.010,0.000,0.038,0.054,0.337,0.014,0.154,0.000,0.004,0.003,0.001,0.333,0.333
TCGA-ZF-AA4T-01A,0.002,0.000,0.002,0.017,0.000,0.000,0.001,0.019,0.000,0.000,0.004,0.000,0.000,0.004,0.000,0.952,0.952
TCGA-FD-A5BV-01A,0.000,0.000,0.001,0.002,0.000,0.000,0.000,0.024,0.022,0.006,0.006,0.000,0.000,0.000,0.000,0.939,0.939
TCGA-YF-AA3L-01A,0.001,0.000,0.006,0.000,0.000,0.000,0.000,0.027,0.000,0.008,0.010,0.000,0.000,0.001,0.000,0.947,0.947
TCGA-FJ-A871-01A,0.002,0.000,0.000,0.013,0.000,0.000,0.005,0.013,0.208,0.005,0.007,0.000,0.000,0.000,0.000,0.746,0.746
TCGA-FD-A6TF-01A,0.000,0.005,0.009,0.007,0.000,0.000,0.001,0.068,0.199,0.053,0.048,0.000,0.000,0.001,0.000,0.609,0.609
TCGA-ZF-A9RN-01A,0.000,0.000,0.030,0.024,0.008,0.000,0.017,0.018,0.000,0.001,0.039,0.000,0.000,0.000,0.000,0.863,0.863
TCGA-GV-A3QF-01A,0.022,0.000,0.000,0.005,0.000,0.000,0.000,0.018,0.000,0.012,0.001,0.000,0.000,0.005,0.000,0.936,0.936
TCGA-FD-A3N5-01A,0.000,0.000,0.022,0.010,0.000,0.000,0.010,0.031,0.024,0.017,0.020,0.000,0.000,0.006,0.008,0.852,0.852
TCGA-XF-A8HG-01A,0.007,0.000,0.000,0.004,0.000,0.000,0.000,0.000,0.000,0.000,0.013,0.000,0.000,0.000,0.000,0.976,0.976
TCGA-XF-A9SM-01A,0.001,0.000,0.042,0.046,0.013,0.000,0.014,0.034,0.125,0.007,0.203,0.000,0.000,0.005,0.001,0.508,0.508
TCGA-XF-AAME-01A,0.025,0.030,0.038,0.001,0.014,0.001,0.048,0.124,0.299,0.069,0.092,0.002,0.001,0.011,0.007,0.238,0.238
TCGA-GC-A3YS-01A,0.000,0.000,0.013,0.003,0.000,0.000,0.000,0.027,0.216,0.000,0.073,0.000,0.000,0.004,0.000,0.663,0.663
TCGA-HQ-A2OF-01A,0.000,0.000,0.000,0.007,0.000,0.000,0.002,0.030,0.000,0.011,0.014,0.000,0.000,0.004,0.000,0.931,0.931
TCGA-FD-A5BX-01A,0.003,0.000,0.000,0.007,0.004,0.000,0.001,0.103,0.360,0.035,0.221,0.000,0.000,0.000,0.000,0.265,0.265
TCGA-CU-A3KJ-01A,0.000,0.000,0.003,0.005,0.000,0.000,0.001,0.014,0.007,0.000,0.026,0.000,0.000,0.005,0.003,0.935,0.935
TCGA-G2-A2ES-01A,0.000,0.000,0.012,0.011,0.000,0.000,0.000,0.042,0.052,0.000,0.022,0.000,0.000,0.001,0.022,0.838,0.838
TCGA-FD-A6TI-01A,0.008,0.000,0.000,0.005,0.000,0.000,0.000,0.028,0.027,0.017,0.019,0.000,0.000,0.001,0.000,0.893,0.893
TCGA-XF-A9SL-01A,0.009,0.042,0.025,0.001,0.001,0.018,0.056,0.095,0.275,0.110,0.042,0.011,0.001,0.006,0.001,0.309,0.309
TCGA-E5-A2PC-01A,0.000,0.000,0.000,0.016,0.000,0.000,0.000,0.009,0.000,0.000,0.010,0.000,0.000,0.002,0.000,0.963,0.963
TCGA-FD-A3B7-01A,0.027,0.000,0.031,0.021,0.027,0.000,0.008,0.098,0.235,0.014,0.111,0.000,0.000,0.007,0.029,0.393,0.393
TCGA-BT-A3PJ-01A,0.000,0.000,0.027,0.011,0.000,0.000,0.000,0.043,0.041,0.000,0.057,0.000,0.000,0.004,0.001,0.816,0.816
TCGA-ZF-A9R1-01A,0.001,0.012,0.013,0.005,0.000,0.000,0.004,0.015,0.035,0.030,0.008,0.000,0.000,0.006,0.000,0.870,0.870
TCGA-ZF-AA5H-01A,0.009,0.000,0.023,0.036,0.000,0.000,0.001,0.016,0.098,0.002,0.081,0.000,0.000,0.003,0.000,0.730,0.730
TCGA-BT-A2LA-01A,0.000,0.005,0.004,0.000,0.015,0.000,0.000,0.057,0.039,0.024,0.018,0.000,0.000,0.003,0.000,0.833,0.833
TCGA-XF-A9T4-01A,0.000,0.000,0.009,0.002,0.000,0.000,0.012,0.043,0.069,0.001,0.013,0.000,0.000,0.006,0.000,0.844,0.844
TCGA-GV-A3JW-01A,0.011,0.000,0.000,0.008,0.000,0.000,0.000,0.027,0.000,0.008,0.008,0.000,0.000,0.007,0.000,0.930,0.930
TCGA-ZF-A9RM-01A,0.005,0.000,0.000,0.020,0.000,0.000,0.000,0.017,0.000,0.000,0.003,0.000,0.000,0.010,0.000,0.944,0.944
TCGA-KQ-A41P-01A,0.007,0.000,0.001,0.002,0.001,0.000,0.000,0.027,0.062,0.016,0.056,0.000,0.000,0.000,0.000,0.828,0.828
TCGA-DK-A3IK-01A,0.018,0.001,0.004,0.002,0.000,0.001,0.001,0.024,0.069,0.024,0.009,0.001,0.000,0.001,0.000,0.846,0.846
TCGA-CU-A0YN-01A,0.008,0.000,0.030,0.008,0.003,0.001,0.020,0.028,0.104,0.001,0.024,0.000,0.000,0.014,0.017,0.740,0.740
TCGA-4Z-AA7W-01A,0.055,0.000,0.019,0.099,0.014,0.000,0.031,0.008,0.037,0.000,0.085,0.000,0.002,0.001,0.000,0.648,0.648
TCGA-CF-A9FL-01A,0.008,0.000,0.000,0.001,0.000,0.000,0.000,0.025,0.064,0.012,0.017,0.000,0.000,0.000,0.000,0.874,0.874
TCGA-E7-A7PW-01A,0.004,0.000,0.000,0.012,0.000,0.000,0.000,0.012,0.000,0.003,0.015,0.000,0.000,0.003,0.000,0.949,0.949
TCGA-FD-A6TA-01A,0.056,0.003,0.036,0.005,0.000,0.000,0.011,0.030,0.184,0.011,0.072,0.000,0.000,0.004,0.000,0.587,0.587
TCGA-FD-A43S-01A,0.037,0.068,0.040,0.001,0.010,0.008,0.035,0.097,0.190,0.067,0.063,0.006,0.001,0.004,0.001,0.372,0.372
TCGA-K4-A4AC-01A,0.000,0.000,0.010,0.001,0.000,0.000,0.001,0.015,0.012,0.003,0.065,0.000,0.000,0.004,0.000,0.888,0.888
TCGA-2F-A9KW-01A,0.000,0.000,0.002,0.002,0.000,0.000,0.000,0.127,0.017,0.059,0.080,0.000,0.000,0.005,0.000,0.707,0.707
TCGA-4Z-AA81-01A,0.003,0.000,0.009,0.045,0.000,0.000,0.003,0.004,0.006,0.000,0.013,0.000,0.000,0.001,0.000,0.915,0.915
TCGA-E7-A97Q-01A,0.023,0.000,0.000,0.013,0.000,0.000,0.000,0.029,0.111,0.022,0.037,0.000,0.000,0.003,0.000,0.760,0.760
TCGA-ZF-AA53-01A,0.008,0.000,0.030,0.005,0.000,0.000,0.014,0.017,0.185,0.008,0.177,0.000,0.000,0.005,0.000,0.549,0.549
TCGA-CU-A0YR-01A,0.017,0.000,0.009,0.011,0.000,0.000,0.001,0.040,0.030,0.007,0.153,0.000,0.000,0.000,0.000,0.733,0.733
TCGA-4Z-AA7Y-01A,0.000,0.000,0.000,0.002,0.000,0.000,0.003,0.035,0.000,0.010,0.002,0.001,0.000,0.003,0.000,0.943,0.943
TCGA-XF-AAMJ-01A,0.018,0.000,0.012,0.004,0.000,0.000,0.000,0.049,0.479,0.018,0.047,0.000,0.000,0.002,0.000,0.369,0.369
TCGA-G2-AA3B-01A,0.021,0.000,0.008,0.022,0.000,0.000,0.000,0.001,0.000,0.000,0.007,0.000,0.000,0.000,0.000,0.941,0.941
TCGA-MV-A51V-01A,0.000,0.000,0.000,0.007,0.000,0.000,0.000,0.056,0.000,0.017,0.008,0.000,0.000,0.001,0.000,0.910,0.910
TCGA-E7-A6MD-01A,0.023,0.016,0.025,0.003,0.002,0.005,0.012,0.052,0.119,0.024,0.025,0.001,0.000,0.003,0.000,0.690,0.690
TCGA-K4-A3WU-01B,0.013,0.060,0.026,0.002,0.010,0.017,0.032,0.066,0.155,0.063,0.036,0.007,0.001,0.007,0.001,0.505,0.505
TCGA-FD-A3SL-01A,0.002,0.000,0.010,0.007,0.000,0.000,0.009,0.081,0.299,0.075,0.079,0.000,0.000,0.001,0.000,0.435,0.435
TCGA-BT-A42E-01A,0.000,0.000,0.018,0.012,0.000,0.000,0.019,0.018,0.013,0.002,0.078,0.000,0.000,0.004,0.001,0.834,0.834
TCGA-ZF-A9R0-01A,0.010,0.000,0.000,0.009,0.000,0.000,0.005,0.001,0.032,0.033,0.016,0.000,0.000,0.001,0.000,0.892,0.892
TCGA-DK-AA6R-01A,0.000,0.000,0.011,0.022,0.000,0.000,0.008,0.030,0.029,0.015,0.008,0.000,0.000,0.004,0.009,0.864,0.864
TCGA-CF-A9FH-01A,0.003,0.000,0.000,0.006,0.000,0.000,0.000,0.026,0.000,0.006,0.001,0.000,0.000,0.003,0.000,0.955,0.955
TCGA-KQ-A41N-01A,0.003,0.000,0.000,0.004,0.000,0.001,0.001,0.018,0.005,0.009,0.005,0.000,0.000,0.000,0.000,0.954,0.954
TCGA-5N-A9KI-01A,0.009,0.000,0.002,0.019,0.000,0.000,0.006,0.019,0.145,0.004,0.065,0.000,0.000,0.005,0.000,0.725,0.725
TCGA-GD-A2C5-01A,0.007,0.000,0.001,0.007,0.000,0.000,0.000,0.052,0.062,0.023,0.020,0.000,0.000,0.004,0.000,0.822,0.822
TCGA-ZF-AA52-01A,0.007,0.000,0.001,0.007,0.000,0.003,0.022,0.030,0.259,0.016,0.078,0.000,0.000,0.008,0.000,0.568,0.568
TCGA-E7-A541-01A,0.009,0.000,0.002,0.050,0.006,0.000,0.018,0.037,0.001,0.013,0.036,0.000,0.000,0.004,0.000,0.822,0.822
TCGA-ZF-AA5P-01A,0.028,0.014,0.010,0.005,0.000,0.000,0.008,0.124,0.221,0.182,0.027,0.005,0.000,0.003,0.002,0.368,0.368
TCGA-ZF-AA4W-01A,0.001,0.000,0.000,0.012,0.000,0.000,0.000,0.028,0.011,0.000,0.001,0.000,0.000,0.003,0.000,0.943,0.943
TCGA-ZF-A9RE-01A,0.001,0.000,0.000,0.004,0.000,0.000,0.002,0.020,0.000,0.000,0.002,0.000,0.000,0.006,0.000,0.964,0.964
TCGA-DK-A1AD-01A,0.011,0.000,0.002,0.003,0.000,0.000,0.000,0.016,0.032,0.010,0.020,0.000,0.000,0.001,0.000,0.906,0.906
TCGA-GU-A42Q-01A,0.000,0.000,0.000,0.001,0.000,0.000,0.004,0.022,0.013,0.003,0.006,0.000,0.000,0.004,0.000,0.947,0.947
TCGA-CF-A5UA-01A,0.002,0.000,0.000,0.001,0.000,0.000,0.000,0.025,0.000,0.002,0.007,0.000,0.000,0.000,0.000,0.963,0.963
TCGA-BT-A20W-01A,0.005,0.005,0.018,0.022,0.000,0.005,0.011,0.086,0.022,0.038,0.015,0.001,0.000,0.003,0.000,0.768,0.768
TCGA-DK-A1A7-01A,0.002,0.005,0.001,0.003,0.000,0.000,0.000,0.019,0.000,0.005,0.002,0.000,0.000,0.000,0.000,0.964,0.964
TCGA-CF-A9FM-01A,0.000,0.000,0.009,0.000,0.000,0.000,0.003,0.030,0.000,0.000,0.012,0.001,0.000,0.010,0.000,0.933,0.933
TCGA-XF-A9T3-01A,0.004,0.003,0.018,0.027,0.000,0.000,0.014,0.078,0.197,0.062,0.038,0.000,0.001,0.004,0.000,0.555,0.555
TCGA-E7-A519-01A,0.037,0.000,0.023,0.001,0.000,0.014,0.013,0.018,0.000,0.009,0.013,0.000,0.000,0.000,0.000,0.872,0.872
TCGA-C4-A0F1-01A,0.000,0.000,0.002,0.000,0.000,0.000,0.001,0.019,0.061,0.007,0.012,0.000,0.000,0.002,0.001,0.893,0.893
TCGA-E5-A4U1-01A,0.005,0.000,0.002,0.012,0.000,0.000,0.000,0.020,0.000,0.007,0.007,0.000,0.000,0.005,0.000,0.942,0.942
TCGA-FD-A3NA-01A,0.008,0.000,0.014,0.015,0.000,0.000,0.001,0.024,0.060,0.008,0.059,0.000,0.000,0.003,0.000,0.806,0.806
TCGA-KQ-A41O-01A,0.006,0.000,0.000,0.005,0.000,0.000,0.000,0.000,0.000,0.000,0.000,0.000,0.000,0.000,0.000,0.988,0.988
TCGA-CF-A47V-01A,0.007,0.000,0.001,0.011,0.000,0.000,0.005,0.106,0.000,0.025,0.000,0.005,0.000,0.002,0.000,0.838,0.838
TCGA-FT-A61P-01A,0.000,0.000,0.023,0.018,0.001,0.000,0.009,0.036,0.206,0.026,0.098,0.000,0.000,0.001,0.000,0.580,0.580
TCGA-BT-A20J-01A,0.014,0.000,0.031,0.009,0.000,0.000,0.060,0.038,0.014,0.003,0.095,0.000,0.000,0.004,0.000,0.731,0.731
TCGA-FD-A5BR-01A,0.039,0.017,0.025,0.001,0.001,0.002,0.017,0.036,0.075,0.045,0.025,0.001,0.000,0.004,0.000,0.711,0.711
TCGA-ZF-AA56-01A,0.018,0.006,0.021,0.002,0.000,0.000,0.009,0.050,0.067,0.004,0.047,0.000,0.000,0.009,0.012,0.753,0.753
TCGA-XF-AAML-01A,0.008,0.000,0.001,0.036,0.000,0.000,0.003,0.013,0.000,0.000,0.026,0.000,0.000,0.005,0.000,0.909,0.909
TCGA-DK-A6B5-01A,0.011,0.000,0.023,0.015,0.002,0.000,0.019,0.024,0.044,0.004,0.055,0.000,0.000,0.007,0.000,0.796,0.796
TCGA-DK-AA6Q-01A,0.000,0.000,0.010,0.028,0.007,0.000,0.011,0.022,0.001,0.000,0.031,0.000,0.000,0.005,0.000,0.884,0.884
TCGA-ZF-AA4U-01A,0.001,0.000,0.000,0.001,0.000,0.000,0.000,0.024,0.000,0.000,0.000,0.000,0.000,0.001,0.000,0.973,0.973
TCGA-K4-A6MB-01A,0.002,0.000,0.006,0.008,0.000,0.001,0.005,0.026,0.088,0.016,0.027,0.000,0.000,0.006,0.000,0.813,0.813
TCGA-4Z-AA82-01A,0.000,0.000,0.001,0.006,0.000,0.000,0.020,0.028,0.138,0.012,0.020,0.000,0.000,0.007,0.000,0.767,0.767
TCGA-FD-A3B5-01A,0.000,0.000,0.005,0.001,0.000,0.000,0.000,0.020,0.062,0.002,0.021,0.000,0.000,0.004,0.001,0.885,0.885
TCGA-CU-A3QU-01A,0.000,0.000,0.000,0.012,0.000,0.000,0.000,0.028,0.000,0.004,0.012,0.000,0.000,0.001,0.000,0.943,0.943
TCGA-GV-A3QK-01B,0.002,0.000,0.016,0.026,0.000,0.000,0.015,0.024,0.000,0.002,0.010,0.000,0.000,0.003,0.000,0.902,0.902
TCGA-DK-A6AW-01A,0.008,0.000,0.000,0.002,0.000,0.000,0.000,0.052,0.000,0.020,0.006,0.000,0.000,0.000,0.000,0.913,0.913
TCGA-FD-A3N6-01A,0.000,0.000,0.003,0.017,0.000,0.000,0.007,0.034,0.012,0.000,0.006,0.000,0.000,0.006,0.006,0.908,0.908
TCGA-G2-A3IB-01A,0.000,0.000,0.008,0.003,0.000,0.000,0.006,0.020,0.008,0.000,0.012,0.000,0.000,0.005,0.000,0.938,0.938
TCGA-BL-A5ZZ-01A,0.000,0.000,0.009,0.005,0.000,0.000,0.000,0.112,0.356,0.060,0.104,0.000,0.000,0.004,0.001,0.349,0.349
TCGA-XF-A8HF-01A,0.034,0.000,0.007,0.002,0.000,0.000,0.000,0.015,0.072,0.014,0.040,0.000,0.000,0.000,0.000,0.815,0.815
TCGA-XF-AAN1-01A,0.003,0.000,0.001,0.002,0.000,0.000,0.001,0.038,0.000,0.008,0.005,0.000,0.000,0.003,0.000,0.938,0.938
TCGA-DK-A2I6-01A,0.000,0.000,0.000,0.006,0.000,0.000,0.000,0.020,0.025,0.001,0.006,0.000,0.000,0.000,0.000,0.941,0.941
TCGA-XF-A9SY-01A,0.022,0.000,0.028,0.040,0.001,0.000,0.007,0.034,0.160,0.005,0.103,0.000,0.000,0.006,0.011,0.582,0.582
TCGA-K4-A3WV-01A,0.001,0.000,0.008,0.004,0.000,0.000,0.000,0.019,0.042,0.000,0.009,0.000,0.000,0.005,0.000,0.910,0.910
TCGA-FD-A6TE-01A,0.008,0.000,0.000,0.014,0.000,0.000,0.000,0.010,0.000,0.000,0.010,0.000,0.000,0.004,0.000,0.953,0.953
TCGA-GU-AATQ-01A,0.000,0.000,0.004,0.000,0.002,0.000,0.000,0.019,0.018,0.012,0.026,0.000,0.000,0.003,0.000,0.916,0.916
TCGA-PQ-A6FN-01A,0.022,0.002,0.005,0.004,0.003,0.000,0.007,0.038,0.064,0.016,0.021,0.000,0.000,0.000,0.001,0.817,0.817
TCGA-CF-A47X-01A,0.000,0.000,0.003,0.000,0.000,0.000,0.000,0.023,0.000,0.006,0.000,0.000,0.000,0.001,0.000,0.967,0.967
TCGA-ZF-A9RC-01A,0.001,0.001,0.004,0.012,0.000,0.000,0.001,0.017,0.221,0.038,0.018,0.000,0.000,0.005,0.000,0.682,0.682
TCGA-E7-A4IJ-01A,0.022,0.000,0.005,0.037,0.000,0.000,0.000,0.029,0.000,0.007,0.018,0.000,0.000,0.005,0.000,0.876,0.876
TCGA-DK-A1AG-01A,0.006,0.000,0.002,0.006,0.002,0.000,0.000,0.035,0.000,0.005,0.008,0.000,0.000,0.009,0.000,0.926,0.926
TCGA-4Z-AA7S-01A,0.001,0.000,0.000,0.000,0.000,0.000,0.001,0.030,0.003,0.014,0.001,0.000,0.000,0.002,0.000,0.947,0.947
TCGA-DK-A1A6-01A,0.001,0.000,0.000,0.054,0.000,0.000,0.000,0.006,0.011,0.004,0.058,0.000,0.000,0.002,0.000,0.863,0.863
TCGA-XF-AAMZ-01A,0.003,0.021,0.021,0.008,0.000,0.000,0.005,0.035,0.012,0.018,0.016,0.000,0.000,0.004,0.000,0.855,0.855
TCGA-CF-A3MG-01A,0.000,0.000,0.000,0.007,0.000,0.000,0.000,0.013,0.000,0.001,0.000,0.001,0.000,0.003,0.000,0.974,0.974
TCGA-K4-AAQO-01A,0.006,0.012,0.012,0.005,0.001,0.001,0.017,0.051,0.155,0.123,0.029,0.009,0.000,0.003,0.000,0.576,0.576
TCGA-FD-A3SM-01A,0.000,0.000,0.000,0.003,0.000,0.000,0.000,0.025,0.167,0.014,0.052,0.000,0.000,0.004,0.000,0.734,0.734
TCGA-YC-A89H-01A,0.013,0.000,0.007,0.013,0.000,0.000,0.000,0.007,0.039,0.006,0.051,0.000,0.000,0.000,0.000,0.863,0.863
TCGA-GU-AATO-01A,0.031,0.000,0.011,0.008,0.002,0.000,0.001,0.009,0.088,0.008,0.095,0.000,0.000,0.002,0.000,0.744,0.744
TCGA-DK-A6B6-01A,0.025,0.000,0.010,0.036,0.000,0.000,0.000,0.010,0.000,0.001,0.025,0.000,0.000,0.004,0.000,0.890,0.890
TCGA-XF-A9SJ-01A,0.029,0.000,0.016,0.024,0.001,0.000,0.000,0.029,0.106,0.010,0.096,0.000,0.000,0.000,0.000,0.688,0.688
TCGA-XF-A8HH-01A,0.014,0.000,0.002,0.011,0.000,0.000,0.002,0.033,0.116,0.041,0.043,0.000,0.000,0.002,0.000,0.737,0.737
TCGA-XF-A9SZ-01A,0.015,0.000,0.001,0.006,0.002,0.000,0.000,0.037,0.201,0.020,0.092,0.000,0.000,0.008,0.000,0.617,0.617
TCGA-G2-A2EC-01A,0.012,0.000,0.025,0.000,0.000,0.003,0.017,0.064,0.191,0.056,0.019,0.006,0.000,0.001,0.000,0.605,0.605
TCGA-FJ-A3ZF-01A,0.000,0.000,0.000,0.011,0.000,0.000,0.000,0.016,0.000,0.003,0.006,0.000,0.000,0.006,0.000,0.957,0.957
TCGA-XF-A9SH-01A,0.007,0.000,0.000,0.001,0.000,0.001,0.004,0.022,0.009,0.007,0.016,0.001,0.000,0.000,0.000,0.933,0.933
TCGA-G2-A2EL-01A,0.000,0.000,0.008,0.000,0.011,0.000,0.000,0.010,0.000,0.007,0.000,0.000,0.000,0.002,0.000,0.961,0.961
TCGA-GU-A763-01A,0.008,0.000,0.000,0.003,0.000,0.000,0.000,0.007,0.000,0.000,0.003,0.000,0.000,0.000,0.000,0.980,0.980
TCGA-FD-A6TB-01A,0.010,0.058,0.024,0.024,0.016,0.000,0.021,0.069,0.168,0.041,0.082,0.000,0.001,0.006,0.001,0.480,0.480
TCGA-DK-A1AA-01A,0.000,0.000,0.001,0.001,0.000,0.000,0.003,0.036,0.000,0.008,0.004,0.002,0.000,0.003,0.000,0.942,0.942
TCGA-DK-A3IS-01A,0.001,0.000,0.005,0.004,0.000,0.000,0.000,0.023,0.000,0.002,0.001,0.000,0.000,0.000,0.000,0.964,0.964
TCGA-DK-A3WY-01A,0.040,0.372,0.106,0.010,0.010,0.001,0.045,0.069,0.108,0.039,0.075,0.000,0.001,0.005,0.001,0.118,0.118
TCGA-UY-A78L-01A,0.001,0.000,0.008,0.001,0.000,0.000,0.004,0.017,0.078,0.001,0.040,0.000,0.000,0.005,0.000,0.845,0.845
TCGA-FD-A3SO-01A,0.000,0.000,0.008,0.006,0.000,0.000,0.001,0.047,0.136,0.008,0.101,0.000,0.000,0.011,0.001,0.680,0.680
TCGA-4Z-AA86-01A,0.007,0.000,0.046,0.037,0.003,0.000,0.006,0.030,0.197,0.010,0.125,0.000,0.000,0.007,0.001,0.530,0.530
TCGA-G2-A2EO-01A,0.021,0.000,0.028,0.015,0.003,0.000,0.000,0.016,0.129,0.012,0.074,0.000,0.000,0.000,0.000,0.701,0.701
TCGA-XF-A9T6-01A,0.000,0.000,0.008,0.013,0.000,0.000,0.006,0.023,0.006,0.002,0.033,0.000,0.000,0.002,0.000,0.906,0.906
TCGA-GV-A40G-01A,0.000,0.000,0.000,0.012,0.000,0.000,0.000,0.049,0.000,0.009,0.007,0.000,0.000,0.004,0.000,0.917,0.917
TCGA-XF-A9T0-01A,0.047,0.000,0.011,0.016,0.000,0.000,0.002,0.024,0.063,0.010,0.046,0.000,0.000,0.001,0.001,0.778,0.778
TCGA-GV-A6ZA-01A,0.012,0.000,0.005,0.026,0.000,0.000,0.001,0.015,0.000,0.008,0.018,0.000,0.000,0.001,0.000,0.912,0.912
TCGA-DK-A3IN-01A,0.011,0.000,0.035,0.005,0.000,0.000,0.000,0.032,0.143,0.019,0.103,0.000,0.000,0.006,0.000,0.645,0.645
TCGA-K4-A5RI-01A,0.000,0.000,0.006,0.004,0.000,0.000,0.007,0.018,0.074,0.011,0.026,0.000,0.002,0.005,0.000,0.849,0.849
TCGA-GC-A3I6-01A,0.000,0.000,0.012,0.016,0.000,0.000,0.000,0.043,0.061,0.007,0.052,0.000,0.000,0.008,0.000,0.800,0.800
TCGA-DK-A6B1-01A,0.000,0.000,0.008,0.001,0.000,0.000,0.001,0.069,0.000,0.016,0.013,0.001,0.000,0.001,0.000,0.889,0.889
TCGA-XF-A9SV-01A,0.000,0.000,0.000,0.001,0.000,0.000,0.001,0.019,0.152,0.002,0.022,0.000,0.000,0.001,0.000,0.800,0.800
TCGA-XF-AAN2-01A,0.000,0.000,0.008,0.034,0.000,0.000,0.000,0.019,0.021,0.000,0.054,0.000,0.000,0.005,0.001,0.857,0.857
TCGA-DK-A2I1-01A,0.041,0.001,0.016,0.008,0.000,0.001,0.002,0.037,0.182,0.018,0.082,0.000,0.000,0.000,0.000,0.610,0.610
TCGA-4Z-AA87-01A,0.028,0.000,0.000,0.016,0.002,0.000,0.000,0.006,0.010,0.000,0.047,0.000,0.000,0.000,0.000,0.890,0.890
TCGA-GC-A3WC-01A,0.017,0.018,0.021,0.022,0.004,0.000,0.040,0.044,0.058,0.034,0.082,0.000,0.001,0.011,0.000,0.646,0.646
TCGA-FJ-A3ZE-01A,0.012,0.000,0.000,0.013,0.000,0.000,0.000,0.000,0.000,0.000,0.003,0.000,0.000,0.005,0.000,0.967,0.967
TCGA-CF-A7I0-01A,0.001,0.000,0.001,0.003,0.000,0.000,0.003,0.069,0.014,0.062,0.006,0.002,0.000,0.003,0.000,0.838,0.838
TCGA-GC-A3RB-01A,0.005,0.000,0.005,0.009,0.000,0.000,0.000,0.017,0.003,0.001,0.035,0.000,0.000,0.003,0.000,0.921,0.921
TCGA-FD-A6TH-01A,0.001,0.000,0.002,0.010,0.000,0.000,0.000,0.036,0.114,0.011,0.051,0.000,0.000,0.005,0.000,0.769,0.769
TCGA-XF-AAN4-01A,0.000,0.007,0.020,0.003,0.002,0.000,0.022,0.139,0.320,0.220,0.080,0.013,0.002,0.011,0.026,0.137,0.137
TCGA-CF-A5U8-01A,0.006,0.000,0.000,0.002,0.000,0.000,0.000,0.020,0.000,0.002,0.000,0.001,0.000,0.000,0.000,0.969,0.969
TCGA-E7-A8O8-01A,0.000,0.000,0.000,0.001,0.000,0.000,0.000,0.017,0.000,0.007,0.004,0.000,0.000,0.000,0.000,0.971,0.971
TCGA-BT-A20Q-01A,0.019,0.000,0.024,0.004,0.002,0.000,0.009,0.030,0.142,0.020,0.048,0.000,0.000,0.006,0.000,0.694,0.694
TCGA-4Z-AA7O-01A,0.020,0.000,0.002,0.006,0.000,0.000,0.005,0.026,0.034,0.000,0.011,0.000,0.000,0.003,0.000,0.893,0.893
TCGA-FD-A62O-01A,0.002,0.000,0.000,0.003,0.000,0.001,0.000,0.025,0.029,0.007,0.005,0.004,0.000,0.005,0.000,0.919,0.919
TCGA-DK-A6AV-01A,0.006,0.001,0.014,0.013,0.000,0.000,0.006,0.033,0.007,0.008,0.014,0.000,0.000,0.002,0.000,0.895,0.895
TCGA-XF-A9SK-01A,0.024,0.000,0.020,0.002,0.003,0.000,0.012,0.019,0.222,0.006,0.081,0.000,0.000,0.005,0.000,0.603,0.603
TCGA-FD-A43Y-01A,0.000,0.000,0.010,0.001,0.002,0.000,0.003,0.016,0.129,0.000,0.070,0.000,0.000,0.003,0.000,0.764,0.764
TCGA-FD-A5BY-01A,0.000,0.000,0.003,0.014,0.000,0.000,0.009,0.031,0.109,0.010,0.050,0.000,0.000,0.007,0.000,0.765,0.765
TCGA-CU-A3YL-01A,0.010,0.000,0.000,0.019,0.000,0.000,0.000,0.095,0.003,0.034,0.011,0.000,0.000,0.005,0.000,0.823,0.823
TCGA-2F-A9KT-01A,0.006,0.000,0.000,0.011,0.000,0.000,0.000,0.025,0.049,0.005,0.012,0.000,0.000,0.006,0.004,0.882,0.882
TCGA-BT-A2LB-01A,0.010,0.000,0.016,0.015,0.000,0.000,0.007,0.027,0.140,0.024,0.047,0.001,0.000,0.009,0.000,0.703,0.703
TCGA-5N-A9KM-01A,0.020,0.000,0.001,0.002,0.002,0.000,0.000,0.017,0.058,0.004,0.058,0.000,0.000,0.000,0.000,0.835,0.835
TCGA-DK-A3IT-01A,0.021,0.002,0.006,0.016,0.000,0.003,0.007,0.039,0.108,0.034,0.057,0.001,0.000,0.002,0.000,0.704,0.704
TCGA-KQ-A41Q-01A,0.000,0.000,0.005,0.007,0.000,0.000,0.000,0.007,0.010,0.003,0.004,0.002,0.000,0.002,0.000,0.958,0.958
TCGA-2F-A9KQ-01A,0.001,0.000,0.000,0.003,0.000,0.000,0.000,0.033,0.000,0.007,0.004,0.001,0.000,0.003,0.000,0.948,0.948
TCGA-PQ-A6FI-01A,0.000,0.000,0.001,0.010,0.000,0.000,0.000,0.024,0.003,0.001,0.009,0.000,0.000,0.002,0.010,0.940,0.940
TCGA-DK-A2I2-01A,0.000,0.000,0.022,0.000,0.000,0.000,0.063,0.027,0.083,0.001,0.064,0.000,0.000,0.007,0.012,0.720,0.720
TCGA-DK-A1AF-01A,0.010,0.001,0.027,0.006,0.003,0.001,0.027,0.165,0.268,0.045,0.086,0.004,0.000,0.011,0.010,0.334,0.334
TCGA-KQ-A41R-01A,0.004,0.000,0.000,0.001,0.000,0.000,0.000,0.033,0.000,0.015,0.010,0.000,0.000,0.000,0.000,0.937,0.937
TCGA-GC-A3OO-01A,0.000,0.003,0.010,0.003,0.000,0.000,0.004,0.063,0.108,0.073,0.047,0.004,0.000,0.007,0.000,0.676,0.676
TCGA-DK-A3WX-01A,0.000,0.000,0.019,0.022,0.002,0.000,0.014,0.061,0.104,0.001,0.034,0.000,0.000,0.039,0.003,0.702,0.702
TCGA-DK-AA6P-01A,0.004,0.000,0.003,0.001,0.000,0.000,0.000,0.032,0.000,0.007,0.013,0.000,0.000,0.005,0.000,0.935,0.935
TCGA-4Z-AA7M-01A,0.010,0.000,0.000,0.010,0.000,0.000,0.000,0.016,0.039,0.000,0.015,0.000,0.000,0.006,0.000,0.905,0.905
TCGA-UY-A78P-01A,0.008,0.000,0.018,0.015,0.002,0.000,0.018,0.057,0.058,0.007,0.138,0.000,0.000,0.004,0.001,0.674,0.674
TCGA-4Z-AA84-01A,0.014,0.000,0.001,0.004,0.000,0.000,0.000,0.018,0.027,0.006,0.019,0.000,0.000,0.000,0.000,0.910,0.910
TCGA-E7-A677-01A,0.002,0.000,0.017,0.005,0.000,0.000,0.005,0.035,0.022,0.023,0.017,0.011,0.000,0.009,0.000,0.852,0.852
TCGA-CF-A3MH-01A,0.002,0.000,0.000,0.003,0.000,0.000,0.001,0.013,0.000,0.005,0.000,0.001,0.000,0.002,0.000,0.974,0.974
TCGA-UY-A8OC-01A,0.001,0.000,0.008,0.000,0.000,0.000,0.004,0.041,0.244,0.026,0.018,0.000,0.000,0.000,0.000,0.657,0.657
TCGA-K4-A83P-01A,0.056,0.129,0.043,0.001,0.023,0.005,0.055,0.068,0.199,0.050,0.084,0.006,0.001,0.009,0.001,0.269,0.269
TCGA-E7-A8O7-01A,0.010,0.000,0.020,0.003,0.000,0.000,0.014,0.043,0.001,0.003,0.013,0.008,0.000,0.013,0.000,0.872,0.872
TCGA-CF-A47T-01A,0.000,0.000,0.000,0.001,0.000,0.001,0.000,0.019,0.000,0.010,0.000,0.000,0.000,0.000,0.000,0.969,0.969
TCGA-BL-A13I-01B,0.002,0.001,0.043,0.051,0.001,0.000,0.003,0.120,0.128,0.071,0.274,0.010,0.001,0.032,0.006,0.256,0.256
TCGA-E7-A6MF-01A,0.000,0.000,0.001,0.000,0.000,0.000,0.008,0.045,0.000,0.000,0.009,0.002,0.000,0.010,0.000,0.924,0.924
TCGA-CU-A0YO-01A,0.000,0.000,0.009,0.000,0.000,0.000,0.022,0.062,0.038,0.055,0.020,0.003,0.000,0.005,0.000,0.784,0.784
TCGA-S5-A6DX-01A,0.074,0.000,0.033,0.017,0.000,0.001,0.012,0.041,0.068,0.031,0.129,0.000,0.000,0.000,0.000,0.592,0.592
TCGA-G2-A2EF-01A,0.000,0.000,0.014,0.059,0.000,0.000,0.000,0.049,0.029,0.000,0.093,0.000,0.000,0.005,0.001,0.747,0.747
TCGA-XF-A9T5-01A,0.029,0.000,0.016,0.022,0.028,0.000,0.073,0.027,0.037,0.005,0.102,0.000,0.001,0.001,0.000,0.658,0.658
TCGA-BT-A20R-01A,0.000,0.000,0.000,0.011,0.000,0.000,0.000,0.057,0.304,0.021,0.092,0.000,0.000,0.000,0.000,0.513,0.513
TCGA-UY-A9PF-01A,0.006,0.002,0.000,0.011,0.000,0.001,0.007,0.052,0.019,0.034,0.016,0.003,0.000,0.000,0.000,0.848,0.848
TCGA-CF-A47S-01A,0.000,0.000,0.004,0.001,0.000,0.000,0.001,0.015,0.000,0.000,0.003,0.002,0.000,0.002,0.000,0.972,0.972
TCGA-4Z-AA89-01A,0.005,0.000,0.000,0.009,0.000,0.000,0.000,0.009,0.000,0.000,0.001,0.000,0.000,0.001,0.000,0.975,0.975
TCGA-UY-A78M-01A,0.010,0.000,0.002,0.004,0.000,0.001,0.000,0.010,0.103,0.008,0.017,0.000,0.000,0.000,0.000,0.844,0.844
TCGA-DK-AA77-01A,0.006,0.000,0.002,0.031,0.000,0.000,0.003,0.026,0.000,0.005,0.022,0.000,0.000,0.003,0.000,0.902,0.902
TCGA-FD-A6TD-01A,0.013,0.000,0.021,0.009,0.000,0.000,0.032,0.037,0.122,0.007,0.086,0.000,0.000,0.004,0.001,0.668,0.668
TCGA-DK-AA6U-01A,0.001,0.000,0.001,0.014,0.000,0.000,0.000,0.025,0.000,0.003,0.009,0.000,0.000,0.004,0.000,0.943,0.943
TCGA-GU-A767-01A,0.004,0.000,0.005,0.003,0.000,0.001,0.001,0.079,0.039,0.059,0.016,0.001,0.000,0.001,0.000,0.790,0.790
TCGA-DK-A1AE-01A,0.000,0.000,0.003,0.002,0.000,0.000,0.000,0.014,0.004,0.008,0.004,0.000,0.000,0.000,0.000,0.965,0.965
TCGA-ZF-AA4V-01A,0.000,0.000,0.006,0.030,0.003,0.000,0.001,0.016,0.065,0.002,0.049,0.000,0.000,0.000,0.000,0.827,0.827
TCGA-DK-A1AC-01A,0.011,0.000,0.020,0.031,0.015,0.000,0.000,0.016,0.047,0.000,0.078,0.000,0.000,0.000,0.001,0.781,0.781
TCGA-FD-A5C1-01A,0.010,0.000,0.027,0.018,0.000,0.000,0.016,0.026,0.150,0.000,0.119,0.000,0.001,0.005,0.001,0.626,0.626
TCGA-H4-A2HO-01A,0.001,0.000,0.006,0.001,0.000,0.000,0.004,0.060,0.000,0.024,0.014,0.000,0.000,0.000,0.000,0.889,0.889
TCGA-GV-A3JX-01A,0.006,0.000,0.012,0.034,0.003,0.000,0.008,0.033,0.006,0.010,0.063,0.000,0.000,0.008,0.000,0.817,0.817
TCGA-K4-A5RJ-01A,0.000,0.000,0.029,0.083,0.031,0.000,0.000,0.028,0.016,0.028,0.328,0.000,0.001,0.004,0.001,0.450,0.450
TCGA-C4-A0F0-01A,0.000,0.000,0.002,0.003,0.001,0.000,0.002,0.052,0.031,0.014,0.029,0.000,0.000,0.000,0.006,0.861,0.861
TCGA-YF-AA3M-01A,0.000,0.000,0.000,0.004,0.000,0.000,0.001,0.020,0.001,0.007,0.015,0.000,0.000,0.004,0.000,0.948,0.948
TCGA-FD-A43N-01A,0.025,0.000,0.005,0.004,0.000,0.000,0.000,0.044,0.068,0.023,0.018,0.000,0.000,0.005,0.000,0.806,0.806
TCGA-DK-AA75-01A,0.001,0.000,0.003,0.006,0.000,0.000,0.000,0.022,0.000,0.007,0.005,0.000,0.000,0.001,0.000,0.957,0.957
TCGA-XF-A8HE-01A,0.000,0.000,0.006,0.034,0.000,0.000,0.000,0.030,0.033,0.003,0.041,0.000,0.000,0.020,0.012,0.820,0.820
TCGA-4Z-AA7N-01A,0.017,0.199,0.056,0.002,0.032,0.046,0.056,0.090,0.132,0.044,0.038,0.002,0.001,0.009,0.001,0.275,0.275
TCGA-BT-A20X-01A,0.002,0.000,0.002,0.002,0.002,0.000,0.000,0.055,0.067,0.014,0.018,0.000,0.000,0.000,0.009,0.828,0.828
TCGA-DK-A1A5-01A,0.000,0.000,0.011,0.013,0.000,0.000,0.012,0.034,0.182,0.019,0.036,0.000,0.000,0.003,0.000,0.689,0.689
TCGA-GV-A3QH-01A,0.008,0.000,0.000,0.013,0.000,0.000,0.000,0.013,0.000,0.001,0.011,0.000,0.000,0.006,0.000,0.947,0.947
TCGA-ZF-A9RD-01A,0.010,0.017,0.027,0.018,0.004,0.000,0.017,0.051,0.063,0.007,0.048,0.000,0.000,0.004,0.023,0.712,0.712
TCGA-2F-A9KR-01A,0.018,0.000,0.006,0.012,0.000,0.000,0.000,0.029,0.011,0.014,0.003,0.000,0.000,0.008,0.000,0.898,0.898
