"","cellFractions.CD4.T","cellFractions.CD8.T","cellFractions.DC","cellFractions.Fibroblasts","cellFractions.Monocytes","cellFractions.NK","cellFractions.otherCells"
"TCGA.C8.A278.01A",3.78017259703309e-06,1.10055885666256e-06,4.01783953297239e-08,0.951851167903932,0.0481424674334571,4.54402442569821e-07,9.89350318998777e-07
"TCGA.A7.A425.01A",0.0391150041056427,2.2366294871362e-06,9.39226836260092e-08,0.457679276957978,0.0393840839834047,0.00539035148274248,0.458428952918061
"TCGA.E2.A15H.01A",0.0193737923399677,0.00245802161096128,1.44857706132974e-07,0.523661270746757,0.0285610451306076,9.4602429903893e-07,0.425944779289701
"TCGA.A8.A06N.01A",1.42087767020025e-08,0.00207495609720972,1.42845097482987e-08,0.00888675244086506,0.0239279350132723,0.00535521907488777,0.959755108880479
"TCGA.E2.A570.01A",1.0354246400578e-05,3.91552979633796e-08,2.41715451167559e-05,0.999952839043413,6.33678756877409e-13,4.65805157249568e-08,1.25494286219644e-05
"TCGA.BH.A1FL.01A",0.020533031802359,0.0022269491346844,2.79968644448731e-07,0.442825469217693,0.00817388725105397,0.000799657055174049,0.525440725570391
"TCGA.E2.A56Z.01A",0.0204651383660379,0.00133692474262166,2.74520564333451e-08,0.254672583295472,0.0118014183817752,0.00234231180028456,0.709381595961752
"TCGA.E9.A1RI.01A",0.000111940293036485,1.03731909716483e-07,8.22111290700961e-05,0.999803180995853,1.53829630850684e-06,1.00853452888882e-06,1.70192928738849e-08
"TCGA.BH.A0DP.01A",0.0415486696997711,0.00638146552915423,8.27026860280152e-05,0.942803989403962,0.00917484412974023,1.65964750098593e-07,8.16258659394292e-06
"TCGA.AR.A0U3.01A",0.0192111571228442,0.00260285915208506,0.000262316052625785,0.201026295022126,0.0302927538823646,2.13064849110271e-08,0.74660459746147
"TCGA.BH.A18L.01A",1.72020019993433e-06,0.00380028825645519,8.22157360299285e-09,0.0528225623338792,0.02149710771349,9.42710171287344e-09,0.9218783038473
"TCGA.A7.A3J1.01A",0.109926313832266,0.0143738443195822,3.7365080393918e-06,0.542688196054822,0.032967271683449,0.007228948574288,0.292811689027554
"TCGA.AC.A6IW.01A",3.13768522330851e-07,0.00929889705417846,1.24521244154543e-07,1.15586084310591e-07,0.409873759236821,0.0247258771383856,0.556100912694764
"TCGA.AC.A3YI.01A",0.0235019900628934,6.35194025896989e-06,2.65417192536169e-05,0.88800757397679,0.000107784140850489,0.0883467616190256,2.99654092783167e-06
"TCGA.D8.A1XG.01A",0.121997266410182,6.47387043894923e-08,1.74937780915675e-08,0.469184972139693,0.023358811968775,0.000947568551287318,0.38451129869758
"TCGA.A8.A082.01A",1.06160570330536e-07,5.1023173368973e-06,1.19288552926182e-08,0.352648756771149,0.0552466249848296,6.26182379415696e-08,0.592099335219021
"TCGA.OL.A5RU.01A",0.127549100291707,0.0146645482525341,0.00106235405796901,0.410691952688396,0.0292159737391501,0.0240149327023254,0.392801138267918
"TCGA.BH.A0HA.01A",2.00577907675486e-05,7.03131628346411e-08,4.7079332665163e-08,0.999968639665454,9.27673478157998e-06,8.42281401168279e-08,1.82418836122081e-06
"TCGA.A2.A3XS.01A",0.0532748574157157,0.00342678780187099,2.01347598587488e-08,0.316200646843804,0.0269880743452305,0.00446482801589091,0.595644785442728
"TCGA.A2.A0ES.01A",0.188917939337729,1.72519494174631e-08,5.96650436917837e-09,0.747854450738775,0.0109583434929304,0.000192710363168412,0.052076532848943
"TCGA.B6.A0RN.01A",0.0192999097845562,1.48520383825899e-05,4.85061110484364e-08,0.980683628693319,1.54006025063172e-06,1.89089988817732e-08,2.00838168469884e-09
"TCGA.BH.A2L8.01A",0.0740403542260613,0.0479274246678241,1.62497108118276e-05,0.803540877406846,0.047458841816434,0.0270162508920953,1.27992710943027e-09
"TCGA.E2.A108.01A",0.0155725824004583,0.0140287902428853,3.14821976737251e-07,0.881928658524144,0.0884682930960146,1.35895012459546e-06,1.96439629409763e-09
"TCGA.AN.A046.01A",0.0298147609853556,0.0148524180728104,4.74108815325618e-09,0.478517210715945,0.0385547834128722,0.0086358082211993,0.42962501385073
"TCGA.E2.A576.01A",0.0358770345502769,0.000915986077043228,3.26176749121002e-08,0.217847862087791,0.0157534096539093,0.00410540384734605,0.725500271165959
"TCGA.A2.A3XX.01A",0.163550491594557,2.56425234860388e-08,8.83903536146703e-08,0.476020186061614,0.0278359194319377,0.00373411631891592,0.328859172560098
"TCGA.C8.A137.01A",0.00768424393778094,8.13479873005464e-07,3.24471484041903e-06,0.490505489156281,0.0133872804601458,1.99258720517272e-06,0.488416935663874
"TCGA.A7.A4SC.01A",0.0558510693778113,0.00512874622227332,4.17771476889699e-07,0.509709523868682,0.012593780560147,2.32616579760496e-05,0.416693200541634
"TCGA.E2.A15M.01A",0.00546234929035231,4.19407735671925e-07,0.00344829635615109,0.978874038870647,0.0122140496769698,6.61261622273113e-07,1.85136522305598e-07
"TCGA.A8.A08I.01A",5.33765634482691e-08,0.0623976495897661,1.19036896501153e-07,0.00049879649843314,0.263500700390888,0.0812441672112658,0.592358513896187
"TCGA.AC.A2FF.01A",3.48253039031501e-05,1.3907939685423e-08,2.66556909905838e-06,0.999919691327106,1.1895444175491e-08,4.27912419366207e-05,7.54571539261206e-10
"TCGA.E2.A1L6.01A",0.0867833540883095,3.72334039815203e-05,2.08224059696262e-06,0.536400135622268,0.0151034851771022,8.88801532146862e-07,0.36167282066621
"TCGA.A7.A13E.01B",0.111767813794402,5.46688709412694e-08,0.000207747250287197,0.642691394897618,8.56203690095886e-08,1.46862472434537e-08,0.245332889082206
"TCGA.AR.A24S.01A",0.00199590999050473,9.04337360736604e-07,7.92752474755413e-07,0.890875514145971,0.104760352915346,0.0023662768604671,2.48997875105153e-07
"TCGA.E2.A155.01A",8.08211600644205e-09,0.00324772664234374,1.68020526584909e-08,0.170727218890276,0.0355133065263836,7.15470397728867e-07,0.79051100758643
"TCGA.C8.A12M.01A",0.0266629161710285,0.00827159923418983,1.1121444531653e-08,0.134054326200781,0.0140758045382412,0.00847238558953737,0.808462957144778
"TCGA.E2.A14W.01A",0.00317329671486341,1.49624441660171e-08,0.000915539759409356,0.313517356361873,0.00548344279108583,0.000528966432511696,0.676381382977812
"TCGA.B6.A0RQ.01A",0.138874216153229,2.09064554256825e-07,2.76873118804561e-07,0.383383758613589,0.0176327885657242,0.00686034631158589,0.453248404418199
"TCGA.EW.A1IW.01A",0.0834175388610064,0.0012530674921711,9.26386517959838e-08,0.749573026370518,0.0184701491552636,2.34776992583155e-06,0.147283777712463
"TCGA.A1.A0SM.01A",3.54905458288278e-10,1.59019272903707e-07,5.24310551228063e-05,0.993165817180539,0.00678158181796963,2.96309878002055e-09,7.60909104619233e-09
"TCGA.E9.A1R6.01A",3.20473785667652e-07,3.53067880487025e-08,3.10825623730153e-06,0.575603444876743,0.0611793748178832,4.69663006253309e-07,0.363213246605556
"TCGA.A2.A0CQ.01A",0.00508618429550115,0.00191206357501358,2.76512345638909e-08,0.146820558831263,0.0297307499407253,4.88841186236752e-05,0.816401531587639
"TCGA.OL.A5D7.01A",0.0402364015224542,0.0173061252018582,2.26833329137692e-08,0.021028445119887,0.0603356563585352,0.05741537437342,0.803677974740513
"TCGA.D8.A143.01A",0.0305884556671095,0.00549977125398477,1.47556147006376e-08,0.215527225119628,0.0335209618171901,0.00741058669798495,0.707452984688488
"TCGA.C8.A138.01A",0.0907533779298416,0.0194702230912068,2.13490542864866e-07,0.62341750135095,0.0122027775344252,0.0242568446965313,0.229899061906503
"TCGA.E2.A14Q.01A",0.102110278946191,0.00246836080666457,5.45414736910058e-09,0.482687285592058,0.00955510744258245,9.15795967566253e-06,0.403169803798681
"TCGA.A2.A0YL.01A",0.10438236513551,0.00543123191903198,1.27248331221384e-07,0.784435754370125,0.00979874427945786,1.10866934338709e-05,0.0959406903541096
"TCGA.PL.A8LY.01A",0.351312769252203,5.08145217212946e-05,1.00481645783805e-07,0.505436596653936,0.0175314742346855,0.0161349211521379,0.10953332370367
"TCGA.GM.A2DK.01A",0.00374109145782962,0.00822246087625458,9.39531959772715e-09,0.306947888071558,0.0474267061160385,0.00713353576681502,0.626528308316184
"TCGA.B6.A0RO.01A",0.0231331190605335,4.85226481826818e-05,0.00106970705671126,0.243183974493741,0.00980635226929239,0.00508624874606939,0.717672075725469
"TCGA.D8.A142.01A",0.179314174286938,1.38096640330861e-06,0.00281218091152571,0.750210927002528,0.0674534355179651,0.000207698588979231,2.02725661031698e-07
"TCGA.C8.A8HP.01A",0.0334304114365547,0.00448605301174489,5.36612970572832e-09,0.289639654713787,0.0644746347415671,0.0505026414131837,0.557466599317033
"TCGA.E9.A24A.01A",9.1628241225785e-07,3.18176272970848e-06,9.00613584606869e-09,0.969766092966281,0.0298646195795921,0.000363898165999572,1.28223684984089e-06
"TCGA.AO.A0JE.01A",6.25371768106126e-07,7.93564928747178e-06,5.24832152232962e-06,0.998974611210454,0.000333537383108847,0.000678002643399481,3.94204595227919e-08
"TCGA.AR.A1AU.01A",0.0329946711751414,0.00179940234471691,3.01937236488129e-08,0.602202297547061,0.0334681306989424,3.23412013012349e-07,0.329535144628402
"TCGA.E9.A1QZ.01A",0.196325570754736,0.017699196588787,1.20131864788761e-08,0.562116431936551,0.0291344763771113,0.00833463271658094,0.186389679613048
"TCGA.AR.A1AQ.01A",0.0598112619481489,0.0171703255115778,1.98823241040187e-06,0.39138251217469,0.100619762161792,0.0491763292640105,0.38183782070737
"TCGA.A2.A25A.01A",0.000426178350718988,0.000365552873858897,8.25767855213797e-09,0.996430846524331,0.00269267764083296,8.47185831829115e-05,1.77693963268003e-08
"TCGA.E2.A10E.01A",0.0314202337541285,0.00384167700323901,1.14053344083543e-07,0.461835032288519,0.0153091615174431,4.16855951786178e-06,0.487589612823808
"TCGA.C8.A3M7.01A",0.143418605181002,7.93423261643946e-05,1.46863861197172e-07,0.618840139738575,1.62624299340126e-09,0.0095773011134542,0.2280844631507
"TCGA.AQ.A1H3.01A",0.0748221114940093,0.00127341868765552,0.000916206507259701,0.872360903893599,0.00265311335802529,1.12306500945735e-07,0.0479741337529499
"TCGA.E9.A247.01A",0.0115836662008477,0.00518712099151711,7.27717395327624e-10,0.29096471887741,0.026016695361069,1.67023366193267e-05,0.66623109550482
"TCGA.AN.A0FF.01A",0.0185510498409117,0.00511603799551538,1.11064356351517e-05,0.412468436663298,0.0493446088612723,1.37247685987634e-06,0.514507387726507
"TCGA.A2.A0YH.01A",0.000146613301631723,2.23071399932008e-06,8.7042898208692e-07,0.94634331599799,0.0535033151126399,3.54489933385719e-06,1.09545422633972e-07
"TCGA.E9.A1RH.01A",1.54741933439423e-06,7.82311122001259e-09,0.00124418850790614,0.527766512261569,0.00999990611279943,0.000122027799066788,0.460865810076213
"TCGA.AR.A2LE.01A",0.0102236138129616,0.00347436630501657,1.96772656369616e-08,0.21165197032969,0.00970106978065866,0.0016932280026612,0.763255732091746
"TCGA.E9.A1N3.01A",7.38359959287359e-09,0.00116481515803553,9.45932594918293e-08,0.192270358621617,0.0419866023140507,2.42350966803802e-08,0.764578097694341
"TCGA.MS.A51U.01A",0.103144615005481,0.00432511981839433,5.13523330263749e-06,0.868541001202458,0.00941627119655729,7.69172444181393e-06,0.0145601658193644
"TCGA.A8.A07F.01A",0.0181225713221209,0.00630671993525667,1.39976924525141e-06,0.636316784985275,0.0390348026388029,1.66663006159512e-07,0.300217554686293
"TCGA.A8.A08A.01A",3.18355951488166e-08,1.82053575002659e-07,2.15409716729172e-07,0.45541055357271,0.0424200491577415,0.000123283324300041,0.502045684646361
"TCGA.D8.A1JE.01A",0.00624962619637501,9.10848927376361e-07,0.000603590718353313,0.986932089444604,2.59761042842629e-07,0.00621301426612115,5.08764576161659e-07
"TCGA.LL.A6FR.01A",0.0342861676406116,5.45705022479522e-05,2.76244779019572e-08,0.939862161299143,0.025719134737715,4.64760794806471e-05,3.14621163242295e-05
"TCGA.E9.A22D.01A",0.0455103453269613,0.10556873612791,5.87464910242451e-08,0.329411188320185,0.0835868675690062,0.163788928585152,0.272133875324295
"TCGA.A2.A0SX.01A",0.0168107746868845,0.031955048570567,0.0234143372453574,0.857801164082302,0.0499989426703121,0.0200195400024143,1.92742162492356e-07
"TCGA.EW.A1PH.01A",1.03961992707895e-05,0.00828343590119425,3.09764337137851e-07,0.253235595838458,0.0285811628760921,0.00425564346065794,0.70563345595999
"TCGA.AN.A0FK.01A",5.31322593554752e-06,0.00240688954100485,0.000122041390070893,0.339128775923187,0.0352302399699782,2.94881499564264e-08,0.623106710461674
"TCGA.A2.A0CX.01A",0.0370061564587137,2.12976083107595e-05,5.83080612903438e-08,0.938973431875092,0.023996417697379,5.46661751576176e-08,2.58338626822804e-06
"TCGA.E2.A158.01A",0.0116211790117811,0.00173101790089462,6.46041935614798e-09,0.131079501468166,0.00966630937481449,0.000763765480072444,0.845138220303852
"TCGA.D8.A1X6.01A",7.93637926681833e-07,0.000482859471222146,4.44093475583358e-09,0.156125345128261,0.0475613028140276,4.81593058862018e-05,0.795781535201741
"TCGA.EW.A1P7.01A",0.16330096155206,0.0372243554943442,0.0205904817818951,0.71237633457068,0.031612204177169,0.0348956522780623,1.01457893283896e-08
"TCGA.B6.A0IG.01A",0.0506766195610092,3.26080126632726e-07,0.00608187426904335,0.334223759395258,0.00785358841033673,0.00205542721162957,0.599108405072597
"TCGA.A7.A4SA.01A",0.138668603074145,0.0133419943588035,2.05202754371267e-07,0.453269958279328,0.0153871029662671,0.00345805417986055,0.375874081938842
"TCGA.D8.A1JP.01A",3.22064290695335e-08,1.43199483753423e-08,1.39005004123324e-08,0.999998980765378,1.77946482773314e-08,1.09320331135468e-07,8.31692764634688e-07
"TCGA.C8.A1HN.01A",0.00761215640190056,0.00117919447604872,1.37062912333975e-07,0.419542606467531,0.0219257952822107,6.0720333090118e-08,0.549740049589064
"TCGA.D8.A1XK.01A",4.70488440559831e-07,0.0116383313413426,2.77840452469918e-08,0.140200338942953,0.108189577868963,0.0121586350502897,0.727812618523966
"TCGA.E9.A22A.01A",2.6456569198727e-05,1.24573604171013e-05,1.23036417378419e-05,0.999927279504101,3.61870410173631e-06,1.22205932866629e-05,5.66362715663189e-06
"TCGA.AO.A12H.01A",0.00035570437658721,0.002569605322627,4.83049783774926e-09,0.1426942294266,0.0328204321201915,3.01719672865032e-09,0.8215600209063
"TCGA.D8.A1Y2.01A",5.26953084518795e-05,2.46795512058546e-08,7.94127030226018e-09,0.823683320181577,0.176262230163361,1.71947739122744e-06,2.24839736379785e-09
"TCGA.D8.A1XW.01A",0.112011700065261,3.67960271678361e-07,0.000763976811976137,0.670050719493882,0.109314371702165,2.47413553774906e-06,0.107856389830906
"TCGA.OL.A5RZ.01A",1.61795020220354e-07,0.0024155233812157,6.19647816906738e-09,0.0999207056982307,0.0196805588181798,0.000499812044816532,0.877483232066059
"TCGA.BH.A42V.01A",0.119787658228744,4.00724023053579e-05,7.50408412954701e-08,0.637308732722644,0.0110704192821986,0.00371560160557436,0.228077440717693
"TCGA.BH.A0B7.01A",0.103129026603739,0.016513570190072,7.74783944161253e-07,0.668758645182449,0.0287105133443019,1.22199411934559e-06,0.182886247901375
"TCGA.C8.A1HO.01A",0.00230346101673347,0.0031092770015572,3.80791572146522e-08,0.337799156611411,0.0166690190227892,1.43627985498217e-06,0.640117611988497
"TCGA.A8.A09A.01A",0.0492636823249808,0.00890699151686503,3.85558142671592e-07,0.728085147647131,0.0362665292808694,2.72372754927875e-07,0.177476991299256
"TCGA.AO.A129.01A",0.0566762156000314,0.01306069202678,2.51296248230905e-08,0.320689584917026,0.0540115015730716,0.0265512724538943,0.529010708299572
"TCGA.AO.A03O.01A",0.0361919611641609,0.00317198239079492,1.69311294637384e-08,0.276891314702587,0.032339651038186,0.00708638646207977,0.644318687311062
"TCGA.E2.A10A.01A",0.0134115125413174,2.32654290574006e-07,2.93188077808969e-06,0.647945461678812,0.0323849644599811,2.93880523453448e-08,0.306254867396769
"TCGA.A8.A09E.01A",2.61443957343466e-09,0.000690514406933729,6.35395237953982e-05,0.290442006512332,0.0236211879891176,0.00113977581532071,0.684042973138061
"TCGA.AC.A3YJ.01A",2.33112154899361e-08,0.00280108030737975,1.1650273128216e-06,0.0679503056488577,0.0656158930669017,0.00227677240387315,0.861354760234459
"TCGA.EW.A1IX.01A",4.0782032163914e-08,1.46413106943059e-08,1.02500602342401e-05,0.999799737449309,4.77145112157966e-06,0.000181412802351766,3.77281364011512e-06
"TCGA.A8.A09N.01A",0.000474105776257477,0.00589003100083363,1.42931570064441e-07,0.512625239704509,0.0176364774593276,1.14858898238559e-06,0.463372854538519
"TCGA.AO.A0J6.01A",1.83462126424161e-08,0.0139538053181959,1.4555023997528e-08,0.0568823422013046,0.0424390571277494,0.0396699517292272,0.847054810722286
"TCGA.AN.A0FJ.01A",0.0346149966802135,0.00269579611115771,7.12014590944657e-08,0.358707222880175,0.0218539584664062,0.00424956569852438,0.577878388962064
"TCGA.BH.A1ES.01A",0.00140869798327634,5.85272291098511e-07,1.95771317007718e-07,0.998321283811679,1.25486981363338e-08,0.000269144390648533,8.02220902055043e-08
"TCGA.BH.A0E1.01A",0.0426557772916626,5.06207192475226e-07,1.0943600244668e-07,0.452873570275118,0.0148323206275819,0.0013687137983669,0.488269002364076
"TCGA.4H.AAAK.01A",0.000115243818403005,8.34893462399527e-08,0.000144738217279194,0.999725812082805,9.36818388882599e-06,4.72396704659142e-06,3.0241231336119e-08
"TCGA.EW.A6S9.01A",0.0185958147056576,4.95950986645527e-07,1.35226679126447e-05,0.975410567600214,0.00597919706157527,1.193152615612e-07,2.82698391804549e-07
"TCGA.D8.A1JM.01A",0.0111647097654249,0.0124948913117803,7.90138160881173e-10,0.0335890548724479,0.0269385024678257,0.017603539750205,0.898209301042178
"TCGA.A7.A4SF.01A",0.00508886408768879,0.00281202573123089,2.10142574940033e-08,0.216282275854564,0.0264788240772348,0.0090989752969147,0.740239013938109
"TCGA.A8.A08R.01A",0.150381406769831,0.00121641219651698,7.67167159965249e-07,0.740213043588184,0.0866590610087135,0.0215292284949776,8.07746173465476e-08
"TCGA.D8.A146.01A",4.13645509653265e-08,4.17212005265475e-07,4.08529525590415e-08,0.997891883361994,0.00210710836337014,1.75421890262708e-07,3.33423237000005e-07
"TCGA.D8.A1X5.01A",0.00126504912982977,0.00138180760045478,4.10426944361031e-08,0.821475263016274,0.0652964561102933,2.82001381113698e-07,0.110581101099073
"TCGA.A2.A1FV.01A",0.0163748308969225,0.00022709470038998,1.3794535477804e-07,0.326319021851167,0.0051672676444908,2.27999006853427e-06,0.651909366971607
"TCGA.A2.A0CK.01A",0.0532509137072441,0.00572405926785321,6.83918231766906e-09,0.480386015922954,0.0179410082001235,0.00824194353552716,0.434456052527116
"TCGA.E2.A1IL.01A",0.00900111847316904,1.31482090672505e-06,2.40568597854046e-06,0.712323131779179,0.00449925962702641,4.36329153539304e-07,0.274172333284586
"TCGA.B6.A0X7.01A",4.52914459183474e-06,0.000838678704300511,5.04524785823514e-08,0.657139703880726,7.6736919679839e-06,0.000580193780010157,0.341429170345925
"TCGA.B6.A2IU.01A",2.46458573695384e-07,0.00363755806588537,2.89565739478812e-08,0.228589082372745,0.0303091802161838,0.00223162594984345,0.735232277980195
"TCGA.B6.A0WS.01A",0.102157736184482,0.00930685205698506,0.00484116855357544,0.792463581783917,0.0118016282004228,0.00979153652512424,0.0696374966954932
"TCGA.E2.A1IO.01A",9.48882216685873e-05,2.44150658264671e-05,2.88238267369426e-05,0.999799908044128,9.39579778509362e-06,2.45494267502342e-05,1.80196171047102e-05
"TCGA.AC.A5EH.01A",8.89258071952338e-06,3.12392687141003e-08,0.000300668375105555,0.952692710797143,0.0469421760457692,5.55208462246956e-05,1.15769231980213e-10
"TCGA.AC.A3BB.01A",4.68222194793532e-07,0.0129358362084614,6.56401802334034e-06,0.954583729897454,0.0321066224789751,0.000366662479128916,1.1669576288139e-07
"TCGA.AR.A0TQ.01A",0.0865889476413115,0.0117212863721311,3.53275742816654e-08,0.314070904235832,0.0507937806676041,0.0127728697293664,0.52405217602618
"TCGA.D8.A1JK.01A",0.0294117594596025,0.00865590835095384,4.87239899318787e-08,0.65590104147075,0.0649533480419595,0.0159037722949979,0.225174121657746
"TCGA.D8.A1X7.01A",0.0280104839591817,6.71580939078538e-07,4.0058496645e-10,0.633221932410284,0.0145048908242151,1.53492444246269e-07,0.324261867332351
"TCGA.AO.A1KQ.01A",0.0208515788878428,0.0255565396910945,2.16593125637465e-06,0.40864581871446,0.0354059356806968,0.0281010262734399,0.481436934821209
"TCGA.PL.A8LX.01A",7.0082656931602e-06,0.00406329242085306,9.97273610930696e-10,0.0672614623962742,0.0519063852117797,0.00401939212705143,0.872742458581075
"TCGA.AR.A2LH.01A",0.190626101274419,0.00994984946608954,2.64249219022847e-08,0.471888323481604,0.0584501617719464,0.0228154692563376,0.246270068324681
"TCGA.BH.A0B8.01A",0.0228590533896551,0.000668761976468924,1.16059711087746e-08,0.381912368957553,0.0127078008381094,0.000289356737903425,0.581562646494339
"TCGA.A2.A3KD.01A",0.0400554424310119,1.0832877714684e-07,4.84891811202988e-08,0.288955132228926,0.027360658878076,0.00206178914906467,0.641566820494963
"TCGA.A2.A0D4.01A",0.00670863382241805,0.000264001972103756,9.8939667173722e-09,0.160418763178433,0.0132319143717449,4.6368374484487e-05,0.819330308386849
"TCGA.D8.A27R.01A",0.00953561359836105,0.014524458888346,7.09148128317829e-08,0.470834201028463,0.0578506755122822,0.00433734504702993,0.442917635010705
"TCGA.E2.A1IE.01A",0.00851684865054086,0.00159457028179201,9.63774196525585e-09,0.275231967286643,0.009294138229223,4.87842669490633e-07,0.70536197807139
"TCGA.EW.A1J3.01A",0.0222483206506474,0.000862808800478824,5.64356013135436e-09,0.346302267550549,0.0208465137695357,4.51097223111756e-06,0.609735572612998
"TCGA.BH.A18Q.01A",0.127914887200421,0.00565852762226216,6.25754484275574e-09,0.422558946658324,0.0258243358460045,0.0133058147646737,0.40473748165077
"TCGA.B6.A1KI.01A",0.0189426494323438,1.23254740693442e-05,1.67422777035319e-07,0.492128815576294,6.41503804246054e-05,1.65708713861145e-06,0.488850234626953
"TCGA.A7.A26G.01A",1.21899753505798e-07,7.32027722996352e-07,1.45506066952928e-05,0.999984066933005,5.84113154440922e-08,4.57343814724678e-07,1.27776928078284e-08
"TCGA.AO.A03M.01B",0.0295239100031126,0.0263520931488945,9.94799939820189e-09,0.337008122368709,0.0851968829875535,0.0211976909716317,0.5007212905721
"TCGA.A2.A0CS.01A",1.28453265555105e-05,5.85134956711734e-08,4.22261988629235e-05,0.999943696964692,6.89741409333941e-07,4.68418518078524e-07,1.48364668273281e-08
"TCGA.C8.A12W.01A",1.1532098616106e-08,2.49767513187612e-08,4.36205636015765e-06,0.896670156809113,0.10330445043884,2.09852002666429e-05,8.98656980471984e-09
"TCGA.E2.A1IU.01A",0.0235183064482564,0.00690708435343461,6.08685915501164e-09,0.290885427899731,0.0283071856225912,0.00495619526946237,0.645425794319666
"TCGA.B6.A0I9.01A",4.43727813590853e-08,0.00502582049111178,8.77318935359879e-10,0.212348845802572,0.0578423428185603,8.57370143859074e-05,0.72469720862327
"TCGA.AO.A128.01A",7.85685710473084e-09,0.158291719227155,2.26159302551383e-06,1.39450578237321e-07,0.830135936919771,0.0115699181029759,1.68496374992378e-08
"TCGA.A7.A3J0.01A",2.23682968569815e-08,0.0111438971474139,6.36762826122916e-09,0.052475718375849,0.0636338917008842,0.00968295462450895,0.863063509415419
"TCGA.E9.A1NE.01A",0.223172748916139,0.0583781931458472,3.54086942067762e-09,0.529119173820263,0.0419888902515065,0.0350430542144395,0.112297936110935
"TCGA.AC.A2FB.01A",0.309742895362163,0.0220894001388236,0.00404000200728406,0.355565806639424,0.0340425318403737,0.0221471244341711,0.252372239577761
"TCGA.AR.A5QP.01A",0.0293745465019441,2.64799592203437e-06,2.37902413422156e-06,0.969446905648854,2.51347277132695e-09,1.52638949161271e-06,0.00117199192618111
"TCGA.A2.A0T4.01A",0.0681515108637227,2.4706835147024e-05,4.72499581803117e-06,0.901535330648,0.00980647542038408,0.0204750002690746,2.2509678536757e-06
"TCGA.BH.A0BL.01A",0.00653733517195848,0.00302929636106026,1.95162111364481e-05,0.964582784209441,0.0258306638221759,4.00994687532621e-07,3.22954049064828e-09
"TCGA.BH.A0HY.01A",0.0104042182262453,5.46069297626963e-07,2.37033094279288e-07,0.549121491490686,0.00029991238379795,4.80421782596228e-07,0.440173114375096
"TCGA.E9.A2JT.01A",0.403697045996315,0.0543812926161017,0.0675727793368618,0.296687743843519,0.0182325203993245,0.121389724323886,0.0380388934839923
"TCGA.A7.A3IY.01A",0.0164570498111605,0.000252059386046771,1.22057534710236e-07,0.680281267642831,0.0737673858002892,5.17818340174239e-08,0.229242063520304
"TCGA.A8.A085.01A",0.00800820289715476,5.76638547367953e-05,1.55641989004608e-07,0.492939299078353,0.00359613743553953,3.98234580009021e-07,0.495398142857647
"TCGA.AO.A12B.01A",7.85813958466607e-09,0.00659393828498071,1.70081852922645e-07,0.157643923221632,0.0879731585082905,1.91282855572256e-08,0.747788782916818
"TCGA.A8.A06Y.01A",2.21607357554277e-08,0.000723665115827491,0.0420149469063168,0.130966190020826,0.021546019676758,0.00509979678968472,0.799649359329851
"TCGA.A8.A09I.01A",1.14438665859001e-07,0.00602561961546753,6.51045666063594e-07,0.555923930093781,0.060840320468001,3.89959430610669e-08,0.377209325342475
"TCGA.A8.A0A2.01A",0.00900263967650323,0.00381016003386804,9.93984402747329e-08,0.612422455358854,0.0206134893737512,0.00122315548603624,0.352928000672547
"TCGA.AC.A2FE.01A",0.11702166064679,0.0350651020904628,3.10174917658164e-08,0.538147701963031,0.0796826625009003,0.0186888390348875,0.211394002746437
"TCGA.A7.A13D.01B",0.000344226690720264,0.000174333062372945,2.53330942608774e-07,0.706558263640598,9.52493340080366e-09,0.000521934809342202,0.29240097894109
"TCGA.A8.A08J.01A",4.15935549202042e-07,2.51810359186572e-07,6.65430443504731e-06,0.821229882080748,0.0289573701169478,2.26945949544419e-06,0.149803156292466
"TCGA.5T.A9QA.01A",3.0110078991683e-09,0.00340187197126819,3.48531214987863e-08,0.0473373642495003,0.0476249022540284,0.0045603633701601,0.897075460290914
"TCGA.A1.A0SQ.01A",0.0293529467862361,8.00156740520725e-07,1.45952512406553e-09,0.186529782064543,0.020055381446951,0.0010330013565442,0.76302808672946
"TCGA.AC.A3QP.01A",0.00639131296101353,0.00443212068773486,4.03758774450815e-08,0.611892457619683,0.0305207855222087,0.00968227268138159,0.337081010152101
"TCGA.D8.A1JB.01A",0.187996507771652,0.0310614002678089,5.43073372211894e-07,0.484182669504047,0.0332062217642277,0.0581804194039574,0.205372238214934
"TCGA.BH.A18S.01A",1.22197846109412e-06,0.00143321401707308,1.01270502061906e-09,0.195257006104961,0.0237690484452449,0.00271373216776644,0.776825776273789
"TCGA.A2.A0CW.01A",0.0148529233538953,0.00592215541938082,4.74435258941929e-08,0.191780451330608,0.0332915691033072,0.00257448989851825,0.751578363450764
"TCGA.A8.A09K.01A",0.00815945979728214,0.0237826169395029,6.6848205299321e-08,0.0670614844569548,0.0469340163671611,0.0168869551674826,0.837175400423411
"TCGA.E9.A22G.01A",0.00472768163584922,0.00275706766917517,7.70982314227669e-09,0.102740523657802,0.0212003240528734,0.00437253001965891,0.864201865254818
"TCGA.E2.A573.01A",0.0525565520583966,0.0142579348570877,0.00401588434746496,0.263792649938643,0.0759235511105833,0.0496282605185782,0.539825167169247
"TCGA.AR.A0TP.01A",0.14705685129548,7.42855866636565e-07,6.87504062515084e-08,0.35259888419578,0.00808483591457926,0.00352799765807159,0.488730619329817
"TCGA.AO.A1KT.01A",3.21333843598448e-05,4.87848636337008e-08,0.00021997725411864,0.979806910747798,0.0199408170553623,8.2261675049433e-08,3.05118221884833e-08
"TCGA.BH.A203.01A",0.0283412610098012,0.00902151847789925,1.86997534676403e-07,0.419314423982083,0.0470562677187542,0.000968090408438,0.495298251405489
"TCGA.B6.A0RM.01A",1.7891053399984e-08,0.00406927840412796,4.90635122798276e-09,0.188180043106396,0.0250325285473373,0.000388203484961055,0.782329923659773
"TCGA.A1.A0SP.01A",0.0343321787866771,0.000578821100040815,6.62868077788609e-08,0.237115473533176,0.0487446892617444,0.00451194190664084,0.674716829124913
"TCGA.A1.A0SB.01A",0.256745657888661,1.90126276990461e-07,1.8558129060371e-07,0.510819712258374,0.00507975671955724,0.00158036185216647,0.225774135573674
"TCGA.AC.A6IV.01A",7.73080720051927e-05,3.05424022436997e-05,4.44342955763309e-05,0.934217306398479,0.0655792294390372,3.63154075812211e-05,1.4863985077159e-05
"TCGA.OL.A5RY.01A",1.17916142962129e-07,0.00849954822202391,2.20377763896308e-07,0.933078589760891,0.0575046296027284,0.000916832831037238,6.12894128914672e-08
"TCGA.LL.A7SZ.01A",0.042788923879975,0.00517140526322116,0.0282550431152295,0.267064279778884,0.147506649964463,0.0635724452178698,0.445641252780357
"TCGA.AO.A03R.01A",0.0909555129522602,0.00383458930924723,1.09059003595706e-08,0.126181648154797,0.0141403259889858,0.0232777042066807,0.741610208482128
"TCGA.EW.A1PD.01A",0.0236817977114766,0.00286343323856103,7.68453050683391e-07,0.750684863119248,0.033969650917324,8.64979342390212e-06,0.188790836766915
"TCGA.BH.A1FG.01A",1.99474058172848e-07,0.00196241240456907,7.82352598633508e-06,0.207563322911898,0.0141425408184311,4.30730133043198e-09,0.776323696557756
"TCGA.AO.A0JA.01A",0.131629661345457,0.0630675539592642,0.000899774637504727,0.788072861088746,0.0163301250608182,2.34771589637385e-08,4.3105075675577e-10
"TCGA.A2.A04T.01A",0.13161166806856,0.0135132164659876,3.89640394750455e-08,0.259792942670677,0.0596296038505231,0.0175616614203037,0.517890868559909
"TCGA.BH.A0DH.01A",0.0323957018804906,2.83224723791942e-07,0.0121602242938679,0.411020073297862,0.0101530213317841,3.1093731539909e-06,0.534267586598118
"TCGA.D8.A1XF.01A",6.92189274276287e-09,0.00931207782120288,1.9510214066618e-08,0.121239503832613,0.0433701416208039,2.60380126953742e-08,0.82607822425526
"TCGA.A8.A06T.01A",0.0256288465561609,0.00494859499074062,1.29842461498962e-07,0.446935134307948,0.00646363484103048,0.00472869901624164,0.511294960445417
"TCGA.LL.A50Y.01A",0.0126811658785412,0.00434723454351639,4.88156501339717e-08,0.269415856441346,0.0414225464114606,0.0102913633025117,0.661841784606974
"TCGA.E9.A3QA.01A",0.0710582654349919,0.0136998856996763,2.22039635440876e-08,0.168928058158333,0.100945475344856,0.0412321070746551,0.604136186083524
"TCGA.EW.A2FW.01A",0.0365175091809337,0.00410901268746721,1.24533918499704e-08,0.400328033004326,0.0336939191780049,0.00040733062977047,0.524944182866106
"TCGA.AR.A2LN.01A",1.40479651953271e-07,7.23761806655995e-05,2.44576729450164e-07,0.999909132619813,3.04228023219983e-06,1.50587148677179e-05,5.14804039192786e-09
"TCGA.E9.A22B.01A",0.0340464833741251,0.00219258572115349,1.34571656290413e-07,0.692308264164547,0.0183711388963374,1.24774202781181e-06,0.253080145530153
"TCGA.A8.A07P.01A",0.0208691629360529,5.35871450054959e-09,0.00108695298082767,0.512408306356731,0.0142045506277494,5.20236288006165e-08,0.451430969716296
"TCGA.A8.A06Z.01A",1.72690065111453e-07,3.33272945200764e-07,4.03688414112692e-09,0.062951613422207,0.0210532878793098,0.00325001457900991,0.912744574119579
"TCGA.LL.A740.01A",0.00195420366582333,1.08515844805498e-06,1.37506302261195e-06,0.956233148304775,0.0418090424417919,8.44112057306093e-07,3.01254081347755e-07
"TCGA.A7.A0CE.01A",0.0234583284005277,0.000527093092025006,5.99157732228526e-08,0.198020467076601,0.017659630341112,0.00719095036723628,0.753143470806725
"TCGA.A8.A08L.01A",0.0150165410492771,0.0105657365912235,9.48596128979308e-08,0.295905965521509,0.0413141517095419,0.0217197993165051,0.61547771095233
"TCGA.A8.A06Q.01A",6.98484748085754e-08,0.0011609142001016,4.63237044940236e-07,0.0657721900961844,0.0159095518502993,0.000294314916901789,0.916862495850993
"TCGA.B6.A0IK.01A",0.0464710415768256,0.00316169352789395,1.18476346326392e-07,0.302981247391437,0.0254172741067359,0.00365001723367321,0.618318607687088
"TCGA.BH.A1EW.01A",0.0819143222805571,0.00680256630192301,2.0509207944569e-08,0.432829274353005,0.026216904977263,8.39673074424073e-08,0.452236827610736
"TCGA.A8.A090.01A",4.62668645456825e-07,0.00213452695850792,3.12848593656155e-05,0.67528922482494,0.0742926879622389,2.64543020750701e-08,0.248251786272
"TCGA.BH.A28Q.01A",0.0302348377847229,0.000735798576327396,1.30876851275284e-07,0.652580585980965,0.00493323246969386,0.000100329573083558,0.311415084738356
"TCGA.A8.A07L.01A",0.00785863892086038,0.00114950344815296,2.64977878175758e-07,0.54935811436513,0.0211003033107051,8.10732228907074e-09,0.420533166869951
"TCGA.BH.A0AZ.01A",1.38082512565106e-07,4.89751062511477e-07,1.65392986094722e-06,0.999947327539109,4.97293899570319e-05,3.84447992736303e-07,2.76859505046758e-07
"TCGA.A8.A076.01A",1.62589347634761e-07,0.000200032125396109,2.28694139408558e-07,0.968720003844947,0.0309736149658115,0.000105910489804645,4.72905541075892e-08
"TCGA.D8.A1JI.01A",8.90919226525639e-07,0.00247100084486797,2.91418643725733e-05,0.101749122841439,0.0251805143227137,0.000698681604841291,0.869870647602539
"TCGA.GM.A2DC.01A",3.30929013633411e-08,0.00445651283583981,8.94902829402357e-08,0.182648869051532,0.0244621416116676,0.00487236923323418,0.783559984684542
"TCGA.A8.A09T.01A",5.89596740553579e-07,9.22801678459369e-06,0.000874814034229399,0.855962493891025,0.00176665376713559,1.50401892188109e-07,0.141386070292192
"TCGA.AC.A5XS.01A",0.0477483105324849,0.0110576116888726,2.63631045263634e-08,0.502567059521751,0.0419521217027599,0.00962899909551336,0.387045871095514
"TCGA.A2.A0YJ.01A",0.0199286494243651,0.00198440736554617,1.03309174708365e-07,0.34426555136619,0.0290735400813199,1.23163193562033e-06,0.604746516821469
"TCGA.A2.A0SW.01A",8.0661690024126e-07,0.0353942977314755,0.00844033914059361,0.693572045281656,0.0794127163703706,0.0162478684641216,0.166931926394883
"TCGA.AR.A1AI.01A",0.0537930109441437,0.0296132061767069,2.21562301363602e-08,0.211151550351474,0.123551335192408,0.0451133713194006,0.536777503859637
"TCGA.BH.AB28.01A",0.0843602419287797,7.9429481832667e-07,1.07143173003597e-07,0.576094593208513,0.0103953511570572,2.56459829296655e-06,0.329146347669366
"TCGA.E2.A1LA.01A",0.030280060411941,0.0214569685356479,9.58878777868415e-07,0.452732623485768,0.0654410572752468,0.0437254777282743,0.386362853684344
"TCGA.A8.A09V.01A",2.81062909694152e-05,0.000493568659052152,3.53768165343584e-08,0.99939258494168,6.08078014241101e-09,8.52302836006159e-05,4.68367101368227e-07
"TCGA.WT.AB44.01A",0.0128231724439614,7.25377565000005e-08,1.76175171003203e-07,0.45353870305456,0.0102501052494612,0.000171464036829947,0.52321630650226
"TCGA.E9.A1R5.01A",1.97951130573226e-08,0.000211108340399437,0.000932437110835405,0.998823298892672,5.87235104823538e-09,3.3116801941231e-05,1.31866880501597e-08
"TCGA.A2.A25B.01A",0.036833631197083,8.12895074851238e-07,7.83442281858554e-09,0.935994652677243,0.0271113038065569,2.6369348324577e-05,3.32222412945596e-05
"TCGA.AN.A03Y.01A",0.02260261000491,0.0083035061058758,2.25522800140099e-08,0.263886105154579,0.0189764214610424,0.00127037423766317,0.68496096048365
"TCGA.LQ.A4E4.01A",0.000419536407841871,4.77144031545718e-07,1.99925116845719e-05,0.298649449463989,0.0137515759232863,7.20142926731057e-09,0.687158961347737
"TCGA.A7.A0DC.01A",7.18210224895229e-09,0.00226770613569909,3.14222125159027e-08,0.0986713258837546,0.0171939192739102,1.6460558759748e-07,0.881866845496734
"TCGA.OL.A97C.01A",1.66359033123725e-06,0.0185346841202246,2.84231559649325e-08,0.883838242565523,0.0367274497419526,0.020096628936292,0.0408013026225207
"TCGA.BH.A0DX.01A",1.96196833088197e-07,5.35539643318576e-08,1.7054323717114e-05,0.809092300803475,0.190890384301967,1.05860436636222e-08,2.33999813767011e-10
"TCGA.AC.A4ZE.01A",7.91331359148942e-07,0.0135762727405855,8.70722551001936e-09,0.148008430084577,0.0318850225939816,0.00125328743089743,0.805276187111374
"TCGA.D8.A27I.01A",1.67469333889312e-06,0.00174370748998109,9.12489597192321e-08,0.979984367941285,0.0182695854715934,4.45725822796332e-07,1.27429019375521e-07
"TCGA.A8.A09X.01A",0.0459093323148239,0.0229200233513893,1.96535562943272e-08,0.607715788616056,0.0800183657354223,0.0058653428069782,0.237571127521774
"TCGA.OL.A6VR.01A",0.0437090788851324,3.49964222970238e-07,1.37571385173055e-08,0.189582026201886,0.020079780520769,0.00376795335495042,0.7428607973159
"TCGA.A2.A0D3.01A",0.0330016115261688,0.00913913264380227,1.9119298138613e-07,0.295624612853745,0.0207020464646315,0.00356026400700324,0.637972141311668
"TCGA.S3.AA14.01A",0.0367606876620079,0.000531175430726185,0.000157324798456391,0.694998643708683,5.97678137512357e-08,3.08356069050448e-05,0.267521273025408
"TCGA.B6.A40C.01A",0.049344837336771,0.000510963203057519,1.12215479308075e-07,0.637764547453393,0.01637858009582,2.73416359997964e-06,0.295998225531879
"TCGA.E9.A1RD.01A",0.00291105584209338,0.000151958668171892,1.22472708281472e-06,0.622927828757934,0.00817547202919504,1.01715297504554e-07,0.365832358260226
"TCGA.PL.A8LV.01A",0.0122038875825428,0.00644755790835466,0.00122760656853553,0.272706804824106,0.0371663232839107,0.0102801686908679,0.659967651141682
"TCGA.A7.A6VX.01A",8.69734129338045e-06,4.96851624288028e-08,5.48245073194905e-07,0.98762919582374,0.0123613533340554,1.16275548796735e-07,3.92951274100273e-08
"TCGA.C8.A8HR.01A",4.3347254306798e-08,3.0825169810832e-06,2.03996684942353e-05,0.999103084596682,0.000744726529685673,9.26554505150821e-05,3.60078903875965e-05
"TCGA.EW.A1PB.01A",1.0875142410341e-06,0.0244564092396047,0.000215234215025108,2.07052301339041e-07,0.566465698588578,0.147172164411715,0.261689198978535
"TCGA.BH.A0DL.01A",7.35324807303032e-07,0.0101271053839811,2.64148805665051e-08,0.061716375628649,0.131080492471245,0.0150153962477559,0.782059868528682
"TCGA.GM.A2DF.01A",0.0270594500497277,0.0121050742698546,0.0115950712099419,0.307363779249381,0.0450610869021015,0.0184049777443559,0.578410560574638
"TCGA.C8.A131.01A",0.017804653762831,0.000509947209596995,1.14431237271187e-07,0.530273490658491,0.0170790137924524,4.42136848757204e-06,0.434328358776903
"TCGA.B6.A409.01A",0.0303007641022247,0.000745840500362282,4.97270674271602e-08,0.227856976606878,0.0233586998385682,0.00574737765358811,0.711990291571311
"TCGA.A2.A0SY.01A",0.0407329850098399,0.000338644452946195,0.000111065841272196,0.866793249575984,0.0121996126570392,4.32313395661911e-07,0.079824010149523
"TCGA.AO.A12A.01A",0.118589228873793,0.00164563482668504,7.72896139782653e-07,0.728382151015245,0.00814426772512874,0.00110372076719825,0.14213422389581
"TCGA.A2.A0CY.01A",7.38632597211969e-08,0.00154905013895651,2.08350483608894e-09,0.0519563718007468,0.0106952126932293,0.0026733130532388,0.933125976367064
"TCGA.AN.A0G0.01A",9.23772357226005e-07,0.00131686741934883,6.03319336709243e-08,0.446361717206355,0.0630001099813358,7.40270045987129e-09,0.489320313885969
"TCGA.A2.A3XT.01A",7.92139290477556e-09,0.00742013801321817,4.80164442093991e-08,0.190653555974297,0.146289822504979,0.00617155881234082,0.649464868757328
"TCGA.AQ.A1H2.01A",5.32722198108015e-07,3.35022572253803e-06,4.87443797028534e-08,0.296933553531098,0.0325930451632337,2.51749484919934e-07,0.670469217863883
"TCGA.E2.A1L8.01A",0.00422221832426461,0.000417231130359972,5.01424466293721e-08,0.785021876694291,3.97140730350719e-08,7.39000836038049e-08,0.210338510094481
"TCGA.C8.A26V.01A",8.13775980318182e-06,3.78218448895974e-05,1.8251134578482e-06,0.529765579954409,0.0252132262363235,9.35306188726645e-08,0.444973315560498
"TCGA.A8.A08B.01A",0.0241335722535532,0.0026263796477494,3.98291288969774e-09,0.239848553297663,0.0240712128712884,0.0123900074187127,0.696930270528121
"TCGA.D8.A1XJ.01A",0.000276934257135411,0.000165043196654844,1.44514698307253e-06,0.627365822221958,0.0160517093678438,6.90187356680114e-08,0.356138976790689
"TCGA.AO.A0JC.01A",0.604092863991863,0.135612688708224,0.0187008527580178,0.150775778375577,0.0308146976474163,0.0600031043679809,1.41509216124227e-08
"TCGA.AR.A0U0.01A",0.0456680930605426,0.0189230358767142,1.75868092726515e-06,0.15050095911461,0.0572008063623875,0.0581112406516784,0.66959410625314
"TCGA.A7.A6VV.01A",1.94017295800411e-08,3.78246284355048e-08,1.40040502551556e-07,0.894836220305082,0.105162325205206,1.18847377655605e-06,6.87490748416258e-08
"TCGA.B6.A3ZX.01A",0.337702370204374,0.0390912579948407,0.0224174275974077,0.286439317241212,0.0373924305402232,0.0319260164250122,0.24503117999693
"TCGA.AR.A24L.01A",3.258483001487e-09,1.38757243170408e-06,6.39987312408545e-08,0.999996473883543,2.61056237173755e-09,2.04772428480274e-06,2.09519639699833e-08
"TCGA.EW.A1OW.01A",0.0659435180875505,0.00256839335893435,0.000387783466586051,0.868760590836673,0.0262348345816293,0.0360182559082959,8.66237603306379e-05
"TCGA.EW.A1P3.01A",0.0480906139703133,2.15677389653996e-07,3.76932260080319e-07,0.370310145037584,0.00708913827038177,0.00173653383117207,0.572772976280899
"TCGA.LL.A7T0.01A",0.0189888627308326,0.0108019879994738,5.96230849673073e-08,0.253937698955851,0.0444201245189305,0.0103536545190369,0.66149761165279
"TCGA.B6.A0I8.01A",1.08505358372213e-06,6.50905023625681e-09,6.68640006741727e-05,0.451691838355726,0.0254958047690851,4.82647992231857e-08,0.522744353047081
