"","cellFractions.CD4.T","cellFractions.CD8.T","cellFractions.DC","cellFractions.Fibroblasts","cellFractions.Monocytes","cellFractions.NK","cellFractions.otherCells"
"TCGA.C5.A7UI.01A",0.015339669444185,0.00891086336892565,5.05914795357532e-09,0.0382506118748498,0.03497120674337,0.0507090395077332,0.851818604001789
"TCGA.C5.A902.01A",1.86458192918766e-07,0.0323156248926583,9.03600014603581e-09,0.0318739485523354,0.0412429109875739,0.105436154751272,0.789131165321967
"TCGA.DS.A1OB.01A",2.94729281389336e-07,0.00135123328800676,3.72728568660629e-08,0.0599655045478997,0.0517819791989753,0.00202471479605471,0.884876236166925
"TCGA.Q1.A6DW.01A",4.77589136464002e-09,0.00933848839721544,8.83550544814246e-09,0.192066860582078,0.0843299851959316,0.0103091667318821,0.703955485481496
"TCGA.EK.A2R7.01A",1.64265341897935e-08,0.0169869166784426,3.05097819149238e-08,0.174308060868275,0.0674476754222193,0.0260858550929228,0.715171445001824
"TCGA.C5.A7X8.01A",0.0553796049413906,3.31393120856785e-07,0.0175453608908918,0.608415205823122,0.00178892739270812,0.00602246057060451,0.310848108988162
"TCGA.Q1.A5R3.01A",9.68397337125871e-08,0.00976271928097919,1.07411568315717e-08,0.124147067199597,0.121948763439296,0.0362437306382217,0.707897611861016
"TCGA.C5.A7X5.01A",1.54552392398541e-08,3.1411374466679e-05,1.27571142573494e-09,0.0898135582429167,0.0280077782981134,0.000764580093167642,0.881382655260385
"TCGA.ZJ.A8QR.01A",4.01280199121908e-09,0.00290119424746889,3.79765578227376e-06,0.0717044242603233,0.0484220585899116,0.00698393014934535,0.869984591084367
"TCGA.HM.A3JK.01A",7.76591732178091e-08,7.14912254189432e-06,3.6767277904794e-08,0.928155762816743,0.0718322923003796,4.62702297953894e-06,5.43109052729721e-08
"TCGA.EA.A556.01A",7.19798719700947e-08,0.0014106607365295,4.39816556729963e-05,0.772382769453474,0.0111121022930033,1.01658517864434e-07,0.215050312222931
"TCGA.VS.A9V4.01A",0.0132429301598863,0.00351322498189222,0.00956412043678474,0.0434182706884623,0.00827811012067786,0.000289942162792234,0.921693401449504
"TCGA.IR.A3L7.01A",2.76427847478824e-09,0.00378218191120186,6.31380491728417e-09,0.220572164492645,0.0660970748187202,1.74040308084835e-05,0.709531165668541
"TCGA.EK.A2RL.01A",4.33674492277131e-09,0.0105785328695106,0.000487825802140694,0.164049592273519,0.0315477987163262,0.00196915295252571,0.791367093049233
"TCGA.VS.A94X.01A",1.1181326439639e-06,0.0170326238619393,9.49680313284959e-06,0.375221616571623,0.51468560613705,3.64050243506034e-07,0.0930491744433673
"TCGA.VS.A9V3.01A",2.98967734893922e-08,0.0144613855709871,1.72058235303426e-08,0.0924990931741226,0.103158542445419,0.014405128799606,0.775475802907268
"TCGA.EK.A2RO.01A",0.00438772003611275,0.000302773108192309,3.53163267465873e-08,0.46895481210884,0.00109017685042116,0.00325278228386552,0.522011700296242
"TCGA.JW.A5VJ.01A",2.13129016688064e-09,0.00420284311961799,2.076742031682e-08,0.0671160420270115,0.0513096597358836,0.000698137566489726,0.876673294652287
"TCGA.MA.AA42.01A",6.5923087989737e-07,0.118789698709632,2.68229238809471e-07,4.13787608995806e-08,0.218251704960672,0.284572942081041,0.378384685409776
"TCGA.C5.A1MK.01A",0.00213814461149839,0.00162111532245892,9.50970116002319e-09,0.5027608509639,0.0153366686825097,0.000458534652637436,0.477684676257295
"TCGA.UC.A7PG.01A",6.66039737059788e-09,0.00687922184545439,5.7942145099448e-09,0.143256165355101,0.0571370957989985,0.000574213734126837,0.792153290811708
"TCGA.VS.A9UH.01A",1.72328375083882e-07,0.0651749781287212,1.01055213832468e-08,1.67802092382764e-07,0.5379433555649,0.134156449175832,0.262724866894557
"TCGA.4J.AA1J.01A",0.0445154064346874,1.64179342419804e-05,1.03757268354166e-08,0.471443237764271,0.0294789465238434,0.00820813898913627,0.446337841978093
"TCGA.C5.A1ME.01A",1.06079640023965e-07,0.0169904026469647,1.55613418153041e-07,0.0883420053019136,0.0453331756483282,0.0192838282768151,0.83005032643292
"TCGA.C5.A8YR.01A",9.84099117022698e-08,0.00550737431565217,7.5928551991341e-09,3.9701539636651e-07,0.100945138636972,0.0584651458609496,0.835081838168263
"TCGA.EA.A5FO.01A",1.86646344293643e-09,0.00917538476916887,2.27504426584567e-10,0.0641134943715862,0.0501734192417478,5.26588355475496e-06,0.876532433639974
"TCGA.MA.AA3Z.01A",0.000262642551229116,0.0332680317949181,9.61571818547691e-09,0.0492834245999731,0.0786589316321665,0.0508633570143433,0.787663602791652
"TCGA.C5.A8XJ.01A",0.0233842447557307,0.0139059735669118,2.10264708303048e-08,0.378415733477254,0.0432323213185197,0.0260476380180578,0.515014067837055
"TCGA.R2.A69V.01A",7.52117861739305e-07,0.114500653747233,1.02451227318168e-08,1.01208626138594e-05,0.513777406496705,0.249323501233152,0.122387555297311
"TCGA.C5.A1BM.01A",8.26747023925217e-07,0.00402916630208062,2.70949983702229e-08,0.000316687525420241,0.161703621543648,0.00704512154541665,0.826904549241412
"TCGA.ZJ.AAXD.01A",6.802414351994e-06,0.0115511678772673,2.05646779578047e-09,0.355977637101745,0.0624764872113635,0.00619971111659766,0.563788192222207
"TCGA.HM.A4S6.01A",1.24450445562708e-08,0.0228524423050739,6.87473479396766e-07,0.139315403556687,0.14309340568399,0.0493479489337414,0.645390099601984
"TCGA.EA.A5ZF.01A",5.96624896972035e-08,0.00108726693927542,1.99761471835107e-08,0.610505563227771,0.0660495545731085,2.62633213539134e-07,0.322357272987994
"TCGA.C5.A1M6.01A",2.76659380774461e-08,0.00668473387276951,1.11851018035558e-08,0.242701972016479,0.0855870843559744,4.52646390727106e-08,0.665026125639099
"TCGA.DG.A2KK.01A",1.14149383969362e-08,0.0295033096469373,4.86995766685024e-09,0.165127753162607,0.176378560536739,0.000513452189711188,0.628476908179109
"TCGA.HG.A2PA.01A",8.85741186824506e-07,0.026424045295231,9.78271118485577e-09,0.380726962796983,0.111342636202962,0.0148318754127775,0.466673584768149
"TCGA.VS.A8EH.01A",4.39081415808023e-09,0.00516840288840395,1.22643686688811e-09,0.237839343194104,0.309989558008535,0.00102092826661849,0.445981762025088
"TCGA.FU.A5XV.01A",6.0623940324324e-09,0.00401985443162133,7.94486936123603e-06,0.340413911425091,0.0991873796345503,5.27143335668511e-07,0.556370376433646
"TCGA.C5.A1MF.01A",1.28339372634368e-07,0.00328093501431237,3.37204894166813e-08,0.0746089719499308,0.041551785628324,0.0242908575870759,0.856267287760495
"TCGA.EX.A449.01A",4.52577595964069e-07,1.33112344537891e-06,0.0600618949425679,0.172263936255983,0.0346184575037257,0.0362176744806161,0.696836253116066
"TCGA.C5.A2LX.01A",0.119208797379228,0.0441814775175907,1.89335079958544e-08,0.028365011522349,0.0620392230804906,0.0722026492679451,0.674002822298889
"TCGA.HM.A3JJ.01A",1.94732464760165e-06,0.0116878402129544,3.40191019793078e-06,0.566070360039161,0.10001428651313,0.00880944157339834,0.31341272242651
"TCGA.LP.A4AW.01A",0.121663384214082,0.000377656320759789,5.13442726076609e-06,0.868925930258386,0.00887423848273276,0.000151855099755501,1.80119702256323e-06
"TCGA.C5.A8XH.01A",3.09226408039397e-08,0.00777980085263243,1.75510430455358e-08,0.0467721366412384,0.0713332905740667,0.0212362162461101,0.852878507212268
"TCGA.EK.A2RE.01A",5.59748369258338e-09,0.00127193785858353,3.14763334079681e-09,0.124820638508239,0.0474296306572624,2.64573944538913e-06,0.826475138491352
"TCGA.EK.A2RC.01A",4.57370611956658e-09,0.0229518883417159,3.71238481532165e-08,0.305989665541036,0.0815078582782359,0.0124611594791991,0.577089386662259
"TCGA.EA.A3HU.01A",4.63016139207626e-09,0.0255175243256674,5.3819250997195e-05,4.17813347484454e-05,0.12942283591299,0.266811081622702,0.578152952922734
"TCGA.EK.A2PI.01A",2.01231316787337e-08,1.1109768417929e-07,5.67822762442041e-06,0.251932770894753,0.0368870910270962,0.00123312521038787,0.709941203419322
"TCGA.EX.A8YF.01A",0.0116612573567149,0.0357416977952095,0.0125726771633298,0.0564168432740772,0.0499229883799167,0.0440080876208121,0.78967644840994
"TCGA.C5.A7UC.01A",7.94106155944251e-08,0.00292412464700112,4.23199137509125e-08,0.202947904959933,0.0828461093200492,4.08142163180998e-08,0.711281698528271
"TCGA.EA.A3QE.01A",0.0328767019002076,0.0372649497622191,2.93379222197435e-09,0.0700167042403355,0.0751145363672776,0.0590501107752386,0.725676994020929
"TCGA.EA.A4BA.01A",6.2321635086497e-06,0.00327204402581088,2.43348535927709e-08,0.290194318252641,0.0297560285823239,8.63888207913791e-09,0.676771344001979
"TCGA.EA.A411.01A",0.0527888893556037,7.02979804654416e-07,5.78060439156578e-07,0.600727864799075,0.0157277129332142,1.92504217811093e-06,0.330752326829686
"TCGA.IR.A3LL.01A",2.23238714873786e-08,0.0454587319677888,2.33426001663918e-05,1.31172054392476e-08,0.106535087775147,0.0657879962427174,0.782194805973103
"TCGA.IR.A3LF.01A",0.0302537230071812,0.0113169859383096,0.00120422650671866,0.179538186317764,0.0224598620101737,0.00580127522730936,0.749425740992544
"TCGA.EK.A3GJ.01A",1.48831301496559e-05,0.0196386957446278,1.83222714402704e-06,8.72141917739009e-09,0.0962034143861168,0.0420794255611081,0.842061740229434
"TCGA.ZJ.AAXI.01A",1.92179123318686e-09,0.00238499237536036,1.76092036483275e-09,0.0436911267272253,0.0497191681769015,0.0042878685948773,0.899916840442924
"TCGA.C5.A1BI.01B",4.51361771182412e-08,0.0172670538661731,6.65655366405792e-09,0.184550043826769,0.07606612262251,0.0249185609024617,0.697198166989355
"TCGA.EK.A3GK.01A",4.60599477541638e-08,0.0245126179351669,3.93694904676282e-09,0.0525177707892532,0.0514110940546914,0.0127495521440049,0.858808915079987
"TCGA.EA.A3HT.01A",2.10414442331696e-07,0.00772891835555442,1.02553522851931e-05,0.741995626817088,0.127968234698909,3.29563361584218e-08,0.122296721405384
"TCGA.C5.A2M1.01A",1.0766945117458e-07,0.0434802738692112,4.84497175817806e-08,0.0554423237794434,0.153829379341232,0.0252591898621448,0.7219886770288
"TCGA.VS.AA62.01A",5.19675064909836e-09,0.0558553188544043,3.18127279676147e-08,0.18346612110642,0.206140179930617,0.0463683551979533,0.508169987901127
"TCGA.JW.A5VL.01A",5.78288913634016e-08,0.0115354920432598,5.43183440901046e-08,1.65585527199318e-05,0.104297496077445,0.0541159047871408,0.830034436392199
"TCGA.EK.A2IR.01A",0.00492470132698643,1.10749587440916e-08,2.19772130236675e-08,0.0493801372200683,0.010979270111159,0.00794493661864051,0.926770921670974
"TCGA.VS.A9UD.01A",3.78099669288812e-08,0.0758147472842807,3.0721381354007e-05,1.0939168767917e-07,0.195659334602018,0.149866687038545,0.578628362492147
"TCGA.VS.A9UR.01A",3.22627454415627e-09,0.00810430231311036,9.96896132100653e-06,0.130728205098385,0.074763219303011,0.00373887319800731,0.782655427899891
"TCGA.FU.A3EO.01A",2.39626876391363e-08,0.00434350620751426,6.81766314250309e-09,0.113532611062378,0.086583367802923,4.55832126341625e-05,0.7954949009342
"TCGA.JX.A3Q0.01A",2.24848584060137e-06,0.0154988090267319,2.62582108893722e-09,0.00917133135034079,0.0736106263128729,0.0265873185540728,0.87512966364432
"TCGA.VS.A8QH.01A",1.06267334869575e-08,0.00140797088129261,0.00337940431903402,0.0570727471401554,0.0117131018960792,0.00193314059691801,0.924493624539787
"TCGA.EK.A2RM.01A",4.01661237250826e-07,0.00327881601519799,1.21597537774136e-08,0.521519438603967,0.041261057597027,7.28719729940026e-07,0.433939545243087
"TCGA.ZJ.AAX8.01A",2.50637433804871e-08,0.0352239360332371,5.36546217798448e-08,0.635700586811227,0.118646982555064,0.00269645383152979,0.207731962050577
"TCGA.DR.A0ZL.01A",1.08163874159786e-07,0.00238739930237404,3.06762741865577e-09,0.0902518029790619,0.0236736295230284,0.00474131413541583,0.878945742828618
"TCGA.2W.A8YY.01A",7.14040332630234e-08,0.00643789156569113,1.31123907927963e-08,0.120191505879945,0.0874534829486713,0.00719238392170041,0.778724651167568
"TCGA.BI.A0VR.01A",8.71797333766178e-08,0.0277331186942005,4.10182259269213e-09,0.209084078689745,0.0861727206820391,0.0435029080020695,0.63350708265039
"TCGA.FU.A23L.01A",2.55885747343878e-08,0.0317234151900494,1.55806140488541e-07,0.242935500797644,0.0632615574734086,0.0234546946843883,0.638624650459795
"TCGA.VS.A8EJ.01A",1.07105792705412e-08,0.00399925021925474,5.12620905587998e-05,0.101029729664623,0.0353988539489602,0.00914162063711079,0.850379272728913
"TCGA.DS.A0VK.01A",1.16748426934163e-08,0.00374903257076191,1.78888435934195e-09,0.273962918959103,0.0438721814432384,0.00140849300156096,0.677007360561609
"TCGA.LP.A4AX.01A",1.38916545340414e-07,0.0687003363862298,4.72790593526907e-08,0.0423552842526767,0.222398196599254,0.21828225679342,0.448263739772815
"TCGA.EK.A2RJ.01A",1.10344835312941e-07,0.0203534613562967,3.34683932571707e-09,4.29118300701267e-07,0.0517523278176381,0.0584578930379402,0.86943577497815
"TCGA.JW.A852.01A",6.34292923079536e-09,1.32483776875749e-07,3.6144709930414e-09,0.039360273988217,0.0715504456559646,0.0319601159547287,0.857129021959913
"TCGA.Q1.A73S.01A",4.88378618927718e-05,0.000750332739957665,1.98600545440843e-09,0.0872390590833237,0.0236797619324198,3.55412073698221e-05,0.888246465189031
"TCGA.ZJ.AAXU.01A",0.00332917410933433,0.0228710358684568,0.00425412070128566,0.108727793126867,0.0563964025433718,0.0412604327632507,0.763161040887434
"TCGA.C5.A1MI.01A",0.0580277384101471,0.0227574322012709,9.24969323512785e-09,0.209430207684405,0.029077214956531,0.00564257945949743,0.675064818038456
"TCGA.VS.A8QA.01A",1.90900670366327e-08,0.0213874764420115,2.49831461646349e-08,0.0374784426555745,0.0465122131142263,0.00650594746635007,0.888115876248624
"TCGA.EA.A5ZD.01A",6.08200907952337e-08,0.0091676176077814,1.50597660688915e-08,0.126949997279085,0.142939097576421,0.0100237307170715,0.710919480939784
"TCGA.XS.A8TJ.01A",1.65845494563358e-08,0.00939668838348942,8.73737067716532e-09,0.140150820670264,0.0844268217311386,0.0120333456714393,0.753992298221748
"TCGA.C5.A7CO.01A",6.08462471572431e-09,0.00958901102192429,1.88138555283898e-07,0.0321831242625177,0.0330964155760449,0.00514762884816124,0.919983626068172
"TCGA.MY.A5BF.01A",5.00052468887186e-09,0.0337624782831312,1.73255037714815e-08,0.0369570937109914,0.0675497767171018,0.0364948459245042,0.825235783038243
"TCGA.C5.A1BL.01A",1.63571166701484e-09,0.0205611851629832,2.32186722510762e-07,0.031396514123066,0.0712794585621034,0.0254047408063471,0.851357867523066
"TCGA.C5.A1M5.01A",0.033036576381233,0.0177659530702014,2.33071524433466e-09,0.170831247886764,0.0652852405346023,0.0177335779447194,0.695347401851764
"TCGA.DS.A5RQ.01A",4.00358287376898e-10,0.0142738216934053,3.89609748007459e-06,0.116854691354826,0.10712644199508,6.40996334722517e-08,0.761741084359217
"TCGA.JW.A5VG.01A",3.0867823407327e-08,0.0158268924148307,3.52192224193521e-09,0.0729663832796339,0.192550931530882,0.0700849692987266,0.648570789086181
"TCGA.WL.A834.01A",8.31583274149585e-08,0.00647616339138549,3.17590690108681e-09,0.2541432255294,0.159180867992682,5.23799059259079e-09,0.580199651514308
"TCGA.DS.A1OD.01A",0.209677749047154,0.0961798789318895,1.8902691833208e-08,0.134052783303005,0.0683862784028213,0.0683279296010162,0.423375361811422
"TCGA.Q1.A5R1.01A",1.26667328718743e-08,0.00770506589216803,1.8017476578044e-08,0.146270344146267,0.0920271556356381,7.1282870231652e-08,0.753997332358847
"TCGA.ZJ.AAXF.01A",0.013896822098837,0.0183416007975779,1.52608975018744e-08,0.214940465096989,0.0684430160578331,0.0225871581743158,0.66179092251355
"TCGA.LP.A5U2.01A",2.79977491331667e-08,0.0130240004459218,7.41943761027554e-09,0.0641977396825545,0.0188634621570441,0.0249612608382105,0.878953501459082
"TCGA.C5.A7CK.01A",0.0368324410627146,8.56499485605514e-05,6.33713890920054e-05,0.412235221694089,0.0174103297481926,4.94382453974912e-07,0.533372491774897
"TCGA.ZJ.AB0H.01A",0.00148638589980193,0.0229107502385714,2.1114456501815e-08,0.168642354261628,0.0957657595012993,0.0393279195571119,0.671866809427131
"TCGA.EK.A2R9.01A",5.40344828632243e-07,0.0410851059218359,3.41178125959456e-07,0.456718725221656,0.093191275462044,0.0548854680270598,0.35411854384445
"TCGA.VS.A954.01A",2.43275399895907e-09,0.00699539731816571,2.20960308204719e-08,0.144056992552885,0.0424496295962322,0.018552150096256,0.787945805907676
"TCGA.Q1.A73O.01A",4.43888685127377e-08,0.0270406869247982,8.47094779791673e-09,0.332589744599003,0.254465863254677,0.0191584285272248,0.366745223834481
"TCGA.VS.A9U6.01A",1.45385431861214e-08,0.0135806834957671,4.49340013862441e-08,0.258317999753447,0.106178283908324,0.0213584636951146,0.600564509674803
"TCGA.EK.A3GM.01A",1.02445648033008e-08,0.00300931205613037,0.000697368263431843,0.0609463515449976,0.0152260389269017,0.00285007602669206,0.917270842937282
"TCGA.C5.A7CJ.01A",0.061869249690233,0.00850046212060099,1.04799889171753e-09,0.467365580460644,0.0549577106162278,0.00997567202571779,0.397331324038577
"TCGA.FU.A3WB.01A",5.98829036600802e-08,0.00576199082410363,0.00201876482656623,0.227301207576969,0.0183912237948776,0.00404126692391626,0.742485486170664
"TCGA.VS.A9V1.01A",3.98068048710965e-08,0.000745594597623034,0.0102881140709671,0.107458011970665,0.0386113081556377,0.0193636493529085,0.823533282045394
"TCGA.C5.A1ML.01A",4.54740740448187e-08,0.0116644818939722,1.24136507170924e-07,0.218582721722612,0.263406282405116,8.59740842817064e-06,0.50633774695929
"TCGA.IR.A3LB.01A",3.14037438448188e-07,0.000398547214637529,7.04965002352444e-07,0.738583035998608,0.0150316674596866,0.00153560696076077,0.244450123363866
"TCGA.VS.A9U7.01A",8.05714420001617e-07,0.0223420873063108,2.77127532968888e-08,0.098092220577204,0.13518800621209,0.0438254749522019,0.70055137752502
"TCGA.EK.A2RK.01A",0.00727835602491713,0.00370213461876322,2.58288398087204e-09,0.0186142235859347,0.0400872198159682,0.0333386207402909,0.896979442631242
"TCGA.C5.A905.01A",9.71575809926991e-09,0.00290275756555777,1.49658573217466e-08,0.0557125103270688,0.0367895210526237,0.00821686372433207,0.896378322648802
"TCGA.C5.A3HL.01A",1.78342824178889e-06,0.00969610119728278,6.33977215094339e-08,0.261956975947489,0.235200282043589,0.000698896921177213,0.492445897064499
"TCGA.C5.A1MH.01A",5.05440332466077e-08,0.0339882005903324,3.32110573993871e-08,0.0666114647602416,0.197318786952653,0.0235246492519974,0.678556814689685
"TCGA.Q1.A5R2.01A",5.1363507617367e-09,0.0157798670856036,3.7317453705569e-10,0.101164686747991,0.145427027569588,0.0525113830090334,0.685117030078258
"TCGA.FU.A3HY.01A",9.80752680148612e-09,0.00238491819300536,3.3679455283864e-09,0.0829404770528534,0.0341772289240389,0.00394093677273462,0.876556425881895
"TCGA.EA.A439.01A",0.0310023053239587,0.0093198094146095,2.68093241662313e-07,0.850244321364484,0.0231832963608372,2.11454487500008e-07,0.0862497879883812
"TCGA.C5.A7UH.01A",1.51774736916784e-08,0.00819166485177471,1.56465733238375e-08,0.103670701136751,0.0786049527085031,0.00867169256582687,0.800860957913097
"TCGA.C5.A1M7.01A",0.0339381616297004,4.13522649892733e-07,0.00452746138014376,0.198422842660617,0.0157219646560748,0.00335495339678702,0.744034202754028
"TCGA.EA.A50E.01A",1.43751822320276e-07,0.0032637472017861,6.0593424920384e-09,0.365986059905982,0.0600677056971376,0.000519253927519609,0.57016308345641
"TCGA.VS.A9V5.01A",4.3489845565633e-09,0.00301146425280186,1.80185789570663e-09,0.137384081454383,0.044547501480185,0.000343834530182885,0.814713112131605
"TCGA.BI.A20A.01A",7.52291654499037e-08,0.0225136069120394,4.61148497183764e-08,0.184622396132589,0.113496338514427,0.0285765521663572,0.650790984930573
"TCGA.C5.A2LV.01A",2.28848713816899e-08,0.00916481914659692,6.26448146267028e-09,0.321700752289712,0.328916013165623,0.0429743696535207,0.297244016595194
"TCGA.C5.A2LZ.01A",3.90821083802291e-09,0.0083496436632258,1.86751408469221e-09,0.0679999172828432,0.0620277558522806,0.0296609250501438,0.831961752375782
"TCGA.Q1.A6DV.01A",1.03056270247561e-08,0.0224806717466225,0.00110865173864264,0.127972496764824,0.0393842200627299,0.00226978819881656,0.806784161182737
"TCGA.EK.A3GN.01A",6.05395525132331e-08,8.06143431324966e-10,9.12518293413264e-08,0.13119627390946,0.00580053123891881,3.93078827613144e-05,0.862963734371334
"TCGA.ZJ.A8QQ.01A",9.49982825493417e-09,0.00290970160085138,7.20417462602385e-08,0.0434123804135934,0.0537264918980081,0.00225216748241976,0.897699177063553
"TCGA.LP.A5U3.01A",1.83568585900516e-08,0.00972200439058442,1.01730590546962e-07,0.03190168884699,0.0521271709634688,0.0256960513316843,0.880552964379823
"TCGA.VS.A94Z.01A",7.77131076801667e-07,0.0857072409945731,2.30333918816123e-07,0.000169450800839124,0.144842759725285,0.203470951268809,0.565808589745499
"TCGA.EK.A2PG.01A",2.58335724584803e-09,0.00403781253151085,2.43672736696363e-09,0.0509175524034978,0.0799993797576261,0.00327949048473726,0.861765759802544
"TCGA.DG.A2KL.01A",1.33974607422984e-07,4.05686873686359e-08,2.56823560099299e-07,0.961398111780436,0.0386009999801833,4.08400911933951e-08,4.16032434504311e-07
"TCGA.EA.A6QX.01A",2.32043991918837e-09,0.0133998233088408,1.62905198464843e-08,0.130188938368733,0.0870692449280107,0.0241539923456298,0.745187982437825
"TCGA.VS.A9UT.01A",1.64393164462954e-08,0.113789811787522,0.000107870128288848,3.20189258305748e-08,0.519424906966265,0.272655794124755,0.0940215685349267
"TCGA.C5.A8ZZ.01A",0.0367734630164218,1.73164350430821e-07,0.00167897569038295,0.958568738588181,4.21216897403198e-08,0.00297859971937049,7.69960355986122e-09
"TCGA.VS.A959.01A",0.00126356100245307,0.0137134230854943,0.00388265702281416,0.172459668841337,0.0695231177378471,0.0181138803338746,0.72104369197618
"TCGA.VS.A950.01A",1.92282033424093e-08,0.00257185928874214,0.00311081138660429,0.170637091792225,0.0436253667969507,0.0065759521091584,0.773478899398116
"TCGA.VS.A9UM.01A",7.89537519328763e-08,0.0126158162911726,4.91876351620415e-08,0.240935030946808,0.0504148394241154,0.0172324364854989,0.678801748711018
"TCGA.DS.A0VM.01A",2.25442151326798e-07,0.00173027760166783,4.91682946746044e-10,0.252000294801354,0.0498993116184974,0.0226751018143941,0.673694788230253
"TCGA.VS.A957.01A",4.47209134290763e-08,0.0024117474437832,4.91024898105683e-10,0.039894417455601,0.0432379690304118,0.0113761471209983,0.903079673737267
"TCGA.EA.A3HR.01A",0.00198385317914513,0.0044346720184962,8.09472979349672e-10,0.107746442508088,0.0284507591107318,0.00731666320359685,0.850067609170469
"TCGA.C5.A2M2.01A",4.27646638696396e-09,0.0103215656492249,2.91996600538008e-05,0.0969943452180967,0.0565889282347027,7.83749291433361e-08,0.836065878586526
"TCGA.VS.A9UV.01A",6.94012473909653e-09,0.00141867329978795,0.000415797380966518,0.0379144986678506,0.020247029707804,0.00674720508331459,0.933256788920152
"TCGA.EX.A3L1.01A",0.000171321654422242,0.00741599491124205,4.9487128272955e-09,0.376146768332123,0.208493917063758,2.01323296617757e-06,0.407769979856776
"TCGA.VS.A9UU.01A",4.54924401654104e-08,0.00248483271930618,1.225732495303e-08,0.178450403780948,0.06339837706519,0.00717217288910283,0.748494155795688
"TCGA.MY.A5BE.01A",0.0598442942948544,0.283137866771395,3.99627625046462e-08,5.76200116063304e-08,0.226926933327553,0.430086652232023,4.15579139953441e-06
"TCGA.VS.A94W.01A",0.0296948067594871,0.0259876725387675,2.9315811629026e-08,0.0199612994969967,0.091677109412065,0.0273256054979061,0.805353476978966
"TCGA.C5.A3HD.01B",1.47860237722438e-06,0.00238022097993105,8.1459391865408e-09,0.10827541646616,0.0782800203054003,8.72206164975179e-09,0.811062846778131
"TCGA.JX.A3PZ.01A",5.17503866092497e-08,0.00534301360391754,5.42942516776457e-09,0.259125689515725,0.128213893974361,0.047239493156683,0.560077852569502
"TCGA.IR.A3LA.01A",2.21913466837121e-07,0.0086871453486155,8.9243266786283e-09,0.175755952171842,0.0362771257718396,0.00285013831046353,0.776429407559446
"TCGA.C5.A3HE.01A",0.005389308990179,0.0271460825422444,2.58451844214311e-09,0.063100593973056,0.0357612188298612,0.0479224076759537,0.820680385404187
"TCGA.Q1.A6DT.01A",7.71110581702626e-10,0.000979692058764724,6.07744582732668e-09,0.0771742039882852,0.0675087784505565,7.92644606743261e-09,0.854337310727391
"TCGA.C5.A7CL.01A",1.85119749711254e-07,0.00456519132204148,6.39813484681179e-09,0.227224325817208,0.0664038740689126,0.00461423868076609,0.697192178593188
"TCGA.IR.A3LK.01A",2.70344813425487e-07,0.00258744101452884,3.2122720238252e-08,0.106502507061867,0.0710920844454603,0.0253849698712372,0.794432695139374
"TCGA.MA.AA3X.01A",2.25196417690332e-06,0.000518407735705757,4.15149271363232e-09,0.0623678876993975,0.142913540978223,0.00943858090143993,0.784759326569565
"TCGA.C5.A7XC.01A",4.22132185984226e-09,0.00735118797223337,8.58465501853989e-05,0.413376973786179,0.0698519990452671,0.0459115076762333,0.46342248074858
"TCGA.VS.A94Y.01A",2.04447506604541e-08,0.00353960210970006,1.57784360307689e-08,0.307489132886339,0.0729855202222847,3.59305011547416e-06,0.615982115508374
"TCGA.EK.A2PM.01A",2.23791126950236e-08,6.94164490449304e-08,7.17097985163572e-05,0.159133061337172,0.0277171019661147,0.00201895456265212,0.811059080539983
"TCGA.FU.A3TQ.01A",3.01215070963556e-07,0.00692462291503201,6.10375972620905e-10,0.181323989454858,0.0641008628431001,0.00553217621106553,0.742118046750498
"TCGA.EX.A69M.01A",8.24735370034234e-08,0.0230136509584956,1.90986408994162e-09,0.016636898808126,0.0569344210140659,0.0360196472741588,0.867395297561753
"TCGA.ZJ.AAX4.01A",1.42044908620551e-08,0.0177871839087755,1.5244271761534e-08,0.0313654546082658,0.159585629323747,0.0409368092404695,0.75032489346998
"TCGA.FU.A40J.01A",4.71775098112811e-08,0.0136239857315617,0.00284313656091365,0.299595157926296,0.0217771860143194,0.0231868713134185,0.638973615275981
"TCGA.VS.A8QF.01A",7.80488725190641e-08,0.00605614097140311,4.95059216758433e-08,0.0955847870750786,0.0531621794332367,0.0135858697828352,0.831610895182652
"TCGA.Q1.A73R.01A",0.013602512651248,0.00284612803391732,2.25642693655376e-08,0.0961649389356022,0.0184446759606675,0.0114322884581501,0.857509433396146
"TCGA.VS.A9V0.01A",3.65692274859628e-09,0.00644463084280256,1.60444561770427e-08,0.0897399131559059,0.0484202499091127,6.13027935558842e-05,0.855333883597244
"TCGA.UC.A7PF.01A",3.2784260048024e-08,0.0406771004908923,2.40584187533975e-07,0.161712334821278,0.131389627044085,0.0334307337028526,0.632789930572444
"TCGA.C5.A1BQ.01C",3.38501285255137e-08,0.03564301635536,7.87970214022596e-09,0.0390927740045449,0.125923323602044,0.0483440600498322,0.750996784258389
"TCGA.C5.A1MN.01A",6.50490836373833e-08,0.00301273653742325,1.18878070736925e-08,0.127326221274623,0.0337922570207261,0.000579192277494847,0.835289515952842
"TCGA.VS.A8EB.01A",3.11400326352429e-09,0.00841805120767517,4.79047182401009e-07,0.117366791042636,0.0609992687548795,0.033429783531008,0.779785623302616
"TCGA.MY.A5BD.01A",2.72544947436632e-07,0.0167449278989245,1.30625940087871e-05,0.116220707025258,0.0531558870388091,2.38021898000943e-07,0.813864904876154
"TCGA.C5.A3HF.01A",0.00626847250175683,0.017935707675148,0.00393525427960599,0.37878488640488,0.0434352728123418,0.00932486152260606,0.540315544803661
"TCGA.HM.A6W2.01A",0.000155866395439289,0.00082353084411462,1.67216203998346e-05,0.42383691920242,0.0343016529400871,0.0173427856846137,0.523522523312925
"TCGA.C5.A2LS.01A",1.55911750067466e-08,0.00814706716401156,9.78442086460296e-08,0.0625509894759029,0.0512289934985413,8.24362506104958e-09,0.878072828182536
"TCGA.C5.A8YT.01A",0.152174166645137,6.83821826683959e-05,2.85984077201237e-06,0.77872193334292,0.0164791934316266,0.0525521288197923,1.33573708425901e-06
"TCGA.C5.A901.01A",1.28046373119328e-08,0.00612483978631298,3.83207418168915e-08,0.135584358065473,0.0431643115686105,0.0007201544009329,0.814406285053292
"TCGA.MU.A51Y.01A",0.0277792918104813,0.0289839077021692,1.17840143765102e-08,0.277787515094558,0.107000693539566,0.0160546069470512,0.54239397312216
"TCGA.EA.A5ZE.01A",1.59416837367287e-05,0.0153385001001234,1.4962365658345e-06,0.340115060763679,0.1172128744731,0.0103135539332716,0.517002572809522
"TCGA.IR.A3LI.01A",4.85528079734215e-09,0.000732101775048002,2.46644651637479e-08,0.0477993982668463,0.0239384043750814,0.00111468535087115,0.926415380712407
"TCGA.ZJ.AAXA.01A",4.33621491269527e-07,0.00482817894380658,9.88778705772078e-09,0.185352811361574,0.0466531291523486,0.000202098441228152,0.762963338591764
"TCGA.FU.A3NI.01A",0.00381000766887288,0.00652804098460492,9.93952876761392e-10,0.232333894410162,0.0347554446980053,0.00237634612241874,0.720196265121983
"TCGA.DG.A2KM.01A",2.43834694395313e-07,0.146232285555352,9.11889134351829e-06,5.24666356136722e-06,0.853606333454322,9.72156789630778e-05,4.95559217635315e-05
"TCGA.EA.A97N.01A",0.0098891331585652,0.00684484404229244,3.64027407138746e-09,0.410360258410914,0.0574583688838467,1.54692610151495e-05,0.515431922603092
"TCGA.DG.A2KJ.01A",0.00643941518390428,0.015423248377098,1.91095438480352e-08,2.94682175893149e-07,0.0592940683156343,0.0587002796501476,0.860142674681496
"TCGA.VS.A8QM.01A",0.154984825707747,0.0468536908415304,5.21056451749109e-09,0.390618520663738,0.0721329276630672,0.0435423615494747,0.291867668363879
"TCGA.VS.A8EL.01A",1.48244865595566e-05,1.3741567394322e-05,1.98049512507385e-08,0.902103211909526,0.0609081379795374,0.0369600535579132,1.06941179663284e-08
"TCGA.Q1.A73P.01A",8.05585816509429e-08,0.0197800977681484,1.22037379219565e-08,0.14268632799956,0.0593076300422443,0.00332189624571131,0.774903955182016
"TCGA.PN.A8MA.01A",0.0176457207041848,0.0104861164990211,0.0104380886669944,0.194233620712724,0.020345518816012,0.0294966149548949,0.717354319646169
"TCGA.C5.A1BN.01B",4.85040420565224e-09,0.00147822560688114,8.4397090626036e-10,0.0858858786939106,0.0409625509876396,4.83423967958568e-07,0.871672855593226
"TCGA.DS.A1O9.01A",1.35188212552835e-08,0.0150431948318703,3.74467590658347e-08,0.174554877790458,0.159438211920109,0.0332054599029991,0.617758204588983
"TCGA.DS.A7WH.01A",0.0121586504597414,4.50427179703835e-05,0.00414216310553056,0.725588893929266,0.0136223354061333,6.77593362644604e-08,0.244442846622022
"TCGA.VS.A9UL.01A",0.0013717492300787,0.00189802141739096,0.0011291279553616,0.0729591752316964,0.0076219138328058,0.00355320651181543,0.911466805820851
"TCGA.VS.A953.01A",3.60736332410155e-09,0.00960862772229504,1.47850945412153e-09,0.0287572994718557,0.0709360727723273,0.0113713456867637,0.879326649260885
"TCGA.FU.A770.01A",0.00834957671562766,0.00180173707089324,0.00587625626978829,0.0862268938622619,0.0119087662504152,0.00722230748508654,0.878614462345927
"TCGA.C5.A7CM.01A",9.69373764025296e-08,0.000437282204633015,2.04119698903472e-07,0.281525138567029,0.162927010453819,8.89019442801173e-05,0.555021365773163
"TCGA.ZJ.AAXT.01A",1.72467638532053e-08,0.00794503819895074,1.92327295051719e-11,0.099635900912708,0.0595818215254783,0.0120455246326582,0.820791697464208
"TCGA.EK.A2R8.01A",1.17876316433686e-07,0.0155268772930482,2.62055570687844e-09,0.178536070587306,0.117611407471603,0.00182847004577164,0.686497054105399
"TCGA.C5.A1BJ.01A",0.0562082355789331,0.00927496880770762,9.63504716853267e-08,0.34926166008512,0.0308237591503479,0.00792823019733003,0.546503049830089
"TCGA.VS.A9UJ.01A",1.12154917258784e-07,0.00170506318644456,4.37340867846392e-10,0.240994622132293,0.122967184033257,0.000217841647924721,0.634115176407822
"TCGA.EA.A3HQ.01A",9.03932039525528e-08,0.0140758545514137,4.37742900297369e-09,0.226048309333009,0.146577099207078,0.00417795945853887,0.609120682679327
"TCGA.JX.A5QV.01A",3.7885224948817e-08,0.0171380887174539,4.38063241931155e-10,0.0811541037206529,0.193615923524395,0.0216644781298229,0.686427367584387
"TCGA.C5.A1M8.01A",2.96054114904698e-08,0.00522007553018984,6.35924902407217e-08,0.0892108866477708,0.0282374167795506,0.000269949248829943,0.877061578595757
"TCGA.ZJ.AB0I.01A",9.80922795423498e-08,0.00424399154534815,4.62447693026819e-09,0.0916075139492535,0.0348898005419474,0.0213559995315784,0.847902591715116
"TCGA.C5.A0TN.01A",1.33759003666212e-08,0.0125690184915377,9.26280014396775e-09,0.28806897810378,0.356499642621618,4.83511780369248e-08,0.342862289793185
"TCGA.VS.A9UB.01A",4.09502736570138e-09,0.056688005589202,4.03915665455881e-06,5.11034174485242e-07,0.18178173574925,0.114167719937205,0.647357984438486
"TCGA.LP.A4AU.01A",2.82516786937935e-08,0.0103920956439663,3.02909800257237e-08,0.102093978212824,0.0321188042204966,0.0278298424106094,0.827565220969445
"TCGA.ZJ.AAXN.01A",6.45334560535042e-09,0.0106496953325043,7.00590208352313e-09,0.221145174961314,0.0890231196850029,0.0313328736491048,0.647849122912826
"TCGA.C5.A2LY.01A",2.09850359900702e-06,0.0386025037856934,1.15882101628451e-07,1.08516199853715e-08,0.0922671366338824,0.0940097478108795,0.775118386532224
"TCGA.EK.A2GZ.01A",6.25918753787045e-09,0.00382163883411508,3.1601427990274e-09,0.09388472803157,0.0776223218303416,0.0145019557606138,0.810169346124029
"TCGA.ZJ.A8QO.01A",0.11805007628571,0.0130664461612312,0.00830218699968814,0.307724317341277,0.0319638291658022,0.0209063110907268,0.499986832955564
"TCGA.FU.A2QG.01A",4.21405847981922e-11,0.00683163347021453,5.01757519351969e-09,0.08606949705171,0.04611924769352,0.0185824331852808,0.842397183539559
"TCGA.BI.A0VS.01A",1.04495572569758e-07,0.0136282364924642,2.09937671457362e-08,0.23658581466785,0.0816945034890852,0.00429992650055431,0.663791393360706
"TCGA.DG.A2KH.01A",2.06595653754263e-09,0.00696314566448518,0.0019134436140142,0.0448499776681117,0.039273052480584,1.13740354759507e-07,0.907000264766494
"TCGA.EK.A2RB.01A",3.12517180141574e-09,0.00258694853120459,5.56332769463839e-09,0.0362252467044065,0.0328441955327551,0.0147648840228021,0.913578716520332
"TCGA.VS.A8EI.01A",6.62481607824804e-09,0.0228615724030548,3.11837441690055e-07,0.142786245537377,0.0535505792623307,0.0230492424873174,0.757752041847662
"TCGA.EK.A2IP.01A",1.42957244970962e-08,0.00829133186291033,1.21944668189009e-08,0.0641796559697563,0.025851559185747,0.00582896265910515,0.89584846383229
"TCGA.JW.AAVH.01A",4.208457823104e-09,0.0097031737828676,6.29283028026251e-10,0.0969275483099547,0.0547556586938258,0.00988362202337602,0.828729992352235
"TCGA.MU.A5YI.01A",0.171604015795892,4.42733383327973e-07,1.1963457679874e-07,0.733738648172503,0.0129045179767482,0.0159170856477902,0.0658351700391067
"TCGA.C5.A7UE.01A",1.20629802169452e-09,0.00197631962383556,2.60722844784126e-09,0.0438751521579002,0.0315890700268224,0.00606316053727402,0.916496293840641
"TCGA.UC.A7PD.01A",6.13970483099378e-09,0.00568956459463069,5.15593417647372e-08,0.186958211148675,0.171666836028971,1.35970801608929e-06,0.635683970820661
"TCGA.DS.A1OC.01A",4.096830911799e-08,0.0229514065768932,2.00472675864358e-09,0.0802436388667302,0.147770156015491,0.0211717004697803,0.727863055098069
"TCGA.EA.A1QT.01A",1.37535352657552e-08,0.000369319882921367,5.50664893519599e-11,0.261987994868174,0.0257060994141164,0.0106792633508839,0.701257308675303
"TCGA.FU.A3TX.01A",9.63563459325697e-08,0.020404262296641,8.54589613275898e-09,0.110779083492468,0.0725389287706233,0.0191237738107139,0.777153846727312
"TCGA.VS.A9UQ.01A",0.00537364299054032,0.0119867456310841,0.0052098373267645,0.321676158270822,0.0241296380441224,1.29726705320286e-07,0.631623848009961
"TCGA.FU.A3YQ.01A",0.00202948754496192,0.0145666133195183,1.39834705739124e-09,0.252952718645083,0.0672870019969972,0.0206438801572149,0.642520296937878
"TCGA.EA.A5O9.01A",2.51923631641214e-08,0.00614662553174541,6.5700634959824e-09,0.0295559990345933,0.0607825723698873,0.0174526749139685,0.886062096387379
"TCGA.MA.AA3W.01A",3.78976693733184e-07,0.0772885712266232,1.29571249624779e-08,0.0475864323975889,0.160586630551107,0.104363971828381,0.610174002062481
"TCGA.VS.A8QC.01A",5.75534119469012e-06,0.00159401392793933,8.68392505093032e-08,0.297035434966682,0.0387215964662953,0.00890746059384792,0.65373565186479
"TCGA.VS.A9V2.01A",1.17201900634048e-08,0.0168284081661769,1.40545932455712e-08,0.184938308567819,0.097104494884408,0.0198524193275078,0.681276343279305
"TCGA.MY.A913.01A",1.2045826219977e-07,0.0208772631263551,1.46550309606544e-07,0.137583812659554,0.178971130734298,0.00397752968345426,0.658589996787767
"TCGA.JW.A5VK.01A",2.40085962502823e-10,1.38440512789389e-08,1.41099301613674e-07,0.0866110874928286,0.0385974902635116,0.00987475827840945,0.864916508781812
"TCGA.VS.A9UO.01A",0.00564867444049626,0.00355783522971667,0.00790741996103748,0.03463104342174,0.0120637898599509,0.0140870472723098,0.922104189814749
"TCGA.C5.A7X3.01A",0.00575143752232114,0.00561397774859881,1.21518921502505e-08,0.226421463057133,0.0655128316629267,0.0304598234622828,0.666240454394845
"TCGA.C5.A1M9.01A",1.4794082033356e-08,0.0101916009634581,2.42835714047343e-08,0.0960327879709019,0.0846766205008028,0.017397859814854,0.79170109167233
"TCGA.EA.A44S.01A",1.26910611416036e-07,0.00966561391002242,2.81898191315376e-09,0.0406276833646794,0.0519429576851367,0.0178395118532264,0.879924103457342
"TCGA.EA.A43B.01A",3.16518871424301e-08,0.0316601221423964,3.74568171312338e-08,0.207156150098869,0.268223157276137,0.0291162034076711,0.463844297966222
"TCGA.FU.A3HZ.01A",8.03501113642982e-10,0.0829907623546066,1.49450876578388e-05,0.0813252913808853,0.0460952789599932,6.33370654706589e-08,0.78957365807629
"TCGA.C5.A1MJ.01A",0.0337158868764754,0.0023782704247692,8.29859602806128e-09,0.524773445617363,0.0526778877566562,3.7976677879436e-07,0.386454121259361
"TCGA.JW.A69B.01A",6.96554659237155e-07,0.00373437171562905,3.57195959996003e-08,0.222746030709228,0.0683614887502194,7.71849131671572e-09,0.705157368832177
"TCGA.EA.A3QD.01A",0.0812556114704357,0.0743027205724805,4.52424026734629e-09,0.243312104176948,0.0984391444704108,0.0822351345471261,0.420455280238358
"TCGA.MU.A8JM.01A",6.09227508691603e-06,0.0110607815285297,2.51502933640879e-09,0.162128416205294,0.121654602605643,0.00487318606890705,0.70027691880151
"TCGA.VS.A8EC.01A",0.000574270149816869,0.00169590948876732,0.00129232575272077,0.0290234517950663,0.00775830862052235,0.00573664053903867,0.953919093654068
"TCGA.C5.A1BK.01B",0.0318745229476309,0.0399888353248969,4.66146085673893e-10,0.0151924202854934,0.0665849642250061,0.0850414071498368,0.76131784960099
"TCGA.VS.A8EG.01A",6.70607482296558e-09,0.00882780373538512,3.4116588910721e-09,0.0986303195353689,0.080055365084274,0.00221722439292922,0.810269277134309
"TCGA.ZJ.AAXJ.01A",1.66466511070127e-08,0.00407525313758593,9.40049067977547e-10,0.0419766503825853,0.0227155032235581,0.00161308392926824,0.929619491740302
"TCGA.EK.A2RN.01A",3.72584915616155e-06,0.00153548081059413,1.92197065027461e-08,1.07294695761659e-08,0.0166908147686604,0.00031661806298715,0.981453330559426
"TCGA.MA.AA41.01A",2.3885967638078e-08,0.00578999319564643,3.28960569753729e-06,0.0291217705385403,0.0215867689218375,0.0180127626014734,0.925485391250837
"TCGA.C5.A907.01A",0.0300812116551545,3.37046054367207e-08,1.68617328366563e-08,0.0551019483347298,0.0233153988261421,0.024566532309837,0.866934858307798
"TCGA.DS.A0VN.01A",1.06618376305628e-07,0.0443182500180001,3.37755863349114e-08,0.0844836267343734,0.106641246809827,0.125018264524844,0.639538471518993
"TCGA.VS.A8Q8.01A",1.70952774759056e-08,0.0152765403957648,4.80810816175763e-07,0.0255898587432454,0.114045952024118,0.0138744966652281,0.83121265426555
"TCGA.FU.A23K.01A",0.0286910268846715,0.0134283147401994,3.40362405705164e-09,0.105882640000897,0.0401698720644353,0.0318029420342142,0.780025200871959
"TCGA.EA.A410.01A",2.46958641895486e-08,0.102918786775531,3.17339666524644e-08,0.198250115734665,0.0366216985307305,4.70113188027985e-08,0.662209295517923
"TCGA.FU.A57G.01A",0.11173149908419,7.62994555522844e-08,8.89979864587438e-08,0.824050472507068,0.0209725979567334,0.000127530592725584,0.0431177345618403
"TCGA.ZJ.AAXB.01A",0.00887507031225053,0.00228774734586537,1.0225909938789e-07,0.292550948486142,0.00863787593269036,3.56449078186022e-08,0.687648220019044
"TCGA.EK.A2PK.01A",5.02349596983841e-08,0.0214045305887809,0.00363322220750669,0.100700249540702,0.0336304586072419,0.169297488123852,0.671334000696957
"TCGA.C5.A1MQ.01A",3.08232244143484e-07,0.0117552193433508,1.53117161388217e-08,0.000364620582600203,0.174012496366454,0.0466265222629849,0.76724081790065
"TCGA.EA.A3HS.01A",7.33120499446001e-07,0.00876454565720379,1.43469971643061e-08,0.297403041882708,0.106099433528625,0.00977140823475625,0.57796082322921
"TCGA.DS.A7WF.01A",0.0300498565874867,1.02464161587056e-06,4.54466162764404e-07,0.268035967578263,0.0188306786524796,0.0127313589519325,0.670350659122059
"TCGA.VS.A9U5.01A",0.00614058092944074,0.0194191584824449,1.28783896200557e-08,0.052845489200208,0.0440151893520034,0.0361596509257595,0.841419918231754
