"","cellFractions.CD4.T","cellFractions.CD8.T","cellFractions.DC","cellFractions.Fibroblasts","cellFractions.Monocytes","cellFractions.NK","cellFractions.otherCells"
"TCGA.4T.AA8H.01A",1.1595224201162e-10,0.00253264332473673,8.83461988098194e-10,0.0366610209345722,0.025574987480659,0.000503704037143502,0.934727643223474
"TCGA.AA.A00Q.01A",5.67816587690637e-08,0.00585419200362415,3.4475567292429e-08,0.123609828555079,0.0408925453002673,0.00495142739970648,0.824691915484097
"TCGA.AZ.4614.01A",1.91990583663614e-08,0.00650481189490553,7.79555098628423e-09,0.0534504206067098,0.0234192089950548,0.00430177732160104,0.912323754187119
"TCGA.A6.2675.01A",0.0093826312875235,0.000229164857279506,0.0139497799478206,0.600136839704047,0.0377900757612912,6.6033913427001e-08,0.338511442408124
"TCGA.AA.A00U.01A",0.013570145460215,0.00299981047517496,0.0136331511166909,0.0728938002891859,0.0158673164124098,0.00341165605313164,0.877624120193192
"TCGA.A6.6781.01A",0.000411124820632181,1.41119259502103e-10,0.00216554372508628,0.973766210264465,0.0236505551015948,1.32007893349913e-06,5.24586816902123e-06
"TCGA.CM.6169.01A",0.0909802192861728,0.00081932775177748,0.00243985983490345,0.722142968073991,0.0443134651817673,4.27205539156069e-07,0.139303732665849
"TCGA.AA.3516.01A",4.25569761014042e-08,0.00770700476862503,3.39016362863791e-07,0.0853382071563313,0.041121248307451,0.0206964914534027,0.845136666740851
"TCGA.AA.3552.01A",0.0216030262431603,0.00401092254204674,0.0161911088407711,0.0915075520455645,0.031890087438499,0.0108110080446423,0.823986294845316
"TCGA.D5.6931.01A",0.0124133774368685,0.00794042665277987,8.52876731076267e-08,0.24931860288116,0.0578171776948744,0.00492023105623161,0.667590098990412
"TCGA.SS.A7HO.01A",2.74371077275281e-08,0.00575743221424729,6.90924801047593e-09,0.0398267376465356,0.0306649697876943,8.23688743302615e-07,0.923750002316424
"TCGA.AZ.6605.01A",0.0532994730041621,4.06750116564974e-07,0.00219618648555504,0.938083987131151,0.00641887163140346,2.94137164303177e-07,7.80860447936691e-07
"TCGA.CA.6717.01A",0.125299922366011,3.7568410376819e-07,2.20854433752559e-07,0.624235847594267,0.0513272433407496,0.0265610472449418,0.172575342915494
"TCGA.NH.A8F7.01A",2.72204555019212e-10,0.00119209734762958,3.41320993607286e-07,0.0776927551237848,0.0336744890101079,0.000732004944691403,0.886708311980588
"TCGA.AD.6965.01A",0.00571124070575824,0.00583083151971153,0.0151882464965676,0.215434792246072,0.0208487902094766,1.04210443884163e-06,0.736985056717975
"TCGA.AA.A02H.01A",2.25336629995172e-08,0.00351417473818934,7.59248074786360e-09,0.139915057955385,0.0322940046423798,0.0011157691960611,0.823160963341841
"TCGA.AA.A022.01A",9.76842319314462e-09,0.0279367445270927,1.03237983699616e-06,0.064407593182407,0.0559761057411559,0.0692187150087469,0.782459799392337
"TCGA.AA.3680.01A",0.0279769763728652,0.00450152119285007,0.0119534953726647,0.0991450824934343,0.0258161671250359,0.00425897932175284,0.826347778121397
"TCGA.A6.6650.01A",0.0280517867273893,9.64129110209432e-08,0.0071048959272429,0.0999334704903971,0.0113648317457985,4.31735012011353e-08,0.85354487552276
"TCGA.G4.6311.01A",2.36496477943979e-06,1.5328710960327e-08,0.000174364594481237,0.486359282786671,0.0276797706901761,9.91255167503856e-09,0.485784191722629
"TCGA.A6.2677.01B",0.0624488338237093,2.87158867224661e-08,0.0110890363062141,0.45853671852901,3.89770714168938e-10,3.42371734763805e-07,0.467925039863674
"TCGA.AA.3815.01A",7.20248127816741e-08,0.0215674131459506,0.00325572664741071,0.114080745539488,0.0896797100482987,0.0519189388836694,0.719497393710369
"TCGA.CK.4951.01A",7.27889991669939e-06,0.00962923692925925,2.96462031368765e-09,0.395521596647481,0.0594622743300674,0.0014749920628438,0.533904618165812
"TCGA.CK.6748.01A",6.06645551187635e-06,0.00675674388047893,3.27017093065859e-09,0.670992323772966,0.115410246093593,0.000324201864534644,0.206510414662744
"TCGA.CA.5255.01A",5.64632545366777e-10,0.00254536101880547,0.00416185693287484,0.0584585270160369,0.0220410452126659,0.00128045049897217,0.911512758756012
"TCGA.CK.4952.01A",0.000595589954014496,0.00233755596374041,0.00752022897010872,0.081985740048804,0.0282095236750895,0.000845276869360478,0.878506084518882
"TCGA.AZ.4315.01A",2.35352291259568e-08,0.00414019030212398,3.30985784671098e-09,0.187497818392572,0.0460274893270311,0.00245223015063312,0.759882244982553
"TCGA.AA.3869.01A",0.0103856795428449,0.00556288964851125,1.02164542473961e-08,0.20470012848971,0.0343852952245442,0.00428328199715656,0.740682714880779
"TCGA.G4.6626.01A",3.16634919919869e-10,0.00343373079902299,0.0172045211051055,0.0634965056031677,0.0152003265422282,0.0022903111478287,0.898374604486012
"TCGA.DM.A1D7.01A",0.00888489079816858,0.00370915281108191,0.00796584754314473,0.0885944318782843,0.0226389107723161,0.00174384336025328,0.866462922836751
"TCGA.AA.3531.01A",1.77419142787035e-07,0.00368237484887546,0.00104745870428962,0.0596840003417522,0.0242773796254266,0.00400705127097057,0.907301557789543
"TCGA.A6.5662.01A",0.0250815479808364,0.00197686322367872,3.37659804231537e-08,0.3195726928159,0.02603146113399,0.000318561435389404,0.627018839644225
"TCGA.CM.4744.01A",2.82371777952321e-10,0.0122662912471295,0.0119957611734434,0.0477153661746734,0.0380723187789964,0.03098703974494,0.858963222598445
"TCGA.D5.5540.01A",7.12614648710892e-09,0.00462183139469183,8.4265922075343e-08,0.221598080828491,0.0175871492790686,0.00119857898819209,0.754994268117488
"TCGA.AZ.6608.01A",0.00281393569981447,0.00104123981841443,0.00373664765002516,0.0184835957356297,0.007321499073562,0.0012932487759404,0.965309833246614
"TCGA.AA.3518.01A",1.36076402995745e-08,0.00761471786580524,0.00344853451590052,0.0880731588613775,0.0514277434292223,0.0158327935007256,0.833603038219328
"TCGA.CM.5863.01A",0.00368658452396101,0.00321679856482635,4.97210467397198e-08,0.408175497389082,0.0414975233119524,9.02149506672079e-06,0.543414524994065
"TCGA.A6.5666.01A",1.98381268765488e-09,0.00223549885950563,3.84186018011291e-09,0.104619130505045,0.0260366630713474,0.00049082128796847,0.866617880450461
"TCGA.DM.A280.01A",8.82340570076942e-08,0.00269968636220899,8.42787153562675e-09,0.149350587132459,0.0277727203211664,4.29186376303273e-05,0.820133990884607
"TCGA.AA.3973.01A",2.9297141408276e-05,0.00583382314933635,1.30762995289173e-08,0.202324002618722,0.0367938679217782,0.00209500740163873,0.752923988690817
"TCGA.CM.4748.01A",0.0302933851863228,0.00149107014457481,1.2354192494444e-07,0.228749272645815,0.0316431011515951,0.0034633746587326,0.704359672671035
"TCGA.D5.6530.01A",8.47572752901564e-08,0.00790121198730477,2.89830948919231e-08,0.0946823864822039,0.0623051482949885,0.0142220486775412,0.820889090817592
"TCGA.A6.6137.01A",0.0421307656692739,3.69985980310605e-05,0.0140410191850115,0.0714743910055197,0.0228594587164163,0.000250837259285787,0.849206529566462
"TCGA.DM.A1D6.01A",0.00187577136068209,0.000929897175312507,0.00194052625837733,0.056153906860887,0.00723725953392904,0.00135296612845197,0.93050967268236
"TCGA.D5.6923.01A",0.0164485120814634,1.67602918830234e-07,0.0147190562509361,0.697729085637426,0.00258041593311953,2.94572107248261e-08,0.268522733036925
"TCGA.A6.2681.01A",0.0396459146562205,0.00283235936390727,1.87712480985385e-08,0.318961836055412,0.0482524365681389,0.0083209558266888,0.581986478758385
"TCGA.F4.6463.01A",0.0614464775985842,3.28934993964229e-08,0.0080927578109053,0.39003090335271,0.00281838772191754,0.00807294837730989,0.529538492245073
"TCGA.AZ.6599.01A",3.15828068945914e-09,0.00474342164732702,4.16771687750526e-09,0.0385163544429181,0.0296342411167097,0.00210737531571952,0.924998600151328
"TCGA.D5.6532.01A",3.9105120912325e-10,0.00268990072490756,0.0121949677219326,0.12697673474257,0.0209677933815087,2.4759821694368e-07,0.837170355439813
"TCGA.AA.3489.01A",2.05379879523475e-08,3.82102334639038e-05,2.84389204663137e-07,0.927590490881651,0.0723673073367815,3.64948012690372e-06,3.7140783505127e-08
"TCGA.CM.6171.01A",6.70625130240467e-09,0.00471036790550363,0.00887613392872316,0.0995744327709619,0.0381167646167336,0.00318654406081899,0.845535750011007
"TCGA.AA.A00R.01A",0.00474700483946963,0.0303367115939491,1.51969425562802e-08,0.0171043001345641,0.0937377182640024,0.114395450127465,0.739678799843607
"TCGA.DM.A28C.01A",1.7147832224033e-08,0.00123649842317786,0.00229627522059784,0.0509167316943186,0.013721552449016,1.3491727136484e-08,0.93182891157333
"TCGA.AA.A01T.01A",0.00204545826811125,0.00201077987379164,0.00361832651583055,0.0312730810335593,0.00855041148236243,0.00293004035971767,0.949571902466627
"TCGA.AA.A02E.01A",4.67837760580283e-09,0.00370572012379228,1.54701290281843e-06,0.0867146654369693,0.0316741529610198,0.00131992293711164,0.876583986849827
"TCGA.CM.5860.01A",9.70306034512582e-08,1.48788329598303e-05,9.55306068379544e-09,0.999945921026146,6.25953239885255e-06,3.2826639476105e-05,7.38535492404737e-09
"TCGA.A6.6141.01A",0.0358185717420665,0.0104098104181792,0.0093892773293327,0.174149540718838,0.0268015316300489,0.00784577197423796,0.735585496187297
"TCGA.AA.A00D.01A",0.00142834122797822,0.0164590250586579,6.05424906232286e-08,0.20810424131861,0.0748056065943698,0.0232945644816755,0.675908160776218
"TCGA.G4.6628.01A",2.85970916130985e-08,0.034652663515756,7.3976604811134e-08,0.127882014421149,0.118009040699912,0.0724196010817094,0.647036577707777
"TCGA.AA.3688.01A",0.00387469139051934,0.00409476441921199,2.99464330634146e-09,0.133751036225451,0.031771910494168,0.000573705364018087,0.825933889111989
"TCGA.AA.3492.01A",3.93795586433723e-08,0.00860738386797172,0.0190700103488351,0.193931675524508,0.0586895641989246,0.0103767166592531,0.709324610020949
"TCGA.AA.3819.01A",8.67707087501317e-09,0.00440446580863687,0.000863959807038511,0.122465928763917,0.0344479390791931,0.000252052217559363,0.837565645646584
"TCGA.A6.2678.01A",7.46873814481423e-08,0.00923703636421241,2.64895189003647e-08,0.236770997458355,0.0499731277241633,0.00175687986895951,0.702261857407409
"TCGA.AA.3521.01A",5.05147577840875e-07,0.0046806111177595,4.32049996814693e-09,0.222285796362536,0.0854921631019681,6.68841692167848e-08,0.68754085306549
"TCGA.DM.A1DA.01A",3.63848969355019e-09,0.0030190278385721,0.00240158762328542,0.0483521658910149,0.0315640029081057,0.00143378836893159,0.913229423731601
"TCGA.AA.3864.01A",2.56975481942299e-08,0.00566125417355968,1.35647413891762e-07,0.240810521935882,0.0440101444836768,0.00362552790851232,0.705892390153407
"TCGA.F4.6855.01A",4.26825781953892e-07,1.15069304650951e-08,2.64309652832984e-08,0.970101852364551,0.0298711269967165,2.65365347891523e-05,1.93402657414117e-08
"TCGA.F4.6856.01A",0.00398389554767314,0.00847025945578533,0.0120440775168888,0.166518292454825,0.0330085044551725,0.013664899667152,0.762310070902504
"TCGA.DM.A0X9.01A",0.00450431424348239,0.00682237992789049,8.63768525368787e-06,0.122081312577676,0.0186309228183742,0.00776173263336026,0.840190700113963
"TCGA.A6.5659.01A",0.0568358507567359,1.46592456580279e-08,0.00360500645487915,0.368020084567379,0.00394332697873222,3.78641523247278e-06,0.567591930167795
"TCGA.AZ.6598.01A",1.51084846997875e-06,0.00271407489467261,1.81961413431809e-09,0.0719239240389968,0.0684589004329734,0.0147420596411903,0.842159528324083
"TCGA.AA.3519.01A",1.55209106206763e-07,0.00395440080493174,1.79434052940866e-08,0.118690606939569,0.0430139641688043,0.00368129617770737,0.830659558756476
"TCGA.DM.A1HB.01A",3.7714825848814e-09,0.000486144902551956,4.40084991701971e-09,0.105815554361915,0.0263067894075627,1.27739346787637e-06,0.867390225762171
"TCGA.A6.A567.01A",0.0237435712976506,0.00138018769450687,1.97240449710685e-07,0.243777173513148,0.0246326564250796,0.00109121534458922,0.705374998484576
"TCGA.AA.3970.01A",0.0219766931391097,0.00324630706808074,0.00922922228514081,0.0856994641538464,0.0321041290723982,0.00640246912648941,0.841341715154935
"TCGA.CA.5796.01A",0.0247707622098331,0.00341113649877854,0.00127503543037985,0.0610859324183845,0.0362306029421575,0.00218634080507081,0.871040189695396
"TCGA.5M.AAT6.01A",0.0381667326990853,0.0107390739474577,1.22288592577539e-08,0.387007883300346,0.0562889775457625,0.03846846945017,0.46932885082832
"TCGA.CM.6163.01A",0.0419253370484224,0.00460508831014675,0.00229924874603947,0.273001526155404,0.0187032825841438,2.90651238486399e-05,0.659436452031995
"TCGA.AD.6889.01A",1.81994072487475e-08,0.00375696022950227,2.785308800213e-09,0.100096685241118,0.0375482132594921,0.000951873256956241,0.857646247028215
"TCGA.CM.4751.01A",0.0375221674678281,0.00697416886655345,0.00760284149696699,0.271135352985895,0.0192085384684979,0.00746596967461793,0.650090961039641
"TCGA.AA.3982.01A",0.0325059077210536,0.00764647077840131,0.00446184032455182,0.188487520361533,0.0406057716979856,0.00378781541537656,0.722504673701098
"TCGA.AA.A00A.01A",3.51312954950997e-09,0.00724100764916317,0.0131970885931422,0.207526495172357,0.0472531034411012,0.00712078275986527,0.717661518871241
"TCGA.D5.6924.01A",0.0171817113223401,0.00932727390613486,0.0211119174379793,0.744492254471088,0.0672911348249169,0.00568293438251883,0.134912773655022
"TCGA.AA.3502.01A",5.43714087251411e-09,0.00909249314307993,3.85685698720191e-08,0.0391253114605318,0.0769527717045259,6.36392242101873e-09,0.874829373322229
"TCGA.D5.7000.01A",0.0116587419494274,0.00545859042881491,0.00840371554000617,0.309747568218244,0.0324737177440398,0.00322910981937675,0.629028556300091
"TCGA.D5.6540.01A",1.01571546701921e-08,0.00965608962348887,1.31420580701204e-07,0.285358848031767,0.0693278347727364,0.00120023866439678,0.634456847329875
"TCGA.D5.6932.01A",0.0189681222114949,0.00245067572218688,4.72094780850376e-07,0.249911596381798,0.0309847494128049,0.00237672241829717,0.695307661758638
"TCGA.CK.5912.01A",0.0182924802319424,0.000199176120560499,8.06149462055712e-05,0.158163560565003,0.0173474522111974,1.24613100614253e-07,0.80591659131199
"TCGA.AA.3538.01A",8.18257561538831e-09,0.000471764284984545,0.0249020562456526,0.32283975892508,0.0143035081093716,6.63449068498987e-06,0.637476269761651
"TCGA.AA.3930.01A",4.98663962855447e-09,0.00462579107873925,0.0283412230527176,0.138801405615924,0.0404463554892202,8.51495205330724e-05,0.787700070256226
"TCGA.AA.A00W.01A",5.04334417009081e-10,0.0039218625951743,0.00443693938264307,0.0323133583260096,0.031030334167255,0.00282135885813937,0.925476146166444
"TCGA.AA.3555.01A",0.00265936127533236,0.00224556259519309,0.00469439952768619,0.275678295049616,0.030219927719891,9.44464480139545e-07,0.684501509367801
"TCGA.AA.3655.01A",1.42482979053626e-07,0.00187786813226062,2.15926503418717e-08,0.264123383628475,0.0470600957526195,0.000757366513898868,0.686181121897117
"TCGA.AA.3989.01A",2.16174756226947e-06,0.00986391406665067,4.12790168850397e-09,0.165493241447693,0.0569837907739216,0.0240137159933376,0.743643171842933
"TCGA.5M.AATA.01A",0.0639470961367819,1.57379722927716e-07,0.00339900165085921,0.11299499207981,0.00968561380422766,0.00474967160920553,0.805223467339393
"TCGA.5M.AAT4.01A",0.00130890478875442,0.00313357288102453,0.0065021590597664,0.0789369387864611,0.0127835593979967,0.00339783757032545,0.893937027515672
"TCGA.AA.A02R.01A",1.27471787090514e-08,0.0188879826515255,1.06919028781796e-07,0.010233293088097,0.175598053716176,0.0697486714841253,0.725531879393869
"TCGA.A6.6649.01A",0.0721916131343022,1.81547717491039e-07,0.00317796368736051,0.29536198043231,0.0296330215639256,0.010268901585093,0.589366338049291
"TCGA.A6.3809.01B",0.0271331276123265,9.8423617511534e-07,0.0111856124593804,0.119452263853207,0.00879343416550495,1.40378541956179e-08,0.833434563635552
"TCGA.AY.4070.01A",0.0480818625731072,0.00218596599780559,0.0136385726348999,0.176881958735107,0.0168237684900052,0.00561756999928663,0.736770301569789
"TCGA.G4.6299.01A",0.00383578651206339,0.0171852622802056,5.9792650096695e-09,0.385622853334796,0.0604309680858545,0.0265954753308845,0.506329648476931
"TCGA.AA.A02O.01A",1.84786567733903e-07,0.00467296833221752,1.62702789718456e-07,0.0642653102155007,0.0271691598682551,0.00359096491860476,0.900301249176064
"TCGA.AA.3972.01A",8.65583132834014e-09,0.000394070416563124,5.56795824954824e-09,0.15546185142076,0.0216639798474405,1.68176792169199e-07,0.822479915914654
"TCGA.NH.A50T.01A",3.35583862904258e-08,0.00165468405631553,0.00480402600042491,0.0815631356728284,0.012730318137844,0.000386211407137383,0.898861591167063
"TCGA.DM.A0XD.01A",4.02584610586162e-08,0.000954712637798931,3.24477928037483e-06,0.148550066615327,0.0143217590470062,7.02416362840327e-08,0.83617010642049
"TCGA.AU.6004.01A",0.0186785632568289,0.00373546455061751,1.31489708112847e-07,0.310251577152369,0.055771859942913,0.00293607970536032,0.608626323902203
"TCGA.AA.3841.01A",0.000257088665124051,0.0109066439309876,1.22150864697348e-08,0.119770639551151,0.0583076124215612,0.00213239529892177,0.808625607917168
"TCGA.DM.A28E.01A",1.99898246209902e-07,0.00133537551127626,0.00283672909974295,0.0465871584707335,0.0282254897504086,1.17039388290036e-07,0.921014930230204
"TCGA.AA.A00E.01A",7.90917051108172e-09,0.00439720687234228,1.44252677849596e-09,0.099475357591946,0.117860721187199,0.0149267344520852,0.76333997054473
"TCGA.AA.3514.01A",0.0457841393959034,0.00961639905827208,1.21484681522825e-08,0.236215830111957,0.0560913754688102,0.000843459900763215,0.651448783915826
"TCGA.AA.A01F.01A",2.09768762287596e-09,0.00120823551958699,2.53495414924757e-05,0.0376558066185745,0.0210750483480335,0.00134507175408411,0.938690486120541
"TCGA.A6.5665.01B",0.0501600984636508,3.51005416061657e-08,1.25805320250083e-08,0.133014884286203,0.0195539096115572,0.00470849394022999,0.792562566017285
"TCGA.G4.6315.01A",1.10470637929502e-08,0.00382496724318605,0.0144319919013095,0.0436649649745752,0.0185437072022187,0.00174750209826643,0.91778685553338
"TCGA.F4.6459.01A",0.100542490085013,1.12290937930376e-06,9.37385552282271e-07,0.537840766412839,0.0499445630663441,0.0142786243106517,0.29739149583022
"TCGA.D5.6926.01A",0.0548665010014476,0.000608805938120152,2.89518378045478e-08,0.808389575339616,0.0383125139307385,0.000651811664204737,0.0971707631740355
"TCGA.CK.6747.01A",0.02350527662215,0.0029221268856436,0.00116961205399443,0.1690089721132,0.0253599388793253,0.00364411212636638,0.77438996131932
"TCGA.DM.A1D8.01A",1.21512901995333e-08,0.00361110995244123,0.0022940683897738,0.0800758797146125,0.0114743582187544,0.0028566300696761,0.899687941503452
"TCGA.AA.3858.01A",0.00999252797555152,0.00263139046043759,4.53298713893929e-08,0.213792819640116,0.0312078257359738,0.00582580859924705,0.736549582258803
"TCGA.AA.3522.01A",2.75105718472908e-06,0.00823542585262629,0.00660212035220868,0.129100116271808,0.0385283044189577,0.000860081073638805,0.816671200973576
"TCGA.G4.6314.01A",0.18165499509227,8.86289754343793e-09,5.0349553591485e-07,0.748676760421422,0.000769997643321952,0.0095865888201301,0.0593111456644226
"TCGA.AA.3544.01A",3.73078682596356e-08,0.0100318627908956,3.32030617616245e-06,0.138742386110627,0.113911881918057,0.0255668169335766,0.711743694632799
"TCGA.NH.A6GA.01A",0.010698489880965,0.00493218164966775,0.0208859647856236,0.184088637989505,0.0172526394840006,0.00422081354603796,0.7579212726642
"TCGA.D5.6537.01A",4.93088782907039e-09,0.00646091317850513,0.00803575172794468,0.136768232975047,0.0391561418372727,1.8466701522778e-07,0.809578770683328
"TCGA.AZ.4684.01A",0.016160659369244,0.00619914781888271,0.0196056650898939,0.300962330423656,0.0318993584005015,4.14866048471065e-07,0.625172424031774
"TCGA.G4.6302.01A",0.00438334879594121,1.27679024334926e-07,3.16609092838484e-07,0.962546910113685,0.0142121765883611,0.0188571056004196,1.46134762468857e-08
"TCGA.AA.3862.01A",1.52630145961861e-08,0.00980781090506583,0.00258193513278138,0.120315462132472,0.0311565259099871,0.00473238113227472,0.831405869524404
"TCGA.A6.2685.01A",0.104444635693042,4.55791437253693e-06,3.03211600444089e-08,0.745401002016864,0.0792205742959214,0.014909288727998,0.0560199110306423
"TCGA.AA.3712.01A",4.27317031656996e-08,0.00441994979785923,1.01291868668087e-07,0.361724957392278,0.0494367824696589,6.77630006146621e-06,0.584411390016571
"TCGA.AA.3562.01A",0.00853818565840581,0.00174313998717899,0.00664186392015648,0.239138750775965,0.027473089188865,0.00144021129010708,0.715024759179321
"TCGA.AA.3846.01A",5.24743004175791e-08,0.00496492505485077,0.010428528586371,0.157736531380311,0.0346139142328873,0.00012527263849485,0.792130775632785
"TCGA.A6.A565.01A",0.181027611167715,4.05371166444667e-05,1.44414600718685e-08,0.224089086882553,0.0331371953791953,4.46362867394176e-08,0.561705510376145
"TCGA.AU.3779.01A",0.0320887084071383,0.00220201418354765,3.37774933598522e-08,0.304339736725543,0.0505904951367293,7.57294408838592e-08,0.610778936040108
"TCGA.A6.2684.01A",0.0763160779255052,0.00482723009101687,9.23283609673766e-09,0.433528779083067,0.0871270985949131,0.00797510843661846,0.390225696636044
"TCGA.AA.3561.01A",3.08361900657688e-08,0.00327205672509835,4.7526555582782e-09,0.132083571566665,0.03838009076492,5.15902597306173e-06,0.826259086328498
"TCGA.CM.5341.01A",7.67046997252595e-08,1.30465311364985e-05,2.52017276915584e-07,0.943179569699711,0.0333527988566242,8.06607449230117e-07,0.0234534495831028
"TCGA.A6.2683.01A",4.36894563898283e-07,0.00313398656701969,9.91435973514662e-07,0.0288523857545446,0.0186502872720937,2.94914022465368e-06,0.94935896293558
"TCGA.AA.A004.01A",0.00557354432808902,0.010163444784496,0.0163274142989468,0.0478683421040368,0.0403797156406886,0.0132508657012032,0.866436673142539
"TCGA.AA.3529.01A",1.91694977121828e-08,0.00438169768040862,0.0116698006211745,0.114069583566341,0.0258284646258822,0.000105346111364702,0.843945088225332
"TCGA.AA.3861.01A",0.00569407919040328,0.00535089389653589,0.00820395665452257,0.02124004609453,0.0361534409009094,0.0135766172993814,0.909780965963717
"TCGA.AA.3844.01A",0.0164531450461912,0.00357227792557451,0.00598303221686503,0.105412138124169,0.0256724478488317,0.00118187490460991,0.841725083933758
"TCGA.AA.3952.01A",7.74624829418278e-09,0.00167629318041266,8.26111018446166e-09,0.243154508752055,0.0235763632959669,0.000126028305349464,0.731466790458857
"TCGA.D5.5537.01A",0.0117176511682953,0.00215663299562186,0.00608273109233816,0.299050810486976,0.0237889749550316,2.08243392455694e-07,0.657202991058345
"TCGA.AA.3837.01A",0.00946214055111558,0.00443359622851802,0.000389576621038214,0.23147136702818,0.0268696704434391,0.00167096048414188,0.725702688643568
"TCGA.AA.3511.01A",0.00397116147336298,0.00363157674258962,1.65928872314794e-08,0.320071581711049,0.0296398107311094,1.54977876556494e-07,0.642685697771125
"TCGA.D5.6922.01A",0.07541966661867,1.56959690107371e-08,0.0185530029084423,0.481273916633411,0.0177444493020364,0.0110428954439517,0.395966053397519
"TCGA.AA.3556.01A",0.00314566942051688,0.00331681284613804,2.36383011290892e-08,0.158992792576336,0.0264411470083004,0.00249846181134001,0.805605092699067
"TCGA.CM.6674.01A",8.78614830627851e-09,0.0071567113354406,0.027021630799603,0.305607772531,0.0407291823485789,0.00835029235617825,0.611134401843051
"TCGA.AA.3939.01A",4.65330608066875e-06,0.00475060251883986,1.24002507270309e-07,0.243181970880906,0.0324661172876484,0.00186164880553204,0.717734883198486
"TCGA.AA.A00K.01A",0.0217032209371767,0.00202089254632616,0.00263524329678572,0.126736612521829,0.0310048126632795,0.00662709349816304,0.80927212453644
"TCGA.DM.A28A.01A",5.16307707537196e-08,0.00209616679684995,0.00271256670710889,0.295080142028837,0.0136775752346385,6.50845725692834e-07,0.686432846756069
"TCGA.CK.5914.01A",1.5022466933425e-08,0.00717538189878838,0.0150308715133717,0.245180889132226,0.0182301421694388,0.00245397369821272,0.711928726565496
"TCGA.G4.6320.01A",0.000470285394718166,0.00248889309827076,0.00274466340054162,0.0622639050900521,0.0158060720568387,0.0042392761322008,0.911986904827378
"TCGA.A6.A5ZU.01A",0.00385940866165675,0.00503346053871343,1.13172595354497e-07,0.300410744317247,0.0343021079922072,0.00255453987335233,0.653839625444228
"TCGA.AA.3495.01A",0.0271382565834307,0.00517529860348918,0.0139786059488731,0.121712610587505,0.023179750067306,0.0008601182317698,0.807955359977626
"TCGA.QL.A97D.01A",0.0229576213959226,0.00676902577348028,0.00190205488874731,0.0463891073810424,0.0221788224541924,0.00783062376652805,0.891972744340087
"TCGA.CM.5868.01A",0.0194031286090329,0.000468393034399269,0.00775265756304394,0.339160960566537,0.0117892211996317,1.99990977309101e-07,0.621425439036378
"TCGA.AA.3534.01A",7.70980839145194e-08,0.00675375803167341,0.00632503541917883,0.213119510411641,0.0532196985642824,7.07073898690369e-08,0.72058184976775
"TCGA.AA.3693.01A",4.46148414689462e-08,0.0050077532779956,8.14817228025328e-10,0.178120855152957,0.0548327744220419,0.000108573896444903,0.761929997820902
"TCGA.AA.A02J.01A",3.66029443453621e-09,0.00134259829671532,0.0105570694012702,0.0417008776613611,0.0126472957856608,0.00054270166438893,0.933209453530309
"TCGA.D5.5541.01A",0.000715851107470612,0.00951501182393966,0.0147628245476103,0.334067825476661,0.0526289086339461,0.000674925479445181,0.587634652930927
"TCGA.AA.3860.01A",0.0282503863750641,0.00352657999592349,0.00267687394265565,0.332089158769294,0.0302254775033638,0.00378462890795842,0.59944689450574
"TCGA.A6.5657.01A",0.141431557181377,6.24034834816266e-08,0.00722828565671097,0.559163587744502,3.52213998464631e-08,0.00709164831342151,0.285084823479105
"TCGA.AA.3812.01A",0.0335111512673468,0.00702134142410886,5.07550720727926e-08,0.27593919337238,0.0657587836685679,0.000805297340735819,0.616964182171789
"TCGA.DM.A1D4.01A",0.00013733429505035,0.00309899474974685,0.00367768203595136,0.02887965387321,0.0145791140004236,0.00318125193516322,0.946445969110455
"TCGA.AA.3854.01A",1.32181513431187e-09,0.00273049410765394,9.96213793205192e-09,0.0749936880350883,0.0396502114759015,0.000981550845637209,0.881644044251766
"TCGA.CK.4950.01A",0.023347481011496,0.00621266121343985,0.00829663060032368,0.155207284212054,0.0311264023221129,0.00968355652856435,0.766125984112009
"TCGA.D5.6541.01A",0.0513141685971863,0.00497351253607532,1.07676391320864e-07,0.587875439215423,0.0335972014077,0.000136808692386916,0.322102761874837
"TCGA.QG.A5YV.01A",0.00590567807879489,0.00421006905168892,0.00541791014444153,0.10051938905985,0.0242328783430012,0.00171132312232056,0.858002752199903
"TCGA.AD.6901.01A",0.0327010987596593,0.00410257948901419,5.01925174601397e-07,0.607179309890118,0.0425604326560873,0.00999532084378233,0.303460756436164
"TCGA.AA.3526.01A",4.13856881661511e-08,0.0107031688669926,0.00860923469202237,0.313242150875992,0.0440152690752708,0.000754509841398483,0.622675625262636
"TCGA.DM.A1HA.01A",8.58038583132389e-11,0.00400978943584238,4.62544298569601e-08,0.027257035442896,0.0276903257127566,0.00584109496891577,0.935201708099355
"TCGA.AA.A02W.01A",0.0113428390368727,0.0042777391114501,0.0099402833470149,0.117442854112027,0.0112475192642311,0.00067207937556735,0.845076685752837
"TCGA.AA.A00F.01A",0.0130030938471418,0.00128420375180531,0.00292361749402556,0.161740442348642,0.0124893881525874,1.98987849724823e-05,0.808539355620825
"TCGA.AA.A02Y.01A",8.31901209796342e-10,0.00583670513697823,0.00177590826517039,0.0113222490533861,0.0188732887261573,0.00871652514259463,0.953475322843812
"TCGA.A6.6780.01B",0.0237082904679833,0.00375530822865684,4.72731891420354e-09,0.13940034006071,0.034456914691669,0.000721903209688812,0.797957238613973
"TCGA.AA.3525.01A",8.87228714931919e-09,0.00480764967907542,0.0102503242933241,0.101119939475792,0.0528437271683175,0.00934242052508194,0.821635929986122
"TCGA.A6.6650.01A.1",0.0280517867273893,9.64129110209432e-08,0.0071048959272429,0.0999334704903971,0.0113648317457985,4.31735012011353e-08,0.85354487552276
"TCGA.CM.4752.01A",0.0247918403831019,0.00419717567266215,1.9320754368082e-06,0.23680076522242,0.0341171446408835,0.00142974390006157,0.698661398105434
"TCGA.A6.3809.01A",2.02986273464113e-07,0.0101151891344959,0.00368116948228632,0.212777576782791,0.107135064181809,0.0165572149748136,0.649733582457531
"TCGA.CM.6680.01A",0.0391461903523355,0.00134459394465638,1.06399996376137e-07,0.323835159908849,0.0458549106168555,0.0065955486769741,0.583223490100333
"TCGA.AD.A5EK.01A",4.35095978445508e-07,0.00391711411328046,0.00293570371855372,0.151111787377019,0.028368269869418,1.64564732815138e-07,0.813666525261017
"TCGA.A6.2682.01A",0.0371255519291021,0.000584909030321437,4.83678963935021e-08,0.383582504727111,0.0402233817204474,0.00147303628579324,0.537010567939329
"TCGA.CM.6164.01A",0.00363118129896701,0.00873828798558353,0.00696366020686967,0.216070947220146,0.0422861682576251,0.0123445667671035,0.709965188263705
"TCGA.DM.A28H.01A",5.6008921415302e-09,0.00210728212225072,0.0238932761942745,0.0592201813826333,0.00880167639231097,6.71936972338932e-05,0.905910384610405
"TCGA.D5.6898.01A",0.048393040808859,4.88398215409612e-07,0.0314705956447672,0.31445318230988,0.0387189278140046,0.00794572490340129,0.559018040120873
"TCGA.A6.3808.01A",0.0458366275144451,3.91341319022589e-05,1.03265018221812e-08,0.677530111565984,0.0512962738524937,0.00829831228617204,0.216999530322501
"TCGA.A6.6780.01A",4.46601109098112e-08,0.00948039277230236,5.78143170565157e-08,5.5753159128761e-05,0.223870176268091,0.0187871273785801,0.74780644794747
"TCGA.AA.3662.01A",2.382282484818e-08,0.00321437588039545,3.58240679960264e-08,0.172097341976955,0.0403829691639613,0.00581711764006924,0.778488135691727
"TCGA.CM.5864.01A",8.3371087052145e-06,0.0050902439837473,0.00283951653915238,0.145338656898043,0.0352850558713785,9.90892264244283e-09,0.811438179690051
"TCGA.NH.A6GB.01A",0.00833343509713869,0.00233412743994323,0.00149779115221689,0.135211326986805,0.0140996429610274,0.00335373674159006,0.835169939621278
"TCGA.NH.A8F8.01A",0.0372143360840572,3.1572274254309e-08,1.12181773105992e-05,0.229034269464535,0.0161401785595706,0.00989076749955162,0.7077091986427
"TCGA.CM.6677.01A",0.00521376778935101,0.00478178943416283,0.0154177936648908,0.353089183508592,0.0285528101608037,0.00253333372707998,0.590411321715119
"TCGA.AA.3949.01A",1.44118002592056e-07,0.0266053889000336,5.15434035266041e-08,0.338408975680651,0.100325123966275,0.0498388471774177,0.484821468614216
"TCGA.DM.A1D9.01A",0.000267154165946295,0.00160538188190545,0.0042197814194198,0.118619189161075,0.0119594019866842,8.4558734968661e-08,0.863329006826235
"TCGA.D5.6930.01A",0.0353878945192924,0.0100762838695219,0.00230389659154311,0.312667820544068,0.040280367043768,0.0179465737098113,0.581337163721995
"TCGA.AA.3980.01A",2.16970226095756e-08,0.0122270690394604,0.0310107478121849,0.0838780577388825,0.0284172071561861,0.0171222481038062,0.827344648452457
"TCGA.CA.5797.01A",0.0159932356828666,0.00919800647007243,0.029041004058978,0.254917652328514,0.0181058139934717,0.00217365509452502,0.670570632371572
"TCGA.AA.3494.01A",0.0187208283461497,0.00278939422750931,0.00955044773777762,0.0901938321821027,0.0194387373848495,8.21859968311891e-08,0.859306677935614
"TCGA.D5.6531.01A",5.97483911197234e-08,0.00594186983722209,4.82522296869534e-08,0.153175704699485,0.0377253874059426,0.01220545746329,0.79095147259344
"TCGA.AZ.4615.01A",5.89368291284783e-06,0.028764278592185,3.51206222518954e-08,0.328988404911647,0.0714189644823797,0.0444542554502728,0.526368167759981
"TCGA.A6.5656.01B",0.012450670473211,4.30132791159214e-07,9.48180892766553e-06,0.937261420076222,1.3154236707841e-09,2.00510539089418e-05,0.0502579451395155
"TCGA.A6.2684.01A.1",0.0763160779255052,0.00482723009101687,9.23283609673766e-09,0.433528779083067,0.0871270985949131,0.00797510843661846,0.390225696636044
"TCGA.CM.4743.01A",0.0170874593684398,0.00239036833578647,0.00677751511423044,0.0882924681974831,0.0120145815983711,0.0108299271193827,0.862607680266306
"TCGA.AA.A01K.01A",0.0257627143636035,0.00206459977322311,0.00459837074355365,0.307271367964924,0.016843620051363,0.00195691718454357,0.641502409918789
"TCGA.NH.A50U.01A",0.0034701002383947,0.00261547130801282,0.00682924064884903,0.117552495781862,0.0230979265365763,0.00266592066571322,0.843768844820592
"TCGA.D5.6928.01A",0.00536532683273684,0.100278982832158,4.17650999756984e-07,0.612203118793093,0.178388894444431,0.103763258588272,8.58309822764217e-10
"TCGA.DM.A28K.01A",2.28309809090237e-09,0.00257599509666402,0.00187698302909144,0.0637258839067358,0.030930724097419,0.00146242975870164,0.89942798182829
"TCGA.AY.6196.01A",1.8038910315829e-08,8.43802611375433e-05,3.06674788591954e-08,0.759383373274294,0.154842696450536,0.0856894880114203,1.32962234202156e-08
"TCGA.CM.5344.01A",0.0520150687705426,0.000168036231478109,1.28573293161146e-06,0.458820882116744,0.00507449127392034,7.05144888406464e-08,0.483920165359894
"TCGA.G4.6309.01A",9.72068299138127e-08,0.00738156344513614,0.0119216893751084,0.112527551373344,0.0281880277936137,0.00530026896906237,0.834680801836906
"TCGA.CM.6165.01A",0.0247690832514426,0.00259026844775298,0.0107096775963467,0.398111431708612,0.0301288321431797,4.14847356225276e-08,0.533690665367931
"TCGA.AY.5543.01A",0.00157187329141143,0.0047364935154001,0.00623795815642297,0.0568868655292621,0.0201705777949963,0.00455913693976045,0.905837094772747
"TCGA.CM.6167.01A",0.000724914910202915,5.96669962654546e-05,0.00273561364786296,0.995898080179751,1.57517995581268e-05,0.000565959199314762,1.32670450013406e-08
"TCGA.AA.3664.01A",6.97396185039224e-09,0.00402515255983937,0.00734595654608059,0.0738474001031041,0.0221244680117948,0.00369707397910569,0.888959941826114
"TCGA.AZ.4313.01A",5.02207633772407e-09,0.00662942805641278,5.30923397748171e-09,0.0725419634914311,0.0267549837878346,0.0031953129966698,0.890878301336341
"TCGA.AA.3530.01A",0.0109005386882918,0.00494788099983777,0.00827915721001774,0.0826438821879556,0.0318213297980632,0.00412867018040078,0.857278540935433
"TCGA.AA.3877.01A",7.04919466844496e-07,0.00846059083411011,1.02526047643887e-07,0.352453429578562,0.0466198190555051,0.00632831863647052,0.586137034449838
"TCGA.D5.6535.01A",0.0162566392327649,0.00198869089116554,0.0111011901585411,0.18421160911258,0.0142891262838783,0.00119963565024387,0.770953108670827
"TCGA.CM.6678.01A",0.000451984598296726,0.00397750480058263,4.1935659873201e-09,0.146257737022112,0.0267656859403546,8.39282242874491e-07,0.822546244162845
"TCGA.CM.4746.01A",1.57210903452794e-09,0.00470501276399995,0.000798441278939137,0.0530174672541514,0.0254710292563904,0.00401486915801354,0.911993178716397
"TCGA.A6.6652.01A",8.17693803899399e-08,0.00275657610658642,0.00647268215800508,0.0876943415744026,0.0145510585571787,3.62063366156717e-08,0.88852522362811
"TCGA.A6.6781.01A.1",0.000411124820632181,1.41119259502103e-10,0.00216554372508628,0.973766210264465,0.0236505551015948,1.32007893349913e-06,5.24586816902123e-06
"TCGA.AA.A01Q.01A",1.41504999903451e-08,0.00380755641270274,4.2134808234035e-09,0.0143017558694774,0.020218188902853,0.00864510082890333,0.953027379622083
"TCGA.A6.5661.01A",0.00628175552263759,0.0041534712750959,0.00753490943144803,0.197932961059666,0.0261875480794313,0.000446163703118931,0.757463190928602
"TCGA.5M.AATE.01A",0.0047437261837246,0.00325794511296797,0.000652470002105371,0.11666807337537,0.0192379959810107,9.87249851437781e-05,0.855341064359678
"TCGA.DM.A1D0.01A",3.89189682408668e-10,0.000139740631001651,0.0109760341147257,0.0360803047151099,0.01188102050307,4.20751528562003e-08,0.94092285757175
"TCGA.AA.3681.01A",0.014845116872777,0.00525186008742456,0.00377296702429487,0.0818744504030582,0.0377388226957369,0.0110299636130321,0.845486819303676
"TCGA.D5.5538.01A",4.13019101630034e-08,0.00800390904928438,1.14986231082816e-06,0.568877366005363,0.116719860244628,8.85084629386811e-05,0.306309165073565
"TCGA.AA.3870.01A",2.7500464694065e-07,0.00813653783123078,1.24719327312485e-07,0.326134713768114,0.0708512203977829,0.00336170457816943,0.591515423700729
"TCGA.CM.6679.01A",0.0559512443753417,1.84710593912432e-06,0.0040725574013034,0.723001598247541,0.0296549866190866,1.04494104881316e-07,0.187317661756684
"TCGA.T9.A92H.01A",4.71863530116286e-09,0.00296802240298155,0.000325849811434812,0.0767250774052765,0.0256030082398962,0.000973476231282691,0.893404561190493
"TCGA.A6.3809.01A.1",2.02986273464113e-07,0.0101151891344959,0.00368116948228632,0.212777576782791,0.107135064181809,0.0165572149748136,0.649733582457531
"TCGA.AA.3818.01A",4.4750280951805e-08,0.00672696321544815,3.99762371630879e-09,0.127039281059154,0.0299037954532046,0.00701362061504426,0.829316290909245
"TCGA.CA.5254.01A",0.00778081196973367,0.00417220083149281,0.00643851582147761,0.408824830076856,0.0279070202890854,0.00178128634357422,0.54309533466778
"TCGA.AA.3672.01A",1.13389489111096e-06,0.0202508917880014,1.54050059468137e-08,0.0259116760386408,0.120221442961058,0.0336467934423294,0.799968046470073
"TCGA.AD.5900.01A",0.0214160212997189,0.00971787951332986,5.48117526883685e-08,0.335416287096365,0.0624827280554724,0.0300609400742284,0.540906089149133
"TCGA.CA.6719.01A",0.07383380813361,4.66729510654982e-05,5.81348231122144e-08,0.471296290412809,0.0306523330339944,0.0114312026400784,0.412739634693619
"TCGA.A6.6654.01A",0.000201061661889096,0.010190802285452,7.47012194192377e-05,0.89373453975639,0.0956235348057192,0.00013723751409017,3.81227570399899e-05
"TCGA.CM.6161.01A",0.0385983408688008,0.00663184741957749,0.040060849211245,0.243420892014512,0.0369953692435118,0.000759820177675591,0.633532881064677
"TCGA.AA.3814.01A",5.29278741490836e-06,0.00674111605615499,8.24341030323531e-08,0.507761175047923,0.0513222260256991,6.91773198511334e-07,0.434169415875507
"TCGA.AA.3697.01A",5.47882463872758e-09,0.00609190962855751,0.0212240369474538,0.0924138296551927,0.0290504063240962,0.00246210332835355,0.848757708637522
"TCGA.AA.3532.01A",0.012033601961594,0.00694514940675953,0.0104521307206454,0.348529691157083,0.0586303604026009,0.0015193068496615,0.561889759501655
"TCGA.AZ.6606.01A",0.00610947353448139,0.00129560116937311,0.0032781450763008,0.0416992925384659,0.0118021840109392,0.0012959784086189,0.934519325261821
"TCGA.CK.4947.01B",0.0516133102531827,0.00439312094327036,0.0012454782099362,0.347387064009042,0.0295631829523831,1.12199248452553e-06,0.565796721639701
"TCGA.A6.2674.01A",3.44543804655443e-06,0.00143544580512914,3.76981171162429e-08,0.957337516682973,0.0410743039552297,0.000149242007978405,8.41252590470909e-09
"TCGA.CA.6716.01A",0.00102265002928789,0.00239657075126122,2.49211404363294e-09,0.263135247587035,0.0368543812066032,0.00131231395639581,0.695278833977302
"TCGA.NH.A6GC.01A",0.0234826759036128,0.000364177419957363,2.01889853934927e-08,0.317719493827085,0.0167098099457139,0.00155153265872628,0.640172290055919
"TCGA.AA.3848.01A",1.15596777016002e-07,0.00522358608407208,8.60991093053713e-08,0.0538024362397988,0.0275013868872971,0.00163798939155674,0.911834399701389
"TCGA.AA.3684.01A",0.0354920831674217,0.0116529713174764,2.15061910602653e-08,0.312009270019469,0.0804420026680752,0.00108876607582058,0.559314885245546
"TCGA.F4.6807.01A",0.102369176784517,0.00125796300526631,1.41930764285851e-07,0.81165045650986,0.0293486596757137,0.021000825070384,0.0343727770234944
"TCGA.AA.3875.01A",6.39568170948257e-09,0.00580068579308619,0.0193523330022997,0.24928772477662,0.0293800305297063,0.00177429172842726,0.694404927774179
"TCGA.G4.6297.01A",0.0105961579403204,0.00492577189611113,5.08396935439531e-08,0.67888492044369,0.0406208254869946,1.16169715684118e-06,0.264971111696033
"TCGA.A6.5660.01A",0.0386951272495251,4.32915332852058e-08,0.00606629166720683,0.359984395454448,0.0158519533033884,7.50692947142271e-08,0.579402113964604
"TCGA.AZ.6607.01A",5.02770265556716e-07,2.33734089864675e-08,2.38728791768689e-08,0.97151985252463,0.0284535231980659,9.62131154430881e-07,2.51121295954409e-05
"TCGA.AZ.4308.01A",0.0408157237541503,0.0028673131926978,1.03098575267906e-07,0.226852045375187,0.0248726781380195,0.00687019222785829,0.697721944213512
"TCGA.AA.3524.01A",2.73246826069598e-08,0.00399109413097399,0.0136039218221191,0.279619438594669,0.0443255907125746,1.74056518827412e-07,0.658459753358461
"TCGA.AA.3975.01A",0.00681907129554495,0.00274832414573624,6.11796122386754e-07,0.113844548031801,0.0325101756586915,0.00401103360505753,0.840066235467046
