"","cellFractions.CD4.T","cellFractions.CD8.T","cellFractions.DC","cellFractions.Fibroblasts","cellFractions.Monocytes","cellFractions.NK","cellFractions.otherCells"
"TCGA.CV.5442.01A",1.5955686593775e-09,0.00148190265395117,3.140226728942e-06,0.0634655292280619,0.0808694202618776,3.86272737171462e-05,0.854141378760095
"TCGA.CR.7392.01A",0.0438418653741353,0.018517269304534,3.41499923988502e-08,0.82264031042226,0.0818673054035925,2.4921827988196e-06,0.0331307231626868
"TCGA.UF.A71A.01A",0.119667276272062,4.1082171850591e-07,7.86176530756952e-09,0.335390979676102,0.0323796857046716,0.000189705308081577,0.512371934355599
"TCGA.CN.A642.01A",2.07295435389406e-08,0.0191241361044848,1.46562469582691e-08,0.155010633797533,0.140264794812035,0.0191015037766182,0.666498896123538
"TCGA.CV.A45U.01A",2.19032634121866e-07,0.0128402283967821,8.14306263787914e-10,0.194248183635518,0.0912267255630751,0.0115231141614172,0.690161528396267
"TCGA.CN.6012.01A",3.57248117219304e-08,0.00709992404733341,2.17144356581701e-07,0.218589278168401,0.0745154256915836,0.0276920254721795,0.672103093751334
"TCGA.CV.A45W.01A",1.57556191467806e-08,0.0136030420031547,0.0277005751233846,0.204914560485209,0.0843951295878175,0.0477401218097029,0.621646555235112
"TCGA.CV.A6K0.01B",0.0480393981292262,0.00999675938431865,1.91715936766446e-07,0.279810642818893,0.0375953335554012,0.0203174391977349,0.60424023519849
"TCGA.QK.A6VB.01A",1.67120139149131e-09,0.000175561169030773,8.0635289492895e-09,0.198184934330648,0.0217773146018693,0.00157606643624766,0.778286113727474
"TCGA.CV.6959.01A",0.0242605147852547,0.00494233864804727,1.96590963020161e-09,0.156144648558386,0.0597041407163951,4.655963542016e-08,0.754948308766372
"TCGA.HD.7832.01A",1.09577041070574e-07,0.0051368886771358,2.87903269990435e-09,0.0816082589992465,0.0810068170679762,0.00236476613148654,0.829883156668081
"TCGA.CV.7255.01A",1.14082350485018e-08,0.000835812872317257,1.14541298914448e-08,0.104912083078208,0.0590553145093791,3.48487538450269e-09,0.835196763192855
"TCGA.CR.5243.01A",0.0987169235280076,0.00401107194553924,0.00968929987783041,0.338806975342831,0.015349413207523,0.0178337478709793,0.515592568227289
"TCGA.P3.A6T5.01A",3.85714972751747e-07,0.00271156584243094,1.16888907999738e-10,0.206178312183175,0.0363754584554978,5.27205474228739e-08,0.754734224966487
"TCGA.CV.6952.01A",0.00133536958966461,0.00624384123721461,1.28488378821182e-09,0.0588108722082936,0.0337341206491811,0.0039687756559167,0.895907019374846
"TCGA.D6.A6ES.01A",3.2759845306984e-09,0.0019687697341251,9.1677158082513e-09,0.0270010127657728,0.0180015296193533,0.000407761570586709,0.952620913866462
"TCGA.CN.5366.01A",3.15563924648167e-07,0.0118875798989098,4.73197822243009e-09,0.294664192693423,0.0662511416871962,0.00710946604717516,0.620087299377393
"TCGA.CQ.6223.01A",4.01575065079613e-10,0.00584242127115589,3.10639534433799e-09,0.13970950380473,0.11095571585467,2.48398776176307e-07,0.743492107162698
"TCGA.F7.7848.01A",0.0246353294402223,0.00880883098461268,1.99271617055436e-08,0.239458749330982,0.0333135817462894,0.0188336734614624,0.674949815109269
"TCGA.CV.A6JM.01A",3.67947430759644e-09,0.000379633950212892,4.6882459458724e-09,0.0775196904643909,0.0629420313532636,0.00528229781502452,0.853876338049388
"TCGA.CN.5359.01A",0.000163460841879513,3.0154813971152e-05,2.366365476201e-06,0.773179369367477,0.226624415703101,2.28127653566977e-07,4.78044094776678e-09
"TCGA.P3.A5QA.01A",0.0661168260793379,0.00178463352099793,2.05197113614856e-08,0.680321213690052,0.117015242214162,0.000328298950656664,0.134433765025082
"TCGA.CN.4734.01A",8.30189866791128e-09,0.0265114341309242,4.75687936339841e-09,0.280765027299479,0.124900968383162,0.00748104156582808,0.560341515561829
"TCGA.CV.6441.01A",6.48658561377234e-06,1.84556055394846e-07,2.1121389253287e-08,0.410453546162858,0.0156647651609725,7.09184784412e-05,0.57380407793467
"TCGA.CV.A6JY.01A",2.52415782337042e-09,0.000935128306074907,3.09869988680991e-09,0.0886984882739419,0.030647145791191,4.39796478007486e-05,0.879675252358134
"TCGA.D6.6825.01A",0.0205802899642198,0.023504812244535,9.36460198967515e-09,0.215316365905464,0.0677267575725211,0.0121407549858368,0.660731009962822
"TCGA.CR.5247.01A",0.00986891771769957,0.00126374275173105,0.000101975872607681,0.874633899249923,0.0117536745753606,8.86289915603335e-09,0.102377780969779
"TCGA.CV.7410.01A",0.148152423392924,0.0108020987918482,2.01353755060836e-07,0.24041546675743,0.082568982769894,0.0158973332434101,0.502163493690738
"TCGA.CV.7091.01A",1.70408076533188e-05,0.0108846156387897,2.57779250193302e-08,0.33275382760979,0.0594761443850401,1.62153885602095e-08,0.596868329565414
"TCGA.BA.5153.01A",0.0904518321300658,0.0294147991559068,1.7867008610671e-08,0.12626982351056,0.0324573753819514,0.0472695012827801,0.674136650671728
"TCGA.CV.7428.01A",2.36858770327485e-07,0.0138707887668978,7.26733753211298e-07,0.108205899671903,0.0700048543872256,0.0201574164552144,0.787760077126236
"TCGA.CX.7086.01A",2.8263871686744e-09,0.00205692540023293,9.59526514681634e-09,0.18611777700833,0.0410217951273058,4.44110928380495e-05,0.77075907894964
"TCGA.CN.5364.01A",2.60161564947233e-08,0.00409647688759111,1.05962356447245e-06,0.112379875480544,0.0545540050347815,0.0035908218628959,0.825377735094466
"TCGA.BA.A6DB.01A",0.0129855220801967,0.03099606207627,4.15041912263956e-08,0.289882830488398,0.0534085276826033,0.03658945795001,0.576137558218331
"TCGA.CQ.5325.01A",0.0436713960002982,0.025543474432686,1.179384670035e-08,0.291998277820383,0.0881240858386273,0.039891809149104,0.510770944965055
"TCGA.CN.4731.01A",0.000186893147937624,7.74264954560881e-07,2.00744106394021e-07,0.815621017862393,0.0561076924944811,5.15706761722969e-07,0.128082905779366
"TCGA.CV.7427.01A",2.45163696635225e-07,0.0144132755440387,5.92630738337465e-09,0.00671069764698868,0.0669520644966504,0.0258661475702715,0.886057563652047
"TCGA.CR.6467.01A",0.0943295261170368,0.0490534845665724,0.0070584722608198,0.086311168604061,0.0544854336056844,0.0748016849490076,0.633960229896818
"TCGA.CV.7183.01A",6.71484775775688e-08,0.000636960163749188,9.91538042027512e-09,0.13555660032047,0.0132628417042332,3.14801175641778e-08,0.850543489267572
"TCGA.CV.A6JN.01A",2.52321384897999e-07,0.00418311699093503,9.2213823173477e-09,0.0193082865260658,0.0241842368241639,0.00530098619934913,0.947023111916719
"TCGA.D6.A6EN.01A",2.20061679854275e-07,0.0558692164376397,0.000186554886774996,1.118815486444e-09,0.203954374066815,0.210810024288093,0.529179609140181
"TCGA.CQ.A4C7.01A",5.19845670879409e-08,0.00146292817284752,2.76251575332001e-09,0.526087859020315,0.119604659512222,2.17811462380596e-07,0.35284428073607
"TCGA.CV.5435.01A",7.71470800447091e-06,0.0125352226559661,1.94834599467773e-07,0.459712322432905,0.242588191858202,8.63289353778027e-07,0.285155490220969
"TCGA.CR.7370.01A",2.30293143919696e-09,0.00918526600783106,3.46554032354519e-09,0.389241030289741,0.07101774322664,0.0039379574611158,0.5266179972462
"TCGA.CN.4722.01A",0.00982458035175979,0.00272166825530884,1.19206284282053e-07,0.298059145377203,0.0160671049310957,3.53652836685899e-06,0.673323845349981
"TCGA.F7.8489.01A",4.2154151987644e-08,0.0317231416297067,2.77114148577281e-09,0.260444784338422,0.23282960290519,0.000297510666259134,0.474704915535129
"TCGA.CV.A6K2.01A",7.20593864660989e-09,0.000913422034887779,1.50799614457399e-08,0.387952679138842,0.0644648365900376,0.000174535189617871,0.546494504760715
"TCGA.HD.8634.01A",4.85213754718702e-08,0.00288099633735823,3.50932824508108e-09,0.0641469170601767,0.0467470844826621,4.26587292805481e-08,0.88622490743037
"TCGA.CN.6994.01A",6.21913764272102e-07,2.58547097998231e-06,1.03439573255377e-05,0.00214785111592488,0.994850445448796,0.00298814845720142,3.63600810677929e-09
"TCGA.D6.A4Z9.01A",2.38643825530785e-07,0.00578041891330358,1.02267331158767e-08,0.156238783943716,0.0612810454659324,0.000168246672025191,0.776531256134464
"TCGA.CR.7376.01A",0.156578850494858,0.0124697956977338,1.76438036576415e-06,0.660803599070983,0.169645880455228,0.000499671644797939,4.38256033753463e-07
"TCGA.CR.7391.01A",0.0118846425860038,0.0175606147925873,5.93756994710654e-09,0.356578024291762,0.0476785415798378,0.00970045634651392,0.556597714465725
"TCGA.T2.A6X2.01A",2.21400474451965e-07,0.00869032736253129,1.34990239974383e-09,0.167899844340545,0.0602937040467073,0.010566594543795,0.752549306956045
"TCGA.BA.4074.01A",1.9132172802228e-07,1.09872534269365e-06,3.82555645691682e-05,0.999952142059902,6.58689421129741e-10,8.10947230205057e-06,2.02197466998327e-07
"TCGA.CN.6022.01A",1.35338699102411e-07,0.0130135682029017,1.75161403493505e-08,0.715392541420901,0.271592912191818,3.43996707460356e-07,4.8133283217077e-07
"TCGA.CN.A6V3.01A",3.90979566800247e-08,0.0125609659282939,1.92789560267913e-09,0.0647539088126845,0.055682408407899,0.00959339128147701,0.857409284543793
"TCGA.QK.A8Z7.01A",0.0104622794356036,0.000116168136922238,1.5342544453606e-08,0.152090740911537,0.017868945518801,0.00642054014627102,0.813041310508321
"TCGA.CN.A497.01A",0.0169558093866747,0.00076978025443534,2.43567708413152e-08,0.306653308782336,0.0266836766233938,0.00539111485525216,0.643546285741137
"TCGA.F7.A50G.01A",3.56921806898299e-09,0.00963031975753673,1.44494422879195e-08,0.0880811899514493,0.0485501108430107,0.0104821560137902,0.843256205415553
"TCGA.IQ.A61I.01A",0.0294862490018349,0.0072291277099087,7.497858118577e-09,3.12859189756645e-07,0.0220612931487602,0.0195228708481108,0.921700138934337
"TCGA.CR.7373.01A",0.00289685947699471,0.0175155295294587,3.67133704752573e-09,0.00469141186399374,0.114060602458731,0.0287111500030311,0.832124442996453
"TCGA.CN.A63T.01A",0.00549475230024542,0.00717811034845055,4.70345529214828e-09,0.180437050166772,0.0667506327633703,0.0234439569359774,0.716695492781729
"TCGA.CN.6019.01A",2.48706138155635e-08,0.00376792526223498,0.0118857333681438,0.887938143265734,0.0943476098734017,0.00206056212684545,1.23302595972323e-09
"TCGA.CR.7386.01A",5.25085700510966e-08,9.92431856628587e-05,6.61982575652296e-09,0.935398112102742,0.0642851665964342,0.000217239432144145,1.7955462064331e-07
"TCGA.HD.A6HZ.01A",0.0956118833922322,5.15230450283194e-08,5.2448111840567e-05,0.378592771728008,0.0661950874778113,8.87427222606226e-08,0.45954766902434
"TCGA.QK.A6IH.01A",8.97628422199818e-10,2.6063375682472e-05,8.57792947024286e-10,0.203390843093789,0.0539249624248885,1.1138307508187e-07,0.742658017967143
"TCGA.CN.6011.01A",0.0188223280391375,0.00510954462779839,3.05418470000669e-11,0.0556374228083424,0.0650695667454224,0.0111744856060993,0.844186652142658
"TCGA.CR.6474.01A",8.97321518224206e-06,3.12498860735308e-07,1.84261332402125e-08,0.910080408740238,0.0899096923472059,1.77084977032761e-08,5.77063882677022e-07
"TCGA.CV.6939.01A",0.0431703729174015,0.0158545475748342,1.43102986240992e-08,0.277867854588464,0.0684396858424585,0.0144553473747599,0.580212177391783
"TCGA.D6.8568.01A",0.0972567202408523,2.68299481015709e-08,1.46908521193502e-08,0.39894430735856,0.0706933824774872,9.82149679772293e-05,0.433007333434323
"TCGA.HD.A634.01A",0.0107384743926737,9.94172613082474e-05,0.00709767691207237,0.0356097454164634,0.00770278067792579,0.00424074231921492,0.934511163020342
"TCGA.CV.A45O.01A",1.75682359475286e-06,0.00205592319647779,2.32961375303313e-08,0.0276454263187804,0.0244532607667294,7.7742849289622e-05,0.94576586674899
"TCGA.T3.A92N.01A",3.00209856068222e-06,0.00334613711864035,1.02592136388342e-07,0.046923346239376,0.0435496447991608,0.0169967263964823,0.889181040755644
"TCGA.CV.7438.01A",2.34946050202342e-07,0.0054657580569646,6.32797723782585e-08,0.303214818154982,0.155866427726344,1.79115286004335e-08,0.535452679924358
"TCGA.CV.A6K1.01A",0.000152422660078054,0.000989999247949456,4.01343587398781e-08,0.0776674866604733,0.0417008933225388,0.0193432216417292,0.860145936332872
"TCGA.CN.5363.01A",8.31290434139013e-08,0.0159325655195945,2.67744443366743e-08,0.284723009044305,0.0893722349486788,0.012409984885409,0.597562095698525
"TCGA.CV.6956.01A",3.45270533095973e-08,0.000619666004135017,1.76177261619251e-08,0.107786860998575,0.0274135594542644,0.000179037430561289,0.864000823967685
"TCGA.CV.7263.01A",1.37576264789422e-07,0.00464639440109783,3.85784518011629e-09,0.546931047001166,0.0705904555896017,0.00218360441868598,0.375648357155338
"TCGA.CN.A49C.01A",1.41152909111738e-09,0.00473410544752366,1.68675460507198e-09,0.0518532379428077,0.0593358612393897,0.00705239864517934,0.877024393626816
"TCGA.CV.7097.01A",2.97476720346323e-05,0.00542436774942554,2.70864907558015e-08,0.339999201015542,0.111725224954701,1.30216485477197e-07,0.542821301305321
"TCGA.IQ.A6SG.01A",1.57846836857238e-08,0.00231093037731453,9.6700129252064e-09,0.15264560324595,0.0550243660494186,1.1520139289652e-07,0.790018959671228
"TCGA.UF.A7JC.01A",1.02578023465483e-08,0.00136828460741414,2.15482671629591e-09,0.0727242286466867,0.0242545988721899,4.55997720249392e-06,0.901648315483878
"TCGA.QK.A6II.01A",2.60613020889468e-08,0.00108543923364724,4.29154607748731e-10,0.0174639748234683,0.028325629322083,0.00351206107642416,0.949612869053921
"TCGA.CN.A49B.01A",2.10918716662491e-09,0.0125984454142527,2.6829076940369e-08,0.0761512990574994,0.14753647127347,0.00857792006791168,0.755135835248602
"TCGA.IQ.A61E.01A",2.34073082166715e-09,0.0101070164842612,3.08715054278157e-09,0.223019280342858,0.0766679493891312,0.000812704790074744,0.689393043565794
"TCGA.BA.A4IH.01A",0.000153844975044055,0.0179173843321982,0.00104744824833039,0.279831740244809,0.0515722868314815,0.0047061103635865,0.64477118500455
"TCGA.H7.8502.01A",0.000103127079256231,0.00193075455228486,1.51279806903509e-10,0.196015326951683,0.0432840713142699,1.04315213999012e-07,0.758666615636012
"TCGA.CV.7406.01A",1.20985948075978e-07,0.000664195982418622,3.79236210311946e-08,0.44478041488091,0.0699336832613756,1.27733660689898e-06,0.48462026962912
"TCGA.CV.7414.01A",1.6485298258655e-06,0.000801696035158789,4.69684770916338e-08,0.233774299046529,0.0181475194174014,0.0196072270439307,0.727667562958677
"TCGA.HD.7229.01A",0.0136992370033766,0.011095112183049,5.45007850758986e-09,0.0441338465255624,0.049412463016289,0.010392105235777,0.871267230585867
"TCGA.CV.6961.01A",1.01181979576169e-08,0.00288188059234642,2.05685586831454e-07,0.496210342522073,0.224910402035415,1.20968194460098e-06,0.275995949364436
"TCGA.TN.A7HI.01A",0.0144954691139878,0.012243537735409,0.0238184209112664,0.113440094040225,0.0450137793173341,0.0630853998488064,0.727903299032972
"TCGA.CQ.5333.01A",1.22978889382741e-07,1.91445907754693e-06,6.86406680254368e-08,1.89847394924681e-05,0.999978904358017,4.48858200843388e-09,3.35273633472608e-10
"TCGA.CN.4733.01A",1.93343724266856e-07,0.0559965322156716,1.37064860340651e-07,0.67340431223665,0.270597570651022,1.25260708578475e-06,1.88098651874903e-09
"TCGA.CR.6488.01A",1.07811064099719e-08,0.00606591562126087,1.58682200788356e-08,0.348352131501558,0.110561218438328,0.000241342458363352,0.534779365331163
"TCGA.BB.4225.01A",0.125123973385089,0.0205878688843134,4.7854670160386e-09,0.0435691811689898,0.0414833186131047,0.0388942410634797,0.730341412099556
"TCGA.BA.A4IG.01A",1.88833504870084e-08,0.0105168150196394,9.72683723722931e-10,0.105620263793909,0.0549816849653997,0.00897485207721159,0.819906364287806
"TCGA.CR.7393.01A",0.0749721746984618,0.0121285203090387,0.01804004448591,0.580572650353169,0.0392127607870812,0.00690503638060599,0.268168812985733
"TCGA.T2.A6X0.01A",2.79024118148447e-06,0.0243281062334845,1.57839458043389e-09,0.101693882740506,0.0654019751449891,0.0145311431250897,0.794042100936354
"TCGA.F7.A623.01A",2.95811019384237e-08,0.00663434671436345,9.28707579359925e-11,0.198776191341503,0.114395392530223,0.0020712434461909,0.678122796293747
"TCGA.IQ.7632.01A",2.69939218688391e-09,0.00167221922847522,4.7572954149425e-08,0.136710680530306,0.0455290063111726,3.82073482862686e-08,0.816088005450352
"TCGA.QK.A652.01A",0.00619642267409794,0.0077494076686718,1.34044791857231e-08,0.200619282969193,0.0389197787385683,0.00328883859502451,0.743226255949965
"TCGA.CR.7388.01A",0.041974473724485,0.00118769654631774,0.0281305967349973,0.387836992266231,0.0343042522411897,0.0213172294851244,0.485248759001655
"TCGA.BA.A6DG.01A",4.58541466364939e-05,1.3286961333195e-07,5.31393312268124e-05,0.884129552170832,0.114227119659691,0.00154420115667028,6.65330008766164e-10
"TCGA.UF.A7JT.01A",1.7423566736584e-06,0.0268222098975338,2.21686150026629e-09,2.32317303813738e-07,0.161260895808437,0.11497033750617,0.69694457989702
"TCGA.CN.A6V6.01A",0.0170084095246892,0.043459397372277,7.58694855438581e-09,0.0682627542020112,0.0698996420727451,0.0314322608005756,0.769937528440753
"TCGA.CR.6473.01A",6.12160432348669e-10,0.0135831511388955,4.22026875676811e-09,0.17174492640098,0.118078321370397,8.94340701464487e-08,0.696593506823228
"TCGA.CQ.7069.01A",0.0202727593583972,0.000498533403639709,1.39380287008361e-08,0.263753514466926,0.0361977780666339,1.44201112505004e-08,0.679277386346264
"TCGA.CQ.6219.01A",2.52207818859782e-08,0.0203140346849134,1.74307803427806e-08,0.240105885973948,0.139021475323441,0.0418645813264946,0.55869398003964
"TCGA.IQ.A6SH.01A",8.73065596376085e-09,0.00624572407097999,1.04362900354656e-10,0.183365018674253,0.0715977240215672,0.00975217253651821,0.729039351861663
"TCGA.IQ.7631.01A",0.00499097719211469,1.82224089871137e-08,0.00068191347223447,0.344846336773609,0.00725224465477483,2.04335057048043e-08,0.642228489251352
"TCGA.CR.7398.01A",0.0451871100211578,1.78024600270004e-06,1.53942924954486e-08,0.549544799412508,0.0217615148375616,4.52181488749603e-07,0.383504327906989
"TCGA.UF.A71E.01A",6.15156519906036e-08,0.00021326018067947,1.04146910267204e-10,0.232456312676438,0.029603857474099,6.96397069437645e-06,0.73771954407829
"TCGA.UF.A719.01A",1.67984613253375e-09,4.54349594351017e-07,3.28959247357376e-08,0.334198972174701,0.0191203774516394,0.00268680411975864,0.643993357328536
"TCGA.CN.6023.01A",1.49831396813205e-07,0.0415145229922266,8.30468380018184e-10,0.00155449721119026,0.144536411171111,0.0855901621383111,0.726804255825296
"TCGA.CV.7422.01A",3.69655967123337e-08,1.03007817930135e-06,5.02660873012997e-06,0.976337697972851,2.2120930809352e-09,0.000163385374908923,0.0234928207876409
"TCGA.CX.A4AQ.01A",0.140766794994484,3.09169112260181e-08,4.345306627866e-07,0.171911802274611,0.0698332847180675,0.0503710740378864,0.567116578527377
"TCGA.CQ.5330.01A",6.67791860638326e-07,5.58500598790484e-05,3.01587130703113e-07,0.518709554209538,0.481112626007096,0.000101183998365237,1.98163461301782e-05
"TCGA.P3.A6T3.01A",6.7343884332479e-08,0.00033631124257014,4.02063117040055e-08,0.104645457322945,0.0475849104925677,3.03365311894458e-08,0.84743318305519
"TCGA.HD.A6I0.01A",1.61090054384346e-08,0.003224211459298,1.84840864575858e-07,0.00421829680431168,0.0358799926252216,0.0203888996984869,0.936288398462812
"TCGA.CV.6950.01A",2.38348862193139e-08,0.00474654611431789,9.45834845255461e-08,0.227235107096458,0.0576975332998664,0.00138025087658901,0.708940444194398
"TCGA.CR.7380.01A",0.0230424905224374,0.00280456783971279,1.11800603507029e-06,0.367297613891997,0.0433111573452334,1.46379006284249e-07,0.563542906015578
"TCGA.DQ.7588.01A",1.05525560519213e-10,3.19192795278964e-06,5.30234747586227e-06,0.25060664423334,0.057426142307025,5.51391529676136e-07,0.691958167687151
"TCGA.BA.6873.01A",0.0450611707435722,0.00419528524802088,1.23787154652443e-08,0.138848718184015,0.0381672417842882,0.0015360907270002,0.772191480934388
"TCGA.CR.6472.01A",8.24084920628259e-08,0.00568480280324441,1.54108238318849e-08,0.205859244691912,0.0259139056492274,0.00711276259052336,0.755429186445777
"TCGA.UF.A7JH.01A",1.12014554504973e-07,0.00144942645269591,3.76403119152577e-06,0.478430671815173,0.0594519019302915,0.0013267002481696,0.459337423507924
"TCGA.BA.4077.01B",2.66843818702712e-09,0.0261754435366611,3.46338849917458e-08,0.315088427954242,0.239739299243913,0.00661857799272798,0.412378213970133
"TCGA.CV.7411.01A",4.79535997882704e-08,0.00251112285009401,2.97635095004027e-10,0.197576808346659,0.0207209294146516,2.17813900970208e-05,0.779169309747263
"TCGA.MT.A67A.01A",8.51831637957392e-09,0.00461340107000098,1.44603208484513e-08,0.0310652994288776,0.0163397328134477,0.0121050060953857,0.935876537613651
"TCGA.D6.6826.01A",8.48316773583805e-07,0.00689800837014786,1.28273629883517e-08,0.302579495444677,0.166614450159025,0.000778994905246093,0.523128189976767
"TCGA.CR.7404.01A",6.33730314350469e-07,0.0293290908393235,8.01132300338597e-08,0.213494301619205,0.139755156103077,0.0405424686521879,0.576878268942662
"TCGA.D6.A6EM.01A",9.34267353074051e-09,0.0172728250732047,3.07245126784232e-08,1.7820896994497e-08,0.114702115935795,0.055008457706535,0.813016543396382
"TCGA.CR.7379.01A",6.47936471151e-08,0.00155060621651585,1.76242153960906e-08,0.456429549553148,0.0718018148302499,0.000161851876181118,0.470056095106043
"TCGA.CV.7236.01A",1.43874655066646e-07,0.0069394719205268,5.74758891074335e-08,0.422389869765085,0.109334294769811,5.85846454682588e-07,0.461335576347579
"TCGA.CN.4727.01A",0.0102086333226544,9.03203455248183e-05,2.19106127388447e-07,0.234373002447051,0.00673546475942932,1.84445991993282e-08,0.748592341574614
"TCGA.CQ.5327.01A",2.58842554153734e-08,0.0207944063232088,2.43742491105983e-09,0.000572751454353362,0.136464509163999,0.0223685358718618,0.819799768864897
"TCGA.C9.A480.01A",3.51524585602176e-09,0.00521762307651281,1.01244684056446e-09,0.043405666325538,0.0240116166134451,0.00370154931662781,0.923663540140184
"TCGA.CV.A6JO.01B",5.44482592589869e-07,0.0115000570139321,6.03828562723343e-09,0.0221391968863662,0.0585681151187266,0.0290801602118126,0.878711920248284
"TCGA.CR.6492.01A",9.87191932621239e-07,0.00651317054151429,3.80912519005388e-09,0.132309238896467,0.0688557143830478,0.00443715398302931,0.787883731194884
"TCGA.CV.6933.01A",1.24231908967923e-08,0.000974201397087268,1.97424451334277e-07,0.282510951236759,0.097044697668611,2.85728985021289e-08,0.619469911277002
"TCGA.BA.6872.01A",0.0052718999397383,0.000979162020628806,2.91238790884785e-09,0.216142421833722,0.0259305154735521,1.48791441440916e-08,0.751675982940827
"TCGA.BB.4223.01A",0.0954490096881959,0.033469663539142,1.86455474299157e-07,0.114302633794707,0.0423705212073119,0.0249096066460076,0.689498378669161
"TCGA.UF.A7JJ.01A",0.0236103665820501,0.0175717005895627,4.27846892618832e-07,0.890402201971749,0.067708169990838,0.000707045278608947,8.77402987571686e-08
"TCGA.RS.A6TO.01A",1.56982838297826e-08,0.00799283968736553,1.1940330324998e-08,0.426039907181756,0.120724713210442,0.00352133683751395,0.441721175444308
"TCGA.CR.7372.01A",1.43755993599542e-07,2.31830105800507e-05,3.40640722606065e-05,0.374532797793972,0.0399459735216349,3.26677528183124e-09,0.585463834578783
"TCGA.D6.6827.01A",0.00665348684725626,0.00304340706647131,1.16036491003386e-08,0.122337678751912,0.0257883839192725,0.00309003459708535,0.839086997214353
"TCGA.CV.7437.01A",4.27837957463537e-08,0.000292046754512576,2.31009696329845e-09,0.245257265475018,0.195472913992563,3.1184855359157e-08,0.558977697499159
"TCGA.BA.5151.01A",0.017606561655954,0.00235294606903879,1.54387588982905e-08,0.267952131150886,0.0396920811031741,4.90147518105449e-08,0.672396215567436
"TCGA.CV.A461.01A",1.0986493440534e-06,0.0373081209372363,2.22274480300447e-08,0.289082967198478,0.0626513380282685,0.06622078196124,0.544735670997985
"TCGA.BA.5559.01A",0.0125293944320892,0.0899123800574331,1.01432260016257e-07,0.16844290689698,0.194292959565964,0.0816066290202354,0.453215628595038
"TCGA.CN.4723.01A",7.53692641087158e-08,0.0105288148814372,0.000298644237335815,0.557959240278931,0.248328335499391,6.52989540608695e-09,0.182884883203745
"TCGA.F7.A624.01A",2.53191619705558e-07,0.0560244990146601,1.56314978328269e-08,5.00440865083483e-08,0.238362635690324,0.171249494926691,0.53436305150112
"TCGA.CV.A463.01A",8.44043097074872e-07,0.00618479658467999,3.30548213561403e-08,0.0745091078095061,0.0330705887118707,0.000429650252477916,0.885804979543547
"TCGA.BB.4228.01A",0.029855664944882,0.00371590460554571,1.5616599792762e-07,0.260775049982409,0.0218839591830259,0.00987633975984781,0.673892925358291
"TCGA.CV.6953.01A",5.96841315662131e-10,0.00508797380284117,2.94005524728118e-09,0.0593302501106475,0.0491990528848681,0.00551069481007768,0.880872024854669
"TCGA.CV.7261.01A",0.00855332369020053,0.00251355853517227,1.28173000972572e-08,0.400069565606052,0.0288331447852256,0.00218155133013883,0.557848843235911
"TCGA.P3.A5QF.01A",1.3760536421177e-08,0.00165972393050512,5.05197400322558e-09,0.0584412759549471,0.0413382750250652,0.00766099371898802,0.890899712557984
"TCGA.CR.6470.01A",0.0823852683031141,0.0453718182873665,0.0237134874415354,0.438720042510317,0.118873498133214,0.0564832982610928,0.234452587063361
"TCGA.CV.5979.01A",9.86333171094059e-08,0.000947946175866105,3.6121087449911e-09,0.169029949916324,0.067934214712623,1.11852807875364e-07,0.762087675096954
"TCGA.CR.6471.01A",0.0634888329566954,0.0154171768888952,2.66065564358316e-08,0.239551213182339,0.0255534870430748,0.00709733984775096,0.648891923474688
"TCGA.CV.7430.01A",0.00240059543683355,0.00291627191131564,1.55868615165954e-06,0.0751240483210628,0.0350274877273911,9.79338292166953e-10,0.884530036937907
"TCGA.CV.7099.01A",1.38955918656716e-05,0.0121829435197412,3.18878228114588e-09,0.0422637720840099,0.080101984784261,0.0126602536663841,0.852777147164956
"TCGA.CQ.6221.01A",3.43623513373297e-07,2.8383941836974e-05,3.45148944705534e-07,0.999930147098599,4.03718898175543e-05,4.04199161376057e-07,4.09812719470548e-09
"TCGA.CN.6992.01A",1.81929899943408e-07,0.000966678119103546,4.61169537110694e-08,0.36274674852176,0.0283946424008631,4.61954886038303e-08,0.607891656715931
"TCGA.BA.5556.01A",2.06759685171759e-08,0.0342422813200032,7.02217925616553e-09,0.119258546938064,0.095774889592074,0.0662417368173882,0.684482517634323
"TCGA.CV.7245.01A",1.06118981083822e-07,1.56583707106649e-06,9.3452589240889e-09,0.71086385263369,0.0135035708945389,9.45081215566999e-07,0.275629950089245
"TCGA.UF.A7JV.01A",1.76811689133984e-07,0.00776914519834361,4.57781967186663e-08,0.140756617322909,0.191482409258541,0.00615131914472494,0.653840286485595
"TCGA.CV.5440.01A",1.21332920117217e-08,0.000775761260506493,6.73502257733383e-09,0.131510522857239,0.0900641226659429,0.00113006949951918,0.776519504848477
"TCGA.UF.A7JO.01A",8.43087148605535e-09,0.0399443733403645,2.24550731249064e-09,0.148905117560601,0.398814821129278,0.0135904043619799,0.398745272931397
"TCGA.CV.A45V.01A",1.31160238152175e-06,0.00464370450530396,2.77089559222073e-08,0.205193771222904,0.0508431757616339,0.0107050798146159,0.728612929384205
"TCGA.H7.7774.01A",4.56623138694384e-09,0.0091641636126368,3.38871568507819e-09,0.0287485216536793,0.0322726156746255,0.00245499963241141,0.9273596914717
"TCGA.CQ.A4CG.01A",9.01362668353995e-06,4.1934922028653e-07,3.0051406183429e-07,0.126671693422456,0.870815691954939,0.00250286745467925,1.3677959726868e-08
"TCGA.CV.5970.01A",9.17886041740437e-09,0.00283432800918818,2.08468589279832e-08,0.257385338487874,0.0652664760965324,0.000117066033202364,0.674396761347484
"TCGA.BB.4217.01A",0.230544972506578,4.32198516723032e-08,0.0215334590082244,0.214756152263567,0.045936224052044,0.0202868229202035,0.466942326029532
"TCGA.CR.5248.01A",2.82381791799114e-07,0.00889060953329816,2.24415928839948e-08,3.61605154992212e-07,0.154585852226165,0.646859915994861,0.189662955817136
"TCGA.CR.7394.01A",0.0642990861059198,0.0422585380787915,3.37420253073959e-07,0.338816637870721,0.0568008810951167,0.0242854633210768,0.473539056108121
"TCGA.CV.7421.01A",6.60903855933718e-08,0.00166711331521344,3.47817465956795e-08,0.83070612847059,0.0290283588974786,1.11567342316405e-07,0.138598186877244
"TCGA.CN.4729.01A",6.40207186651603e-06,6.87355261751099e-05,2.69068635516041e-06,0.642014978515003,0.0296017374325622,5.44796102695541e-08,0.328305401288428
"TCGA.F7.A61V.01A",1.47124729298848e-10,0.00415761803806262,7.89948429578431e-10,0.0892725308394427,0.02763737107711,8.65540415462301e-06,0.878923823704157
"TCGA.BA.A6D8.01A",7.40574517388529e-05,1.28021227957512e-07,3.95742048560561e-08,0.249446639133528,0.0449422016273128,0.0256042858905455,0.679932648301442
"TCGA.CV.5971.01A",0.0813094052382493,0.0036860549091446,5.41903364613395e-08,0.525824710802799,0.0501972478905745,0.0182684674329622,0.320714059535934
"TCGA.CQ.6220.01A",1.0584339725126e-07,0.00375393266780215,2.15661472146099e-09,0.108455479333463,0.064912149145919,4.55613796798559e-08,0.822878285291424
"TCGA.IQ.A61J.01A",6.94971340019522e-07,0.0057224240275208,9.64852249060849e-09,0.31843495609624,0.0492871529342059,0.000254327607229495,0.626300434714942
"TCGA.BA.7269.01A",1.7100346993007e-07,9.27755434291264e-10,1.28822194813544e-08,0.348834733270463,0.0534133609092032,0.00699008501215552,0.590761635994733
"TCGA.CV.7178.01A",3.0554697493411e-06,0.0102816119160092,2.46108900234764e-08,0.60666434401876,0.0509135057412089,0.00840023536930122,0.323737222874081
"TCGA.BB.A6UO.01A",0.00163658815666208,0.00510133669499171,1.73110985286226e-09,0.301643341720137,0.0413260566129031,0.0002370503064004,0.650055624777796
"TCGA.CV.A468.01A",0.033991454531818,0.0272252966272595,3.59719727212021e-08,0.357286429929685,0.0467282132628851,0.0263810408522095,0.508387528824171
"TCGA.CV.6960.01A",8.53295133928077e-07,8.21180074527915e-05,1.28644325585596e-08,0.171831465569224,0.0415590777650698,0.000947859960256467,0.785578612538431
"TCGA.CV.7252.01A",1.55284083441657e-07,0.00866088963913503,1.89499657006823e-08,0.248784242690215,0.102918809286892,6.38890836581767e-09,0.6396358777608
"TCGA.CV.A45X.01A",2.44646657034675e-08,0.000633660793637666,4.8173915695909e-10,0.0745396964960972,0.0268165262214405,3.10641617146555e-08,0.898010060478258
"TCGA.CN.A6UY.01A",0.0496794070864265,0.0204475456825862,6.19413296563298e-09,0.0233884406192679,0.0335525258788372,0.113541423315996,0.759390651222753
"TCGA.CQ.6222.01A",1.17739251822064e-08,0.0162331767518613,9.92029612920473e-08,0.0383419198497164,0.124363410410155,0.0174060184060169,0.803655363605364
"TCGA.MZ.A7D7.01A",9.64687519880985e-09,1.36447060112107e-09,6.37444112362223e-06,0.168868749014871,0.0314043189429949,4.18563954057353e-05,0.799678690194259
"TCGA.CQ.5329.01A",3.39363838597185e-05,4.45375691382571e-06,1.86321338342799e-09,0.749573878372834,0.250347174531437,3.56418900993142e-05,4.91320164345814e-06
"TCGA.CV.5973.01A",1.33058188892178e-09,5.34532919802113e-05,2.10368225783879e-07,0.0402932437422145,0.0414616144562689,5.38721548760202e-09,0.918191471423513
"TCGA.BA.5555.01A",9.02386608906894e-09,0.00551926171528959,3.54084106155454e-09,0.170465970373018,0.0761422604309097,0.018730225118983,0.729142269797093
"TCGA.UF.A7JS.01A",3.30545155082199e-07,9.47308393170266e-05,4.26706743606866e-09,5.27812582433603e-05,0.0906284664344154,0.025236157308794,0.883987529347008
"TCGA.CV.A45Q.01A",8.25833857943631e-10,0.00123201229282239,1.51137383517512e-08,0.0176996412952029,0.0264784935566635,0.00321648639423669,0.951373350521502
"TCGA.QK.A6VC.01A",0.0199594984150675,0.00873677613841135,1.55817031319088e-08,0.106480007515862,0.0233703235966503,0.0193421307342837,0.822111248018022
"TCGA.BA.A6DL.01A",3.61529554902755e-09,0.00188553860506854,5.91385287454692e-08,0.142887509274976,0.0171218367921263,0.00231029119379916,0.835794761380206
"TCGA.CR.7365.01A",3.44184838302214e-08,4.76521130128741e-08,1.72420247191395e-08,0.405399127601615,0.0482766261253378,2.27028123058567e-07,0.546323919932303
"TCGA.P3.A6SW.01A",3.31737431403924e-06,0.0198502463162835,0.00224593994554316,0.160363152231905,0.0713257618886726,0.0385496715428604,0.707661910700421
"TCGA.HD.8314.01A",0.0464784520021721,0.00669134618546251,8.11218020671383e-08,0.231673772199667,0.0750668355798782,0.00553947875338908,0.634550034157628
"TCGA.CN.4742.01A",0.0187679671242128,3.19316043777563e-07,1.02056521692814e-08,0.464010516887432,0.0200587869231613,1.49242745050846e-07,0.497162250300753
"TCGA.IQ.A61H.01A",1.7253261985732e-08,0.00444832073295283,1.04149468058497e-05,0.282591083678017,0.0692307161221205,6.14681391884477e-06,0.643713300452923
"TCGA.CX.7085.01A",0.0744663068309477,0.0113119528519417,0.00966693831424566,0.552394703034774,0.0711455687432408,0.0156827193300733,0.265331810894776
"TCGA.CV.7235.01A",0.000143556369570341,2.44408383636943e-06,7.52037205112053e-08,0.919330468269497,0.0805136719906535,9.76814493123728e-06,1.59377906222328e-08
"TCGA.CV.7434.01A",1.85682397221194e-08,0.00610607975516763,9.7495256256439e-09,0.104088652191394,0.0948895416768001,0.000405601720835691,0.794510096338037
"TCGA.CR.6480.01A",7.44070852640107e-08,0.0112561988853985,1.55884053343597e-08,0.0857413647540279,0.0711076455885311,0.0133232120922131,0.818571488684339
"TCGA.CR.7385.01A",0.0222642351603887,0.0201565510698984,3.66822701596534e-09,0.0958133735563396,0.0975213449189259,0.0253077441594657,0.738936747466755
"TCGA.T2.A6WZ.01A",1.68822867337406e-07,0.00136475596409401,0.00655565243360575,0.0718052871715634,0.0178759219847568,0.0133538985849037,0.889044315038209
"TCGA.CV.6436.01A",3.5722773690578e-08,0.0103267914865304,2.35075913685674e-07,7.03818534215286e-08,0.0266851572835978,0.0435254350160736,0.919462275033257
"TCGA.UF.A7JA.01A",5.78477171694591e-09,0.000182776519597068,1.26414891870709e-07,0.512334874500424,0.0529464758656563,7.86524144199388e-06,0.434527875673217
"TCGA.CQ.A4CB.01A",0.0531310734044981,4.15913876933359e-07,7.30994715508034e-08,0.519651767521474,0.0627404572165204,9.14594275082803e-08,0.364476121384732
"TCGA.CX.7219.01A",3.32548425250494e-08,0.0107145118620225,6.51660499779919e-08,0.671768802117656,0.239229834287644,5.45826245211751e-05,0.0782321706872638
"TCGA.IQ.A61G.01A",1.46327096011814e-08,2.78716663526336e-09,7.13148939885865e-09,0.0789111981978201,0.0751638841217334,6.35550028089692e-06,0.8459185376288
"TCGA.CV.5434.01A",0.00741044851257697,0.00343658224405888,1.42990042177959e-08,0.658695181892651,0.0568875287771979,0.000380379557210336,0.273189864717301
"TCGA.DQ.5625.01A",9.07059513893031e-08,0.03041614336227,8.95772914732971e-07,0.080011710154368,0.0546967730079914,0.0434218953498621,0.791452491646642
"TCGA.BB.A6UM.01A",1.81663180169807e-08,0.0181267251580129,1.4829492702194e-09,0.0133950138568908,0.038615545438943,0.0460094591356857,0.8838532367612
"TCGA.C9.A47Z.01A",0.00012301949659228,0.00311710209572257,2.65940137218853e-10,0.0402504485193171,0.0171455436434139,0.00127971442156065,0.938084171557453
"TCGA.P3.A6T7.01A",1.1100098445176e-08,0.00376564827913786,2.72960445514788e-09,0.101374760960514,0.0290330222717771,8.20205223061057e-06,0.865818352606637
"TCGA.CN.6998.01A",4.47960495818313e-06,0.00292982103285834,8.74669234019128e-10,0.0647940654384386,0.0751656156121556,1.27982579675735e-08,0.857106004638662
"TCGA.MZ.A6I9.01A",2.13749839753225e-08,0.0026238322632299,0.0142115681001554,0.106040491504743,0.0248188622165049,0.0111223496630755,0.841182874877308
"TCGA.F7.A50I.01A",1.75490579923971e-08,0.00839324669295329,6.98994713203989e-09,0.189702653100098,0.0403827121537424,0.00105226606228385,0.760469097451917
"TCGA.T2.A6WX.01A",1.11148699063602e-08,0.0904466233445508,4.55226797787428e-09,0.0099737007955086,0.270059651589427,0.227500523688952,0.402019484914424
"TCGA.CN.4741.01A",5.98290010714115e-08,0.0058979389597243,1.53252686622588e-09,0.200727041462957,0.084126976318828,0.000715964745874415,0.708532017151088
"TCGA.CV.6948.01A",1.18548094645857e-08,0.00497604176278484,1.13348587868875e-08,0.0724534364752425,0.0489458560354616,0.0147438864179512,0.858880756118892
"TCGA.QK.A64Z.01A",1.85029266914893e-08,0.00458015853678226,2.20859170212371e-05,0.227546764210669,0.127085166663952,3.11998524435427e-08,0.640765774968797
"TCGA.CQ.6228.01A",1.23874742289337e-07,1.19399020474408e-07,1.48657413798275e-06,0.216918890366798,0.0250740532195407,5.40324092737344e-07,0.758004786241667
"TCGA.CN.6996.01A",0.0241352798416994,0.0123676552274877,2.18768130774176e-08,0.259165202019776,0.137256708892034,0.00644832259492053,0.56062680954727
"TCGA.CN.4737.01A",5.7127268166377e-08,0.00229288378504178,2.63081549568181e-06,0.484889614183331,0.0704094126567405,2.40313180619965e-07,0.442405161118942
"TCGA.QK.A6V9.01A",0.00797240861166155,0.0233254518878635,2.63451510939744e-09,0.0271810482320118,0.0414997696304721,0.04505151197442,0.854969807029056
"TCGA.DQ.7591.01A",0.0684520071009355,0.0195174827443997,6.76078730472953e-08,0.0459738490530472,0.0391994436654085,0.0496691933390271,0.777187956489309
"TCGA.CN.5358.01A",0.000170013611907768,0.0562368221134733,1.83155210905152e-05,0.820116387854505,0.0928480165904554,0.0306032278758023,7.21643276581229e-06
"TCGA.CV.6945.01A",6.80675554639341e-09,0.00127489627008178,1.00985489515652e-07,0.179757861331733,0.103712819637959,1.00733883030026e-08,0.715254304894593
"TCGA.CQ.6218.01A",0.016410835821853,0.00249078053630658,2.61369344247731e-09,0.168438760371687,0.0356035449412336,0.000683155396186904,0.776372920319039
"TCGA.CV.7413.01A",1.05930486695036e-05,0.000283207021346998,2.40870290967304e-09,0.5733985605112,0.14814321201064,8.38442663695107e-05,0.27808058073307
"TCGA.CR.7377.01A",0.0990957033209682,0.0205428966798445,1.632437036526e-08,0.41928319979422,0.0477311767669344,0.0119773075602691,0.401369699553393
"TCGA.D6.6823.01A",2.5457511231974e-07,0.000740847824545334,9.71491988811344e-09,0.171139645826909,0.0311244717670462,0.00149910244717369,0.795495667844293
"TCGA.CV.7253.01A",2.73769902284502e-07,2.20766045215468e-07,0.000359645547414135,0.419196467896501,0.0162426005952905,2.41420475947368e-06,0.564198377220088
"TCGA.CV.6942.01A",1.16320179052636e-06,0.0165381224730844,4.99324560708882e-07,0.242876498960371,0.0642356371687702,0.0565400630750854,0.619808015796337
"TCGA.BA.A6DA.01A",2.20091245522722e-08,0.000317335207377969,3.00700149566884e-09,0.0731089529540865,0.0209588751400728,0.0068183276080464,0.89879648407429
"TCGA.MT.A67D.01A",0.036694078808792,8.84311028894715e-08,0.00184782339099391,0.283218747340885,0.0243949094024792,1.16291366310928e-05,0.653832723489116
"TCGA.CQ.5323.01A",2.96987588078646e-08,0.0126519721265464,8.46258048335151e-09,0.169606417424004,0.0912453807810268,0.0058192253616472,0.720676966145436
"TCGA.CR.7390.01A",5.84688771418646e-08,5.98986906130784e-05,2.00157840039585e-09,0.589856975476334,0.0309863390674033,1.66738584570875e-07,0.379096559556609
"TCGA.UF.A7JK.01A",2.86167003016281e-09,2.27891970061942e-06,3.37154990017448e-05,0.156705323528534,0.0439734064323507,9.4783467666496e-07,0.799284324924066
"TCGA.CV.A45Y.01A",0.00733736547743905,0.0117802583193117,0.0092688170575711,0.861216895234418,0.0785688654281616,0.0139947986767374,0.017832999806361
"TCGA.P3.A6T0.01A",5.38544840119163e-08,0.000703374743719997,4.68434068187751e-09,0.229534079523742,0.0956977224560809,1.48781464570002e-08,0.674064749859486
"TCGA.CN.4740.01A",2.20226403076774e-08,2.29555442627865e-08,4.97259124972326e-06,0.925464732494614,0.0745296282315864,6.1904908532739e-07,2.65527967696223e-09
"TCGA.CN.5370.01A",1.50213375624445e-05,0.00637730459416927,3.66939017218635e-06,0.576652549641502,0.154825512203818,3.89986262823793e-07,0.262125552846513
"TCGA.CN.6024.01A",1.47012850259945e-05,0.00290342035216315,8.06841830890327e-09,0.264422928668436,0.0315801414582228,0.000285018326426234,0.700793781841308
"TCGA.CR.7397.01A",0.0101412136065495,0.00338529554135203,8.0736853498763e-06,0.752480390063599,0.03295426822254,3.44630491822607e-07,0.201030414250118
"TCGA.QK.AA3J.01A",5.73529789014959e-07,3.59251178235191e-09,1.4824103461944e-08,0.103206301347867,0.0251664882247379,0.0299185118811471,0.841708106599844
"TCGA.BA.A6DI.01A",9.63620386376397e-09,0.00372601496674663,1.19660279420716e-09,0.100068230082923,0.0707275581019471,1.93809921496337e-07,0.825477992205655
"TCGA.CV.5443.01A",2.71681707589997e-07,0.0304404132555459,2.86973609910669e-07,0.206542495147697,0.172960507015738,0.130748336608055,0.459307689317647
"TCGA.P3.A5Q5.01A",8.90320571655237e-08,0.0796446662890108,6.52679693729828e-08,1.3867823703161e-08,0.220481935090417,0.0965549936060552,0.603318236846667
"TCGA.CN.A498.01A",2.85678535905571e-08,0.00472091055747693,2.28287419322677e-08,0.158186364723868,0.0402762404092597,0.00329571965846944,0.79352071325433
