"","cellFractions.CD4.T","cellFractions.CD8.T","cellFractions.DC","cellFractions.Fibroblasts","cellFractions.Monocytes","cellFractions.NK","cellFractions.otherCells"
"TCGA.BP.4766.01A",0.0359267358378064,0.00897431457627868,1.00662286192297e-07,0.107688626223799,0.0703265751304881,0.0182032055110613,0.758880442058281
"TCGA.A3.3352.01A",0.00536806247366975,0.0185034985961712,6.34649591799277e-08,0.0569637601211216,0.0972866834402899,0.0347364725091384,0.78714145939465
"TCGA.G6.A8L7.01A",1.1947279464366e-08,0.00823357375878268,4.85094752896336e-09,0.0350272774742749,0.034883499385736,0.0499732709972942,0.871882361585685
"TCGA.A3.A6NN.01A",8.49603486249862e-07,0.0222664741693168,3.22130304331601e-07,0.0453077867221475,0.0786600110287685,0.0763755310667294,0.777389025279247
"TCGA.T7.A92I.01A",3.37081345032265e-08,0.0133946748423165,8.48975925550178e-10,0.155348767801268,0.156399389963315,3.96952305177024e-05,0.674817437605472
"TCGA.B0.5713.01A",0.0399617560859702,0.0238338600082825,1.4789186256638e-06,0.0813281408196739,0.0384357437855648,0.0508546990378983,0.765584321343985
"TCGA.CZ.4860.01A",6.80711396049634e-07,0.0152624417535526,1.52895718407209e-07,0.509419296077586,0.325393579831372,2.17021659135275e-07,0.149923631708715
"TCGA.A3.3351.01A",0.103667945683667,0.104833990101508,7.37574311498879e-08,9.79902705215304e-07,0.112326636379078,0.0693910352893856,0.609779338886225
"TCGA.B8.4148.01A",0.0371265112994983,0.115015243109807,1.41646772223766e-08,2.31367972053499e-06,0.0754056652394109,0.118461397009793,0.653988855497093
"TCGA.BP.4345.01A",0.24119801630798,0.00311107792991831,8.32572169620589e-07,0.672024396149217,0.0626245665390785,0.0210409672042059,1.43297431050243e-07
"TCGA.BP.5010.01A",0.142374544799575,0.00217951927041857,6.91174685949668e-08,0.281320504612118,0.00893794901365423,0.0211560947254857,0.54403131846128
"TCGA.BP.4325.01A",1.62590519043976e-06,0.059861500608942,6.8780932823974e-11,0.0121598753906461,0.0678222334943556,0.06440002126928,0.795754743262805
"TCGA.B0.5102.01A",0.000513755724365384,0.0170934771064502,1.99365604067253e-06,4.65746028819247e-07,0.0436065814126405,0.0282357978277328,0.910547928526742
"TCGA.BP.5185.01A",0.00960382368237103,0.00688266488814921,3.72362581092377e-08,0.0366867888792104,0.015035777542342,0.0211615683364958,0.910629339435173
"TCGA.CZ.5986.01A",0.0680442487269954,0.00588381980752619,8.37543578133095e-08,0.0876313958148747,0.0489065701093023,0.016286746477115,0.773247135309829
"TCGA.CW.5590.01A",0.0512062727381354,0.0238544403068513,2.96233613411877e-08,0.0849024974179109,0.0701582621087358,0.0429259682398357,0.72695252956517
"TCGA.CJ.4904.01A",0.0421794754648913,0.0293549493520926,3.29115368261131e-07,0.0801647473126765,0.0575740234714682,0.0296161268067936,0.76111034847671
"TCGA.BP.4987.01A",0.0119898720873907,0.0353336136055594,8.36432982532354e-09,0.0580574900245715,0.068329193256556,0.0407494473757061,0.785540375285886
"TCGA.B0.4849.01A",0.061474671706717,0.0153151813773151,9.30565985154548e-08,0.058205216674318,0.0410966796345134,0.0286107579903781,0.79529739956016
"TCGA.BP.4329.01A",0.0547308326982563,0.00701543108986474,7.71012211080957e-08,0.116748286783185,0.0423716854695092,0.0318458958786809,0.747287790979282
"TCGA.A3.3328.01A",7.96780864760817e-09,0.001578913493914,7.27277709559347e-10,0.0613975133188624,0.0570078930313003,4.90716801665174e-09,0.880015666553669
"TCGA.CJ.5672.01A",9.65060604713493e-07,0.0824926134621947,3.6845905919326e-05,8.28473703964507e-08,0.113238968128091,0.160985822751728,0.643244701844091
"TCGA.B0.5104.01A",0.011909956589227,0.0114175165844615,1.60365375701353e-07,0.0811642625926661,0.0393455463722014,0.005799673330278,0.85036288416579
"TCGA.CW.6097.01A",0.324404772535759,0.023842932449609,1.85529153293503e-08,0.497384243674182,0.12353219425997,0.0308354832859441,3.55241620645973e-07
"TCGA.B0.4700.01A",2.14388383034696e-07,0.122479048735031,2.61611440515721e-06,0.388532213327544,0.159106780890842,0.288247451546368,0.0416316749974277
"TCGA.B0.5095.01A",0.14055583818524,0.0343263892047939,0.00155341725284881,0.789518100136534,0.0338609028544929,0.000185340003354259,1.23627356252177e-08
"TCGA.B0.4810.01A",0.0531022399193057,0.0765562306176835,1.39969396864394e-07,0.156319670375797,0.13702229878557,0.201277812212824,0.375721608119422
"TCGA.CJ.4901.01A",0.0247265876416634,0.0678161218223426,1.34983038425009e-08,2.50409391070449e-06,0.0891393946735007,0.14536474860765,0.672950629662628
"TCGA.CJ.4643.01A",0.10063646190417,0.0149982739328574,2.55635673015352e-08,0.115722716586468,0.054013524788893,0.0329322122412566,0.681696784982788
"TCGA.B8.A54H.01A",0.019962999743652,0.0612156320311773,2.69142576663469e-07,0.0946691222666589,0.0506256391415995,0.0618286680150538,0.711697669659282
"TCGA.AK.3429.01A",0.0202236610618918,0.111417505521379,9.22468260571955e-08,5.6098216217735e-08,0.0631605716998809,0.166236288842297,0.63896182452951
"TCGA.B0.4834.01A",0.00668410952383434,0.0026093040274418,6.61939909974018e-08,0.0410055093880024,0.011889223644301,0.00348718894427494,0.934324598278154
"TCGA.B0.4843.01A",0.131132573627391,6.61267972210711e-07,7.2555663354661e-08,0.248282096548726,0.0118079952614887,0.0127867507129162,0.595989850025843
"TCGA.A3.3382.01A",0.0450392816357223,0.0363526548325511,3.55619382853758e-08,0.071245046142755,0.101481501950746,0.0344398887208574,0.71144159115543
"TCGA.BP.4338.01A",1.19615813203906e-07,0.00778561007861286,3.15528787783526e-09,2.57367585020923e-06,0.155771111056911,4.45694146471668e-07,0.836440136723379
"TCGA.B4.5832.01A",0.0434222114120765,0.00567618989896823,6.72379179569108e-09,0.117893384100764,0.00918547303657004,0.000897335094673099,0.822925399733156
"TCGA.CW.6088.01A",0.068133518969166,0.0148885612976168,2.1898837546203e-06,0.168841063050946,0.0334091291392058,0.0254341324832768,0.689291405176034
"TCGA.A3.A6NJ.01A",8.30571734867166e-07,0.101189347489477,1.9057790765177e-08,1.7590123377324e-06,0.129059234836164,0.164938801924095,0.604810007108401
"TCGA.B0.5088.01A",0.0456526063367792,0.0183951260733204,1.22132904125576e-08,0.0785044251527142,0.0973111183911359,0.0259813670935552,0.734155344739205
"TCGA.A3.3308.01A",0.103972723037473,0.0079631000584236,3.06381653190809e-08,0.233202147448728,0.0536756830687207,0.0115385287894248,0.589647786959065
"TCGA.CW.5589.01A",0.0266419617732943,0.0369431500835619,1.57018112500254e-07,0.182306667871442,0.138505671688075,0.0446288728688769,0.570973518696637
"TCGA.B0.5702.01A",1.98933552298682e-07,9.44750596067637e-06,1.06838927273064e-07,1.68174264483393e-07,0.169950667749618,0.118240198745502,0.711799212052175
"TCGA.BP.4169.01A",0.224319480434326,0.0103467810093643,7.70395399791414e-08,0.321959544459459,0.0805938141805542,0.024516310646942,0.338263992229815
"TCGA.CZ.5468.01A",1.43101731552477e-07,0.0160431702242007,1.29856033288723e-08,0.09502452961629,0.143666965592374,0.0157790384813204,0.72948613999848
"TCGA.A3.3313.01A",5.39631682359192e-08,0.00358659162907153,5.69550172004012e-09,0.0752849602967693,0.0692266628764388,6.74165338214255e-08,0.851901658122517
"TCGA.BP.4782.01A",1.40164230476068e-07,0.0402072263211683,3.69830273517664e-06,0.0241239659542622,0.130544537177222,0.0743573921232873,0.730763039957095
"TCGA.3Z.A93Z.01A",5.91170171925979e-06,0.0169496086666337,3.50691302542837e-06,0.128606748553951,0.0539511417289294,0.0519945536761874,0.748488528759554
"TCGA.CZ.5454.01A",0.00053843307827557,0.100728486400936,1.40413874441778e-06,0.0773040333653736,0.627231666582043,0.19419571083329,2.65601338047182e-07
"TCGA.A3.3358.01A",9.553698288513e-06,0.0449083932389095,2.05531298918956e-06,2.90873856248374e-07,0.101279970077295,0.0300983319814425,0.823701404817219
"TCGA.CJ.6031.01A",0.0720124546415045,0.0437934239755977,2.44302248567208e-08,0.380020742790232,0.152771105336414,0.0756896581376024,0.275712590688425
"TCGA.BP.4790.01A",0.201416257103055,0.054224485042031,7.28636105212911e-08,0.432324223383089,0.0959558682129385,0.0369428435682305,0.179136249827046
"TCGA.B0.5699.01A",2.22617340262929e-08,0.0206784818759912,1.27407475099076e-07,0.0559742783210384,0.0967617711340906,0.0404019564851612,0.786183362514509
"TCGA.CJ.4635.01A",1.16862140028123e-07,0.0921451306506113,4.10887545540441e-07,0.100404892845284,0.127014478678071,0.0495921610453377,0.63084280903101
"TCGA.A3.A8CQ.01A",0.0420556254126107,0.0155063925162805,7.78125123060326e-07,0.146996290470856,0.0465665784243179,0.0119117946481469,0.736962540402665
"TCGA.AK.3447.01A",4.94191607104039e-10,0.000427268116611208,1.6501276925151e-09,0.00700546736965612,0.0110661938098194,0.00563100833422133,0.975870060225373
"TCGA.BP.4159.01A",0.0656687214668935,0.00166531335004842,5.71692776089338e-08,0.154719732091853,0.0220116037335988,0.0420406540494367,0.713893918138892
"TCGA.B0.5698.01A",0.00816884061851694,0.0321032362146337,2.51688305087657e-06,1.63258370811584e-09,0.0888217235142251,0.0253393021550108,0.845564378981979
"TCGA.A3.A8OU.01A",0.0109799994793097,0.0163544668270639,5.8370673665141e-08,0.0685202385626904,0.0637545718652419,0.0378261885598423,0.802564476335178
"TCGA.A3.3380.01A",0.0543377922414982,0.0183113153340268,9.69863568901999e-08,0.132092495419182,0.0662604909390483,0.0211389962478173,0.707858812832071
"TCGA.BP.4998.01A",0.199575274774186,0.0228712586629673,1.84859921473018e-08,0.334556930202082,0.0755399065146814,0.0440027399162783,0.323453871443813
"TCGA.A3.3383.01A",4.68449201435473e-07,0.0389759926854405,7.98141272726315e-05,4.95794819661591e-07,0.119508486162542,0.0771989630820803,0.764235779698643
"TCGA.BP.4353.01A",0.131439393339778,0.0460452612489451,6.5797514046192e-08,0.138145486070208,0.129017439049153,0.0542992948158966,0.501053059678504
"TCGA.CJ.5686.01A",0.0486637630915995,0.030130008109094,3.51424473055904e-08,0.0370696395144756,0.112844563614665,0.0464036005186317,0.724888390009087
"TCGA.EU.5907.01A",6.26486714670484e-08,0.010335944186385,5.02410309628379e-10,0.108582226807697,0.154090995831018,0.000195570288019782,0.726795199735799
"TCGA.B0.4703.01A",0.0941725610763688,0.0280694801023349,2.22227013454971e-07,0.794027683773689,0.0389367276316547,0.044793177531246,1.47657693225212e-07
"TCGA.B0.5119.01A",1.44774124855423e-05,0.0496375781742229,3.10592364747993e-08,0.106837597443163,0.0707690026078351,0.041942531551653,0.730798781751404
"TCGA.B0.4822.01A",6.85853577130554e-07,0.0235527633979289,2.20972035161346e-10,0.0681966077722934,0.0681111316446365,0.0380892684873517,0.80204954262324
"TCGA.B4.5835.01A",6.44879395605064e-08,0.0112799136650015,3.5250013663548e-09,0.232270905502217,0.401803923260194,0.000117976510461306,0.354527213049185
"TCGA.CZ.5460.01A",0.0168795720300827,0.0421617178511585,3.62937022407997e-07,4.70837474388011e-07,0.0618650773621079,0.0368336030804428,0.842259195901711
"TCGA.B2.3924.01A",1.37201399985456e-07,0.165925085435503,1.23934530295033e-07,0.000285426847786111,0.270538295701635,0.33869807215917,0.224552858719975
"TCGA.CJ.4870.01A",0.0545026864053154,0.0129103670329092,7.41784982913299e-08,0.0780740125950238,0.0317936549508313,0.0135371971608517,0.80918200767657
"TCGA.B8.4619.01A",0.0103518776383444,0.00217665905253356,1.081705541381e-08,0.0678149332821059,0.0135856070978978,0.00235318888895818,0.903717723223105
"TCGA.BP.5201.01A",0.0129924126536454,0.0604348595737835,4.18083196017905e-08,3.01873140264037e-07,0.0535404240345107,0.108535883575186,0.764496076481414
"TCGA.B8.A54J.01A",0.00370718295449014,0.0479296643590452,4.64703214236865e-07,0.0784557996523727,0.0578257007130818,0.0720871153910279,0.739994072226768
"TCGA.CZ.5456.01A",1.28885295315784e-06,0.0360321686772763,5.1811554582353e-08,0.0768071732934462,0.179617939637492,0.00489371998377926,0.702647657743498
"TCGA.B0.4688.01A",7.68941348219466e-09,1.21263496358666e-05,1.88424081286727e-06,0.568572669607525,0.104374144119714,1.38793960265905e-07,0.327039029198939
"TCGA.A3.3317.01A",0.171781242283943,0.00690839569213127,2.41605976710055e-08,0.351680576127229,0.0485640325140394,0.0427200025565165,0.378345726665542
"TCGA.B0.5400.01A",1.47625774500003e-08,1.43121755397148e-06,1.37561986730651e-06,8.30277107814667e-08,0.999995096341613,1.98205457542963e-06,1.6976102334393e-08
"TCGA.G6.A5PC.01A",5.67291104372327e-07,0.0223042046730076,3.23983504096556e-09,0.000134508270557661,0.0395626423849804,0.044266864231318,0.893731209909197
"TCGA.B0.5100.01A",0.112078405057637,0.0233331234186327,7.20695229451281e-05,0.743166828923608,0.000268948116781771,0.121046812115313,3.38128450821467e-05
"TCGA.CW.5585.01A",8.27754002535777e-06,0.0195726794964047,1.88785805443522e-07,0.139709082589095,0.0606520678134315,0.0298148956121664,0.750242808163072
"TCGA.BP.4343.01A",0.104258067025728,0.0206595021586625,4.74368870621924e-08,0.685617080333954,0.0693000959777988,0.0306902306133686,0.0894749764536014
"TCGA.B2.5636.01A",0.0746524166795101,0.0123200633685463,2.66539900571313e-07,0.279079349008237,0.0508979784835255,0.0176064612469205,0.56544346467336
"TCGA.B0.5081.01A",0.172141046329831,0.0457039048807049,3.37366623400153e-08,0.0602463123504027,0.0770104216280333,0.0772652717933721,0.567633009280994
"TCGA.CW.5580.01A",7.37964273624319e-07,0.0198589103467673,9.66971570768005e-08,0.139998154416885,0.113872306442386,0.0163971540003472,0.709872640132185
"TCGA.B2.3924.01A.1",1.37201399985456e-07,0.165925085435503,1.23934530295033e-07,0.000285426847786111,0.270538295701635,0.33869807215917,0.224552858719975
"TCGA.CJ.6027.01A",0.000446883163784645,0.0846929203629994,2.63156039642261e-07,5.65753576639726e-06,0.157399851867237,0.20570952098297,0.551744902931202
"TCGA.B0.5075.01A",0.00025033510645617,0.0387718893404099,3.69628995505201e-09,5.67284815603212e-09,0.172978455778571,0.0169465703390597,0.771052740066365
"TCGA.BP.5200.01A",0.0652940249480797,0.0426173331515468,6.5360078396489e-08,0.153053504439246,0.0606782854618523,0.0397392905583299,0.638617496080867
"TCGA.BP.4158.01A",0.0170668628815868,0.0094373923271062,1.20145433519914e-08,0.0588614236365127,0.037242952321805,0.0293031658663948,0.848088190952051
"TCGA.BP.5173.01A",0.00941886435013795,0.0712167144846732,9.48041366862014e-09,0.00342662351587035,0.0864651509594805,0.087441347123542,0.742031290085882
"TCGA.B0.4710.01A",0.0142948027249841,0.0246892426380761,1.44436904361708e-07,0.133297695320163,0.0426105755484979,0.0462896776491689,0.738817861682206
"TCGA.A3.3367.01A",0.00860156427273674,0.0142031621114366,5.62697682271304e-09,0.0192511803573635,0.0618139278623642,0.00997693428472855,0.886153225484394
"TCGA.BP.4344.01A",0.0778374940988051,0.00845493654431211,6.40516583938601e-07,0.22073782355158,0.0442062559241606,0.0160757258017308,0.632687123562828
"TCGA.A3.3335.01A",3.04287992394567e-08,0.0114736380374457,5.89913082225436e-09,0.0644987577562288,0.0814808113895572,0.00114196723774026,0.841404789251098
"TCGA.B0.5099.01A",5.907353094444e-06,0.0111424077362725,4.34597323913376e-08,0.0654752312707511,0.0341398300078015,0.00653646711156168,0.882700113060786
"TCGA.AK.3427.01A",7.00566050879768e-09,0.00133950392828718,5.34149495904766e-09,0.0243194370165527,0.01345593818715,0.0029070958380134,0.957978012682841
"TCGA.DV.A4W0.01A",0.0945638376367488,0.00675232664827398,1.51245280751328e-09,0.207845440846732,0.0515031448003759,0.0222088966757742,0.617126351879642
"TCGA.B8.4143.01A",4.22708605203765e-09,0.0803590369704156,3.8359255402525e-05,8.56285240347463e-09,0.130162009208114,0.178410503215488,0.611030078560642
"TCGA.B8.A54K.01A",0.015463464330658,0.00678497643686018,1.0297043024876e-07,0.087099178296978,0.0198598195293772,0.0175161307736152,0.853276327662081
"TCGA.A3.3311.01A",9.62747765310966e-08,0.0255836479309356,1.21125564063373e-07,0.0117320870908394,0.0806746784295137,0.0211498610381066,0.860859508110264
"TCGA.CZ.4854.01A",0.0270891536179673,0.0113483671701023,9.61037479600852e-09,0.10910119538457,0.0483854124889434,0.0285928344400926,0.77548302728795
"TCGA.B8.4153.01B",2.80964631096168e-07,0.0156320656649821,6.59862161023137e-07,0.0281432859019245,0.0289314878512129,0.0140915923551365,0.913200627399952
"TCGA.B2.A4SR.01A",0.0892537127279894,0.0382667829712814,2.27181769122553e-06,0.11461280937565,0.056114969690165,0.0214047351565722,0.68034471826065
"TCGA.CZ.5989.01A",0.0697634876571584,0.0422810934995936,0.00545582144500507,0.0366636908617886,0.0174464357440294,0.00508509369344761,0.823304377098978
"TCGA.CZ.5470.01A",0.0074826179022492,0.0396038458281796,9.10404620093495e-08,2.43665676366861e-07,0.0797305881950163,0.0527001167386449,0.820482496629772
"TCGA.BP.4349.01A",0.0856709191571576,0.00650648947993428,8.2672627863599e-08,0.120901821142756,0.0266806928171828,0.0248438728354313,0.73539612189491
"TCGA.A3.3307.01A",2.60608348672535e-06,0.0485356808550746,3.26048907574458e-08,0.0226254265829544,0.0960598823872805,0.0457638748214778,0.787012496664835
"TCGA.CJ.4641.01A",0.159601764769348,0.0935119542864447,2.2844956219142e-08,0.0365676023364686,0.136147665833137,0.120335643188679,0.453835346740967
"TCGA.B0.5098.01A",2.64980982561789e-10,0.00430860299510693,1.22394581583112e-09,0.0802329199990645,0.0270603912336352,0.0037033953673309,0.884694688915936
"TCGA.B0.4699.01A",3.54133213750811e-09,0.0850463800741226,8.50805020451554e-07,0.442947009146408,0.138057591075449,0.134701993125041,0.199246172232627
"TCGA.BP.5199.01A",0.159509323297449,0.129326432505431,1.61739186782724e-07,0.277430880971266,0.0766200481778892,0.286188533385211,0.0709246199235659
"TCGA.BP.4337.01A",0.262277111675843,2.69546177279757e-07,3.42466861252269e-08,0.510199391977848,0.00991251648282566,0.0111483655620134,0.206462310508606
"TCGA.CZ.4853.01A",1.89658270179489e-06,0.0133909384649548,7.43085521688631e-08,0.0447899158197978,0.0802647997169218,0.0154138652287471,0.846138509878325
"TCGA.B0.5115.01A",0.110669054193708,0.00581682518066767,1.1994553907718e-07,0.153534050498768,0.049415087974914,0.0341165220252843,0.646448340181119
"TCGA.B8.A54G.01A",4.40476709269692e-05,0.271288356488219,1.28217097039607e-09,9.78125660510615e-07,0.219153525442816,0.200412913514042,0.309100177476164
"TCGA.CZ.4861.01A",9.20499283184632e-08,0.0225281133484585,6.49673304859494e-06,5.59115071474633e-08,0.315349692303304,0.000139011971937066,0.661976537681817
"TCGA.B8.5545.01A",0.0900291231438483,0.0221817441979909,3.01848212849921e-07,0.263898188181794,0.161911244367219,0.0330912212859626,0.428888176974973
"TCGA.CJ.4892.01A",0.0481731032353586,0.102330619048967,2.98740341932009e-08,0.133539026081509,0.0618616227900966,0.168595636576293,0.485499962393742
"TCGA.CJ.5678.01A",7.92644683721893e-08,0.0856891661681702,3.13796879260387e-08,3.08682549275157e-05,0.13039184382584,0.200599092848398,0.583288918258508
"TCGA.AK.3433.01A",1.04939208244884e-06,0.00150360853267966,9.12637190062322e-10,0.0102552162636327,0.0103993029301196,0.00339688435949604,0.974443937609352
"TCGA.B8.4621.01A",1.36714515953159e-07,0.00642239103901939,1.73842729790783e-10,0.0544312875871236,0.151552342693384,4.44152840021676e-09,0.787593837350586
"TCGA.BP.4967.01A",0.0152811757214775,0.011716127962269,9.06908495586819e-08,0.0729315803176737,0.0420678239483311,0.0120433846678224,0.845959816691577
"TCGA.A3.3320.01A",0.0650584227681585,0.0239235846411365,8.69539186543363e-07,0.0816276464013371,0.0766381371402863,0.0170856821275639,0.735665657382331
"TCGA.B8.A54D.01A",0.0232134143868427,0.097460684180901,4.66632106137516e-09,8.37193508972633e-07,0.0632196438856168,0.107127384429665,0.708978031257145
"TCGA.B2.4098.01A",5.54416995888102e-07,0.0022010758916134,1.70285553673498e-09,0.0374347066552913,0.138733965154338,3.25825487151783e-08,0.821629663596358
"TCGA.A3.3374.01A",1.60357809256993e-08,0.00394504918922792,4.0432570169959e-09,0.0632324380778532,0.14673350163272,8.59841547986315e-08,0.786088905037006
"TCGA.BP.5000.01A",0.176307529716423,0.0116780054795331,4.34639152566408e-08,0.197362632390408,0.0263993435648178,0.0376668109800236,0.55058563440488
"TCGA.A3.A6NI.01A",1.18007307437397e-06,0.00505269488546072,8.31281786148859e-08,3.49870491799898e-07,0.124855856805706,0.0281657238490133,0.841924111388075
"TCGA.B0.4824.01A",1.61309452609002e-07,0.0721461659665877,1.11045969758701e-08,4.12126335925929e-07,0.1207481987196,0.154956209039329,0.652148841734098
"TCGA.BP.4975.01A",0.0285930863670215,0.0135740239061243,5.70902066072077e-09,0.117537154375507,0.0621218337657022,0.0108364894511818,0.767337406425442
"TCGA.BP.4330.01A",0.231807884293418,0.0946806638507275,4.04653068774772e-08,0.165191575359295,0.0998897850060473,0.124643841893296,0.283786209131909
"TCGA.B0.4841.01A",0.0253287126014343,0.00487025376087611,8.58252823383606e-09,0.0646137726239246,0.00763032916125973,0.0191146728706518,0.878442250399325
"TCGA.B8.5551.01A",5.93125374474205e-08,0.000389139299825112,0.000749945857724164,6.82214447886687e-05,0.998792397116704,1.79395316811741e-07,5.75731034694169e-08
"TCGA.AK.3440.01A",4.83127085821758e-06,0.00146453564242661,8.89708945973806e-09,0.010561694589661,0.00839202554302852,0.0022327166862932,0.977344187370643
"TCGA.BP.5169.01A",0.063889431665411,0.00522930235974669,2.01056666316729e-08,0.0201847714670349,0.0562672748043585,0.0406861625955632,0.813743037002219
"TCGA.BP.4770.01A",2.27570271414534e-05,0.0837943067669809,4.36209678355402e-06,0.835536221965769,0.0550622345063269,0.0255776322522802,2.48538471747033e-06
"TCGA.B4.5838.01A",0.0767846385155169,0.0161468790365561,4.30579147415603e-08,0.365137470011838,0.0537625375963266,0.0155486514809192,0.472619780300929
"TCGA.B0.4815.01A",4.05621323084354e-06,0.125135115339708,0.000445195650645427,1.55186769788443e-07,0.182316218744218,0.344555070801165,0.347544188064264
"TCGA.B0.4838.01A",0.0313921792591123,0.151344798330969,2.75999640959309e-08,7.33782375590979e-06,0.0382574867106118,0.09001316197923,0.688985008296357
"TCGA.BP.5177.01A",0.256593539308403,0.00120845560076863,1.11023304941435e-07,0.411284476606276,0.00574164855292707,0.0320253308050559,0.293146438103265
"TCGA.CJ.4639.01A",0.00890324868622262,0.0949592355012434,1.95078654110935e-07,0.0277975748369511,0.0636893320281409,0.135734653097145,0.668915760771643
"TCGA.CZ.4865.01A",0.11295208710181,0.0313374227331195,6.31034864629833e-09,0.201981170199112,0.0804057235702957,0.0744735547540061,0.498850035331308
"TCGA.BP.5180.01A",7.41488078777395e-07,0.0211633319187235,5.6504579699696e-09,1.77395654514557e-06,0.0793356166342776,0.020693421578303,0.878805108773614
"TCGA.DV.5567.01A",0.0194876718235439,0.0128223785096949,1.77035319028366e-07,0.118122803129316,0.0311862960203941,0.00458790563209189,0.81379276784964
"TCGA.BP.4992.01A",0.0632311029522209,0.0168045721164296,5.12878360945337e-08,0.000945189765870303,0.0160184004463796,0.0389426186770262,0.864058064754237
"TCGA.B2.5633.01A",0.0802717123953633,0.0330056702884513,3.12190274836158e-08,0.0849818378850716,0.122250529426832,0.0274551853579102,0.652035033427345
"TCGA.CJ.5675.01A",8.94319601660296e-08,0.212131316023932,1.6404018606232e-07,8.78654464864403e-06,0.155373835133985,0.322401962416744,0.310083846408544
"TCGA.B0.4701.01A",0.0681902983309628,0.028979837220801,2.04783084576483e-08,0.0298776237906306,0.0669997544965971,0.0280072426003164,0.777945223082384
"TCGA.BP.4784.01A",0.190569773934779,2.09921615412384e-05,2.35448383195089e-07,0.481879149697956,0.0201390413343494,0.0100292977430179,0.297361509679973
"TCGA.B4.5843.01A",0.0585580732314083,0.00794736166970361,5.48385245164962e-08,0.237777752869602,0.0619991621579828,0.0100407847031312,0.623676810529647
"TCGA.B0.5705.01A",2.01079906485505e-06,0.0392834094099247,3.27528075013632e-08,2.31787208624786e-07,0.0787022655142473,0.0330390031524268,0.84897304658432
"TCGA.BP.4965.01A",0.0900529900297011,0.0212021603145755,1.82098840380415e-07,0.154769141267079,0.0783680134778391,0.0101817285041699,0.645425784307795
"TCGA.B0.5085.01A",1.21515676331037e-06,0.009439732684377,1.22099745150038e-08,0.0395587884602273,0.0318945876963732,0.024160596741867,0.894945067050418
"TCGA.B0.5113.01A",0.108813854844425,0.0224252141066173,2.184546033975e-08,0.133922629771381,0.0607327831850081,0.0266881172767224,0.647417378970386
"TCGA.CW.5581.01A",0.00281820226051336,0.041096549055766,2.49331030139986e-06,0.141771263521996,0.115810714167198,0.0136111618668795,0.684889615817346
"TCGA.AK.3454.01A",2.57082978535279e-07,0.0211492660460573,4.2361754869442e-08,0.0894380173396684,0.0541718805587642,0.0426311752129722,0.792609361397805
"TCGA.BP.4989.01A",0.123767856166916,0.0975752601127212,1.25252815616168e-08,0.110254891766643,0.0580174417870357,0.150381682595225,0.460002855046177
"TCGA.AK.3456.01A",4.81439401471117e-09,0.00130728586104936,1.7857430540332e-09,0.0243075369820013,0.0776801388872506,0.00318968016303589,0.893515351506526
"TCGA.A3.3370.01A",0.0950445358229877,0.0738932273862586,3.55542865911836e-07,0.113742234495439,0.107226224687185,0.0812020052866245,0.528891416778639
"TCGA.DV.5565.01A",0.0300964432279368,0.0188168295440972,7.69543093051516e-07,0.12054131855247,0.0376502363882322,0.00822005139914245,0.784674351345028
"TCGA.BP.4795.01A",0.1702067128333,4.89328713673071e-06,0.00154098854299573,0.822227715368132,0.00587053509106888,0.000148944770597228,2.10106769482486e-07
"TCGA.B0.5083.01A",0.0438493422339901,0.00908446905786986,2.12726848033112e-10,0.351012988186078,0.0651601803867833,0.00335039906127495,0.527542620861277
"TCGA.BP.4789.01A",0.0373430780751453,0.0172531580450422,2.7556086932549e-06,0.301033993255934,0.0331876323108566,0.0225515420315449,0.588627840672784
"TCGA.B8.5163.01A",0.180328240491871,0.0698530984704595,2.15857666713664e-07,0.381720421540601,0.140472569959136,0.0585943841361835,0.169031069544082
"TCGA.CJ.6033.01A",0.0786506721130775,0.0159589019041223,1.71938662107349e-08,0.137690772755056,0.0678480687716869,0.0367540714644132,0.663097495797777
"TCGA.BP.4756.01A",3.02392159768864e-08,0.0155930399435008,4.06990807020611e-08,0.0415163978227147,0.0713509828636817,0.00897290320279983,0.862566605229006
"TCGA.A3.3362.01A",0.073262284090708,0.0172687885471802,2.47744194702738e-08,0.201416241766233,0.0567802856958353,0.00956078796890599,0.641711587156718
"TCGA.BP.4355.01A",0.158356274599802,3.67400107574581e-07,1.16547968431729e-07,0.223306390361625,0.0245992701984411,0.0232370927596924,0.570500488132364
"TCGA.B0.4852.01A",0.0290742924315457,0.014371214362357,2.79218086962677e-08,0.0891138529791418,0.0296163837272329,0.0219014580116782,0.815922770566236
"TCGA.A3.A6NL.01A",0.0110670366961182,0.0342790802853928,9.82568685582502e-08,0.0523662309909509,0.0947646857420695,0.0477736531026619,0.759749214925938
"TCGA.BP.4801.01A",2.23352188285512e-06,0.0459644921122112,8.13038428932068e-09,0.353807301469185,0.243183702108787,0.02256283053905,0.3344794321185
"TCGA.A3.3347.01A",0.13358664704771,0.0225800037304401,1.32114009146734e-09,0.636458632967867,0.171983061006728,0.0300605420994079,0.00533111182670665
"TCGA.B2.3924.01B",0.0483547698803244,0.0564606060838143,4.46644724260094e-08,0.0086311086769411,0.0623966905511516,0.0544628726576057,0.769693907485691
"TCGA.G6.A8L8.01A",0.014689672879675,0.00636197544774464,2.01909438284804e-08,0.0444301673167139,0.0188631038339832,0.0294047007421856,0.886250359588754
"TCGA.MM.A564.01A",0.0309866649239278,0.00420262360446062,1.25670418688347e-08,0.109984946310925,0.0164449378047526,0.0417000964816169,0.796680718307275
"TCGA.BP.4775.01A",0.0569701632120811,0.0134352441205682,3.91826840888436e-09,0.0569655303151277,0.0542679089432381,0.026829167987664,0.791531981503052
"TCGA.B0.5703.01A",0.0715446998381333,0.00989989440187094,3.4890140316407e-06,0.131963932459153,0.0132785044092212,0.0905042966631512,0.682805183214439
"TCGA.CZ.5463.01A",1.29157029031513e-07,0.0309690395741246,1.15373236187228e-07,3.01322932626993e-07,0.0595369622380646,0.0297556372583968,0.879737815076216
"TCGA.B4.5844.01A",0.0623713436562735,0.0226294896397945,1.24272501746708e-06,0.196193262379952,0.0584466271064905,0.0273320519576782,0.633025982534793
"TCGA.BP.4963.01A",0.0247206344053279,0.0264065556532602,1.79135869144827e-08,0.0356876460721247,0.102452038676392,0.0118044194668925,0.798928687812416
"TCGA.B8.5546.01A",1.48241149407541e-08,0.00776757821276002,2.95038423454553e-07,0.133858370097939,0.0426664411771272,0.00248154453341795,0.813225756116218
"TCGA.B8.5165.01A",0.111689326890314,0.0213184134363463,1.49290027685061e-07,0.265999937075268,0.0566888451241814,0.0138308892623516,0.530472438921511
"TCGA.CW.5587.01A",4.27656895365273e-07,0.149190757423045,1.69918177507014e-05,1.54634642015838e-07,0.279115646393041,0.205623557075384,0.366052464999242
"TCGA.BP.4983.01A",1.46257042287209e-05,0.264777839914412,1.74024295380723e-05,1.84899745377247e-05,0.602121092084233,0.133046060389922,4.48950312894754e-06
"TCGA.BP.4177.01A",0.139719018760727,1.01344696676021e-07,3.09047869756781e-06,0.386501000190507,0.0163204518821924,0.010601749746631,0.446854587596548
"TCGA.B8.4151.01A",1.39856777775497e-07,0.00921397362211464,5.09241609092705e-08,0.0143246249912282,0.0455803797887651,0.0107967129784326,0.920084117838521
"TCGA.MM.A84U.01A",0.0868531674475966,0.00367007963949614,1.31094178056095e-08,0.191990764422769,0.0358442785956114,0.0379355166326403,0.643706180152468
"TCGA.A3.3365.01A",0.11250109328344,0.0131430768077354,1.14681999441706e-07,0.30565240369785,0.0336647073640024,0.037478127819606,0.497560476345367
"TCGA.BP.4807.01A",2.19824939394749e-06,0.021362373104825,3.75566619908206e-08,0.357827014904535,0.182563400333495,0.0113128911608995,0.42693208469019
"TCGA.A3.A8OW.01A",0.0264845269188886,0.0561821236412035,1.10752701744001e-07,0.116691871705159,0.0750299448356802,0.0802594387302176,0.64535198341615
"TCGA.CZ.4859.01A",7.81833434413026e-09,0.0202809405578182,3.26585304715551e-08,0.100971022240258,0.0878946076198541,0.0145586102717401,0.776294778833464
"TCGA.CZ.5453.01A",0.0352444370858125,0.00817136993415126,7.00909793756041e-07,0.0942250814748266,0.0262195144263242,0.00757015098154552,0.828568745187546
"TCGA.B2.5633.01B",0.169620844688129,0.0119483537720461,2.72239929264151e-07,0.124800891258596,0.0990663306448678,0.0125330849314126,0.582030222465019
"TCGA.CZ.5458.01A",0.0994365914189507,0.0303699464056622,6.41625911704544e-08,0.0681131184518487,0.0609039900574069,0.0148402498376675,0.726336039665873
"TCGA.BP.4354.01A",1.66261151390555e-06,0.0457107195593896,0.00020479655049707,0.0931843072746441,0.586466578341902,0.027653246503447,0.246778689158607
"TCGA.B8.A54E.01A",4.15399015831673e-07,0.000164534298688776,7.67033565453427e-08,0.357407155417105,0.642427734990404,3.01613607202515e-08,5.30300698498509e-08
"TCGA.DV.5568.01A",0.11204595926119,0.0517667308076377,7.64182667501484e-08,0.238390647669669,0.0925228101615782,0.039829418154767,0.465444357526891
"TCGA.B8.5162.01A",7.12010562067437e-08,5.42341758341117e-06,6.60054139449101e-06,1.0010650294323e-05,0.999968413257833,1.07617940561586e-09,9.47985565923045e-06
"TCGA.AK.3460.01A",0.0154206228377695,0.0175652401492289,2.0947712514223e-10,0.07067873250955,0.0478921195101697,0.0385859720653888,0.809857312718416
"TCGA.CJ.5677.01A",0.0485078283977012,0.00757625023651747,8.18027562529278e-08,0.233114459645477,0.085409685312407,0.0193486002400153,0.606043094365126
"TCGA.CZ.4866.01A",2.31455081445481e-08,0.0112363328623796,6.35532564409037e-09,0.0417269998252721,0.0959897637511792,0.000143856678339161,0.850903017381996
"TCGA.B0.4817.01A",3.8595826625632e-09,0.00445324504266592,4.7832675218372e-09,0.0229597615105076,0.0354156943013706,0.0191802064815634,0.917991084021042
"TCGA.CJ.6028.01A",0.00104777197913809,0.121272784828229,2.57560495097822e-09,0.031340833625671,0.189169492235526,0.0770288850270171,0.580140229728813
"TCGA.B2.4102.01A",0.0780583836859396,0.00843225309685344,6.19807025320863e-08,0.0243033912875261,0.0935042832919058,0.0301598107282143,0.765541815928858
"TCGA.B0.4844.01A",2.36582691770747e-07,0.0287414866832425,6.54243569278675e-09,0.13367737880812,0.0952968900191005,0.0286522254910087,0.713631775873401
"TCGA.BP.5184.01A",0.0751283660197269,0.0238937469461473,8.03675334399558e-08,0.331445931468822,0.0893494400027733,0.0447613648217392,0.435421070373258
"TCGA.BP.5168.01A",0.00128518156619441,0.0265830906029812,2.16502768280937e-07,0.0527892529979227,0.0609622822008376,0.0147614317519701,0.843618544377326
"TCGA.BP.4160.01A",1.4592271033546e-06,0.215056346629671,3.53371460623653e-08,0.142276826116812,0.187290678594268,0.18980666095966,0.265567993135341
"TCGA.BP.5190.01A",0.0136142987234487,0.00994657012482282,3.41577060582436e-09,0.0707358566444767,0.0440842993449042,0.0164837903267512,0.845135181419826
"TCGA.CW.6087.01A",9.00240978021194e-06,0.125030332907865,5.21461787804159e-08,1.83863444755244e-05,0.874936243453749,5.82301304937053e-06,1.59724902521543e-07
"TCGA.CZ.5465.01A",0.0550433845901849,0.00595800679190232,8.28971069453443e-07,0.0702161187233007,0.0283203172567391,0.00825759750286464,0.832203746163939
"TCGA.BP.5202.01A",1.73189309423362e-07,0.0206968170899124,3.98133578718272e-08,0.0712177304086722,0.0983469799541567,0.0241156559263878,0.785622603618204
"TCGA.B0.4847.01A",0.0446668381792071,0.044905040870422,1.29494735653969e-08,5.63709892352441e-08,0.0386597623213192,0.0732113487842996,0.798556940524289
"TCGA.B0.4712.01A",0.0618193685459899,0.0236073023051132,1.8561119923955e-08,0.193013175833117,0.114030647792799,0.0764491987535455,0.531080288208316
"TCGA.BP.4352.01A",0.0151037720614001,1.37040742302587e-05,6.15721319118081e-09,0.128962948335143,0.0115524846501296,0.00713456946976359,0.837232515252121
"TCGA.BP.4787.01A",2.29382903093641e-06,0.0192680168902,4.55620983096517e-08,0.250084692537862,0.124651798447482,0.019185935989994,0.586807216743333
"TCGA.CZ.5459.01A",7.21220459329602e-08,0.0346186678687314,1.04548282017888e-07,0.0457040267751787,0.0902519661308843,0.0207108920099392,0.808714270544938
"TCGA.B0.4837.01A",0.0214560243640094,0.0107185887414036,4.06221408649137e-08,0.118352828884285,0.0499180677566512,0.0187731760299055,0.780781273601605
"TCGA.BP.4970.01A",0.171857054008124,0.0263996426375963,1.46829510119195e-06,0.315330825929804,0.0792282936088857,0.0674132223803517,0.339769493140137
"TCGA.B0.5700.01A",2.55881693415636e-07,0.0204672380946682,1.10021392850914e-07,0.0452964359609294,0.0706657769181596,0.0155749421888428,0.847995240934314
"TCGA.AK.3425.01A",0.00421048513904699,0.0638612595495657,1.60474320047748e-08,0.130193103078775,0.202330135429198,0.130442454275544,0.468962546480439
"TCGA.B2.5633.01A.1",0.0802717123953633,0.0330056702884513,3.12190274836158e-08,0.0849818378850716,0.122250529426832,0.0274551853579102,0.652035033427345
"TCGA.B0.5117.01A",0.0107423120417346,0.00154997605443942,1.04102817449397e-08,0.0423870966776103,0.0106666583718878,0.00175888424534929,0.932895062198697
"TCGA.B0.5121.01A",0.0369996365141853,0.0148719176009539,1.00830446923905e-07,0.0507778703150667,0.0219681541364335,0.0276172419403908,0.847765078662523
"TCGA.CJ.4881.01A",0.0465946029791938,0.0192643011883797,5.81005762004564e-08,0.122244944588628,0.0714312234368648,0.0302146812539543,0.710250188452403
"TCGA.AK.3436.01A",0.0739767268395983,0.00965756101125507,7.70309363289557e-10,0.133814879455098,0.0273750898007563,0.0158948518203057,0.739280890302677
"TCGA.BP.4964.01A",0.0435440097355811,0.023047125077428,1.84620918350554e-08,0.0760592331540635,0.0608463052255416,0.0305904365965534,0.76591287174874
"TCGA.BP.4760.01A",0.108392589487818,2.33925006451446e-07,2.13061127238775e-07,0.432985305749249,0.0273925731232808,0.00500037789902065,0.426228706754498
"TCGA.B2.5635.01A",0.0206117721482228,0.0568562977621684,6.04891998945068e-06,1.13088439737876e-08,0.123546389502199,0.0305857903086807,0.768393690049895
"TCGA.A3.3325.01A",0.109480933943268,0.00135232076315746,3.86989278345874e-07,0.123486272691708,0.0467059532294145,0.00610377922813409,0.712870353155039
"TCGA.B8.5159.01A",0.0632282842334578,0.0536127166582214,7.12404459469515e-07,0.151981671719317,0.0751982997513699,0.0452735978505839,0.61070471738259
"TCGA.MM.A563.01A",0.251041164072555,0.0169909222039189,1.63795771037762e-08,0.437381080784516,0.0768767541539739,0.0881063416928072,0.129603720712652
"TCGA.A3.3343.01A",0.0476771020163244,0.0122899818126376,9.08327650428051e-08,0.0128773415094553,0.0850677730776575,0.0411912659626787,0.800896444788481
"TCGA.BP.4163.01A",0.0276302080834653,0.0110509222845819,1.94954646387044e-08,0.0405542262607285,0.0912036027486229,0.0180904394467814,0.811470581680355
"TCGA.B0.5092.01A",0.0819096032616233,0.132395133486338,4.853251694126e-09,1.88658217813653e-05,0.0616925279151213,0.195998673273707,0.527985191388177
"TCGA.BP.4174.01A",0.032509867625579,0.0286496130784728,1.51826304168419e-08,0.0288275349238295,0.0815448643070457,0.0450936612470339,0.783374443635409
"TCGA.BP.4986.01A",0.085979421183936,0.00875978852949755,1.33304109922062e-07,0.228557042578352,0.0682989316489069,0.0075703962907551,0.600834286464442
"TCGA.B0.4696.01A",1.36169490242603e-05,4.4855441551412e-09,1.81846929458859e-09,0.999970586034377,2.21585252088788e-09,3.20930114389848e-06,1.25791955886091e-05
"TCGA.CZ.4856.01A",0.00505926732631026,0.0478046980858432,4.71885678634522e-07,0.0302125545903588,0.0712664574951693,0.0469917702186961,0.798664780397944
"TCGA.CJ.4873.01A",0.0617760016400838,0.021408615617657,4.14413271262328e-09,0.016281846383554,0.0968442273163537,0.072707251993696,0.730982052904523
"TCGA.B0.5693.01A",0.0222174649724026,0.02535346947914,5.1470225234537e-07,0.120743489517266,0.0426904847373745,0.00607667476013267,0.782917901831432
"TCGA.AK.3451.01A",7.87782570849082e-06,0.0293431901871201,2.25135392927493e-08,0.0639234946964451,0.0454665562960653,0.0318080691386728,0.829450789342449
"TCGA.BP.4762.01A",1.39578126258698e-05,2.33291066327739e-09,3.76573346576452e-07,0.949364256081376,0.0506007231691294,1.92597345620535e-05,1.42429604993678e-06
"TCGA.AS.3778.01A",0.141803973490001,0.0231334974736884,1.40041075378914e-07,0.313210911070821,0.115908573113222,0.0226333552116963,0.383309549599495
"TCGA.CZ.5457.01A",1.45254663947683e-06,0.0273663323176225,9.71504341212129e-09,2.57437202603547e-08,0.119932777761716,0.042902161557428,0.80979724035783
"TCGA.B2.5639.01A",0.0152816297518466,0.0119945255867344,8.5592205734634e-09,0.0357862258261109,0.067268656143197,0.0217240853525616,0.847944868780329
"TCGA.B0.4811.01A",0.0243433704556677,0.00299106598166195,3.83586309997111e-09,0.0444828159340919,0.0130787846981158,0.0215011787085599,0.89360278038604
"TCGA.CJ.4899.01A",0.197916208968358,0.0231402456733175,1.1418795689543e-07,0.400947687183834,0.116459431311849,0.0137290773119873,0.247807235362698
"TCGA.B0.5096.01A",3.7924207386114e-07,0.0127930856712329,2.07124151386972e-08,0.131230221369082,0.13796091022662,0.00029027857936521,0.71772510419921
"TCGA.BP.4331.01A",0.00190020883336634,0.0305568356085243,2.66052343715235e-07,2.54072583010135e-07,0.151342191923423,0.0346651664509288,0.781535077058831
"TCGA.B0.4693.01A",0.0132306453017913,0.0485377220865592,2.9043877921029e-08,0.000186076734274175,0.0709090507523203,0.0781734435259153,0.788963032555262
"TCGA.CJ.4637.01A",6.1225844355432e-06,0.336846352700423,8.93952020069904e-08,2.61065322156203e-06,0.221760238857866,0.365354403779287,0.0760301820295651
"TCGA.CJ.4916.01A",1.87031607829649e-07,0.124891173871615,4.34210761068638e-08,4.38244370101206e-08,0.100930374340061,0.216975060967514,0.557203116543689
"TCGA.CW.5591.01A",5.09864309072767e-07,0.00373934461693124,2.58603208511524e-07,0.628499565794761,0.0727289228908705,4.80908802989367e-07,0.295030917321116
"TCGA.BP.5008.01A",0.276656465675846,0.0173426574926636,3.94350356979736e-08,0.437792764247708,0.062506253175507,0.0336339719595763,0.172067848013664
"TCGA.CJ.4903.01A",0.03194248743481,0.0314054190725168,9.88472102345736e-09,0.0328564780437966,0.0595605447103215,0.0368957079679934,0.807339352885841
"TCGA.B0.4714.01A",1.30947217771138e-08,0.0528349526648101,1.45355114176999e-09,8.29405952485897e-08,0.0471771719110644,0.16132143125802,0.738666346677238
"TCGA.B8.5550.01A",0.146036537799031,0.0150819659482918,1.44089141774181e-08,0.516355522366765,0.100361557168691,0.0163225855600263,0.205841816748281
"TCGA.B0.5094.01A",0.0113868375247664,0.0137194437489397,8.68161512178114e-10,0.0495259605981336,0.0432804355615087,0.0338812718906734,0.848206049807817
