"","cellFractions.CD4.T","cellFractions.CD8.T","cellFractions.DC","cellFractions.Fibroblasts","cellFractions.Monocytes","cellFractions.NK","cellFractions.otherCells"
"TCGA.BQ.7044.01A",3.50088270004884e-09,0.00316286030378577,5.35092046774782e-09,0.0265617501988379,0.03717554712423,0.00139705722186973,0.931702776299474
"TCGA.SX.A7SR.01A",2.81630172403853e-08,0.00471737995403225,1.04780853315182e-09,0.024418951988145,0.065219901077762,0.00339465604469195,0.902249081724543
"TCGA.MH.A854.01A",7.02793942329686e-08,0.00513040841049348,4.08581997050235e-08,0.0735953463584613,0.0405482210421135,0.00272276644913302,0.878003146602205
"TCGA.B3.8121.01A",1.55074345956194e-07,0.0181381331260752,2.50404358161534e-08,0.132738462566936,0.299574621457943,0.0368502331847814,0.512698369549483
"TCGA.2Z.A9JJ.01A",1.94849172510273e-08,0.00287740998498598,7.55577862118773e-07,0.249393394698444,0.150764909819293,8.10778246031719e-08,0.596963429356673
"TCGA.B1.7332.01A",1.91480747590327e-08,0.00286426137335141,2.44767137618697e-08,0.0604228103080229,0.0702351774015698,2.80773580500762e-06,0.866474899556462
"TCGA.WN.A9G9.01A",9.79169538506999e-07,0.310865626660465,7.41645404543278e-07,2.07540506150338e-08,0.152642093481972,0.536490469317611,6.8970958042317e-08
"TCGA.A4.8310.01A",5.63914489624603e-09,2.7244912398761e-06,3.00132068444901e-08,0.0974306030209001,0.114452483666289,1.20565918110313e-07,0.788114032603301
"TCGA.2Z.A9JT.01A",2.14465222897385e-05,0.00492628606654659,1.27101328171415e-09,1.06301135735237e-07,0.0687257133709893,0.0101024623981432,0.916223984069882
"TCGA.5P.A9K2.01A",2.72115769240495e-09,0.000383206649056069,2.31855131995109e-08,0.0105180546326277,0.0151219953582739,0.000853121667992922,0.973123595785379
"TCGA.4A.A93W.01A",2.45211335309547e-08,0.00388149551296858,1.42853826398534e-08,0.0915680378900974,0.0492452896523088,0.000767315408558551,0.85453782272955
"TCGA.DW.7837.01A",0.00246207957249724,0.0107855859621326,2.30650742524245e-09,0.0459043645569931,0.0584702076158639,0.00290776512775293,0.879469994858253
"TCGA.A4.A5DU.01A",5.21526196936227e-09,0.00250865164675008,9.10592505436095e-09,0.0273666574725252,0.0416805343158254,0.00156026727867206,0.92688387496504
"TCGA.2Z.A9JI.01A",4.85377737144206e-07,0.00789513456023722,5.16306552785837e-08,2.33944449435462e-05,0.0900316759891507,0.0295316734627992,0.872517584534477
"TCGA.BQ.7050.01A",2.27703608506292e-08,0.00409708290685431,2.7034934857674e-08,0.0919763009896634,0.0762831299855939,3.44814591461209e-07,0.827643091498001
"TCGA.BQ.5894.01A",0.0423209798555633,0.014217569702076,4.29716169391283e-08,0.217695779299895,0.108452960392536,0.0596949605674597,0.557617707210854
"TCGA.BQ.5879.01A",2.19919004695695e-08,0.00850380148523325,2.32325391018171e-08,0.228255168017449,0.11944307326507,2.29017638149577e-07,0.643797682990169
"TCGA.AL.3472.01A",6.82744502227978e-08,0.0025766389926853,8.15603651603115e-10,0.0771555776304131,0.0238255167431683,0.00383088919760765,0.892611308346072
"TCGA.MH.A560.01A",3.37230299090204e-09,0.00112221287348116,1.28766071718335e-09,0.0254288731143319,0.0351025718564634,2.72339744708495e-07,0.938346065156015
"TCGA.BQ.5891.01A",1.96394924941601e-08,0.00370665647506708,4.53813194791403e-09,0.0956082598329262,0.0857106481012108,0.000142295711954491,0.814832115701217
"TCGA.B9.A5W7.01A",2.583843848388e-08,0.00506087287563971,6.4329411987242e-09,0.03071080743139,0.0718320440973738,0.000762493518338451,0.891633749805878
"TCGA.UZ.A9PR.01A",1.51842655782178e-08,2.95316978889481e-06,4.63634059399448e-09,0.0536114158641046,0.0973539512635163,3.62693078459148e-08,0.849031623612676
"TCGA.B9.A69E.01A",3.22956004438248e-08,0.0133738438161319,8.90965920495955e-05,2.82559038567144e-08,0.103232028274926,0.0136845628322616,0.869620407933126
"TCGA.B3.4104.01A",0.0400032645354744,1.04398016688439e-08,1.91058122277542e-08,0.124678037087194,0.0140750618769433,0.000436827512692894,0.820806779442082
"TCGA.SX.A71R.01A",4.79172531510464e-05,3.10111103181928e-08,1.41490084221896e-07,0.0209772435704263,0.0175373033915598,0.00811530652725699,0.953322056756411
"TCGA.MH.A55Z.01A",1.2115841323391e-08,0.00168113115888524,2.12282839430652e-08,0.00410885948236805,0.0428995412932473,0.0120838077589411,0.939226626962433
"TCGA.UZ.A9PO.01A",1.26364970501613e-08,0.00186166290230928,6.78897613922113e-09,0.0354693989799111,0.152407514767222,1.6970201131162e-08,0.810261386954884
"TCGA.G7.7501.01A",8.53230823508856e-09,0.00672152481127859,1.38072688356614e-08,0.0468512400435605,0.0607267925141801,0.00446330591382918,0.881237114377575
"TCGA.DW.7836.01A",5.69782895521895e-05,0.00539354466309578,3.8544349154652e-06,0.193610323160627,0.0541520848912969,3.44743545449607e-09,0.746783211113077
"TCGA.HE.A5NI.01A",5.22342843057011e-08,0.00249980614076067,6.13969139946462e-09,0.0211051991588554,0.0265787339238691,0.00432533689560175,0.945490865506937
"TCGA.G7.A8LE.01A",0.031817150355912,0.00524619194486162,4.53825879873604e-09,0.344939854313463,0.0473834078856838,3.004632112608e-05,0.570583344640695
"TCGA.Y8.A895.01A",1.05504935558197e-09,0.0031690814595974,4.49977237443011e-09,0.0376980007766441,0.0381536717225375,0.00186662601071874,0.91911261447568
"TCGA.UZ.A9PQ.01A",1.01708914256538e-06,0.00287855541981699,1.23070876550891e-08,0.06353798083893,0.0228892592120059,0.00229767870894465,0.908395496424072
"TCGA.BQ.5884.01A",1.33901330493476e-05,8.22225608214759e-08,6.26327572811581e-08,0.000223374765004661,0.999758899696377,4.19051281092681e-06,3.74398186472428e-11
"TCGA.BQ.5893.01A",2.41989407597631e-07,0.00400476590340398,1.85094156944339e-08,0.114406353554767,0.0285613442683002,0.011570669834138,0.841456605940568
"TCGA.UZ.A9PV.01A",4.34629023121599e-09,0.00235355244310657,1.53020212092321e-08,0.0617853212860687,0.0477192857899259,2.08541928143261e-05,0.888120966639773
"TCGA.B9.4113.01A",8.4827053619939e-05,0.0135327812987326,2.08988963602797e-09,0.014438940131989,0.0853867889674592,0.00116157226260168,0.885395088195708
"TCGA.B3.3926.01A",0.0248514955845893,0.000942917182386916,1.67223443551511e-08,0.07654201387731,0.0263420440556819,0.00472113968466094,0.866600372893026
"TCGA.2Z.A9J3.01A",1.65631588570086e-08,0.000841165333368371,4.87541316311132e-06,0.0376779089357229,0.010221857670135,0.00115089117476816,0.950103284909684
"TCGA.Y8.A8RZ.01A",3.80599492164493e-10,7.52753432015513e-09,2.64247776475035e-09,5.0396528047703e-05,0.0375804261565948,9.43922740881344e-05,0.962274774490658
"TCGA.AT.A5NU.01A",0.00170857406854361,0.0026136945359914,8.50000458447938e-10,0.0762046177658428,0.0223141969963641,0.00275704175990143,0.894401874023356
"TCGA.G7.6792.01A",1.88462232467535e-10,0.00461827859608511,4.7559515973492e-09,0.0523204505584191,0.0553240058826087,0.0164042646809268,0.871332995337546
"TCGA.5P.A9KC.01A",1.72908964331037e-06,9.42913714548825e-05,3.76444619762526e-08,0.000347909505479395,0.999554718618644,1.31181509918333e-06,1.95521715965862e-09
"TCGA.Y8.A8S0.01A",8.51909047023281e-08,0.00159356159951881,2.7276055171856e-09,0.04304410755529,0.0484949342089711,7.68024871961058e-08,0.906867231915223
"TCGA.B1.A655.01A",7.05380046521435e-09,0.00135000300342467,2.20778825069373e-09,0.0832594038534194,0.175720111338582,1.12932382319231e-05,0.739659179304753
"TCGA.J7.8537.01A",1.07844189096432e-06,0.0527905447991359,8.32705274381396e-09,0.0086378319585012,0.093425585774449,0.0812682961792852,0.763876654519685
"TCGA.KV.A6GD.01A",0.0261663213327785,0.0233004639232221,6.18043073136979e-08,0.299486597229385,0.227068221082084,0.0262033044602676,0.397775030167956
"TCGA.G7.A4TM.01A",4.41030950391659e-07,0.00629036333175202,2.90940804670142e-08,0.0801099140641391,0.0525136875334171,0.0034856388344235,0.857599926111237
"TCGA.G7.6790.01A",5.01949203544382e-09,0.00371078537495209,7.19329699869311e-10,0.0827852202375392,0.0720721876398668,6.85202893659328e-08,0.841431732488531
"TCGA.A4.8515.01A",5.19189402364688e-09,0.000612426270206377,2.28229616299537e-09,0.0785055817649896,0.0560342926029372,2.15368702826227e-07,0.864847476518974
"TCGA.BQ.7049.01A",0.0207250926112011,0.00037008731577268,0.0235081395071058,0.439885892652525,0.0773727047601751,0.0160443164767566,0.422093766676463
"TCGA.SX.A7SL.01A",5.78743684103859e-07,0.000883376652560343,9.67381710774263e-09,0.0365578593067981,0.0213053399756932,0.00206974555141811,0.939183090096029
"TCGA.A4.7734.01A",0.00770987645994709,0.00772270168521297,4.4988635987146e-09,0.223484751542561,0.07652602007453,3.4270386338551e-07,0.684556303035022
"TCGA.BQ.7053.01A",3.07417663414309e-09,0.00657055000240167,1.95762511816172e-10,0.0835365467409439,0.0566767280130085,0.00228125293311187,0.850934919040595
"TCGA.G7.6797.01A",1.29992608033674e-08,0.00318852280425956,2.72564543356297e-08,0.0542272321287148,0.0444293731510906,2.41694107441603e-05,0.898130662249476
"TCGA.IZ.8196.01A",6.38943465133966e-08,0.00339084438968754,8.05377857749301e-07,0.124801344166319,0.0496014712162015,1.30082924954564e-05,0.822192462663092
"TCGA.P4.A5EB.01A",3.95488419199758e-06,0.00119161652874175,4.23432624905759e-11,0.0516346302031479,0.0904109219438188,1.40585216780937e-08,0.856758862339235
"TCGA.BQ.7058.01A",4.44921192498977e-09,0.00106025909770158,2.24556573756499e-09,0.0568838894518594,0.0580021229509842,7.45674437189295e-06,0.884046265060305
"TCGA.B9.A8YI.01A",5.12849079186307e-10,0.000823354519730771,5.13549069053409e-10,0.0431347193162584,0.062388901037543,8.42321653410211e-05,0.893568791934729
"TCGA.HE.7128.01A",1.68917035099684e-06,0.0313892852287207,6.09506872304788e-05,1.18547480230617e-07,0.3639289710486,0.00281317457003559,0.601805810747582
"TCGA.4A.A93Y.01A",0.039693657292031,0.0023851265934576,2.2690364270469e-05,0.000745846186846268,0.946984987343955,0.010155576531043,1.21156883962947e-05
"TCGA.HE.A5NF.01A",3.04358233224628e-08,0.00158819611712409,2.18522163083323e-06,3.97411981302231e-08,0.164872530230945,1.05474152120734e-06,0.833535963511757
"TCGA.B1.A654.01A",5.2917294625826e-06,0.000360300191244329,1.9075889209373e-09,0.064568850483912,0.0610777170883832,0.00316314579614866,0.87082469280326
"TCGA.DW.7834.01A",8.14334273124094e-07,0.0148460588143014,9.39489774776697e-09,0.160825404745259,0.0818528850878334,1.35852056350186e-08,0.74247481403823
"TCGA.A4.8516.01A",3.53051302859112e-08,0.00419060559056174,2.01486309325962e-10,0.0158450778904052,0.0633374144291569,0.0017944734435926,0.914832393139667
"TCGA.P4.A5E7.01A",0.0058791113102751,0.00324486338477666,1.14145794101416e-09,0.112910098205256,0.0427023974375536,0.00303314971645236,0.832230378804229
"TCGA.IA.A83T.01A",1.48203056832708e-07,3.48076031759209e-06,0.000368675145897353,6.92918900822282e-08,0.429525561583031,9.00828237461761e-05,0.570011982192061
"TCGA.G7.A8LC.01A",0.00252082806294706,0.000781394243936568,1.02358038892837e-08,0.0281404957639363,0.00860437438295225,0.0122109826613114,0.947741914649113
"TCGA.P4.AAVO.01A",3.09705002605006e-08,2.03486150330266e-08,4.46196004152372e-08,0.0498857653378332,0.0651852953909192,6.39696946802538e-10,0.884928842692835
"TCGA.A4.8311.01A",3.13216056246292e-05,0.00131963306896931,1.63781509154258e-09,0.0444617049759159,0.0170276225048626,0.00332738799455973,0.933832328212253
"TCGA.Y8.A8RY.01A",3.87329870947503e-09,0.00422350159778403,1.37067819235864e-05,0.0134946460963985,0.0561964550512446,0.0116330535744638,0.914438633024887
"TCGA.A4.A57E.01A",5.27394206024347e-08,0.00336654458463278,8.70726123323109e-10,0.037652716408864,0.050177853477307,1.16558969204619e-08,0.908802820263153
"TCGA.PJ.A5Z8.01A",7.8514176093745e-08,0.00886812278954804,2.31788919773993e-08,0.116408753299034,0.101274360527218,0.0742454021468902,0.699203259544242
"TCGA.KV.A74V.01A",6.24238314955215e-08,0.00801543131881515,8.48048779102416e-10,0.043452851127491,0.0545920961419418,0.00145299756110624,0.892486560578766
"TCGA.2Z.A9JL.01A",1.60792817776315e-09,0.00287133935927096,3.40269095138472e-07,0.0580304847354497,0.0713898145497587,0.00452108004864098,0.863186939429856
"TCGA.DW.7963.01B",2.29906299451226e-09,0.0038940365364902,1.57347704017557e-09,0.0196447511476865,0.0357255237447322,0.000120142741330746,0.94061554195722
"TCGA.B1.A47N.01A",0.0226325746125131,0.00166794693517815,4.67970586863598e-08,0.0475239918890984,0.0169969333911262,0.00177368989205511,0.90940481648297
"TCGA.5P.A9KH.01A",1.2230090494869e-08,0.00292989688361888,1.27578922615549e-08,0.00735980854991869,0.0274369067805052,0.00215517435851169,0.960118188439463
"TCGA.EV.5902.01A",1.47758325376044e-07,0.00127817348604716,2.31094419894298e-08,0.0678053391521366,0.0379664983058315,7.34643019693638e-09,0.892949810841787
"TCGA.F9.A4JJ.01A",4.34770083510775e-08,0.0135465608252295,5.94411827034243e-09,0.0853369494585168,0.0614786620248833,0.0493764777989098,0.790261300471334
"TCGA.Y8.A8S1.01A",7.00095257469625e-05,0.000910193550564892,0.00528029213909842,0.00930249900744786,0.982846405397663,0.0011394300783112,0.000451170301168091
"TCGA.GL.A9DC.01A",8.65997052774918e-09,0.0025986549725037,9.79614108703508e-09,0.0516014302891642,0.0767293539275745,3.41981849191601e-06,0.869067122536154
"TCGA.BQ.5889.01A",0.0985508089684518,0.0118378573201061,1.60243774068921e-08,0.301486709331752,0.0626728338191781,0.0529641075889034,0.472487666947232
"TCGA.BQ.5882.01A",8.13888847247411e-08,0.0581019734048665,5.86944206764766e-07,0.198315190564697,0.165893538256044,0.0657262683961492,0.511962361045152
"TCGA.A4.7997.01A",3.01383910577692e-08,0.000322817682282646,1.07763430255866e-09,0.0932230037369367,0.132870533136354,1.63686236376244e-08,0.773583597859777
"TCGA.IA.A40U.01A",6.98343184217911e-09,0.00810732231408898,3.50776359558901e-07,0.0176300486282559,0.0489952810371732,0.00480273713631751,0.920464253124373
"TCGA.DW.7838.01A",1.07107532392919e-07,0.00804171339999883,5.06052606872807e-07,0.150387358878988,0.231135704099409,6.84742636947948e-06,0.610427763035096
"TCGA.HE.7129.01A",3.26663409701157e-08,0.0021552098193262,1.34962933623378e-09,0.0456016823917118,0.0372951087789312,5.19536388835911e-08,0.914947913040421
"TCGA.BQ.5887.01A",0.0617697770612988,0.0143531285429827,2.65561545048273e-08,0.651455608729573,0.160265263393473,0.00671643669354661,0.105439759022972
"TCGA.P4.A5EA.01A",0.166058096010244,0.0301515929604236,1.00516785744055e-08,0.153030176218837,0.0602579581824858,0.0732041531386622,0.517298013437668
"TCGA.UZ.A9PL.01A",1.67424368826192e-08,0.00157693957143758,1.92938784526651e-09,0.0688079161327413,0.0440251204493193,0.00229828207203492,0.883291723102642
"TCGA.HE.A5NL.01A",3.20677866428361e-09,0.00791393611787334,6.02490081868782e-07,1.04141879438628e-07,0.055977436201946,0.00983502659165256,0.926272891249788
"TCGA.J7.A8I2.01A",0.0191785728432334,8.86123666111856e-09,2.95873311985239e-05,0.0386479494209241,0.00375348914873281,0.00268771066416489,0.93570268173051
"TCGA.G7.6793.01A",0.00958807131103082,0.00845646924361709,4.5140475678818e-09,0.317609095592378,0.0838602212406934,0.00134540334949751,0.579140734748736
"TCGA.UZ.A9PK.01A",1.65731059498844e-08,0.00176661032470944,1.81931547489601e-09,0.0389192718227545,0.0751658001018014,1.04896056193284e-05,0.884137809752694
"TCGA.GL.6846.01A",5.19731972092822e-10,0.00160265369909042,2.32271681033456e-08,0.0831881263223662,0.0454226860471122,5.45652823529166e-06,0.869781053656296
"TCGA.5P.A9JW.01A",3.53868495166743e-08,0.0036328687054556,2.22482620990385e-08,0.0276638340973953,0.0865611007724716,1.15501098882891e-08,0.882142127239456
"TCGA.DW.7842.01A",1.45941818218283e-09,0.000531533454200328,2.71693387700446e-08,0.0727865905402771,0.0463472419034059,9.43503692540846e-07,0.880333661969667
"TCGA.UZ.A9Q0.01A",1.28896288834208e-09,0.000698905321461228,3.28237726299238e-08,0.0118407762930598,0.0189587998336532,0.00238228821324595,0.966119196225844
"TCGA.UZ.A9PN.01A",0.113852351591701,0.0062834775914316,2.99348346563933e-08,0.442275372770837,0.0450362384826773,0.0031849325407942,0.389367597087724
"TCGA.5P.A9JY.01A",1.5871032775941e-10,0.00232517185967398,2.35050098004785e-09,0.0227787735773859,0.0360044574620834,0.0107249329182894,0.928166661673356
"TCGA.P4.A5E6.01A",2.41139489425006e-09,0.00401924913481484,3.3699224758314e-09,0.0317420505519979,0.052394200558687,0.00976396634599158,0.902080527627191
"TCGA.2Z.A9JO.01A",4.13494699006885e-08,0.00225485150215795,1.4402267814888e-08,0.0602988667296788,0.0531104345473591,3.21487575566326e-08,0.884335759320309
"TCGA.5P.A9K4.01A",9.78975189203348e-08,0.00218197914625907,7.66938600385319e-10,0.0603682717345225,0.0687368991393306,3.51718092033218e-08,0.868712716143621
"TCGA.UN.AAZ9.01A",0.00217776493360691,0.00401762909273377,2.06186316497712e-07,0.0929607760163477,0.0198990166863754,0.0100526767535993,0.87089193033102
"TCGA.SX.A71W.01A",5.42598891454054e-09,0.00340822357377444,4.4076977994842e-09,0.057816322940743,0.0433288245317653,0.00785077758689761,0.887595841533133
"TCGA.MH.A855.01A",1.04327594115313e-08,0.0193691197045179,2.68225320765093e-08,0.0233567472225506,0.0948750799229953,0.00666605748283694,0.855732958411808
"TCGA.B1.A47M.01A",2.27019682356053e-09,0.00324370625026856,1.50893044061788e-09,0.0486674865124443,0.0400254680689291,0.0107678535914433,0.897295481797787
"TCGA.DZ.6133.01A",1.06243482567369e-08,0.00270639845281978,1.1458815759904e-09,0.117557110180504,0.0722868060501388,2.05424550896937e-05,0.807429131091218
"TCGA.DW.7839.01A",2.97168989689584e-08,0.00106782324186315,1.56936810676837e-08,0.0772806099056837,0.0500151430952673,2.52072721711468e-07,0.871636126273884
"TCGA.5P.A9KF.01A",6.07927909523859e-09,0.003218570259527,2.77303709604421e-09,0.100625253746883,0.111024470613142,0.00077133574079225,0.784360360787339
"TCGA.SX.A7SP.01A",1.51031261979401e-08,0.0025530574707911,3.44430826655229e-09,0.00742282657628106,0.0978251704631637,0.000654757505926352,0.891544169436403
"TCGA.G7.6795.01A",1.35914498020167e-05,0.00169196778839522,1.94019540821876e-10,0.0218230347566225,0.0213862174668431,0.0129122632663251,0.942172925077993
"TCGA.A4.A772.01A",2.33995044965739e-08,0.00741709197945687,3.65600847279919e-08,0.0414845055438944,0.115347679937967,0.001325082304004,0.834425580275089
"TCGA.BQ.5890.01A",7.05401390723648e-09,0.00444789701748973,6.79283131413656e-10,0.0331051303146392,0.0748795933859087,0.00112435169597202,0.886443019852693
"TCGA.B9.7268.01A",9.49181592215529e-06,0.000406857170048188,7.17602266633152e-09,0.0422665360964745,0.0499199673893019,1.96947841238199e-05,0.907377445568107
"TCGA.AL.3466.01A",0.0164962942181447,0.00339299434895165,2.48755529967912e-05,0.0753376295293962,0.0113828405438868,0.00459934365725619,0.888766022149368
"TCGA.GL.8500.01A",2.37480358683439e-06,0.00431233776091087,3.69590328999815e-10,0.0334858338755263,0.0357076193946199,0.0015539033576273,0.924937930438138
"TCGA.A4.8517.01A",5.35868569981147e-09,0.000393875457578954,1.61036810617182e-09,0.0236638371507735,0.0645532567977028,4.7266996739767e-05,0.911341756628151
"TCGA.2Z.A9JR.01A",1.84372881407694e-07,0.0105510614059896,1.17960951335271e-09,0.0522508152539667,0.113084340146902,5.62605353619819e-05,0.824057337105289
"TCGA.A4.A6HP.01A",7.37485834479983e-08,0.00554815035437535,3.31976360808668e-09,1.98441562393535e-08,0.120044766691911,0.000884520589188196,0.873522465452023
"TCGA.F9.A97G.01A",2.05977289382825e-08,0.00760076056093338,5.59763064024819e-09,0.0842418086940387,0.188783016704144,4.81228685269074e-07,0.719373906616839
"TCGA.2Z.A9J9.01A",0.0148612942021695,0.00763956885180677,7.02180109473958e-09,0.0556132630234542,0.0234000741577369,0.0148464449986434,0.883639347744388
"TCGA.A4.A5Y0.01A",4.28239859217652e-08,0.00097571067604726,5.37888551932694e-09,0.078849956993412,0.0679864941419129,1.61977291088135e-08,0.852187773788027
"TCGA.2Z.A9JD.01A",4.13087894557614e-09,0.00209023735864533,7.80513124304115e-10,0.0589349177448143,0.0480401648393704,0.000188445046095014,0.890746230099683
"TCGA.A4.7828.01A",0.137655544016999,0.00555603731445638,3.26236070378577e-08,0.287201434521028,0.0379106392373344,0.013553007031189,0.518123305255386
"TCGA.MH.A857.01A",1.90856514262908e-08,0.00154905974101317,5.2248144603485e-11,0.0305725120176937,0.0202536640065305,0.000811302532757863,0.946813442564105
"TCGA.2Z.A9J2.01A",3.00768964079789e-08,0.000407286673133393,2.72518763270484e-09,0.0774458012847377,0.129553132492493,2.46806646984171e-05,0.792569066082853
"TCGA.A4.8518.01A",7.63245978706682e-09,0.00218295657353899,8.3848030070222e-08,0.10906177909652,0.107962318145303,3.67523841059921e-08,0.780792817951764
"TCGA.A4.7585.01A",2.38177276064894e-09,0.0306269937608686,1.77436642824043e-08,0.155479955786726,0.183876470892583,6.10218001478956e-05,0.629955537634238
"TCGA.BQ.7046.01A",5.78847706689281e-09,0.000553031843250579,2.58254606506305e-09,0.0320944469345583,0.13059001377644,1.09708737084805e-07,0.836762389365991
"TCGA.BQ.5886.01A",1.34685602151847e-09,0.00123510449386407,6.40022001606538e-10,0.0256594548128016,0.0425938758193391,5.55682383304967e-09,0.930511557330293
"TCGA.4A.A93X.01A",7.15051824648428e-10,0.000448941880384344,8.00211584735693e-06,0.0599360097315365,0.0973185360343141,2.71145301160573e-06,0.842285798069854
"TCGA.IA.A40X.01A",4.68326565031054e-06,0.0114814090730302,2.38405414695262e-09,0.0292301480942715,0.066483180059727,0.00143613781492215,0.891364439308345
"TCGA.BQ.5888.01A",5.43812928327096e-07,0.00305397600464309,9.19767835714032e-10,4.2493816777479e-06,0.0346028567866081,0.0204079755885915,0.941930397505783
"TCGA.A4.7915.01A",2.04503012958253e-09,0.017297569029163,1.69969963359282e-07,0.226512368668555,0.0726916800289927,0.0116040449622055,0.67189416529609
"TCGA.SX.A7SQ.01A",6.20950437926757e-09,0.0019626508277766,7.52704282817238e-10,0.0878026328583178,0.0591632377759224,4.40090958683116e-06,0.851067070666188
"TCGA.F9.A8NY.01A",0.0369038958751456,0.0118332266544367,1.43159674182777e-08,0.0879626652324864,0.0271339713020648,0.0111773598494893,0.82498886677041
"TCGA.2Z.A9JE.01A",4.63290898780899e-09,0.00109511158415033,4.60540403720557e-07,0.0382542400640712,0.0320869916025908,1.22177702503391e-07,0.928563069398172
"TCGA.IA.A83V.01A",1.56937950135643e-07,0.0213229738945678,5.1936508871295e-08,0.332311506666302,0.246967105357208,0.00797634530041147,0.391421859907052
"TCGA.2Z.A9JP.01A",3.87158327132911e-09,0.000490019823357965,1.41283180253631e-09,0.0349205631818553,0.142144041435367,2.34516516179891e-06,0.822443025109843
"TCGA.2Z.A9J5.01A",2.25851778479587e-07,0.010423636433152,7.14736176591753e-08,9.71601156199412e-08,0.188419170038433,0.00349979162441663,0.797657007418487
"TCGA.B9.4617.01A",0.00868351176573679,0.00215367927274274,1.8679520623846e-08,0.0182240981913648,0.0135630474778763,0.00185676068813781,0.955518883924621
"TCGA.A4.7288.01A",4.55599142736702e-09,0.00245294719743765,6.64769520798798e-07,0.0965890415247919,0.0743319408754839,2.57208913838889e-07,0.826625143867861
"TCGA.GL.7773.01A",3.38369326308887e-09,0.00409085703919961,2.57109931687233e-08,0.0841989887954228,0.0715105299555817,0.00877682380316686,0.831422771311943
"TCGA.B1.A47O.01A",5.9024613916172e-10,0.000340802700700817,4.48101420136377e-09,0.022035024103441,0.0403793517966847,0.00975484995650698,0.927489966371406
"TCGA.GL.A4EM.01A",1.26440622713896e-07,0.00551057718157793,9.88708610604762e-08,0.0858228529671247,0.146087743546642,2.22837037608098e-08,0.762578578709468
"TCGA.UZ.A9PZ.01A",7.68144420992318e-09,0.00162246623562416,3.09967030396351e-08,0.0520128257385801,0.0253979610531049,0.00373666804439476,0.917230040250149
"TCGA.B9.A5W9.01A",1.99725731073419e-08,0.00331735564597242,2.4807312265973e-09,0.124379225160002,0.0887035983603745,3.13517886099676e-08,0.783599767028558
"TCGA.DZ.6132.01A",2.36319519977601e-06,0.12904500513287,4.25299464705273e-07,2.24935388143901e-06,0.800294134868862,3.5137210413209e-06,0.0706523084286815
"TCGA.A4.7583.01A",0.0309689536470128,0.00884745218663235,4.42101845339644e-09,0.0120415570796513,0.0496265527898088,0.0155467020214488,0.882968777854428
"TCGA.UZ.A9PM.01A",3.29054544629188e-08,0.00703610529785032,3.49147057480183e-08,1.29578325608055e-07,0.177763627052573,0.00220739040184519,0.812992679849246
"TCGA.SX.A71S.01A",1.56681152735041e-08,0.00119221736616001,3.57702103891514e-09,0.0924160499001061,0.0603666971877004,1.3503107364052e-08,0.84602500279779
"TCGA.G7.7502.01A",1.373949130704e-07,0.00738253640491192,1.64986487289393e-07,0.0579981752859552,0.102969148427387,0.00698520662079796,0.824664630879548
"TCGA.B3.3925.01A",8.7552082256404e-07,0.00711691682125505,3.62096177796064e-08,0.11677969038083,0.0962065990601853,1.70887777812004e-09,0.779895880298412
"TCGA.V9.A7HT.01A",4.91906740744141e-08,0.00265644688984881,2.34124419626424e-08,0.0152767628566516,0.16957548704366,0.0304261158863728,0.78206511472035
"TCGA.UZ.A9PU.01A",4.54303885263310e-09,0.002661948381536,1.06641909180826e-08,0.0453492809341499,0.0634678219117711,0.000981024558265969,0.887539909007047
"TCGA.BQ.5880.01A",4.07546500992266e-09,0.0152547758098087,1.48495066374064e-08,0.181202585206681,0.1194140448119,0.00111535160582202,0.683013223640817
"TCGA.MH.A856.01A",1.97820711017187e-10,0.00112317590826978,1.10159500146513e-08,0.0428550480242932,0.0479796541927297,0.00647910360513,0.901563007055807
"TCGA.A4.7732.01A",9.10466947218257e-08,0.000982368206691777,2.32617840773763e-05,2.02524181945723e-08,0.0418013501275261,1.28495525267178e-06,0.957191623627339
"TCGA.A4.8312.01A",1.56118331244923e-08,0.00464105243349365,4.0243859496533e-08,0.0458008002466912,0.0353614172629975,2.01020024367587e-05,0.914176572198688
"TCGA.IZ.8195.01A",2.12160297060921e-09,0.000780008554669379,3.50424168055112e-09,0.0775381084888645,0.0736654609489222,3.30297475431555e-08,0.848016383351952
"TCGA.B9.A44B.01A",1.01817460950297e-08,0.00218911211370752,0.0161501543244105,0.0878520311658974,0.0634624915361956,2.29377339898431e-07,0.830345971300703
"TCGA.DW.7841.01A",0.162158247692044,0.00510306209081841,2.91166527039974e-10,0.016322500457943,0.0563037799295627,0.00931190643255457,0.750800503105911
"TCGA.5P.A9K9.01A",1.06989790732823e-07,0.00223008109456789,1.21099895739152e-07,0.102393215238716,0.0425737218373691,0.00025047420690492,0.852552279532756
"TCGA.BQ.7045.01A",1.11773470045662e-08,0.00398608633884323,4.52190673660274e-09,0.0478760095892952,0.0522211756659771,0.00304586320211727,0.892870849504513
"TCGA.BQ.7051.01A",1.61926816088873e-09,0.00151486364456403,1.40112472913969e-08,0.0837480578531135,0.0852571400621601,2.97101359484867e-08,0.829479893099511
"TCGA.2Z.A9J6.01A",4.00477806786987e-09,0.00417464325238827,6.99444348060232e-10,0.0222735111986812,0.046887331418198,0.0023861975635529,0.924278311862957
"TCGA.B1.A657.01A",1.23618192796598e-07,0.0120085281951144,1.52588346575157e-08,0.063046279503251,0.085767935569374,0.00612422831065386,0.833052889544579
"TCGA.2Z.A9JS.01A",2.6089667646301e-09,0.00286420112521249,2.64336871406725e-09,0.0443134324892601,0.045723748080928,0.00449710224399121,0.902601510808273
"TCGA.UZ.A9PJ.01A",6.28466642173826e-09,0.00240127950443386,7.76274642725919e-10,0.0487242643835429,0.0676256496165625,3.94684456458154e-05,0.881209330988874
"TCGA.AL.A5DJ.01A",7.25190671018122e-11,0.0221099441544716,8.70464394763257e-08,0.0320832097643902,0.0212417227446813,0.157237288766618,0.76732774745088
"TCGA.B3.4103.01A",3.68148625257078e-08,0.00378051448412421,9.07132438701155e-08,0.165626141791224,0.0643327256991974,3.18280123813868e-07,0.766260172217225
"TCGA.UZ.A9PX.01A",4.41043753594611e-08,0.00271009593515862,1.37000247605165e-08,0.0288411110052252,0.0466093230211856,0.000383593343037268,0.921455818890993
"TCGA.BQ.5885.01A",2.4702160941641e-06,0.00327914170595388,4.86659317586616e-10,0.0338590626694437,0.042654093608173,0.00352481987605162,0.916680411437624
"TCGA.BQ.5878.01A",6.64618497930469e-08,0.00394781085490156,3.24945420714192e-09,0.0450184453435418,0.0632864327351273,4.32772694666327e-08,0.887747198077856
"TCGA.Y8.A894.01A",3.0556196370977e-08,0.00179266262873707,6.08030704688084e-09,0.0757445688588313,0.0482255107847838,3.42193480319022e-05,0.874203001743113
"TCGA.DW.7840.01A",1.40558305278443e-08,0.0068572676738071,2.33683310236174e-09,0.0323818282314713,0.0381541497036395,0.00888244035986877,0.91372429763855
"TCGA.B9.4116.01A",1.66541126820833e-08,0.00444202482414586,2.27526165776298e-08,0.0771535867593928,0.0460223363090378,0.0120898677016067,0.860292144999087
"TCGA.GL.A9DD.01A",4.91192655320865e-05,0.00834422249019647,3.88028508301351e-09,0.0135987527870077,0.154558841545597,3.35041618923811e-07,0.823448724989763
"TCGA.B3.A6W5.01A",1.32449759556417e-08,0.00437151348766133,5.61957912506585e-09,0.0491014409339074,0.038511890315108,0.00581576192211352,0.902199374476655
"TCGA.HE.A5NH.01A",9.55584628852491e-10,0.00302648339636496,1.52183203707385e-09,0.0811140263196694,0.0844722892767742,0.000288942386228894,0.831098256143546
"TCGA.5P.A9K3.01A",7.33399399905612e-05,0.000686637121894832,3.35029928578811e-07,4.12397491118468e-06,0.04407311329033,8.81219753784882e-06,0.955153638445407
"TCGA.EV.5903.01A",0.041697789147799,0.00385299990019502,1.21523578044456e-08,0.332817699100597,0.0583906489030294,0.00494202416181326,0.558298826634209
"TCGA.P4.A5ED.01A",2.38697616723619e-08,0.00579356742473037,4.51426918499741e-05,1.7368534158118e-08,0.158847759997076,0.000397955261882944,0.834915533386165
"TCGA.A4.A5XZ.01A",9.00846855309479e-08,0.00267904863146522,5.4956510928076e-10,0.0409615692499948,0.110863171714609,6.87935118715696e-06,0.845489240418493
"TCGA.SX.A7SO.01A",1.97761906407296e-08,0.00134191538333289,7.43536532181405e-07,0.0347837022444008,0.036372567192489,1.39182096662326e-07,0.927500912684958
"TCGA.2K.A9WE.01A",1.29615747396753e-05,0.00124971823793932,4.77197978349529e-09,2.77011003887245e-07,0.552206392377866,5.93167281698173e-06,0.446524714353655
"TCGA.5P.A9K8.01A",1.13158943731024e-07,1.54177715312875e-08,4.03751341390082e-08,1.16332736310744e-07,0.0549218265992695,0.000369203054140831,0.944708685062004
"TCGA.HE.7130.01A",1.86023555706012e-08,0.00601016151558973,4.93234534997608e-08,0.072514799111987,0.0489840693271428,7.66902716544283e-08,0.8724908254292
"TCGA.GL.A59R.01A",4.40044519516147e-08,0.00193414330212739,6.58240989869e-09,0.0304413160677339,0.0602895184213497,0.000208124969433222,0.907126846652494
"TCGA.2Z.A9JN.01A",5.83893337874332e-09,0.000835958456694327,3.22078672974919e-10,0.0994187810527871,0.0686047372816152,1.37274317551711e-07,0.831140379773574
"TCGA.A4.7286.01A",4.91472337417553e-09,0.00329498637960313,2.93447765871376e-06,4.34108492726037e-07,0.125738342651066,2.91915589668441e-05,0.870934105909489
"TCGA.P4.AAVL.01A",3.93513351613982e-08,2.0053063900902e-07,6.28083299451676e-10,0.092768454963533,0.0740402476661449,0.00672435707167827,0.826466699788586
"TCGA.G7.6789.01A",0.0558185897097957,0.0039524927901332,1.64877768871872e-08,0.670819604809495,0.0741137875304408,0.00804367452297726,0.187251834149381
"TCGA.5P.A9JV.01A",0.0179478036002394,0.011303968335246,1.41807566195299e-08,0.153971019563345,0.0504063280108033,0.0224423161866199,0.74392855012299
"TCGA.MH.A561.01A",6.0918267286329e-08,0.0108386016473987,5.48188965286434e-09,0.106547450258392,0.0996429225302737,1.14423357712188e-06,0.782969814930202
"TCGA.DW.5560.01A",0.0120474563950901,5.56627223957765e-05,1.26287770102761e-09,0.0367725147268904,0.0160447289954946,0.00284168810405203,0.932237947793199
"TCGA.2Z.A9J8.01A",1.13116049779721e-08,0.00439555987699797,2.06490803321833e-08,0.00945929555770859,0.0786059787468978,0.00404617303967868,0.903492960818032
"TCGA.EV.5901.01A",0.0116389926802698,0.0062930787661676,2.58572530471803e-08,0.290554273670315,0.10894947463126,4.30896063469065e-08,0.582564111305127
"TCGA.A4.A7UZ.01A",1.16745031310007e-05,0.026068648055314,2.27010051424781e-09,0.0357551685926919,0.0406704606754095,0.0616582615015647,0.835835784401788
"TCGA.SX.A71U.01A",2.75891292679321e-06,0.00410413771354768,7.29461857224304e-09,0.0753280154708184,0.0980024782257738,2.67279216571926e-10,0.822562602115036
"TCGA.IA.A83S.01A",2.61690064760562e-09,0.00244935078136677,3.33615048253677e-09,0.0942332013588501,0.106101333553741,4.13834388772263e-08,0.797216066969552
"TCGA.B9.A5W8.01A",3.13437468536888e-06,0.0216441856896339,7.23727615026101e-05,2.44954674756962e-06,0.213150387362596,0.016845675080886,0.748281795183948
"TCGA.BQ.7055.01A",2.65139491413877e-08,0.0028016972150408,2.5098352713972e-08,0.0384402656366884,0.0239363687850477,2.17806928127999e-08,0.934821594970229
"TCGA.BQ.7061.01A",1.19760397785354e-08,0.00371435508924254,1.91485505178525e-08,0.134983992052323,0.0838537407010845,9.22189786296748e-07,0.777446958842973
"TCGA.GL.A59T.01A",8.51686869862384e-07,0.00135455192617657,2.45829560288855e-09,0.0388993283351365,0.0842770731605157,1.20315506213454e-09,0.875468191229851
"TCGA.B9.5155.01A",6.32984060506179e-09,0.00120276503880458,1.52492434425878e-08,0.083634674219806,0.0361482237121548,3.35770408766778e-06,0.879010957746063
"TCGA.BQ.5876.01A",9.74358531685719e-09,0.00369599052281368,2.54404783709428e-08,0.247484879947658,0.225839198332539,2.51979122279036e-08,0.522979870815013
"TCGA.WN.AB4C.01A",5.82154965949211e-09,1.88028809926731e-05,2.10024282103467e-07,0.0279058733800004,0.0984775891115591,2.95982443233017e-08,0.873597489183372
"TCGA.5P.A9KA.01A",1.03694234119785e-08,0.00958018015534312,0.0148999191731446,0.112494664344403,0.0652868184564268,0.0112228156211651,0.786515591880094
"TCGA.A4.A5Y1.01A",1.43789640414951e-07,0.00424332958603406,2.60616911359555e-08,0.0423905091939905,0.0646739859096075,0.000269143237458561,0.888422862221578
"TCGA.2Z.A9JK.01A",0.0660410732196555,0.0024827310082546,5.87855018735351e-08,0.193750680969921,0.0378463735129191,0.0102923152229038,0.689586767280844
"TCGA.BQ.5881.01A",2.36145276808024e-09,0.000447837327624407,1.08409346817651e-08,8.22257192719665e-07,0.0694950179881041,0.000787844704732663,0.929268464519959
"TCGA.5P.A9JU.01A",1.38813059843445e-06,8.06635127834072e-09,7.19658309042436e-09,0.0762270154684281,0.115204246243797,3.29696777651512e-07,0.808567005197464
"TCGA.BQ.7056.01A",1.26404336211215e-06,0.00135443493169436,9.60871418528029e-09,0.0905058493795869,0.0626182844821411,1.6324057481819e-08,0.845520141230444
"TCGA.HE.A5NJ.01A",0.0113535652881278,2.15763555101828e-05,5.5967515883162e-09,0.0752905478647816,0.014483036726355,0.00535443222696259,0.893496835941511
"TCGA.Y8.A896.01A",0.0182247189360635,0.00978142922005428,1.91857630673528e-05,8.39378701743854e-10,0.0695300954984229,0.0169545625791766,0.885490007163837
"TCGA.B1.A656.01A",2.06853823550054e-07,0.0146732388401765,0.000159182981271716,0.0812571352384193,0.371762355793777,0.0226337102854478,0.509514170007084
"TCGA.AL.3468.01A",1.60101667936177e-09,0.00198434447818431,5.53347563338321e-07,0.0332553990653988,0.0237866727361372,0.0022857066997078,0.938687322071992
"TCGA.Y8.A898.01A",1.79473286798781e-07,0.00380479379226782,4.79494017472572e-09,0.00598967209213893,0.228342821445715,2.79284008532699e-07,0.761862249117643
"TCGA.P4.A5E8.01A",7.27931726121116e-09,0.00766212958737513,3.17662622962426e-09,0.155897875753796,0.0582825950205678,0.011289017059254,0.766868372123064
"TCGA.AL.3471.01A",4.20301277547049e-09,0.00103634015484514,1.75200576303879e-08,0.0614524086612466,0.0217747608321938,0.00222409443805716,0.913512374190587
"TCGA.UZ.A9Q1.01A",2.94182018789688e-09,0.00155460198409726,5.36240087936954e-08,0.0567540472734754,0.061338539238918,8.26351256944615e-09,0.880352746674168
"TCGA.BQ.5892.01A",0.0149365384432861,0.042870858735717,7.74974308176229e-09,0.218801769685017,0.104683798257769,0.0421434477199818,0.576563579408486
"TCGA.UZ.A9PP.01A",2.74275695796735e-08,0.00578063684204182,3.05698493625155e-08,0.166292363633277,0.0510482934994267,5.84913259750088e-09,0.776878642178703
"TCGA.SX.A7SU.01A",2.20778511136827e-08,0.00429177749042482,1.80574386624406e-08,0.0559113631206718,0.0436234915156538,0.00356348786974259,0.892609839868217
"TCGA.SX.A7SN.01A",8.87569143503992e-06,0.000281131271963055,4.68719209422398e-09,1.37996524130236e-06,0.0599792505423245,0.00528264673959442,0.93444671110225
"TCGA.A4.A4ZT.01A",0.0143656216404543,0.00455607525781478,1.46675715453146e-09,0.0520868566691583,0.0390533462301056,0.00754881897853409,0.882389279757176
"TCGA.2Z.A9JQ.01A",8.04163574589524e-08,0.00268583310324241,9.78196640846091e-10,0.0254265542167556,0.0448128446297704,6.16228358754102e-07,0.927074070427319
"TCGA.A4.8630.01A",7.84861693860012e-09,0.00198103845307316,5.68311309367693e-09,0.0682010296800948,0.0666757087380376,4.8582473229392e-09,0.863142204738817
"TCGA.2Z.A9JM.01A",0.00599051598425744,0.00763518770846331,4.59542036298546e-09,0.0839026304498285,0.0624979453269021,0.00199675813630203,0.837976957798826
"TCGA.SX.A7SM.01A",8.66893348766900e-09,0.00370308554648464,1.42510468731736e-08,0.0915098804852499,0.0647778430960657,0.00225483922981273,0.837754328722407
"TCGA.IA.A40Y.01A",1.91047904932868e-08,0.00247186268491592,2.44082709711193e-07,0.0849275575960231,0.049010675376182,0.00696969599151713,0.856619945163862
"TCGA.G7.A8LB.01A",5.99158583144591e-09,0.000203893572109428,5.15992339039522e-08,0.0209729244064408,0.0123980790165903,0.00141980661175501,0.965005238802285
"TCGA.BQ.5883.01A",3.77792878407312e-07,0.00241240276526648,1.53318982392694e-07,0.141738363001881,0.0341955890697123,1.80479240747841e-08,0.821653096003356
"TCGA.5P.A9K6.01A",2.08622503956361e-08,0.00419028845681074,9.28227752189072e-10,0.0752158321578314,0.0546174299659968,0.000361587083980628,0.865614840544902
"TCGA.A4.7996.01A",4.38702614975651e-08,0.0153021774688917,3.98581754751399e-09,0.0130341612794764,0.150704663085961,3.17852668621662e-08,0.820958918524325
"TCGA.5P.A9KE.01A",5.44629347702878e-09,0.0013464136468736,1.40335111471956e-09,0.0208851735594997,0.0686889573093715,2.25253610738025e-06,0.909077196098503
"TCGA.IZ.A6M9.01A",7.35572605182364e-08,0.00550499535595024,2.24923189798986e-08,0.0276559400210542,0.0641026943189119,5.59961668183876e-07,0.902735714292836
"TCGA.B9.4117.01A",0.0121492368779289,0.00430064596609541,3.33956324932455e-08,0.0419307844104202,0.0577202217733766,0.0129555999146676,0.870943477661879
"TCGA.Q2.A5QZ.01A",3.15059091944918e-06,3.46443680854549e-05,0.00015239727309058,6.91664120325823e-08,0.16020860585477,0.000709270859411641,0.838891861887311
"TCGA.AL.7173.01A",1.68254063676042e-07,0.00581243224581323,1.51817771599612e-08,0.162209010082,0.0331943610788575,0.011034626128572,0.787749387028917
"TCGA.BQ.7048.01A",6.79758418051286e-08,0.0039021138930436,3.06764382431255e-09,0.155277424504112,0.1919259150866,8.42642900506695e-08,0.648894391208469
"TCGA.B1.5398.01A",9.89161618853908e-08,3.1442845971032e-07,2.09696415475502e-08,9.37201600630924e-08,0.999999448764014,2.30443831986677e-08,1.57179688651734e-10
"TCGA.F9.A7VF.01A",1.18116394773473e-08,0.00366084172837361,2.05599224365278e-09,0.0344112793918341,0.0336585737156523,0.0253083230342581,0.90296096826225
"TCGA.5P.A9K0.01A",2.02976964097825e-05,0.00200168731129366,2.54242762321061e-10,0.0166731922514213,0.0795313059446271,4.91862054476622e-06,0.901768597921461
"TCGA.KV.A6GE.01A",0.0194640033299379,0.00535868876608692,8.4889818809516e-09,0.0236464048331708,0.0336074402233692,0.0066566711210605,0.911266783237393
"TCGA.B9.4115.01A",8.56238863677202e-08,0.00359564714336369,1.4142004997414e-09,0.00815738962069844,0.0845186218752451,0.00106928561392384,0.902658968708682
"TCGA.AL.3473.01A",4.8103815518262e-09,0.302581546201661,8.19001814794795e-08,0.00970547510313813,0.122410295909333,0.565302552088084,4.39872206163327e-08
"TCGA.PJ.A5Z9.01A",6.30578528998161e-09,0.00233454455606795,2.18462262200732e-08,0.0499135625970144,0.0456642600770738,0.00200460294023528,0.900083001677597
"TCGA.A4.A48D.01A",9.70322950519905e-07,0.000114368725759423,4.99260629812175e-09,0.0703204835384407,0.281539896192514,3.89267538335796e-07,0.64802388696019
"TCGA.2Z.A9J7.01A",1.0725064976759e-06,0.001168169430724,5.39838325765384e-10,0.0337958508268257,0.0247204784286035,0.00193563627257716,0.938378791994934
"TCGA.A4.7287.01A",0.0731150934966088,0.00440063636618247,3.71307503044295e-07,0.307239927841838,0.0270004482080703,0.00751937466218124,0.580724148117617
"TCGA.G7.6796.01A",0.00839352407112797,0.00835670441399455,6.99009643736112e-10,0.0634847566538937,0.0287612734083251,0.00816640358214311,0.882837337171506
