"","cellFractions.CD4.T","cellFractions.CD8.T","cellFractions.DC","cellFractions.Fibroblasts","cellFractions.Monocytes","cellFractions.NK","cellFractions.otherCells"
"TCGA.TQ.A7RO.01A",1.40385953871117e-08,0.00067801331368045,4.06496945776184e-11,0.0253749459240955,0.0266744798107037,5.22850050681112e-05,0.947220261867207
"TCGA.CS.6670.01A",1.46663576693285e-05,0.000398890873018105,5.20347077940761e-09,0.0195107004450483,0.0204451274904681,2.52204761340786e-05,0.959605389154191
"TCGA.QH.A6X5.01A",4.46980744004256e-07,0.000230970955933935,7.93556689230277e-06,0.0139203139982119,0.0225233447914338,2.38635613509512e-07,0.963316749071171
"TCGA.HW.7493.01A",1.19057027797724e-07,0.000529480084884984,1.31917638416688e-08,0.0212969346221854,0.034195888827771,9.69791390992017e-06,0.943967866302457
"TCGA.CS.6667.01A",2.98080456023829e-08,3.46826041360827e-05,3.00137016183335e-08,0.00556144982441743,0.0304365126669851,4.21396923114263e-07,0.963966873685791
"TCGA.DU.6406.01A",2.64298343379738e-08,9.66477877064427e-08,1.81182329111145e-05,0.00819532453636876,0.0493321137931621,8.75967240617438e-06,0.94244556068753
"TCGA.DU.A7TA.01A",8.19172720526961e-06,0.000363126746734898,0.000123747058493849,6.11778663749611e-08,0.0627560590961725,4.64866290744279e-08,0.936748767706898
"TCGA.QH.A6X4.01A",1.79420265758863e-09,4.16197909492893e-06,7.53251021548497e-09,5.9315719249573e-08,0.0281394765614654,1.02575025291681e-07,0.971856190241982
"TCGA.TQ.A7RR.01A",1.50298413878369e-07,5.52272653010973e-08,4.69438803320551e-06,1.55768065757101e-07,0.0463410398644571,7.41574712335233e-05,0.953579746982531
"TCGA.HT.8104.01A",2.44130622024646e-09,3.91265603323371e-06,1.46335241442235e-08,0.036253760555991,0.04797708522179,4.27731164744656e-05,0.915722451374881
"TCGA.HT.A74K.01A",3.13691093922729e-08,3.29309899006254e-07,1.32320668954897e-05,8.90988936669526e-08,0.0618162919256985,0.00132717261940317,0.936842853610101
"TCGA.DB.A64X.01A",1.79092007737217e-05,3.83721194879547e-08,1.17261276597827e-09,0.00226434277882702,0.0221833213171759,3.95868857398594e-05,0.975494800272751
"TCGA.HT.8107.01A",2.68087946734619e-07,0.00125881279030584,2.37922503880424e-09,0.0258616634638888,0.023520460800708,5.45920724901333e-08,0.949358737885853
"TCGA.FG.A710.01A",1.25424890865291e-07,3.67064756687087e-05,1.49656674301947e-07,0.000504732031694424,0.0764743955732813,3.58957250241633e-07,0.92298353188054
"TCGA.QH.A6CX.01A",4.29036494641737e-06,7.90608826837479e-08,5.1691573264201e-09,1.80873120991347e-07,0.0492711740073736,0.000312813256040642,0.950411457268478
"TCGA.CS.6666.01A",0.0023017955997667,0.0017374306939518,3.33955696488258e-08,0.0334379139118874,0.036082090429794,0.00157371136917578,0.924867024599855
"TCGA.TM.A7CA.01A",3.6123327924906e-10,2.08551556640236e-07,1.75354377366511e-05,2.47517605214514e-08,0.022092164851538,9.17113708382389e-08,0.977889974334804
"TCGA.HW.7486.01A",1.85538134396935e-05,9.72186937075657e-09,1.29955133942424e-09,0.00806856287352058,0.0407104307494755,0.000170849324568913,0.951031592217575
"TCGA.QH.A6X8.01A",3.96362306198255e-08,0.000380531193324125,1.94559309372068e-08,0.000469107829926802,0.0399730096520775,5.613642608527e-08,0.959177236096084
"TCGA.DU.A76K.01A",5.11735308715604e-10,0.00111371110497282,7.74283536452691e-09,0.0367729565430691,0.0154483961367651,1.4014099530216e-05,0.946650913861092
"TCGA.DB.A4XD.01A",6.71385129415015e-07,7.77765762334911e-09,8.09671989914842e-07,6.65388692835745e-06,0.0379201756366232,6.14543405737394e-08,0.962071620187331
"TCGA.DH.A669.01A",0.000112879822187654,0.000400121211479394,1.58830903352448e-09,0.000230192280133844,0.0551407182905476,1.20235540739125e-07,0.944115966571802
"TCGA.WY.A858.01A",1.05724232657894e-07,0.000533775197828349,4.41420973563731e-06,5.75553869550641e-08,0.0581630894483547,3.23128480114455e-07,0.941298234735982
"TCGA.DU.7294.01A",1.2679688341484e-08,1.70627956402895e-07,5.91015112934096e-05,0.0219418132645291,0.0239473265758262,6.47083863921211e-08,0.95405151063232
"TCGA.TM.A7C3.01A",1.94680865041532e-06,9.24778796553823e-08,1.66019686085491e-06,0.0573637436782944,0.0234728327735699,0.00159170494984549,0.917568019114899
"TCGA.WY.A85E.01A",9.46249551955667e-09,2.79691786630243e-05,1.46375413756946e-06,0.0099861040408106,0.0174987238573809,1.02712507701989e-08,0.972485719435262
"TCGA.FG.A6J1.01A",8.60905535188574e-09,3.52398621162728e-05,4.11885905612324e-08,1.12041260055534e-07,0.0383690405015274,0.000737001563820808,0.96085855623363
"TCGA.QH.A65Z.01A",5.61486899335908e-08,0.00041795789314481,1.10759971012812e-07,0.0258541018358407,0.0184885405933143,1.54089636713065e-07,0.955239078679403
"TCGA.VM.A8CD.01A",5.83009383995741e-05,3.42505498760107e-08,2.76718762645464e-06,1.3402526308099e-07,0.124475813325335,4.53674547486214e-07,0.875462496598279
"TCGA.HT.8019.01A",1.5047141479364e-08,0.000604190141786119,2.40481708796078e-07,0.0228275027106396,0.0195653516773609,3.62457128676266e-09,0.957002696316792
"TCGA.QH.A6CV.01A",9.09786645755183e-09,2.5224153925678e-06,1.05362300749689e-06,2.24142763677322e-07,0.0872410469714609,0.000212244542145058,0.912542899207364
"TCGA.FG.A6IZ.01A",9.01673113635941e-09,0.000243552563646863,1.09293807340217e-08,2.72367585227188e-06,0.0381651653258654,3.71538873514272e-05,0.961551384601172
"TCGA.P5.A5F1.01A",4.84631239492813e-05,4.1990195616743e-07,5.61713246439093e-08,2.33417863007135e-07,0.0524533033719674,1.58970628478644e-09,0.947497522423233
"TCGA.P5.A72U.01A",0.00695924784657653,0.000155949289019923,6.4592731162946e-09,0.125709153022522,0.0441991031846341,0.00341267925209775,0.819563860945877
"TCGA.CS.4943.01A",5.79306654566206e-08,0.000166238740783985,7.9351896679526e-08,8.98095555763606e-06,0.0424020827007638,2.43440809432007e-07,0.957422316879523
"TCGA.P5.A5EW.01A",0.000120624563903508,5.81095560520529e-08,0.000379887366980944,0.000125598079004896,0.0461061998569495,2.61847674033545e-06,0.953265013546865
"TCGA.E1.5322.01A",8.75521262310784e-08,5.70953680647607e-06,3.73892237065406e-06,7.21093218930523e-09,0.120359902741558,7.37181277925401e-08,0.879630480318079
"TCGA.HT.A4DS.01A",2.70383585650056e-08,2.01504407170414e-05,7.67016869162527e-06,1.12110987231765e-07,0.11241902556186,3.15009356984688e-07,0.887552699670028
"TCGA.FG.7634.01A",8.00210069327022e-08,0.000107139461000044,2.35626966173063e-08,0.0236512763718754,0.0854599440919031,8.88225104125692e-08,0.890781447669007
"TCGA.DU.7306.01A",8.83014346038474e-09,0.000468590683742459,3.23651339400825e-06,7.88168247496682e-08,0.0406545606363503,7.97886752540464e-08,0.95887344473087
"TCGA.FG.7636.01A",9.52680290796091e-10,3.68830837776655e-08,4.44639810324638e-06,2.50516017108765e-08,0.033068740974636,0.000335388635880004,0.966591361104015
"TCGA.S9.A7J3.01A",2.6211324892261e-09,4.28410252497133e-08,2.80144431421265e-08,0.0170272911217886,0.0329477144775338,9.39621483286848e-06,0.950015524709244
"TCGA.DU.A6S7.01A",1.15401721770257e-07,6.11920924435267e-08,2.32683789933138e-06,9.2115573871624e-06,0.0700657152951449,1.69469650104657e-08,0.929922552768789
"TCGA.DU.6396.01A",6.47892428399022e-06,0.000969314435458899,3.07238224214975e-06,1.1932312386627e-08,0.310542497864493,2.1950377664045e-06,0.688476429423443
"TCGA.S9.A7QW.01A",3.57281901280509e-06,9.12274362976925e-06,6.55194310477391e-09,0.0068607260288891,0.0173508036823675,3.09499503048483e-06,0.975772673179127
"TCGA.FG.7643.01A",1.81452355402355e-09,0.000377970758311829,2.79055674253235e-08,0.0459990941395605,0.0300932031113922,9.48102004003152e-05,0.923434892070244
"TCGA.S9.A7R4.01A",2.45639167474549e-07,5.48443131189373e-08,1.4379958761171e-05,0.00804861472033955,0.033854914149685,5.03771393430947e-08,0.958081740310594
"TCGA.DU.A6S8.01A",1.1824394457331e-07,0.000118793212669864,1.04428940054901e-08,0.0158565947426889,0.0210987073273179,3.53184545989783e-08,0.96292574071203
"TCGA.HT.7601.01A",0.000408529183596143,0.000136180064448307,5.098306781937e-09,3.33154876317295e-05,0.239444743889958,3.02204527932433e-07,0.759976924071532
"TCGA.HT.7854.01A",4.30182410789364e-08,0.000160390162578425,9.03831681337755e-09,9.34083109113543e-09,0.0631967012909307,1.40801031064823e-07,0.936642706348071
"TCGA.QH.A6X3.01A",1.12987104090949e-07,1.16153537561926e-08,3.46774815903922e-06,1.2966991706046e-08,0.0299163992680209,6.96919099775963e-05,0.970010303504393
"TCGA.P5.A5F0.01A",4.63815114569138e-10,0.00111729821832044,3.54727884405214e-09,0.027283618449272,0.0181552216426229,0.000184062058720298,0.95325979561997
"TCGA.CS.5395.01A",3.02912652224098e-09,1.00991217623584e-08,4.35928307771146e-05,0.0450704190520337,0.0315429803471268,2.87059671213446e-08,0.923342965935847
"TCGA.DU.6402.01A",3.40475308939241e-08,0.000961488745782829,2.8869561415073e-08,0.003384155841876,0.345228235220755,0.000726702554637934,0.649699354719856
"TCGA.VM.A8CE.01A",2.54674732771689e-08,1.10019851374216e-05,2.98115908327088e-08,0.0241545660991884,0.0284609187664143,8.14279456993914e-08,0.94737337644225
"TCGA.HT.7467.01A",4.57467835010401e-08,0.000147390923314951,6.39502690809346e-10,0.0296584117264769,0.0187220655527373,7.88565415270468e-08,0.951472006554643
"TCGA.DB.A4XC.01A",2.62330948904192e-07,1.62842577991838e-05,1.36822680403697e-06,8.79517347493576e-05,0.0520549882231437,5.02156850451199e-08,0.94783909501087
"TCGA.RY.A83X.01A",1.0012866668565e-07,6.74152223252176e-08,6.60525197806026e-09,0.0328254161327624,0.0266616870014344,1.99745584917713e-06,0.940510725260813
"TCGA.HT.A5R9.01A",0.0291257787653974,7.13399462789667e-06,4.97540025236639e-09,0.078032084295103,0.00751264593530384,0.00484927620482115,0.880473075829347
"TCGA.S9.A6WD.01A",2.3940010966139e-05,4.18101293587988e-09,3.48028569632538e-10,0.0141583063260579,0.0231659534162575,2.13054782625249e-08,0.962651774412199
"TCGA.F6.A8O4.01A",9.61287823489561e-08,0.000286090775786383,3.51574455199746e-10,0.00850205154437118,0.0222602096926236,1.52943770502462e-07,0.968951398563091
"TCGA.TQ.A7RV.01A",2.13064569289265e-05,1.39910745675199e-05,1.99640924427906e-09,6.04344431658653e-05,0.0303747580182595,1.94645901825102e-08,0.969529488546079
"TCGA.FG.7637.01A",0.00397634343024885,0.00016865885697323,7.88353027290629e-09,0.0648488900655979,0.02381600202931,0.000825098669568646,0.906364999064771
"TCGA.FG.6689.01A",7.9737694895961e-07,4.03660303999138e-06,0.000124152074171251,4.50844744796307e-05,0.0529672113521082,8.47199588635966e-09,0.946858709647256
"TCGA.E1.A7YO.01A",4.93584939174292e-09,0.000429419954029947,6.00715610158327e-06,0.0310192412635011,0.0200627008809115,1.57609740218006e-06,0.948481049712204
"TCGA.FG.7638.01B",1.10681970971183e-07,0.00022347430625408,1.18923669418915e-07,0.0236236982527857,0.0221911686649044,6.39027544438129e-08,0.953961365267661
"TCGA.S9.A7QZ.01A",4.32344518236812e-08,0.000549115356286961,1.15277723258085e-07,0.0289808581483042,0.0146637439502149,1.76428940732925e-08,0.955806106390125
"TCGA.P5.A5F2.01A",1.06226944001027e-08,1.78615162017375e-05,5.55707882180183e-10,0.00123435645789255,0.0225017014128284,1.57183682925692e-08,0.976246053716307
"TCGA.R8.A6YH.01A",0.000214817228668356,3.84117878042734e-07,1.57600402594016e-08,7.52945780344023e-06,0.0358439410908179,1.71200637324865e-06,0.963931600338419
"TCGA.E1.A7YS.01A",4.26042594821693e-07,1.92996988266335e-06,5.56214565428393e-10,0.0149635973071538,0.0183455180052446,0.000379083103310568,0.966309445015599
"TCGA.HT.7880.01A",6.44563109650968e-09,0.000169335322166531,6.85973220931062e-08,0.0133242996584116,0.0228390739821673,0.000129464486392008,0.963537751507909
"TCGA.DU.5852.01A",9.46739124617232e-09,0.000375055515044136,3.27329729415753e-09,0.0140652538870884,0.0711303152037164,8.92782593981322e-06,0.914420434827523
"TCGA.E1.A7Z4.01A",7.94945686662361e-09,0.000117255762947416,2.20109026942658e-10,9.21802704849544e-09,0.0471944093107664,3.48986827790184e-05,0.952653418855914
"TCGA.DU.7298.01A",1.62913354358133e-06,1.35858357510715e-07,3.81144996418047e-08,4.66879030840295e-08,0.0508702953566426,8.72829369042121e-08,0.949127767566117
"TCGA.HT.7478.01A",1.82949050758123e-07,0.000306151017380355,5.14680776198833e-05,1.75358193044802e-07,0.119111915316714,1.23015858049937e-05,0.880517805695237
"TCGA.DU.A5TU.01A",1.2635936103483e-06,4.1076501747164e-05,5.18175745690097e-09,0.000153343957502708,0.106159725515566,1.15708815792227e-05,0.893633014368237
"TCGA.DU.6399.01A",8.9702974522507e-08,1.83058309826109e-07,0.000178274305343566,2.88037927074896e-05,0.0557705874385952,9.34740058053083e-07,0.944021126962011
"TCGA.RY.A83Y.01A",5.64672243681674e-09,0.000545443461541099,3.17848268529345e-06,5.34915794679248e-06,0.0462853107391076,2.15012726593266e-05,0.953139211239337
"TCGA.DU.7300.01A",9.24522500860743e-08,0.00221371835147966,1.04041715818249e-08,0.0313371809344586,0.0321721871782392,1.46080635710799e-05,0.93426220261583
"TCGA.S9.A7IX.01A",1.26684792474826e-08,3.11836232413807e-05,1.52973025438489e-08,0.00497391659449933,0.054953985239346,5.09149382359705e-07,0.940040377427749
"TCGA.HT.8558.01A",2.45076325353524e-07,0.0013684081234767,1.34320532581452e-09,0.0318728084471345,0.0272546536009636,1.99462736127062e-09,0.939503881414267
"TCGA.S9.A7IY.01A",3.78278557890777e-08,1.07784142921538e-07,0.000163430438235575,3.01551521518955e-07,0.0425128359624667,1.53010197795629e-08,0.957323271134758
"TCGA.DB.A64W.01A",2.19888333348442e-09,0.000358734507491296,2.20075947567883e-08,0.0305498208780306,0.0157377545802307,5.8406978702976e-08,0.953353607420791
"TCGA.S9.A7IZ.01A",1.33829746002666e-07,1.63429277744341e-08,2.03796353506975e-07,1.86270366756601e-07,0.0410394114267951,1.01174290582139e-05,0.958949930904753
"TCGA.DU.6410.01A",4.07597204967914e-09,0.000245813616345488,2.65740287148223e-10,0.0385864176452978,0.0142590240068808,7.72972404111842e-07,0.946907967417359
"TCGA.R8.A6MO.01A",3.53478709842832e-07,5.86044604531687e-07,5.0229656946826e-05,6.49933332192918e-09,0.0386911581755077,1.35495971415265e-07,0.961257530648926
"TCGA.P5.A780.01A",2.04879722306921e-07,1.89275282867953e-05,1.16252731335656e-08,2.54954474046147e-08,0.0390127734800982,1.51268357421086e-07,0.960967905722815
"TCGA.QH.A6XC.01A",1.30700393519516e-08,7.31662547864367e-05,1.02591222631999e-09,1.58293967903987e-08,0.0441030243503103,9.64194159951667e-05,0.95572736005356
"TCGA.E1.A7YD.01A",4.08918636022011e-06,4.80668137266591e-07,2.43096111190851e-07,0.000195342948762058,0.0418226766023421,4.92061029916274e-09,0.957977162577677
"TCGA.E1.A7YI.01A",4.92361085122571e-08,2.95746935577784e-05,1.4123749037784e-08,0.00576921094635669,0.0419165309051419,3.45785413362872e-08,0.952284585516545
"TCGA.DU.8158.01A",2.19392532567475e-06,0.000649733279007531,9.66773642449724e-09,5.7245700633185e-07,0.104715410908326,0.00180063948362594,0.892831440278972
"TCGA.S9.A6WN.01A",1.78984034169527e-07,2.89621539319422e-06,8.91988658542878e-09,0.000468452491954901,0.124968224137197,0.000356639531407372,0.874203599720127
"TCGA.HT.7855.01A",1.81509393746414e-05,4.75014952527767e-07,5.57358245161807e-05,8.87648896236971e-08,0.0362313130992401,7.16014386721553e-08,0.963694164755588
"TCGA.HT.8111.01A",5.84882551843252e-09,4.33391234965409e-07,2.63260898144607e-09,5.07408073746129e-05,0.0652702113181752,0.000297245410363155,0.934381360591418
"TCGA.WY.A85C.01A",4.70597885439075e-08,8.18342630881955e-05,6.49806764173448e-06,3.87307778323497e-05,0.0261586521904346,2.24991246375112e-07,0.973714012649968
"TCGA.CS.6290.01A",2.41723776939903e-07,1.05965575808071e-05,1.42312053699493e-07,1.15889337808825e-08,0.0926565802372364,1.66473550586651e-07,0.907332261106868
"TCGA.HT.8114.01A",0.000221705283353528,2.06216461735433e-08,1.20352629519715e-07,0.000174960052559411,0.10408299832185,2.92817010649401e-07,0.89551990255095
"TCGA.S9.A6TU.01A",3.28222958315303e-06,0.000436732357748264,4.30791698679452e-06,8.69821932775433e-06,0.048390472617776,3.53148616510026e-09,0.951156503127092
"TCGA.HT.7616.01A",1.94287693149232e-07,0.000976393919769928,1.69529199826423e-05,3.04389335934688e-05,0.108920533751289,5.89970377643477e-07,0.890054896217295
"TCGA.HT.8010.01A",7.97712892179859e-08,6.96349029267923e-05,4.48238836491856e-07,0.0160143358825195,0.0229683594829432,4.73344319788358e-08,0.960947094387053
"TCGA.DH.A7UU.01A",4.77937970551071e-08,6.0825386690078e-05,1.54506029513648e-08,6.85346658883344e-05,0.0278782144090511,5.02355570090387e-09,0.971992357270415
"TCGA.E1.A7Z3.01A",1.20932842866154e-06,0.000178689306555801,5.18230092086348e-07,0.0132834651137257,0.0420964419587415,1.57883375256391e-09,0.944439674483622
"TCGA.E1.A7YM.01A",4.50042874619359e-08,1.05529243561447e-05,3.80886462410546e-06,0.0229059281466917,0.0206124622428039,1.17454181976773e-07,0.956467085363055
"TCGA.S9.A6WG.01A",0.19250546100987,1.63085325667726e-07,2.1404312469038e-09,0.374189646092286,0.0228702031894233,0.0162110023707703,0.394223522111893
"TCGA.HW.8319.01A",3.51966224930248e-08,1.39730859609693e-07,3.32430038263721e-08,0.0017972633978061,0.0319394994066289,4.0645061953795e-07,0.96626262257446
"TCGA.TM.A84R.01A",3.58520942717322e-09,0.00241393061704473,5.34524632457867e-08,0.0510869933568261,0.0233932552857196,0.000527893425708228,0.922577870277029
"TCGA.DH.A66D.01A",1.05889080006921e-05,6.39375845528915e-06,1.09026325648658e-05,4.03252026669007e-08,0.0665509051906449,3.10231652866023e-07,0.933420858953479
"TCGA.S9.A6WP.01A",3.46882903818564e-09,2.98669606814558e-07,2.33739550456487e-05,1.42857470207767e-07,0.0484415372818534,0.000289111578392501,0.951245532188802
"TCGA.DU.A7TB.01A",8.34037191961157e-06,2.09006537304354e-07,1.24603435733115e-09,0.0279990362508514,0.0143576407578153,3.59573666223038e-05,0.95759881500022
"TCGA.DB.A64V.01A",1.93961842202998e-07,0.000414295650678508,9.63130194290606e-08,2.36965522061464e-09,0.0602645382357163,8.39478087472368e-07,0.939320033991001
"TCGA.HT.8113.01A",1.92329015649509e-08,0.00159368908482344,1.17379192734992e-08,0.0302943616646549,0.0228414358010405,4.41573985055324e-05,0.945226325080155
"TCGA.HT.7604.01A",2.31567104158633e-08,0.000162333772429036,3.68098052264231e-09,6.31486283068688e-05,0.0391100459037133,7.38868554199677e-05,0.96059055800244
"TCGA.FG.A711.01A",1.12194160275648e-08,6.17546526628685e-08,0.000105458937689852,1.97227035809718e-07,0.0315882520094995,0.00015853730430848,0.968147481547398
"TCGA.FG.A60L.01A",4.53475583016381e-08,0.000184536406383614,1.56466447063263e-08,3.86891127846278e-08,0.0922057217998057,4.89337365561815e-05,0.907560708373939
"TCGA.E1.5307.01A",3.83226095889219e-09,2.13543643163391e-07,2.60531718436999e-08,7.21539033045482e-09,0.0481611082421983,0.00101299497704587,0.95082564613629
"TCGA.DB.5279.01A",6.06561066265791e-07,0.000658974684577961,3.39297257808655e-07,0.0424147008717765,0.0215071497674129,0.00722848120353317,0.928189747614375
"TCGA.DU.7018.01A",3.70105953969164e-06,0.000122918122026633,7.15638900093698e-09,0.042033251060684,0.0159942431784325,4.36076643204555e-08,0.941845835815264
"TCGA.S9.A6TZ.01A",6.42818914627375e-06,5.15277083716931e-05,1.38625516536646e-08,4.89676392748478e-08,0.0452155734078252,1.78263704773781e-07,0.954726229600761
"TCGA.HT.A61C.01A",2.91382739974639e-07,0.00246232865742289,5.80833560123069e-09,0.0217586647595484,0.0818079071917463,2.19327171483946e-07,0.893970582873035
"TCGA.HT.A5R7.01A",1.71752156296829e-08,3.79040637569858e-05,1.10504180773788e-08,1.56262637263882e-07,0.0360936406402322,0.000208895386787029,0.963659375420953
"TCGA.HW.7495.01A",1.71220643240629e-07,8.88406389954187e-05,3.32932255118637e-07,0.0424374646522198,0.025856062292995,3.47275986766715e-07,0.931616780986905
"TCGA.HT.7677.01A",3.45816314455405e-08,0.000784852194279639,2.07472671769129e-08,0.0408705264788057,0.0208083269404984,0.000890379930461382,0.936645859127056
"TCGA.F6.A8O3.01A",1.25005108217129e-05,0.000147064083647624,4.26023180845864e-09,0.0318613024844419,0.021757771660609,9.4201561207029e-08,0.946221262798687
"TCGA.P5.A730.01A",3.53829196927148e-08,3.01493688339346e-05,2.76504531465588e-08,0.0350106867170401,0.0212822633421558,5.58334038933947e-07,0.943676279204558
"TCGA.DU.A5TY.01A",3.29439047933103e-07,0.00019185164330066,6.00696290599964e-05,6.26973314249467e-07,0.153786850218377,5.06276002940328e-05,0.845909644496606
"TCGA.HT.8015.01B",4.35712132680008e-05,8.40417279383268e-05,1.25165698519688e-08,0.00309749292119119,0.047748031069203,6.86637355244777e-06,0.949019984178277
"TCGA.DU.6393.01A",1.16076533544179e-08,0.000155134696872964,7.24863148992665e-09,0.0216521794630221,0.0234111787998338,3.51769130590952e-06,0.95477797049268
"TCGA.TQ.A7RS.01A",1.68920740003882e-07,1.16809417881579e-07,7.80470521707449e-09,0.0204992017087477,0.0194903336251068,8.02155106978928e-08,0.960010090915772
"TCGA.E1.A7YU.01A",4.54110352604412e-09,0.00012320099242961,4.51408880262547e-06,3.75681398660721e-08,0.0308764310803987,4.67175009052493e-07,0.968995344554117
"TCGA.CS.5394.01A",2.96747793205908e-10,0.00016524176227158,2.10434266097505e-09,0.024470937642664,0.0236278915558709,2.45028423652593e-07,0.951735681609679
"TCGA.HT.8018.01A",1.09477555055023e-07,0.00135712369977332,2.2444214814551e-08,0.0227910941192169,0.0836105136303922,0.000758067938891756,0.891483068689956
"TCGA.HT.7482.01A",3.57291899878516e-07,0.000223888855739471,3.8559234623163e-05,0.000272981092296333,0.0856737113175715,1.01611052786172e-08,0.913790492046764
"TCGA.E1.A7YY.01A",1.92618010041365e-05,4.15532153976451e-09,6.72462441679374e-07,0.0154469188435739,0.0386634612987937,6.03309124959459e-08,0.945869621107953
"TCGA.DU.A5TR.01A",2.17316202703498e-08,6.14978649106127e-06,4.83078403951975e-05,1.46464954339286e-05,0.104299151038161,1.16252542551944e-06,0.895630560582473
"TCGA.VM.A8CB.01A",6.6436306916205e-09,6.94145751289581e-05,3.0098220239736e-08,0.0200462141017342,0.0422981451372048,1.43347081090746e-05,0.937571854735972
"TCGA.E1.5311.01A",1.1675016824491e-08,8.46995678574942e-06,3.5288801427405e-09,0.0218999691594707,0.0279719740906693,7.79670299288206e-09,0.950119563792474
"TCGA.E1.A7Z2.01A",9.40780496583505e-08,7.67318677776376e-08,1.25924102311378e-07,0.0092916387403582,0.0240908887006056,6.28351248556412e-08,0.966617112989892
"TCGA.DB.A75P.01A",1.31960269354197e-08,0.00130339957564881,2.50659458070126e-09,0.0261277371871174,0.0379096305952122,8.98818752022106e-06,0.93465022875188
"TCGA.TM.A84T.01A",3.91522431681859e-07,9.51410794463481e-06,6.8855694564333e-09,1.21905744984078e-05,0.036095752093847,1.50350358834186e-07,0.96388199446535
"TCGA.FG.A4MT.01A",5.83883300900818e-06,2.68839737641515e-08,1.97982192598053e-08,0.000180096897869045,0.0394622966826221,1.57451536677897e-06,0.96035014638894
"TCGA.DU.A5TW.01A",5.79873177821176e-06,3.87856334860373e-07,1.00709094846859e-09,3.28210988276571e-08,0.0373163819425067,0.000631650275148501,0.962045747366042
"TCGA.DU.A6S2.01A",2.88510043217643e-06,0.000248236803333396,7.13377573034516e-11,0.0259945513477964,0.0176989203186457,0.00127663100632803,0.954778775352127
"TCGA.DU.6395.01A",5.56933693028451e-08,5.98531896572459e-07,1.4821345406227e-05,1.45939856632841e-08,0.0410986402408375,1.86278384882327e-07,0.95888568331612
"TCGA.FG.8189.01B",1.54781340244349e-09,0.00193319428782675,2.30170471314676e-09,0.0365005513093351,0.032900286082314,2.20467304356497e-09,0.928665962266333
"TCGA.CS.4941.01A",2.12858473099118e-05,2.07283197562445e-07,2.41482882584424e-05,1.40781865606247e-07,0.0826127606301303,8.79358947410763e-06,0.917332663579764
"TCGA.HT.7684.01A",3.42344702759122e-08,5.35973954243239e-05,1.26054478917741e-08,0.00044790309225164,0.0550868648819162,1.41182827239364e-07,0.944411446607663
"TCGA.RY.A83Z.01A",2.81006370724044e-05,4.49675785562695e-08,6.04581760270634e-05,1.05773761129015e-09,0.0469757256669015,8.027049112154e-07,0.952934866789772
"TCGA.S9.A6U9.01A",1.16844066765446e-08,1.71156783703165e-08,1.25428938025175e-05,7.36641774535414e-07,0.0620201210157763,9.22461091802754e-08,0.937966478402452
"TCGA.DB.A4XH.01A",1.1724882013265e-07,6.79245644031429e-05,1.11183812370489e-08,0.0127756011738351,0.0093793173402266,8.26379455103751e-08,0.977776945916388
"TCGA.HT.7881.01A",1.50774888890986e-08,0.000663174216688177,1.03212053067166e-06,0.0354972109153739,0.0231823577735012,1.11781343675353e-07,0.940656098115074
"TCGA.HW.7491.01A",6.55165403761151e-05,1.83009243330577e-10,1.79015700555877e-09,0.0328352196712464,0.0232541490895915,5.78363497017428e-07,0.943844534362123
"TCGA.DB.A64Q.01A",6.20688490552745e-08,6.42431397367152e-08,1.19711486344359e-05,0.00671931251157353,0.0311304756691814,6.45290845735148e-05,0.962073585274048
"TCGA.DU.6542.01A",6.4290697735233e-05,1.66217145130585e-07,1.55925920467427e-08,3.47906589558757e-06,0.0889202189782814,1.55210608158329e-07,0.911011674237743
"TCGA.S9.A6WL.01A",4.26179746173283e-10,0.00012721523865491,2.59132678368745e-08,0.0681497578462872,0.0240596838620277,3.64440449092624e-06,0.907659672309092
"TCGA.S9.A6TV.01A",3.46310450854772e-07,9.43378257054233e-08,3.77708115324514e-05,4.27688319678978e-05,0.169949838120671,9.25521789290486e-06,0.829959926369659
"TCGA.S9.A6WQ.01A",9.10510864458834e-08,5.58930855604317e-07,3.36293883009185e-05,2.44012310109243e-07,0.0544961065556917,6.92553891341232e-09,0.945469363136216
"TCGA.HT.7472.01A",6.0102506262829e-09,9.37126504197992e-05,3.25698942972111e-07,7.15426993640008e-10,0.0603254774760813,6.73483167451602e-05,0.939513129132133
"TCGA.E1.A7YE.01A",1.63711129427958e-05,5.75871023593042e-08,5.52574533764218e-05,1.92522731040015e-09,0.162130728711522,3.32631505035499e-06,0.837794256894778
"TCGA.CS.5393.01A",0.000130341650363191,6.89211672306852e-08,2.92859884732991e-06,9.06334233346078e-07,0.0532999287448799,4.16121837563947e-05,0.946524213566753
"TCGA.HT.7858.01A",1.03701823759392e-07,0.000482082845609343,7.94666951675306e-05,4.76900479281998e-10,0.0651755922144337,1.38732387431579e-06,0.934261366742191
"TCGA.DU.A76L.01A",0.0543867862782392,0.0103670322188461,2.2197869160994e-08,0.359877905137432,0.131963921212299,0.00104083485147866,0.442363498103837
"TCGA.FG.8188.01A",1.08935184437837e-06,0.000136257987742656,1.47498779213113e-09,2.5730139264634e-08,0.0451135219919525,4.09987940205332e-05,0.954708104669313
"TCGA.HT.7480.01A",7.03646891189522e-08,0.000164559325430373,8.96946438926436e-08,0.0280329222502047,0.0231698184699306,0.000335589927322186,0.948296949967779
"TCGA.FG.5965.01B",9.37674427610039e-09,9.15026763789083e-08,1.59123636262674e-07,0.00541226807230353,0.0453803240771553,3.79503575901547e-07,0.949206768343908
"TCGA.W9.A837.01A",6.79739609706435e-06,0.000136098492956362,1.24073235022651e-07,0.0191482515602212,0.0220460944465088,6.43740453436824e-08,0.958662569656936
"TCGA.HT.7485.01A",6.04598823780035e-07,2.38413739360204e-06,3.02163991487652e-05,2.40843769814102e-06,0.0489507902277894,1.22553360895802e-05,0.951001340863057
"TCGA.HT.8011.01A",1.39589572618859e-07,0.000128060012929114,1.30342362569664e-10,6.79647784718789e-07,0.0521815885361529,1.55577444528452e-06,0.947687976308773
"TCGA.DU.A7TC.01A",0.00033561827442874,5.63534519374029e-05,5.43306746569442e-09,5.40401050745945e-09,0.0294484263134319,0.000242092500559883,0.969917498622564
"TCGA.DU.A76R.01A",9.42055457827935e-09,3.33118048579466e-06,4.87153302127116e-10,0.053496234638882,0.0268739378224633,4.64512395957554e-08,0.919626439999221
"TCGA.DH.5140.01A",4.89949172425881e-08,0.00012189895998063,1.10067031301898e-08,0.0504119568116931,0.0425579700768397,8.48778148691634e-05,0.906823236334997
"TCGA.TM.A84F.01A",0.000187215171420165,0.000471650981781624,9.86432853185695e-08,1.86359681746882e-08,0.105261796976272,6.12619490591863e-08,0.894079158329324
"TCGA.HT.8563.01A",6.13173825611512e-07,3.15108817425148e-05,0.00010338909898493,0.000240199422747155,0.840147785926922,3.72097851983364e-06,0.159472780517258
"TCGA.HT.7691.01A",4.65230314843385e-08,1.26676305269253e-07,1.12758912449625e-08,3.08268365869872e-05,0.0659232254498548,3.78906651840402e-09,0.934045759449264
"TCGA.P5.A72X.01A",9.47219033933631e-08,0.000727874115788504,3.57779588899561e-09,0.0352638062251185,0.0240601944775038,3.16433992649017e-06,0.939944862541963
"TCGA.HT.8108.01A",9.37623404486527e-05,2.62913312983388e-05,4.49553203950411e-09,8.12399546247811e-07,0.0498337493204993,1.37900391276541e-07,0.950045242212284
"TCGA.S9.A7J1.01A",3.2681528672591e-08,8.65216564009252e-09,1.44274653786045e-06,0.128587562207082,0.0303123091782529,5.61345656004744e-06,0.841093031077873
"TCGA.HT.A5R5.01A",1.61332315501699e-08,0.000106851982536667,1.59952968188578e-09,0.000364106299358027,0.0802132276897136,0.000423265377351655,0.918892530918279
"TCGA.P5.A781.01A",2.62855289129389e-08,0.000179540091144267,1.46733595262225e-08,0.00655536430719485,0.0250217734683118,1.7728437281399e-05,0.968225552737179
"TCGA.FN.7833.01A",8.38487407948579e-07,3.80911217192883e-07,1.15867598000769e-08,2.80916114469265e-05,0.231365888623393,0.000138438762263313,0.768466350017512
"TCGA.E1.A7YV.01A",0.0108320116747742,1.23475413785833e-05,2.23892503525581e-08,0.0548482202937041,0.0137085860299166,0.00322001194591285,0.917378800125063
"TCGA.TQ.A7RM.01A",3.99234190298083e-10,9.35829641315406e-06,3.39396148862938e-07,0.0168460253395607,0.0136615771102917,0.00041133243982527,0.969071367018526
"TCGA.DU.5849.01A",1.41790440122271e-08,7.30085059842696e-05,2.87981770889554e-07,0.0143088605118379,0.0290662391388646,8.02012039519843e-08,0.956551509481294
"TCGA.TQ.A8XE.01A",7.22187996545102e-09,2.2499023791882e-05,5.37140801172381e-08,1.45604368988136e-07,0.0342669858446202,1.80193201678284e-07,0.965710128398057
"TCGA.S9.A6WO.01A",1.10382997176683e-07,0.000150214986500428,5.63640178239867e-09,2.58655853030567e-08,0.0520339238539851,4.81895255607501e-08,0.947815671085005
"TCGA.DU.A7TD.01A",4.82755140887312e-07,2.46589315579112e-05,2.26003976429264e-08,1.32234745368556e-08,0.0786623014471391,0.000128442914659682,0.92118407812763
"TCGA.TM.A84G.01A",3.34457807703013e-09,5.50910477195026e-07,1.12852099955129e-08,0.0394497020844789,0.0192233193703909,9.20634971272941e-07,0.941325492369894
"TCGA.DB.5273.01A",3.5577833603343e-06,4.10465473148927e-09,2.89952648500326e-06,3.52910056951734e-08,0.0778454917748058,7.54554845656903e-07,0.922147256964843
"TCGA.DB.A4XB.01A",1.87750646019552e-08,9.96322706317798e-06,4.02861960589166e-08,6.85836085846545e-08,0.0349444398172235,7.44355255786962e-06,0.965038025758286
"TCGA.HT.7620.01A",3.79318649358353e-08,1.92044419011855e-07,5.70945734154748e-05,0.017168699153514,0.0256222911706635,0.000112453240076392,0.957039231886047
"TCGA.TM.A84B.01A",4.60637030181025e-08,0.00241908910007029,4.33766655421351e-08,0.0662143426763043,0.0228424135185712,6.2505256446091e-09,0.90852405901416
"TCGA.TM.A7CF.01A",1.15193420619481e-08,5.57222787983298e-05,4.25051997496911e-07,0.001848609752527,0.0190785288739419,1.55182558038962e-08,0.979016687005137
"TCGA.FG.5964.01A",1.22287343278659e-05,0.000342978545620984,4.85418625194927e-07,7.87942788509244e-08,0.0582477568612771,0.000137852811561119,0.941258618834309
"TCGA.DU.5874.01A",4.32400933712235e-09,0.000315208264201462,3.8219002006039e-06,0.0351821372292767,0.0153472743731271,4.62394704381933e-08,0.949151507669714
"TCGA.DU.A5TT.01A",3.51397857657733e-06,1.73042957299427e-07,5.52156058581872e-09,5.86562292746798e-09,0.0352461121139082,1.36046817916474e-06,0.964748829009195
"TCGA.HT.7695.01A",4.11707610700058e-08,4.395440853455e-06,1.90801469522317e-08,0.0291496940544723,0.0245596945923928,4.00916877955079e-08,0.946286115569686
"TCGA.S9.A7R2.01A",2.56880379309757e-08,0.000633410600142798,2.66499492494163e-08,5.76332910577772e-08,0.0679257985617987,0.000290103242905043,0.931150577623875
"TCGA.DU.8164.01A",2.179840083428e-06,0.000150878214896992,2.90662632336413e-09,0.0247674047857676,0.0188174249172392,1.66310091529558e-08,0.956262092704377
"TCGA.TQ.A7RF.01A",4.78376193069733e-08,6.10836958350581e-05,5.6558159113373e-09,7.08588807465744e-07,0.0331321419074202,1.06558127592469e-05,0.966795356501743
"TCGA.FG.6692.01A",2.9600560757234e-07,0.000217348258759249,6.36684015298327e-09,0.024250137962017,0.0374071826768523,0.0018287116598677,0.936296317070056
"TCGA.DU.7013.01A",2.31000340548815e-08,0.00459824352688199,2.49133986176721e-08,1.60338861615126e-07,0.0673304129999155,2.33132535147166e-09,0.928071132789583
"TCGA.P5.A733.01A",3.97439764643016e-09,2.97295125068418e-06,1.25142848728952e-08,0.0166647729880072,0.0131799329298209,2.44131973359799e-08,0.970152280229041
"TCGA.CS.4938.01B",1.26532296779782e-07,0.00038838543119008,2.44236543448895e-05,9.06165197230652e-05,0.0384027429297388,9.92492974369206e-09,0.961093695007777
"TCGA.DB.A64O.01A",2.0735568343096e-05,5.919311190005e-08,2.01350945007679e-05,0.00673796456242908,0.0411986667848373,4.23163973449356e-09,0.952022434565138
"TCGA.HW.8320.01A",8.04732189325609e-07,4.32636112034559e-09,0.00020999426233008,4.48864105323298e-06,0.0391759516817335,7.08908467792366e-08,0.960608685465486
"TCGA.HT.7694.01A",1.1084414897963e-06,0.000479131809801004,4.72102993670284e-07,0.0260482593541621,0.0249184680911116,5.60463904077633e-09,0.948552554595803
"TCGA.P5.A77W.01A",3.14814553468048e-07,3.38670480751415e-05,1.15288372015469e-09,0.0228782232613671,0.0114362562830288,0.000296441132575184,0.965354896307517
"TCGA.HT.7473.01A",1.52879882489239e-06,0.000215541565283622,7.81505811296315e-05,1.23173734836909e-06,0.102890644238247,2.86624962977105e-06,0.896810036829536
"TCGA.CS.5396.01A",3.8065168877038e-05,7.77205928637067e-06,1.44214112505931e-08,0.0410390566565549,0.0523376561598802,8.1098035134776e-09,0.906577427424187
"TCGA.CS.6669.01A",1.70232477067901e-08,0.000823292030597449,7.55678476520012e-10,0.0214277039609551,0.0182190225421388,6.79136917830565e-11,0.959529963619469
"TCGA.FG.A70Y.01A",1.08727249876666e-05,6.19777544135121e-06,2.06028562153358e-09,5.95015255469351e-08,0.0553226604526897,1.36881254502986e-07,0.944660070603816
"TCGA.FG.8185.01A",2.76598483928992e-06,1.72737838686565e-08,3.10238103457263e-10,5.78300344248189e-06,0.0285561542528834,0.00107464343535844,0.970360635739454
"TCGA.QH.A6CY.01A",1.32123164580158e-08,2.68304354924358e-05,2.34033712387485e-09,0.0204825504976566,0.0184816231389636,2.88038992437247e-05,0.96098017647599
"TCGA.S9.A6WE.01A",2.31671660730369e-06,5.26419342822064e-07,1.49367523364832e-08,0.0155948976802278,0.0285144863691739,3.03991165943895e-08,0.955887727478779
"TCGA.HT.7875.01A",7.8866796205188e-08,0.000154100882405662,4.05800666905729e-09,0.0305154392340281,0.0183441667410955,7.09138974181136e-06,0.950979118827926
"TCGA.DU.A5TS.01A",2.80131379603184e-08,2.68115822146264e-05,5.37936103041338e-08,5.62256380724679e-08,0.0246141998803125,3.60532033703987e-09,0.975358846899766
"TCGA.CS.6668.01A",3.34766180979953e-09,0.000121734078810012,1.58802196930061e-08,0.0248447843303432,0.0262397756426969,2.62566298803175e-08,0.948793660463639
"TCGA.DB.A4XA.01A",2.81190685341158e-07,0.000102146635960373,4.68378253674403e-07,0.00552632523005073,0.043382274843852,1.92200454272857e-08,0.950988484501152
"TCGA.P5.A5EZ.01A",2.83776248292823e-05,0.0024789399045485,4.4355589533994e-06,5.2557553853946e-08,0.0200996086634073,0.000402031021637415,0.97698655466907
"TCGA.DU.5855.01A",1.76242907543299e-09,1.21479864790406e-05,1.73809197585541e-05,9.49400413407609e-06,0.0840018643097009,2.17527108823443e-07,0.91595889349039
"TCGA.HW.A5KJ.01A",0.012485861746906,9.32140970828496e-09,0.0029882532858739,0.0257775032216658,0.00832312224739645,0.00578922761780506,0.944636022558943
"TCGA.R8.A6MK.01A",1.59463144221195e-08,1.77592292225595e-08,4.51066545113685e-09,0.0223717203016299,0.0262322025501042,6.3113667006391e-05,0.95133292526505
"TCGA.DH.A7UR.01A",0.00129562441090056,0.000712031616612712,1.22995705277635e-08,0.034611188849911,0.0132364675356297,0.00303994172823558,0.94710473355914
"TCGA.HT.7680.01A",4.44135074723353e-06,2.29383800423375e-08,2.65643487040035e-07,0.0294848142715448,0.0521040324847318,1.81438089180659e-08,0.9184064051673
"TCGA.WY.A85D.01A",2.28161267178384e-05,2.04365591080915e-06,2.3747656037248e-08,5.80830156516467e-09,0.046303212251289,0.000116706532034127,0.953555191878091
"TCGA.FG.A4MU.01B",6.20089824973782e-08,0.000512281389958872,7.54359296266507e-06,3.40737482124191e-08,0.144875307576616,0.000348030489550244,0.854256740868182
"TCGA.S9.A6TY.01A",6.57158382567387e-10,1.03191394896873e-07,3.00696682263035e-09,0.0220534678961738,0.0169619389192024,1.06113447038823e-08,0.960984475717759
"TCGA.DU.7309.01A",6.13858696600968e-07,0.000196167703155855,5.86192260444662e-08,0.0254488850969824,0.0256349529395124,0.000732403729070811,0.947986918053356
"TCGA.TQ.A7RN.01A",4.91121003717447e-08,1.8257537459675e-05,3.67935542748293e-09,0.030464446293296,0.0244897223265218,2.56943850972264e-07,0.945027264107416
"TCGA.HT.A615.01A",0.000292807315581473,2.22724178753609e-08,2.5947740359901e-06,1.92854151245123e-06,0.0549871271029602,2.41806389068897e-08,0.944715495812853
"TCGA.E1.A7YL.01A",2.51858442642763e-07,1.7069097541449e-07,0.000196210626969916,1.00381513780294e-05,0.160062496321375,5.32048793478025e-08,0.839730779145979
"TCGA.DH.A66B.01A",2.37717683577364e-05,4.49500539050649e-06,3.11137066922769e-07,1.77132846446367e-06,0.115544157172373,0.000814738657237939,0.88361075493111
"TCGA.TQ.A7RW.01A",1.54265022629368e-05,0.000478180694347288,1.21359783978208e-07,3.32327821178349e-08,0.0587942553358227,2.52455872852913e-05,0.940686737287716
"TCGA.QH.A86X.01A",4.91523164229319e-07,7.72539439273907e-09,1.03028738939301e-05,0.0317636823078915,0.0264149095283219,2.73574743984441e-05,0.941783248566936
"TCGA.DB.A4XF.01A",4.76908794805755e-06,9.30915717664773e-05,1.82890938911723e-06,0.00591097760494328,0.0420474157116842,3.15448492599651e-09,0.951941913959784
"TCGA.HT.7605.01A",1.03301841360193e-07,0.000396099026362476,3.50414933601755e-08,0.0236035629215356,0.0268548113851097,3.10531598090312e-05,0.949114335163848
"TCGA.TQ.A7RK.01A",1.98749247854592e-05,1.87623792637976e-07,6.2329198177246e-05,4.83007569145244e-09,0.0249259102798561,2.75745390200638e-07,0.974991417397923
"TCGA.E1.A7YK.01A",4.98658612092778e-07,0.0001090406344364,1.62118030172382e-09,9.7307842134392e-06,0.188292446479339,7.35772764962576e-06,0.811580924094569
"TCGA.CS.5397.01A",1.06908679970489e-07,3.70883096266157e-08,2.73616590105273e-06,1.33544550880197e-07,0.0701930885240993,0.000117796173622895,0.929686101594836
"TCGA.DU.5853.01A",5.64827952199465e-07,2.04661280795401e-05,6.30314217156435e-06,1.68276030171028e-07,0.0525590830108274,2.42774146363053e-05,0.947389137200303
"TCGA.HT.7902.01A",4.23163062921406e-08,1.67820978731132e-05,2.53529510986546e-08,0.0196545907838982,0.0260207864241897,0.00107352791834293,0.953234245106439
"TCGA.HT.7479.01A",5.19988433074131e-05,2.55140439919528e-08,1.83314111421255e-05,1.29515312523887e-05,0.0502019533962573,5.03065479966624e-08,0.949714688997449
"TCGA.HT.7477.01B",2.28807220430769e-08,2.27894952867913e-07,1.57973043200188e-05,1.61836986288688e-07,0.0401254458285427,8.10434846932537e-08,0.959858263210991
"TCGA.TM.A84O.01A",1.64336753610909e-08,0.000334114600683089,4.70220921931077e-08,0.0130901621423165,0.0304949967752747,2.24324994654572e-08,0.956080640593459
"TCGA.DH.5141.01A",2.9924489619097e-08,0.000147656907767476,9.19277473929605e-09,0.0237541617591909,0.0264498126898772,4.34528637851056e-07,0.949647894997262
"TCGA.FG.8186.01A",3.39692807344682e-05,1.43837536879625e-07,1.78275578824172e-09,7.34874273456358e-05,0.0709913970525827,4.20687476200499e-08,0.928900958550297
"TCGA.HT.8012.01A",5.86428350312702e-07,0.000150089532654773,4.56650884877537e-08,0.00618896433396675,0.0356796395709083,1.99548487954104e-07,0.957980474920544
"TCGA.HT.7686.01A",4.38134824282223e-07,4.98454255786903e-08,0.000197688743558994,3.40765589851565e-07,0.234447554426794,0.00171011286502447,0.763643815218783
"TCGA.HT.7475.01A",1.23205942741936e-08,0.000387054051037426,3.04996840366139e-08,0.0154094400427997,0.013696387036343,3.132834800415e-05,0.970475747701537
"TCGA.FG.A87Q.01A",1.56141406543637e-08,0.000252345028193673,6.35443640881374e-08,2.63038629448094e-07,0.0777889174670456,0.000230778753641652,0.921727616553985
"TCGA.S9.A6TX.01A",8.43450113560375e-08,3.00976752786784e-08,9.53924126898698e-08,0.0151492852892913,0.0270966565102029,1.68500791117262e-05,0.957736998286295
