"","cellFractions.CD4.T","cellFractions.CD8.T","cellFractions.DC","cellFractions.Fibroblasts","cellFractions.Monocytes","cellFractions.NK","cellFractions.otherCells"
"TCGA.BC.A10Z.01A",3.04747094398349e-09,0.000345958868087855,3.3931908622281e-09,0.0649630640491637,0.0821202450041913,0.00042488394254122,0.852145841695354
"TCGA.DD.AAEK.01A",8.15650979170107e-09,0.0155542577549437,1.11925890956474e-08,0.0623703301917127,0.0809283509129489,0.00768210555720908,0.833464936234087
"TCGA.G3.A3CK.01A",6.1117738844429e-09,0.00694407826309378,1.817539613841e-08,1.68816031806511e-05,0.0508299871850459,0.0141030162526027,0.928106012408907
"TCGA.DD.A1EJ.01A",3.37132059203924e-09,0.000150164983272837,1.15642495577245e-09,2.35771066921761e-07,0.0630119932233345,0.00096177368566636,0.935875827808914
"TCGA.DD.AACU.01A",8.00510790554192e-09,0.00552532903205556,6.7428650699458e-09,0.0909606398734649,0.0504507299040064,5.47634293745952e-08,0.853063231679071
"TCGA.ZS.A9CE.01A",1.6906091634492e-06,0.000859401125490523,8.40154397809237e-10,0.0185090310015491,0.0121764425690983,0.000252408629996711,0.968201025224548
"TCGA.2Y.A9H2.01A",0.000864200446458329,0.00273382893574754,3.38090351999554e-08,0.0199262772812202,0.0238418068583536,0.00479087591524987,0.947842976753935
"TCGA.CC.5261.01A",0.0749887101533858,0.00374018625557692,6.2894206369584e-09,0.342393768792987,0.039079898224383,3.65205454026123e-07,0.539797065078792
"TCGA.DD.AADP.01A",0.0431473271750911,2.80756776214844e-08,0.0144358545730343,0.053012711241395,0.0299835591067806,0.000826200720589043,0.858594319107432
"TCGA.2Y.A9H4.01A",0.0096762096874034,0.00087745766540564,9.64935278904902e-05,0.00136309977679921,0.0162395853743251,0.00868459854710088,0.963062555421075
"TCGA.DD.A1EA.01A",9.79803637167916e-08,0.00808300481419987,4.30632028034666e-10,0.0172164217980337,0.0683870346759724,0.00734806842534155,0.898965371875457
"TCGA.CC.A3MC.01A",1.71340984203779e-07,0.00194691314073342,1.05001104806662e-09,0.0600471536921485,0.0232092716959254,0.0103510072652001,0.904445481814997
"TCGA.FV.A2QR.01A",7.15417606728296e-09,0.0040594793519885,0.0048282176037516,0.0720639299463164,0.023268295258624,0.00642151455273005,0.889358556132413
"TCGA.EP.A26S.01A",0.00134048028009952,0.00116901861539307,6.7379497958628e-08,0.0339209654270971,0.0144838442000276,0.0054735914847461,0.943612032613139
"TCGA.K7.AAU7.01A",0.0145576465162409,0.00269524095706876,2.45432515251205e-09,0.156581610725853,0.031043201787118,6.62118373168973e-05,0.795056085722077
"TCGA.G3.A25T.01A",2.52031884208234e-06,0.00453817228996682,1.90694461173005e-09,0.137072164638098,0.0635991215090476,0.000979212489620936,0.79380880684748
"TCGA.DD.AADB.01A",1.26087270917169e-07,0.0157925410645088,3.23762966550632e-09,3.05638522444587e-06,0.0487050341773482,0.0332247740459886,0.902274465002029
"TCGA.UB.A7MA.01A",0.00955318514837939,0.00317066061078565,8.45387412625314e-09,0.0774453195457587,0.0245433448466771,0.00544709661302604,0.879840384781499
"TCGA.DD.AAD0.01A",3.1624620791102e-09,0.00204596885783869,5.35416779520304e-10,0.0156150282020597,0.0223616084759728,1.25413147082867e-05,0.959964849451542
"TCGA.BC.4072.01B",0.00175642541202885,0.0161973514031088,7.03282957032788e-10,0.0351192666936799,0.0610493116075354,0.0252286841319101,0.860648960048454
"TCGA.DD.AACD.01A",8.3768758106802e-06,5.01688565326879e-08,1.02160272197673e-06,7.95672930914468e-09,0.0325927372174626,0.0074951259617613,0.959902680216658
"TCGA.DD.A3A5.01A",0.0243485635674467,0.000338764043350059,0.00578175859760355,0.0466407354085114,0.0223957257093177,0.00707959210193589,0.893414860571835
"TCGA.ZP.A9D1.01A",0.0315745872803691,0.00185554513692396,6.52353872689683e-10,0.0889489635853653,0.0241978274342969,0.00602673069204092,0.84739634521865
"TCGA.ZP.A9D0.01A",5.34621597763848e-08,0.00110492084920713,0.00258549064361689,0.0454327761786179,0.0259425745295155,0.000320123588960858,0.924614060747922
"TCGA.CC.A7IK.01A",1.04476039611462e-08,0.00114017111759375,4.56517995940183e-09,0.0183179090858276,0.0265508445454705,0.00410725985694865,0.949883800381376
"TCGA.WQ.AB4B.01A",0.00140345991716332,0.00206763141534853,3.15597723122117e-10,0.0366937008687116,0.0170401406300084,0.00201731553212431,0.940777751321046
"TCGA.FV.A4ZQ.01A",9.78863228140672e-08,0.0345880424617241,6.885209740432e-07,6.59652468431711e-08,0.0843566220192615,0.0993636813439408,0.78169080180253
"TCGA.G3.A25S.01A",9.75980347153197e-08,1.02272197611337e-05,1.30131667186386e-08,1.12117067313336e-08,0.0319955475342794,0.00879622582646002,0.959197877596591
"TCGA.NI.A4U2.01A",3.69258386859063e-05,0.00294232152611212,7.79275167223553e-10,0.0269857239999173,0.0172279083676564,2.81887567525509e-05,0.952778930731601
"TCGA.RC.A7SK.01A",6.16519767002177e-10,0.00260639864603231,4.40968418884184e-10,0.0457011680821339,0.0340986617479967,1.03043509727875e-08,0.917593760161998
"TCGA.DD.AADS.01A",3.53484838196957e-10,0.00285085463495447,1.24036676187287e-08,5.00968508470846e-09,0.0469574437763186,0.0258416267704618,0.924350057051427
"TCGA.DD.A73F.01A",1.03651514720128e-07,0.0163321922992335,7.65672542957744e-09,7.80011137433127e-08,0.0478923506076708,0.03225396662528,0.903521301158462
"TCGA.DD.A11C.01A",0.0363484206490518,5.92630100483283e-07,0.000580368900211342,0.0588919216646752,0.0261053404374138,0.00518764019612421,0.872885715522423
"TCGA.FV.A23B.01A",8.65248433127165e-08,0.00496445171448313,6.5641341922818e-07,0.0217455684677183,0.0382919885662938,0.00467928333601272,0.93031796497723
"TCGA.DD.AADD.01A",2.808828841277e-09,0.00383325754818721,3.64631655990287e-09,9.0756278138713e-05,0.0366836198255475,0.0042331902558967,0.955159169637085
"TCGA.DD.AACO.01A",0.0056020342748486,0.00101060021664278,9.8055788667075e-09,0.00938052074588806,0.0280710422019017,0.0115191996491045,0.944416593106036
"TCGA.RC.A6M3.01A",0.00403903350172293,7.73560908804135e-06,9.55682346066744e-08,0.00558855203906981,0.0202499113121441,0.0135649970209098,0.956549674948831
"TCGA.DD.AAED.01A",0.000245952913187154,0.000791369211221574,8.18287549874665e-10,0.00529717473862963,0.0135375126720987,0.00291155782321382,0.977216431823362
"TCGA.BC.A10X.01A",4.98548254294119e-08,0.00261495243102821,4.78076284130573e-08,0.109469123626079,0.0476120054543302,0.00440566383933867,0.83589815698677
"TCGA.DD.AAVP.01A",0.0118905345575616,0.00155998015273664,1.06670285486178e-08,0.0180726520075045,0.0137898445508997,0.00973808771260835,0.944948890351661
"TCGA.MI.A75C.01A",0.00606355098126833,0.0027965716979098,6.34220724750843e-09,0.00507004864471604,0.0155372590425519,0.0127925863659378,0.957739976925409
"TCGA.DD.A39W.01A",5.38625852514777e-09,0.00218339588813631,4.69463323935501e-09,0.0147705039819408,0.0311608349004647,0.00144518451844376,0.950440070630123
"TCGA.DD.A4NA.01A",2.21662974073068e-07,0.00235243584390897,2.59630007703442e-08,0.140933117045444,0.0594901350064659,0.00249005914059799,0.794734005337609
"TCGA.DD.AAVY.01A",2.46296833411391e-09,0.00176877065862447,2.9290792257581e-09,0.0230979998486574,0.0346062776758847,0.00100116473280024,0.939525781691986
"TCGA.DD.A1EC.01A",1.43768315786303e-07,0.0374034979990063,4.20963000529652e-08,1.47312159887957e-08,0.133710126474829,0.130190955900356,0.698695219029977
"TCGA.5C.AAPD.01A",4.46616458106328e-05,0.0130464442129692,9.64593564975668e-09,0.00246411177119337,0.0798791153363276,0.0291539276923319,0.875411729695432
"TCGA.BC.4073.01B",5.63405168510404e-12,0.0303155312198753,9.99401549915094e-10,0.0354451307933784,0.151383731224688,0.0182161421525579,0.764639463604465
"TCGA.WQ.A9G7.01A",5.3638946087422e-08,0.000672027908918321,6.58094835192651e-09,0.044367447837763,0.0222856553559551,0.00292507905040952,0.92974972962706
"TCGA.CC.A7II.01A",6.12747935805749e-06,5.50458865477446e-07,1.623345181844e-09,0.0316938874391936,0.0231495335801104,0.00886963127560088,0.936280268143526
"TCGA.CC.A8HS.01A",0.0177460431851888,0.00182359817748842,0.00084674063635669,0.0508765248014766,0.0190124980580312,0.00510896052572539,0.904585634615733
"TCGA.DD.AAEA.01A",4.85845243057512e-07,0.00627837438578882,8.9714470834712e-07,0.00874018621261696,0.0257395926026695,0.0146765174776423,0.944563946331331
"TCGA.DD.A4ND.01A",0.109958574437381,0.000238517909341297,1.07285323049965e-08,0.218177628018102,0.0240885327246163,0.0126886951367645,0.634848041045262
"TCGA.ZP.A9D2.01A",1.62942674433406e-07,0.00352543982790081,1.56188171336458e-08,0.185961044414964,0.0574885692509456,4.04404812953346e-08,0.753024727504216
"TCGA.DD.AADI.01A",0.0357807514918004,0.0123053242348512,2.92659004079103e-09,0.0790760097594928,0.0354703767521481,0.0205206102123585,0.816846924622759
"TCGA.2Y.A9GX.01A",0.0764570426041146,0.00128217182083342,1.20950573346804e-09,0.219770173028162,0.0551871020656247,1.70425198981981e-09,0.647303507567507
"TCGA.DD.AACY.01A",1.26454291805381e-09,0.00395893699700298,6.7109472376815e-09,0.0289603822544921,0.0299242013336849,0.00035559296742463,0.936800878471905
"TCGA.DD.A73D.01A",2.79764887843586e-09,0.000568893878104804,2.06484381820236e-08,0.0150687291950607,0.0151003706186163,6.4233247207497e-05,0.969197749614924
"TCGA.DD.AAE9.01A",3.35535753540854e-09,0.00113466826071651,3.69199360638977e-09,0.0214425489701269,0.0283173637356742,0.000698501706314356,0.948406910279817
"TCGA.ED.A7XO.01A",0.00791770579659512,0.00233202674845804,8.00548963180993e-09,0.0544404318151064,0.0332571384498874,0.00812347629255856,0.893929212891905
"TCGA.DD.AADM.01A",9.52813881286327e-08,0.00243789372243563,7.62407062342595e-09,0.0337448946083101,0.0232409735832749,0.00462144759184852,0.935954687588672
"TCGA.FV.A3R3.01A",0.00939881830422482,0.00331432114157375,1.31311709345835e-08,0.222726625228827,0.0440484034145985,1.40772293217421e-06,0.720510411056672
"TCGA.DD.AACL.01A",1.44822958149378e-07,0.00406102729518563,1.39892839178068e-05,1.60982146427916e-09,0.10907405884269,0.0257101238346182,0.861140654310809
"TCGA.DD.A4NJ.01A",1.53235388922432e-07,0.0043698515873043,2.27706445766678e-07,0.0811445811043473,0.0773339204469615,1.13865805584493e-06,0.837150127261496
"TCGA.DD.AADU.01A",9.06420215143852e-09,0.00182929522151273,9.18795788420782e-05,0.0491922100913941,0.0682773247498498,2.4105304804429e-09,0.880609278883669
"TCGA.CC.A7IF.01A",4.75485362897826e-09,0.00216561909342703,1.69971071273071e-08,0.0382693127754324,0.0271412791953502,0.00183805626841187,0.930585710915418
"TCGA.CC.A5UE.01A",1.36429669928964e-09,0.0028439640196734,4.58398604494142e-08,0.0280492027101397,0.0711353495958788,6.27540397429133e-05,0.897908682430408
"TCGA.DD.AAVW.01A",1.72339642947971e-07,0.00948283837730654,5.06628062251982e-07,0.25563716152204,0.0937484928492179,5.44086973348577e-09,0.64113082284286
"TCGA.CC.A9FW.01A",5.28246081528600e-09,0.00427622531088649,4.94116916829939e-10,0.0272970635808779,0.032424365167378,0.00770479628740349,0.928297543876876
"TCGA.DD.A4NQ.01A",3.26449472424086e-08,0.0025458199263281,1.28595382832693e-09,0.0846280243564745,0.112425524375479,1.06507119267906e-08,0.800400586760106
"TCGA.DD.A3A7.01A",8.55903399314065e-10,0.000708755513877869,1.19459465842736e-08,0.0144856817048806,0.0146765737066164,0.00774228744016079,0.962386688832614
"TCGA.EP.A2KA.01A",0.000357140877691701,0.00741324102932136,7.78409001903254e-11,1.96482218854658e-07,0.0508713403157776,0.0292760414152328,0.912082039801917
"TCGA.ED.A7PZ.01A",6.43585644399265e-08,0.00313662449429264,4.1397468113727e-10,0.0443047167076236,0.0286766233164923,0.000909219084925081,0.922972751624127
"TCGA.G3.A25U.01A",2.40136156617746e-09,0.00227617543563559,5.68187095463382e-09,0.0275713379555011,0.0271569184614438,0.000617299720200604,0.942378260343986
"TCGA.RC.A7SH.01A",9.8347715143292e-09,0.00148525948319835,0.0191772426104519,0.031573464169529,0.00711360129647351,0.000866299856079891,0.939784122749496
"TCGA.G3.AAV1.01A",2.67284995682208e-09,0.00267284244351102,9.7123044851902e-09,0.0573234163447538,0.070969891870909,7.04838388326698e-06,0.869026788571788
"TCGA.2Y.A9GZ.01A",3.50320061088664e-08,0.00214792851994318,3.45111196294467e-09,0.0294408664925546,0.0371022708093849,6.65939063328634e-08,0.931308829101093
"TCGA.DD.AA3A.01A",1.02661478612814e-08,0.00255360505933761,0.00320380093928844,0.0464987526333854,0.0298525511279922,0.00480796145483786,0.913083318519011
"TCGA.2Y.A9HA.01A",2.87172313501868e-10,0.0022748507873809,7.98114478350628e-10,0.0340813278718213,0.0571393544499612,3.33279557395357e-08,0.906504432477594
"TCGA.DD.AADK.01A",0.0199175626937988,1.5998827415051e-08,0.00030457399111419,0.0533037561828624,0.0156531764351973,0.00786829477237679,0.902952619925823
"TCGA.G3.A5SI.01A",1.99821634314878e-06,0.001294531888334,1.57342117039723e-08,0.0228636525516129,0.019295175682116,7.7619596344195e-08,0.956544548307786
"TCGA.DD.A4NI.01A",0.00414391053828369,0.00616780744198059,3.46841399660754e-09,0.0163725445824785,0.0249535915927959,0.00460873723639865,0.943753405139649
"TCGA.DD.A73A.01A",3.09072666361251e-08,0.00613610544809169,3.64652737097786e-10,0.0211265952747107,0.0296241138829281,0.00277663611107444,0.940336518011276
"TCGA.MR.A8JO.01A",0.0625509501043773,0.000846754490351638,4.37225256787381e-09,0.102247151939495,0.0221659989772682,0.0149066039674683,0.797282536148787
"TCGA.5R.AA1C.01A",8.54876187415129e-10,0.00269288572415552,6.84538152855566e-10,0.00018918934622922,0.0287106429308314,0.0044118405296853,0.963995439929684
"TCGA.ZS.A9CG.01A",2.05038885212427e-07,0.00279944788457021,3.19406095632071e-09,0.0230305266422907,0.0175823914427052,0.00411508897187596,0.952472336825612
"TCGA.DD.A4NH.01A",0.000517020671473312,0.0098577233670408,9.19252433444007e-10,0.0866589938382589,0.045728355515696,5.46225283854728e-06,0.85723244343544
"TCGA.FV.A4ZP.01A",2.50215637391048e-08,0.00291843894660765,8.51964468369537e-08,0.000109812487140244,0.0489561739649601,0.0313405357991663,0.916674928584115
"TCGA.DD.AACJ.01A",1.10751259772748e-09,0.000996213649476062,2.66071134210897e-10,0.00564651619180239,0.022415827503744,0.00122759079389537,0.969713850487498
"TCGA.DD.AAVZ.01A",0.0125791228945145,0.000290303535458269,3.86702029588475e-09,0.0339296014837777,0.0158061843822387,0.00277631915487568,0.934618464682115
"TCGA.DD.AAVR.01A",0.0373359880619082,0.00137624576283338,6.31475373275863e-10,0.0930938605539804,0.0316551647145398,0.00603926199845749,0.830499478276805
"TCGA.RC.A7SB.01A",9.48953966257166e-09,0.00172593433107719,6.29505281374508e-09,0.0393742263706724,0.0548057799885104,1.76560875716204e-07,0.904093866964272
"TCGA.3K.AAZ8.01A",4.14121900009864e-08,0.00283533802743376,0.0215998404476318,0.0108023372319802,0.0116519197413566,0.00653112043420705,0.946579402705201
"TCGA.DD.AADA.01A",0.0184964513628655,0.00313508987398729,9.0508121815884e-09,0.0389591933860324,0.0132156431495993,0.0111146164059803,0.915078996770723
"TCGA.G3.A25X.01A",1.82945356218755e-06,0.0100989083782197,4.34617166020669e-07,0.0267738542762985,0.117931627261321,0.0338850657992089,0.811308280214224
"TCGA.EP.A3RK.01A",1.0600559717396e-07,0.0129112769955606,1.12853900637941e-07,1.71278374520398e-05,0.125457837225944,0.0297249728036096,0.831888566277936
"TCGA.2Y.A9H5.01A",0.0112682564020673,0.00209466616550448,2.83839617222374e-09,0.0956897349063029,0.0173496962883316,0.000476870672423007,0.873120772726975
"TCGA.UB.A7MF.01A",1.94049262189307e-07,0.0128120726794239,3.0605367264125e-07,8.8635385473032e-09,0.092546130855486,0.0671179581230193,0.827523329375597
"TCGA.BC.A10R.01A",1.01232286921354e-06,0.00205486951275537,1.07164644129604e-06,0.0941738618801709,0.0235581292140456,7.92702610131761e-05,0.880131785162705
"TCGA.ED.A459.01A",5.81606300113129e-09,0.000493320334637197,4.07286234803646e-09,0.0621142802475661,0.124596387369063,6.15858011568433e-08,0.812795940574007
"TCGA.KR.A7K7.01A",1.55429441627398e-07,0.00492399020951959,5.42426404312747e-09,5.49812119809528e-08,0.038192729198891,0.0531031209910667,0.903779943765605
"TCGA.XR.A8TC.01A",0.00993492137411552,0.000130950041194686,0.00472327500024418,0.0339045178826177,0.0112276658440837,1.32553249991535e-07,0.940078537304494
"TCGA.G3.A3CG.01A",0.00779039923135078,0.00227364112803138,3.47766865200728e-09,0.0370289512931655,0.0145123899233519,0.00151662974290783,0.936877985203524
"TCGA.BC.A112.01A",0.023649146430545,0.000101225372274045,4.33969967666433e-09,0.0936979444750385,0.0172677569023167,0.00219652867983681,0.863087393800289
"TCGA.ED.A4XI.01A",7.64579949667339e-08,0.00562487541224255,2.39476094402300e-09,0.0981802992483467,0.0599968164335779,0.0024230504643285,0.833774879588749
"TCGA.2Y.A9GT.01A",8.48051279555453e-07,0.0172388636377779,1.17712148162425e-09,0.0132566864612328,0.0452907060093955,0.024229567677967,0.899983326985226
"TCGA.DD.AACX.01A",7.91431375527467e-09,0.000877372183535374,2.05609407743785e-08,0.22662337015678,0.356564015276388,7.6811444037504e-06,0.415927532763638
"TCGA.DD.A1EB.01A",4.12057640497043e-09,0.00441459805036364,1.12213010962565e-08,0.0300951817964598,0.0356824725850093,0.000598599517185149,0.929209132709105
"TCGA.DD.AACE.01A",5.42390117482196e-08,0.0038350678213009,5.29826702369335e-10,0.0385300971750997,0.0191437847606529,0.00121311810987162,0.937277877364237
"TCGA.2Y.A9H9.01A",9.72984408563786e-09,0.00371542070196378,0.00364036838676207,0.0223703803315396,0.0344737518181325,0.00308167336435536,0.932718395667403
"TCGA.CC.5262.01A",0.00393165360766708,0.0100701529340876,7.95166490209178e-09,0.144796034805693,0.0545500393338639,0.0131918119626788,0.773460299404345
"TCGA.G3.AAV2.01A",1.46595523854751e-07,0.000971548779087265,7.35181744859178e-09,0.0138122751241174,0.0155545682964903,0.00645564246256115,0.963205811390403
"TCGA.DD.A4NN.01A",8.59755567421996e-09,0.00169696725336516,1.36541030892462e-08,0.0725970012597121,0.0360385492913102,1.21208617402466e-07,0.889667338735336
"TCGA.DD.AACZ.01A",1.1137871819475e-08,0.00657310904005324,2.22285914385972e-08,1.1356202503249e-08,0.127239288283485,0.0370471814579579,0.829140376495838
"TCGA.DD.AAE0.01A",0.026219427208793,1.77477024234776e-06,9.61123658512812e-08,0.0814530767169982,0.0131917007564554,0.00890146332024608,0.870232461114899
"TCGA.YA.A8S7.01A",1.20770998755408e-07,0.000332544858427784,2.17669745657873e-08,0.000456345555005484,0.204366044770287,6.59910412213067e-07,0.794844262367894
"TCGA.2Y.A9GY.01A",2.60760563377469e-08,0.0124171255995377,1.39604433225121e-05,0.000127263931373958,0.134967517180864,0.0912360645953566,0.761238042173489
"TCGA.UB.A7ME.01A",0.0290172722501215,0.00762540435401888,5.67064877043781e-10,0.0451522984747976,0.0304964511816738,0.0150354278424288,0.872673145329894
"TCGA.ED.A8O6.01A",0.00170818149700634,0.00295011954401154,9.68705695352435e-10,0.0419050024943986,0.0245248433845445,0.00685521918588256,0.922056632925451
"TCGA.ZP.A9D4.01A",1.73095437680417e-08,0.00119931077084537,4.35345018179267e-10,0.0109568347891635,0.0157357310559589,0.00115763068148731,0.970950474957656
"TCGA.DD.A1EH.01A",4.92660884679984e-09,0.00449113078555129,3.92670265640525e-06,0.094346324137887,0.0437580843529913,3.18905281211413e-08,0.857400497203777
"TCGA.DD.A11A.01A",1.82868336300865e-09,0.0017648706330121,0.00279374385684295,0.0700163824368155,0.100944222573993,4.76335102846965e-05,0.824433145160368
"TCGA.RC.A7SF.01A",5.83249031354486e-10,0.00269297001376418,1.44772705942979e-09,0.0185597157873114,0.0213830960968543,0.00174562132546727,0.955618594745627
"TCGA.HP.A5N0.01A",2.0154419263125e-08,0.00757073312859655,4.06921535287707e-09,0.160421520280141,0.051752204952602,0.0198301099066815,0.760425407508344
"TCGA.DD.A73E.01A",0.00446268192657832,0.0014743597121942,2.47848229629039e-08,0.0264666142104895,0.00814134240628742,0.00414234790648793,0.95531262905314
"TCGA.G3.A5SL.01A",0.0210316999411349,0.000953933816722423,1.65919496800211e-08,0.0423104212029646,0.0118282363424116,0.00251196606932342,0.921363726035494
"TCGA.2Y.A9H6.01A",0.0392272896867736,2.62570782939396e-08,6.89080390768294e-08,0.094319720130195,0.0216809197159216,0.00190439321109699,0.842867582090895
"TCGA.WX.AA47.01A",0.00248735181056798,0.000178594157073604,4.45673318589846e-10,0.01176839272593,0.00642148534043917,0.00141901361078148,0.977725161909534
"TCGA.MR.A520.01A",3.60436254626598e-10,0.00264465547873647,7.61619826546290e-09,0.0354927890146256,0.0335550993883742,0.00133560468763324,0.926971843453996
"TCGA.DD.A3A1.01A",1.53238145633278e-09,0.00524623893561922,3.88573935404632e-08,1.28354068077459e-07,0.0809364433870645,2.51654636482947e-07,0.913816897278837
"TCGA.DD.AADF.01A",0.0219743329677659,1.09343191823779e-07,0.00180201795955916,0.000968089144750845,0.00445019597474216,0.0152278809234107,0.955577373686579
"TCGA.G3.A7M7.01A",3.27103889102976e-06,0.00148593428203494,3.30672818978446e-10,0.0248128088731588,0.0201055775779798,0.00162211694969663,0.951970290947566
"TCGA.DD.AADQ.01A",8.3118532815679e-09,0.0016899650214772,1.5972137895333e-09,0.0135416787034415,0.0171388892731679,0.0111302991364604,0.956499157956386
"TCGA.DD.AAVX.01A",3.04584245009129e-10,0.00392313422261751,2.34090969544698e-08,0.0160615475275803,0.0412258584305084,0.00491188830398107,0.933877547801631
"TCGA.MI.A75E.01A",0.00735128679172744,0.00512921444234444,8.11720249379901e-10,0.0652339724183097,0.0267477162628172,0.00414541425126913,0.891392395021812
"TCGA.GJ.A3OU.01A",4.99345800334427e-07,0.0205244747605715,1.80001646987376e-09,0.288981602129002,0.585873695455325,0.00061294854598854,0.104006777963297
"TCGA.DD.A11B.01A",1.02864158636364e-07,0.00212525760061655,3.47885236025499e-09,0.0597808513496906,0.0458247574412345,2.59024438502751e-08,0.892269001363004
"TCGA.LG.A6GG.01A",1.57202437014542e-08,0.00111465553644055,4.04536655495458e-09,0.058736204745616,0.0723759253505664,5.7356056173011e-08,0.867773137245711
"TCGA.CC.A7IJ.01A",2.5625612303617e-07,0.058518623020809,2.61971499941202e-08,0.276796691398912,0.268511766031391,0.0689952484569063,0.327177388638709
"TCGA.DD.AACA.01A",7.48578725675052e-09,0.00509109745404925,1.77931583394751e-08,0.0455277074774441,0.0410146024265052,0.00454282495152513,0.903823742411531
"TCGA.DD.A39V.01A",4.42070034561086e-07,0.00557892238463708,2.65386250102597e-09,6.7982343632647e-07,0.0662904991900172,0.0445469260587116,0.883582527819301
"TCGA.2Y.A9GS.01A",1.03837023520667e-07,0.0017380042374447,3.89050978449676e-10,0.0266195418864886,0.0510710440305284,0.00251473299111774,0.918056572628346
"TCGA.DD.AACW.01A",1.93978770871857e-07,0.00441344197351932,8.40178711806145e-07,0.0319698295739915,0.0517658495440556,4.45530748899268e-07,0.911849399220202
"TCGA.FV.A3R2.01A",1.79890858424517e-08,0.0033203465719485,2.20953478958462e-09,0.028467443889595,0.0544855893860346,3.86882429802318e-07,0.913726213071371
"TCGA.ZP.A9CY.01A",2.37173875598522e-09,0.00212438386248336,1.8086002751756e-08,0.08869872938351,0.0545954419695142,2.6577177992196e-07,0.854581158554971
"TCGA.NI.A8LF.01A",0.00686926087000368,0.00258214870108979,8.13207274718733e-10,0.0470431627139405,0.0163667330227356,0.00352106301907289,0.92361763085995
"TCGA.DD.AAE2.01A",4.47587384693829e-08,0.00824707849001929,2.47561505861699e-09,0.0210990082445217,0.0466016740029668,0.0102900368878331,0.913762155140306
"TCGA.5C.A9VG.01A",0.0566455433668007,2.03834581377528e-09,7.57559317769805e-06,0.0968683767303559,0.0168689345048007,0.00307536634162716,0.826534201424892
"TCGA.KR.A7K8.01A",5.15873696869627e-07,0.0185121090575509,8.81694931489513e-09,0.00465818252708791,0.064735713431022,0.045985941015284,0.866107529278409
"TCGA.ZP.A9CZ.01A",0.0342578761402389,0.00165521991376697,0.00958837160312495,0.0371839046962177,0.0500418203932746,0.0109154423375295,0.856357364915847
"TCGA.EP.A12J.01A",1.73965446329006e-09,0.00219414777251993,2.92001849720623e-09,0.0187116306690606,0.0185228469188872,0.00494062434077814,0.955630745639081
"TCGA.DD.A4NV.01A",0.037744660250244,8.87320296262379e-08,0.00284046401325683,0.119081423414935,0.0210506363505242,0.00390625608346782,0.815376471155543
"TCGA.BC.A3KF.01A",8.54614699326155e-09,0.00225205363731582,8.65265022440095e-09,0.0370151404488822,0.0391178348722024,1.11208468335593e-06,0.921613841758119
"TCGA.XR.A8TD.01A",6.74569278872806e-09,0.0187804569169605,1.63524687263439e-07,0.0522727242329355,0.0795504949727203,0.0470316366889241,0.80236451691808
"TCGA.DD.A4NK.01A",0.00157341390021526,0.002039310830713,1.29821094897689e-08,0.0324025156839478,0.0187392911467278,0.00383641489010558,0.941409040566181
"TCGA.DD.AACP.01A",0.000185690648538457,0.00420753821623609,1.86472365440165e-08,0.0246502193347748,0.0180110931342603,0.00453982727265908,0.948405612746295
"TCGA.G3.A7M5.01A",3.26606860580588e-07,0.00149067230582136,1.7462629051568e-09,0.00462356204567182,0.0201020401163987,0.00788470064462492,0.96589869653436
"TCGA.DD.A4NS.01A",0.089033943485016,0.00609833496692476,3.19259476383201e-07,0.356748247967283,0.0293325654858125,0.014633175950667,0.50415341288482
"TCGA.WX.AA46.01A",8.47062659108728e-09,0.000953491747374746,1.36210551213229e-08,0.0714204877708447,0.0309410641204431,0.0018245381074792,0.894860396162177
"TCGA.O8.A75V.01A",4.91917068694168e-07,0.00517089104654946,4.49807382235812e-09,0.0104036526401172,0.0452861620287865,0.00688312477357944,0.932255673095825
"TCGA.DD.AACH.01A",3.23439370246445e-08,0.000500751771165073,1.69803066724241e-08,0.00367424977973679,0.0359440458320427,0.00884799387321433,0.951032909419598
"TCGA.DD.AAVQ.01A",0.0691849342399844,0.00960163546436731,8.9063253866149e-10,0.0462751758987557,0.0349758056997759,0.0267976738879214,0.813164773918563
"TCGA.RC.A7S9.01A",0.0101039994155248,0.000140065391680261,0.00656369056023616,1.07651298447445e-08,0.0149489743423148,0.00710975259065793,0.961133506934456
"TCGA.BC.A8YO.01A",2.20412630112461e-07,0.0185000576285575,9.19119245181233e-09,3.9235095693154e-08,0.051460816254398,0.0229114955982797,0.907127361679847
"TCGA.DD.A4NR.01A",6.12923402878001e-07,0.023896997029114,2.0464725624416e-07,8.65315511836080e-09,0.172112915827022,0.079435982135174,0.724553278784876
"TCGA.CC.A8HU.01A",1.57068861041021e-08,0.00213766169775102,1.68092671446546e-09,0.0648914932644033,0.0504364250182744,0.0011916028838029,0.881342799747956
"TCGA.DD.AAVS.01A",0.0262615991073672,0.00348216787819744,3.73474776317761e-09,0.0566253457477516,0.0279110436660891,0.00603143830293867,0.879688401562908
"TCGA.CC.A7IH.01A",7.95961304866417e-09,0.00129536799653639,6.35979322218513e-09,0.0221233120286252,0.0120407881586939,0.00442788392842718,0.960112633568311
"TCGA.FV.A3I0.01A",8.84789427887706e-07,0.00287164882611562,1.41270427298344e-08,0.13461021712712,0.0279864775823159,0.00342691874356975,0.831103838804408
"TCGA.MI.A75H.01A",0.00996113705363278,0.00428620201751142,7.64090863615653e-09,0.00780913844511957,0.0195021492014529,0.0179020077951805,0.940539357846194
"TCGA.CC.A9FV.01A",0.0342003909515657,0.0050761946459522,1.52249231250252e-08,0.0818783869888726,0.239934486985789,0.0225517128672958,0.616358812335601
"TCGA.BC.A217.01A",6.10974299473245e-06,0.00481668759477637,9.24457622890246e-09,4.35574549811302e-08,0.034413173907782,0.0116444186411203,0.949119557311295
"TCGA.DD.AAD5.01A",1.63874089867414e-05,7.18723920122793e-08,5.4486532656929e-09,4.63950967616439e-06,0.107407679878681,0.000613900532399557,0.891957315349212
"TCGA.2Y.A9H0.01A",8.18293012899158e-09,0.0091751048630216,6.88445665146706e-09,0.0147340276845894,0.0750297113325409,0.0198299868475026,0.881231154204959
"TCGA.DD.AAD8.01A",0.0179719898363685,2.47796761833323e-08,0.00430488217999318,0.023671873644073,0.0117193228425768,0.00520348875805799,0.937128417959254
"TCGA.CC.A3MB.01A",1.0980322322116e-08,0.00351175089875278,6.42498865622026e-06,0.0508932085727152,0.0592030275546452,3.17524829514215e-09,0.88638557382966
"TCGA.DD.A4NE.01A",0.0135291767487179,3.59867784924624e-08,0.000572696316971593,0.0491798088834067,0.0112493045395723,0.00146328894961925,0.924005688574934
"TCGA.5R.AAAM.01A",5.47805915954468e-07,0.00299655505158937,1.43070591889907e-09,0.0859644103155234,0.0508165573696001,0.00448264941384125,0.855739278612824
"TCGA.DD.AADY.01A",7.63908362677634e-09,0.00290640320333513,5.41902433154237e-09,0.0627747161597484,0.0510869893652044,7.96499670450943e-05,0.883152228246559
"TCGA.MI.A75I.01A",1.01594396217757e-09,0.00487171021750903,4.51688171046065e-10,0.0423774461772972,0.0463752054156855,0.000372545560994163,0.906003091160882
"TCGA.G3.A3CI.01A",1.05179027395798e-08,0.00317351338729962,2.45273525741816e-09,0.0598708092079626,0.0745430756599686,0.00234261138478048,0.860069977389351
"TCGA.CC.A5UC.01A",0.023432868673959,0.00202931674987141,1.41255377541462e-08,0.096712437950463,0.038593413018077,0.0114499940811644,0.827781955400928
"TCGA.FV.A496.01A",8.34715060260206e-09,0.0014990034365291,4.20024152295969e-09,0.0512001596266852,0.0484821507245239,5.86151801916364e-09,0.898818667803352
"TCGA.DD.AACK.01A",1.54648800620889e-09,0.00387944370425049,3.681945206858e-09,0.0376369462205532,0.045636233422637,6.04352267013307e-05,0.912786936197425
"TCGA.XR.A8TE.01A",3.43661384741376e-09,0.00294456219928776,6.54995827788481e-07,0.0597416220395826,0.0456735417323093,0.000707155804095808,0.890932459792283
"TCGA.DD.A3A4.01A",3.36682600842374e-08,0.0017907875537333,3.38796029882639e-07,0.062752326934735,0.0680243208616893,4.70923198516194e-08,0.867432145093233
"TCGA.RC.A6M4.01A",4.12246957548385e-10,0.00126196898274508,2.12792419154318e-09,0.022079472872178,0.0196013725529366,0.000432231673610796,0.956624951378358
"TCGA.ED.A7PY.01A",1.10656608918361e-07,0.00187177350678242,9.09350914887407e-11,0.0237566374766946,0.0215086390793321,0.00129436766057822,0.951568471529069
"TCGA.DD.AADL.01A",8.19528456096316e-09,0.00279363619940653,3.09581440279915e-09,0.0645764110617417,0.0711085828877041,7.74259308335419e-08,0.861521281134118
"TCGA.UB.A7MC.01A",1.13537180506009e-09,0.00147647608656695,6.45686556508384e-09,0.0249204344320454,0.0373796640828572,2.41067603589086e-07,0.936223176738689
"TCGA.ED.A82E.01A",3.6036810354295e-07,0.00197323264531667,8.48875601700167e-07,0.168348549215161,0.041494836780914,1.49289994392212e-08,0.788182157185904
"TCGA.CC.A9FS.01A",1.1469126941565e-09,0.00209409381643068,3.86328232373167e-09,0.016880340057709,0.0249442099614756,0.00294113438644959,0.95314021676774
"TCGA.T1.A6J8.01A",1.04080352506496e-10,0.00225982824213117,4.40464243807609e-09,0.068061178987042,0.039073533003219,9.84101463794929e-06,0.890595614244247
"TCGA.DD.AAW0.01A",8.30054640315398e-06,0.00671931088751047,8.34105848850076e-09,0.128116862296263,0.0506831137058997,1.205008051708e-07,0.81447228372206
"TCGA.BC.A216.01A",0.00297269182022319,0.0167273345751315,0.00193311833711916,0.00869043479829233,0.0144263486861599,0.0356865166060167,0.919563555177057
"TCGA.DD.AACG.01A",1.6229733204774e-05,0.00136924494326612,9.27789953866525e-09,1.29496068728446e-07,0.0236209870589132,0.00550394882005067,0.969489450670597
"TCGA.CC.A123.01A",2.05804651675815e-09,0.00135052098741706,1.38715945578778e-09,0.00660981151417824,0.0230140060116524,0.00299914708795344,0.966026510953593
"TCGA.DD.A1EE.01A",2.89946484872766e-08,0.000606336819459309,3.55343381155147e-09,0.00562485070003402,0.0292030093399287,1.00462983333288e-07,0.964565670129512
"TCGA.FV.A3I1.01A",0.0127700713151768,0.00150528452674506,6.47057411147706e-09,0.0470251711090561,0.0332245371907796,0.00245759743358074,0.903017331954088
"TCGA.G3.A5SJ.01A",0.00820415001249638,0.00887467131016706,8.33518815930049e-09,0.0139124449170061,0.0360785427372438,0.0120543141020671,0.920875868585831
"TCGA.BC.A3KG.01A",0.0109898969477924,0.000753793994583698,0.00207279922294682,0.0174063735107336,0.0111382154877745,0.00245403959629975,0.955184881239869
"TCGA.ZS.A9CF.01A",0.0392791867824943,2.45849518279451e-06,0.019563934140086,0.0209193649263411,0.0328123717439016,1.13121093565418e-07,0.887422570790901
"TCGA.RC.A6M6.01A",8.4978771698331e-09,0.0120526981288451,3.4548251034187e-09,0.0237158821661276,0.0543319818932677,1.47457092372143e-09,0.909899424384486
"TCGA.DD.AACI.01A",1.96136994859335e-07,0.0121537780165757,3.66152207578239e-06,4.4750345661953e-09,0.107247470464553,0.0742569382138972,0.806337951170869
"TCGA.EP.A3JL.01A",7.52365108741426e-08,0.00462971682239145,5.28235239361457e-09,0.0148719106606145,0.0503473841881582,0.0122177356899911,0.917933172119981
"TCGA.CC.A5UD.01A",6.29368369754285e-08,0.00198237572106876,2.38549909423242e-08,0.0931602558137985,0.0530369527260936,0.00542573416441542,0.846394594782796
"TCGA.ES.A2HS.01A",4.8703344852482e-08,0.00179690556911216,1.33962878813207e-06,0.0219324539009852,0.0227074395066775,0.00171126120361003,0.951850551487482
"TCGA.BC.A10U.01A",5.00922018484471e-09,0.00499400307108555,2.69076227723842e-09,0.0203483160653405,0.0417229033781096,6.17229700986226e-09,0.932934763613185
"TCGA.DD.A119.01A",0.00216004803642354,0.00070369945180078,8.1589075332187e-09,0.0438134890514746,0.0130068913792158,0.0026768709756697,0.937638992946508
"TCGA.2Y.A9H1.01A",8.62083315528504e-09,0.00309504118605189,3.20804883150219e-10,0.00182276957863179,0.036801260892789,0.0128272560416826,0.945453663359207
"TCGA.G3.A5SK.01A",1.18531697615453e-08,0.00279048600365759,0.00112963872073924,0.0353916139978795,0.0320667720303747,0.00799248178307078,0.920628995611108
"TCGA.BC.A10Y.01A",0.00122536002396732,0.00422693145847846,7.31422711552022e-09,0.0153460449383332,0.0351126784012789,0.0104420513514463,0.933646926512269
"TCGA.DD.AAE1.01A",8.45132187522767e-09,0.00299716553167754,2.16977006085196e-09,0.0185563411249145,0.0385592213773061,1.44981481323898e-08,0.939887246846862
"TCGA.DD.AADN.01A",7.91643457340624e-09,8.69374212195936e-07,1.26223866118437e-05,3.35993811982976e-09,0.0589373088828008,0.187582905000194,0.753466283079808
"TCGA.CC.A3M9.01A",0.268208275491339,0.000523175720370903,0.000136691373220709,0.0233828304498039,0.703478144263792,0.00424360859711227,2.72741043614325e-05
"TCGA.DD.A73C.01A",4.54600553013229e-07,0.00364952819292738,0.0044126793079308,0.0250896925909635,0.0361521009215735,0.00764947639717328,0.923046067988879
"TCGA.BW.A5NP.01A",0.00164662186907417,0.00172198846940091,3.58610481014397e-09,0.0210051026848239,0.0118523639536514,0.00395434546938969,0.959819573967555
"TCGA.CC.A7IL.01A",3.10936743572653e-10,0.00180473720304516,0.013969346105495,0.0272134286678004,0.0253581403764658,7.47817061799585e-07,0.931653599519195
"TCGA.DD.AACV.01A",3.70894321223565e-09,0.000229063635212655,6.45921636070328e-09,0.0374669899425242,0.0498415444453277,0.000339883731812634,0.912122508076963
"TCGA.DD.AAD1.01A",0.121036235516964,4.7732657371369e-07,5.13266718822412e-08,0.259133334510539,0.0185762585841558,0.00424664005339266,0.597007002681703
"TCGA.DD.AAVV.01A",0.00177717869747852,0.00780157581157028,2.8652688349333e-08,0.0864031361830606,0.0719511574266242,0.0136170261000277,0.81844989712855
"TCGA.ED.A8O5.01A",2.09750139477729e-10,0.00620602071661214,4.91684053893379e-08,0.0618720369817201,0.0559159522601551,0.00199419493774621,0.874011745725611
"TCGA.ED.A97K.01A",0.000134331323684331,0.00565024798267593,0.00191089887484796,0.211384373282333,0.065893069913707,5.59352989218613e-08,0.715027022687453
"TCGA.2V.A95S.01A",0.000101090536243651,0.031526654714673,2.21764052952748e-10,1.72969498457996e-05,0.0729617630442103,0.0872036269046629,0.8081895676286
"TCGA.UB.A7MB.01A",1.77157754664114e-08,0.00128887159529286,2.57001658821974e-09,0.0224908733359536,0.0162253715366964,0.00519302805699066,0.954801835189275
"TCGA.CC.5264.01A",0.00679567161002837,0.0250464226818152,2.48825682954514e-09,0.0724573257576695,0.083846787481341,7.67704862074141e-06,0.811846112932268
"TCGA.ED.A66Y.01A",5.67836819474393e-09,0.000471400623370638,8.73323360544801e-07,0.074326893645157,0.0552225576589503,0.000117942741427935,0.869860326329365
"TCGA.ED.A627.01A",0.0421832359513031,0.0271864158419755,1.99343755054364e-08,0.311656016987523,0.0754792745864317,0.0140540756873734,0.529440961011018
"TCGA.DD.AACC.01A",2.60216261280313e-07,0.0490154342040153,2.64795374176976e-08,1.85534105407941e-08,0.108334905045252,0.124818508847444,0.71783084665408
"TCGA.DD.A4NB.01A",0.0500898420415037,0.000431687868180814,8.73913613637123e-09,0.394730176349284,0.0190484370041016,4.43350816920633e-08,0.535699803662712
"TCGA.ED.A66X.01A",2.72077332102659e-06,0.0056412479646887,3.75783718209421e-06,0.246161155481447,0.0855842619650541,8.26562665747228e-06,0.66259859035165
"TCGA.DD.A114.01A",0.00112301094528835,0.0313324781505677,4.34925444643025e-09,0.184556230761163,0.127198917584409,0.0224635257805194,0.633325832428799
"TCGA.DD.A3A9.01A",0.0372361601340004,0.00385656278223698,4.57260155975353e-10,0.12378668440205,0.0188432570663459,0.00559346828347047,0.810683866874636
"TCGA.XR.A8TG.01A",2.36852382271078e-08,0.00191406840067438,0.00148228327589587,0.0705530168325929,0.0269734357920621,0.00249877927482655,0.89657839273871
"TCGA.ES.A2HT.01A",8.97946357242064e-05,0.00129738514053657,5.00272705337114e-10,0.0246159537153667,0.0139143153723592,0.00278613083754129,0.957296419798199
"TCGA.2Y.A9H3.01A",0.00144822030501115,0.00869880042851677,2.14449330640711e-07,2.82394279511145e-08,0.0462618700385012,0.0303353612341302,0.913255505305082
"TCGA.2Y.A9HB.01A",0.00618857483199196,0.00758769542931228,2.84079169684229e-09,0.00462601112094707,0.0278735103230424,0.0108122193549348,0.94291198609898
"TCGA.FV.A495.01A",0.0139844157710011,0.00395158781109907,7.72383322766091e-09,0.0736492493885746,0.0327452557375157,0.0129666222664689,0.862702861301507
"TCGA.G3.AAV4.01A",9.44759556983522e-07,0.00290657826824033,2.38136640086038e-08,0.0385503191078721,0.0701061363708949,7.5760982530986e-08,0.888435921918789
"TCGA.BC.A10W.01A",2.65829551336232e-08,0.0037022512589708,2.23828187011521e-08,0.0117196431934114,0.0548987558449038,0.00267741939758755,0.927001881339353
"TCGA.DD.A1EK.01A",4.4945681673884e-08,0.00248932608289324,2.89204726711907e-08,0.0183523584993335,0.0644846157214726,1.04949189813428e-08,0.914673615335228
"TCGA.DD.AAD6.01A",1.30665668822436e-09,0.00057164737307001,2.84835922622777e-09,0.00815866958582327,0.0224569814243424,1.31330671314358e-05,0.968799564394617
"TCGA.G3.A3CH.01A",1.05919149222386e-07,0.00480441947277516,6.26997898234938e-09,0.0490829918205899,0.0377479187082688,0.00773762712101442,0.900626930688223
"TCGA.KR.A7K2.01A",0.0101978662667416,0.00201740405745524,1.47926404442568e-07,0.0372514987599261,0.0195619779856187,0.00278723231633282,0.928183872687521
"TCGA.DD.AAEG.01A",0.00234524469120437,0.00159771144606585,1.02265943630118e-09,0.0493012309917224,0.0159642752095932,0.00651739643741373,0.924274140201341
"TCGA.ZS.A9CD.01A",0.00239558748412314,0.00270989541485429,1.50999933158838e-09,0.0517382970306392,0.0232548812052674,0.00221535654232317,0.917685980812794
"TCGA.2Y.A9GV.01A",2.47756643078648e-08,0.00178333869537038,1.62067311121242e-08,7.87146414180922e-05,0.055119255201826,0.00280648258520229,0.940212167893788
"TCGA.BC.A10T.01A",0.0527616484492018,3.25768617901475e-08,0.0192679185022938,0.101710891259444,0.0223756446881177,1.03474889404184e-06,0.803882829775187
"TCGA.DD.AAEI.01A",4.12892776470797e-09,0.00161537572192628,5.88343288824211e-09,1.5959308644488e-07,0.0275688397111114,0.00163748407649284,0.969178130885022
"TCGA.FV.A2QQ.01A",0.0171492183949849,0.00132120174453898,2.05121692788501e-08,0.00196068077585463,0.0191029376030624,0.00819154691801552,0.952274394051374
"TCGA.PD.A5DF.01A",0.00849732198953828,0.00209965167899288,2.27009426480126e-09,0.110299085258795,0.0290180956417141,0.000119194040599189,0.849966649120267
"TCGA.EP.A2KC.01A",5.33762651110358e-09,0.00190877458440132,1.09287892759046e-08,0.0245701245627752,0.0190817074957227,0.00366211233092249,0.950777264759762
"TCGA.CC.A7IG.01A",4.21216752714423e-08,0.00235331465588844,1.31904727772793e-05,0.0516877961370363,0.0759718964902491,6.89712495993036e-07,0.869973070409878
"TCGA.DD.A3A3.01A",7.52496181079246e-07,0.000987514145293602,1.34347330113497e-08,0.0179645712952375,0.025326229022475,0.0049001994025688,0.950820720203511
"TCGA.4R.AA8I.01A",4.73508185123551e-08,0.00354038853952046,7.0746694632259e-10,0.0548021333266508,0.0554135530035303,0.00160328327004477,0.884640593801968
"TCGA.G3.AAV3.01A",2.95014185236675e-08,0.0174880932014074,4.63505288263645e-09,0.0164534449377108,0.0701956680990011,0.0403639396035745,0.855498820021835
