"","cellFractions.CD4.T","cellFractions.CD8.T","cellFractions.DC","cellFractions.Fibroblasts","cellFractions.Monocytes","cellFractions.NK","cellFractions.otherCells"
"TCGA.V1.A9OF.01A",0.0339056202851996,0.000195646737135841,2.68545732271713e-09,0.0888578727286602,0.0187632996571168,0.00675063591877667,0.851526921987654
"TCGA.ZG.A8QX.01A",0.224932383445807,1.61729516027798e-05,4.03460950628038e-08,0.449497281192022,1.07868950009135e-06,0.0156718141728517,0.309881229202121
"TCGA.YL.A8SC.01A",0.0812818646994806,0.000504790384692687,1.1341348414235e-07,0.170535591370138,0.026875179737902,0.0187370184186282,0.702065441975675
"TCGA.HC.7817.01B",0.253635462005098,2.31001589913228e-05,0.000205057362503973,0.712390542089167,0.0176725817324075,0.0160731593672466,9.72845856983246e-08
"TCGA.KC.A7F6.01A",0.15021584027359,1.85560158974284e-07,4.85264456283418e-09,0.304055168420251,0.00616464022465546,0.0211276491731183,0.518436511495582
"TCGA.KK.A7B4.01A",0.0889914720943239,2.04583320669143e-07,6.83415075431315e-09,0.212919101068492,0.00787674318627249,0.0115373100699208,0.678675162163519
"TCGA.G9.6366.01A",0.0941125852835607,1.52330081733809e-07,1.50185489180303e-08,0.166047384925636,0.00508442496220472,0.0148107553213571,0.71994468215861
"TCGA.KK.A59X.01A",0.089261779293358,2.18202515202955e-08,6.45058677823613e-09,0.294908002180287,0.00707548336179348,0.00407425319769651,0.604680453696026
"TCGA.HC.A6AN.01A",0.0970688927069687,3.08463146934748e-07,2.8546868835706e-08,0.241035468484992,0.00750098877082935,0.00926572042320192,0.645128592603992
"TCGA.G9.6498.01A",0.15107561732767,1.36064185931251e-06,3.08078431819661e-08,0.402815316422499,2.41980201329538e-08,0.00670053017448283,0.439407120427625
"TCGA.J4.AATZ.01A",0.0541585095284334,4.48954709077714e-09,1.45515781003365e-05,0.109028238155134,0.0105885778461841,0.010372724186948,0.815837394215653
"TCGA.EJ.7317.01A",0.121858250925687,1.27609605862047e-08,1.42480289444374e-07,0.260508451332603,0.00413411077521266,0.0125649883758331,0.600934043349414
"TCGA.SU.A7E7.01A",0.114101452009201,3.5760919334023e-08,5.04909870704994e-08,0.264413745794704,0.016093722516421,0.0184978525217005,0.586893140906068
"TCGA.XJ.A83F.01A",0.121124867384121,3.26382769820705e-08,1.34658868486825e-07,0.29013454692575,1.30113745223056e-06,0.00994805666778333,0.578791060587747
"TCGA.2A.AAYO.01A",0.232385594243756,3.1086845824266e-08,5.0743585099863e-06,0.464091850820325,8.79273097002043e-08,0.0173266305768364,0.286190730986417
"TCGA.EJ.A46B.01A",0.297114241125535,4.54586718438377e-08,1.34496788137208e-07,0.531825070596967,0.0017393707726824,0.0364976239839885,0.132823513565368
"TCGA.QU.A6IN.01A",0.0971400003449291,7.23952846093177e-05,6.95447999788538e-07,0.187027653404675,4.32908131051575e-09,0.00696137435184398,0.708797876836862
"TCGA.KK.A59Z.01A",0.190428444685113,1.5507856304973e-05,1.47053443600892e-08,0.388962395649688,0.00316140307771953,0.0236988226375004,0.39373341138833
"TCGA.XK.AAJT.01A",0.308121539767298,2.82428218307941e-07,3.74012676828079e-08,0.6021577126593,0.000468477445312085,0.0402339825605889,0.0490179677380153
"TCGA.EJ.7125.01A",0.142969237668286,1.4227474648316e-07,1.50653698443824e-08,0.401981341079748,0.0124945554217919,0.014193780818525,0.428360927671533
"TCGA.J9.A52C.01A",0.151577423950265,1.94699391652991e-05,0.0351050626835454,0.799522013310298,0.0134726794997961,0.000303173006613729,1.77610317070267e-07
"TCGA.YL.A8HL.01A",0.0421300761255257,1.25733732781459e-08,1.32766903896935e-08,0.114298712210549,0.0124545277404729,0.0098637517443351,0.821252906329054
"TCGA.ZG.A9LZ.01A",0.0866109320524266,5.52298523540687e-09,0.000165002872607724,0.208086683706705,0.0126816872937981,0.0145355825243277,0.677920106027149
"TCGA.J9.A8CP.01A",0.10171642716866,1.63342815718001e-07,2.5698262602458e-08,0.312738511790732,0.00736934121435355,0.0129908390563095,0.565184691728866
"TCGA.FC.A6HD.01A",0.0352314415812065,1.51246176203368e-07,5.38734530082188e-08,0.089852007278935,0.00697914591067147,0.00570694313191823,0.86223025697764
"TCGA.G9.6351.01A",0.229175047318177,1.24537646065027e-06,5.85983803836077e-08,0.436272837098105,0.00458917489392842,0.0283029786534065,0.301658658061542
"TCGA.EJ.5532.01A",0.146843467044496,2.40829478088584e-07,1.36023677121299e-08,0.488861323001377,1.70934563054956e-08,0.0123601835617556,0.351934754867069
"TCGA.EJ.5525.01A",0.104025463106491,2.779092073e-07,1.73705329306806e-07,0.555588479223869,0.00290174983304157,0.000394909521212002,0.33708894670085
"TCGA.ZG.A9L9.01A",0.138816152897665,3.57838225214782e-07,4.72682159828966e-05,0.861131672692234,4.3185617840977e-06,1.73715035418017e-07,5.60790729693403e-08
"TCGA.EJ.A65F.01A",0.102325667885066,3.68115516217449e-07,8.68837920276615e-09,0.283725679711301,0.0020383869922494,0.00771225690066605,0.604197631706823
"TCGA.2A.A8VX.01A",0.111024215652555,4.83202397932606e-06,4.31074941271574e-06,0.240271366888811,2.51430140763017e-09,0.0115245704290213,0.637170701741919
"TCGA.KK.A8I4.01A",0.306225601503297,3.78121936270627e-07,1.04266501305785e-07,0.62836834935633,0.0063744337779999,0.0312688507480599,0.0277622822258753
"TCGA.KK.A8IA.01A",0.057873618049458,2.88291291085809e-08,5.96726345153174e-08,0.138857752431471,0.00543370433034201,0.00793433642417986,0.789900500262786
"TCGA.Y6.A9XI.01A",0.0477898636033629,1.48106966197337e-08,2.56549634002431e-08,0.14238568985525,0.012045920764486,0.00847959068754135,0.7892988946237
"TCGA.VN.A88I.01A",2.29256295402938e-06,1.11896083387062e-05,1.25905494988802e-06,0.969885225065632,0.0105496970745148,0.0195501134765975,2.23157013599475e-07
"TCGA.M7.A71Z.01A",0.027961972757313,2.40702655922627e-09,0.00798642813547726,0.0664904613651442,0.000393027518982204,0.00431243228524843,0.892855675530808
"TCGA.EJ.A46E.01A",0.298056764876465,1.52382014097881e-07,4.5808954181243e-08,0.584747560594763,0.0150541243989687,0.0329795889375081,0.0691617630013271
"TCGA.CH.5788.01A",0.033339171691489,2.75854845896183e-08,7.74510110990312e-09,0.11966174020451,0.0121180929229725,0.00563320481216394,0.829247755038279
"TCGA.KK.A7AU.01A",0.0079068578422565,0.000532210907753045,4.65786707105237e-09,0.0338795154714401,0.0119457105073497,0.0078175169854185,0.937918183627915
"TCGA.EJ.5531.01A",0.294414010853703,6.65941563898387e-05,1.512985707978e-07,0.614364962780804,0.0315537354474481,0.0422628110053545,0.0173377344577298
"TCGA.VN.A88K.01A",0.13305823663846,8.95456970184169e-10,7.1973645684684e-07,0.35617581295467,2.07773250204794e-06,0.0140258077637699,0.496737344278685
"TCGA.VN.A88M.01A",0.0399423964194574,5.73912247094566e-08,1.20605598037378e-07,0.102284950370258,0.00181190687028211,0.00637907393424921,0.84958149440893
"TCGA.EJ.5506.01A",0.167147429735507,6.06723870158506e-07,1.1722643566689e-06,0.328603445317516,0.0181239834603617,0.0257463888587988,0.46037697363959
"TCGA.XK.AAJU.01A",0.273205789777569,9.37007474034056e-07,1.21452067644748e-09,0.494352382665596,0.016386925732116,0.0421307216544489,0.173923241948276
"TCGA.YL.A8SI.01A",0.263241665837601,1.12546701137923e-07,4.53549201047705e-05,0.711052502801974,2.08696304170534e-05,0.025639057622949,4.36640252891176e-07
"TCGA.G9.6499.01A",0.145257729586938,3.9366337112593e-05,3.73706011003255e-08,0.302442530307972,0.011770874418444,0.02088637339141,0.519603088587523
"TCGA.QU.A6IL.01A",0.0922873367190554,1.27652151017544e-07,5.87059070971352e-08,0.23202355883681,0.00429875973767109,0.0100441911022271,0.661345967246179
"TCGA.J4.A67Q.01A",0.220623257609135,5.25939453384649e-08,1.86340090074552e-07,0.702083870575513,1.92427824363066e-05,0.0772420689807468,3.13211181334743e-05
"TCGA.G9.6361.01A",0.270052369727991,8.42652535586011e-07,6.79826602555354e-05,0.686217659559392,4.36781769094943e-08,0.0436610604621552,4.12594931971041e-08
"TCGA.VN.A88L.01A",0.275719950644341,4.82689138975461e-08,5.06307417428016e-08,0.592011448268402,3.27168557594521e-05,0.0235149474971173,0.108720837834725
"TCGA.KK.A8I9.01A",0.0832704764459569,2.82442393188739e-05,3.70531626722148e-08,0.324850113958175,0.0287767628820382,0.016670355112801,0.546404010308547
"TCGA.V1.A9ZG.01A",0.0524192954395595,2.40916734065147e-08,1.93383604629587e-08,0.431456009423008,0.00606552714946865,0.00124158901438502,0.508817535543545
"TCGA.V1.A9OX.01A",0.1373408297932,6.0524075279329e-05,1.44377036290086e-08,0.271606753793868,0.00990565116088979,0.0179490271360599,0.563137199603
"TCGA.G9.6373.01A",0.243558579545628,9.22454709309453e-05,3.63106481397205e-08,0.435612259375345,2.9973140076297e-09,0.0227519081958454,0.297984968104288
"TCGA.VP.A878.01A",0.198830236402422,2.73969070958199e-09,1.84892616634153e-06,0.463363288939969,0.0151739751413057,0.027837832603641,0.294792815246806
"TCGA.YL.A8SB.01A",0.137045670906101,2.04234495889061e-08,2.1659660431799e-06,0.634181115160888,0.000158156520527981,0.00991897496147417,0.218693896061515
"TCGA.EJ.A7NN.01A",0.141500591798304,3.42576891809864e-08,1.99790774270846e-08,0.233804874845968,0.0180679493825292,0.0197406745688078,0.586885855167624
"TCGA.HC.7212.01A",0.0760917041051962,1.36068308792522e-06,1.75145471724094e-08,0.180757260076887,0.00527339635290219,0.00640264106215585,0.731473620205223
"TCGA.V1.A9O5.01A",0.105067625637719,0.00100644133351093,6.84833346787604e-09,0.178496613869706,0.047835484406437,0.0136356919125639,0.65395813599173
"TCGA.HC.A8D0.01A",0.240472301886137,8.66396260472796e-08,8.14983828420562e-05,0.509610307851853,0.0112456085204307,0.0262975638312784,0.212292632887833
"TCGA.2A.A8VT.01A",0.0544916573886998,7.14257430242413e-05,3.59440308663122e-09,0.118279534570034,0.0132907057878831,0.0131295011434504,0.800737171772506
"TCGA.ZG.A9LB.01A",0.145976964305812,9.53667639990293e-08,1.00648148427333e-08,0.315566784924759,0.00333031626850066,0.015744435298412,0.519381393770938
"TCGA.HC.7079.01A",0.296123453414942,1.25004004641404e-06,0.00390794116235467,0.481022209228326,0.14892275499935,0.0700223877272932,3.42768680954287e-09
"TCGA.HC.A6AP.01A",0.250748540627991,2.50260279454338e-09,7.4149419870475e-06,0.730009522832829,0.00756612883609433,0.0116680481359809,3.42122515533277e-07
"TCGA.KC.A4BR.01A",0.28207519085949,5.59393552301738e-07,9.54259408390422e-05,0.717071110789326,1.69596497144875e-08,0.000600824948265726,0.000156871108876729
"TCGA.V1.A9OA.01A",0.313740294693943,6.15768222427949e-08,4.25418469497991e-08,0.578813730056382,0.00293735934238097,0.0320366621020028,0.0724718496866224
"TCGA.EJ.A46H.01A",0.157178092254584,0.0238649035297589,0.00022341997777987,0.800616721561265,0.00847531869496795,0.00952154902546401,0.000119994956179689
"TCGA.EJ.5507.01A",0.105762831158236,2.14525580433897e-08,1.23375992229716e-07,0.221461998856625,0.0119142501763821,0.0148695652437269,0.64599120973648
"TCGA.KK.A8ID.01A",0.0316911014567312,1.15720955224403e-06,1.09560767684606e-08,0.0564453976694877,0.0136744300165308,0.00752326058862699,0.890664642102994
"TCGA.XK.AAJR.01A",0.171689821728501,1.37403587279676e-07,3.63684420013815e-09,0.339125964479624,0.00751258331981555,0.0242139594364406,0.457457529995187
"TCGA.HC.7750.01A",0.236957127840931,5.27217714184244e-06,1.06410324543019e-07,0.742491676885847,7.15633351416112e-07,0.0205427466363434,2.35441606079122e-06
"TCGA.G9.6347.01A",5.13439282807349e-05,4.77386648242973e-07,5.42274893575382e-08,0.999645304360805,1.30491008401831e-07,0.000302675256806989,1.43489614622754e-08
"TCGA.EJ.5522.01A",0.207719925389004,9.59871364058275e-09,3.18110583955019e-06,0.41137777617864,0.00444961066465302,0.0183867058555765,0.358062791207574
"TCGA.HC.A631.01A",0.0482755976886523,5.21185288713914e-08,1.06803668128165e-07,0.152778283613748,0.0136369308706943,0.0103910416386534,0.774917987266055
"TCGA.CH.5763.01A",0.274630339663393,0.000321923750058466,1.24703360317871e-05,0.697479205004985,0.00480677266211958,0.0227416896240292,7.59895938298433e-06
"TCGA.EJ.7794.01A",0.261240105790272,1.4602078258871e-06,6.1927476699066e-07,0.532912925968424,0.0173934604864467,0.0364475324731143,0.15200389579915
"TCGA.V1.A9Z8.01A",0.157741070845846,1.59475742015535e-06,0.000657466691084138,0.800241238965388,3.61759102070823e-07,0.0413582517367082,1.52444513253412e-08
"TCGA.EJ.7788.01A",0.144124270393327,3.96790148576992e-07,9.56632916690219e-08,0.604159274087568,2.68296253706102e-06,0.00939440432402011,0.242318875779108
"TCGA.XQ.A8TA.01A",0.008419758457529,0.000108847290944694,0.000433904537615029,0.0551896527230097,0.00788011093323119,0.00225400013068759,0.925713725926983
"TCGA.HC.A6AO.01A",0.0524291188194413,3.81093650037924e-05,4.99305896197376e-09,0.115347834252366,0.0193923473239173,0.0120863397531971,0.800706245493016
"TCGA.FC.A5OB.01A",0.0258399829025124,1.96344354017693e-07,2.89931584276734e-08,0.0709817570561169,0.011524727420898,0.00689154984276047,0.8847617574402
"TCGA.CH.5764.01A",0.168803542204488,4.58755020517856e-07,3.49922365773411e-06,0.30446138807681,0.00730170094874571,0.0284999662093417,0.490929444581936
"TCGA.CH.5789.01A",0.258202601756529,2.99496257306059e-09,8.164534471989e-07,0.486483026528048,0.0170945840848902,0.0382779304062041,0.19994103777592
"TCGA.FC.A66V.01A",0.188681658196321,4.86664898909437e-07,3.91093744389913e-08,0.444269385474392,0.0198580057059357,0.0148614979761526,0.332328926872925
"TCGA.EJ.7330.01A",0.207740003956935,4.55096283357626e-07,2.25811880809427e-08,0.479340114959717,0.00972654465092783,0.0339628154980913,0.269230043256858
"TCGA.HC.8258.01B",0.420060318787485,4.0525490581242e-08,9.16124525836699e-08,0.307558086072533,0.00589323995750793,0.00767060078818294,0.258817622256348
"TCGA.YL.A8SL.01B",0.0514914267949785,2.74731331693195e-09,1.26094581771241e-08,0.110683343500403,0.006991747056996,0.0108697939000836,0.819963673390767
"TCGA.XK.AAIW.01A",0.000122671683059079,0.0174629616753897,1.98022137794172e-09,0.00667445397733825,0.0301548380664373,0.0319262846408204,0.913658787976734
"TCGA.G9.6385.01A",0.30003712351229,1.23420192251594e-08,1.88155450174749e-06,0.595096142322911,0.00351306190593428,0.0339790240019688,0.0673727543603748
"TCGA.HC.A76X.01A",0.0843553283281785,5.13687770728218e-09,3.36055885015605e-07,0.220222607303471,0.000357030300505605,0.0102439847447274,0.684820708130354
"TCGA.EJ.A46I.01A",0.340846343459098,9.9430835168476e-08,3.21603270405243e-07,0.610370471333601,6.5922063167173e-06,0.0487561506540833,2.002131279537e-05
"TCGA.EJ.7797.01A",0.216621757098131,2.82154295418745e-06,3.20973005616516e-08,0.388874239947375,0.00665037244893403,0.0220809599140277,0.365769816951278
"TCGA.HC.7230.01A",0.0869772589513909,1.85968601496843e-07,1.06714397164816e-08,0.174231327475984,0.00640546991502899,0.0148904734837311,0.717495273533824
"TCGA.XJ.A9DQ.01A",0.285026983449333,1.15273029747202e-07,1.41071462615414e-05,0.540958628301358,1.41932943424018e-05,0.0312493902008395,0.142736582334836
"TCGA.J9.A52B.01A",0.176692949125187,3.43899128823496e-08,5.86051323803584e-07,0.400892302163693,0.0154243671582377,0.0196445903438531,0.387345170767792
"TCGA.EJ.5511.01A",0.198069519292465,1.3785557849839e-07,1.98752243697611e-05,0.455636028157578,1.45363321469179e-07,0.0210020108274322,0.325272283279255
"TCGA.EJ.5527.01A",0.192785849732846,1.3185627594169e-06,5.8402011283153e-08,0.50197805815087,0.0137625335001675,0.0197364682852174,0.271735713366129
"TCGA.YL.A8S9.01A",0.00300967244613168,5.49682384627923e-09,8.74287467793447e-09,0.0364141750180783,0.00541591395785933,0.00192792566408042,0.953232298674152
"TCGA.J4.A67O.01A",0.241334873045082,3.75329185123794e-06,2.76989218993302e-07,0.758645023284838,2.01082333722716e-07,1.10192153869649e-05,4.85309128909777e-06
"TCGA.V1.A9O9.01A",0.257832145482363,0.000128368924418408,4.31025107422755e-07,0.338761746863455,0.0163549638132221,0.020560978854256,0.366361365037178
"TCGA.CH.5791.01A",0.0721564324333695,6.4930905338666e-08,4.29769882543569e-09,0.19081703083355,0.01349740787214,0.00642351784110408,0.717105541791233
"TCGA.V1.A8MM.01A",0.0936274830817961,1.21231075696144e-07,3.22067205092001e-08,0.233024402019071,0.0132950392245737,0.0136728451378914,0.646380077098872
"TCGA.FC.7708.01A",0.305792385561893,1.71099568955802e-07,1.28845838071428e-07,0.676599816847598,0.00482999662206554,0.012777398904896,1.02118140752486e-07
"TCGA.ZG.A8QY.01A",0.224537894129038,2.00016455501401e-08,1.28076558050547e-07,0.45365327098812,9.08130303083985e-07,0.0202959550534523,0.301511823620883
"TCGA.EJ.7328.01A",0.279297356282264,9.04378148638029e-05,2.38942594513656e-08,0.478316957486257,0.0213888724574814,0.0339202438579211,0.186986108206954
"TCGA.EJ.5510.01A",0.206641724271305,4.9643190219505e-08,5.83265045007557e-08,0.380102483419966,0.0143992299742632,0.0227730588424427,0.376083395522329
"TCGA.EJ.5498.01A",0.259661436883435,4.81831293657499e-05,6.86523500576521e-05,0.736269325080478,0.000442464946982039,0.00349880677812573,1.11308315561608e-05
"TCGA.HC.7819.01A",0.0635133983148488,7.484880859933e-09,5.4934163500545e-08,0.131344469639113,0.00451840705785624,0.0120503179780616,0.788573344591076
"TCGA.KK.A6E8.01A",0.0460412920570675,3.11573941145515e-07,1.50724386673912e-08,0.108479630544495,0.000643445439530154,0.00552203053490711,0.83931327477762
"TCGA.EJ.A65E.01A",0.053751080585603,7.79741195356117e-08,9.00823870286801e-08,0.244314841665721,0.00701621014940008,0.00691415190341916,0.68800354763935
"TCGA.ZG.A9L0.01A",0.124024463357525,1.52082420907764e-06,1.38285440644948e-09,0.380196799638528,0.0198486235890214,0.014573642110655,0.461354949097208
"TCGA.YL.A9WL.01A",0.0305413605586999,1.62759191759792e-08,3.62737475474011e-07,0.0956777646624748,0.0035393019371458,0.00309454620782626,0.867146647620459
"TCGA.CH.5772.01A",0.131417271499803,7.80871207326611e-09,1.10143005220608e-07,0.29877370613552,0.00305755680014636,0.0103796469916357,0.556371700621177
"TCGA.ZG.A9L2.01A",0.00101100942489602,0.000266003774736555,0.000457943674184915,0.998264500404219,1.49472247743742e-08,4.04147738932666e-07,1.23626999462682e-07
"TCGA.HC.A48F.01A",0.0672701068974223,6.58381698754159e-08,9.99716199685333e-09,0.221589261207154,3.71944007458652e-06,0.00557992627361158,0.705556910346406
"TCGA.YL.A9WJ.01A",0.167490727496049,3.8608278159712e-07,2.55870834007086e-08,0.330304167620604,0.0145091103937817,0.0218982548039975,0.465797328015702
"TCGA.G9.6379.01A",0.245433185794587,4.07322366974012e-07,2.95933881015136e-07,0.572745023602883,0.0260096090728664,0.0301626061518609,0.125648872121555
"TCGA.KK.A8II.01A",0.0280702984664185,4.52475771880492e-09,0.0002628942473568,0.0623645882638329,0.00482488820349039,0.00628241413278641,0.898194912161357
"TCGA.G9.6353.01A",0.312264870760392,6.0736282933229e-07,4.56416832735233e-07,0.660756902214133,0.000213337924796101,0.0267630462996923,7.79021323749477e-07
"TCGA.HI.7170.01A",0.162990193535674,1.11854335724201e-06,1.39701869234216e-05,0.836938158832213,1.48290886037862e-06,5.49093672540644e-05,1.66625717892484e-07
"TCGA.CH.5765.01A",0.13065004762643,1.87269264596107e-08,1.1389090172625e-07,0.24675859010178,0.00117505439624643,0.0137167903534618,0.607699384904254
"TCGA.EJ.A7NG.01A",0.144375371503115,0.00338093837499054,0.00438278766692465,0.747439919633126,0.0022863381525602,0.0981346407460972,3.9231861033305e-09
"TCGA.HC.8216.01A",0.111132678547768,2.38707558865105e-07,4.45782602372965e-08,0.243838597158066,0.0273849947196892,0.015899237473525,0.601744208815133
"TCGA.M7.A722.01A",0.0084796504587818,5.53967672719985e-06,1.41145194553819e-09,0.0521857562742099,0.0166745637791898,0.00453316907373312,0.918121319325906
"TCGA.YL.A8SJ.01B",0.289726002342652,4.70218726834442e-08,1.60966315016732e-05,0.642907025425373,6.7840234027058e-06,0.0235464559509815,0.0437975886042164
"TCGA.J9.A8CK.01A",0.270107666201521,8.75832076225626e-06,7.12877053942542e-09,0.699469404320498,0.000157021956616227,0.0195019307162001,0.0107552113556316
"TCGA.EJ.7792.01A",0.110149327527622,0.000526117105986188,0.000308476697116951,0.888475351252035,8.6908217030413e-05,0.000308566395612756,0.000145252804596966
"TCGA.G9.6332.01A",0.0537208824966804,1.93930452274187e-07,4.72971057362887e-09,0.120711359597384,0.00182338477802979,0.0075242050198883,0.816219969447854
"TCGA.EJ.7784.01A",0.0920750373583233,1.3072342981253e-08,2.05863216497497e-09,0.182608451301029,0.0137550947068471,0.0127975511589012,0.698763850343924
"TCGA.YL.A8SR.01B",0.116421404232217,1.68793087770111e-08,3.08363501163652e-09,0.225629269616943,0.0017879314332396,0.0198470689842042,0.636314305770453
"TCGA.J4.A83M.01A",0.120247186097225,1.28045248376371e-07,9.02879771014322e-09,0.244908246646943,0.010353251655339,0.0160752576823847,0.608415920844062
"TCGA.J9.A52E.01A",0.136425296609697,0.0002193721863089,8.86825662232635e-09,0.504479295460749,0.0123837290609568,0.00627198073815047,0.340220317075882
"TCGA.Y6.A8TL.01A",0.228004768378354,2.07908802053482e-08,2.80225676581818e-05,0.439098185043964,0.000973230426752757,0.0260506333826271,0.305845139409765
"TCGA.KK.A7AZ.01A",0.0572570602320816,3.48937907880341e-09,1.58279931586444e-07,0.154635987174124,0.00276435676338159,0.0102455847826154,0.775096849278486
"TCGA.HC.8256.01A",0.0822759096866642,1.29103413181555e-08,5.20939093643049e-09,0.161865794302387,0.00761484398252369,0.0150318361451744,0.733211597763518
"TCGA.HC.7738.01A",0.174004249590786,7.44755018314542e-08,2.41786049146389e-07,0.280471651045915,0.0097870010244631,0.0301946127679527,0.505542169309333
"TCGA.HC.8265.01A",0.116140454147663,7.02067071519266e-08,3.90382635505502e-08,0.250981515729607,0.0169234872289223,0.0177124983942814,0.598241935254556
"TCGA.HI.7171.01A",0.143639934713328,4.42332326120517e-06,8.81086948993131e-10,0.267151390168179,5.26846187367291e-06,0.0126727926717213,0.57652618978055
"TCGA.CH.5794.01A",0.109006428685251,3.1893376420364e-07,2.3825953591724e-05,0.214800998161168,0.0208756478346089,0.0204913351355585,0.634801445296057
"TCGA.HC.7233.01A",0.260588015440884,2.93995299749808e-08,3.52687167956396e-09,0.465597594028073,0.0228941843069315,0.036990164225022,0.213930009072688
"TCGA.EJ.7115.01A",0.20583351330086,1.19542612255888e-07,4.27784064989577e-07,0.39673743780485,0.00777858551962973,0.0290814115665608,0.360568504481423
"TCGA.EJ.A8FP.01A",0.268726554460636,4.65886898967439e-07,1.62982120128593e-07,0.508897472386387,0.0141252924765029,0.0385682163131237,0.16968183549433
"TCGA.EJ.5505.01A",0.12195464060848,7.20279828530063e-08,2.04681621298569e-08,0.260652964568452,0.0126375956935683,0.0200693392692731,0.584685367364081
"TCGA.CH.5738.01A",0.190335641556033,5.88346151556056e-08,4.47719106296707e-08,0.509233522612306,0.0415742587278328,0.0177788548404263,0.241077618656876
"TCGA.QU.A6IO.01A",0.143726838513442,8.90416553250302e-07,2.22647805759975e-09,0.303946391319284,0.00974893934994495,0.0142839631594604,0.528292975014837
"TCGA.HC.7818.01A",0.191507195475441,2.25897534069263e-07,4.44116676204496e-07,0.388293071685348,0.0188120456275885,0.026147190711003,0.375239826486409
"TCGA.CH.5771.01A",0.262546768487513,5.02116783781312e-06,3.76587184288881e-05,0.683604263915892,0.0269523015896875,0.0268539599894254,2.61312148709256e-08
"TCGA.HC.A6AS.01A",0.274051070579473,2.46818187230962e-07,7.71408731768724e-06,0.702468999009529,0.0125353702587033,0.0109362627099968,3.36536792829408e-07
"TCGA.XK.AAJ3.01A",0.0920679786494396,3.53843765543984e-08,2.26548148899393e-08,0.217470032845474,0.0100477127906398,0.00928936750092675,0.671124850174329
"TCGA.EJ.5512.01A",0.325557239702966,1.37330207639586e-06,3.66384407440677e-08,0.546587238483768,2.33066888278896e-09,0.0426913728806165,0.0851627366614633
"TCGA.H9.A6BY.01A",0.196206873667265,7.30324231469755e-08,8.79722327977442e-07,0.419909437633559,9.92835004916943e-06,0.00858480756452999,0.375288000029846
"TCGA.HC.8264.01B",0.150399100316999,1.02660032392832e-08,0.00258128587243433,0.814752412379543,1.05442267822281e-05,0.0322318761903592,2.47707478791626e-05
"TCGA.G9.6369.01A",0.0781052224368052,1.91704690565037e-05,8.96008147675202e-08,0.165459921684555,0.00283141543257082,0.0106786215638274,0.74290555881237
"TCGA.EJ.A7NM.01A",0.158312358703261,3.77918171733841e-07,2.94998636428464e-08,0.328945463617766,0.0260707906305148,0.0210753599047943,0.465595619725628
"TCGA.KK.A59Y.01A",0.0896245211534906,3.27000324786614e-07,1.26185461631129e-07,0.180331391867356,0.00415114514677015,0.0128655691961713,0.713026919450425
"TCGA.KK.A8IK.01A",0.0145214414103158,4.08723940577954e-10,5.64667592498212e-08,0.0434314065884549,0.00976743143645248,0.00470557635210874,0.927574087337185
"TCGA.KK.A7B0.01A",0.206403264323517,3.75716283571993e-07,1.51937125844263e-08,0.398816022407007,0.0224030650708933,0.0246379775986637,0.347739279689922
"TCGA.G9.A9S0.01A",0.0853277829099519,2.37898063575912e-08,1.13878342709245e-09,0.175163061899444,0.0102005185206626,0.0117638889555123,0.71754472278584
"TCGA.CH.5769.01A",0.166586343178907,6.35968762795125e-08,5.81596098497321e-08,0.368545759764778,0.0095146150830343,0.0200973611515157,0.435255799065279
"TCGA.YL.A8SK.01B",0.263703859651637,1.19336882283002e-07,1.56647533511204e-07,0.632012591705557,0.0111831144658207,0.0465999177198296,0.0465002404727396
"TCGA.EJ.7786.01A",0.205649688918313,8.48904196637017e-08,3.76510070847705e-08,0.457254128975318,0.000732857093203339,0.026990090041315,0.309373112430424
"TCGA.VP.A875.01A",0.0434763885275921,2.39133345722783e-06,5.69897365370092e-08,0.108107435499309,0.0025316891604324,0.011550794729172,0.834331243760301
"TCGA.EJ.A46D.01A",0.273441587067895,2.5853911171752e-07,7.99498691780922e-07,0.497292882448679,0.00802911497454137,0.0303512946179387,0.190884062853142
"TCGA.J4.A67L.01A",0.132636504135411,2.82940710105675e-06,7.84014684146852e-08,0.327122079428424,0.0176122593752882,0.0189251275896015,0.503701121662706
"TCGA.G9.6363.01A",0.179695332302515,6.4046582909939e-08,5.47023771315693e-08,0.589668525584231,1.38296066150077e-05,0.00924221463335546,0.221379979124323
"TCGA.HC.A9TE.01A",0.106605098150478,2.04872186940664e-09,1.30926286115906e-09,0.258586232710609,0.00750318775793796,0.012485849029408,0.614819628993582
"TCGA.J4.A6G3.01A",0.210453300628737,3.44363657045106e-07,8.63477882689784e-08,0.408093563973678,0.0278979185912473,0.0219149927921463,0.331639793302746
"TCGA.KK.A7B3.01A",0.157334489576883,2.52520055303263e-08,7.3569460691471e-08,0.384916081513697,0.0135818109602894,0.0227773759355423,0.421390143192122
"TCGA.YL.A8HJ.01A",0.151368326305477,4.51467918910746e-08,4.46980385830943e-05,0.82644211605384,3.27104522399294e-07,0.0221423951217453,2.09222904089001e-06
"TCGA.ZG.A9NI.01A",0.298650227182013,4.80535025084587e-07,6.17534509605758e-08,0.624629948784324,1.67042096646645e-09,0.0150725959817694,0.0616466840929971
"TCGA.VN.A88R.01A",0.0830638784762329,9.85928010306601e-06,2.09544560997748e-08,0.189770094123948,0.0164437324151614,0.00903460210810597,0.701677812641992
"TCGA.EJ.5530.01A",0.145383265600047,1.52813581494158e-09,3.01075480498888e-07,0.419678208519022,1.17578828869059e-06,0.015619735187509,0.419317312301517
"TCGA.HC.7752.01A",0.0411616197432163,7.3749927729508e-08,1.22475530755529e-07,0.0854877552401876,0.000484778020824118,0.00433949767499847,0.868526153095315
"TCGA.EJ.5521.01A",0.159203006706396,1.0079024055853e-06,2.831658391894e-08,0.350495557285031,0.0157826006626049,0.0190919815738291,0.455425817553149
"TCGA.YL.A9WX.01A",0.23355932816512,3.02573809564227e-08,2.02111864812929e-07,0.455877074637509,0.0193476483271227,0.0296546830647845,0.261561033436218
"TCGA.KK.A6E5.01A",0.124652458776382,5.12521217844716e-07,1.56609224923277e-07,0.285411830122626,0.00852608472647887,0.0174621635454448,0.563946793698625
"TCGA.TP.A8TT.01A",0.198817286448239,0.000266143791434867,8.24752940402745e-09,0.301684057871674,0.0163577963923152,0.0194622307558049,0.463412476493002
"TCGA.KK.A7AY.01A",0.0620267513483909,7.17782785082595e-09,7.28708889581098e-07,0.149489772834114,0.00940869445518062,0.00860444023759788,0.770469605237999
"TCGA.HC.7213.01A",0.0953056386382731,1.44091117754241e-08,2.51376635904344e-06,0.282148002174679,0.0164680010713538,0.00791070413230703,0.598165125807916
"TCGA.EJ.5517.01A",0.255524804422548,1.13106232549566e-08,3.3196983596358e-06,0.597201382152268,4.99447252600024e-09,0.0208711963420525,0.126399281079675
"TCGA.CH.5751.01A",0.125840162264691,0.0197894775691231,1.13021330771613e-07,0.161183278979869,0.027197153061564,0.0247839966258161,0.641205818477605
"TCGA.HC.7820.01A",0.164959589960529,3.71783525075483e-08,4.16970693733129e-07,0.290031430341261,0.00470415295873658,0.0251561997930005,0.515148172797426
"TCGA.J4.A6G1.01A",0.301712352822093,8.53988041444822e-07,7.75106475275565e-07,0.632060516235502,0.0250938655513585,0.0411314949710526,1.41325476768902e-07
"TCGA.EJ.5503.01A",0.320090118570114,0.000114234476816536,2.61208047680785e-06,0.620437493065037,0.0177292180761223,0.0416247623424244,1.56138900888284e-06
"TCGA.YL.A8SA.01A",0.0310313031479027,3.1080382810907e-08,0.00339452089694673,0.0742967935394654,0.0117122488713141,0.00748160554082512,0.872083496923163
"TCGA.TP.A8TV.01A",0.0309397122743768,1.4632346296227e-05,1.84486544408042e-08,0.0895857650344271,0.00388262265841181,0.00631494117131452,0.869262308066519
"TCGA.ZG.A9LM.01A",0.0790787330157095,1.02170885198482e-07,4.23675884195959e-08,0.241827702881575,0.00766188273254634,0.00752299601464747,0.663908540817048
"TCGA.J4.A6M7.01A",0.21865101879195,3.69208446188816e-08,7.83256633570673e-09,0.508288600073491,4.12325630944439e-07,0.0168153640396681,0.256244560015849
"TCGA.ZG.A9M4.01A",0.0858744599015768,0.00541007266784108,2.32821400801043e-08,0.129610787170309,0.0148843599211211,0.0316664939518412,0.732553803105171
"TCGA.CH.5745.01A",0.205957894190817,3.29688878009434e-08,6.36283461521591e-08,0.45145448509083,0.0129154254876395,0.0319710233381202,0.297701075295359
"TCGA.KK.A8IG.01A",0.210182702869172,3.64743177380284e-07,6.45328856650058e-05,0.555632029111269,1.97235217452951e-09,0.0182705769611152,0.21584979145725
"TCGA.HC.7821.01A",0.077188900934276,1.81866709273305e-07,5.83186488136659e-09,0.281380087321487,0.0119670439530813,0.0028834898810226,0.626580290211559
"TCGA.QU.A6IM.01A",0.200627267869461,4.04322668961207e-08,5.69362088388661e-07,0.396760508346772,0.00371123856046403,0.0235165669043512,0.375383808524596
"TCGA.ZG.A8QZ.01A",0.269638682790584,2.75935298236838e-05,4.97730731774477e-08,0.612582336658606,0.0067233604891137,0.0246229382403974,0.0864050385184025
"TCGA.HC.8261.01A",0.112282937021322,8.70399685921376e-08,1.47483917101469e-08,0.207111182338664,0.0174899632875616,0.0178324312478837,0.645283384316209
"TCGA.EJ.8469.01A",0.0942887597085849,3.83751558440236e-07,9.19347408129982e-08,0.218526565020652,0.00474602038421115,0.00991064888151909,0.672527530318734
"TCGA.2A.A8W3.01A",0.108473180410792,7.53456085629808e-08,8.89037960410129e-09,0.208349029851696,0.00749207962518611,0.0148554309736562,0.660830194902682
"TCGA.J9.A8CL.01A",0.135481628589926,1.5032839301383e-08,2.56496555555989e-08,0.455250137013182,0.00596222573828953,0.00942324910990952,0.393882718866198
"TCGA.KK.A7AQ.01A",0.0784862868214396,1.53889353992467e-07,8.99878962135569e-09,0.17732432867756,0.00638863997740142,0.0109709065957414,0.726829675039714
"TCGA.EJ.A65D.01A",0.0282380391647561,5.704755455469e-09,0.00449965214703242,0.0657139386864917,0.00148288576447988,0.00589103687318705,0.894174441659297
"TCGA.EJ.5519.01A",0.10826372763319,2.54835808264793e-05,7.84196603236444e-08,0.215156724720352,0.00871228157644222,0.0143683437593844,0.653473360310145
"TCGA.HC.7737.01A",0.195416836519566,6.40428038952528e-05,5.70524562901901e-09,0.402094097559227,0.0213533679531988,0.0211383333845719,0.359933316074296
"TCGA.ZG.A9LY.01A",0.197327618156062,6.88064755809153e-08,3.20240140755696e-07,0.391320928929398,0.0151621031141977,0.0217954546338694,0.374393506119857
"TCGA.EJ.A7NF.01A",0.0985288677318882,9.85499513981434e-09,5.59369157843698e-09,0.177458947466845,0.00351820231493405,0.0128719560393426,0.707622010998304
"TCGA.KK.A6E3.01A",0.154511814767716,6.19231006563003e-07,2.64439016176308e-06,0.831699178662777,9.35688119492869e-06,0.013776183896011,2.02171132498181e-07
"TCGA.KK.A7AW.01A",0.0845230317163683,2.02667000392328e-05,2.10552845311984e-08,0.148473158372645,0.0126839216786455,0.0136262423866427,0.740673358090375
"TCGA.FC.A4JI.01A",0.00290613058116326,0.0039577633499125,1.98589136537542e-09,0.0166638373966143,0.0145826968962644,0.0125952898772167,0.949294279912937
"TCGA.ZG.A9LN.01A",0.262988299918936,0.00300097887899304,8.71492163058255e-08,0.733993484849556,3.02928231838945e-06,1.41187528010363e-05,1.16817847024562e-09
"TCGA.HC.8260.01A",0.146776122004318,9.8746780298285e-08,2.08589416384802e-09,0.335454451979209,0.00852548844925622,0.0159704320372621,0.49327340469728
"TCGA.XJ.A83G.01A",0.0672286186723089,7.95731539001679e-09,1.83384628728191e-07,0.154096008566057,0.0094144016137715,0.00886329892527742,0.760397480880641
"TCGA.KK.A8IL.01A",0.132154303588443,7.51744547072149e-08,5.08148197213512e-08,0.288018053622909,0.032230678712749,0.0264743246606834,0.521122513425942
"TCGA.J9.A8CM.01A",0.297064241282958,2.46769000889203e-07,1.164182054059e-05,0.681337506810711,0.000204492407826403,0.0213818693035265,1.60543596369528e-09
"TCGA.EJ.7781.01A",0.218477567815338,6.43076265456468e-07,6.61040133288605e-08,0.397716687896455,0.0097996050961331,0.0282464032348602,0.345759026776935
"TCGA.V1.A9OH.01A",0.199226122012904,1.96890171022116e-07,7.52437817219077e-09,0.373037477923748,0.00362987793697499,0.0234880704699484,0.400618247241876
"TCGA.WW.A8ZI.01A",0.0239719863936936,1.32357607801842e-09,2.2389388057359e-06,0.13621756140255,0.00471523765857567,0.00554569425525128,0.829547280027547
"TCGA.XK.AAJP.01A",0.0385050879921597,9.56143704809058e-08,2.87039612818809e-10,0.101132675944049,0.00994793941580601,0.0056255421532541,0.844788658593321
"TCGA.CH.5754.01A",0.116885962479705,8.7815359197279e-08,2.74956817376957e-07,0.17663722202546,0.0328432342359347,0.0313783419892743,0.642254876497449
"TCGA.2A.A8VV.01A",0.26537397616892,8.31016027935437e-08,5.98368209889499e-05,0.478743450707961,7.0102717715667e-07,0.0287420267431025,0.227079925430248
"TCGA.V1.A8MG.01A",0.208691353528833,9.93365479563104e-09,2.92886304063352e-05,0.40478244624227,0.00498977112523984,0.0286230441587428,0.352884086380854
"TCGA.EJ.A65B.01A",0.253146909761409,8.24060594578782e-08,1.02159648751606e-07,0.548581749286393,0.00350796818062426,0.01282035881994,0.181942829385926
"TCGA.HC.8262.01A",0.1141303980215,2.21872893664143e-08,1.51956241022493e-06,0.204546034817772,0.00509804612059797,0.0126681265249967,0.663555852765434
"TCGA.J4.A83K.01A",0.340800628412965,6.91923819751541e-08,2.77819840696665e-07,0.611675971339675,2.2878447890427e-06,0.0475121405317115,8.62485863728809e-06
"TCGA.KK.A8I8.01A",0.104136874748017,3.66009785478664e-05,1.22008297684051e-08,0.216754308418228,0.00869668515105822,0.0120980271625179,0.658277491340801
"TCGA.EJ.5495.01A",0.344410232025921,1.88692444081042e-07,1.10690166696112e-07,0.59184110167101,0.00664461198318894,0.0285954454399194,0.0285083094973498
"TCGA.V1.A8MU.01A",0.296113701936723,1.0648448415067e-07,2.53625399443502e-07,0.69411563712328,0.00446950704793523,0.00530045331528613,3.40466892014359e-07
"TCGA.YL.A8SP.01B",0.0601023914787944,3.97859587217394e-07,3.69630526450052e-06,0.18351411584614,1.0656127784564e-09,0.00451543595553378,0.751863961489067
"TCGA.EJ.7312.01B",0.109372141658643,6.87648499959888e-09,2.41140393774254e-05,0.254719469284652,0.0125075062298936,0.0139428926557262,0.609433869255223
"TCGA.G9.6378.01A",0.254239687790401,3.056380657418e-07,4.70972383808701e-06,0.683234391303317,3.18266859797228e-08,0.0308521817496184,0.0316686919680746
"TCGA.G9.7523.01A",0.0757504248937316,0.0330782787911872,3.17239594969296e-05,0.891064139439213,2.48324679989292e-05,3.50976366964705e-05,1.55028116755578e-05
"TCGA.G9.6364.01A",0.262089941243036,5.70646406322941e-07,2.47597964708828e-07,0.725898776411089,4.1549333919435e-08,0.0120103244152004,9.81369696192818e-08
"TCGA.HC.A8CY.01A",0.0580677752397068,0.00108021572599614,2.35729977694191e-09,0.110363628825753,0.0154970118246314,0.0119563108344478,0.803035055192165
"TCGA.G9.A9S4.01A",0.0580625225295443,4.04889921344559e-08,1.6694893135702e-08,0.107478642280822,0.00524071848878343,0.00734061341330983,0.821877446103656
"TCGA.VP.A87H.01A",0.0916396846339421,1.66659436608588e-06,3.27601904732435e-08,0.239973457038532,0.0163410894960945,0.0166766477767542,0.63536742170012
"TCGA.YL.A9WI.01A",0.0407936514845424,2.08775027843483e-09,2.28122482515249e-08,0.184664265664605,0.00275314716507917,0.0046864432985272,0.767102467487248
"TCGA.VP.A87D.01A",0.0990099836287966,1.44691342455957e-08,1.70009383689265e-07,0.194960605307883,0.00463154335244984,0.0148547176492281,0.686542965583124
"TCGA.KK.A6E2.01A",0.047240836958178,1.72744796898917e-09,1.67059032391352e-06,0.203661658204754,0.000997322799286447,0.00392285246653479,0.744175657253475
"TCGA.YL.A8SH.01B",0.19890295431747,1.05732068173492e-05,7.01448697635777e-09,0.386239874418727,0.00123493236048726,0.0236107181798915,0.39000094050212
"TCGA.EJ.7318.01B",0.257197115540171,1.29302842198011e-05,4.18781350753155e-08,0.494837745547321,0.00600282709332352,0.0220382932813616,0.219911046375468
"TCGA.HC.7740.01B",0.287893284396781,1.17300809905142e-07,8.43849661492093e-06,0.676353573428234,5.08882139749931e-07,0.0357374811669081,6.59632851194166e-06
"TCGA.HC.7075.01A",0.0772162685031263,2.28339257783656e-08,3.65551526870601e-08,0.14989044260475,0.00358398724337178,0.00486745964997597,0.764441782609697
"TCGA.HC.A6HX.01A",0.256868055917422,1.20739623606546e-06,8.20036185931019e-08,0.582583454701271,0.00469578089405432,0.0125225933372455,0.143328825750152
"TCGA.J4.A67T.01A",0.157901225089132,1.40427365275015e-07,6.63358253098493e-08,0.323060505175382,0.0101373520159801,0.0240069169829442,0.484893793973371
"TCGA.CH.5739.01A",0.184633097765124,5.16553356957625e-08,6.79294655088365e-08,0.463736530186574,0.00291487585102127,0.020666837271924,0.328048539340555
"TCGA.ZG.A9L1.01A",0.139293266380049,5.30572435713388e-08,1.74504635776744e-07,0.378364869842415,8.02874656313015e-06,0.00732299480844306,0.475010612660651
"TCGA.EJ.7325.01B",0.0614524877955846,7.50584590894979e-09,1.33546174914776e-05,0.168841318033739,0.00579020362481982,0.00515878011874809,0.758743848303771
"TCGA.KK.A5A1.01A",0.0356529895073394,1.14457536782332e-07,1.82135138776271e-08,0.329785358736441,0.0108406944021492,0.00141118637284623,0.622309638310173
"TCGA.EJ.5504.01A",0.153949938042546,7.276093273014e-08,5.80452729366584e-08,0.530647241072668,0.0017338779387075,0.01755132864087,0.296117483499002
"TCGA.EJ.7314.01A",0.0822096811250011,3.24949495645828e-08,6.54618992248274e-06,0.163598548212304,0.0109429376741665,0.0130777085367932,0.730164545766863
"TCGA.J4.A83J.01A",0.0371107788607876,7.61303934160585e-09,1.80946341726581e-08,0.156116185550644,0.0296187202179743,0.0152790662892748,0.761875223373645
"TCGA.HC.7080.01A",0.0128894255745107,0.000182748159445965,6.04935454243156e-09,0.0493970333518849,0.0136553243008545,0.00697572237990689,0.916899740184043
"TCGA.EJ.5501.01A",0.189294697477507,3.41996685490837e-06,1.37536511136834e-08,0.354421736561629,0.0108332076683539,0.0256717282056635,0.419775196366341
"TCGA.HC.8213.01A",0.0460453694549353,1.9214126760546e-07,3.10936526964977e-08,0.117551591625101,0.00832495281528336,0.00805523107911706,0.820022631790643
"TCGA.HC.7744.01A",0.0682523775568929,3.02139373774921e-08,0.000569640169085765,0.172101688815093,0.0122806267179594,0.012100963241624,0.734694673285407
"TCGA.XK.AAK1.01A",0.0258221533327768,0.000521405391746037,3.72312816827739e-09,0.0814876940123991,0.012692936368518,0.00449893004473896,0.874976877126693
"TCGA.HC.7747.01A",0.1456235173473,2.00521220814256e-05,4.66081913745199e-08,0.286254237569032,0.0253154942351391,0.0231350579074329,0.519651594210823
"TCGA.ZG.A8QW.01A",0.219921716637673,3.29229594555275e-07,3.07439555616903e-07,0.476409583613027,0.0173939204436192,0.0238767620510993,0.262397380585432
"TCGA.CH.5746.01A",0.155785026120699,4.09316316879487e-07,4.2858401264904e-08,0.256707257149488,0.0095949404674095,0.0286935229479023,0.549218801139783
"TCGA.G9.6384.01A",0.201361243594798,3.32188049682166e-05,7.71365684794603e-08,0.37562421588291,0.00230875935265609,0.0309202272564507,0.389752257971649
