,Plasma B cells,Non-plasma B cells,CD4 T,CD8 T effector,CD8 T (GZMK high),Double-neg-like T,DC,Endothelial Cells,CAFs,Myofibroblasts,Macrophages,Mast Cells,NK,Neutrophils,Monocytes,1-others,Cancer Cells
TCGA-EL-A3D0-01A,0.000,0.000,0.001,0.000,0.000,0.000,0.001,0.096,0.107,0.052,0.014,0.000,0.000,0.001,0.000,0.726,0.726
TCGA-J8-A4HY-01A,0.012,0.000,0.004,0.006,0.000,0.000,0.007,0.087,0.000,0.041,0.055,0.000,0.000,0.000,0.000,0.788,0.788
TCGA-L6-A4ET-01A,0.007,0.000,0.002,0.004,0.000,0.001,0.004,0.099,0.000,0.043,0.010,0.000,0.000,0.001,0.000,0.829,0.829
TCGA-DE-A4MC-01A,0.000,0.000,0.022,0.011,0.000,0.000,0.028,0.051,0.003,0.036,0.027,0.000,0.000,0.001,0.000,0.822,0.822
TCGA-ET-A25K-01A,0.010,0.000,0.007,0.002,0.000,0.000,0.001,0.238,0.046,0.072,0.039,0.007,0.000,0.003,0.000,0.576,0.576
TCGA-DJ-A3UU-01A,0.025,0.000,0.022,0.011,0.004,0.001,0.019,0.104,0.114,0.052,0.073,0.000,0.000,0.004,0.000,0.570,0.570
TCGA-EM-A1YA-01A,0.016,0.000,0.001,0.000,0.000,0.000,0.000,0.130,0.000,0.056,0.038,0.000,0.000,0.001,0.000,0.758,0.758
TCGA-CE-A483-01A,0.003,0.000,0.001,0.003,0.000,0.000,0.000,0.108,0.000,0.033,0.031,0.000,0.000,0.001,0.000,0.819,0.819
TCGA-DJ-A3VD-01A,0.050,0.059,0.057,0.018,0.011,0.001,0.059,0.094,0.167,0.021,0.103,0.001,0.002,0.008,0.000,0.350,0.350
TCGA-BJ-A28S-01A,0.011,0.000,0.000,0.001,0.000,0.000,0.000,0.169,0.000,0.074,0.019,0.000,0.000,0.003,0.000,0.722,0.722
TCGA-FY-A3R9-01A,0.021,0.000,0.000,0.000,0.000,0.000,0.000,0.115,0.000,0.031,0.011,0.000,0.000,0.000,0.000,0.822,0.822
TCGA-FY-A3R8-01A,0.001,0.000,0.010,0.002,0.000,0.000,0.017,0.075,0.034,0.028,0.098,0.003,0.000,0.002,0.000,0.731,0.731
TCGA-DJ-A3V2-01A,0.055,0.009,0.040,0.032,0.025,0.001,0.017,0.093,0.034,0.048,0.152,0.001,0.001,0.003,0.000,0.490,0.490
TCGA-ET-A25L-01A,0.000,0.000,0.015,0.000,0.000,0.000,0.017,0.074,0.146,0.062,0.062,0.003,0.000,0.003,0.000,0.617,0.617
TCGA-EL-A3D1-01A,0.017,0.000,0.010,0.003,0.000,0.000,0.010,0.116,0.058,0.050,0.056,0.004,0.000,0.000,0.000,0.674,0.674
TCGA-FY-A3I4-01A,0.012,0.000,0.016,0.006,0.003,0.001,0.011,0.167,0.170,0.056,0.081,0.001,0.000,0.005,0.000,0.472,0.472
TCGA-DJ-A3UV-01A,0.019,0.000,0.018,0.008,0.007,0.000,0.012,0.133,0.104,0.070,0.063,0.000,0.000,0.004,0.000,0.559,0.559
TCGA-BJ-A28T-01A,0.114,0.034,0.055,0.031,0.051,0.001,0.044,0.124,0.121,0.033,0.113,0.001,0.002,0.006,0.000,0.270,0.270
TCGA-EM-A3FQ-01A,0.012,0.011,0.045,0.007,0.020,0.002,0.062,0.065,0.087,0.052,0.085,0.001,0.001,0.004,0.000,0.545,0.545
TCGA-J8-A4HW-01A,0.007,0.000,0.005,0.000,0.000,0.000,0.000,0.149,0.029,0.051,0.026,0.003,0.000,0.003,0.000,0.726,0.726
TCGA-MK-A4N6-01A,0.003,0.000,0.010,0.005,0.000,0.000,0.002,0.053,0.032,0.104,0.096,0.001,0.000,0.004,0.000,0.690,0.690
TCGA-DJ-A3V8-01A,0.010,0.000,0.004,0.003,0.000,0.000,0.006,0.062,0.008,0.072,0.047,0.001,0.000,0.000,0.000,0.788,0.788
TCGA-DJ-A1QI-01A,0.008,0.000,0.009,0.005,0.000,0.000,0.011,0.086,0.065,0.094,0.062,0.002,0.000,0.003,0.000,0.653,0.653
TCGA-EL-A3H8-01A,0.006,0.000,0.007,0.003,0.000,0.000,0.006,0.109,0.036,0.103,0.029,0.004,0.000,0.003,0.000,0.694,0.694
TCGA-EM-A3O3-01A,0.046,0.001,0.035,0.007,0.003,0.000,0.026,0.009,0.043,0.001,0.097,0.001,0.000,0.003,0.000,0.728,0.728
TCGA-IM-A3U3-01A,0.012,0.000,0.013,0.005,0.000,0.000,0.018,0.073,0.030,0.061,0.063,0.000,0.000,0.001,0.000,0.723,0.723
TCGA-BJ-A191-01A,0.046,0.000,0.009,0.016,0.005,0.002,0.001,0.063,0.002,0.086,0.026,0.000,0.000,0.004,0.000,0.740,0.740
TCGA-E8-A3X7-01A,0.004,0.000,0.007,0.003,0.000,0.000,0.010,0.064,0.084,0.023,0.035,0.001,0.000,0.000,0.000,0.769,0.769
TCGA-FY-A3YR-01A,0.000,0.000,0.006,0.002,0.000,0.000,0.008,0.062,0.051,0.018,0.028,0.000,0.000,0.000,0.000,0.824,0.824
TCGA-KS-A41I-01A,0.017,0.000,0.001,0.002,0.000,0.000,0.001,0.141,0.000,0.047,0.071,0.000,0.000,0.000,0.000,0.719,0.719
TCGA-EL-A3CS-01A,0.005,0.000,0.001,0.000,0.000,0.000,0.005,0.074,0.019,0.049,0.015,0.000,0.000,0.000,0.000,0.831,0.831
TCGA-EL-A3GU-01A,0.001,0.000,0.005,0.001,0.000,0.000,0.019,0.093,0.189,0.050,0.021,0.002,0.000,0.001,0.000,0.619,0.619
TCGA-EM-A1CU-01A,0.003,0.000,0.009,0.004,0.000,0.000,0.004,0.112,0.013,0.143,0.046,0.000,0.000,0.003,0.000,0.662,0.662
TCGA-H2-A26U-01A,0.019,0.001,0.059,0.020,0.038,0.000,0.038,0.076,0.135,0.049,0.152,0.001,0.001,0.004,0.000,0.408,0.408
TCGA-DJ-A2PT-01A,0.001,0.000,0.020,0.003,0.003,0.000,0.040,0.049,0.094,0.032,0.127,0.002,0.000,0.000,0.000,0.629,0.629
TCGA-DJ-A3V6-01A,0.001,0.000,0.012,0.005,0.000,0.000,0.011,0.074,0.045,0.055,0.051,0.001,0.000,0.002,0.000,0.744,0.744
TCGA-DJ-A2Q7-01A,0.027,0.000,0.015,0.010,0.001,0.000,0.009,0.144,0.047,0.062,0.073,0.001,0.000,0.003,0.000,0.607,0.607
TCGA-ET-A3BV-01A,0.000,0.000,0.058,0.000,0.000,0.000,0.060,0.053,0.274,0.004,0.023,0.011,0.000,0.004,0.000,0.512,0.512
TCGA-EL-A3ZL-01A,0.003,0.000,0.004,0.001,0.000,0.000,0.003,0.169,0.045,0.106,0.023,0.001,0.000,0.001,0.000,0.645,0.645
TCGA-CE-A13K-01A,0.010,0.000,0.009,0.004,0.006,0.000,0.004,0.186,0.010,0.101,0.041,0.004,0.000,0.008,0.000,0.616,0.616
TCGA-DJ-A3UQ-01A,0.001,0.000,0.027,0.002,0.000,0.000,0.036,0.070,0.204,0.032,0.052,0.003,0.000,0.003,0.000,0.571,0.571
TCGA-BJ-A45H-01A,0.017,0.000,0.010,0.006,0.003,0.000,0.006,0.109,0.083,0.045,0.069,0.004,0.000,0.002,0.000,0.645,0.645
TCGA-L6-A4EU-01A,0.007,0.000,0.010,0.002,0.000,0.000,0.021,0.047,0.059,0.015,0.065,0.002,0.000,0.000,0.000,0.773,0.773
TCGA-DJ-A3VM-01A,0.006,0.000,0.001,0.001,0.000,0.000,0.000,0.151,0.005,0.041,0.034,0.000,0.000,0.003,0.000,0.756,0.756
TCGA-H2-A3RH-01A,0.016,0.000,0.003,0.005,0.001,0.000,0.000,0.116,0.012,0.055,0.061,0.003,0.000,0.005,0.000,0.721,0.721
TCGA-EL-A3ZR-01A,0.021,0.000,0.000,0.001,0.001,0.000,0.000,0.122,0.000,0.038,0.014,0.000,0.000,0.001,0.000,0.800,0.800
TCGA-BJ-A291-01A,0.019,0.000,0.000,0.000,0.003,0.000,0.000,0.220,0.001,0.076,0.013,0.000,0.000,0.000,0.000,0.668,0.668
TCGA-MK-A4N9-01A,0.006,0.000,0.004,0.007,0.000,0.000,0.003,0.117,0.019,0.090,0.019,0.000,0.000,0.002,0.000,0.733,0.733
TCGA-EL-A3MZ-01A,0.001,0.000,0.003,0.003,0.000,0.000,0.005,0.086,0.069,0.021,0.041,0.000,0.000,0.001,0.000,0.769,0.769
TCGA-EM-A2CP-01A,0.131,0.002,0.060,0.037,0.059,0.000,0.013,0.162,0.002,0.048,0.163,0.001,0.001,0.005,0.000,0.315,0.315
TCGA-DJ-A2PZ-01A,0.001,0.000,0.006,0.002,0.000,0.000,0.016,0.069,0.054,0.054,0.087,0.001,0.000,0.002,0.000,0.707,0.707
TCGA-EL-A3ZG-01A,0.007,0.000,0.000,0.004,0.000,0.000,0.000,0.115,0.000,0.067,0.021,0.000,0.000,0.000,0.000,0.786,0.786
TCGA-FE-A3PC-01A,0.014,0.000,0.001,0.003,0.000,0.000,0.000,0.087,0.002,0.056,0.052,0.000,0.000,0.000,0.000,0.784,0.784
TCGA-BJ-A0YZ-01A,0.026,0.000,0.003,0.000,0.000,0.000,0.000,0.164,0.000,0.130,0.045,0.000,0.000,0.002,0.000,0.630,0.630
TCGA-DJ-A13M-01A,0.022,0.000,0.000,0.004,0.000,0.000,0.000,0.093,0.000,0.034,0.024,0.000,0.000,0.000,0.000,0.822,0.822
TCGA-EM-A3OA-01A,0.040,0.000,0.000,0.000,0.002,0.000,0.000,0.102,0.000,0.011,0.006,0.000,0.000,0.000,0.000,0.838,0.838
TCGA-J8-A3YE-01A,0.006,0.000,0.000,0.003,0.000,0.000,0.000,0.046,0.000,0.027,0.015,0.000,0.000,0.000,0.000,0.903,0.903
TCGA-BJ-A0Z9-01A,0.002,0.000,0.012,0.000,0.000,0.000,0.010,0.034,0.004,0.006,0.079,0.000,0.000,0.002,0.000,0.850,0.850
TCGA-EL-A3CW-01A,0.073,0.087,0.046,0.003,0.039,0.008,0.019,0.111,0.081,0.050,0.068,0.000,0.001,0.006,0.000,0.407,0.407
TCGA-FY-A3R6-01A,0.086,0.008,0.046,0.021,0.037,0.001,0.022,0.118,0.089,0.038,0.099,0.001,0.001,0.004,0.000,0.430,0.430
TCGA-H2-A2K9-01A,0.015,0.000,0.001,0.001,0.001,0.000,0.000,0.163,0.000,0.041,0.018,0.000,0.000,0.007,0.000,0.752,0.752
TCGA-DJ-A2PO-01A,0.029,0.001,0.012,0.034,0.017,0.000,0.000,0.127,0.026,0.050,0.149,0.002,0.000,0.005,0.000,0.547,0.547
TCGA-FY-A40N-01A,0.051,0.000,0.005,0.016,0.004,0.000,0.000,0.086,0.010,0.079,0.067,0.000,0.000,0.003,0.000,0.678,0.678
TCGA-EM-A1YD-01A,0.033,0.000,0.002,0.000,0.007,0.000,0.002,0.255,0.070,0.136,0.027,0.000,0.000,0.003,0.000,0.464,0.464
TCGA-DE-A69J-01A,0.004,0.000,0.017,0.003,0.000,0.000,0.011,0.077,0.011,0.046,0.036,0.000,0.000,0.002,0.000,0.793,0.793
TCGA-EL-A3MX-01A,0.013,0.000,0.005,0.003,0.000,0.004,0.008,0.024,0.069,0.068,0.016,0.004,0.000,0.001,0.000,0.784,0.784
TCGA-J8-A3YG-01A,0.006,0.000,0.018,0.003,0.000,0.001,0.008,0.094,0.048,0.049,0.083,0.002,0.000,0.004,0.000,0.685,0.685
TCGA-BJ-A0ZC-01A,0.036,0.000,0.002,0.000,0.006,0.000,0.000,0.169,0.000,0.054,0.021,0.000,0.000,0.002,0.000,0.709,0.709
TCGA-FY-A40K-01A,0.009,0.000,0.011,0.010,0.001,0.008,0.011,0.144,0.045,0.045,0.173,0.002,0.000,0.006,0.000,0.534,0.534
TCGA-EL-A4K6-01A,0.013,0.000,0.000,0.000,0.000,0.001,0.000,0.042,0.000,0.001,0.008,0.000,0.000,0.001,0.000,0.934,0.934
TCGA-EL-A3H3-01A,0.003,0.000,0.020,0.003,0.001,0.000,0.033,0.052,0.021,0.056,0.102,0.005,0.000,0.001,0.000,0.702,0.702
TCGA-BJ-A290-01A,0.001,0.000,0.013,0.000,0.000,0.000,0.000,0.116,0.052,0.072,0.022,0.000,0.000,0.002,0.000,0.721,0.721
TCGA-BJ-A28Z-01A,0.091,0.014,0.064,0.026,0.031,0.001,0.035,0.108,0.111,0.027,0.156,0.001,0.001,0.005,0.000,0.328,0.328
TCGA-CE-A484-01A,0.013,0.000,0.000,0.001,0.001,0.000,0.000,0.137,0.001,0.099,0.025,0.000,0.000,0.001,0.000,0.720,0.720
TCGA-EM-A3FL-01A,0.061,0.001,0.003,0.000,0.001,0.000,0.000,0.064,0.000,0.028,0.021,0.000,0.000,0.000,0.000,0.819,0.819
TCGA-EL-A3GO-01A,0.009,0.000,0.001,0.002,0.008,0.000,0.000,0.298,0.000,0.109,0.039,0.000,0.000,0.005,0.000,0.529,0.529
TCGA-ET-A39T-01A,0.006,0.000,0.001,0.005,0.000,0.000,0.000,0.057,0.000,0.035,0.044,0.000,0.000,0.000,0.000,0.850,0.850
TCGA-EM-A2CK-01A,0.023,0.000,0.001,0.004,0.001,0.000,0.000,0.169,0.000,0.056,0.019,0.000,0.000,0.002,0.000,0.725,0.725
TCGA-DJ-A4UQ-01A,0.018,0.001,0.010,0.005,0.005,0.000,0.006,0.119,0.106,0.051,0.061,0.001,0.000,0.005,0.000,0.610,0.610
TCGA-DJ-A3UO-01A,0.010,0.000,0.007,0.001,0.000,0.001,0.002,0.079,0.018,0.084,0.043,0.000,0.000,0.003,0.000,0.752,0.752
TCGA-DJ-A1QM-01A,0.018,0.000,0.018,0.001,0.002,0.000,0.014,0.105,0.180,0.041,0.052,0.000,0.000,0.004,0.000,0.564,0.564
TCGA-ET-A3BS-01A,0.108,0.002,0.046,0.032,0.012,0.001,0.001,0.089,0.029,0.039,0.171,0.002,0.000,0.003,0.000,0.465,0.465
TCGA-EM-A3AO-01A,0.035,0.000,0.010,0.008,0.002,0.000,0.007,0.165,0.002,0.073,0.079,0.004,0.000,0.001,0.000,0.612,0.612
TCGA-DJ-A3UN-01A,0.015,0.000,0.005,0.008,0.000,0.001,0.000,0.135,0.009,0.053,0.095,0.002,0.000,0.004,0.000,0.674,0.674
TCGA-DJ-A13W-01A,0.006,0.000,0.000,0.001,0.000,0.000,0.000,0.191,0.002,0.058,0.004,0.000,0.000,0.000,0.000,0.738,0.738
TCGA-DJ-A3VE-01A,0.005,0.000,0.004,0.003,0.000,0.000,0.005,0.167,0.058,0.079,0.040,0.002,0.000,0.003,0.000,0.634,0.634
TCGA-DJ-A3VI-01A,0.017,0.000,0.002,0.004,0.000,0.000,0.000,0.049,0.000,0.004,0.029,0.000,0.000,0.000,0.000,0.894,0.894
TCGA-EM-A2CO-01A,0.016,0.000,0.000,0.000,0.000,0.000,0.000,0.091,0.000,0.084,0.022,0.000,0.000,0.000,0.000,0.786,0.786
TCGA-ET-A39L-01A,0.014,0.000,0.002,0.003,0.004,0.000,0.000,0.221,0.001,0.079,0.047,0.000,0.000,0.003,0.000,0.624,0.624
TCGA-EM-A3FO-01A,0.003,0.000,0.002,0.001,0.000,0.000,0.002,0.026,0.014,0.106,0.009,0.004,0.000,0.000,0.000,0.832,0.832
TCGA-E8-A418-01A,0.006,0.000,0.005,0.007,0.000,0.000,0.002,0.026,0.000,0.001,0.068,0.000,0.001,0.000,0.000,0.884,0.884
TCGA-DE-A4M9-01A,0.018,0.000,0.002,0.001,0.001,0.000,0.000,0.068,0.005,0.072,0.028,0.000,0.000,0.004,0.000,0.800,0.800
TCGA-BJ-A28W-01A,0.121,0.164,0.084,0.020,0.052,0.052,0.080,0.074,0.039,0.017,0.103,0.001,0.005,0.003,0.001,0.185,0.185
TCGA-DJ-A2Q6-01A,0.009,0.000,0.019,0.004,0.001,0.000,0.020,0.174,0.149,0.045,0.041,0.002,0.000,0.004,0.000,0.532,0.532
TCGA-EL-A3N2-01A,0.002,0.000,0.005,0.002,0.000,0.000,0.007,0.095,0.011,0.059,0.034,0.000,0.000,0.002,0.000,0.782,0.782
TCGA-FK-A3SG-01A,0.006,0.000,0.004,0.002,0.000,0.000,0.000,0.131,0.001,0.070,0.042,0.003,0.000,0.000,0.000,0.740,0.740
TCGA-DJ-A3UM-01A,0.016,0.000,0.009,0.002,0.000,0.000,0.004,0.129,0.048,0.088,0.071,0.003,0.000,0.002,0.000,0.627,0.627
TCGA-BJ-A45E-01A,0.253,0.001,0.037,0.082,0.055,0.000,0.021,0.086,0.049,0.029,0.213,0.001,0.002,0.001,0.000,0.171,0.171
TCGA-E8-A415-01A,0.013,0.000,0.004,0.005,0.001,0.000,0.003,0.089,0.029,0.089,0.069,0.000,0.000,0.002,0.000,0.696,0.696
TCGA-DJ-A4UP-01A,0.045,0.035,0.038,0.010,0.034,0.003,0.020,0.134,0.077,0.055,0.076,0.002,0.001,0.007,0.000,0.465,0.465
TCGA-ET-A39J-01A,0.007,0.000,0.008,0.003,0.000,0.000,0.000,0.224,0.056,0.071,0.038,0.004,0.000,0.002,0.000,0.587,0.587
TCGA-KS-A41J-01A,0.020,0.000,0.008,0.007,0.000,0.000,0.010,0.049,0.001,0.002,0.098,0.000,0.000,0.000,0.000,0.805,0.805
TCGA-BJ-A4O9-01A,0.009,0.000,0.000,0.005,0.000,0.000,0.001,0.072,0.000,0.003,0.012,0.000,0.000,0.000,0.000,0.898,0.898
TCGA-EM-A2CM-01A,0.004,0.000,0.000,0.000,0.000,0.000,0.004,0.050,0.000,0.020,0.037,0.000,0.000,0.000,0.000,0.883,0.883
TCGA-EM-A2OW-01A,0.021,0.000,0.001,0.000,0.001,0.000,0.000,0.226,0.000,0.053,0.045,0.000,0.000,0.000,0.000,0.653,0.653
TCGA-FE-A3PA-01A,0.006,0.000,0.003,0.000,0.000,0.000,0.009,0.112,0.008,0.099,0.031,0.000,0.000,0.001,0.000,0.728,0.728
TCGA-QD-A8IV-01A,0.052,0.000,0.001,0.005,0.006,0.000,0.000,0.162,0.000,0.052,0.043,0.000,0.000,0.004,0.000,0.676,0.676
TCGA-IM-A3U2-01A,0.002,0.000,0.009,0.000,0.000,0.000,0.011,0.051,0.059,0.037,0.020,0.001,0.000,0.000,0.000,0.809,0.809
TCGA-EL-A3H5-01A,0.000,0.000,0.007,0.002,0.000,0.000,0.015,0.138,0.489,0.019,0.049,0.001,0.000,0.000,0.000,0.280,0.280
TCGA-DJ-A13R-01A,0.035,0.000,0.002,0.012,0.041,0.000,0.000,0.023,0.000,0.006,0.236,0.000,0.000,0.000,0.000,0.643,0.643
TCGA-ET-A2MY-01A,0.003,0.000,0.003,0.001,0.000,0.000,0.005,0.048,0.000,0.027,0.036,0.000,0.000,0.000,0.000,0.875,0.875
TCGA-IM-A3EB-01A,0.029,0.000,0.016,0.007,0.007,0.000,0.003,0.048,0.010,0.034,0.089,0.002,0.000,0.002,0.000,0.753,0.753
TCGA-DJ-A1QF-01A,0.003,0.000,0.001,0.002,0.000,0.000,0.000,0.144,0.011,0.068,0.065,0.001,0.000,0.003,0.000,0.702,0.702
TCGA-EL-A3T1-01A,0.020,0.002,0.021,0.012,0.000,0.000,0.016,0.062,0.040,0.109,0.078,0.000,0.000,0.004,0.000,0.635,0.635
TCGA-FE-A237-01A,0.010,0.000,0.016,0.004,0.000,0.000,0.021,0.114,0.085,0.038,0.051,0.001,0.000,0.003,0.000,0.655,0.655
TCGA-EM-A3FJ-01A,0.003,0.000,0.006,0.004,0.000,0.001,0.016,0.103,0.047,0.087,0.040,0.000,0.000,0.002,0.000,0.691,0.691
TCGA-EL-A3D4-01A,0.014,0.000,0.002,0.000,0.001,0.000,0.002,0.226,0.068,0.109,0.041,0.001,0.000,0.004,0.000,0.532,0.532
TCGA-FE-A234-01A,0.004,0.000,0.011,0.001,0.000,0.000,0.013,0.074,0.008,0.036,0.063,0.001,0.000,0.002,0.000,0.787,0.787
TCGA-FY-A40M-01A,0.011,0.000,0.001,0.002,0.000,0.003,0.003,0.081,0.009,0.070,0.019,0.000,0.000,0.004,0.000,0.795,0.795
TCGA-EM-A2OX-01A,0.007,0.000,0.011,0.005,0.000,0.000,0.007,0.124,0.061,0.061,0.055,0.000,0.000,0.003,0.000,0.665,0.665
TCGA-EM-A4FR-01A,0.010,0.000,0.000,0.001,0.000,0.000,0.000,0.117,0.000,0.030,0.031,0.000,0.000,0.001,0.000,0.809,0.809
TCGA-EM-A22I-01A,0.001,0.000,0.006,0.000,0.000,0.000,0.017,0.058,0.035,0.164,0.027,0.003,0.000,0.001,0.000,0.688,0.688
TCGA-FY-A3ON-01A,0.019,0.000,0.021,0.012,0.007,0.000,0.006,0.159,0.041,0.065,0.069,0.008,0.001,0.004,0.000,0.588,0.588
TCGA-EM-A1YC-01A,0.012,0.000,0.000,0.001,0.000,0.000,0.000,0.064,0.000,0.032,0.029,0.000,0.000,0.001,0.000,0.861,0.861
TCGA-EL-A3TA-01A,0.025,0.000,0.017,0.003,0.010,0.001,0.020,0.172,0.060,0.068,0.097,0.004,0.000,0.003,0.000,0.520,0.520
TCGA-CE-A27D-01A,0.051,0.045,0.056,0.016,0.038,0.001,0.031,0.116,0.100,0.036,0.079,0.001,0.003,0.004,0.000,0.425,0.425
TCGA-ET-A3BT-01A,0.008,0.001,0.016,0.003,0.000,0.000,0.014,0.076,0.040,0.080,0.054,0.001,0.000,0.003,0.000,0.703,0.703
TCGA-DJ-A13U-01A,0.004,0.000,0.004,0.002,0.000,0.000,0.006,0.081,0.001,0.042,0.025,0.000,0.000,0.001,0.000,0.833,0.833
TCGA-EM-A3O8-01A,0.024,0.000,0.000,0.000,0.000,0.000,0.000,0.158,0.000,0.044,0.013,0.000,0.000,0.002,0.000,0.758,0.758
TCGA-H2-A422-01A,0.003,0.000,0.001,0.002,0.000,0.000,0.002,0.064,0.000,0.004,0.046,0.000,0.000,0.003,0.000,0.874,0.874
TCGA-EL-A3CL-01A,0.005,0.000,0.006,0.004,0.000,0.000,0.004,0.110,0.025,0.132,0.049,0.006,0.000,0.005,0.000,0.653,0.653
TCGA-DJ-A13V-01A,0.013,0.000,0.009,0.008,0.000,0.000,0.002,0.121,0.036,0.065,0.031,0.000,0.002,0.002,0.000,0.711,0.711
TCGA-EM-A22Q-01A,0.053,0.000,0.000,0.005,0.000,0.000,0.000,0.119,0.001,0.064,0.022,0.000,0.000,0.000,0.000,0.734,0.734
TCGA-EM-A22J-01A,0.014,0.000,0.000,0.000,0.001,0.000,0.000,0.134,0.000,0.038,0.034,0.000,0.000,0.003,0.000,0.776,0.776
TCGA-BJ-A0Z2-01A,0.025,0.000,0.010,0.008,0.001,0.000,0.001,0.077,0.000,0.043,0.025,0.000,0.000,0.003,0.000,0.807,0.807
TCGA-E3-A3E3-01A,0.004,0.000,0.004,0.004,0.000,0.000,0.015,0.059,0.003,0.058,0.043,0.000,0.000,0.000,0.000,0.809,0.809
TCGA-IM-A41Y-01A,0.003,0.000,0.001,0.001,0.000,0.000,0.000,0.049,0.000,0.008,0.015,0.000,0.000,0.000,0.000,0.923,0.923
TCGA-EM-A3AN-01A,0.005,0.000,0.005,0.003,0.001,0.000,0.012,0.092,0.016,0.096,0.040,0.000,0.000,0.002,0.000,0.726,0.726
TCGA-EL-A3ZP-01A,0.028,0.004,0.037,0.016,0.030,0.000,0.018,0.097,0.085,0.040,0.078,0.001,0.001,0.003,0.000,0.561,0.561
TCGA-BJ-A3F0-01A,0.032,0.000,0.003,0.000,0.003,0.000,0.000,0.262,0.001,0.062,0.025,0.000,0.002,0.001,0.000,0.609,0.609
TCGA-L6-A4EQ-01A,0.008,0.000,0.002,0.005,0.000,0.002,0.004,0.112,0.003,0.015,0.039,0.000,0.001,0.002,0.000,0.808,0.808
TCGA-FE-A3PB-01A,0.014,0.000,0.019,0.006,0.000,0.000,0.066,0.066,0.212,0.048,0.035,0.002,0.000,0.001,0.000,0.530,0.530
TCGA-BJ-A0ZB-01A,0.000,0.000,0.002,0.003,0.000,0.000,0.006,0.065,0.016,0.030,0.020,0.000,0.000,0.000,0.000,0.858,0.858
TCGA-BJ-A0ZJ-01A,0.052,0.041,0.050,0.018,0.029,0.003,0.014,0.118,0.049,0.066,0.106,0.001,0.001,0.005,0.000,0.446,0.446
TCGA-EM-A4G1-01A,0.007,0.000,0.001,0.001,0.000,0.000,0.016,0.081,0.000,0.036,0.040,0.000,0.000,0.000,0.000,0.816,0.816
TCGA-DJ-A3V7-01A,0.006,0.000,0.007,0.003,0.000,0.000,0.007,0.058,0.000,0.042,0.058,0.001,0.000,0.000,0.000,0.818,0.818
TCGA-KS-A4I3-01A,0.006,0.000,0.002,0.005,0.001,0.000,0.005,0.109,0.008,0.062,0.022,0.000,0.000,0.000,0.000,0.779,0.779
TCGA-EL-A3GR-01A,0.006,0.000,0.014,0.001,0.003,0.000,0.009,0.159,0.130,0.052,0.071,0.007,0.000,0.009,0.000,0.540,0.540
TCGA-EM-A3AQ-01A,0.008,0.000,0.003,0.005,0.000,0.000,0.004,0.163,0.008,0.071,0.041,0.000,0.000,0.002,0.000,0.693,0.693
TCGA-BJ-A45C-01A,0.022,0.000,0.000,0.000,0.002,0.000,0.000,0.137,0.001,0.105,0.008,0.000,0.000,0.003,0.000,0.720,0.720
TCGA-DJ-A2PN-01A,0.010,0.000,0.007,0.003,0.000,0.000,0.002,0.153,0.023,0.056,0.045,0.001,0.000,0.003,0.000,0.697,0.697
TCGA-ET-A2MX-01A,0.004,0.000,0.000,0.000,0.000,0.000,0.000,0.022,0.000,0.000,0.030,0.000,0.000,0.000,0.000,0.943,0.943
TCGA-DJ-A4V2-01A,0.007,0.000,0.013,0.004,0.000,0.000,0.010,0.069,0.015,0.116,0.073,0.005,0.000,0.002,0.000,0.688,0.688
TCGA-ET-A39P-01A,0.004,0.000,0.005,0.002,0.000,0.000,0.007,0.084,0.030,0.058,0.047,0.000,0.000,0.001,0.000,0.763,0.763
TCGA-DJ-A2Q3-01A,0.027,0.022,0.024,0.015,0.006,0.000,0.026,0.091,0.097,0.045,0.112,0.003,0.001,0.005,0.000,0.524,0.524
TCGA-DJ-A2QC-01A,0.015,0.000,0.003,0.008,0.000,0.000,0.000,0.187,0.003,0.063,0.074,0.004,0.000,0.000,0.000,0.641,0.641
TCGA-KS-A4IB-01A,0.000,0.000,0.001,0.000,0.000,0.000,0.000,0.052,0.000,0.022,0.029,0.000,0.000,0.003,0.000,0.893,0.893
TCGA-EM-A3AK-01A,0.009,0.000,0.011,0.006,0.000,0.000,0.006,0.188,0.028,0.080,0.081,0.004,0.000,0.003,0.000,0.581,0.581
TCGA-EM-A3ST-01A,0.021,0.000,0.000,0.008,0.000,0.000,0.001,0.088,0.000,0.036,0.019,0.000,0.005,0.001,0.000,0.821,0.821
TCGA-FK-A3SD-01A,0.029,0.000,0.000,0.000,0.001,0.000,0.000,0.118,0.001,0.057,0.014,0.000,0.000,0.000,0.000,0.779,0.779
TCGA-DJ-A2PQ-01A,0.004,0.000,0.003,0.003,0.000,0.000,0.001,0.107,0.003,0.056,0.035,0.000,0.000,0.001,0.000,0.786,0.786
TCGA-DJ-A13P-01A,0.010,0.000,0.003,0.004,0.000,0.000,0.000,0.167,0.000,0.053,0.044,0.000,0.001,0.002,0.000,0.714,0.714
TCGA-EM-A2CL-01A,0.024,0.000,0.000,0.001,0.001,0.000,0.000,0.161,0.000,0.074,0.008,0.000,0.000,0.003,0.000,0.727,0.727
TCGA-EL-A3MW-01A,0.005,0.000,0.003,0.005,0.000,0.000,0.000,0.111,0.002,0.047,0.120,0.000,0.000,0.002,0.000,0.705,0.705
TCGA-J8-A3NZ-01A,0.008,0.000,0.007,0.006,0.000,0.000,0.016,0.067,0.007,0.058,0.075,0.000,0.000,0.002,0.000,0.754,0.754
TCGA-DE-A4MD-01A,0.001,0.000,0.000,0.000,0.000,0.000,0.000,0.019,0.000,0.000,0.013,0.000,0.000,0.001,0.000,0.966,0.966
TCGA-DJ-A3UY-01A,0.007,0.000,0.018,0.003,0.000,0.000,0.034,0.100,0.132,0.034,0.091,0.001,0.000,0.003,0.000,0.576,0.576
TCGA-ET-A25O-01A,0.000,0.000,0.000,0.002,0.000,0.000,0.000,0.058,0.000,0.005,0.012,0.000,0.000,0.002,0.000,0.919,0.919
TCGA-EL-A3ZM-01A,0.000,0.000,0.006,0.000,0.000,0.000,0.007,0.017,0.051,0.001,0.040,0.000,0.000,0.000,0.000,0.878,0.878
TCGA-EM-A1YE-01A,0.037,0.000,0.000,0.000,0.001,0.000,0.000,0.114,0.012,0.063,0.019,0.000,0.000,0.000,0.000,0.752,0.752
TCGA-J8-A42S-01A,0.009,0.000,0.006,0.001,0.000,0.000,0.010,0.141,0.097,0.058,0.019,0.001,0.000,0.002,0.000,0.656,0.656
TCGA-ET-A2MZ-01A,0.011,0.000,0.005,0.002,0.000,0.002,0.000,0.223,0.002,0.077,0.075,0.005,0.000,0.002,0.000,0.596,0.596
TCGA-CE-A3ME-01A,0.007,0.000,0.001,0.011,0.000,0.000,0.001,0.079,0.006,0.050,0.052,0.000,0.000,0.002,0.000,0.791,0.791
TCGA-EM-A3AR-01A,0.011,0.000,0.006,0.003,0.002,0.001,0.011,0.102,0.130,0.048,0.033,0.000,0.000,0.003,0.000,0.650,0.650
TCGA-FY-A3BL-01A,0.000,0.000,0.000,0.004,0.000,0.000,0.006,0.040,0.000,0.008,0.012,0.000,0.000,0.000,0.000,0.929,0.929
TCGA-EM-A3FM-01A,0.003,0.000,0.005,0.003,0.000,0.000,0.010,0.032,0.033,0.024,0.075,0.000,0.000,0.000,0.000,0.814,0.814
TCGA-BJ-A4O8-01A,0.010,0.000,0.033,0.006,0.000,0.001,0.050,0.100,0.126,0.045,0.077,0.002,0.000,0.005,0.000,0.544,0.544
TCGA-H2-A3RI-01A,0.008,0.000,0.003,0.007,0.000,0.000,0.020,0.069,0.001,0.051,0.050,0.000,0.000,0.001,0.000,0.788,0.788
TCGA-ET-A3BQ-01B,0.008,0.000,0.007,0.005,0.000,0.000,0.002,0.212,0.050,0.066,0.063,0.002,0.000,0.002,0.000,0.581,0.581
TCGA-CE-A482-01A,0.003,0.000,0.015,0.002,0.000,0.000,0.005,0.134,0.004,0.068,0.056,0.005,0.000,0.005,0.000,0.702,0.702
TCGA-DJ-A4UT-01A,0.024,0.001,0.049,0.034,0.034,0.000,0.025,0.171,0.096,0.067,0.087,0.001,0.001,0.003,0.000,0.408,0.408
TCGA-BJ-A3PU-01A,0.009,0.000,0.005,0.002,0.000,0.000,0.011,0.024,0.001,0.000,0.042,0.000,0.000,0.000,0.000,0.906,0.906
TCGA-ET-A25I-01A,0.054,0.000,0.001,0.003,0.000,0.000,0.000,0.148,0.000,0.030,0.052,0.000,0.000,0.000,0.000,0.713,0.713
TCGA-BJ-A2NA-01A,0.012,0.000,0.006,0.009,0.000,0.000,0.000,0.100,0.034,0.067,0.090,0.002,0.000,0.002,0.000,0.680,0.680
TCGA-DJ-A3V0-01A,0.001,0.000,0.004,0.005,0.000,0.000,0.006,0.113,0.131,0.065,0.059,0.002,0.000,0.000,0.000,0.613,0.613
TCGA-DJ-A3VB-01A,0.005,0.000,0.011,0.003,0.000,0.000,0.015,0.050,0.012,0.099,0.058,0.001,0.000,0.000,0.000,0.746,0.746
TCGA-DJ-A2PV-01A,0.009,0.000,0.011,0.004,0.004,0.000,0.007,0.228,0.098,0.095,0.092,0.003,0.000,0.009,0.000,0.440,0.440
TCGA-BJ-A3PR-01A,0.082,0.163,0.075,0.037,0.053,0.001,0.027,0.087,0.070,0.017,0.116,0.001,0.002,0.005,0.000,0.264,0.264
TCGA-EL-A3CR-01A,0.008,0.000,0.016,0.003,0.000,0.001,0.003,0.099,0.180,0.025,0.205,0.001,0.000,0.001,0.000,0.459,0.459
TCGA-ET-A25N-01A,0.001,0.000,0.002,0.001,0.001,0.000,0.000,0.136,0.012,0.111,0.062,0.007,0.000,0.008,0.000,0.658,0.658
TCGA-EM-A1CT-01A,0.005,0.000,0.002,0.004,0.000,0.000,0.012,0.070,0.001,0.051,0.094,0.000,0.000,0.002,0.000,0.759,0.759
TCGA-DE-A0Y3-01B,0.004,0.000,0.002,0.003,0.000,0.000,0.004,0.055,0.000,0.021,0.023,0.000,0.000,0.002,0.000,0.884,0.884
TCGA-DJ-A2Q0-01A,0.005,0.000,0.000,0.000,0.000,0.000,0.000,0.164,0.000,0.050,0.034,0.000,0.000,0.000,0.000,0.747,0.747
TCGA-FE-A239-01A,0.037,0.000,0.000,0.000,0.003,0.000,0.000,0.117,0.008,0.028,0.022,0.000,0.000,0.001,0.000,0.784,0.784
TCGA-EM-A2CQ-01A,0.026,0.000,0.002,0.000,0.000,0.000,0.004,0.149,0.000,0.059,0.018,0.000,0.000,0.001,0.000,0.741,0.741
TCGA-EL-A3T6-01A,0.040,0.000,0.022,0.014,0.011,0.000,0.007,0.051,0.003,0.016,0.113,0.000,0.000,0.001,0.000,0.719,0.719
TCGA-DE-A4M8-01A,0.153,0.010,0.042,0.036,0.038,0.003,0.016,0.123,0.075,0.049,0.134,0.001,0.002,0.006,0.000,0.312,0.312
TCGA-J8-A3YH-01A,0.010,0.000,0.008,0.002,0.000,0.001,0.003,0.151,0.028,0.064,0.057,0.004,0.000,0.003,0.000,0.669,0.669
TCGA-FE-A235-01A,0.025,0.001,0.007,0.004,0.003,0.000,0.007,0.118,0.091,0.055,0.057,0.004,0.000,0.002,0.000,0.626,0.626
TCGA-FE-A233-01A,0.003,0.000,0.003,0.003,0.000,0.000,0.001,0.091,0.003,0.058,0.032,0.000,0.000,0.002,0.000,0.803,0.803
TCGA-EM-A4FN-01A,0.002,0.000,0.004,0.002,0.000,0.000,0.015,0.062,0.002,0.020,0.099,0.000,0.000,0.000,0.000,0.793,0.793
TCGA-ET-A39N-01A,0.026,0.000,0.003,0.001,0.002,0.000,0.000,0.130,0.000,0.049,0.027,0.000,0.001,0.002,0.000,0.757,0.757
TCGA-ET-A4KN-01A,0.134,0.000,0.030,0.012,0.000,0.000,0.003,0.011,0.083,0.000,0.113,0.000,0.000,0.000,0.000,0.613,0.613
TCGA-BJ-A3EZ-01A,0.001,0.000,0.004,0.004,0.000,0.000,0.010,0.045,0.009,0.005,0.032,0.000,0.000,0.000,0.000,0.890,0.890
TCGA-DJ-A3UR-01A,0.008,0.000,0.002,0.004,0.000,0.002,0.001,0.158,0.004,0.061,0.053,0.000,0.000,0.002,0.000,0.704,0.704
TCGA-FE-A236-01A,0.006,0.000,0.003,0.006,0.000,0.000,0.001,0.121,0.007,0.056,0.024,0.000,0.000,0.001,0.000,0.774,0.774
TCGA-ET-A2N4-01A,0.004,0.000,0.004,0.004,0.000,0.000,0.000,0.174,0.000,0.054,0.066,0.000,0.000,0.003,0.000,0.690,0.690
TCGA-ET-A3BO-01A,0.032,0.000,0.038,0.024,0.001,0.000,0.017,0.086,0.046,0.058,0.097,0.001,0.001,0.003,0.000,0.598,0.598
TCGA-FK-A4UB-01A,0.006,0.000,0.001,0.003,0.000,0.000,0.000,0.137,0.004,0.099,0.017,0.000,0.000,0.000,0.000,0.732,0.732
TCGA-DJ-A13L-01A,0.030,0.002,0.035,0.013,0.013,0.001,0.039,0.064,0.127,0.049,0.118,0.002,0.001,0.002,0.000,0.506,0.506
TCGA-EL-A3ZQ-01A,0.073,0.000,0.005,0.006,0.000,0.000,0.009,0.046,0.013,0.077,0.055,0.000,0.001,0.000,0.000,0.715,0.715
TCGA-EL-A4K9-01A,0.008,0.000,0.015,0.004,0.000,0.001,0.012,0.209,0.017,0.078,0.082,0.005,0.000,0.004,0.000,0.564,0.564
TCGA-ET-A25P-01A,0.016,0.000,0.004,0.004,0.004,0.000,0.001,0.200,0.007,0.096,0.030,0.008,0.000,0.004,0.000,0.626,0.626
TCGA-EL-A3ZH-01A,0.030,0.000,0.001,0.001,0.001,0.000,0.001,0.109,0.000,0.051,0.034,0.000,0.000,0.003,0.000,0.769,0.769
TCGA-EM-A4FU-01A,0.019,0.000,0.000,0.002,0.001,0.000,0.000,0.167,0.000,0.087,0.055,0.000,0.000,0.001,0.000,0.667,0.667
TCGA-KS-A4IC-01A,0.009,0.000,0.005,0.006,0.000,0.000,0.004,0.079,0.005,0.084,0.070,0.000,0.000,0.001,0.000,0.736,0.736
TCGA-CE-A481-01A,0.038,0.002,0.030,0.011,0.035,0.000,0.008,0.171,0.081,0.048,0.072,0.004,0.001,0.006,0.000,0.494,0.494
TCGA-EL-A3CT-01A,0.009,0.000,0.007,0.002,0.000,0.000,0.005,0.123,0.096,0.047,0.083,0.004,0.000,0.002,0.000,0.622,0.622
TCGA-DJ-A2QA-01A,0.019,0.000,0.003,0.004,0.000,0.000,0.000,0.110,0.068,0.050,0.039,0.000,0.000,0.000,0.000,0.706,0.706
TCGA-FY-A40L-01A,0.009,0.000,0.004,0.006,0.000,0.000,0.009,0.067,0.045,0.034,0.081,0.000,0.000,0.001,0.000,0.743,0.743
TCGA-DO-A1K0-01A,0.001,0.000,0.002,0.004,0.000,0.000,0.004,0.116,0.002,0.047,0.045,0.001,0.000,0.004,0.000,0.775,0.775
TCGA-EL-A3GW-01A,0.023,0.000,0.001,0.004,0.000,0.000,0.002,0.111,0.010,0.049,0.043,0.000,0.000,0.003,0.000,0.754,0.754
TCGA-EM-A3SU-01A,0.048,0.000,0.013,0.007,0.000,0.000,0.011,0.029,0.004,0.007,0.167,0.000,0.000,0.000,0.000,0.714,0.714
TCGA-MK-A84Z-01A,0.017,0.000,0.000,0.002,0.001,0.000,0.000,0.238,0.001,0.101,0.015,0.000,0.000,0.001,0.000,0.623,0.623
TCGA-EL-A3H1-01A,0.038,0.000,0.000,0.000,0.003,0.000,0.000,0.172,0.000,0.039,0.044,0.000,0.000,0.001,0.000,0.703,0.703
TCGA-EL-A3ZK-01A,0.013,0.000,0.004,0.001,0.000,0.000,0.024,0.071,0.000,0.043,0.071,0.000,0.000,0.002,0.000,0.769,0.769
TCGA-EL-A3GP-01A,0.003,0.000,0.013,0.000,0.000,0.000,0.015,0.085,0.277,0.024,0.245,0.006,0.000,0.004,0.000,0.326,0.326
TCGA-ET-A40R-01A,0.044,0.011,0.020,0.004,0.003,0.000,0.011,0.141,0.029,0.065,0.073,0.000,0.001,0.003,0.000,0.595,0.595
TCGA-DJ-A3UX-01A,0.033,0.004,0.016,0.009,0.007,0.000,0.009,0.116,0.061,0.069,0.066,0.000,0.000,0.002,0.000,0.606,0.606
TCGA-DJ-A1QQ-01A,0.015,0.000,0.015,0.004,0.001,0.000,0.005,0.139,0.091,0.045,0.057,0.003,0.000,0.005,0.000,0.617,0.617
TCGA-EL-A3GY-01A,0.006,0.000,0.011,0.005,0.000,0.000,0.027,0.090,0.010,0.100,0.096,0.004,0.000,0.003,0.000,0.646,0.646
TCGA-EL-A4K0-01A,0.008,0.000,0.022,0.011,0.000,0.007,0.021,0.106,0.164,0.055,0.071,0.007,0.000,0.007,0.000,0.519,0.519
TCGA-IM-A3ED-01A,0.040,0.013,0.022,0.010,0.004,0.000,0.003,0.099,0.067,0.094,0.126,0.004,0.000,0.005,0.000,0.511,0.511
TCGA-EL-A3GZ-01A,0.004,0.000,0.015,0.006,0.000,0.000,0.019,0.108,0.082,0.050,0.031,0.002,0.000,0.003,0.000,0.680,0.680
TCGA-DJ-A1QL-01A,0.021,0.000,0.000,0.001,0.005,0.000,0.000,0.228,0.001,0.041,0.021,0.000,0.003,0.003,0.000,0.676,0.676
TCGA-DJ-A4V5-01A,0.014,0.001,0.055,0.008,0.025,0.001,0.042,0.112,0.068,0.046,0.074,0.006,0.001,0.005,0.000,0.545,0.545
TCGA-EL-A3T3-01A,0.006,0.000,0.005,0.001,0.000,0.000,0.004,0.094,0.013,0.110,0.065,0.005,0.000,0.001,0.000,0.697,0.697
TCGA-E3-A3E1-01A,0.010,0.000,0.007,0.004,0.000,0.000,0.005,0.067,0.007,0.054,0.079,0.000,0.000,0.001,0.000,0.765,0.765
TCGA-EL-A3ZN-01A,0.009,0.000,0.001,0.001,0.001,0.000,0.001,0.213,0.036,0.087,0.043,0.000,0.000,0.003,0.000,0.604,0.604
TCGA-EL-A4KI-01A,0.023,0.000,0.001,0.002,0.000,0.000,0.000,0.106,0.001,0.050,0.016,0.000,0.000,0.000,0.000,0.799,0.799
TCGA-DJ-A2Q4-01A,0.011,0.000,0.007,0.007,0.000,0.000,0.005,0.104,0.017,0.089,0.042,0.000,0.000,0.002,0.000,0.717,0.717
TCGA-IM-A4EB-01A,0.052,0.003,0.017,0.009,0.003,0.000,0.013,0.078,0.076,0.065,0.088,0.001,0.000,0.000,0.000,0.595,0.595
TCGA-ET-A39M-01A,0.111,0.000,0.034,0.011,0.018,0.001,0.004,0.076,0.043,0.038,0.162,0.000,0.000,0.002,0.000,0.499,0.499
TCGA-EM-A2CU-01A,0.027,0.000,0.018,0.003,0.025,0.000,0.003,0.160,0.033,0.078,0.096,0.005,0.000,0.005,0.000,0.547,0.547
TCGA-E3-A3DZ-01A,0.022,0.000,0.002,0.004,0.000,0.001,0.000,0.189,0.006,0.060,0.012,0.000,0.000,0.003,0.000,0.700,0.700
TCGA-ET-A3BW-01A,0.004,0.000,0.002,0.005,0.000,0.000,0.000,0.123,0.000,0.055,0.024,0.000,0.000,0.004,0.000,0.783,0.783
TCGA-DE-A0Y2-01A,0.000,0.000,0.002,0.002,0.000,0.000,0.001,0.067,0.001,0.080,0.039,0.000,0.000,0.003,0.000,0.804,0.804
TCGA-DJ-A3VF-01A,0.001,0.000,0.027,0.001,0.000,0.000,0.050,0.094,0.289,0.022,0.059,0.004,0.000,0.003,0.000,0.448,0.448
TCGA-DJ-A3VA-01A,0.019,0.000,0.007,0.010,0.000,0.000,0.005,0.108,0.005,0.093,0.054,0.001,0.000,0.002,0.000,0.695,0.695
TCGA-E3-A3E2-01A,0.039,0.072,0.043,0.029,0.013,0.001,0.018,0.118,0.050,0.041,0.075,0.001,0.001,0.004,0.000,0.495,0.495
TCGA-DJ-A1QD-01A,0.006,0.000,0.003,0.005,0.000,0.000,0.005,0.088,0.029,0.132,0.049,0.003,0.000,0.001,0.000,0.679,0.679
TCGA-J8-A3O1-01A,0.000,0.000,0.001,0.001,0.000,0.000,0.000,0.034,0.000,0.018,0.033,0.000,0.000,0.002,0.000,0.911,0.911
TCGA-DJ-A3V3-01A,0.059,0.000,0.015,0.015,0.014,0.000,0.003,0.137,0.026,0.064,0.084,0.001,0.001,0.002,0.000,0.578,0.578
TCGA-DJ-A2Q2-01A,0.027,0.000,0.005,0.001,0.005,0.000,0.001,0.200,0.001,0.058,0.083,0.000,0.000,0.001,0.000,0.618,0.618
TCGA-KS-A41F-01A,0.017,0.000,0.002,0.004,0.000,0.000,0.000,0.064,0.007,0.017,0.032,0.000,0.000,0.000,0.000,0.858,0.858
TCGA-EL-A3N3-01A,0.059,0.000,0.018,0.010,0.000,0.000,0.016,0.072,0.053,0.034,0.099,0.000,0.000,0.003,0.000,0.636,0.636
TCGA-GE-A2C6-01A,0.016,0.001,0.040,0.008,0.026,0.000,0.016,0.099,0.148,0.059,0.081,0.001,0.000,0.006,0.000,0.498,0.498
TCGA-EL-A3D6-01A,0.015,0.000,0.012,0.001,0.000,0.000,0.020,0.062,0.045,0.061,0.048,0.001,0.000,0.000,0.000,0.735,0.735
TCGA-DE-A7U5-01A,0.030,0.000,0.029,0.012,0.000,0.000,0.021,0.072,0.160,0.043,0.089,0.001,0.000,0.005,0.000,0.536,0.536
TCGA-DJ-A3VJ-01A,0.016,0.000,0.024,0.008,0.008,0.000,0.008,0.146,0.059,0.052,0.048,0.004,0.000,0.002,0.000,0.624,0.624
TCGA-EM-A4FQ-01A,0.016,0.000,0.005,0.004,0.000,0.000,0.005,0.058,0.010,0.047,0.076,0.001,0.000,0.000,0.000,0.779,0.779
TCGA-CE-A3MD-01A,0.011,0.000,0.007,0.008,0.000,0.000,0.009,0.166,0.025,0.073,0.063,0.001,0.001,0.002,0.000,0.634,0.634
TCGA-ET-A25R-01A,0.003,0.000,0.013,0.002,0.000,0.000,0.024,0.061,0.036,0.029,0.047,0.001,0.000,0.002,0.000,0.783,0.783
TCGA-EM-A3AP-01A,0.023,0.000,0.003,0.001,0.000,0.000,0.000,0.187,0.001,0.103,0.078,0.001,0.000,0.003,0.000,0.600,0.600
TCGA-EL-A4JZ-01A,0.020,0.000,0.041,0.015,0.022,0.000,0.017,0.122,0.122,0.060,0.119,0.001,0.000,0.004,0.000,0.456,0.456
TCGA-FE-A23A-01A,0.062,0.000,0.014,0.019,0.003,0.000,0.009,0.034,0.012,0.016,0.083,0.000,0.000,0.002,0.000,0.746,0.746
TCGA-BJ-A45K-01A,0.025,0.000,0.000,0.000,0.003,0.000,0.000,0.248,0.000,0.098,0.007,0.000,0.000,0.002,0.000,0.617,0.617
TCGA-DJ-A1QE-01A,0.001,0.000,0.010,0.003,0.000,0.000,0.015,0.059,0.075,0.023,0.026,0.001,0.000,0.003,0.000,0.785,0.785
TCGA-E8-A433-01A,0.014,0.000,0.014,0.003,0.000,0.000,0.021,0.078,0.104,0.050,0.057,0.000,0.000,0.000,0.000,0.659,0.659
TCGA-BJ-A18Z-01A,0.001,0.000,0.017,0.002,0.000,0.000,0.017,0.063,0.174,0.033,0.062,0.004,0.000,0.003,0.000,0.622,0.622
TCGA-EL-A4K7-01A,0.008,0.000,0.001,0.002,0.000,0.000,0.003,0.025,0.006,0.010,0.020,0.000,0.000,0.000,0.000,0.925,0.925
TCGA-FY-A3W9-01A,0.016,0.000,0.001,0.000,0.001,0.000,0.000,0.133,0.000,0.031,0.020,0.000,0.000,0.003,0.000,0.793,0.793
TCGA-EM-A22P-01A,0.025,0.079,0.047,0.010,0.029,0.006,0.041,0.153,0.174,0.064,0.073,0.007,0.001,0.010,0.001,0.281,0.281
TCGA-DJ-A2PX-01A,0.072,0.019,0.038,0.020,0.019,0.001,0.013,0.141,0.038,0.065,0.096,0.001,0.001,0.004,0.000,0.471,0.471
TCGA-J8-A3YD-01A,0.011,0.000,0.006,0.002,0.000,0.000,0.004,0.122,0.036,0.042,0.025,0.000,0.000,0.003,0.000,0.748,0.748
TCGA-EL-A3CV-01A,0.009,0.016,0.038,0.032,0.027,0.000,0.047,0.157,0.189,0.039,0.110,0.003,0.001,0.008,0.000,0.323,0.323
TCGA-EL-A3CM-01A,0.001,0.001,0.005,0.002,0.000,0.000,0.015,0.129,0.149,0.033,0.042,0.000,0.000,0.002,0.000,0.619,0.619
TCGA-ET-A40Q-01A,0.024,0.000,0.014,0.008,0.000,0.000,0.015,0.040,0.051,0.039,0.108,0.000,0.000,0.001,0.000,0.700,0.700
TCGA-FK-A3SE-01A,0.007,0.000,0.005,0.001,0.001,0.000,0.008,0.106,0.044,0.083,0.030,0.006,0.000,0.002,0.000,0.704,0.704
TCGA-EM-A2OZ-01A,0.009,0.000,0.005,0.007,0.001,0.000,0.003,0.101,0.000,0.053,0.068,0.000,0.000,0.002,0.000,0.751,0.751
TCGA-ET-A3DW-01A,0.002,0.000,0.005,0.004,0.000,0.000,0.013,0.025,0.000,0.005,0.041,0.001,0.000,0.000,0.000,0.905,0.905
TCGA-H2-A421-01A,0.060,0.000,0.028,0.018,0.006,0.000,0.006,0.085,0.050,0.060,0.108,0.000,0.000,0.001,0.000,0.578,0.578
TCGA-E8-A417-01A,0.031,0.000,0.004,0.016,0.000,0.000,0.005,0.054,0.000,0.039,0.096,0.000,0.001,0.001,0.000,0.754,0.754
TCGA-EL-A3T2-01A,0.010,0.000,0.001,0.003,0.001,0.000,0.002,0.169,0.000,0.060,0.034,0.000,0.000,0.006,0.000,0.715,0.715
TCGA-E3-A3E0-01A,0.014,0.000,0.010,0.012,0.001,0.000,0.000,0.118,0.005,0.054,0.079,0.003,0.000,0.002,0.000,0.702,0.702
TCGA-DJ-A3UW-01A,0.094,0.002,0.037,0.011,0.007,0.000,0.021,0.070,0.079,0.078,0.101,0.000,0.001,0.003,0.000,0.496,0.496
TCGA-DJ-A3VG-01A,0.021,0.000,0.000,0.001,0.002,0.000,0.000,0.180,0.008,0.094,0.025,0.000,0.000,0.002,0.000,0.666,0.666
TCGA-BJ-A28V-01A,0.020,0.000,0.000,0.000,0.003,0.000,0.000,0.204,0.000,0.082,0.008,0.000,0.000,0.003,0.000,0.680,0.680
TCGA-EM-A2CJ-01A,0.023,0.000,0.001,0.000,0.001,0.000,0.000,0.115,0.001,0.053,0.029,0.000,0.000,0.002,0.000,0.774,0.774
TCGA-EM-A22O-01A,0.006,0.000,0.000,0.006,0.000,0.000,0.001,0.055,0.000,0.008,0.042,0.000,0.000,0.000,0.000,0.882,0.882
TCGA-E3-A3DY-01A,0.025,0.000,0.008,0.010,0.000,0.000,0.004,0.077,0.007,0.072,0.106,0.000,0.000,0.002,0.000,0.686,0.686
TCGA-BJ-A0ZH-01A,0.010,0.000,0.010,0.002,0.000,0.000,0.007,0.111,0.000,0.043,0.072,0.000,0.000,0.000,0.000,0.744,0.744
TCGA-BJ-A45J-01A,0.009,0.000,0.008,0.001,0.000,0.000,0.006,0.134,0.031,0.083,0.037,0.006,0.000,0.002,0.000,0.682,0.682
TCGA-FY-A3I5-01B,0.031,0.018,0.002,0.002,0.004,0.000,0.001,0.074,0.011,0.054,0.052,0.000,0.000,0.003,0.000,0.746,0.746
TCGA-E8-A413-01A,0.007,0.000,0.019,0.004,0.003,0.001,0.030,0.102,0.224,0.030,0.063,0.000,0.000,0.004,0.000,0.513,0.513
TCGA-FY-A3NM-01A,0.017,0.000,0.001,0.000,0.000,0.000,0.000,0.145,0.000,0.030,0.008,0.000,0.000,0.003,0.000,0.796,0.796
TCGA-FY-A2QD-01A,0.021,0.000,0.000,0.000,0.000,0.000,0.000,0.063,0.000,0.031,0.006,0.000,0.000,0.002,0.000,0.877,0.877
TCGA-CE-A485-01A,0.005,0.000,0.027,0.003,0.011,0.002,0.017,0.207,0.155,0.075,0.072,0.008,0.000,0.008,0.000,0.409,0.409
TCGA-DJ-A13S-01A,0.012,0.000,0.000,0.001,0.000,0.000,0.000,0.168,0.000,0.042,0.042,0.000,0.000,0.001,0.000,0.734,0.734
TCGA-ET-A3DR-01A,0.010,0.000,0.007,0.000,0.000,0.000,0.002,0.150,0.052,0.051,0.019,0.001,0.000,0.003,0.000,0.703,0.703
TCGA-DJ-A13O-01A,0.045,0.009,0.017,0.009,0.015,0.002,0.016,0.055,0.045,0.090,0.078,0.000,0.001,0.002,0.000,0.616,0.616
TCGA-EM-A22N-01A,0.052,0.000,0.000,0.000,0.000,0.000,0.000,0.137,0.000,0.070,0.054,0.000,0.000,0.000,0.000,0.687,0.687
TCGA-E8-A414-01A,0.010,0.007,0.033,0.006,0.007,0.001,0.025,0.131,0.197,0.054,0.074,0.006,0.000,0.011,0.000,0.436,0.436
TCGA-ET-A3BU-01A,0.008,0.000,0.011,0.002,0.000,0.001,0.003,0.183,0.039,0.062,0.060,0.004,0.000,0.004,0.000,0.623,0.623
TCGA-EL-A3ZT-01A,0.008,0.000,0.004,0.007,0.000,0.000,0.002,0.145,0.014,0.071,0.048,0.003,0.000,0.002,0.000,0.695,0.695
TCGA-ET-A39S-01A,0.017,0.000,0.011,0.001,0.000,0.000,0.009,0.173,0.072,0.056,0.046,0.005,0.000,0.003,0.000,0.605,0.605
TCGA-EM-A3O6-01A,0.025,0.000,0.001,0.000,0.001,0.000,0.000,0.233,0.000,0.079,0.012,0.000,0.000,0.000,0.000,0.649,0.649
TCGA-ET-A3DU-01A,0.133,0.001,0.041,0.038,0.038,0.001,0.017,0.061,0.075,0.007,0.122,0.001,0.000,0.003,0.000,0.462,0.462
TCGA-DJ-A1QN-01A,0.005,0.000,0.025,0.006,0.000,0.001,0.018,0.126,0.021,0.048,0.080,0.002,0.000,0.006,0.000,0.661,0.661
TCGA-ET-A3DP-01A,0.006,0.000,0.011,0.004,0.000,0.001,0.026,0.129,0.044,0.088,0.072,0.003,0.000,0.008,0.000,0.608,0.608
TCGA-FY-A3NN-01A,0.006,0.000,0.000,0.002,0.000,0.000,0.005,0.050,0.000,0.032,0.086,0.000,0.000,0.001,0.000,0.817,0.817
TCGA-DJ-A3V9-01A,0.023,0.000,0.012,0.003,0.003,0.000,0.004,0.168,0.064,0.063,0.075,0.005,0.000,0.005,0.000,0.575,0.575
TCGA-E8-A2JQ-01A,0.084,0.001,0.053,0.070,0.030,0.001,0.022,0.059,0.080,0.013,0.100,0.001,0.001,0.002,0.000,0.484,0.484
TCGA-EM-A4FH-01A,0.027,0.000,0.000,0.000,0.001,0.000,0.000,0.190,0.001,0.067,0.006,0.000,0.000,0.001,0.000,0.707,0.707
TCGA-IM-A420-01A,0.047,0.000,0.023,0.024,0.004,0.000,0.000,0.054,0.027,0.016,0.096,0.000,0.000,0.001,0.000,0.706,0.706
TCGA-EM-A22K-01A,0.020,0.000,0.001,0.002,0.001,0.000,0.000,0.166,0.000,0.065,0.037,0.000,0.000,0.005,0.000,0.701,0.701
TCGA-EM-A2P0-01A,0.009,0.000,0.006,0.003,0.000,0.000,0.008,0.147,0.035,0.091,0.045,0.004,0.000,0.004,0.000,0.648,0.648
TCGA-BJ-A28R-01A,0.028,0.000,0.010,0.020,0.002,0.000,0.006,0.093,0.008,0.062,0.077,0.000,0.000,0.002,0.000,0.691,0.691
TCGA-ET-A3BX-01A,0.000,0.000,0.008,0.001,0.000,0.000,0.009,0.048,0.004,0.009,0.057,0.001,0.000,0.003,0.000,0.859,0.859
TCGA-FY-A4B4-01A,0.013,0.000,0.016,0.003,0.000,0.000,0.008,0.101,0.031,0.117,0.090,0.003,0.000,0.003,0.000,0.615,0.615
TCGA-ET-A3DQ-01A,0.057,0.027,0.042,0.008,0.026,0.002,0.015,0.158,0.104,0.071,0.064,0.006,0.001,0.009,0.000,0.411,0.411
TCGA-ET-A3DO-01A,0.074,0.002,0.040,0.030,0.012,0.000,0.015,0.062,0.038,0.037,0.097,0.001,0.001,0.003,0.000,0.590,0.590
TCGA-E8-A416-01A,0.027,0.003,0.007,0.003,0.022,0.001,0.006,0.117,0.128,0.052,0.023,0.000,0.000,0.003,0.000,0.608,0.608
TCGA-DJ-A1QG-01A,0.001,0.000,0.000,0.000,0.000,0.000,0.000,0.172,0.000,0.043,0.056,0.000,0.000,0.001,0.000,0.726,0.726
TCGA-EM-A2OY-01A,0.007,0.000,0.000,0.000,0.000,0.000,0.000,0.055,0.000,0.008,0.013,0.000,0.000,0.000,0.000,0.918,0.918
TCGA-EL-A3CP-01A,0.000,0.000,0.007,0.000,0.000,0.000,0.010,0.119,0.061,0.060,0.009,0.001,0.000,0.002,0.000,0.731,0.731
TCGA-BJ-A45F-01A,0.020,0.000,0.000,0.000,0.000,0.000,0.000,0.193,0.000,0.049,0.050,0.000,0.000,0.000,0.000,0.687,0.687
TCGA-EM-A4FV-01A,0.059,0.006,0.035,0.020,0.013,0.001,0.013,0.143,0.034,0.039,0.109,0.001,0.001,0.005,0.000,0.520,0.520
TCGA-EM-A2P1-01A,0.063,0.050,0.055,0.023,0.004,0.001,0.029,0.069,0.079,0.017,0.120,0.001,0.001,0.004,0.000,0.485,0.485
TCGA-EL-A4JW-01A,0.016,0.000,0.007,0.005,0.002,0.000,0.006,0.160,0.039,0.059,0.035,0.000,0.000,0.003,0.000,0.667,0.667
TCGA-EM-A3AI-01A,0.022,0.000,0.000,0.000,0.000,0.000,0.000,0.176,0.000,0.082,0.012,0.000,0.000,0.001,0.000,0.706,0.706
TCGA-EL-A3GX-01A,0.007,0.000,0.015,0.008,0.000,0.000,0.010,0.041,0.002,0.009,0.175,0.001,0.000,0.002,0.000,0.730,0.730
TCGA-FY-A3NP-01A,0.022,0.000,0.001,0.002,0.000,0.000,0.000,0.119,0.002,0.047,0.032,0.000,0.000,0.003,0.000,0.771,0.771
TCGA-FY-A4B3-01A,0.008,0.000,0.011,0.001,0.000,0.000,0.010,0.142,0.096,0.078,0.024,0.005,0.000,0.008,0.000,0.616,0.616
