,Plasma B cells,Non-plasma B cells,CD4 T,CD8 T effector,CD8 T (GZMK high),Double-neg-like T,DC,Endothelial Cells,CAFs,Myofibroblasts,Macrophages,Mast Cells,NK,Neutrophils,Monocytes,1-others,Cancer Cells
TCGA-C8-A278-01A,0.054,0.001,0.041,0.007,0.021,0.001,0.007,0.038,0.140,0.004,0.144,0.006,0.000,0.004,0.000,0.533,0.533
TCGA-A7-A425-01A,0.006,0.000,0.011,0.002,0.009,0.002,0.025,0.098,0.185,0.035,0.092,0.004,0.002,0.006,0.000,0.523,0.523
TCGA-E2-A15H-01A,0.010,0.000,0.006,0.008,0.001,0.000,0.007,0.028,0.163,0.014,0.028,0.000,0.000,0.005,0.000,0.730,0.730
TCGA-A8-A06N-01A,0.000,0.000,0.004,0.004,0.000,0.000,0.000,0.025,0.000,0.021,0.047,0.000,0.000,0.005,0.000,0.894,0.894
TCGA-E2-A570-01A,0.001,0.000,0.014,0.001,0.006,0.001,0.010,0.048,0.293,0.020,0.029,0.003,0.000,0.002,0.000,0.572,0.572
TCGA-BH-A1FL-01A,0.004,0.011,0.010,0.003,0.007,0.000,0.010,0.068,0.138,0.028,0.033,0.010,0.000,0.007,0.000,0.670,0.670
TCGA-E2-A56Z-01A,0.009,0.000,0.011,0.006,0.001,0.000,0.001,0.041,0.089,0.036,0.021,0.000,0.000,0.001,0.000,0.784,0.784
TCGA-E9-A1RI-01A,0.008,0.000,0.013,0.005,0.006,0.001,0.003,0.037,0.328,0.010,0.073,0.007,0.000,0.006,0.000,0.502,0.502
TCGA-BH-A0DP-01A,0.008,0.001,0.014,0.002,0.011,0.001,0.025,0.058,0.273,0.014,0.076,0.009,0.000,0.005,0.000,0.501,0.501
TCGA-AR-A0U3-01A,0.005,0.000,0.010,0.014,0.001,0.000,0.015,0.039,0.069,0.012,0.041,0.000,0.000,0.006,0.000,0.787,0.787
TCGA-BH-A18L-01A,0.003,0.000,0.007,0.002,0.000,0.000,0.000,0.055,0.009,0.035,0.051,0.000,0.000,0.005,0.000,0.831,0.831
TCGA-A7-A3J1-01A,0.011,0.020,0.026,0.027,0.028,0.004,0.055,0.113,0.183,0.033,0.071,0.009,0.001,0.010,0.000,0.408,0.408
TCGA-AC-A6IW-01A,0.004,0.001,0.027,0.013,0.016,0.000,0.113,0.023,0.026,0.010,0.183,0.000,0.000,0.002,0.000,0.583,0.583
TCGA-AC-A3YI-01A,0.001,0.000,0.007,0.001,0.008,0.000,0.023,0.129,0.355,0.028,0.034,0.007,0.000,0.009,0.001,0.397,0.397
TCGA-D8-A1XG-01A,0.001,0.000,0.007,0.000,0.000,0.000,0.004,0.033,0.130,0.063,0.046,0.002,0.000,0.012,0.000,0.700,0.700
TCGA-A8-A082-01A,0.000,0.000,0.006,0.006,0.001,0.000,0.000,0.037,0.119,0.026,0.095,0.002,0.000,0.002,0.000,0.704,0.704
TCGA-OL-A5RU-01A,0.053,0.030,0.033,0.002,0.048,0.005,0.059,0.070,0.144,0.036,0.033,0.007,0.000,0.007,0.000,0.472,0.472
TCGA-BH-A0HA-01A,0.015,0.000,0.036,0.001,0.011,0.000,0.028,0.073,0.300,0.020,0.046,0.003,0.000,0.002,0.000,0.463,0.463
TCGA-A2-A3XS-01A,0.013,0.002,0.017,0.004,0.010,0.000,0.034,0.062,0.124,0.027,0.035,0.000,0.000,0.003,0.000,0.667,0.667
TCGA-A2-A0ES-01A,0.002,0.000,0.015,0.005,0.008,0.002,0.031,0.133,0.242,0.045,0.043,0.008,0.000,0.008,0.000,0.457,0.457
TCGA-B6-A0RN-01A,0.001,0.000,0.007,0.000,0.001,0.000,0.010,0.034,0.321,0.005,0.022,0.002,0.000,0.003,0.000,0.591,0.591
TCGA-BH-A2L8-01A,0.012,0.011,0.051,0.011,0.045,0.002,0.055,0.032,0.230,0.012,0.085,0.009,0.000,0.004,0.000,0.440,0.440
TCGA-E2-A108-01A,0.014,0.003,0.046,0.009,0.051,0.001,0.046,0.156,0.263,0.033,0.152,0.010,0.001,0.010,0.000,0.206,0.206
TCGA-AN-A046-01A,0.008,0.000,0.019,0.010,0.016,0.000,0.023,0.039,0.185,0.012,0.087,0.000,0.000,0.002,0.000,0.599,0.599
TCGA-E2-A576-01A,0.011,0.000,0.006,0.002,0.006,0.000,0.007,0.042,0.099,0.023,0.025,0.005,0.000,0.000,0.000,0.773,0.773
TCGA-A2-A3XX-01A,0.020,0.007,0.025,0.004,0.008,0.000,0.029,0.039,0.109,0.037,0.046,0.000,0.000,0.003,0.000,0.672,0.672
TCGA-C8-A137-01A,0.000,0.000,0.004,0.000,0.005,0.000,0.000,0.028,0.137,0.003,0.021,0.000,0.000,0.002,0.000,0.799,0.799
TCGA-A7-A4SC-01A,0.010,0.000,0.010,0.012,0.013,0.001,0.023,0.119,0.236,0.033,0.041,0.007,0.000,0.009,0.000,0.484,0.484
TCGA-E2-A15M-01A,0.006,0.012,0.045,0.024,0.027,0.002,0.038,0.145,0.199,0.022,0.129,0.003,0.001,0.008,0.000,0.339,0.339
TCGA-A8-A08I-01A,0.030,0.001,0.024,0.072,0.037,0.000,0.033,0.022,0.046,0.002,0.177,0.000,0.000,0.010,0.000,0.546,0.546
TCGA-AC-A2FF-01A,0.021,0.010,0.028,0.012,0.016,0.001,0.037,0.173,0.290,0.037,0.060,0.013,0.000,0.007,0.000,0.294,0.294
TCGA-E2-A1L6-01A,0.007,0.000,0.015,0.013,0.003,0.001,0.030,0.065,0.190,0.026,0.045,0.006,0.000,0.007,0.000,0.591,0.591
TCGA-A7-A13E-01B,0.013,0.060,0.011,0.056,0.006,0.050,0.040,0.047,0.147,0.019,0.085,0.009,0.000,0.042,0.002,0.411,0.411
TCGA-AR-A24S-01A,0.000,0.000,0.026,0.015,0.001,0.001,0.012,0.053,0.213,0.027,0.214,0.003,0.000,0.006,0.000,0.428,0.428
TCGA-E2-A155-01A,0.005,0.000,0.002,0.002,0.000,0.000,0.000,0.029,0.061,0.017,0.013,0.000,0.000,0.004,0.000,0.866,0.866
TCGA-C8-A12M-01A,0.010,0.000,0.012,0.011,0.007,0.000,0.004,0.098,0.030,0.046,0.016,0.000,0.000,0.007,0.000,0.759,0.759
TCGA-E2-A14W-01A,0.006,0.000,0.003,0.000,0.001,0.000,0.000,0.000,0.086,0.003,0.018,0.000,0.000,0.001,0.000,0.882,0.882
TCGA-B6-A0RQ-01A,0.000,0.000,0.004,0.000,0.003,0.000,0.018,0.091,0.133,0.043,0.021,0.005,0.000,0.004,0.000,0.677,0.677
TCGA-EW-A1IW-01A,0.001,0.003,0.020,0.005,0.011,0.001,0.024,0.058,0.193,0.032,0.047,0.005,0.000,0.007,0.000,0.594,0.594
TCGA-A1-A0SM-01A,0.000,0.000,0.009,0.006,0.001,0.001,0.001,0.037,0.273,0.015,0.072,0.003,0.000,0.005,0.000,0.579,0.579
TCGA-E9-A1R6-01A,0.005,0.000,0.007,0.004,0.001,0.000,0.002,0.031,0.129,0.026,0.038,0.002,0.000,0.005,0.000,0.751,0.751
TCGA-A2-A0CQ-01A,0.006,0.000,0.003,0.002,0.002,0.000,0.009,0.034,0.077,0.028,0.105,0.000,0.000,0.002,0.000,0.731,0.731
TCGA-OL-A5D7-01A,0.009,0.022,0.038,0.021,0.036,0.000,0.053,0.023,0.040,0.005,0.079,0.000,0.000,0.001,0.000,0.671,0.671
TCGA-D8-A143-01A,0.017,0.000,0.032,0.006,0.013,0.000,0.020,0.043,0.045,0.017,0.042,0.000,0.000,0.005,0.000,0.759,0.759
TCGA-C8-A138-01A,0.016,0.000,0.023,0.023,0.035,0.000,0.022,0.057,0.205,0.044,0.075,0.002,0.000,0.002,0.000,0.493,0.493
TCGA-E2-A14Q-01A,0.005,0.000,0.015,0.010,0.007,0.001,0.021,0.059,0.141,0.030,0.017,0.004,0.000,0.003,0.000,0.687,0.687
TCGA-A2-A0YL-01A,0.002,0.000,0.016,0.013,0.012,0.002,0.033,0.111,0.264,0.028,0.036,0.007,0.000,0.006,0.000,0.471,0.471
TCGA-PL-A8LY-01A,0.003,0.000,0.005,0.001,0.009,0.000,0.030,0.062,0.037,0.039,0.023,0.000,0.000,0.001,0.000,0.791,0.791
TCGA-GM-A2DK-01A,0.003,0.000,0.004,0.002,0.007,0.000,0.015,0.137,0.161,0.051,0.082,0.000,0.000,0.002,0.000,0.535,0.535
TCGA-B6-A0RO-01A,0.014,0.000,0.004,0.000,0.007,0.000,0.002,0.027,0.074,0.011,0.030,0.000,0.000,0.003,0.000,0.828,0.828
TCGA-D8-A142-01A,0.026,0.000,0.011,0.001,0.016,0.000,0.018,0.054,0.239,0.020,0.075,0.000,0.000,0.007,0.000,0.534,0.534
TCGA-C8-A8HP-01A,0.038,0.000,0.037,0.006,0.036,0.000,0.030,0.031,0.100,0.040,0.088,0.000,0.000,0.004,0.000,0.589,0.589
TCGA-E9-A24A-01A,0.000,0.000,0.022,0.003,0.011,0.001,0.003,0.054,0.186,0.018,0.200,0.002,0.000,0.010,0.000,0.490,0.490
TCGA-AO-A0JE-01A,0.017,0.000,0.050,0.002,0.037,0.000,0.020,0.048,0.262,0.008,0.094,0.000,0.000,0.006,0.000,0.454,0.454
TCGA-AR-A1AU-01A,0.009,0.000,0.007,0.009,0.001,0.001,0.002,0.065,0.248,0.031,0.040,0.007,0.000,0.007,0.000,0.572,0.572
TCGA-E9-A1QZ-01A,0.009,0.031,0.030,0.018,0.027,0.004,0.044,0.100,0.169,0.041,0.068,0.011,0.001,0.007,0.000,0.439,0.439
TCGA-AR-A1AQ-01A,0.054,0.004,0.043,0.020,0.022,0.000,0.055,0.030,0.113,0.009,0.090,0.000,0.000,0.004,0.000,0.556,0.556
TCGA-A2-A25A-01A,0.007,0.000,0.013,0.015,0.014,0.002,0.033,0.232,0.260,0.051,0.050,0.013,0.000,0.007,0.000,0.303,0.303
TCGA-E2-A10E-01A,0.001,0.000,0.015,0.005,0.008,0.000,0.020,0.041,0.168,0.022,0.037,0.001,0.000,0.007,0.000,0.673,0.673
TCGA-C8-A3M7-01A,0.024,0.000,0.007,0.002,0.016,0.001,0.009,0.249,0.131,0.127,0.026,0.009,0.000,0.003,0.000,0.394,0.394
TCGA-AQ-A1H3-01A,0.006,0.001,0.018,0.009,0.012,0.001,0.034,0.093,0.221,0.039,0.040,0.002,0.000,0.008,0.000,0.516,0.516
TCGA-E9-A247-01A,0.000,0.000,0.004,0.000,0.003,0.000,0.002,0.024,0.101,0.020,0.021,0.000,0.000,0.002,0.000,0.822,0.822
TCGA-AN-A0FF-01A,0.010,0.000,0.026,0.009,0.013,0.001,0.018,0.062,0.133,0.027,0.100,0.005,0.000,0.005,0.000,0.592,0.592
TCGA-A2-A0YH-01A,0.017,0.000,0.038,0.010,0.013,0.000,0.002,0.024,0.170,0.013,0.177,0.001,0.000,0.008,0.000,0.525,0.525
TCGA-E9-A1RH-01A,0.007,0.000,0.005,0.007,0.004,0.000,0.000,0.015,0.194,0.002,0.054,0.000,0.000,0.009,0.000,0.703,0.703
TCGA-AR-A2LE-01A,0.000,0.000,0.001,0.001,0.001,0.009,0.013,0.080,0.108,0.032,0.028,0.003,0.000,0.003,0.000,0.722,0.722
TCGA-E9-A1N3-01A,0.008,0.000,0.011,0.000,0.000,0.000,0.000,0.045,0.062,0.028,0.034,0.001,0.000,0.004,0.000,0.807,0.807
TCGA-MS-A51U-01A,0.021,0.000,0.012,0.011,0.018,0.002,0.027,0.079,0.292,0.023,0.032,0.001,0.000,0.006,0.000,0.475,0.475
TCGA-A8-A07F-01A,0.000,0.000,0.016,0.006,0.011,0.001,0.014,0.041,0.158,0.018,0.073,0.007,0.000,0.008,0.000,0.645,0.645
TCGA-A8-A08A-01A,0.004,0.000,0.024,0.002,0.006,0.000,0.034,0.027,0.163,0.012,0.094,0.000,0.000,0.004,0.000,0.629,0.629
TCGA-D8-A1JE-01A,0.000,0.000,0.018,0.005,0.008,0.000,0.000,0.029,0.303,0.002,0.127,0.000,0.000,0.005,0.000,0.501,0.501
TCGA-LL-A6FR-01A,0.000,0.000,0.003,0.000,0.001,0.000,0.001,0.008,0.264,0.003,0.041,0.000,0.001,0.000,0.000,0.678,0.678
TCGA-E9-A22D-01A,0.013,0.001,0.044,0.089,0.066,0.000,0.057,0.027,0.096,0.004,0.108,0.000,0.000,0.005,0.000,0.490,0.490
TCGA-A2-A0SX-01A,0.023,0.025,0.048,0.005,0.030,0.000,0.058,0.039,0.213,0.010,0.091,0.000,0.000,0.012,0.000,0.445,0.445
TCGA-EW-A1PH-01A,0.011,0.001,0.009,0.001,0.009,0.000,0.014,0.020,0.137,0.012,0.027,0.000,0.000,0.006,0.000,0.753,0.753
TCGA-AN-A0FK-01A,0.011,0.000,0.003,0.004,0.001,0.000,0.000,0.048,0.097,0.051,0.035,0.000,0.000,0.001,0.000,0.749,0.749
TCGA-A2-A0CX-01A,0.000,0.000,0.011,0.002,0.011,0.000,0.000,0.040,0.207,0.007,0.094,0.000,0.000,0.003,0.000,0.624,0.624
TCGA-E2-A158-01A,0.001,0.000,0.009,0.001,0.001,0.000,0.007,0.027,0.026,0.018,0.011,0.000,0.000,0.003,0.000,0.895,0.895
TCGA-D8-A1X6-01A,0.000,0.000,0.010,0.001,0.006,0.000,0.000,0.024,0.068,0.013,0.179,0.000,0.000,0.004,0.000,0.695,0.695
TCGA-EW-A1P7-01A,0.026,0.133,0.053,0.005,0.043,0.001,0.076,0.074,0.247,0.020,0.053,0.000,0.001,0.016,0.001,0.250,0.250
TCGA-B6-A0IG-01A,0.015,0.000,0.007,0.003,0.007,0.000,0.007,0.030,0.128,0.012,0.017,0.000,0.000,0.004,0.000,0.770,0.770
TCGA-A7-A4SA-01A,0.008,0.001,0.025,0.024,0.034,0.002,0.047,0.062,0.192,0.022,0.064,0.005,0.000,0.006,0.000,0.508,0.508
TCGA-D8-A1JP-01A,0.000,0.000,0.020,0.006,0.017,0.000,0.024,0.047,0.276,0.021,0.087,0.000,0.000,0.005,0.000,0.496,0.496
TCGA-C8-A1HN-01A,0.000,0.000,0.006,0.000,0.006,0.000,0.001,0.026,0.086,0.025,0.071,0.000,0.000,0.004,0.000,0.775,0.775
TCGA-D8-A1XK-01A,0.008,0.000,0.010,0.014,0.012,0.000,0.002,0.015,0.050,0.003,0.097,0.000,0.000,0.007,0.001,0.781,0.781
TCGA-E9-A22A-01A,0.005,0.000,0.033,0.005,0.021,0.000,0.012,0.041,0.368,0.015,0.099,0.001,0.000,0.003,0.000,0.396,0.396
TCGA-AO-A12H-01A,0.000,0.000,0.008,0.000,0.002,0.000,0.000,0.063,0.037,0.048,0.070,0.004,0.000,0.001,0.000,0.766,0.766
TCGA-D8-A1Y2-01A,0.014,0.001,0.023,0.002,0.025,0.000,0.000,0.039,0.298,0.002,0.263,0.000,0.000,0.002,0.000,0.330,0.330
TCGA-D8-A1XW-01A,0.008,0.000,0.021,0.003,0.004,0.000,0.026,0.069,0.087,0.039,0.194,0.000,0.000,0.008,0.000,0.540,0.540
TCGA-OL-A5RZ-01A,0.000,0.000,0.001,0.000,0.006,0.000,0.011,0.028,0.039,0.015,0.028,0.000,0.000,0.002,0.000,0.869,0.869
TCGA-BH-A42V-01A,0.014,0.001,0.019,0.008,0.014,0.004,0.044,0.149,0.216,0.048,0.031,0.008,0.000,0.004,0.000,0.441,0.441
TCGA-BH-A0B7-01A,0.013,0.007,0.024,0.017,0.023,0.001,0.035,0.115,0.177,0.026,0.069,0.003,0.000,0.009,0.000,0.482,0.482
TCGA-C8-A1HO-01A,0.014,0.000,0.010,0.013,0.000,0.000,0.000,0.036,0.100,0.015,0.023,0.000,0.000,0.004,0.000,0.784,0.784
TCGA-A8-A09A-01A,0.005,0.000,0.008,0.005,0.018,0.000,0.025,0.055,0.222,0.022,0.055,0.000,0.000,0.006,0.000,0.580,0.580
TCGA-AO-A129-01A,0.020,0.014,0.026,0.012,0.019,0.000,0.044,0.037,0.142,0.014,0.058,0.000,0.000,0.003,0.000,0.611,0.611
TCGA-AO-A03O-01A,0.007,0.000,0.032,0.030,0.003,0.000,0.013,0.025,0.070,0.013,0.063,0.000,0.000,0.005,0.000,0.738,0.738
TCGA-E2-A10A-01A,0.005,0.000,0.015,0.006,0.000,0.000,0.000,0.039,0.156,0.028,0.074,0.000,0.000,0.011,0.000,0.665,0.665
TCGA-A8-A09E-01A,0.004,0.000,0.004,0.001,0.000,0.000,0.000,0.033,0.107,0.013,0.029,0.000,0.000,0.002,0.000,0.805,0.805
TCGA-AC-A3YJ-01A,0.008,0.000,0.013,0.000,0.007,0.000,0.012,0.049,0.029,0.032,0.116,0.000,0.000,0.000,0.000,0.733,0.733
TCGA-EW-A1IX-01A,0.008,0.000,0.023,0.001,0.004,0.001,0.035,0.062,0.315,0.021,0.065,0.010,0.000,0.009,0.000,0.445,0.445
TCGA-A8-A09N-01A,0.007,0.000,0.012,0.007,0.014,0.001,0.001,0.033,0.128,0.006,0.038,0.007,0.000,0.005,0.000,0.740,0.740
TCGA-AO-A0J6-01A,0.002,0.000,0.012,0.046,0.004,0.000,0.010,0.009,0.027,0.001,0.065,0.000,0.000,0.004,0.000,0.820,0.820
TCGA-AN-A0FJ-01A,0.000,0.000,0.017,0.001,0.007,0.000,0.028,0.054,0.102,0.026,0.026,0.000,0.000,0.004,0.000,0.736,0.736
TCGA-BH-A1ES-01A,0.000,0.000,0.011,0.000,0.001,0.000,0.011,0.023,0.208,0.010,0.014,0.000,0.000,0.005,0.000,0.715,0.715
TCGA-BH-A0E1-01A,0.009,0.000,0.006,0.004,0.000,0.001,0.001,0.083,0.137,0.063,0.026,0.003,0.000,0.000,0.000,0.666,0.666
TCGA-4H-AAAK-01A,0.001,0.000,0.023,0.002,0.007,0.001,0.017,0.034,0.350,0.006,0.051,0.007,0.000,0.003,0.000,0.499,0.499
TCGA-EW-A6S9-01A,0.007,0.000,0.021,0.001,0.001,0.001,0.001,0.034,0.207,0.019,0.060,0.006,0.000,0.007,0.000,0.635,0.635
TCGA-D8-A1JM-01A,0.001,0.000,0.005,0.006,0.012,0.000,0.004,0.016,0.007,0.019,0.013,0.000,0.000,0.005,0.000,0.910,0.910
TCGA-A7-A4SF-01A,0.004,0.000,0.014,0.017,0.011,0.001,0.008,0.016,0.071,0.018,0.046,0.005,0.000,0.004,0.000,0.785,0.785
TCGA-A8-A08R-01A,0.020,0.002,0.034,0.007,0.027,0.000,0.020,0.043,0.143,0.016,0.112,0.000,0.000,0.010,0.000,0.564,0.564
TCGA-D8-A146-01A,0.012,0.010,0.016,0.004,0.010,0.001,0.030,0.065,0.293,0.022,0.063,0.017,0.000,0.008,0.000,0.449,0.449
TCGA-D8-A1X5-01A,0.016,0.000,0.009,0.008,0.001,0.000,0.000,0.024,0.177,0.009,0.134,0.000,0.000,0.007,0.000,0.615,0.615
TCGA-A2-A1FV-01A,0.000,0.000,0.003,0.001,0.000,0.000,0.001,0.099,0.118,0.054,0.010,0.006,0.000,0.006,0.000,0.702,0.702
TCGA-A2-A0CK-01A,0.006,0.000,0.009,0.003,0.015,0.001,0.023,0.096,0.206,0.037,0.045,0.003,0.000,0.002,0.000,0.553,0.553
TCGA-E2-A1IL-01A,0.008,0.000,0.011,0.002,0.007,0.001,0.006,0.066,0.201,0.035,0.045,0.003,0.000,0.012,0.000,0.602,0.602
TCGA-B6-A0X7-01A,0.004,0.000,0.006,0.001,0.001,0.000,0.004,0.102,0.240,0.030,0.030,0.010,0.000,0.003,0.000,0.566,0.566
TCGA-B6-A2IU-01A,0.007,0.000,0.005,0.001,0.001,0.000,0.011,0.062,0.088,0.043,0.024,0.004,0.000,0.004,0.000,0.749,0.749
TCGA-B6-A0WS-01A,0.013,0.001,0.049,0.006,0.029,0.000,0.050,0.055,0.214,0.015,0.052,0.000,0.000,0.006,0.000,0.509,0.509
TCGA-E2-A1IO-01A,0.007,0.001,0.025,0.014,0.030,0.001,0.040,0.073,0.339,0.007,0.036,0.006,0.000,0.007,0.000,0.413,0.413
TCGA-AC-A5EH-01A,0.000,0.000,0.017,0.001,0.011,0.000,0.005,0.028,0.236,0.011,0.103,0.000,0.000,0.004,0.000,0.585,0.585
TCGA-AC-A3BB-01A,0.014,0.007,0.034,0.007,0.025,0.006,0.064,0.119,0.279,0.033,0.067,0.009,0.001,0.004,0.000,0.331,0.331
TCGA-AR-A0TQ-01A,0.017,0.001,0.014,0.040,0.018,0.000,0.032,0.057,0.109,0.021,0.062,0.000,0.000,0.006,0.000,0.622,0.622
TCGA-D8-A1JK-01A,0.020,0.000,0.033,0.021,0.002,0.000,0.004,0.036,0.162,0.012,0.145,0.000,0.000,0.006,0.000,0.560,0.560
TCGA-D8-A1X7-01A,0.011,0.000,0.012,0.003,0.002,0.000,0.001,0.056,0.145,0.042,0.059,0.000,0.000,0.007,0.000,0.661,0.661
TCGA-AO-A1KQ-01A,0.011,0.000,0.011,0.014,0.027,0.000,0.015,0.020,0.122,0.015,0.049,0.000,0.000,0.001,0.000,0.715,0.715
TCGA-PL-A8LX-01A,0.005,0.000,0.014,0.000,0.003,0.000,0.000,0.088,0.016,0.089,0.089,0.000,0.000,0.002,0.000,0.693,0.693
TCGA-AR-A2LH-01A,0.017,0.013,0.035,0.012,0.029,0.002,0.062,0.142,0.133,0.037,0.054,0.000,0.002,0.008,0.000,0.455,0.455
TCGA-BH-A0B8-01A,0.000,0.000,0.003,0.005,0.001,0.000,0.000,0.047,0.143,0.028,0.036,0.009,0.000,0.005,0.000,0.723,0.723
TCGA-A2-A3KD-01A,0.024,0.000,0.008,0.007,0.002,0.002,0.005,0.064,0.154,0.031,0.052,0.002,0.000,0.004,0.000,0.645,0.645
TCGA-A2-A0D4-01A,0.000,0.000,0.003,0.002,0.000,0.000,0.000,0.069,0.035,0.059,0.022,0.000,0.000,0.004,0.000,0.806,0.806
TCGA-D8-A27R-01A,0.013,0.000,0.008,0.007,0.024,0.000,0.014,0.046,0.131,0.023,0.079,0.000,0.000,0.003,0.000,0.652,0.652
TCGA-E2-A1IE-01A,0.001,0.000,0.002,0.002,0.002,0.000,0.001,0.070,0.078,0.037,0.017,0.000,0.000,0.003,0.000,0.787,0.787
TCGA-EW-A1J3-01A,0.000,0.000,0.003,0.005,0.000,0.000,0.005,0.028,0.113,0.022,0.044,0.007,0.000,0.005,0.000,0.766,0.766
TCGA-BH-A18Q-01A,0.006,0.000,0.009,0.031,0.007,0.000,0.034,0.072,0.089,0.035,0.034,0.000,0.000,0.007,0.000,0.674,0.674
TCGA-B6-A1KI-01A,0.002,0.000,0.006,0.001,0.003,0.000,0.000,0.147,0.154,0.081,0.018,0.003,0.000,0.004,0.000,0.580,0.580
TCGA-A7-A26G-01A,0.022,0.003,0.031,0.002,0.021,0.000,0.043,0.062,0.304,0.001,0.085,0.000,0.000,0.012,0.000,0.413,0.413
TCGA-AO-A03M-01B,0.016,0.001,0.029,0.035,0.021,0.000,0.041,0.039,0.094,0.012,0.063,0.000,0.000,0.005,0.000,0.645,0.645
TCGA-A2-A0CS-01A,0.000,0.000,0.015,0.000,0.003,0.000,0.040,0.024,0.224,0.001,0.050,0.005,0.000,0.002,0.000,0.634,0.634
TCGA-C8-A12W-01A,0.037,0.000,0.016,0.003,0.014,0.000,0.005,0.032,0.217,0.010,0.102,0.000,0.000,0.006,0.000,0.557,0.557
TCGA-E2-A1IU-01A,0.018,0.009,0.015,0.004,0.008,0.001,0.015,0.063,0.098,0.027,0.049,0.004,0.000,0.006,0.000,0.685,0.685
TCGA-B6-A0I9-01A,0.011,0.000,0.009,0.001,0.008,0.000,0.003,0.028,0.071,0.008,0.054,0.000,0.000,0.008,0.000,0.798,0.798
TCGA-AO-A128-01A,0.024,0.001,0.036,0.121,0.034,0.000,0.038,0.032,0.058,0.002,0.222,0.000,0.001,0.021,0.001,0.412,0.412
TCGA-A7-A3J0-01A,0.010,0.002,0.038,0.001,0.013,0.000,0.013,0.041,0.014,0.045,0.042,0.000,0.000,0.003,0.000,0.777,0.777
TCGA-E9-A1NE-01A,0.015,0.018,0.028,0.054,0.055,0.001,0.059,0.072,0.186,0.015,0.066,0.006,0.001,0.012,0.001,0.413,0.413
TCGA-AC-A2FB-01A,0.006,0.019,0.045,0.011,0.050,0.002,0.101,0.118,0.145,0.027,0.040,0.017,0.001,0.013,0.000,0.405,0.405
TCGA-AR-A5QP-01A,0.016,0.000,0.012,0.002,0.007,0.000,0.028,0.059,0.257,0.019,0.043,0.000,0.000,0.004,0.000,0.551,0.551
TCGA-A2-A0T4-01A,0.006,0.000,0.016,0.006,0.011,0.001,0.023,0.101,0.278,0.026,0.084,0.014,0.000,0.003,0.000,0.430,0.430
TCGA-BH-A0BL-01A,0.006,0.009,0.038,0.020,0.014,0.000,0.046,0.078,0.286,0.036,0.087,0.000,0.000,0.010,0.000,0.368,0.368
TCGA-BH-A0HY-01A,0.000,0.000,0.004,0.001,0.002,0.000,0.000,0.046,0.163,0.023,0.019,0.000,0.000,0.004,0.000,0.737,0.737
TCGA-E9-A2JT-01A,0.016,0.292,0.088,0.017,0.083,0.012,0.041,0.118,0.123,0.030,0.053,0.004,0.001,0.019,0.001,0.101,0.101
TCGA-A7-A3IY-01A,0.005,0.000,0.016,0.001,0.005,0.000,0.014,0.055,0.167,0.037,0.146,0.000,0.000,0.001,0.000,0.552,0.552
TCGA-A8-A085-01A,0.000,0.000,0.005,0.000,0.000,0.000,0.000,0.061,0.127,0.026,0.029,0.000,0.000,0.002,0.000,0.748,0.748
TCGA-AO-A12B-01A,0.022,0.000,0.004,0.002,0.001,0.000,0.000,0.032,0.036,0.072,0.028,0.000,0.000,0.001,0.000,0.801,0.801
TCGA-A8-A06Y-01A,0.010,0.000,0.002,0.000,0.000,0.000,0.000,0.042,0.027,0.040,0.013,0.000,0.000,0.002,0.000,0.863,0.863
TCGA-A8-A09I-01A,0.003,0.000,0.018,0.034,0.000,0.000,0.000,0.019,0.114,0.003,0.110,0.000,0.000,0.007,0.000,0.691,0.691
TCGA-A8-A0A2-01A,0.013,0.000,0.012,0.003,0.011,0.000,0.007,0.046,0.206,0.008,0.065,0.004,0.000,0.008,0.000,0.614,0.614
TCGA-AC-A2FE-01A,0.005,0.000,0.037,0.014,0.047,0.005,0.042,0.087,0.235,0.023,0.089,0.007,0.000,0.006,0.000,0.403,0.403
TCGA-A7-A13D-01B,0.007,0.023,0.025,0.039,0.004,0.001,0.003,0.082,0.200,0.036,0.030,0.016,0.002,0.032,0.002,0.499,0.499
TCGA-A8-A08J-01A,0.011,0.000,0.015,0.001,0.008,0.000,0.000,0.031,0.157,0.013,0.099,0.000,0.000,0.005,0.000,0.660,0.660
TCGA-5T-A9QA-01A,0.006,0.000,0.003,0.004,0.003,0.000,0.000,0.015,0.002,0.022,0.040,0.000,0.000,0.001,0.000,0.904,0.904
TCGA-A1-A0SQ-01A,0.009,0.000,0.009,0.001,0.004,0.000,0.005,0.066,0.045,0.039,0.070,0.000,0.000,0.003,0.000,0.749,0.749
TCGA-AC-A3QP-01A,0.013,0.000,0.011,0.001,0.009,0.000,0.038,0.060,0.253,0.016,0.104,0.001,0.000,0.001,0.000,0.493,0.493
TCGA-D8-A1JB-01A,0.017,0.031,0.038,0.008,0.047,0.001,0.057,0.078,0.163,0.019,0.058,0.009,0.001,0.008,0.000,0.464,0.464
TCGA-BH-A18S-01A,0.013,0.000,0.005,0.000,0.005,0.000,0.001,0.038,0.058,0.025,0.072,0.001,0.000,0.002,0.000,0.781,0.781
TCGA-A2-A0CW-01A,0.000,0.000,0.007,0.013,0.017,0.000,0.021,0.030,0.045,0.021,0.041,0.000,0.000,0.005,0.000,0.799,0.799
TCGA-A8-A09K-01A,0.022,0.002,0.020,0.023,0.026,0.000,0.004,0.012,0.026,0.012,0.044,0.013,0.000,0.007,0.000,0.788,0.788
TCGA-E9-A22G-01A,0.000,0.000,0.013,0.000,0.008,0.000,0.029,0.020,0.035,0.009,0.021,0.000,0.000,0.003,0.000,0.861,0.861
TCGA-E2-A573-01A,0.028,0.001,0.030,0.036,0.015,0.000,0.066,0.036,0.067,0.020,0.058,0.000,0.000,0.007,0.000,0.636,0.636
TCGA-AR-A0TP-01A,0.000,0.000,0.000,0.000,0.002,0.000,0.000,0.034,0.070,0.045,0.026,0.000,0.000,0.003,0.000,0.817,0.817
TCGA-AO-A1KT-01A,0.001,0.000,0.019,0.001,0.002,0.000,0.003,0.032,0.234,0.013,0.083,0.000,0.000,0.004,0.000,0.609,0.609
TCGA-BH-A203-01A,0.011,0.000,0.023,0.001,0.020,0.000,0.023,0.032,0.124,0.016,0.077,0.000,0.000,0.003,0.000,0.670,0.670
TCGA-B6-A0RM-01A,0.002,0.000,0.005,0.003,0.010,0.000,0.006,0.020,0.073,0.049,0.030,0.009,0.000,0.003,0.000,0.789,0.789
TCGA-A1-A0SP-01A,0.005,0.004,0.018,0.002,0.008,0.000,0.042,0.027,0.085,0.016,0.085,0.000,0.000,0.001,0.000,0.707,0.707
TCGA-A1-A0SB-01A,0.000,0.000,0.001,0.000,0.001,0.000,0.008,0.031,0.185,0.018,0.009,0.000,0.000,0.006,0.000,0.740,0.740
TCGA-AC-A6IV-01A,0.004,0.001,0.027,0.008,0.022,0.002,0.026,0.152,0.295,0.044,0.141,0.013,0.001,0.008,0.000,0.256,0.256
TCGA-OL-A5RY-01A,0.030,0.044,0.041,0.006,0.027,0.000,0.069,0.082,0.235,0.021,0.080,0.000,0.001,0.004,0.000,0.359,0.359
TCGA-LL-A7SZ-01A,0.158,0.000,0.044,0.009,0.018,0.000,0.030,0.023,0.099,0.015,0.118,0.000,0.000,0.001,0.000,0.484,0.484
TCGA-AO-A03R-01A,0.008,0.000,0.010,0.001,0.010,0.000,0.026,0.061,0.045,0.050,0.030,0.000,0.000,0.000,0.000,0.760,0.760
TCGA-EW-A1PD-01A,0.000,0.000,0.007,0.001,0.007,0.001,0.006,0.143,0.215,0.036,0.061,0.002,0.000,0.006,0.000,0.514,0.514
TCGA-BH-A1FG-01A,0.015,0.000,0.001,0.001,0.000,0.000,0.000,0.022,0.075,0.013,0.039,0.004,0.000,0.000,0.000,0.828,0.828
TCGA-AO-A0JA-01A,0.009,0.000,0.020,0.003,0.012,0.000,0.016,0.045,0.280,0.013,0.086,0.000,0.000,0.006,0.000,0.510,0.510
TCGA-A2-A04T-01A,0.004,0.000,0.031,0.005,0.021,0.000,0.036,0.018,0.054,0.018,0.061,0.000,0.000,0.002,0.000,0.750,0.750
TCGA-BH-A0DH-01A,0.038,0.000,0.007,0.002,0.006,0.000,0.002,0.035,0.100,0.031,0.069,0.000,0.000,0.005,0.000,0.706,0.706
TCGA-D8-A1XF-01A,0.021,0.000,0.011,0.005,0.003,0.000,0.004,0.027,0.019,0.058,0.023,0.000,0.000,0.004,0.000,0.824,0.824
TCGA-A8-A06T-01A,0.010,0.000,0.019,0.011,0.013,0.000,0.008,0.037,0.128,0.022,0.039,0.000,0.000,0.004,0.000,0.708,0.708
TCGA-LL-A50Y-01A,0.014,0.000,0.015,0.000,0.014,0.000,0.054,0.030,0.108,0.020,0.080,0.000,0.000,0.001,0.000,0.664,0.664
TCGA-E9-A3QA-01A,0.015,0.029,0.054,0.030,0.019,0.000,0.094,0.035,0.104,0.013,0.082,0.000,0.000,0.009,0.000,0.515,0.515
TCGA-EW-A2FW-01A,0.008,0.000,0.006,0.002,0.006,0.000,0.000,0.060,0.094,0.039,0.037,0.001,0.000,0.002,0.000,0.746,0.746
TCGA-AR-A2LN-01A,0.014,0.004,0.014,0.002,0.010,0.003,0.031,0.184,0.322,0.037,0.052,0.022,0.001,0.014,0.000,0.290,0.290
TCGA-E9-A22B-01A,0.008,0.000,0.007,0.001,0.001,0.000,0.000,0.067,0.209,0.023,0.068,0.000,0.000,0.000,0.000,0.615,0.615
TCGA-A8-A07P-01A,0.005,0.000,0.004,0.001,0.001,0.000,0.013,0.024,0.121,0.016,0.069,0.006,0.000,0.002,0.000,0.737,0.737
TCGA-A8-A06Z-01A,0.004,0.000,0.002,0.000,0.000,0.000,0.000,0.029,0.021,0.021,0.062,0.000,0.000,0.002,0.000,0.857,0.857
TCGA-LL-A740-01A,0.003,0.000,0.025,0.000,0.004,0.000,0.028,0.078,0.201,0.024,0.097,0.000,0.001,0.005,0.000,0.533,0.533
TCGA-A7-A0CE-01A,0.002,0.000,0.008,0.008,0.001,0.000,0.004,0.048,0.082,0.034,0.033,0.000,0.000,0.003,0.000,0.778,0.778
TCGA-A8-A08L-01A,0.001,0.001,0.033,0.014,0.023,0.000,0.032,0.048,0.086,0.016,0.051,0.000,0.000,0.003,0.000,0.691,0.691
TCGA-A8-A06Q-01A,0.003,0.000,0.001,0.000,0.005,0.000,0.000,0.006,0.012,0.000,0.038,0.000,0.000,0.001,0.000,0.933,0.933
TCGA-B6-A0IK-01A,0.013,0.000,0.011,0.001,0.013,0.000,0.020,0.047,0.079,0.019,0.029,0.000,0.000,0.003,0.000,0.766,0.766
TCGA-BH-A1EW-01A,0.007,0.000,0.016,0.026,0.011,0.001,0.025,0.106,0.145,0.034,0.027,0.007,0.000,0.013,0.001,0.580,0.580
TCGA-A8-A090-01A,0.009,0.000,0.014,0.008,0.004,0.001,0.000,0.044,0.148,0.024,0.136,0.003,0.000,0.008,0.000,0.600,0.600
TCGA-BH-A28Q-01A,0.003,0.000,0.008,0.010,0.001,0.000,0.019,0.056,0.223,0.016,0.032,0.000,0.000,0.007,0.000,0.625,0.625
TCGA-A8-A07L-01A,0.000,0.000,0.005,0.004,0.008,0.000,0.001,0.043,0.141,0.024,0.036,0.000,0.000,0.005,0.000,0.733,0.733
TCGA-BH-A0AZ-01A,0.012,0.000,0.015,0.004,0.008,0.000,0.010,0.083,0.465,0.018,0.049,0.000,0.000,0.006,0.000,0.329,0.329
TCGA-A8-A076-01A,0.009,0.000,0.017,0.005,0.006,0.000,0.001,0.035,0.171,0.009,0.111,0.000,0.000,0.005,0.000,0.631,0.631
TCGA-D8-A1JI-01A,0.014,0.000,0.012,0.003,0.000,0.000,0.001,0.046,0.042,0.037,0.061,0.001,0.000,0.002,0.000,0.780,0.780
TCGA-GM-A2DC-01A,0.006,0.000,0.005,0.000,0.004,0.000,0.003,0.055,0.079,0.021,0.032,0.000,0.000,0.002,0.000,0.791,0.791
TCGA-A8-A09T-01A,0.000,0.000,0.006,0.002,0.002,0.000,0.001,0.023,0.163,0.011,0.098,0.000,0.000,0.004,0.000,0.691,0.691
TCGA-AC-A5XS-01A,0.025,0.000,0.018,0.006,0.018,0.001,0.025,0.079,0.140,0.024,0.121,0.005,0.000,0.003,0.000,0.535,0.535
TCGA-A2-A0YJ-01A,0.000,0.000,0.003,0.001,0.001,0.000,0.006,0.015,0.051,0.016,0.043,0.000,0.000,0.005,0.000,0.858,0.858
TCGA-A2-A0SW-01A,0.086,0.000,0.021,0.019,0.043,0.000,0.006,0.039,0.141,0.003,0.109,0.000,0.000,0.003,0.000,0.529,0.529
TCGA-AR-A1AI-01A,0.036,0.000,0.031,0.034,0.018,0.000,0.057,0.019,0.039,0.003,0.116,0.000,0.000,0.010,0.000,0.636,0.636
TCGA-BH-AB28-01A,0.008,0.018,0.023,0.008,0.008,0.000,0.034,0.057,0.187,0.020,0.056,0.000,0.000,0.005,0.000,0.575,0.575
TCGA-E2-A1LA-01A,0.029,0.000,0.026,0.007,0.026,0.000,0.053,0.015,0.184,0.011,0.099,0.000,0.000,0.002,0.000,0.547,0.547
TCGA-A8-A09V-01A,0.004,0.000,0.014,0.003,0.002,0.001,0.004,0.048,0.242,0.012,0.031,0.013,0.000,0.014,0.000,0.611,0.611
TCGA-WT-AB44-01A,0.000,0.000,0.007,0.000,0.006,0.000,0.005,0.029,0.343,0.000,0.032,0.000,0.000,0.000,0.000,0.577,0.577
TCGA-E9-A1R5-01A,0.000,0.000,0.010,0.000,0.002,0.000,0.000,0.033,0.281,0.014,0.033,0.003,0.000,0.005,0.000,0.617,0.617
TCGA-A2-A25B-01A,0.001,0.000,0.009,0.007,0.007,0.000,0.001,0.027,0.130,0.007,0.095,0.000,0.000,0.008,0.000,0.708,0.708
TCGA-AN-A03Y-01A,0.008,0.000,0.006,0.003,0.011,0.000,0.003,0.022,0.114,0.012,0.043,0.000,0.000,0.001,0.000,0.778,0.778
TCGA-LQ-A4E4-01A,0.001,0.000,0.004,0.003,0.007,0.000,0.000,0.051,0.096,0.028,0.039,0.003,0.000,0.004,0.000,0.763,0.763
TCGA-A7-A0DC-01A,0.004,0.001,0.003,0.010,0.000,0.000,0.000,0.058,0.028,0.050,0.018,0.012,0.000,0.010,0.000,0.804,0.804
TCGA-OL-A97C-01A,0.000,0.000,0.027,0.004,0.016,0.000,0.017,0.060,0.315,0.003,0.041,0.000,0.000,0.003,0.000,0.515,0.515
TCGA-BH-A0DX-01A,0.000,0.000,0.007,0.001,0.013,0.000,0.010,0.089,0.251,0.024,0.163,0.007,0.000,0.005,0.000,0.429,0.429
TCGA-AC-A4ZE-01A,0.008,0.000,0.006,0.011,0.011,0.001,0.008,0.128,0.072,0.060,0.031,0.010,0.000,0.005,0.000,0.649,0.649
TCGA-D8-A27I-01A,0.008,0.002,0.017,0.004,0.016,0.002,0.039,0.143,0.293,0.031,0.064,0.016,0.000,0.009,0.000,0.356,0.356
TCGA-A8-A09X-01A,0.014,0.001,0.028,0.004,0.037,0.000,0.012,0.065,0.124,0.011,0.151,0.000,0.000,0.002,0.000,0.552,0.552
TCGA-OL-A6VR-01A,0.011,0.000,0.007,0.007,0.001,0.001,0.013,0.043,0.042,0.038,0.021,0.002,0.000,0.002,0.000,0.813,0.813
TCGA-A2-A0D3-01A,0.007,0.007,0.015,0.001,0.012,0.000,0.024,0.027,0.107,0.006,0.025,0.000,0.000,0.006,0.000,0.764,0.764
TCGA-S3-AA14-01A,0.011,0.000,0.011,0.005,0.005,0.001,0.008,0.054,0.270,0.012,0.038,0.008,0.000,0.004,0.000,0.574,0.574
TCGA-B6-A40C-01A,0.007,0.000,0.019,0.004,0.010,0.000,0.013,0.073,0.234,0.034,0.069,0.000,0.000,0.004,0.000,0.533,0.533
TCGA-E9-A1RD-01A,0.006,0.000,0.009,0.001,0.005,0.000,0.002,0.068,0.134,0.028,0.068,0.005,0.000,0.006,0.000,0.667,0.667
TCGA-PL-A8LV-01A,0.023,0.013,0.011,0.009,0.004,0.000,0.030,0.038,0.116,0.025,0.032,0.000,0.000,0.001,0.000,0.697,0.697
TCGA-A7-A6VX-01A,0.002,0.000,0.014,0.006,0.006,0.000,0.002,0.042,0.231,0.021,0.056,0.000,0.000,0.006,0.000,0.615,0.615
TCGA-C8-A8HR-01A,0.004,0.001,0.015,0.015,0.024,0.000,0.043,0.157,0.292,0.048,0.067,0.000,0.000,0.005,0.000,0.329,0.329
TCGA-EW-A1PB-01A,0.002,0.000,0.028,0.043,0.026,0.000,0.011,0.012,0.037,0.005,0.204,0.000,0.001,0.008,0.000,0.623,0.623
TCGA-BH-A0DL-01A,0.010,0.000,0.043,0.003,0.014,0.000,0.042,0.024,0.039,0.007,0.163,0.000,0.000,0.017,0.000,0.636,0.636
TCGA-GM-A2DF-01A,0.073,0.000,0.020,0.006,0.006,0.000,0.044,0.058,0.129,0.024,0.110,0.000,0.000,0.001,0.000,0.528,0.528
TCGA-C8-A131-01A,0.007,0.000,0.007,0.000,0.008,0.000,0.002,0.031,0.157,0.018,0.060,0.000,0.000,0.002,0.000,0.708,0.708
TCGA-B6-A409-01A,0.011,0.000,0.008,0.000,0.004,0.000,0.011,0.030,0.093,0.020,0.032,0.000,0.000,0.000,0.000,0.791,0.791
TCGA-A2-A0SY-01A,0.010,0.024,0.019,0.005,0.006,0.002,0.023,0.071,0.253,0.017,0.078,0.011,0.000,0.004,0.000,0.478,0.478
TCGA-AO-A12A-01A,0.005,0.000,0.017,0.013,0.010,0.000,0.041,0.085,0.218,0.035,0.037,0.000,0.000,0.007,0.000,0.531,0.531
TCGA-A2-A0CY-01A,0.002,0.000,0.002,0.000,0.005,0.000,0.000,0.013,0.035,0.002,0.007,0.000,0.000,0.001,0.000,0.933,0.933
TCGA-AN-A0G0-01A,0.011,0.000,0.008,0.003,0.009,0.000,0.001,0.027,0.064,0.001,0.059,0.000,0.000,0.005,0.000,0.812,0.812
TCGA-A2-A3XT-01A,0.004,0.000,0.011,0.010,0.012,0.000,0.036,0.036,0.073,0.014,0.183,0.000,0.000,0.002,0.000,0.618,0.618
TCGA-AQ-A1H2-01A,0.005,0.000,0.010,0.004,0.001,0.000,0.000,0.021,0.100,0.027,0.084,0.000,0.000,0.003,0.000,0.743,0.743
TCGA-E2-A1L8-01A,0.005,0.000,0.009,0.000,0.007,0.000,0.033,0.063,0.252,0.025,0.035,0.000,0.000,0.004,0.000,0.567,0.567
TCGA-C8-A26V-01A,0.004,0.000,0.015,0.016,0.002,0.000,0.001,0.022,0.103,0.008,0.060,0.000,0.000,0.003,0.000,0.765,0.765
TCGA-A8-A08B-01A,0.009,0.000,0.016,0.041,0.000,0.001,0.001,0.015,0.056,0.013,0.038,0.002,0.000,0.004,0.000,0.805,0.805
TCGA-D8-A1XJ-01A,0.000,0.000,0.007,0.007,0.000,0.000,0.000,0.031,0.131,0.010,0.059,0.000,0.000,0.003,0.000,0.750,0.750
TCGA-AO-A0JC-01A,0.011,0.282,0.102,0.022,0.059,0.112,0.076,0.067,0.062,0.019,0.051,0.003,0.001,0.023,0.002,0.106,0.106
TCGA-AR-A0U0-01A,0.025,0.000,0.041,0.051,0.019,0.000,0.025,0.029,0.035,0.012,0.100,0.000,0.000,0.010,0.000,0.653,0.653
TCGA-A7-A6VV-01A,0.006,0.000,0.018,0.001,0.008,0.000,0.023,0.053,0.259,0.027,0.102,0.000,0.000,0.008,0.000,0.496,0.496
TCGA-B6-A3ZX-01A,0.033,0.127,0.081,0.005,0.052,0.019,0.070,0.063,0.094,0.015,0.033,0.001,0.001,0.015,0.001,0.390,0.390
TCGA-AR-A24L-01A,0.004,0.000,0.003,0.006,0.010,0.000,0.001,0.062,0.266,0.034,0.050,0.007,0.000,0.007,0.000,0.547,0.547
TCGA-EW-A1OW-01A,0.006,0.000,0.016,0.009,0.002,0.000,0.022,0.048,0.216,0.026,0.043,0.000,0.000,0.007,0.000,0.604,0.604
TCGA-EW-A1P3-01A,0.011,0.000,0.006,0.007,0.003,0.001,0.010,0.062,0.179,0.043,0.034,0.007,0.000,0.002,0.000,0.637,0.637
TCGA-LL-A7T0-01A,0.011,0.000,0.014,0.015,0.017,0.000,0.025,0.026,0.096,0.018,0.050,0.000,0.000,0.003,0.000,0.725,0.725
TCGA-B6-A0I8-01A,0.005,0.000,0.001,0.001,0.002,0.000,0.000,0.048,0.123,0.018,0.028,0.000,0.000,0.008,0.000,0.764,0.764
TCGA-BH-A0AV-01A,0.000,0.000,0.004,0.001,0.003,0.000,0.001,0.046,0.435,0.016,0.072,0.000,0.000,0.010,0.000,0.412,0.412
TCGA-E2-A156-01A,0.000,0.000,0.005,0.000,0.001,0.000,0.002,0.037,0.032,0.032,0.045,0.004,0.000,0.006,0.000,0.835,0.835
TCGA-BH-A5IZ-01A,0.000,0.000,0.002,0.004,0.003,0.000,0.005,0.031,0.075,0.012,0.063,0.000,0.000,0.003,0.000,0.801,0.801
TCGA-BH-A1EN-01A,0.004,0.000,0.003,0.001,0.000,0.000,0.000,0.045,0.094,0.003,0.065,0.000,0.000,0.002,0.000,0.784,0.784
TCGA-A1-A0SN-01A,0.003,0.000,0.020,0.017,0.023,0.000,0.018,0.046,0.210,0.011,0.081,0.000,0.000,0.006,0.000,0.563,0.563
TCGA-E2-A150-01A,0.000,0.000,0.029,0.001,0.007,0.000,0.032,0.049,0.137,0.014,0.082,0.000,0.000,0.008,0.000,0.639,0.639
TCGA-PL-A8LZ-01A,0.016,0.001,0.039,0.044,0.010,0.000,0.043,0.167,0.123,0.059,0.086,0.000,0.001,0.008,0.000,0.403,0.403
TCGA-A2-A0CO-01A,0.012,0.024,0.048,0.004,0.030,0.011,0.043,0.231,0.202,0.053,0.063,0.005,0.001,0.008,0.000,0.267,0.267
TCGA-HN-A2NL-01A,0.009,0.016,0.020,0.000,0.021,0.000,0.032,0.026,0.041,0.004,0.032,0.000,0.000,0.001,0.000,0.796,0.796
TCGA-E2-A14X-01A,0.057,0.036,0.024,0.004,0.014,0.000,0.028,0.066,0.081,0.017,0.030,0.000,0.000,0.011,0.000,0.630,0.630
TCGA-BH-A0B2-01A,0.010,0.010,0.036,0.013,0.018,0.000,0.032,0.069,0.280,0.021,0.093,0.000,0.000,0.005,0.000,0.412,0.412
TCGA-A2-A4RX-01A,0.005,0.029,0.023,0.003,0.022,0.000,0.037,0.096,0.297,0.029,0.021,0.000,0.001,0.012,0.000,0.424,0.424
TCGA-E2-A572-01A,0.024,0.000,0.007,0.000,0.002,0.000,0.000,0.035,0.022,0.040,0.024,0.000,0.000,0.000,0.000,0.844,0.844
TCGA-C8-A12V-01A,0.046,0.015,0.047,0.070,0.040,0.000,0.119,0.062,0.090,0.007,0.127,0.000,0.001,0.011,0.000,0.364,0.364
TCGA-BH-A0BQ-01A,0.011,0.000,0.021,0.006,0.010,0.001,0.038,0.054,0.334,0.016,0.032,0.001,0.000,0.002,0.000,0.474,0.474
TCGA-C8-A12T-01A,0.000,0.000,0.020,0.006,0.002,0.001,0.000,0.023,0.251,0.011,0.071,0.005,0.000,0.001,0.000,0.608,0.608
TCGA-EW-A1OX-01A,0.003,0.000,0.007,0.000,0.000,0.000,0.000,0.035,0.000,0.069,0.008,0.000,0.000,0.002,0.000,0.875,0.875
TCGA-BH-A0BW-01A,0.013,0.001,0.049,0.062,0.005,0.000,0.036,0.035,0.066,0.018,0.108,0.000,0.001,0.025,0.000,0.581,0.581
TCGA-A8-A084-01A,0.000,0.000,0.006,0.003,0.008,0.000,0.000,0.016,0.182,0.003,0.034,0.000,0.000,0.012,0.000,0.736,0.736
TCGA-A2-A0SV-01A,0.000,0.000,0.024,0.003,0.002,0.000,0.000,0.027,0.194,0.010,0.147,0.000,0.000,0.003,0.000,0.590,0.590
TCGA-C8-A275-01A,0.015,0.001,0.030,0.010,0.034,0.000,0.028,0.042,0.090,0.002,0.125,0.000,0.000,0.007,0.000,0.616,0.616
TCGA-S3-A6ZH-01A,0.009,0.000,0.023,0.002,0.006,0.000,0.015,0.034,0.051,0.011,0.033,0.002,0.000,0.004,0.000,0.810,0.810
TCGA-D8-A1JD-01A,0.001,0.000,0.038,0.004,0.002,0.001,0.011,0.017,0.225,0.003,0.115,0.004,0.000,0.005,0.000,0.574,0.574
TCGA-A2-A0CV-01A,0.010,0.000,0.012,0.001,0.015,0.000,0.041,0.079,0.265,0.025,0.040,0.000,0.000,0.003,0.000,0.509,0.509
TCGA-E2-A14V-01A,0.000,0.000,0.004,0.003,0.003,0.000,0.006,0.021,0.117,0.015,0.021,0.003,0.000,0.004,0.000,0.802,0.802
TCGA-E2-A153-01A,0.000,0.000,0.008,0.001,0.000,0.000,0.003,0.067,0.390,0.025,0.095,0.001,0.000,0.005,0.000,0.405,0.405
TCGA-AR-A24R-01A,0.011,0.000,0.021,0.030,0.004,0.000,0.019,0.025,0.133,0.012,0.064,0.000,0.000,0.005,0.000,0.675,0.675
TCGA-AR-A1AV-01A,0.000,0.000,0.003,0.000,0.003,0.000,0.001,0.052,0.147,0.017,0.070,0.004,0.000,0.008,0.000,0.694,0.694
TCGA-OL-A66H-01A,0.011,0.000,0.033,0.006,0.010,0.000,0.002,0.075,0.087,0.039,0.143,0.001,0.000,0.002,0.000,0.591,0.591
TCGA-AR-A251-01A,0.011,0.001,0.010,0.005,0.017,0.000,0.015,0.046,0.120,0.029,0.062,0.000,0.000,0.010,0.000,0.673,0.673
TCGA-AC-A7VB-01A,0.002,0.000,0.006,0.002,0.006,0.000,0.000,0.046,0.030,0.024,0.016,0.000,0.000,0.005,0.000,0.862,0.862
TCGA-A8-A08C-01A,0.000,0.000,0.009,0.001,0.002,0.000,0.003,0.037,0.125,0.020,0.038,0.000,0.000,0.007,0.000,0.758,0.758
TCGA-A2-A259-01A,0.009,0.019,0.021,0.007,0.005,0.001,0.040,0.113,0.175,0.038,0.029,0.021,0.000,0.012,0.001,0.511,0.511
TCGA-AO-A03P-01A,0.000,0.000,0.003,0.000,0.001,0.000,0.000,0.043,0.093,0.028,0.031,0.000,0.000,0.000,0.000,0.801,0.801
TCGA-A7-A4SE-01A,0.001,0.000,0.016,0.004,0.008,0.000,0.023,0.054,0.281,0.057,0.037,0.000,0.000,0.011,0.000,0.507,0.507
TCGA-C8-A132-01A,0.012,0.003,0.036,0.003,0.045,0.000,0.050,0.052,0.269,0.011,0.038,0.000,0.000,0.008,0.000,0.472,0.472
TCGA-B6-A0RS-01A,0.013,0.000,0.007,0.003,0.011,0.000,0.005,0.038,0.130,0.022,0.112,0.000,0.000,0.001,0.000,0.658,0.658
TCGA-BH-A0BV-01A,0.010,0.000,0.021,0.009,0.020,0.001,0.008,0.060,0.191,0.012,0.100,0.004,0.000,0.006,0.000,0.559,0.559
TCGA-BH-A0B1-01A,0.007,0.000,0.013,0.002,0.001,0.001,0.001,0.078,0.183,0.041,0.029,0.005,0.000,0.009,0.000,0.631,0.631
TCGA-AN-A0FZ-01A,0.000,0.000,0.002,0.001,0.001,0.000,0.000,0.069,0.162,0.023,0.033,0.000,0.000,0.008,0.000,0.700,0.700
TCGA-EW-A1PC-01B,0.000,0.000,0.012,0.005,0.003,0.000,0.000,0.021,0.092,0.018,0.029,0.000,0.000,0.005,0.000,0.814,0.814
TCGA-D8-A147-01A,0.003,0.001,0.029,0.020,0.007,0.001,0.030,0.023,0.128,0.016,0.066,0.001,0.000,0.009,0.000,0.666,0.666
TCGA-BH-A1FE-01A,0.002,0.019,0.029,0.031,0.017,0.001,0.061,0.081,0.246,0.015,0.029,0.013,0.001,0.008,0.000,0.448,0.448
TCGA-AN-A0XV-01A,0.017,0.000,0.016,0.002,0.017,0.001,0.022,0.126,0.239,0.033,0.027,0.004,0.000,0.003,0.000,0.493,0.493
TCGA-XX-A89A-01A,0.008,0.001,0.035,0.004,0.017,0.000,0.024,0.120,0.360,0.017,0.130,0.000,0.000,0.006,0.000,0.277,0.277
TCGA-LL-A441-01A,0.017,0.152,0.050,0.011,0.025,0.006,0.069,0.067,0.149,0.023,0.034,0.001,0.001,0.017,0.000,0.375,0.375
TCGA-E2-A15O-01A,0.000,0.000,0.016,0.005,0.002,0.001,0.014,0.033,0.072,0.023,0.034,0.005,0.000,0.005,0.000,0.790,0.790
TCGA-C8-A12P-01A,0.013,0.000,0.014,0.007,0.006,0.000,0.001,0.032,0.162,0.011,0.106,0.000,0.000,0.004,0.000,0.643,0.643
TCGA-BH-A1F0-01A,0.030,0.030,0.039,0.010,0.028,0.000,0.050,0.152,0.146,0.034,0.193,0.000,0.001,0.017,0.001,0.270,0.270
TCGA-OL-A66K-01A,0.011,0.000,0.006,0.002,0.008,0.000,0.019,0.069,0.235,0.032,0.030,0.005,0.000,0.004,0.000,0.579,0.579
TCGA-BH-A0GY-01A,0.000,0.002,0.010,0.001,0.008,0.000,0.019,0.031,0.148,0.017,0.061,0.001,0.000,0.007,0.000,0.693,0.693
TCGA-GM-A2DD-01A,0.015,0.000,0.045,0.007,0.024,0.000,0.058,0.055,0.230,0.015,0.108,0.000,0.000,0.002,0.000,0.441,0.441
TCGA-A1-A0SE-01A,0.007,0.000,0.006,0.008,0.006,0.001,0.018,0.059,0.237,0.025,0.015,0.004,0.000,0.004,0.000,0.611,0.611
TCGA-LL-A73Y-01A,0.009,0.013,0.035,0.002,0.010,0.000,0.054,0.093,0.282,0.025,0.045,0.000,0.000,0.010,0.000,0.422,0.422
TCGA-A2-A0CM-01A,0.008,0.000,0.033,0.036,0.022,0.000,0.031,0.048,0.132,0.011,0.115,0.000,0.000,0.005,0.000,0.557,0.557
TCGA-A8-A09G-01A,0.020,0.001,0.030,0.017,0.028,0.000,0.015,0.047,0.072,0.011,0.077,0.000,0.000,0.009,0.000,0.673,0.673
TCGA-E2-A14T-01A,0.003,0.000,0.004,0.000,0.008,0.000,0.001,0.028,0.079,0.017,0.084,0.000,0.000,0.007,0.000,0.768,0.768
TCGA-E9-A1N8-01A,0.000,0.000,0.004,0.000,0.006,0.000,0.004,0.021,0.086,0.009,0.019,0.000,0.000,0.004,0.000,0.847,0.847
TCGA-AN-A0AT-01A,0.002,0.008,0.011,0.007,0.011,0.000,0.024,0.012,0.051,0.013,0.051,0.000,0.000,0.002,0.000,0.808,0.808
TCGA-A8-A08Z-01A,0.000,0.000,0.015,0.010,0.006,0.001,0.000,0.054,0.339,0.016,0.181,0.004,0.000,0.009,0.000,0.363,0.363
TCGA-AR-A24N-01A,0.021,0.000,0.010,0.013,0.000,0.000,0.000,0.032,0.239,0.018,0.039,0.000,0.000,0.008,0.000,0.619,0.619
TCGA-BH-A0B6-01A,0.032,0.024,0.047,0.025,0.035,0.000,0.099,0.063,0.180,0.016,0.065,0.000,0.014,0.002,0.000,0.396,0.396
TCGA-EW-A1PA-01A,0.017,0.004,0.016,0.020,0.010,0.001,0.016,0.094,0.132,0.021,0.028,0.010,0.000,0.006,0.000,0.624,0.624
TCGA-AR-A24Q-01A,0.015,0.001,0.011,0.002,0.029,0.000,0.033,0.038,0.228,0.027,0.057,0.000,0.000,0.006,0.000,0.552,0.552
TCGA-BH-A8FY-01A,0.012,0.000,0.003,0.000,0.000,0.000,0.000,0.062,0.001,0.039,0.082,0.000,0.000,0.001,0.000,0.798,0.798
TCGA-E9-A2JS-01A,0.000,0.000,0.012,0.001,0.008,0.000,0.003,0.020,0.128,0.013,0.056,0.002,0.000,0.004,0.000,0.753,0.753
TCGA-AN-A0AR-01A,0.000,0.000,0.001,0.000,0.006,0.000,0.009,0.019,0.030,0.020,0.029,0.000,0.000,0.000,0.000,0.884,0.884
TCGA-A2-A04U-01A,0.002,0.000,0.004,0.000,0.007,0.000,0.006,0.017,0.106,0.011,0.029,0.000,0.000,0.000,0.000,0.819,0.819
TCGA-A7-A56D-01A,0.026,0.000,0.009,0.000,0.007,0.000,0.000,0.013,0.307,0.006,0.064,0.000,0.000,0.000,0.000,0.566,0.566
TCGA-B6-A0X4-01A,0.007,0.000,0.007,0.000,0.000,0.000,0.001,0.032,0.015,0.048,0.013,0.001,0.000,0.002,0.000,0.873,0.873
TCGA-AQ-A7U7-01A,0.036,0.035,0.063,0.019,0.066,0.004,0.062,0.132,0.264,0.028,0.074,0.010,0.002,0.012,0.000,0.194,0.194
TCGA-D8-A1XT-01A,0.000,0.000,0.026,0.004,0.003,0.000,0.000,0.062,0.223,0.025,0.121,0.000,0.000,0.011,0.000,0.524,0.524
TCGA-BH-A1FJ-01A,0.000,0.000,0.012,0.002,0.001,0.000,0.000,0.044,0.089,0.023,0.029,0.002,0.000,0.004,0.000,0.793,0.793
TCGA-A2-A0ET-01A,0.000,0.000,0.011,0.018,0.004,0.000,0.001,0.041,0.039,0.030,0.069,0.000,0.000,0.006,0.000,0.781,0.781
TCGA-AR-A0TR-01A,0.018,0.013,0.011,0.002,0.003,0.006,0.021,0.029,0.002,0.014,0.017,0.002,0.000,0.007,0.000,0.856,0.856
TCGA-A8-A095-01A,0.000,0.000,0.019,0.009,0.004,0.001,0.022,0.054,0.148,0.023,0.049,0.004,0.000,0.005,0.000,0.661,0.661
TCGA-A2-A25E-01A,0.007,0.000,0.007,0.010,0.001,0.000,0.012,0.047,0.112,0.028,0.044,0.000,0.000,0.005,0.000,0.728,0.728
TCGA-A8-A08S-01A,0.000,0.000,0.016,0.010,0.001,0.000,0.007,0.021,0.139,0.017,0.056,0.000,0.000,0.008,0.000,0.725,0.725
