"","cellFractions.B.Cells","cellFractions.CD4.T","cellFractions.CD8.T","cellFractions.DC","cellFractions.Endothelial.Cells","cellFractions.Fibroblasts","cellFractions.Macrophages","cellFractions.Mast.Cells","cellFractions.Monocytes","cellFractions.NK","cellFractions.Neutrophils","cellFractions.otherCells"
"TCGA.BC.A10Z.01A",1.1043548464607e-07,4.17951369240988e-07,4.29369039126436e-07,0.886904326373974,0.003263957206238,0.000874672481841981,0.0130738881695511,3.02877171246726e-08,0.0957725546074445,7.57797826747722e-06,0.000101862925009939,1.72214062370581e-07
"TCGA.DD.AAEK.01A",0.00812181880063974,0.0336566455324847,4.52593705129145e-08,0.832096543760108,0.0779066895934201,0.0215894148068583,0.0242961609125296,1.58468456735438e-05,4.31225751459404e-05,0.00227360536915063,1.01082362930457e-07,5.4622563222475e-09
"TCGA.G3.A3CK.01A",0.00328845521098947,0.0178071583363487,1.39156864415283e-07,0.00589966498218262,0.0501611912181584,0.00979770947815765,0.0241592981782285,2.52040902384035e-06,6.98588980744406e-08,0.00244417234283047,0.308663075479904,0.577776545348414
"TCGA.DD.A1EJ.01A",0.00181004872953116,0.00522810112165596,9.06673676279233e-05,0.12612398335154,0.0244787964726215,0.0050593443572043,0.0359768524335683,4.93645128301242e-08,0.00023700754052875,0.000633441043461497,2.24567148832543e-05,0.800339251502864
"TCGA.DD.AACU.01A",7.86526491525465e-08,0.00857055814676076,2.70670527547191e-07,0.915950331508106,0.0537764495381433,0.0122283065650847,0.00648089323647695,4.07583999857375e-05,0.00237939742392343,0.000572285439529331,2.64299684085915e-07,4.06119128591008e-07
"TCGA.ZS.A9CE.01A",0.000355433259648942,0.00107077396988386,7.92285544166874e-08,0.27577606200889,0.0195536187344042,0.00450755870266981,2.45068459944135e-09,1.44464954041818e-06,0.000692145258750087,0.000135824293603627,0.0716302929391123,0.626276764504258
"TCGA.2Y.A9H2.01A",0.00515157179975805,0.0142200805517057,1.60333960116568e-07,3.34981314592325e-07,0.0595078400868364,0.015331138001676,0.0159841451820544,0.000199302502335955,7.94767302657586e-07,0.00116358371093766,1.6345338014626e-05,0.888424702744104
"TCGA.CC.5261.01A",0.052842926180891,0.0400385753178579,0.010764704761313,0.646321778013141,0.180749347103906,0.0514950497766991,0.0139899071965098,0.000765910951736585,0.00210401236382986,0.000871936021240186,5.58239571204899e-05,2.83557546011255e-08
"TCGA.DD.AADP.01A",0.00646800711160333,0.0118429680497811,1.18160199790781e-06,0.540974161675904,0.0746959601632704,0.0164615777973885,0.00359783334102509,4.30102911829428e-05,0.000209108282498823,0.00101648613124421,0.0882844984500212,0.256405207104083
"TCGA.2Y.A9H4.01A",0.00453929737276744,0.00797327407893333,0.000810426929683588,8.49977327722755e-08,0.111283734479281,0.0107912989540677,0.0116489953534001,2.23562182631751e-05,1.55307071143261e-08,0.00165908387084947,5.08567913228859e-06,0.851266346535182
"TCGA.DD.A1EA.01A",0.0127580401738291,0.0138400406657103,0.000198577334155684,0.688866728268255,0.0889585363974269,0.00390113547983465,0.0224639558320566,2.11621676906174e-05,0.00543705872199634,0.00259038176888021,9.27828334362987e-06,0.160955104906821
"TCGA.CC.A3MC.01A",0.000544938218564613,0.00728170618786313,2.08949600464368e-07,0.293678675211678,0.0575625836745705,0.0227558980071305,0.00805706006884381,1.1614469343326e-05,0.0015143258969216,0.00161845414918328,0.0114143679450455,0.595560167221256
"TCGA.FV.A2QR.01A",0.000703643776306734,0.00866202996329604,1.24914239028184e-06,0.422155056010482,0.109929322293134,0.0238639916121067,0.0048083190217653,4.78562794755127e-05,0.0034697355645369,0.00094842389212394,2.85606399182068e-06,0.42540751638039
"TCGA.EP.A26S.01A",0.000782840672449353,0.00217613602527215,0.000544207041839452,0.126974057099343,0.0717668335951759,0.00861221469566931,0.00521286565740226,0.000129067149552199,4.63825813775943e-08,0.000898799824568938,0.137326855193968,0.645576076662178
"TCGA.K7.AAU7.01A",0.00410097256307119,0.019783810047362,2.8445507977185e-06,0.383885333374469,0.0535170947470068,0.0269011883578986,0.00962067842186405,0.00016359126937064,1.222769938104e-06,0.000622254590740383,0.179579214359252,0.321821794948229
"TCGA.G3.A25T.01A",1.4420458312186e-06,0.00492639449589073,0.00340160502708087,0.624583378784612,0.070475158775816,0.0428497623545087,0.016816600447869,2.23509278606529e-05,7.07578719342974e-05,0.000754356094613076,0.236061672365838,3.65208081449413e-05
"TCGA.DD.AADB.01A",0.0339428975652952,0.0554616587940819,2.67886646670994e-07,2.51331222779689e-06,0.0945562010236733,0.00877696533019999,0.0310120623186715,1.0923451945607e-06,1.09097644443145e-05,0.00669537366090486,8.08864139798263e-06,0.769531969357262
"TCGA.UB.A7MA.01A",0.00101025143893967,0.012022839144315,2.90353613643778e-07,0.289574723152807,0.0474232166752172,0.0388137838579607,0.00482061261078171,7.17633042943233e-06,1.78398101728611e-08,0.000610674766565367,0.307639350511387,0.298077063318173
"TCGA.DD.AAD0.01A",3.22688234339969e-07,0.00236614540178263,0.00786441522265746,0.468322290639751,0.0198721892290527,0.00231797679076523,0.00135726133031276,1.88824465823407e-10,0.00380784975891512,0.000201059924822082,0.000100294424998056,0.493790194399884
"TCGA.BC.4072.01B",0.00799301658172988,0.0605672582535957,0.000477866784766442,7.17396663223334e-09,0.0628285994316214,0.0314025307725137,0.0457258294633295,0.000102321960178854,3.98979066158776e-08,0.00483682179870565,2.96160103455561e-08,0.786065678265675
"TCGA.DD.AACD.01A",0.000789024938583355,0.00673312459147793,0.00280702431403414,2.2989409402146e-10,0.061617393342658,0.011428741398032,0.0298119819212265,1.11022255988274e-05,1.38999896317635e-09,0.00152864804137876,1.77631087807509e-06,0.885271181296239
"TCGA.DD.A3A5.01A",0.000379969848618265,0.00469824396982518,0.000101429819461806,0.291487982968199,0.0588677742623593,0.0185142279137786,0.00263513935146844,4.77553410241211e-05,4.4062685389383e-07,0.00123715853716088,0.337538971316446,0.284490906044805
"TCGA.ZP.A9D1.01A",0.00154763960323246,0.0189105994275339,2.88026979300166e-06,0.305170025912935,0.0970847955572429,0.021427191752502,0.00595507692368907,0.000137513737387308,2.72977851159045e-06,0.000858916900884575,0.221687059407604,0.327215570728684
"TCGA.ZP.A9D0.01A",0.000630449372675119,0.00239988956914525,1.07043944021217e-06,0.420035463137683,0.0572145210462698,0.00771964339011425,0.0046981497294559,1.42785461525968e-05,0.000693773064593815,0.000358801807746648,0.0691594106681398,0.437074549228584
"TCGA.CC.A7IK.01A",4.27960724498533e-07,0.00142271249246881,0.000416376107375473,0.39472315084663,0.0674237380248092,0.00786521659655279,0.00611471101618439,0.000216717619746022,0.0042269697913156,0.00101142801038172,1.74971904027913e-06,0.516576801814771
"TCGA.WQ.AB4B.01A",0.000271157838975203,0.00614435152812173,1.78398038758224e-08,0.12642921193184,0.0335363455105624,0.0124319201240362,0.00478705383563172,6.31614225040864e-05,9.45212676729395e-10,0.000274778822362717,0.318043647205826,0.498018352995123
"TCGA.FV.A4ZQ.01A",0.043445645220316,0.0674392259456903,0.0379489420790139,1.53843612774e-06,0.0237294543443222,0.00405248198859901,0.0770142300222707,8.25229094474795e-06,3.01113004142695e-07,0.021184641836498,2.58884472824509e-05,0.725149398275931
"TCGA.G3.A25S.01A",0.00145079534056968,0.0107560305429727,1.45964129914538e-07,4.32804796765243e-06,0.0385324260091249,0.00593603912405608,0.0269310967234386,0.000182899319753243,6.16935977023401e-08,0.00156916153858744,1.7435144379708e-06,0.914635272181364
"TCGA.NI.A4U2.01A",0.000386560326693867,0.000946652742032613,1.29861146995419e-07,0.272440622227273,0.11959390276774,0.00735028319511825,0.000958449202101609,1.82445538567286e-05,4.18739933502487e-07,0.000236526327751302,0.266906910358844,0.331161299697508
"TCGA.RC.A7SK.01A",2.07054066830468e-08,0.000168601092185214,0.00340617549479556,0.791893105419595,0.0413277980567007,0.00899043369212232,3.97020288255401e-08,1.69153663762802e-05,0.00695761375928046,0.000195148280503703,4.46401249323251e-05,0.146999508306073
"TCGA.DD.AADS.01A",0.000165196058909994,0.000103993362327432,0.0153505015926742,3.37707476128832e-07,0.0215362701077881,0.0012730420023167,0.00928489899498502,1.29184102038991e-05,9.06004539557198e-09,0.00186520534463077,0.885315511628923,0.0650921157297199
"TCGA.DD.A73F.01A",0.00485959303425039,0.0516376015609572,7.13734332355383e-07,1.21173237233249e-05,0.0744106066448544,0.0135148029251708,0.0389794373346134,5.15765538285041e-06,1.244616883886e-07,0.00664461025971231,3.46218401690614e-07,0.809934888846913
"TCGA.DD.A11C.01A",0.00429567350328068,0.00770658602140316,2.33509577782219e-08,0.163445813147433,0.166628548755301,0.0267482015334854,0.0120369092819473,0.000492050141173903,2.05612158889747e-06,0.00110236399651858,0.0912051751810231,0.526336598965887
"TCGA.FV.A23B.01A",0.0012533451723293,0.013644136875647,2.49760970452132e-07,0.515380060476691,0.110277594323635,0.011548716094223,0.00986836835513233,4.00520649152653e-06,0.00204139830322291,0.000969603832342153,1.17929324549864e-06,0.335011342306069
"TCGA.DD.AADD.01A",0.00126164081097596,0.00862325458166355,0.000544170774656917,0.202337702291417,0.0416978868435799,0.010020421848508,0.0175621418402825,0.000246758334810047,0.000565928777420481,0.001597288238346,5.5616539214748e-07,0.715542249492947
"TCGA.DD.AACO.01A",0.00107368912286633,0.00496339699368172,0.00804126560065976,0.012821420510047,0.0218967282449123,0.00491310574876536,0.00603747068303333,0.000130421984286384,6.14527720889707e-09,0.000954961128314619,0.748448737256399,0.190718796581757
"TCGA.RC.A6M3.01A",0.00427693641431936,0.00751339298039786,0.00518452330718869,1.39819017221527e-05,0.0247108096830327,0.00459698277255486,0.0125853239593037,5.61557971940618e-05,4.56314400033251e-09,0.000788332439370058,0.116296688123843,0.82397686805793
"TCGA.DD.AAED.01A",0.00199420252314008,0.00521049389146149,1.03944060149935e-06,0.109344985579676,0.00939969542029757,0.00154120486462814,0.00341387520591639,2.29693918457128e-08,1.20099592043007e-07,0.000243770395020177,0.258686339503695,0.610164250106579
"TCGA.BC.A10X.01A",0.00461502327473571,0.00755911539681102,7.79859200886487e-07,0.266745091926117,0.0276526473120246,0.0275178902010301,0.0255061380898563,4.74177608113149e-05,0.000470851303566974,0.00159782153904009,1.21533598848969e-05,0.638275069976922
"TCGA.DD.AAVP.01A",0.00420993948153768,0.004836717186296,0.00012667781272717,7.8467273926559e-08,0.161833859850966,0.021298700859781,0.0121212244102755,0.000567674517820516,1.30420020546811e-06,0.00139451394741511,7.40981071734124e-08,0.793609235167595
"TCGA.MI.A75C.01A",0.00124385759120919,0.0106911940934848,0.0133357662815016,0.0198383996080142,0.019222421414064,0.00431966467113598,0.00676782800384177,4.5204173040693e-06,1.79078561449541e-08,0.00138497238614328,0.292791142939889,0.630400214685556
"TCGA.DD.A39W.01A",0.00138213931717466,0.00239559337554491,0.00184732008988104,0.420835329101412,0.0648242441256641,0.00549613389605012,0.0081281909278606,7.53849298673447e-05,0.00415025933768303,0.000733587964512504,4.46465935214373e-07,0.490131370468415
"TCGA.DD.A4NA.01A",0.0137171801984523,0.0104341708146931,2.78348307447233e-07,0.593159446369358,0.0822653054153587,0.033500966378764,0.0231644458010123,0.000115215175403292,0.00286779773787199,0.00124337176428478,2.71866118527419e-06,0.239529103335309
"TCGA.DD.AAVY.01A",0.00018161195816405,0.000322113523614437,7.03478693681527e-05,0.592421921166209,0.0755589150713969,0.00370929135724463,0.00551109638790068,5.75007759246168e-09,0.00491138803007953,0.000793842693589678,2.72824197561855e-06,0.31651673795038
"TCGA.DD.A1EC.01A",0.013642737250061,0.146346884730921,0.00873386153354009,7.33873473419069e-08,0.105131758603792,0.0149646078459476,0.104223192599652,0.000444629273694089,2.42398600079668e-06,0.0239452078082533,8.01308981809805e-07,0.582563821671809
"TCGA.5C.AAPD.01A",0.087840631760222,0.0727232803838865,0.0131087136023753,1.18807222853044e-07,0.0864943003578583,0.0413359424258955,0.0581898076833205,3.5343237155183e-05,1.10279282549691e-08,0.00508001559282455,1.38727651283369e-05,0.635177962356183
"TCGA.BC.4073.01B",0.0141286314108927,0.0809740893511416,0.00418140992573128,0.720198794849802,0.0792015943521146,0.0144679959529362,0.0653073517155187,2.58149871696896e-05,0.0155790908047426,0.00591619312201847,1.61991557768183e-05,2.83437215533994e-06
"TCGA.WQ.A9G7.01A",0.000501501152305891,0.00656391348013376,3.07344496909304e-07,0.370143802385866,0.027899303757193,0.0236150263240175,0.00170147086200452,1.92358312194423e-05,1.29927400109512e-07,0.00028211316449361,0.238585104299323,0.330688091471546
"TCGA.CC.A7II.01A",0.00165671524588749,0.00420284437470813,0.000280419492121328,7.38840379473804e-07,0.0426191821757493,0.0200021935409791,0.0175453319183874,3.58557983194004e-05,7.08984510437519e-06,0.000737958406275176,3.43862083460608e-05,0.912877284153743
"TCGA.CC.A8HS.01A",0.000826408788143682,0.00629474550012761,0.00486665489159777,0.383849882433799,0.0832546133821613,0.0248245066304766,0.000453008246593855,0.000261356435742427,7.48236704562091e-07,0.00051271506899743,0.177354831493765,0.31750052889189
"TCGA.DD.AAEA.01A",0.00102860874589898,0.0149129703724466,0.000897186765856628,0.249961744822774,0.0192089836980221,0.00493883724798717,0.00709460581910649,6.31380648085345e-05,9.95881224157778e-09,0.00258638000480576,0.184344239708731,0.51496329479075
"TCGA.DD.A4ND.01A",0.00669538640998869,0.0322089691244457,1.85704707938044e-06,1.56003907443405e-06,0.0924633042923571,0.0986973394020884,0.0268305998577138,0.000190591116629815,5.82843160809613e-06,0.0025864099815367,6.58664530258426e-06,0.740311567652175
"TCGA.ZP.A9D2.01A",0.00195033110381905,0.00642643894553635,0.0012275629887746,0.662781197203955,0.0819295462715878,0.0241400259562093,0.0142376970164142,3.01603866617966e-05,0.00482125479480622,0.00022085556606014,0.202219419224475,1.55105417007453e-05
"TCGA.DD.AADI.01A",0.0145561559331525,0.0745549257036318,0.0142340855406162,4.1272606874833e-08,0.0561283462047176,0.0328950273460791,0.0300275542726922,0.000198081983381622,6.89155499228717e-09,0.00401340360664,5.98148622469654e-07,0.773391773096305
"TCGA.2Y.A9GX.01A",0.012343834896528,0.0604851872346092,3.35479153443167e-06,0.415632553333712,0.0927419142311951,0.0386880057676758,0.0290580993613335,5.5527861464741e-05,0.00048012094003716,0.000880132040196723,1.53570887392196e-05,0.349615912452974
"TCGA.DD.AACY.01A",0.00108894047011359,0.00525729713878083,0.00171680657337353,0.544861303733305,0.0702940235012647,0.0113935284584111,0.00423367873662034,9.32418441571107e-06,0.00330933159587947,0.000383815364058075,2.52102716750954e-06,0.35744942921661
"TCGA.DD.A73D.01A",2.0106186099636e-06,3.50219708943778e-07,7.76451961259026e-06,0.347198738703886,0.0311333708977638,0.00185462828522103,0.000294887998693168,1.11458928400885e-05,0.00301181177438987,0.000170067749645895,2.85394930499943e-06,0.616312369390324
"TCGA.DD.AAE9.01A",2.9660411661528e-06,0.00246381651605625,1.25755762987795e-06,0.333291027336347,0.0235303101857334,0.00235618749075928,0.00478418811379004,3.73300601888254e-05,5.63842513055901e-08,0.000294095962444316,0.27904462875244,0.354194135599194
"TCGA.ED.A7XO.01A",0.00937370355620661,0.0130073904939333,2.75544495239419e-07,1.19624825736971e-06,0.0538741659452464,0.0317948513357585,0.0237281586829588,2.02350388090581e-05,6.66219031162304e-09,0.00174557236810275,1.55515774582067e-05,0.866438892546583
"TCGA.DD.AADM.01A",0.000524294129053318,0.00662828470934257,0.000175801000328506,0.114953854254127,0.031123202076998,0.0133616876325647,0.00649043601730854,2.22577284059076e-05,4.7543770142818e-09,0.000512613588867443,0.433674529968279,0.392533034140348
"TCGA.FV.A3R3.01A",0.00094692250237743,0.0169587151880746,2.08631638083304e-08,0.290570661370418,0.229686492470107,0.0295242886942022,0.0201389772225822,0.000149109775910268,4.94936563268765e-08,0.00069099217959862,0.209220372255327,0.202113397984583
"TCGA.DD.AACL.01A",0.0204328619593578,0.0608327206524113,1.7954111047069e-05,2.03547559591315e-05,0.0393907109464569,0.00622902512263993,0.0830971414406507,0.000893265116997535,4.5731016038138e-08,0.00732497180099224,1.022309425411e-06,0.781759926053046
"TCGA.DD.A4NJ.01A",1.71745068888668e-07,0.000447296331716512,0.000623191446656619,0.844228132434236,0.093523431367909,0.0203291876780573,0.0219376177825113,0.000132001974281421,0.0185862889536174,0.000184814634100019,7.70137662100428e-06,1.64275224123454e-07
"TCGA.DD.AADU.01A",8.74664608701872e-10,2.11429909857099e-07,9.16908643384893e-07,0.970074566524003,0.00796659325860699,0.00396498936832516,0.00733395626268861,5.39870416840511e-05,0.0105907733946043,1.32410753765644e-05,7.55051697156744e-07,8.80979663223109e-09
"TCGA.CC.A7IF.01A",2.08656160744445e-06,2.79798256265826e-05,0.00201346673986523,0.432231948679171,0.0442963996324743,0.00961612304853315,0.00227044522305487,4.90510463013193e-06,5.08877908296175e-08,0.000328867977796635,0.235150183201202,0.274057543118248
"TCGA.CC.A5UE.01A",1.65937860168186e-06,6.88165371420541e-07,3.1358541746286e-08,0.94851206642366,0.0239133648404133,0.00502918697065873,0.0137036536261742,1.40905809764109e-07,0.00839430726319484,0.000433987264569464,1.04803749888136e-05,4.33428015781489e-07
"TCGA.DD.AAVW.01A",4.14543349521065e-07,2.56207690712042e-06,5.21899538035707e-07,0.837835096550038,0.0572896862520371,0.0395385711124219,0.0241911916839495,3.90541490905584e-07,0.041114880912886,2.36867288518696e-05,8.96425449836341e-07,2.10127307999895e-06
"TCGA.CC.A9FW.01A",0.00750206361420981,0.0097299991259174,0.000106630993240557,0.430940316367316,0.0135426202124353,0.00415220364584999,0.0025128810786064,0.000791755211577651,1.34829910142784e-09,0.00091342597518241,0.355731342605936,0.174076759821429
"TCGA.DD.A4NQ.01A",8.29929171324211e-07,1.70477032461354e-08,1.14604937912376e-06,0.844054980358795,0.000182726870339515,0.00847496538427796,0.0296794147078969,1.11030379829127e-06,0.117480423477382,2.60556736098651e-05,9.83294952068072e-05,7.02439768756026e-10
"TCGA.DD.A3A7.01A",0.000421213719184854,0.0047917063347573,0.00036235104690055,0.0871273444128358,0.0312800013724384,0.00846585784055892,0.00277099632541217,5.25782305196334e-05,6.89073819575875e-08,0.000720179640763599,0.469028285917641,0.394979416251605
"TCGA.EP.A2KA.01A",0.00499476799987217,0.0324917043571741,3.88645151651691e-06,0.0176190297300162,0.0304152168147709,0.00387284264745873,0.0178449294462088,1.57937690186232e-05,7.69108911716469e-10,0.00322536856207858,0.560302642314515,0.329213817138261
"TCGA.ED.A7PZ.01A",1.5810190569645e-06,8.1105683650105e-06,0.000728073452097204,0.453252140571134,0.0361256570526947,0.0179096529241676,0.00100010086261779,2.32719637307257e-05,2.65987210969096e-07,0.000137819765268104,0.325030698426889,0.165782627406768
"TCGA.G3.A25U.01A",0.000118031732303218,0.00138971116745076,5.03230325474486e-07,0.510281290176374,0.0591659463047442,0.00601242909749217,0.00180423649783921,1.79940067353955e-05,0.0024474642461551,0.000414625173768536,0.0951968900866127,0.323150878280199
"TCGA.RC.A7SH.01A",0.000336109772595048,0.00378049845750053,0.000254791568610712,0.194920673097536,0.034148716599608,0.0126247294547535,0.000167441719280105,3.54360473838168e-06,7.94478303537177e-08,0.00019510786129818,0.0879806326303943,0.665587675785855
"TCGA.G3.AAV1.01A",1.79163438089989e-06,1.2189556603205e-06,8.12043332507172e-06,0.813679725813527,0.0764409825368766,0.0137682272057266,0.0156717679168479,6.1082942548421e-06,0.080361772753903,5.72736570439153e-05,2.76485501372304e-06,2.45943439762694e-07
"TCGA.2Y.A9GZ.01A",3.5403635300914e-08,9.65543254391842e-07,0.0031095997849963,0.72672813392044,0.0895362261028557,0.00639666755154472,0.00311970368668903,2.55021895467229e-05,0.005343055982943,0.000422967016535439,4.29988531387044e-06,0.165312842932245
"TCGA.DD.AA3A.01A",0.00447558582634936,0.00735737092848855,0.00192781892149918,0.443880305988896,0.0486710876528223,0.0237448460386587,0.00352495646570357,2.02519858901308e-05,8.46932636061264e-08,0.000596293232455485,0.237654032103843,0.22814736616213
"TCGA.2Y.A9HA.01A",2.32506823215032e-07,1.70937358516756e-08,2.99475221015545e-08,0.891182384052872,0.0891281965340697,0.00393576981499647,0.00770526610700654,1.12543631665878e-05,0.00733445309875423,0.000702310440729651,1.84875060480228e-09,8.41915729673282e-08
"TCGA.DD.AADK.01A",0.0128812687898987,0.0152040942207178,2.03792760151139e-08,0.0650180614887572,0.0485707691565052,0.0195378266364378,0.00616221924037123,4.57534610552391e-05,3.78820698173516e-07,0.000650236415807555,0.330170673615781,0.501758697774694
"TCGA.G3.A5SI.01A",0.000151757277025764,3.76175867803387e-06,8.56395007662698e-05,0.366672231682428,0.049488440098928,0.0089786123930394,0.00254226686698705,6.32083168716864e-06,0.00276734354899843,4.93467141522345e-05,6.00528586899757e-06,0.569248274041441
"TCGA.DD.A4NI.01A",0.00561373654212883,0.0169550068282382,4.50821095986128e-06,7.51303952705463e-07,0.070458334267087,0.0106703152168681,0.0174497972914029,5.84042431985292e-05,1.16619435872049e-08,0.00135478716960152,3.30388127962264e-06,0.877431043383339
"TCGA.DD.A73A.01A",0.00156688791572586,0.0159595480304779,4.38151905320903e-07,0.485187497901238,0.0506446250223997,0.00658000979688949,0.00554659324572176,5.68854345762741e-07,0.00298556308918526,0.000681003791242781,8.55361046863742e-06,0.430838710590399
"TCGA.MR.A8JO.01A",0.00358950634424651,0.0264571554773641,2.51600811272255e-05,1.82917264496169e-05,0.232652364532525,0.0826885375930703,0.022273340965165,0.000238032388845171,7.83406780551992e-09,0.00233008572918951,8.39605578766892e-07,0.629726677722371
"TCGA.5R.AA1C.01A",0.000864632965479617,0.00718749551748499,2.07156568795693e-06,1.63972194951225e-07,0.0305242902593153,0.00664614381203544,0.0197047177667895,0.000654605728241538,1.31915812871823e-06,0.00134697683353651,1.32902497039308e-06,0.933066253396135
"TCGA.ZS.A9CG.01A",0.00162980459859597,0.00304029664700125,0.000137442052944075,0.0571051247339835,0.0882352471425173,0.00930442016775254,0.0060523715773167,0.000242428942118317,2.31677234924335e-10,0.000632905640273922,0.369625318723263,0.463994639542556
"TCGA.DD.A4NH.01A",1.86158263818579e-06,0.0182677250009437,0.0165032883522573,0.873314529997137,0.0413675870996782,0.0324550053023283,0.00323569782145539,0.000143091441049141,0.0146904546723932,2.34753263436443e-06,1.84096805193586e-05,1.51696562368621e-09
"TCGA.FV.A4ZP.01A",0.00194961813422055,0.0131773893988969,0.05833959394895,8.86825928604115e-08,0.0545420814805286,0.0153455080919721,0.0405788568078963,0.000311189789375952,6.55682139923796e-08,0.00508270852229512,3.72543168836105e-06,0.810669174143369
"TCGA.DD.AACJ.01A",0.00014260267896332,0.0003858723114082,0.000934595901502981,0.185267371715412,0.0238825078688269,0.00365373299322976,0.00734237287614716,7.51509493369346e-06,7.40248022771848e-08,0.000299058264091519,0.15569820559558,0.622386090675103
"TCGA.DD.AAVZ.01A",0.00344622271063034,0.0116246514645101,5.93734114212176e-08,0.117113716978584,0.0549194034111156,0.0101217072968811,0.00720766918798301,1.23944274500187e-05,3.67180599734248e-07,0.000282983434359099,0.0675370584871738,0.727733766047302
"TCGA.DD.AAVR.01A",0.0165254328322599,0.0387451163072673,1.3919445451459e-05,1.43128375441401e-05,0.139064650243358,0.0405443488330172,0.0317056382830554,9.64806023101178e-05,3.7835136319417e-10,0.00120490230495929,5.15933768627676e-06,0.732080038594739
"TCGA.RC.A7SB.01A",2.33425108380543e-07,0.000819425707904183,7.78637955075989e-05,0.914958683129466,0.0399384207185338,0.00907780068800545,0.00642590645399396,5.33160389330047e-05,0.0284464716226607,0.000200883004196871,9.9431981478406e-07,1.09587539958259e-09
"TCGA.3K.AAZ8.01A",0.0212826691552488,0.0152966903108232,1.78985523985536e-07,1.20279669837376e-07,0.050019059429712,0.00485452365594236,0.00834858262909368,2.71370402401738e-05,6.14093902211525e-09,0.00112484039790063,0.0869645065939286,0.812081685380978
"TCGA.DD.AADA.01A",0.00968081181643982,0.0182392353798018,6.84482728148323e-06,5.45132579697193e-06,0.0570634967584141,0.0197403345912206,0.00844511038441392,3.36870176161001e-05,1.219713684062e-07,0.00165742291643375,0.14101922504841,0.744108257962803
"TCGA.G3.A25X.01A",0.00172651168622088,0.0757112616365823,0.0022821953597894,9.66676025873626e-08,0.20893742095127,0.105317051775166,0.0873078050771624,0.00018806902339797,3.71310724828587e-08,0.00502928145514112,4.39189910697537e-08,0.513500225317604
"TCGA.EP.A3RK.01A",0.0319628574592107,0.0707850360185689,1.03294286510906e-05,1.86003483985288e-05,0.122321730758471,0.0236353159411964,0.101949553106854,0.000147910235230925,5.39992718521083e-08,0.00868960603993377,6.08605421377049e-05,0.640418146122075
"TCGA.2Y.A9H5.01A",0.00518754719031841,0.015972603911043,1.8382152077177e-06,0.332255276503808,0.0767479655998367,0.0169261883550834,0.00395767103622321,9.48648606477173e-05,0.000654160673923185,0.000432336092227632,0.0428350632116898,0.504934484349991
"TCGA.UB.A7MF.01A",0.0182821953358717,0.0351278539914445,0.0280447543263334,1.7836006793961e-05,0.055412862312987,0.00629240911070267,0.0886419080838027,0.00130479857167225,5.6137369678557e-09,0.0143219251991783,4.14517627945661e-08,0.752553409995714
"TCGA.BC.A10R.01A",0.000170708641142559,0.00162410644763612,0.000823428799012883,0.253044703268165,0.0708125263562569,0.0283814230954399,0.00795091736433306,2.57472959320465e-05,2.56016248857642e-07,0.000104767337862511,0.160787089297765,0.476274326080205
"TCGA.ED.A459.01A",8.19149276225804e-06,1.82011154365091e-06,4.8199661315799e-06,0.9578625904295,0.000389187021014245,0.00948723671833435,0.0295907453350677,2.9597813229096e-05,0.00244454376550363,0.000147384216462943,3.33160749756326e-05,5.67055474584748e-07
"TCGA.KR.A7K7.01A",0.00609524770308059,0.0442166669855878,3.85017559407115e-06,1.07699850442464e-05,0.0354490087745315,0.00272936830961075,0.0341880611434855,2.94362693788188e-05,4.79576663038647e-09,0.0100823352230287,6.83169848247252e-08,0.867195182317907
"TCGA.XR.A8TC.01A",0.00465398060830033,0.00539570899000747,2.73369427169548e-09,0.164173862933864,0.0681267068593851,0.0077851998078286,0.00334066342709604,2.14501266253219e-05,2.42087863862948e-07,8.5239625666155e-07,0.0491411635620088,0.69736016646707
"TCGA.G3.A3CG.01A",0.00320417364556638,0.0089583491295294,5.59321880402349e-07,0.0598560784588331,0.0668269653407156,0.0114674003630198,0.0062376083891179,9.5854515498283e-05,3.84135048607354e-07,0.000350886498465648,0.240948401639874,0.602053338562451
"TCGA.BC.A112.01A",0.00412499792420269,0.00739730072771131,4.60549245911004e-06,5.9906125408045e-07,0.116853652322718,0.0426550933977284,0.0152163337784813,0.000282935673342805,4.51324526060309e-06,0.000268556331552824,1.42996080311363e-06,0.813189982084486
"TCGA.ED.A4XI.01A",0.0040377091086331,0.0186831812610439,3.55598884785129e-07,0.0270509455414437,0.0824204449968339,0.021505717132025,0.0402308136168098,1.30436073536566e-05,0.000562642940799252,0.00188500260186618,4.90999702762151e-06,0.803605233597279
"TCGA.2Y.A9GT.01A",0.00778144604899725,0.0325323436031915,2.07129479256649e-06,0.00593692919713334,0.113157724502393,0.0125644689205198,0.0195243280680102,1.97679790096399e-05,3.41429937577211e-08,0.00357479582784153,0.408073785189852,0.396832305225266
"TCGA.DD.AACX.01A",3.58777837986229e-07,6.14161950891347e-05,1.08779784798167e-06,0.715810405022404,4.08102888051224e-06,6.98573481137821e-05,0.0970228343631096,5.43418173922784e-08,0.185910382638861,0.000155275682531655,0.000963324602540865,9.22200965731275e-07
"TCGA.DD.A1EB.01A",3.64570408422447e-07,4.82284010135316e-05,0.00840749437152277,0.623012334420297,0.140860974060525,0.00671683202210313,0.00529045024046033,5.27245425197197e-05,0.00587524899384788,0.000702418713654427,5.03588594174288e-06,0.209027893777706
"TCGA.DD.AACE.01A",6.83012556348921e-06,0.0017443605057435,0.000303501700015572,0.313581373961759,0.076661961987367,0.0130671136931792,0.00222598128973628,3.38000095300545e-05,3.24026468444781e-06,0.000215004918696235,0.175687963863872,0.416468867679854
"TCGA.2Y.A9H9.01A",0.00755504437107206,0.00158088490305757,0.00276113120158782,0.276436096603735,0.0925474805080152,0.0112080718447275,0.00934727528047585,5.23977835715924e-05,2.2368285017476e-07,0.000672458627993513,0.278003837819695,0.319835097373218
"TCGA.CC.5262.01A",0.0022336618817748,0.0259264913536983,1.78899650967255e-08,0.130791514113087,0.0939752007703401,0.0459202390095246,0.0214615518948042,0.000252706184135677,1.0250295011218e-08,0.00168061115776565,0.436866210045906,0.240891785448703
"TCGA.G3.AAV2.01A",0.00118691870065301,0.00154418112078973,8.12310254145835e-09,0.00928780997323108,0.117821732735214,0.00903433993467964,0.00678018248166696,0.000682844463272013,3.88071376720397e-08,0.000815698007327934,0.310430611465635,0.54241563418729
"TCGA.DD.A4NN.01A",1.09833757806593e-06,0.000210248331891019,0.000743129541343394,0.669182162025528,0.0766802323230662,0.017736821219982,0.00210727790666361,7.33471538304904e-05,0.00100611504037341,0.000277044821826804,0.163000440594252,0.0689820827036652
"TCGA.DD.AACZ.01A",0.0204801721742035,0.0260802521631054,0.0276760349539824,3.74541105626493e-05,0.0731918122181329,0.00459296850756595,0.10358387381855,0.00195566532233496,2.72660734386874e-08,0.00960177437469277,3.06830526033344e-07,0.73279965826027
"TCGA.DD.AAE0.01A",0.00347948414440326,0.0158238041769309,4.33863192553068e-06,3.51361737719986e-05,0.049664826903384,0.0537594059528428,0.0115090161910048,3.81962383601977e-05,5.00070438749685e-08,0.0014480917493589,3.47718054989317e-05,0.864202878025475
"TCGA.YA.A8S7.01A",0.00578822768209079,0.0583073131818507,1.46243026510502e-05,6.87036661611405e-07,0.0823348310309837,0.0191676848759983,0.155940861175844,0.000232026543108873,1.44150980831859e-07,0.00337263481063085,3.84694505589591e-05,0.674802495758641
"TCGA.2Y.A9GY.01A",0.0678310757664626,0.0786070957981713,0.0224090512836011,1.27126857813975e-07,0.0106773324286084,0.00996417514885242,0.121188439930372,3.95333970319166e-05,1.31090859562937e-08,0.0199426481746021,0.000219829114416277,0.669120678721938
"TCGA.UB.A7ME.01A",0.0317581849020114,0.0504772341402711,6.05269838140714e-08,2.15362231387167e-07,0.0808595109217086,0.0243557360054482,0.0225491310979719,2.33040178184005e-05,5.26270770319493e-06,0.00304994066502694,7.52998944632683e-06,0.786913889663379
"TCGA.ED.A8O6.01A",0.00182757020384683,0.0101741210066587,1.26938666680959e-06,0.214000390752651,0.0350292608144115,0.0218140402745477,0.00794837945056102,2.84854589821536e-05,7.49525440911386e-07,0.000566892944551022,0.195867080950384,0.512741759231299
"TCGA.ZP.A9D4.01A",0.000502904380748539,0.00182721937741664,1.35118649062825e-09,0.124286753196084,0.0417837409286039,0.00500895675505274,0.0069085420639081,3.04399478216941e-05,0.000711649927019109,0.000321626079604896,8.42415179752887e-08,0.818618081751036
"TCGA.DD.A1EH.01A",0.000743234087460209,0.00665860680399004,2.47220066259491e-06,0.739689071389921,0.126644306917864,0.029005201261269,0.00723337552262785,2.84826781244343e-05,0.00429959494330711,0.00067542685731573,0.0482310347283329,0.036789192609125
"TCGA.DD.A11A.01A",1.28558571488192e-06,2.42099155158505e-07,1.80342037848713e-05,0.750318765030914,0.0135894582333216,0.0079055561705552,0.0264464236821493,2.84523447885952e-07,0.201294945837479,5.78871472938298e-05,0.000365472895517479,1.64459066681464e-06
"TCGA.RC.A7SF.01A",3.83097214520371e-07,0.00661898714157274,1.40330559750019e-05,0.3634980784323,0.0188671461804973,0.00561072565437098,0.00142975848229964,2.25434570868264e-05,2.75890846937023e-07,0.000519620667907404,0.19757157182225,0.405846876117678
"TCGA.HP.A5N0.01A",3.65738035593931e-07,5.69487148094882e-09,7.43018616916812e-07,0.533658528949395,0.371958218560209,0.0678978716685989,0.01608837631474,0.000100059845350804,0.0071850551646631,0.00311035154347223,1.74588469394038e-08,4.060431999983e-07
"TCGA.DD.A73E.01A",0.000717171515011051,0.000437140455990934,3.82762917975641e-05,0.1034788388507,0.13305826100123,0.00767269377646918,0.00164583065200654,0.00146683898243805,5.85434549000972e-09,0.000456004816412169,0.175601598116097,0.575427339687502
"TCGA.G3.A5SL.01A",0.00261260004194573,0.00305322122424426,1.46097507135166e-06,0.0789272532568765,0.0911098348892445,0.0194657049596457,0.00414600235771448,0.000216572459156604,1.22948355718753e-08,0.000287169876625345,0.258244490327241,0.541935677337399
"TCGA.2Y.A9H6.01A",0.00755324798138935,0.0249186542276606,8.06281566069729e-07,1.31950532316258e-07,0.107365949879102,0.0196619735366135,0.0133574966917251,0.000295139304319441,7.68368474255495e-06,0.00098628855927857,0.252103640051941,0.57374898785113
"TCGA.WX.AA47.01A",0.000912228252408986,0.00430951597080312,5.20040953475189e-05,0.15961280806979,0.0375786719716605,0.00336130264860027,1.0337591198844e-07,3.33579103645473e-05,0.00156356226347647,2.58044577452873e-05,0.000182066442870966,0.79236857454102
"TCGA.MR.A520.01A",8.16573470937218e-07,0.00129444966827901,0.00114905968258945,0.671087247124387,0.0625652547095858,0.00620604728474293,0.00293596632508006,2.47586161014507e-05,0.00463483056692972,0.00075605443669094,1.19198066203318e-05,0.249333595205522
"TCGA.DD.A3A1.01A",2.54080233052225e-08,0.000461644836927634,0.0228310898212687,0.528273460001955,0.0254850055211985,0.00162281135336496,0.0185559088491355,1.51806430474334e-05,2.85303829248722e-05,0.00076658895080456,0.401959749139498,5.09185198806553e-09
"TCGA.DD.AADF.01A",0.00886696718580054,0.0127914570808707,0.0077801086661099,5.02674898672923e-09,0.0319304391591146,0.00786333157845387,0.00499690282229997,3.43992839439014e-05,2.93849266407412e-10,0.00253961629133595,2.98090906822571e-08,0.923196742802382
"TCGA.G3.A7M7.01A",0.000244951958831234,0.00287017623842121,0.000707640919572682,0.276663278916879,0.0428511320425722,0.00820128803476832,0.0031047649140437,1.7264809713804e-05,4.93273203304247e-07,0.000276059538057404,0.210386451569962,0.454676497783975
"TCGA.DD.AADQ.01A",1.32975660705226e-07,0.00365179884696732,0.00308184934328823,0.221762100522065,0.0279677983827371,0.00430009046041588,0.00285838486725654,1.71099185634081e-06,2.21984088461329e-08,0.00130136838500372,0.214728240986985,0.520346502039355
"TCGA.DD.AAVX.01A",0.000608224650129879,0.00819877998348609,9.31164051444098e-06,0.266872684680649,0.087759243201768,0.010337072605321,0.012557905872743,1.22078414132374e-05,1.5602763944026e-07,0.000966900798639863,0.283860880851866,0.32881663184583
"TCGA.MI.A75E.01A",0.00358656575547513,0.0135817871340759,6.47091220173088e-07,0.184733766725869,0.0701334477118063,0.0145442553211565,0.00693967362094481,4.47709493786013e-05,3.19580905477766e-07,0.000755028751251052,0.412018411918539,0.293661325439378
"TCGA.GJ.A3OU.01A",2.28082797385073e-08,4.00315708949524e-08,1.09740802188189e-08,0.193235691990906,0.140487706530158,0.0426701568206793,0.147354086111936,6.80347631340791e-05,0.0162819104357706,0.00011803021774107,0.459783779160283,5.30155460971346e-07
"TCGA.DD.A11B.01A",1.40567330356387e-08,0.000362265952738112,7.44072763648909e-06,0.914343886150533,0.0649903116146531,0.00806527611381419,0.00282027418302153,9.22647023759243e-05,0.00907361925103362,0.000204695151065048,3.98109715533915e-05,1.41124842737656e-07
"TCGA.LG.A6GG.01A",3.98397675558083e-06,4.16420147646141e-07,8.81018529346979e-07,0.933535393927834,0.0245348749867164,0.00496119550265691,0.0103155811180305,3.38054428238819e-07,0.0266394082894483,9.53019690162209e-08,7.83080612639695e-06,5.9735772032349e-10
"TCGA.CC.A7IJ.01A",0.0122305910359154,0.0667511594853739,0.111704196108673,3.78942947627573e-07,0.0912323494634836,0.0429962715900694,0.242265842113268,0.00131347691785867,2.76802166385838e-05,0.0185009360229164,1.22371068751508e-05,0.412964880995981
"TCGA.DD.AACA.01A",0.00196675125034647,9.52516511755894e-07,0.00285354828159075,0.726923227761186,0.17393043770967,0.0141887845775361,0.00566968042897788,2.22029088070167e-05,0.00540940045581649,0.000866607986349679,4.25402132750943e-09,0.0681684018691863
"TCGA.DD.A39V.01A",0.00132376286347757,0.0672117143142371,8.70705886861695e-07,3.78983366376602e-06,0.0452228852057738,0.0206813661230272,0.065509620442859,1.53864065532988e-08,1.73599840499947e-07,0.00955282773333505,6.16370950234731e-06,0.79048681008199
"TCGA.2Y.A9GS.01A",0.00762072159715183,0.0134608771974871,1.03822863370153e-07,5.46027099474528e-07,0.0776451117738698,0.0194257694602033,0.03551276974139,1.00242270665684e-05,1.12894206120449e-05,0.00115679105886128,1.5654092903736e-06,0.845154430264105
"TCGA.DD.AACW.01A",6.84710925334461e-07,0.00370981409485014,9.46164334453649e-05,0.90371358948221,0.0698569587699708,0.00480211764043663,0.00467438406286476,0.000173310100360949,0.0116590010981921,0.000748033129899947,0.000567266447609354,2.24029234549969e-07
"TCGA.FV.A3R2.01A",8.64536003616245e-08,0.00510130062497775,5.57851122359276e-05,0.589258957893984,0.0688866117777872,0.00440813354164578,0.0120370322166623,1.5256559167049e-05,0.000126447214901887,0.000483615717943719,0.197026717141245,0.122600055745849
"TCGA.ZP.A9CY.01A",5.75423796372373e-05,0.00170318067309512,0.00403623050122261,0.771350325881371,0.0564535509822118,0.0169229446019434,0.0139094060852014,2.22627084924344e-05,0.00616357976777066,0.000801865432666512,7.58286596727716e-07,0.128578352699792
"TCGA.NI.A8LF.01A",1.26131284834073e-07,0.000680107791612329,0.00198049312751693,0.25000341729279,0.128611749492899,0.0169760006470758,0.00186172870480752,2.7870954018665e-05,1.75875937029791e-07,0.000461134213225115,0.242020596321189,0.357376599447644
"TCGA.DD.AAE2.01A",0.00734581086691323,0.0203103620279432,7.29295120310402e-07,0.113728586657223,0.143824954301809,0.0127684066479058,0.0269025059908108,2.66600049776183e-06,0.000581546998579587,0.00277038825174297,1.97633152647838e-06,0.671762066629928
"TCGA.5C.A9VG.01A",0.00100184518545122,0.0061006587752928,0.000148260642325357,0.104721678433717,0.100080971838197,0.0449307998072237,0.00843039039127778,0.00274184851252965,3.59679922739604e-08,0.000204688044954834,0.161492785727233,0.570146036673806
"TCGA.KR.A7K8.01A",0.0107624578090847,0.0541890645159735,6.77978955818882e-06,2.16750856892732e-06,0.181331798733846,0.0566829121103019,0.0486863163536328,0.000175175852788035,4.6955943242953e-08,0.00861426605688341,1.65772158848763e-07,0.639548848541261
"TCGA.ZP.A9CZ.01A",0.0229178440544435,0.0261910320929338,6.87280028224692e-09,0.44388481022303,0.070688355433708,0.0160035803780254,0.0195628034429173,0.000274042576577967,0.00049963085183762,0.00253328271707901,1.51237774257077e-06,0.397443098978905
"TCGA.EP.A12J.01A",0.00132810177293189,0.00285054730752569,6.08473099989355e-06,0.106373546700237,0.0873773670836391,0.00559548696015164,0.00685070957510173,8.08233425445374e-07,2.10115008472369e-07,0.000899578429316645,0.216105169771987,0.572612389319675
"TCGA.DD.A4NV.01A",0.0010629665193285,0.00848965766319954,2.56217568368157e-07,0.256636355369024,0.110521476400239,0.0352703989266577,0.00957837589459627,8.11953583007007e-05,0.00144643895036749,0.00107911311716974,8.78274023100845e-06,0.575824982843317
"TCGA.BC.A3KF.01A",1.64713767891455e-06,0.00199589269301591,0.00230948387975567,0.797246159094805,0.0825371308095932,0.00777270362714219,0.00236881708343029,0.000127667370687543,0.00499187601997306,0.00018803878916994,2.64792668258199e-05,0.100434104227922
"TCGA.XR.A8TD.01A",0.0215079813268959,0.0427344815936889,6.82304623403551e-07,2.52672540083156e-08,0.120346510776245,0.0441347347963344,0.0518572057193536,8.26261156797064e-06,1.81433017310166e-05,0.00981079651064556,0.00235164330787537,0.707229532483785
"TCGA.DD.A4NK.01A",0.000593783686003534,0.00399628336998593,3.43718888400845e-07,0.109718819348887,0.122876860739464,0.0138935984184239,0.00968197492861106,1.86083291453126e-05,1.71236828381325e-06,0.000735679220479698,0.00924364412406514,0.729238691747762
"TCGA.DD.AACP.01A",0.00263072412048368,0.00801394154248667,0.000716694626975839,0.223052246807696,0.0308265993843779,0.00430774019883539,0.00458243698876197,0.000134746078616153,1.13507699351317e-08,0.000638212964873796,0.123693661743754,0.601402984192369
