"","cellFractions.B.Cells","cellFractions.CD4.T","cellFractions.CD8.T","cellFractions.DC","cellFractions.Endothelial.Cells","cellFractions.Fibroblasts","cellFractions.Macrophages","cellFractions.Mast.Cells","cellFractions.Monocytes","cellFractions.NK","cellFractions.Neutrophils","cellFractions.otherCells"
"TCGA.55.8508.01A",0.42358927115194,1.70151368956493e-06,1.04091818012376e-05,0.327258580473264,0.143606667566966,0.0764580434223316,0.0176251012149643,0.000685060730560405,0.00796078268686069,0.00229353417140649,0.000510089778244133,7.5810797137885e-07
"TCGA.67.3771.01A",0.21365601136244,0.0908693215138059,3.37797979516875e-06,0.150895705309455,0.10853477008995,0.103128560832381,0.140071069422382,0.000696048132244895,0.00971396484191461,0.00682400415772494,2.38483263194133e-06,0.175604781525274
"TCGA.55.A4DG.01A",0.144464212407688,0.0640227500268369,7.09966588578301e-08,0.115262640833181,0.0339833360135109,0.0316069599181847,0.0198250976132538,0.00166642115420107,0.0016553920451084,0.00176346129188502,1.11464194136851e-05,0.585738511280077
"TCGA.91.7771.01A",0.0701490029811811,0.12734319135776,0.00295692406911539,0.412952815941004,0.16748980564181,0.0709445535656537,0.0802856573950681,0.000676218916602578,0.0630499081912923,0.00411563084680683,1.13341940923177e-05,2.49568996138939e-05
"TCGA.91.6849.01A",0.146026956886792,0.0381714339124372,9.74733710086629e-07,0.674254502344492,0.0886013184585068,0.023825109580728,0.0218308935251013,0.000466480689021011,0.00427863009733622,0.00253934972521975,3.21445762797438e-06,1.13558902846956e-06
"TCGA.64.5781.01A",0.0613923999835646,0.100327852828098,2.00480310565297e-08,0.0649895240930132,0.0366724119917344,0.0912036840579856,0.0172536955774402,0.00060058090279294,9.51124072308276e-08,0.00720669262592516,0.561827529795925,0.0585255129830825
"TCGA.44.6146.01B",0.00841193905498139,0.0415715908475796,5.87311293451134e-07,0.417718490210886,0.0615406770782373,0.0324603709740257,0.00017265140994265,0.000356359285057557,0.00267694039139897,0.000326379975313879,0.219049248580886,0.215714764880397
"TCGA.97.7552.01A",0.321968751158971,0.201306064974249,2.07595073287052e-06,0.000119281239486406,0.174529195789953,0.0647999646309574,0.0648315437199337,0.004761988201657,3.79196314742576e-07,0.0149733594017821,4.323711126881e-06,0.152703072024835
"TCGA.80.5608.01A",0.0162272691641793,0.0401850967059592,4.18927425394858e-07,0.170272640592337,0.0722048060594479,0.0194181607884682,0.0157776248133652,0.000405356421095396,6.3415362279548e-09,0.00172552000009478,0.33908109609544,0.324702004090651
"TCGA.91.6829.01A",1.6007318000018e-07,0.00615637586755627,3.22582733268814e-06,0.510885072693622,0.159372648107862,0.223479630918647,0.0655303208535063,0.00753836621875209,0.0242771938755308,0.00119584931025231,0.00150759357198507,5.3562681774183e-05
"TCGA.49.AARE.01A",0.0482303395647389,0.044080726517877,6.40485806849047e-07,0.485436095244881,0.0574931623301134,0.0674066594874406,0.01645199960805,0.00103264613392017,0.00728334056475935,0.00190463615674537,1.37466529602731e-06,0.270678379240371
"TCGA.97.A4M1.01A",0.00786268768589592,0.04363385541416,1.11882593627609e-05,1.25406872095974e-06,0.113178989214102,0.0891165456360939,0.0497902577112323,0.00596752364070543,5.96687028286409e-09,0.0023001227433479,2.27070006337476e-07,0.688137342589503
"TCGA.83.5908.01A",0.0376069763841261,0.237957331383027,6.0251427958169e-05,4.51072664042442e-06,0.134486702095753,0.0644702744269642,0.142865969198542,0.00139439833970871,1.07514652582004e-06,0.0263685626415549,0.000591220755775774,0.354192727473424
"TCGA.97.8179.01A",0.00299897538831988,0.0298222073379027,8.28815169859172e-06,6.45920550030501e-08,0.230617134665737,0.101076236146577,0.0425621572636698,0.000723951499837571,1.88541776835515e-06,0.000396174699979912,2.35360721313163e-07,0.591792689475733
"TCGA.64.1680.01A",0.00991757679160747,0.0232512987235888,1.11382152370087e-07,0.890657280511335,0.01726104460781,0.0238221310560691,0.0128991563928627,0.0039129081189271,0.00789857528021888,0.000442726169944988,2.81816375731131e-05,0.00990900932791058
"TCGA.73.4670.01A",0.00057319595972931,0.00857437954005928,2.53133181834075e-08,0.74943975945412,0.090067477029519,0.114324583926473,0.0281589693536723,0.000118985553912862,0.00774274058061174,0.000999795816036548,1.75773029605778e-08,6.98952445759378e-08
"TCGA.44.3396.01A",0.185267222097863,0.11625369286303,4.82103266787716e-06,0.168729662936381,0.161235530504331,0.129500743890114,0.103318722469399,0.00471113689286094,0.0121062362308685,0.00644639245598225,0.000153928731624065,0.112271909894879
"TCGA.80.5611.01A",0.0274250130673051,0.106033074416851,2.15530028652167e-06,0.347107992536427,0.04265749232425,0.0185581445649793,0.150656168271225,0.00263650937917575,0.0671851090868832,0.00491645112803866,1.07296795521822e-05,0.232811160245026
"TCGA.53.7624.01A",0.022699429909779,0.0493318040106507,1.24199175327323e-07,2.04674409307411e-06,0.0261447178803273,0.0326722111501635,0.0398415867313233,6.23475135042994e-05,6.52534009896046e-08,0.00326989396068866,9.1794054823463e-06,0.825966593241412
"TCGA.91.6835.01A",0.286375782140709,0.286091511318544,4.7016313383699e-06,4.11461721201068e-07,0.179027204881635,0.0675707145053498,0.140760741598527,0.00236632012322049,9.22572995698505e-08,0.0104981976685875,1.15568272152675e-05,0.0272927655858523
"TCGA.L9.A50W.01A",0.0192053763314666,0.0509023340304973,4.25062386929201e-07,0.488797721800437,0.120472243197622,0.0340282681195214,0.0185748135326401,0.00565442375775509,0.00183691917457701,0.000810381265522254,1.6945929468581e-05,0.259700147798105
"TCGA.86.7713.01A",0.0234428288964091,0.0202065216684467,1.36258621918489e-06,0.394097806058608,0.0613297137382619,0.0174923367516313,0.0105976230482597,7.38175503517533e-05,0.00499493318430901,0.000874590954173677,1.41554605025232e-05,0.466874310102827
"TCGA.50.5044.01A",0.0247975977494911,0.0637869445774662,1.03274219652621e-06,3.42771018809492e-06,0.161611680316136,0.0766354231963911,0.0608497863092477,0.00290938918226618,9.75014694112443e-09,0.0055136320074019,5.46278074129954e-07,0.603890530180994
"TCGA.97.7941.01A",0.0385081637654886,0.0420804323621214,1.34702635189065e-05,0.287999629951288,0.181559881380839,0.0626418316021529,0.031540938850828,0.0047596352426292,6.69557965454548e-07,0.00195465709503793,0.161564448335046,0.187376241593084
"TCGA.86.7714.01A",0.00455032615841455,0.040404070959007,7.85414656793654e-08,0.412487177703,0.0668418650344965,0.0356556186779822,0.0301290837694982,0.001156314602413,8.96625377250711e-07,0.000351030621543764,2.1038950439943e-06,0.408421433411758
"TCGA.62.8402.01A",0.0243691034644263,0.160070386370381,1.24007311682761e-07,0.195539576205299,0.085087658251514,0.0201597743228463,0.0775800167524819,1.17735095164498e-05,0.000180003506672042,0.00728744273433643,0.000354576085415913,0.429359564789799
"TCGA.78.7162.01A",0.0560544513929826,0.0540824509230528,3.63398023319808e-06,0.0364930791633325,0.206310142646475,0.0535066724292979,0.0215846334502884,0.00287317471163255,6.93588116157969e-07,0.00428351705338962,0.438961573857062,0.125845976804138
"TCGA.49.AAR0.01A",0.095966104410105,0.102283665749919,1.75172089030169e-05,3.95924248396737e-06,0.129382169307534,0.0784963591307867,0.087754377627442,0.00208227496983179,2.24296151160902e-07,0.00577557790994586,3.98693908268801e-06,0.498233783207814
"TCGA.35.4122.01A",0.118914047454585,0.0699505509012182,0.133415469614915,7.65941338641422e-06,0.0538971074370145,0.127264953029853,0.221286291072096,0.00121416763972804,9.83381281589541e-08,0.0114929946942704,1.20671664255248e-05,0.26254459323838
"TCGA.55.7726.01A",0.000146378897336265,0.00672893873937984,0.000844123377234177,0.680269081447447,0.0688747027744451,0.116415027289367,0.0188812637208833,0.00112978378587497,0.0982396612386921,0.000867024292511049,0.00760400554824194,8.88858729713738e-09
"TCGA.62.A46Y.01A",0.0334596205100949,0.0680166001449633,8.15366916621472e-07,3.51005880386975e-05,0.0474796223396523,0.0317536334842981,0.0685497833653204,0.00209633123649792,1.89703933253866e-08,0.00339953079380531,5.60900981454167e-06,0.745203334190205
"TCGA.55.6980.01A",0.0105169529485612,0.0722787105595848,1.33480610426383e-08,0.235446131360279,0.073881835557699,0.108616394087094,0.0211110813482448,0.00158924777514155,4.21970870167594e-05,0.0010845125269478,0.475426542005061,6.38139630952047e-06
"TCGA.05.4430.01A",0.0319760601226673,0.0885512709132124,2.12689635103964e-06,0.344769363040931,0.200407445203224,0.205190971906173,0.0921377907193908,0.0077597631450861,0.0247161442492227,0.00396958793201593,0.000494892897196944,2.45829745290936e-05
"TCGA.67.3772.01A",0.0679921263731487,0.0431872286662446,5.11422029491235e-08,0.0831195361201462,0.0547306606004878,0.0675615096904509,0.0243788133523055,0.00306578456504803,2.36446858999746e-05,0.00123639806323747,0.405012652871553,0.249691593869275
"TCGA.MP.A4SY.01A",1.6545082737187e-05,0.000407111440033008,0.000180162349242727,0.662924476551843,0.0600255662576611,0.121908958420102,0.0967716482876699,0.00239691627255684,0.0552126552500602,5.35669852994281e-05,0.000101291943841465,1.10115895250132e-06
"TCGA.78.7148.01A",4.91450575139162e-07,0.026178455356751,6.77014176446687e-06,0.801130915293371,0.119349561373173,0.023713542310574,0.0192532186680585,0.000472722815457514,0.00745179313014304,0.00243958687839894,1.35439028569971e-06,1.58819144738048e-06
"TCGA.35.3615.01A",0.0190183108628628,0.0301824396014442,3.87846668145372e-06,0.00195777250155162,0.0532445741582701,0.0301455345485067,0.0302094227363751,0.000821100590959154,0.00285700561261346,0.0012181781246708,2.41967039384213e-07,0.830341540829025
"TCGA.55.A493.01A",8.12689264145445e-08,0.0412331467132192,6.40003210617235e-07,0.683140153992713,0.055684489455073,0.0660795726825615,0.083288943700851,0.000566354858489562,0.0586446893286569,0.0112149541311228,0.000146912599485588,6.12656907894494e-08
"TCGA.49.6744.01A",0.144906680995897,0.171245864176297,7.99566410280927e-06,4.48228987067612e-06,0.20189369116148,0.136930997160513,0.103858440987164,0.00801512280666638,1.00092786346182e-06,0.00618397385114752,4.2691881780446e-05,0.226909058097218
"TCGA.49.4494.01A",0.0183991427366862,0.0775944800108176,7.24013827018143e-07,2.52566517570963e-06,0.0510960153663017,0.0424898008427855,0.0595645910594528,0.00173459003719867,3.20406233522226e-08,0.00439739684019533,3.07814483951803e-07,0.744720393572452
"TCGA.78.7143.01A",0.0328219144680086,0.0617593998052921,2.63504033915385e-07,0.210338942180241,0.0483170608528406,0.0258131764693155,0.0398833757327693,0.00119359207402059,0.00384823496938317,0.000772699426815751,3.0079495585358e-07,0.575251039722324
"TCGA.99.AA5R.01A",0.230743830014065,0.184913996857836,6.94869940420323e-07,1.30734325416786e-05,0.2597305430582,0.146759192613455,0.0554456965621897,0.00473086765717737,1.41077080823504e-08,0.0133613874110631,5.91252186005678e-07,0.104300112163637
"TCGA.55.8085.01A",5.35526396722261e-05,0.0409298072234558,3.34413757237262e-08,0.679442260441488,0.0760002288893325,0.03188052807975,0.0734758199211068,4.11516115514486e-07,0.0915739999084232,0.00664219633345685,1.13997002321444e-06,2.16357997585602e-08
"TCGA.44.8117.01A",0.0294783076911184,0.0326994013601926,4.09967299659695e-06,0.0108393365875069,0.106854769977053,0.071046430282561,0.0350528547156137,0.00130272542487843,9.22144482066068e-06,0.00171648742483849,1.1077664811451e-05,0.710985287753609
"TCGA.55.8506.01A",0.0196927943446608,0.0319067417418181,3.87122682283546e-09,0.324929080739314,0.0607904275127661,0.0494263249122587,0.0313609902777892,0.00511313147247862,0.000310305951470205,0.00285861798815556,0.36793310852209,0.105678472665971
"TCGA.NJ.A7XG.01A",8.16459328720187e-05,0.0153817697072465,8.53657113932241e-08,0.462980847514635,0.0173630920591519,0.0155816562999412,0.00155339693187503,0.00138766371106763,1.29355669716259e-05,0.000268977886331738,0.431508396507586,0.0538795325166099
"TCGA.05.4384.01A",0.0117944488380833,0.0431101765776599,4.56809907580734e-07,0.560881805257865,0.15057299555788,0.0441121665603795,0.0547382299135325,0.000979931391935135,0.00906348020131697,0.00177631125332542,2.77575549101363e-06,0.122967221882624
"TCGA.64.1679.01A",0.0272084908288545,0.0602682008691926,2.09519620269405e-06,0.140919846600399,0.171021517995843,0.156927302754981,0.0621519861552695,0.00237110757608838,5.84387626367697e-05,0.000558812253725366,4.17504915357006e-05,0.378470450515272
"TCGA.73.4666.01A",0.0152475580485461,0.20981226001696,9.06572679441814e-06,2.7238411043626e-06,0.126695310371889,0.0363229630710325,0.286225784334191,0.00150283912009363,5.86940759770318e-07,0.0265744536766742,1.9911205944893e-05,0.29758654364601
"TCGA.55.8616.01A",0.0740303203299378,0.0379089315656713,4.76957542813452e-07,0.0817833887387859,0.0549283631022003,0.0413012676569447,0.0168186130777016,0.00303943297528035,7.97021728148133e-06,0.000753682721926694,0.0780738729076093,0.611353679749118
"TCGA.38.6178.01A",8.91476888408378e-05,0.00342791346079711,2.9944847642426e-06,0.605338026345311,0.153814756009847,0.13077703167377,0.0430937264659156,0.00465355615454433,0.0582630267990658,0.000335464344662644,0.00018608280170145,1.82737707799216e-05
"TCGA.93.7348.01A",0.130692163143955,0.0230843860395127,3.40432957006742e-06,0.674258839439569,0.0784590476001929,0.0723651611765537,0.0147774696728656,0.00199850153534298,0.00364799292124752,0.000569311556440014,0.000126743433565128,1.69791511853513e-05
"TCGA.55.1594.01A",0.0771562880041774,0.0449673160949551,9.96503280916117e-05,0.705507998687705,0.0819621847504611,0.0398346755378728,0.044745279396102,0.000257241592435656,0.00228870477342645,0.00274430705488264,0.000422584409028766,1.37693708614868e-05
"TCGA.73.4658.01A",0.0499457300116857,0.128114383600331,1.04967962172345e-05,8.37820462976369e-05,0.26780636402056,0.241016858460517,0.172438467544951,0.0024703719809237,0.000110496294875047,0.00340663687810532,4.07271217325841e-06,0.134592339653363
"TCGA.80.5607.01A",0.0403928244394269,0.0816701431439607,5.74458296695947e-08,0.41661847043217,0.0857421551338328,0.0305792899357054,0.0589891953196872,0.00651607683055114,0.000718978804902491,0.00367278422813198,4.48584235978075e-06,0.275095538443441
"TCGA.55.8505.01A",0.0022218751019944,3.40908570703492e-05,0.000218050559155471,0.656250232972452,0.119842079863881,0.12264944418355,0.0141910746284848,0.00180816087807135,0.0353011511988234,0.000327552512408325,0.0471494414095281,6.84583458113196e-06
"TCGA.MP.A4T4.01A",0.205992457050793,0.207494782479402,7.36199051439617e-07,4.95984865353147e-07,0.127380661866709,0.135859904788924,0.13988249190326,0.00195124532519701,1.22376699079959e-06,0.0163490523396739,1.44600993062734e-05,0.165072488195827
"TCGA.49.4506.01A",0.0564327524421048,0.0451163024614174,0.0347256227613336,1.74538106861785e-07,0.0391090081183932,0.0147758987143292,0.0335090598411516,8.31951860035449e-05,1.6599539213017e-08,0.00836011408696361,8.47904625790803e-07,0.767887007346031
"TCGA.97.8172.01A",0.309800856020254,0.132002780465606,2.50170461464193e-07,0.000155008271947502,0.172525399107697,0.102223031771054,0.0607520923339579,0.0126336874859587,2.48130473455577e-06,0.00369870681122041,1.24278384933575e-05,0.206193278418616
"TCGA.O1.A52J.01A",0.00279100265689275,0.0226582203187119,2.87212777428035e-07,2.218118588e-07,0.0167216888932548,0.0224619419018108,0.0165649779138401,0.000469161428098228,1.48928014579797e-05,0.000287938178959157,0.899245248514668,0.0187844183676702
"TCGA.78.7537.01A",0.0487181432743852,0.0335430899869672,1.08031572024453e-05,0.252757238258476,0.173422569415691,0.0191907073477271,0.0186573775221319,0.00223701279353706,0.00107951359288483,0.00134606473967951,0.000108583691041546,0.448928896220277
"TCGA.73.4662.01A",0.115711381539984,0.0996791942606094,3.33846459516245e-07,2.03843162945336e-06,0.10362503879254,0.0467756810351949,0.0459454311985486,0.00169935093751833,0.00215901963255495,0.00210193139574462,0.000109563531798445,0.582191035397418
"TCGA.62.8398.01A",0.0369023110217874,0.0524968285919006,2.61924519652147e-07,0.660765203220642,0.158120401798586,0.0432128886434295,0.0387004702563378,0.00061409260015994,0.00588129398721513,0.00330239998687356,3.65250710146567e-06,1.95461446520113e-07
"TCGA.49.AAQV.01A",0.0615432589489981,0.0925156863129368,1.09848167249284e-05,1.82315584053634e-05,0.0595069119075889,0.0268429165545152,0.0169802825441793,0.00122795590848686,1.48340715909883e-07,0.00116070871353233,0.295986839909278,0.444206074484638
"TCGA.55.8621.01A",0.17573829026485,0.0949752100640858,2.11514751866981e-06,1.02981223998072e-07,0.242982841413291,0.191276908757434,0.271446356972459,0.0112665618715874,1.38535967543727e-07,0.0122831819109474,3.78540873089069e-06,2.45066719040431e-05
"TCGA.53.7626.01A",0.161925260739288,0.152796841604125,1.81673074250671e-07,1.1088990508759e-07,0.203781425786021,0.0778214321681694,0.082207864871027,0.00429700455954826,3.01670704245691e-05,0.00778121555487861,1.01097374511368e-07,0.309358393986164
"TCGA.44.7669.01A",0.0619283957486431,0.0684203947208016,5.52505373189631e-06,1.14132853778082e-06,0.209896456183212,0.0385387677134414,0.0798600603597457,0.0015497602639778,6.02522774660329e-08,0.00272784932621472,1.57926277905899e-06,0.537070009786637
"TCGA.93.8067.01A",0.0223232643711071,0.0243939208897807,2.64577345654167e-06,8.21082372898595e-06,0.104242312616026,0.0547788523809614,0.0280971368602467,0.000633064936247019,1.10249049554757e-07,0.00279377935443025,1.27811693211116e-06,0.762725423628034
"TCGA.97.A4M2.01A",0.111356934079098,0.117227791977238,1.54292149881985e-06,5.22868357413871e-07,0.153742489470923,0.0702887890401952,0.152904142105598,0.00640935434766262,1.03351975584737e-05,0.00700610456787377,4.92936512120824e-07,0.381051500487485
"TCGA.05.4425.01A",0.0195925364691147,0.115161713260885,9.79628797401989e-07,0.13734311599012,0.0809728674278203,0.067156415250833,0.0762420511566836,0.00386033438388635,4.59549524369454e-05,0.0022451641915906,7.52632565812263e-06,0.497371340962175
"TCGA.69.7763.01A",0.0568378214891808,0.0476247074978689,2.27457711900686e-06,1.83142552708576e-05,0.156375216389213,0.111847444112517,0.0383720814129738,0.00138470844914871,2.03996302838432e-05,0.00153930402506074,6.58155170010346e-06,0.585971146609663
"TCGA.86.8056.01A",0.0663880835474892,0.0651540550572764,3.85780182830095e-08,0.629168139621239,0.113037143417978,0.0353929585099185,0.048118313753392,0.00285858896036208,0.00542563472775434,0.00147961482625202,7.1437911860907e-07,0.0329767146212021
"TCGA.50.5931.01A",0.00229963078268371,0.00894439201324037,2.56905914444981e-06,0.42334915013926,0.0878122516652022,0.0716990152377974,0.00282609815654801,0.000294634329433892,1.05023549102037e-06,0.000377554098030786,0.287689646329246,0.114704007953922
"TCGA.55.8512.01A",0.00602619817966276,0.0125825854875892,1.00138288059073e-05,0.224463085199662,0.06356713210223,0.0517709119234839,0.0123370946771016,0.000672059423950444,5.55566888257147e-07,0.0014652416342967,0.556072451130386,0.0710326708459437
"TCGA.75.7025.01A",0.0643324571516736,0.0456601682706666,2.59178115881721e-06,0.489321194440217,0.0894757534173534,0.0735903276526023,0.0132634651308073,0.00255459276522352,0.00777728122683516,0.0014268526129345,0.212582481499572,1.28340509561982e-05
"TCGA.50.5930.01A",0.240617548380809,0.0407419692953581,9.45505336469945e-07,0.318466436958385,0.205492601887264,0.08689340732816,0.0568076404372039,0.000685761923637322,0.0132333989414565,0.00398250387261547,0.0330777337172992,5.17524743152532e-08
"TCGA.75.6214.01A",0.00029749623717435,0.0137657530396619,1.45958151275381e-07,0.820313737974238,0.033656281123698,0.0169540320807717,0.00560293678644889,0.000185880733089299,0.00490752705062669,0.000596374457739876,3.33759975932225e-06,0.10371649695864
"TCGA.L9.A743.01A",0.2163245866652,0.162846691188895,1.16889674310312e-05,0.165702640514515,0.248667151225036,0.0766014004414723,0.0969547301234561,0.00452057716847371,0.0224140732386229,0.00584706307773171,0.000107186968040402,2.21042112593195e-06
"TCGA.50.5939.01A",0.177453124907268,0.0513921938803263,1.11362131675545e-06,0.348000743790483,0.184463139621074,0.069717701987327,0.0876384837329161,0.00191107139131728,0.0109973467822517,0.00177352334888553,1.36030528050464e-05,0.0666379538840297
"TCGA.78.7161.01A",0.00900201516527104,0.0343894901701341,1.92528246941445e-07,0.157077226202491,0.169253951554264,0.0544840932787467,0.00606358228892438,0.00023779896271892,0.00339832389267953,0.000913517187078883,0.0255341820440927,0.539645626725352
"TCGA.44.3398.01A",1.73313967271499e-05,0.0237547840034948,1.54359261883062e-05,0.595815213488311,0.0727373217978774,0.155999774719617,0.108026181848118,0.00451811843359644,0.030978683858428,0.0051063899236494,0.00302821393250471,2.55067148731423e-06
"TCGA.97.8547.01A",0.00447664262422236,0.103864349728117,0.0359979514634048,0.0559456980215302,0.0714612948482753,0.0961145562862133,0.0345258895921274,0.00107051134938677,0.000880605521263121,4.80223082805343e-08,0.285162852067172,0.310499600475979
"TCGA.91.6840.01A",0.0751075236415183,0.0730632938331115,2.61864048891804e-07,0.139726310529819,0.217227370241174,0.071019451238997,0.0341106641256617,0.00182009347533408,0.00179130102597359,0.00413913117716489,2.78531087491792e-05,0.381966745738448
"TCGA.55.6986.01A",0.0463804761037816,0.0513102014793071,1.192805106547e-07,0.00188431881476201,0.077712307279047,0.0354174290959414,0.0440009233639276,0.0013253759456851,0.00225613740779403,0.00133681081071703,3.0839687807349e-07,0.738375592021648
"TCGA.05.4395.01A",0.00791105424142177,0.039848739931716,1.94902225975483e-08,0.00873421781434855,0.0638336351038268,0.0282614532251709,0.045614830383074,0.000508277523334817,0.00353603922082514,0.00458885116025465,4.19098070873511e-07,0.797162462807734
"TCGA.44.7672.01A",0.393006835117836,0.150040490202945,8.03875898062152e-06,1.77795640617753e-05,0.159264948055635,0.156457069254626,0.129648025847834,0.00468649540511659,5.63960823187852e-06,0.0068262081252552,2.41953896887866e-06,3.60505205094804e-05
"TCGA.44.2662.01B",3.24863710817489e-06,2.30145209266614e-05,2.73426482238392e-07,0.772097863834755,0.00234426850164357,0.0588245287228653,0.0351033106077838,4.56218948542183e-05,0.13151664543538,3.577800085689e-05,5.43097388951064e-06,1.54434554807174e-08
"TCGA.97.8175.01A",0.0185507994111671,0.0503325725229801,4.42823087312409e-08,0.766592880428722,0.0619846610373283,0.0312010302547766,0.0598586856136037,0.00080131999710398,0.0088762541855067,0.00179697925420377,1.16605468317722e-06,3.60695761611846e-06
"TCGA.55.8087.01A",0.000762384896713686,0.0259280034076015,2.11426980260808e-07,0.700091731173103,0.040306441360033,0.0641596282823883,0.0158282373240067,0.0033619405043927,0.00318878700328803,0.000268112221438749,0.146097311864864,7.21053519027154e-06
"TCGA.78.7160.01A",0.0581016788756469,0.137336972120772,5.92299817468746e-08,0.202890680109108,0.156711463658948,0.110910582433044,0.0840051422062672,0.000964824314142815,0.00326942734915366,0.00858360768105257,7.09727678286218e-05,0.237154589254054
"TCGA.L4.A4E5.01A",0.0245183090601758,0.0329245962816116,7.9256132934793e-07,0.134411289889378,0.0527963148783321,0.0274726129961333,0.0137845700859211,0.000329100556054745,9.98823700957485e-07,0.00126354947206493,0.176374510257816,0.536123355137482
"TCGA.97.A4LX.01A",0.271172087171676,0.222680777150786,0.000984722828148821,3.76666472879927e-07,0.204580390563134,0.107915745537131,0.178381127821761,0.00343940606846267,7.62872164632421e-07,0.0108190034325796,1.03614393519543e-06,2.4563743748736e-05
"TCGA.86.8359.01A",0.00684206280856438,0.116348097557379,6.0818876624474e-06,0.711582873509079,0.0460692198186095,0.0774788747562157,0.0128343319299408,0.000708191092534263,0.0155953698984131,0.0125117319501169,1.91169087423255e-05,4.04788274271097e-06
"TCGA.44.6145.01A",0.241171489617968,0.1871777843938,1.26679537345817e-05,2.84286801850962e-05,0.193047261419873,0.0991766529347688,0.0901342798634675,0.00498830365693725,6.78433309431035e-05,0.0141313688313045,0.000103025442753886,0.169960893874265
"TCGA.78.7155.01A",0.00609444185214058,0.0215590960236307,1.05926847871147e-07,0.1225734955619,0.0560065596876263,0.0174355502970504,0.0160126651863044,0.000234397357215326,0.0018956244728691,0.00257375579114617,2.45224785861466e-06,0.755611855595411
"TCGA.55.7816.01A",0.0284026597527778,0.0648318098079795,7.09668045851105e-05,4.83160053741993e-06,0.267142136054741,0.0876535793124556,0.150186382388928,0.000765075207377155,1.16103733776105e-06,0.00886795641436876,4.41447334990095e-05,0.392029296885414
"TCGA.99.8025.01A",0.0208654623850961,0.0166007128085925,8.32591203052034e-08,0.139605053206604,0.109812919897357,0.0581885850875604,0.0121792112832038,0.000668539921057836,3.35445679835731e-11,0.000430904351734257,0.494615856944199,0.147032670821931
"TCGA.44.A47G.01A",0.188611994571586,0.165923595371015,0.000331825099001716,6.11131739398714e-05,0.135280894892204,0.051866680216654,0.0946775901684138,0.00404887575852079,6.1454732752708e-07,0.00496344901315115,3.70410812570239e-06,0.354229663080061
"TCGA.55.8615.01A",0.00383372627027836,0.0248104353450185,3.53089698605831e-07,0.723410867292519,0.0933910212929642,0.0335142390646051,0.0115722831138569,0.000210621887398637,0.012934116541959,0.000342372834128122,0.000161514787266454,0.0958184484803069
"TCGA.73.7499.01A",0.0897526997483915,0.224940614963577,1.00215343279307e-05,5.01750941264649e-07,0.0645706743538534,0.0717105991965462,0.10779167966603,0.00159451218666116,1.31311995267271e-07,0.0127998851875773,0.00113551399379534,0.425693166106304
"TCGA.86.7711.01A",1.10670430992176e-05,3.22931830730497e-06,1.62660799136655e-05,0.794430158089122,6.55042392594394e-06,0.0297481974072675,0.165968750690042,5.94210872257323e-05,0.00853194818706414,0.00122390028297316,5.05882662944022e-07,5.50839703719569e-09
"TCGA.86.8075.01A",0.0911747541139557,0.0449060146414328,2.0541913516223e-06,0.116863599628674,0.122966648199999,0.170741545380459,0.062315783149541,0.00166032837854665,3.85145198292547e-05,0.0010230581905108,3.75886666832147e-05,0.388270110939017
"TCGA.86.7955.01A",0.00590805041246409,0.00782857964095188,1.57803555937558e-06,0.634186210689212,0.0590338369455174,0.0178057391113093,0.00113972563488839,0.000593753519156255,0.011031617857294,0.000749987413177756,1.5253626600975e-06,0.261719395377809
"TCGA.55.8513.01A",0.103727095479283,0.0543927288314995,3.19659122997807e-06,1.40165667575142e-07,0.171306378496266,0.0761308277984051,0.120022000889032,0.00207840454508646,9.52908753418972e-08,0.00201735731507235,2.32662042430624e-06,0.470319447977158
"TCGA.MP.A4TC.01A",0.0344082760361875,0.0972387230895804,3.81164007277638e-06,0.0011843895652778,0.103043318540986,0.189807025092904,0.089501072532213,0.0027376420189492,9.76339549557722e-08,0.00602853103535218,0.119184379919745,0.356862732894777
"TCGA.05.4420.01A",0.012207145830403,0.013630684883283,3.49141634165801e-07,0.814666006476368,0.098087723007515,0.0348877389927787,0.0150946115421951,0.000148783027420706,0.0104035499493274,0.000873057338966776,3.00454384477731e-07,4.93557232201234e-08
"TCGA.86.8280.01A",0.11970509498824,0.145467738377235,1.55918811463542e-05,7.52631482338071e-05,0.201827658826253,0.107800426398474,0.0767006139472969,0.00510887249996301,8.3047939988578e-06,0.0036017647158535,4.24724204251337e-05,0.33964619800288
"TCGA.78.7166.01A",0.0179752215321793,0.0173280343256147,3.59149783188266e-07,0.3208782551379,0.0349706055728469,0.0131485886165257,0.00165800941895834,0.000494731454150543,1.05748904771757e-07,0.00115029507219102,0.383605979837569,0.208789814133377
"TCGA.91.8499.01A",0.0244104077216458,0.0668089923087911,0.00290216482234839,3.96320914266364e-07,0.136059239451808,0.062790103839454,0.0846789075749217,1.91090567809592e-07,1.58902494295113e-06,0.00476831538402552,1.33811087024653e-07,0.617579558649494
"TCGA.71.6725.01A",0.00378351922468881,0.00702615778145867,3.12871518653847e-08,0.0965257232396324,0.0689441586135403,0.0178133270094825,0.0295059995445082,0.00023253690942996,6.86227630942744e-09,0.000206532904517844,0.145150296985451,0.630811709637862
"TCGA.69.7980.01A",0.0265774836865571,0.0846065483540444,3.89132180532685e-08,5.60513456704228e-08,0.102512974956831,0.100907272105185,0.0920662165135166,0.000229595375307105,1.50662320837531e-06,0.0052713373332804,1.90753656586372e-06,0.58782506255094
"TCGA.L9.A8F4.01A",0.215697594591147,0.188292924460017,0.000166561177338655,2.40770943151868e-06,0.104183503813134,0.123004709511098,0.0924028100742418,0.000677640276107399,1.7077939949365e-07,0.0098211761968091,1.64879557501816e-05,0.265734013455527
"TCGA.05.4433.01A",0.0243127114084642,0.0682022503477941,3.81683924892787e-08,0.602996166437773,0.0961798796883435,0.0233480858705393,0.0391818687132127,0.00152321622080816,0.00441105087152507,0.00343885938329064,2.6140817828637e-06,0.136403258808074
"TCGA.55.A492.01A",0.00837085646219517,0.0201846801745414,3.00829370604364e-05,0.0784576930103467,0.120170240807622,0.0209132042740824,0.00788284192287197,0.000624379615848892,2.31114007730852e-08,0.000876192860030834,0.468077149972775,0.274412654851225
"TCGA.73.4675.01A",0.0183529340199603,0.0187239852667522,0.000111751144623002,1.51176736677624e-06,0.0723707054462688,0.0549194676108198,0.0354388297233122,0.00119475684967765,1.07004494909093e-06,0.000245302214780464,0.489460943802018,0.309178742109471
"TCGA.50.5936.01A",2.90425181771187e-06,2.21225763600015e-06,2.72633079763394e-06,0.6690715528617,0.05400044178623,0.103651312020314,0.0671431595710601,0.00168877516276083,0.103443102935692,0.000990299302966445,3.43384846710873e-07,3.17013417865874e-06
"TCGA.44.7662.01A",0.0611882757643243,0.0636246662090402,2.04669501404959e-06,0.0110869194777574,0.199548622700725,0.207863309454488,0.061118043283562,0.0021134585785316,9.2474850384084e-09,0.00492647666488111,0.211961930409918,0.176566241514274
"TCGA.78.7154.01A",0.0105371498870972,0.0301822512644354,8.0351656568742e-06,0.241117654352477,0.0927168489556199,0.0315892664691578,0.0178860157833592,0.000985407513246997,0.000528633640464661,0.00188945152015495,4.59201647035642e-06,0.572554693431859
"TCGA.05.4244.01A",0.00586326179068729,0.0267848361074636,1.04105444660033e-05,0.354832905365827,0.053931777228835,0.0254331111967193,0.0289473091400996,0.00065141171330809,0.00749465381617053,0.00103125147272512,0.441829304432544,0.0531897671911545
"TCGA.73.7498.01A",0.0381937463085388,0.0564199014423876,2.59998847887476e-06,0.000550747847834741,0.24807486358022,0.0573527435359019,0.0181379267819051,0.0036197462552832,8.29291770542126e-07,0.00104845296517783,0.303271013491359,0.273327428511143
"TCGA.50.5933.01A",0.0272668612095749,0.0789322254495678,6.38313212046658e-06,3.57201680571151e-05,0.249893004930401,0.194579940651568,0.184208811530767,0.00210027869846822,2.615081971817e-07,0.00217372493251797,2.57197685360082e-06,0.260800215811907
"TCGA.55.8507.01A",0.0127635737670055,0.0284909847074908,1.86296300179547e-06,6.83600505356648e-06,0.187528269418976,0.0582615259555301,0.0474167211399523,0.00287333444718536,9.06104942583987e-06,0.00125197083781338,2.83751016804422e-06,0.661393022198397
"TCGA.S2.AA1A.01A",0.399376786338271,0.148685784680608,2.89204901324148e-07,7.78485357288238e-07,0.285545993738821,0.122410965754362,0.0344732851900971,0.00482738764278233,6.36085245436405e-06,0.00463877400957272,3.33654553888091e-05,2.28647383216991e-07
"TCGA.95.7948.01A",0.0287412932112558,0.0200178292365302,1.62401509514623e-05,0.13043362427585,0.0408812323570401,0.0776103949464253,0.0155020184894955,0.00097191589541445,0.0019420514584602,0.0011058501756816,0.000542432049768384,0.682235117753127
"TCGA.67.3774.01A",0.0733076791597762,0.0931877362553259,1.25875638669804e-06,0.390394074087405,0.138969333399679,0.0592574314791904,0.0680235086119036,0.000990179853806803,0.00430390147459561,0.0035030104239783,2.55911077836311e-06,0.168059327387174
"TCGA.38.4628.01A",0.00898277641457971,0.0156192042370832,2.59604156159425e-05,1.99539287366297e-05,0.0398626567924207,0.0927144593513523,0.0719833778980148,0.00250919126934763,1.27510016147871e-08,0.000487971127652342,2.88650591631638e-05,0.767765570755032
"TCGA.50.6595.01A",1.19190879647009e-06,1.68867386114806e-05,9.87209945491231e-08,0.31528581893731,0.389247962258941,0.144836150233697,0.130580449228396,0.0011360420972396,0.012321747788966,0.00649243675812182,7.63243452204259e-05,4.89098370440109e-06
"TCGA.55.7903.01A",0.014037131548477,0.0646245478644728,7.27771587973042e-07,2.06436766801721e-05,0.104871659300006,0.02096779243278,0.0357517474226672,0.00238128312855012,1.71912352840795e-10,0.00451946937934679,9.46245186669991e-06,0.752815534851653
"TCGA.50.5051.01A",0.0491769548521346,0.0161903227198224,1.84467364835165e-08,0.685638724154556,0.120397129765543,0.0346876035345088,0.00596361621020977,0.000823548076189902,0.0097591679287925,0.00048573445060181,8.61894666921274e-06,0.0768685609142359
"TCGA.86.6851.01A",0.330119529555795,0.236307580563471,1.71152319151207e-06,1.23993164903912e-06,0.111803906841455,0.0405353428926607,0.145745244994198,0.00148354413592786,1.87044943193012e-07,0.0190610865113741,1.6444714267606e-05,0.114924181291067
"TCGA.75.6205.01A",0.134670745568988,0.271548599562487,5.50558555479299e-05,7.31620849154126e-09,0.218354283701059,0.0715159234972143,0.273633400866637,0.0192933713894251,8.46757732982349e-09,0.0109277390893333,1.12994660380715e-07,7.51690862303437e-07
"TCGA.55.8091.01A",0.0402896883313232,0.0851452046678964,3.6474818805081e-06,7.6474176584465e-05,0.170459386003686,0.102693173178074,0.0812250079629916,0.00394440760344819,4.22154714832551e-07,0.00240803010688899,3.82362373966583e-06,0.513750734708772
"TCGA.44.4112.01A",8.65712472974282e-05,0.0173515046250725,5.57393653369895e-05,0.616035492763202,0.076201416609202,0.166775423444767,0.0458170243300972,0.00413402781295141,0.0614483435283103,0.00159243178659006,0.0105019783707199,4.61164531689745e-08
"TCGA.44.3917.01A",0.0670075365853124,0.0816288972338247,0.02367765675577,2.15429622205916e-07,0.0408646680106144,0.0558970857152845,0.0794768788508463,0.000542198323716034,5.54903371558421e-06,0.00314731040956972,2.56514495543192e-06,0.647749438506769
"TCGA.49.4505.01A",0.0402191105386235,0.0798183340832345,4.81324639200154e-05,4.91062655518504e-07,0.11456835538886,0.0517522643640639,0.0525699171594284,0.0153639795875915,1.5468987040925e-05,0.00507330543527966,1.18618204209632e-05,0.640558779108881
"TCGA.62.8397.01A",0.0103927084313149,0.0121675830524084,3.32530049979383e-05,1.91859455357062e-06,0.0411735677411345,0.0130113425211209,0.0114429143328671,0.00237419043221615,2.04926740544021e-08,0.000148290866469722,0.361887302460649,0.547366908069593
"TCGA.50.5942.01A",0.048081258270124,0.045465270971652,1.68414333317339e-05,0.353436903041695,0.155486474298048,0.0472668843703661,0.010669284410549,0.00816820635808672,0.00496807744858534,0.00120293173637437,1.88919815519701e-05,0.325218975679636
"TCGA.55.8206.01A",0.0361631134362129,0.0379238575404477,1.30058440379359e-08,7.61101162147396e-08,0.0527405876261656,0.0468871574320981,0.0220829401504736,0.0041326458936738,0.0410217505210087,0.000398978644376852,0.75863893406336,9.94557622271578e-06
"TCGA.55.8094.01A",0.000993296120121354,0.00983831028852179,2.89941166593557e-06,0.552737334917657,0.0483428971082783,0.00651690300461477,0.00212934220508049,5.383103499803e-05,0.000237392376528278,0.00037786566358423,0.279673888543795,0.0990960393251546
"TCGA.05.4382.01A",0.232517348696251,0.0378179633236137,4.86453853749575e-06,5.15897197764181e-05,0.189044218391417,0.295016595216596,0.242113177859897,0.0007841702403725,8.70269180583871e-05,0.00232165156095333,0.000241167507544777,2.26026983237806e-07
"TCGA.05.5423.01A",0.0462044056561735,0.0874806722617304,8.49438863443218e-06,5.35278093239473e-06,0.0263503688613531,0.0578386657106769,0.0785300672849135,0.00335276963031334,5.70261824453361e-06,0.00220324722505586,9.03271922627651e-06,0.698011220862746
"TCGA.49.AAR4.01A",0.20197386026408,0.268070422856241,1.60193239090834e-06,7.74262359186665e-05,0.0577008660246165,0.0508248361810291,0.0553625699260454,0.00467573160148083,1.05736928230081e-07,0.0279684796343172,7.83003335735793e-05,0.333265799273378
"TCGA.97.A4M3.01A",0.0156823931998981,0.016245280231023,5.24307129475488e-08,0.0695204292658409,0.0978464626153935,0.0395028334791758,0.00871443298366813,0.000299703863925842,1.18574275178031e-07,0.000375475347680393,0.360743455588082,0.391069362420325
"TCGA.05.4397.01A",3.96231214094368e-07,2.51790995364543e-07,1.87823782082644e-07,0.69626624151328,0.0150063302643268,0.122805718595736,0.142968605068365,7.30374497061369e-07,0.0219876254437026,0.000960418962880518,3.06311887871841e-06,4.30812342380794e-07
"TCGA.55.6984.01A",0.0496797127924043,0.0215767237461389,4.20893803118857e-07,0.693336887650462,0.0855899596698653,0.0196335445205578,0.00151671099512847,0.000630655563915554,0.00642736561840201,0.000857712836589831,0.0514813965134391,0.069268909199294
"TCGA.05.4427.01A",0.0243406882227252,0.0485344357322553,0.000103299938065078,2.07959224194127e-06,0.104146680020418,0.0465489390355467,0.0715636385232278,0.000537934730043576,6.83336667922788e-07,0.00277585940685861,1.90067991967471e-05,0.701426754662753
"TCGA.86.8281.01A",0.0742390151721505,0.0380478270300009,3.025805368708e-07,0.66915837728041,0.141123031251091,0.0404400648551297,0.0129979334731958,0.00133366972402093,0.00818897373596096,0.00094410466953203,1.1323176631593e-05,0.0135153770513394
"TCGA.44.A4SU.01A",0.149745922474393,0.0571517340622176,3.10565564676133e-08,0.284087400802023,0.073180286558071,0.0548741027677875,0.0115958020345622,0.00173760406668381,0.00191626130371931,0.0012799603909523,0.000156886796470476,0.364274007686563
"TCGA.75.5147.01A",0.100431132823236,0.09083131494914,6.02175770658194e-07,0.0873518438497171,0.051746662336992,0.103717609933871,0.0440668360392515,0.00223610190946412,0.00729520134224246,0.00253460854757375,1.25451960296651e-05,0.509775540896712
"TCGA.97.7546.01A",0.100808704474702,0.0815179910593046,6.15190842295609e-07,0.227650890105853,0.113394985207254,0.0519644751347099,0.0248781664770664,0.00390663329614253,0.00380891137245031,0.00109966046110152,0.187438717983715,0.203530249236859
"TCGA.86.8585.01A",0.122267602046831,0.124741304074584,0.000245563654506714,7.65876551224875e-08,0.0728702045106927,0.0630176171382663,0.10588429812949,0.00258143375673681,1.27676365297281e-06,0.00873455398373249,1.98222265780312e-05,0.499636247127275
"TCGA.55.8301.01A",0.411332035772131,0.0684779050239315,0.12407771655886,9.4917109209037e-09,0.145770298235739,0.111580755172355,0.122740633878005,0.00199144328974902,9.49883797742907e-10,0.0137664756180323,0.000260719218429675,2.00679117322805e-06
"TCGA.86.6562.01A",0.000324599363629476,0.0160173524971719,1.08932132148196e-06,0.675873094328282,0.114059425936971,0.13417187189058,0.0419951466076993,0.00200400049693439,0.0145276268542469,0.000912543985598912,7.84406316662809e-05,3.4808085897721e-05
"TCGA.J2.A4AD.01A",0.00550499122288766,0.0095227588003339,1.00711771921346e-06,0.388145972113365,0.0393066937948225,0.0446392759071023,0.00485165247891187,0.000661015040597524,1.01565255654019e-07,0.00030384883590749,0.368837227923656,0.138225455199441
"TCGA.50.5946.01A",0.0105863209653169,0.0203618318394193,9.77287756607159e-08,0.219044390000491,0.0762177310283244,0.045377602116837,0.0148586579743636,0.000503084504453838,0.00363898513643758,0.00059567284089809,1.34432044830613e-05,0.6088021826602
"TCGA.55.8510.01A",0.0732472905395583,0.106780282459594,3.36885263375794e-06,3.41512681872647e-05,0.144954910631019,0.068273588898511,0.102525434264615,0.00478952723839795,5.68502673232532e-07,0.00629108095870035,7.87526889101077e-06,0.493091921117218
"TCGA.99.8033.01A",0.00912735762974872,0.0408717893631486,2.30951831768809e-05,0.114562622863546,0.0455444869221964,0.0311845184654936,0.016728559263611,0.000457576131686474,2.45010270470926e-07,0.00541572393593366,0.736060344836575,2.36803946130088e-05
