"","cellFractions.B.Cells","cellFractions.CD4.T","cellFractions.CD8.T","cellFractions.DC","cellFractions.Endothelial.Cells","cellFractions.Fibroblasts","cellFractions.Macrophages","cellFractions.Mast.Cells","cellFractions.Monocytes","cellFractions.NK","cellFractions.Neutrophils","cellFractions.otherCells"
"TCGA.EL.A3D0.01A",0.000131133161985609,4.92418307975672e-05,0.000654069247453665,0.625670781202383,0.00347256580325688,0.0920770303894675,0.209600409970616,0.000653479095744179,0.00736712530480088,0.0023542656288718,0.0579698772012231,2.1163400455024e-08
"TCGA.J8.A4HY.01A",2.03185067153562e-06,7.1586446241191e-06,7.2328340997493e-06,0.357331083215329,2.24413208262976e-05,5.19223782670897e-06,0.641873181887904,1.24981018778985e-05,4.61343424997876e-06,5.50165969578279e-05,0.000679512994616066,3.68810161663999e-08
"TCGA.L6.A4ET.01A",4.47902284384461e-06,2.62473085444589e-09,2.06213924713902e-05,0.610092359901319,0.000194374169505484,0.0597198035167936,0.27304349112694,1.11876636450866e-07,0.0569233756423933,1.750100572942e-07,1.15889933128944e-06,4.68169769217151e-08
"TCGA.DE.A4MC.01A",7.28446711359186e-07,2.36068165031424e-07,7.79080526347053e-05,0.328945376584079,6.47282103057924e-08,1.77408057606343e-07,0.63523813441268,5.6391048276235e-07,0.0353718778442479,7.09674647753003e-07,0.000362689844165959,1.53302591695222e-06
"TCGA.ET.A25K.01A",0.000235705163933463,8.19366525033186e-06,1.05066498480494e-06,0.583441478014123,0.239724814835096,0.0776312200246985,0.0952026635936692,2.43106091971433e-07,0.0037392454724834,4.9502742278257e-07,1.48468062283225e-05,4.36260179271423e-08
"TCGA.DJ.A3UU.01A",0.000446343432824173,0.00047546999677485,2.00190333004588e-07,0.647945019441136,0.000127298581408235,0.0625625604753007,0.217230795943301,0.000254548759336564,0.0699939104668769,0.000166509359057997,0.000794249366869754,3.09398678095652e-06
"TCGA.EM.A1YA.01A",5.84443250014522e-06,3.60415495029793e-06,9.47868076617367e-05,0.638351706734664,0.0741010617307128,0.00384810674302223,0.228116764006946,0.000132898377733512,0.0549554471431645,0.000173221348488282,0.000216530696356852,2.78238001544456e-08
"TCGA.CE.A483.01A",9.32436270688983e-06,0.00127997068228897,0.000110666648837388,0.253816714083851,0.000327033759195764,0.0198894422672602,0.638243522239311,0.000103336535356327,0.0778939832556796,3.19195485297315e-06,0.00832281243019598,1.78046394479199e-09
"TCGA.DJ.A3VD.01A",5.6312256070322e-06,7.3133500969494e-07,1.24403457446645e-05,0.42338693689403,2.52374907653788e-06,0.115544826078855,0.244462745051345,5.09726271098129e-09,0.216437038104318,5.67109983923051e-05,6.62507880635492e-05,2.41603322948632e-05
"TCGA.BJ.A28S.01A",2.82530418459483e-06,1.86297163744141e-05,0.00118617974299148,0.385603180605733,0.000257861488580581,0.0110470314425531,0.576043095486702,1.54346745355196e-05,0.0139713544616822,5.44925525470231e-05,0.0117964501648502,3.46435926614786e-06
"TCGA.FY.A3R9.01A",0.000172270395144893,0.00523556768805453,5.45656855856892e-05,0.587490967771684,0.00956613917190643,0.00182904069709271,0.389867687899379,0.000792018150669082,0.000394659308552103,0.0043586549916121,0.000208759643543367,2.96685967757979e-05
"TCGA.FY.A3R8.01A",0.00129809163578994,0.00010802900750832,2.48323679632454e-05,0.372835036416248,0.00014869732422718,0.0109609932200003,0.607537362332142,2.87428814066087e-07,0.00181725589075422,7.46396722331557e-06,0.00522990310571138,3.20473036182022e-05
"TCGA.DJ.A3V2.01A",5.04375805601617e-06,5.15884378759049e-05,7.41243784610744e-07,0.546578666872418,0.000682998251067498,0.0637445442453832,0.354729613251499,4.62132714599514e-06,0.0299054971681621,0.00421854600003829,7.69964095940785e-05,1.14303497507981e-06
"TCGA.ET.A25L.01A",6.0833995862772e-08,8.9480840023918e-07,5.84569537113934e-06,0.493321871088515,0.0105422251293154,0.051574362938037,0.321623638794516,2.42301269195452e-05,0.122890708300684,1.03468068863058e-06,8.18526153526844e-06,6.94234202195635e-06
"TCGA.EL.A3D1.01A",4.25088653697925e-08,1.10338398957381e-08,6.14779965011724e-06,0.502497158615954,0.201532189725519,0.160105691566669,0.121248838820155,0.000606573480289515,0.0138751882775376,8.47628888605458e-05,2.93417746539831e-05,1.40535080045122e-05
"TCGA.FY.A3I4.01A",2.41911016692822e-06,1.54938911003806e-07,5.94214898521818e-07,0.580997744699587,0.16695055912823,0.116544945619555,0.0936474814114819,2.81562886418209e-06,0.0417375440693642,6.26024218325311e-08,0.000110205944021709,5.47263249731315e-06
"TCGA.DJ.A3UV.01A",1.19281075162737e-06,1.68970499302436e-08,4.36419852044371e-07,0.250513760821121,0.42107132525207,0.093875814035728,0.119223731884712,5.0972966461489e-05,0.113094746482573,0.000507660606845467,0.00165348236738478,6.85945545005134e-06
"TCGA.BJ.A28T.01A",6.11359148568762e-06,4.60914122383965e-07,2.61428851846758e-07,0.397823444934305,0.261172459939479,0.059909170645995,0.148214935441608,1.83215765856225e-06,0.122164380298713,0.0106939848498078,1.28507432570616e-05,1.05054716517523e-07
"TCGA.EM.A3FQ.01A",8.64076126069754e-07,3.6524375914673e-05,9.33797425588586e-08,0.547945581269694,0.000151667492617545,0.0802425727272389,0.171046755137381,6.69717694046216e-05,0.197970355378764,0.000348520735672924,0.00218944559921082,6.4805823298858e-07
"TCGA.J8.A4HW.01A",7.47007510634061e-07,1.71723606976384e-05,4.6393548959788e-05,0.760447558798175,1.6833832450344e-06,0.084839960016781,0.125086807728917,1.45508883363277e-06,0.0295056227980665,2.44418602588021e-05,2.14054572670547e-05,6.75195128761215e-06
"TCGA.MK.A4N6.01A",3.99827188058437e-06,2.65616287143399e-07,0.000238755317292539,0.643090267839286,0.000278559509891348,0.0329227006107159,0.273079425839371,7.77955910245928e-08,0.0499176988274317,1.70688484323014e-06,0.000465477171239013,1.06631617091353e-06
"TCGA.DJ.A3V8.01A",0.0288421500591752,8.74362781180259e-05,8.00467199482561e-05,0.56546750944692,0.112955026204965,0.010512541381539,0.277950551103427,0.000228926101682072,0.00271235830148619,0.000177591115306447,0.000968297377998115,1.75659094344888e-05
"TCGA.DJ.A1QI.01A",7.75553308898505e-07,0.000239511381021381,3.40154342106474e-06,0.567099672963044,0.000596075172865766,0.00629439741345062,0.288377506691062,4.63483230821913e-05,0.135812864368569,0.000869063672149078,0.000657265655663165,3.1172623632985e-06
"TCGA.EL.A3H8.01A",8.88282056190298e-05,3.20644676360742e-05,3.65599704989056e-06,0.254992622825389,0.00510020933392918,0.0640256197042091,0.476092722013163,1.58297135789829e-05,0.191458486389103,0.000139300930459127,0.00804966263891012,9.97780953060167e-07
"TCGA.EM.A3O3.01A",5.99960402565304e-07,1.33547728190245e-06,3.78846093571324e-06,0.743195072087146,2.64816725344035e-07,0.0579781655597324,0.086524028050425,0.00147261794314613,0.110687987721142,0.000116407228389478,1.954880199877e-05,1.83892675000004e-07
"TCGA.IM.A3U3.01A",3.53900817968802e-05,6.18361050274022e-05,0.0001367023446788,0.472649326224485,0.000219211651761953,0.0386319408818062,0.443601051795348,2.23124754781409e-05,0.0445609823041025,1.04246252644393e-05,6.97605080377865e-05,1.06100221267473e-06
"TCGA.BJ.A191.01A",0.0708580397969324,0.01466896460371,0.0126495684720345,0.552717063000907,0.134114841274134,0.0607874397205822,0.0131176622416919,4.47159164494427e-09,0.00441137090983897,0.00201659786006491,0.134658071023347,3.76625165410418e-07
"TCGA.E8.A3X7.01A",5.05487250233451e-07,1.34415890975553e-06,6.56896486620363e-05,0.751515157879967,1.26726268070063e-05,0.0493299386282888,0.124204893075776,8.02597962081077e-05,0.0743053868246263,6.15528578132547e-06,0.000477609003710303,3.87584013334031e-07
"TCGA.FY.A3YR.01A",1.85762238296053e-07,5.94622758861818e-06,3.52370047051058e-07,0.558409648175505,8.78387159476276e-06,3.15406582763254e-06,0.331387035726423,4.25553169009971e-07,0.110172982722318,4.34888026032204e-06,3.25919431674024e-06,3.87745071114515e-06
"TCGA.KS.A41I.01A",1.32255334393188e-05,1.05703552887886e-05,3.74867968751206e-05,0.692575716949909,0.00152159697675673,0.0423631429289569,0.139649866616661,2.64647508511969e-05,0.123620459511193,2.68932586459026e-08,0.000175005887714008,6.43679909635574e-06
"TCGA.EL.A3CS.01A",3.15734932909363e-07,1.53917363963851e-06,5.5775648716894e-06,0.634106655294394,3.08998166345442e-06,0.024765611446974,0.214168931675749,1.71923881419252e-06,0.12694507746351,5.87850354621375e-07,6.13491552423107e-07,2.81083543590052e-07
"TCGA.EL.A3GU.01A",2.01109111135093e-07,0.000229326287476174,6.87102465546149e-06,0.581228921073921,0.000494481909798062,0.120234977360986,0.181849279362107,1.67538090723686e-05,0.11591473827895,7.38152069483433e-07,1.74391562536213e-05,6.27247559951247e-06
"TCGA.EM.A1CU.01A",1.21114045644114e-06,1.64722894412105e-06,7.58118791661187e-06,0.570660276782858,0.0665341637062603,0.0853729911694635,0.149683326406467,7.85950606357614e-08,0.127612266376951,0.000101757892672713,1.40222454571855e-05,1.06772674924763e-05
"TCGA.H2.A26U.01A",7.41620210971098e-06,5.36234136556188e-06,2.44994729596709e-07,0.20510373138412,6.02789346709541e-05,0.127315767943493,0.581687213179435,1.52872372648342e-06,0.0813324863791425,0.00445185575291832,3.29884949517348e-05,1.12566933739898e-06
"TCGA.DJ.A2PT.01A",5.55257584587335e-05,2.77495241304486e-06,2.83352510518891e-05,0.179516442406681,2.23794041893231e-06,0.0202772282651234,0.524984900771015,8.77536329598423e-07,0.272615868247984,5.0212500531522e-05,0.00246444781422783,1.14855576504851e-06
"TCGA.DJ.A3V6.01A",0.00364037493010634,6.84805705489576e-07,0.000253569578202509,0.368082379281688,0.0473626453659209,0.0851656236888652,0.389624622352256,8.95034035472829e-06,0.104057856880963,3.99376408748776e-05,0.00175988341366982,3.47172139250919e-06
"TCGA.DJ.A2Q7.01A",0.00023675308298802,1.33381835134606e-06,8.03478113185361e-07,0.610192740682443,0.000357803595748419,0.0702151373231863,0.29110362857671,0.000304514986434129,0.0275071852971126,4.31686290708148e-06,7.57291782785159e-05,5.31177276992777e-08
"TCGA.ET.A3BV.01A",2.04403750638e-05,4.70128623751585e-06,2.3018191564215e-05,0.637292866893105,0.0245611782817847,0.10246752570197,0.0696480500985017,0.0126898462928892,0.153251937846839,5.20554520995141e-06,3.36052263770814e-05,1.6242604571098e-06
"TCGA.EL.A3ZL.01A",1.50815894259283e-07,4.03481430290141e-05,8.36124476509222e-08,0.412572221513512,0.250612422451323,0.134356236344691,0.106892923752681,2.24542207003515e-05,0.095499906454557,3.17073365839472e-06,1.45373411465078e-08,6.74201654680501e-08
"TCGA.CE.A13K.01A",1.4877732843535e-07,5.50448413097153e-08,2.53755663482365e-07,0.03509568366359,0.768305581850272,0.0938242694497833,0.0969800856612566,3.0398434388742e-06,0.00577282233844868,7.18904796359452e-08,1.79633823218118e-05,2.43425756643177e-08
"TCGA.DJ.A3UQ.01A",7.69172509613827e-06,1.47163924910856e-05,0.000118084770498563,0.514504685938643,6.49554949992864e-05,0.123543440485129,0.353151216434736,1.31662236962256e-05,0.00766077075231286,3.76111615263891e-05,0.000883656068268134,4.55260319420919e-09
"TCGA.BJ.A45H.01A",3.82348244129671e-07,1.87913314345364e-06,2.56604062414613e-07,0.645544745312116,0.049712648538183,0.0547560873244911,0.177488217758439,4.781723746694e-05,0.0724199241634023,1.03488560432602e-06,2.44169272057375e-05,2.58976764169613e-06
"TCGA.L6.A4EU.01A",5.86935302921818e-07,2.00731758644993e-08,3.2325472806816e-06,0.45418743425945,9.48719748005305e-09,2.59766731009044e-05,0.507789695769923,7.6045604771116e-06,0.0378312739680943,3.45526124054431e-05,0.000118864571724412,7.48541867917986e-07
"TCGA.DJ.A3VM.01A",0.000509463140397489,6.13140561580393e-05,2.83423289285178e-06,0.0912390059789083,0.000166391012564898,0.000234376658183427,0.907459523678969,2.17524461717986e-05,0.000189957553247953,8.47401001652839e-05,3.03635694866321e-05,2.77572854107356e-07
"TCGA.H2.A3RH.01A",0.000781985411615778,6.81651656404414e-06,5.77671586537364e-06,0.338377628314205,0.387183327542953,0.069010048223846,0.108228099827277,6.05232587331082e-06,0.0963315540988376,3.53032379115016e-05,2.94669439495137e-05,3.94084110188286e-06
"TCGA.EL.A3ZR.01A",1.44682543615438e-07,6.1959375148531e-06,1.08823300350888e-06,0.490863918184001,0.0715936459687593,0.0301666139565195,0.289974497554974,4.38085159985418e-06,0.117376773588475,8.55566109416417e-06,4.08542440328112e-06,9.99571125371154e-08
"TCGA.BJ.A291.01A",4.74882393307681e-06,3.77511840463629e-06,6.38853451832892e-06,0.0228820416513603,0.823027806800865,0.0396133162107372,0.0728204551766641,2.23375644442514e-06,0.0416265201415833,4.0369588592873e-08,7.70474162204828e-06,4.96867427875725e-06
"TCGA.MK.A4N9.01A",0.000286092438009544,0.25482318053062,2.66084335775281e-05,0.0981427171233873,0.236012751145047,0.0436097431947569,0.204134411831008,9.9509493207166e-06,0.0279530588564246,1.4771550757156e-05,0.134981794035439,4.91991165257926e-06
"TCGA.EL.A3MZ.01A",4.00452959623723e-06,1.51137338229607e-08,2.20485554019649e-05,0.512295942028696,1.88548023100104e-06,0.00021783384105842,0.457949284582975,5.17699882467001e-08,0.0290601595875304,3.11398602932155e-05,0.00040893256070271,8.70208979284852e-06
"TCGA.EM.A2CP.01A",0.000127268480502181,2.38254340236789e-05,2.61407914920289e-05,0.172264577353241,1.48697014820678e-05,0.000138682780971224,0.821446063357116,1.95968232190196e-05,0.000121604487328319,0.00437189368627051,0.00143797757860393,7.49952574938061e-06
"TCGA.DJ.A2PZ.01A",6.48198510246078e-05,1.44485975028913e-06,9.86255380067318e-06,0.4826528872581,5.47109891323128e-06,0.0814428687740636,0.304456545217418,1.50722631051211e-07,0.131176926033855,1.17389830895297e-06,0.000187842934534481,6.79760018404859e-09
"TCGA.EL.A3ZG.01A",4.48371203516896e-05,2.24267554183367e-06,4.9226811741716e-05,0.162804856883729,0.000132791529803909,0.0250077074601944,0.607421480377267,2.25677240650223e-06,0.204516580643834,1.80897527627441e-06,1.41995638623123e-05,2.01118599111783e-06
"TCGA.FE.A3PC.01A",7.48910002054709e-08,7.48178987542887e-06,7.6000432455293e-06,0.727641262552482,2.90788907043427e-07,0.0624956105797958,0.102876681720865,8.177736153611e-07,0.106216472849127,9.60870266481972e-07,0.000752489055149429,2.57085671110002e-07
"TCGA.BJ.A0YZ.01A",0.000630259535800123,0.000398683139797986,8.22578154737718e-06,0.309671419094221,0.491226207824278,0.13521024915666,0.0337252003500351,0.000243824673607898,0.0283466092020149,0.000362385757109803,0.000173666224694663,3.26926023285212e-06
"TCGA.DJ.A13M.01A",0.000204208691529536,2.34662271891318e-06,0.000190058328385728,0.670753634893128,3.43144832851859e-06,0.00963619193145027,0.301599563355438,7.36450629340863e-05,0.0174595326396782,4.98983768583638e-05,2.67693501273507e-05,7.19299422730693e-07
"TCGA.EM.A3OA.01A",4.44389303786211e-05,0.000445686659461821,6.7966022713299e-06,0.606429320087893,0.0887546372578616,0.000747752489396622,0.186314543347925,1.33844533423175e-05,0.114535776992332,0.000266553481772532,0.00243993967892468,1.17001844014888e-06
"TCGA.J8.A3YE.01A",3.33317598783452e-06,5.12480384610024e-08,1.8285093461756e-05,0.679224534378481,4.21102589519307e-05,0.00335888725258738,0.293379734934136,2.24434675175271e-05,0.0237121236938351,0.000120605629139459,0.00011075627555841,7.13459230531175e-06
"TCGA.BJ.A0Z9.01A",1.44632734070696e-06,0.00137838594685112,0.000164550498003413,0.668104741397303,0.00329841563100906,0.0483977772635301,0.131362209489841,3.32801462978039e-07,0.13146894423146,3.35310391813628e-06,0.0158193647663945,4.78542886660343e-07
"TCGA.EL.A3CW.01A",1.13926957368312e-05,8.07764134518862e-07,1.68067895994527e-06,0.719784205720669,0.00160149076107892,0.0584834259530559,0.124529019366782,3.56938671729866e-06,0.0955326388734507,5.05473109095754e-05,1.20474207431705e-06,1.67464318094668e-08
"TCGA.FY.A3R6.01A",7.46570209107933e-07,0.000734785245583404,4.82486332870058e-08,0.602423538159147,0.0851975742025749,0.0574600244370484,0.168847539260856,6.82518242599428e-06,0.0802768965686168,0.00501723832362864,2.15349487164157e-05,1.32488525602394e-05
"TCGA.H2.A2K9.01A",9.28026513530889e-06,5.560719977376e-06,2.45254566032617e-08,0.477229578192293,0.117972921937732,0.07798635836584,0.156432504069,8.25436574032831e-10,0.170349215013995,5.21340069033003e-07,7.72021494166098e-06,6.31453012351933e-06
"TCGA.DJ.A2PO.01A",4.93105341976209e-05,9.04243571283716e-07,6.95314410178059e-07,0.291456311221019,1.38738269963459e-06,0.0218974702380703,0.654545992819734,3.97724655138349e-08,0.0319909342574263,1.65643918393004e-05,3.13611294422769e-05,9.02869512492192e-06
"TCGA.FY.A40N.01A",1.00183982929028e-07,2.32039561285263e-06,1.41192820964116e-07,0.836035461597826,4.39011260338722e-06,0.0436768601660957,0.120099324086471,1.7962608708092e-06,0.000127534730990665,3.34653551263296e-06,4.78301008497057e-05,8.94636363471303e-07
"TCGA.EM.A1YD.01A",2.94585561963573e-06,4.63805331756186e-08,8.26912719464845e-06,0.000984351529410874,0.894485331698318,0.0668738824146075,0.0376266541911773,1.65598174004746e-07,3.60644901224723e-07,8.7776211485787e-07,1.59648406518186e-05,1.14995729742823e-06
"TCGA.DE.A69J.01A",4.29764378242192e-07,5.29496618291918e-06,7.39436618505574e-06,0.324658362976249,1.30832613603035e-05,7.45032035015613e-06,0.663646141381998,7.33682712702734e-07,0.0116586414952331,7.39422867520012e-07,7.15994908639336e-07,1.01236757449533e-06
"TCGA.EL.A3MX.01A",9.84900409826893e-07,9.95984805816579e-06,1.75754062076576e-06,0.72260136400958,7.44368120960464e-08,0.0573412917240942,0.0723228350983566,5.86551282757184e-06,0.147709915093688,1.92299922921136e-06,3.43377351826561e-06,5.95062804727205e-07
"TCGA.J8.A3YG.01A",2.68062764885292e-06,9.55479122683408e-07,8.61862199135893e-08,0.844081475317251,2.03820295224617e-06,0.0381439879638438,0.112922456867719,8.77987022708742e-08,0.00484062630792812,1.74697341597346e-07,5.40857305232706e-06,2.19782179865307e-08
"TCGA.BJ.A0ZC.01A",9.4630405755812e-06,1.87429495255658e-06,1.03198116833112e-05,0.546940089465481,0.274678167882386,0.0295714362902213,0.0941879923854019,1.01243178154091e-05,0.0544873469978345,4.3049497985322e-05,5.94189186933556e-05,7.17096969253905e-07
"TCGA.FY.A40K.01A",0.000281937859692922,4.82778383016125e-07,2.44407286460058e-06,0.506371521927995,0.188380471190789,0.0290915379271493,0.188664092647942,1.82623800705796e-05,0.0830611955517538,1.46029402201237e-07,0.00412239781071181,5.50982324576832e-06
"TCGA.EL.A4K6.01A",3.1287870882357e-06,2.26961513910577e-06,5.3036042722199e-06,0.732518641901869,7.60794961249386e-05,0.0393187973387481,0.0976888578529541,7.56223348961178e-06,0.130377790737179,3.98102451829631e-07,2.32984602564783e-07,9.37346081204303e-07
"TCGA.EL.A3H3.01A",3.89135312136871e-08,4.03088395952656e-05,8.96992255653994e-05,0.757210561738078,0.136133581174391,0.023491285055216,0.0395275276468945,0.000286184418807196,0.0414227153198331,0.00179780720734338,2.80177002995172e-07,1.02837419855133e-08
"TCGA.BJ.A290.01A",8.40438866140839e-07,1.43878333055341e-07,2.41249190238752e-05,0.451534915177403,0.0014885668449722,0.1367193710149,0.237943068666826,2.49744296373389e-05,0.172254218629389,3.78042414491536e-06,3.68563389228775e-06,2.30994261293485e-06
"TCGA.BJ.A28Z.01A",0.000771383319886401,2.13977956139462e-06,5.78076857188466e-07,0.594566273604064,0.016279722898597,0.0441330425445844,0.289690440630441,4.95388740521554e-07,0.0388927308950352,0.0156493519773589,8.88684269395824e-06,4.95404217961361e-06
"TCGA.CE.A484.01A",3.04428858161205e-05,1.99400104830943e-05,2.60950837335866e-07,0.536116287019368,0.064761368864128,0.14378153687338,0.180074651464707,4.57215319755821e-06,0.0751898539322266,7.96347493704653e-07,1.87620771947605e-05,1.52742116750382e-06
"TCGA.EM.A3FL.01A",4.22290208722179e-06,1.32505019606077e-06,3.70185090304749e-07,0.694240986849108,0.00515795538525074,0.0154978576915891,0.132384704443951,7.87339106849635e-06,0.14630733901204,3.34081045159084e-06,0.00639022217898015,3.80210018823762e-06
"TCGA.EL.A3GO.01A",2.6703000100692e-06,2.27374387073197e-07,4.80538376185923e-07,0.189574699034221,0.66240025832217,0.0376822680524768,0.105436094549927,1.053706001683e-07,0.00457937732703052,1.02865406468339e-05,0.00031168942926267,1.84316089198818e-06
"TCGA.ET.A39T.01A",0.00611988024248929,6.72896866651749e-06,0.00856911152099138,0.331134703847764,0.00536073421966875,0.00344337295308023,0.637799386259946,1.27969482130832e-06,0.00483783797511027,0.000173269086264258,0.00255148390288917,2.21132830904012e-06
"TCGA.EM.A2CK.01A",1.07233730821275e-06,1.29693226410147e-05,9.69226664759463e-06,0.303055104701937,0.108851555621145,0.0787006259768084,0.416584944708972,3.47882757822671e-07,0.0927692407871591,1.17868515780042e-05,1.84674907407406e-07,2.4748681378948e-06
"TCGA.DJ.A4UQ.01A",6.54435036187718e-05,1.52091567123166e-05,1.06229835710279e-05,0.530506602370301,0.0097679983962213,0.109091234100807,0.205670044065318,9.83906377490314e-05,0.144254367576074,0.000322237205262124,0.000194575353898783,3.27465046775265e-06
"TCGA.DJ.A3UO.01A",1.39227767170973e-05,1.97256592896552e-07,4.03703788205468e-07,0.748653023244212,0.000399144595106246,0.0425966314348022,0.162157504938578,2.51220495099904e-08,0.0461694381819269,5.22283526914591e-06,4.30767605313768e-06,1.78234904331405e-07
"TCGA.DJ.A1QM.01A",1.17853215414386e-05,1.09618144400386e-07,2.16785025752676e-05,0.542712573883529,0.00027222087045908,0.0658576340113424,0.244461728092864,1.73162964340494e-05,0.146133152205245,1.17752527082167e-05,0.000499933555072953,9.23900835335712e-08
"TCGA.ET.A3BS.01A",2.23642529090049e-05,1.47602000738386e-07,0.000753180708113529,0.602040910607563,0.00316926250769931,0.0538572015790348,0.333176763999978,8.7088483989491e-07,0.00573160924310256,0.00109276040174248,0.000154734680754883,1.93532261917564e-07
"TCGA.EM.A3AO.01A",1.27028368699616e-06,1.194697510322e-06,3.19405662820329e-06,0.456999367660765,0.388385982779508,0.0756808498038958,0.0526102260115335,0.000680054160589733,0.0247119165366179,0.000923751699133601,6.16231146498234e-07,1.57607898435452e-06
"TCGA.DJ.A3UN.01A",0.000515290250695161,2.15913475721591e-06,0.0019799576210929,8.92703068459987e-05,0.218542155614605,0.0688744343951187,0.621630748564646,1.85124266089017e-06,0.0862645682683131,4.77691707365304e-06,0.00209457229692186,2.15387270397444e-07
"TCGA.DJ.A13W.01A",8.70137932131226e-06,5.48461034481071e-06,5.0382393151768e-08,9.05166684880758e-05,0.954264112946556,0.0355397165343603,0.00999151719540571,1.48985914808468e-07,6.87839227096947e-05,2.47848370966245e-05,3.16493196510224e-06,3.01760544435634e-06
"TCGA.DJ.A3VE.01A",1.37258275354406e-08,1.24428365144566e-06,2.48772244624544e-06,0.497279821793128,0.0742897745425394,0.109493633099366,0.154777473959754,4.22773726230645e-06,0.164137881162719,1.3153218968454e-06,5.97524544803659e-06,6.15140596035176e-06
"TCGA.DJ.A3VI.01A",0.000206312854076112,8.78398268500722e-06,5.34562165161141e-07,0.711739850600114,5.94494338153478e-08,0.0300268080141845,0.119805352932129,3.53239291944339e-06,0.137877605131852,1.81184536121688e-06,0.000321886776573717,7.46145850477647e-06
"TCGA.EM.A2CO.01A",1.56927077007384e-05,5.43723387777022e-07,3.32149405506723e-05,0.0220178363727602,1.98460195430423e-06,0.000405100173593048,0.975167712482143,3.15050826651647e-05,0.00221052547249655,2.10243093476183e-06,0.000113173425627647,6.08586185986856e-07
"TCGA.ET.A39L.01A",9.15922057844099e-06,1.5764950254938e-05,1.14756001545921e-05,0.058461906069359,0.619977916414062,0.0190993654280545,0.203737957866443,4.34239961423607e-05,0.0984651652886325,1.00278342895547e-05,0.000163163552924113,4.67377910445432e-06
"TCGA.EM.A3FO.01A",2.82036722919158e-06,3.60549713716605e-06,2.99319646989809e-09,0.672922602094992,0.000254194298972536,0.0582640392276385,0.0741721000757094,1.05242724790066e-05,0.194351987071929,1.63529028784522e-07,1.7420877890471e-05,5.39693797864561e-07
"TCGA.E8.A418.01A",8.73180196598712e-07,4.64841498804542e-07,5.4953176731729e-06,0.563961445231584,2.47536951741505e-05,0.000285397247087936,0.431465386130001,5.2444043779022e-06,0.00419685060527995,9.38196488563918e-07,5.20466762671692e-05,1.10447437009498e-06
"TCGA.DE.A4M9.01A",1.77862016465597e-07,4.74368685848724e-07,6.46285096138723e-07,0.652285971572145,0.121483027775062,0.0916271271975979,0.0336346282185109,7.62559606841025e-08,0.100964928284787,2.03768809670741e-07,2.46263104650463e-06,2.75780281852885e-07
"TCGA.BJ.A28W.01A",0.553297421839223,0.243470397415456,1.23529739623075e-06,0.000236617651881242,0.0153852334784181,0.0556879345989083,0.106314651537898,0.000160637624210294,5.63646965316374e-07,0.0254369516094655,8.29722534305257e-06,5.80748351385024e-08
"TCGA.DJ.A2Q6.01A",7.06233656421228e-09,2.22370455815634e-07,0.000101622887902583,0.620730200556353,0.00567068859993788,0.034858057979998,0.281956061172061,0.000202864924697819,0.0516751020890956,0.00193542702395027,0.00285674228890656,1.30030443050643e-05
"TCGA.EL.A3N2.01A",0.00013414236090392,0.000145045191724129,0.00144292158691197,0.0367150809094161,0.000839280758644738,2.66466741783086e-05,0.955951498817964,0.000484291792608505,0.000118112444015768,0.00257175458629209,0.00156505811209008,6.1667652507683e-06
"TCGA.FK.A3SG.01A",0.000224710740785686,1.92087247134791e-05,0.000726531766498406,0.333394104874027,0.227356218287328,0.106083826492584,0.183947207820081,5.49951859848869e-06,0.148060098114643,8.23492025899775e-05,9.76807719602713e-05,2.56368619136833e-06
"TCGA.DJ.A3UM.01A",6.997069638386e-06,1.75602816173375e-05,3.58927940091326e-07,0.471557873163055,0.179527371101687,0.0121353722412648,0.290023267990987,1.11348014007475e-05,0.0463856501708151,0.00026182398821018,6.25415616580139e-05,1.00487017259239e-05
"TCGA.BJ.A45E.01A",0.507779819771452,0.0935984674314021,1.77748226090838e-08,1.1962307386245e-06,0.152347909143787,0.0192338153006784,0.156705905560549,3.162857974952e-07,0.0464625372393524,0.0238630996117867,6.89749660764623e-06,1.81530260056333e-08
"TCGA.E8.A415.01A",1.60889740160474e-07,2.66077949418239e-05,1.41643572288927e-06,0.746542854245357,0.00045243441565051,0.00951389071086576,0.230878350886957,2.85088649896538e-07,0.0125816160256422,5.49289830232023e-07,1.63822105855286e-06,1.95995584079151e-07
"TCGA.DJ.A4UP.01A",5.2793399643413e-07,4.69728704655598e-07,1.12574233533138e-07,0.620184294434297,0.228332728058702,0.0520575504619814,0.0790697577694314,1.47561712344933e-05,0.0197806613326915,0.000558184855812239,9.53573951749401e-07,3.10496376295317e-09
"TCGA.ET.A39J.01A",8.70164222101137e-06,1.88063678453951e-06,3.27998290527575e-07,0.217987665903595,0.300431268980166,0.150169612242092,0.247890006200715,3.44677606715796e-06,0.0835028177663075,1.91591585142174e-06,2.34324366357073e-06,1.26942464311354e-08
"TCGA.KS.A41J.01A",2.48929679071696e-06,2.6575562509763e-05,8.55282689898347e-06,0.441335414352476,4.42616914603328e-06,0.00266624492107369,0.477374374217599,2.72451995203107e-05,0.078287837649379,1.88947952232028e-05,0.000227882605298362,2.0062404085224e-05
"TCGA.BJ.A4O9.01A",1.37165323549923e-06,1.33837949242556e-06,3.03727802896169e-06,0.212455132711108,3.34945197743878e-05,3.41177839851478e-06,0.722539238341386,9.60265387113703e-05,0.064724130175043,4.6640955475844e-06,6.78870144653827e-05,7.02675148094222e-05
"TCGA.EM.A2CM.01A",3.22833243168576e-08,8.48797456577168e-07,0.00521676663485156,0.655430627170113,0.0304985194814246,0.0407725142361309,0.195677632446854,8.05649639017364e-06,0.0721663622475822,2.22419468025129e-05,0.00020497154597681,1.42671309389148e-06
"TCGA.EM.A2OW.01A",5.40459550701829e-08,4.78109553695723e-06,1.31277900441511e-06,0.484105801003277,2.6661722095612e-07,9.62380161666202e-06,0.501788060577106,9.49248503320839e-07,0.0140635386474638,2.95931912339361e-06,2.06012700442544e-05,2.05159514760795e-06
"TCGA.FE.A3PA.01A",6.615642338747e-06,8.91305963416763e-07,1.49861122831021e-05,0.63058091551868,0.132221973962059,0.0634577576746711,0.0681149227011408,2.13194684836462e-05,0.105577255718386,1.06757282312932e-06,2.13134810159989e-06,1.62975069506101e-07
"TCGA.QD.A8IV.01A",1.31689433024279e-06,2.29701837379022e-06,0.000104620373248769,0.174995791028173,0.00012552996275783,0.0133500703154621,0.510556934127234,5.65937459368323e-06,0.300712124464048,4.38919067825335e-07,0.000145137454470503,8.00682393864823e-08
"TCGA.IM.A3U2.01A",2.13914674837149e-05,6.73045609927395e-06,1.00807840521173e-05,0.420215240033886,0.000145856461427185,0.0688969272184401,0.417555458979044,2.65980153642209e-05,0.0929304943547733,9.38133168830638e-06,0.000179970658723469,1.87023901805499e-06
"TCGA.EL.A3H5.01A",7.12326466503261e-06,1.594061112861e-06,0.000160254702471131,0.724803429782086,0.0321708803967282,0.0648760916028154,0.0589355046462642,0.000157830295001068,0.118082381886742,8.08915844378278e-05,0.000723975741198146,4.20364777953321e-08
"TCGA.DJ.A13R.01A",2.37656082229503e-06,0.017733968466917,0.000608863921302484,0.804320499716043,0.044978727207503,0.0450734816366489,0.0384332784950784,7.15205853989538e-08,0.0410535671129109,0.00779138158786996,3.77348526624771e-06,1.02890523912611e-08
"TCGA.ET.A2MY.01A",7.992523911363e-06,2.21692601096055e-06,2.72687118161513e-05,0.443364617476685,5.76246912029332e-05,0.0457768010555878,0.3910116444785,3.0911092182057e-07,0.119647352627518,1.09849979343971e-05,8.46704532099618e-05,8.51694670130625e-06
"TCGA.IM.A3EB.01A",7.37603377375144e-05,4.38538649556084e-05,4.01418973947848e-05,0.383829221972498,7.41323444291987e-05,0.0263111218842177,0.409361369936323,8.11287144486583e-05,0.151785890700554,0.00728843505981241,0.0210823606687793,2.85826188497085e-05
"TCGA.DJ.A1QF.01A",0.000136945556756171,0.000134874215335333,2.48750913952053e-06,0.273649942530669,3.69807816019892e-05,0.0968029794619588,0.402654857592835,6.2397822070077e-09,0.226570250700369,5.25792225467986e-07,2.67755269604435e-07,9.8818640579465e-06
"TCGA.EL.A3T1.01A",3.45350401367301e-05,5.51105886407815e-07,9.42648514714958e-07,0.704259087446864,6.81235527431318e-05,0.0182417939028347,0.237823354261214,1.60772792685379e-05,0.0394939928308305,5.80487997710532e-07,4.48701265928142e-05,1.60913171168811e-05
"TCGA.FE.A237.01A",1.58877666445568e-06,0.00050876210747549,1.69494920671667e-06,0.316521234967008,0.00102682107952266,0.0931705658807714,0.408242895890513,2.34495411114755e-05,0.00195535506535524,0.00257983441426167,0.175961907124933,5.89020317660004e-06
"TCGA.EM.A3FJ.01A",0.000166929713027306,2.17437073663013e-05,3.24988540439723e-05,0.578114713401606,0.000100522370184068,0.0386613434711026,0.342521694794856,2.93517757958195e-05,0.0395955611133787,4.77073040483852e-05,0.000696979964372109,1.09535302193086e-05
"TCGA.EL.A3D4.01A",0.000163050447567359,5.81987176604353e-05,0.00434846675642268,0.00946796454710369,0.591650995027462,0.264075798511083,0.127218562068889,0.000345439955542771,0.00263813729463684,1.88340275458547e-05,6.32215649428344e-06,8.23048959226405e-06
"TCGA.FE.A234.01A",1.13076024583823e-07,0.000224929779747726,3.05587436103934e-05,0.639172211530296,4.44004121069608e-06,0.00126003674525656,0.352835425289446,1.65230764068725e-06,0.0056960856548028,8.23030199317151e-05,0.000691986853409746,2.56958622857941e-07
"TCGA.FY.A40M.01A",2.89125526928869e-07,1.95024833523295e-06,1.98819807729226e-07,0.609486245909306,0.265574456747277,0.0496376996565887,0.0115461903264779,1.52798846543941e-05,0.0634571949195326,0.000234737468630944,4.57542635831739e-05,2.63027897382625e-09
"TCGA.EM.A2OX.01A",8.93313307836546e-07,1.0776786128671e-06,4.63145778267102e-06,0.606734172732418,0.0946741737925913,0.114085232990313,0.11429448614884,4.08171744671387e-06,0.0701061362096174,9.22720128412332e-07,9.37987722882198e-05,3.92466653789514e-07
"TCGA.EM.A4FR.01A",1.16012368261507e-07,1.98301012999491e-07,7.40161717709299e-07,0.459672633418143,0.294634951731367,0.0603346654023983,0.0487600149131048,1.03458112423921e-07,0.134511059198386,1.32989022131463e-05,0.00207174905017591,4.6945100046875e-07
"TCGA.EM.A22I.01A",0.000257878329252035,6.15058192996964e-06,5.58993863638468e-07,0.603522616145213,0.00607472028761761,0.0193735988299875,0.239784780180757,7.92217780034117e-07,0.130966828165799,7.91686942752161e-07,2.9279092322409e-06,8.35667162645673e-06
"TCGA.FY.A3ON.01A",2.74735549870178e-08,2.31196409847336e-06,6.82067015021597e-07,0.627337664710931,0.117084678249645,0.0611587668432983,0.100376073404086,2.81228899307088e-06,0.094021602437252,6.36514114783254e-06,8.96460247916998e-06,5.08174993887021e-08
"TCGA.EM.A1YC.01A",1.40616490362811e-05,4.43212092180759e-06,8.15000013276764e-07,0.497363509689477,1.50067186157306e-05,2.69750560494377e-05,0.272691222942558,2.10285966128253e-08,0.229875348281976,9.22341124281354e-07,1.23070313368756e-06,6.4544684974525e-06
"TCGA.EL.A3TA.01A",0.000176772374722322,4.50104320780855e-06,1.29416919044446e-06,0.345116440307652,0.4335997516659,0.0965003659380477,0.101847369672073,0.000735472181697022,0.0214200242338668,4.33806538048525e-06,0.000593406656233943,2.63692027775237e-07
"TCGA.CE.A27D.01A",2.45432591557566e-05,6.10596191707591e-08,1.28939578471524e-08,0.631961398486582,0.18077548274441,0.0515571916497854,0.0952684000761932,8.50656537775019e-06,0.0320862882646249,0.00830751598455504,1.05973750807157e-05,1.64065794332195e-09
"TCGA.ET.A3BT.01A",2.74736697660379e-05,3.00704560576714e-05,1.21372259806087e-05,0.402538712491159,1.93285876127175e-05,0.0253958410870932,0.495775582787375,2.26360604326233e-05,0.0754569245733532,1.83656903213742e-05,0.000698783512786114,4.14385806293427e-06
"TCGA.DJ.A13U.01A",0.000262366664210586,5.61182956553976e-05,0.000139663050190904,0.607033644064016,1.74623422237642e-05,0.0309975270037983,0.263165943952298,0.000470776065087609,0.0897173140717079,1.85216874326674e-05,0.00811758464231773,3.07816106087962e-06
"TCGA.EM.A3O8.01A",0.000144182866714599,0.000519462654020913,0.000148589411065292,0.506301748072842,0.0100555084012864,0.00503394317808419,0.287402060016258,7.63962050299834e-05,0.164463265487685,0.000340442431045022,0.0255143041017971,9.71741712538673e-08
"TCGA.H2.A422.01A",4.25245585179779e-05,1.31422358417175e-05,0.000141614962683678,0.687915459635522,5.10016821902115e-05,0.0104257323158572,0.182752974381325,2.29875241201699e-05,0.118446263115184,0.000103903351418904,7.86927888936802e-05,5.70344844569776e-06
"TCGA.EL.A3CL.01A",2.13267915794887e-07,6.74284603597676e-07,3.5931140465015e-05,0.591008965781048,0.000100561972585564,0.0918637909825516,0.198249369302295,5.34181006665818e-07,0.118720417835958,1.0767179393482e-05,8.37053362803722e-06,4.03538549482151e-07
"TCGA.DJ.A13V.01A",0.000245796375570389,1.86011999557082e-05,0.000860579551674924,0.718357628082374,2.52867760244024e-05,0.0190820659209374,0.230011596502844,0.000232767357055225,0.0310777633580999,6.13470153247407e-05,2.45440960437986e-05,2.02376409561581e-06
"TCGA.EM.A22Q.01A",1.2333516056335e-05,1.11436483153071e-06,1.42469180787522e-05,0.281859846968061,0.183837657320104,0.0895513930030075,0.313293639796843,1.17342834403484e-05,0.131332255151622,7.59322123683327e-05,9.77722448837939e-06,6.92410981286027e-08
"TCGA.EM.A22J.01A",8.11123687149893e-07,8.0187506284976e-06,1.08919869368519e-06,0.840567184378255,0.00984692447274503,4.97695946074476e-05,0.147334296245268,4.36330105152733e-07,0.00214512431417736,4.01170175406748e-07,4.57028502380756e-05,2.41571419474902e-07
"TCGA.BJ.A0Z2.01A",0.001848841292994,9.83646622885849e-05,1.01359545406802e-05,0.515929107098516,0.000177597595973368,0.00030512012876556,0.402263939633083,0.000567932225626338,0.0664485292974345,0.000857702766358264,0.0114899143167973,2.8150276219104e-06
"TCGA.E3.A3E3.01A",8.12848563949504e-07,5.20385180735888e-08,8.56075131370894e-07,0.117321389731634,1.8020165482568e-07,4.76934055656562e-05,0.574255342703144,3.0258339022638e-06,0.308351421667768,1.85740261507505e-06,1.63210423060684e-05,1.04704919674835e-06
"TCGA.IM.A41Y.01A",5.52434648027665e-07,3.24002153983123e-05,9.04124054882769e-05,0.516979518878432,0.000209666380873712,0.000670650685963654,0.460966828375807,2.63916816143913e-06,0.0206880467947507,5.39196299019528e-06,0.000338536424101077,1.53562733851445e-05
"TCGA.EM.A3AN.01A",9.79476974011465e-08,0.000496796897387998,2.93655688076935e-05,0.641366632980423,0.000970039981890074,0.00576661466990795,0.205987932226985,2.04991109313835e-05,0.145175071046309,4.38390106175416e-07,0.000174167523743251,1.23436558115857e-05
"TCGA.EL.A3ZP.01A",4.97422091971151e-06,4.71925485029538e-05,5.54772470022375e-07,0.531835244378027,0.0569081855110471,0.0761692730776529,0.155136425770213,1.3640980674919e-05,0.178960622759435,0.00089921389612604,1.16855654398951e-05,1.29865194920294e-05
"TCGA.BJ.A3F0.01A",4.44403399073078e-06,1.25909336994563e-06,4.63660656082657e-06,0.000155116514327495,0.850156431819263,0.00218411483627508,0.147366553127027,4.17831156696498e-05,2.78513642883071e-07,2.20226088727704e-05,6.30528914925842e-05,3.06839508026153e-07
"TCGA.L6.A4EQ.01A",3.59803706198191e-07,2.66354700231045e-06,2.94395991010739e-06,0.343920488995255,2.57917102079139e-06,1.60523244383536e-05,0.53384577314336,1.34309603966659e-05,0.122158384619655,3.56484985074091e-05,1.41286388744464e-06,2.62112860807057e-07
"TCGA.FE.A3PB.01A",9.49112679883739e-05,2.63173303528634e-05,6.26821832251568e-07,0.626094581614625,5.34118961104451e-05,0.119689900724353,0.146038232420237,3.83234535290238e-06,0.107927310325906,2.99111399418504e-05,4.09228283173717e-05,4.12849830221032e-08
"TCGA.BJ.A0ZB.01A",0.00043035089649783,3.15029192528319e-06,1.26565157253101e-06,0.778660292469259,6.96351509205404e-05,0.017900303585114,0.188404479738452,1.9909333218028e-07,0.0127480386940954,1.95302174007317e-05,0.00176258518950227,1.69021928119491e-07
"TCGA.BJ.A0ZJ.01A",1.59996777829815e-06,4.11675493911881e-06,2.22798149749322e-05,0.587809930742677,0.000985997079478354,0.137078594065551,0.213597227249197,4.20938099521984e-07,0.0595371067911273,0.000772624719335493,0.000190092497358338,9.37948363475884e-09
"TCGA.EM.A4G1.01A",1.19368291355409e-05,0.00197351426666845,4.10222328362688e-06,0.352001557573091,0.000808690041732147,0.00171100501681488,0.613252574511436,1.42376043309288e-05,0.0213669331679975,0.000179658816405598,0.00865863666852679,1.71532805772764e-05
"TCGA.DJ.A3V7.01A",2.61383072624925e-07,8.8428175412635e-07,3.77770716394205e-07,0.563863121752993,4.13011873502806e-07,0.060959010092641,0.274586043267668,6.29227605821381e-07,0.100571636035698,3.02768832281167e-10,7.45116846495027e-06,1.01717047436037e-05
"TCGA.KS.A4I3.01A",2.16599517899397e-06,2.25376790595766e-06,0.000191085324417879,0.767874547091771,4.86424170574108e-06,0.03903467860872,0.191837197357178,6.30805587454219e-05,0.000711687160017734,0.000243376742334207,3.4748182598195e-05,3.1496942684704e-07
"TCGA.EL.A3GR.01A",3.2705430238206e-08,7.96293019046685e-07,2.82604970100302e-07,0.654339772268356,0.000105316480650153,0.0776859701531915,0.129970548080487,6.4417924486447e-07,0.13789511815724,6.55256780227265e-08,1.04273814545857e-06,4.1081358750639e-07
"TCGA.EM.A3AQ.01A",6.96660045062375e-06,1.95409484288652e-05,2.2777241414812e-06,0.464466731383643,0.246314612522976,0.102911748465391,0.0717511347372528,8.86179173608179e-06,0.00327385274729144,6.28334385618111e-05,0.111180568587892,8.71052235015294e-07
"TCGA.BJ.A45C.01A",1.16152600078439e-07,3.45387685310362e-06,2.24249204865172e-07,0.5533795377171,0.203852805032885,0.113277770511397,0.0715367429781993,6.79455010525507e-08,0.00121245576545877,1.62731944292029e-08,0.0567361646745214,6.44823084154341e-07
"TCGA.DJ.A2PN.01A",7.74488306367587e-07,4.47582042976063e-05,2.18510217481933e-06,0.526093676133433,0.000399529345174551,0.105788244290083,0.225732787948086,6.76417670249635e-07,0.138879956186076,3.59893652975314e-05,0.00301979799266371,1.6245267367376e-06
"TCGA.ET.A2MX.01A",6.59479681500273e-08,6.02531073966591e-07,2.03894418491045e-07,0.812389483608284,4.38464306343983e-08,0.04032829771481,0.0934724201801258,7.32899769834114e-08,0.0538079688771642,6.79482234045697e-07,1.20513020475466e-07,4.01144930985065e-08
"TCGA.DJ.A4V2.01A",0.000353238449785052,1.20866792246712e-05,0.000151344002730171,0.307350640567829,0.0375041596051956,0.0479058955912734,0.305507142467384,0.000198133668798984,0.124859539082362,3.64670740322149e-05,0.176117801040294,3.5517710913147e-06
