,Plasma B cells,Non-plasma B cells,CD4 T,CD8 T effector,CD8 T (GZMK high),Double-neg-like T,DC,Endothelial Cells,CAFs,Myofibroblasts,Macrophages,Mast Cells,NK,Neutrophils,Monocytes,1-others,Cancer Cells
TCGA-C5-A7UI-01A,0.059,0.000,0.034,0.018,0.001,0.000,0.006,0.024,0.006,0.016,0.027,0.000,0.000,0.001,0.000,0.807,0.807
TCGA-C5-A902-01A,0.001,0.000,0.000,0.132,0.000,0.000,0.004,0.027,0.000,0.001,0.018,0.000,0.013,0.000,0.000,0.804,0.804
TCGA-DS-A1OB-01A,0.000,0.000,0.003,0.000,0.000,0.000,0.000,0.010,0.008,0.000,0.064,0.000,0.000,0.000,0.000,0.914,0.914
TCGA-Q1-A6DW-01A,0.000,0.000,0.000,0.025,0.000,0.000,0.018,0.055,0.012,0.009,0.009,0.000,0.000,0.008,0.000,0.863,0.863
TCGA-EK-A2R7-01A,0.024,0.000,0.014,0.031,0.010,0.000,0.015,0.025,0.028,0.002,0.026,0.000,0.000,0.000,0.000,0.825,0.825
TCGA-C5-A7X8-01A,0.047,0.000,0.011,0.011,0.007,0.000,0.009,0.050,0.183,0.021,0.022,0.000,0.000,0.000,0.000,0.639,0.639
TCGA-Q1-A5R3-01A,0.008,0.000,0.009,0.011,0.005,0.000,0.012,0.011,0.008,0.000,0.014,0.000,0.000,0.001,0.000,0.921,0.921
TCGA-C5-A7X5-01A,0.000,0.000,0.003,0.000,0.000,0.000,0.000,0.013,0.029,0.000,0.015,0.000,0.000,0.001,0.000,0.940,0.940
TCGA-ZJ-A8QR-01A,0.013,0.000,0.001,0.002,0.000,0.000,0.006,0.032,0.006,0.003,0.008,0.000,0.000,0.014,0.006,0.909,0.909
TCGA-HM-A3JK-01A,0.005,0.000,0.026,0.000,0.006,0.000,0.044,0.057,0.273,0.024,0.036,0.000,0.001,0.000,0.000,0.525,0.525
TCGA-EA-A556-01A,0.005,0.000,0.004,0.003,0.010,0.000,0.000,0.035,0.111,0.009,0.019,0.001,0.000,0.003,0.002,0.797,0.797
TCGA-VS-A9V4-01A,0.004,0.000,0.000,0.005,0.000,0.001,0.001,0.006,0.002,0.008,0.007,0.001,0.000,0.007,0.002,0.957,0.957
TCGA-IR-A3L7-01A,0.000,0.000,0.000,0.005,0.000,0.000,0.003,0.017,0.025,0.010,0.005,0.000,0.000,0.001,0.001,0.933,0.933
TCGA-EK-A2RL-01A,0.001,0.000,0.000,0.007,0.002,0.000,0.000,0.015,0.012,0.000,0.000,0.000,0.000,0.000,0.000,0.963,0.963
TCGA-VS-A94X-01A,0.000,0.000,0.004,0.010,0.001,0.000,0.002,0.010,0.001,0.000,0.021,0.000,0.000,0.007,0.000,0.943,0.943
TCGA-VS-A9V3-01A,0.002,0.001,0.023,0.047,0.009,0.000,0.011,0.039,0.015,0.012,0.050,0.001,0.000,0.024,0.000,0.767,0.767
TCGA-EK-A2RO-01A,0.000,0.000,0.000,0.002,0.001,0.000,0.002,0.013,0.114,0.008,0.011,0.000,0.000,0.000,0.000,0.851,0.851
TCGA-JW-A5VJ-01A,0.003,0.000,0.003,0.005,0.003,0.000,0.003,0.020,0.013,0.001,0.029,0.000,0.000,0.000,0.000,0.920,0.920
TCGA-MA-AA42-01A,0.034,0.009,0.072,0.061,0.055,0.000,0.051,0.013,0.007,0.001,0.146,0.000,0.001,0.001,0.001,0.549,0.549
TCGA-C5-A1MK-01A,0.000,0.000,0.009,0.006,0.000,0.000,0.000,0.027,0.107,0.006,0.045,0.000,0.000,0.007,0.008,0.784,0.784
TCGA-UC-A7PG-01A,0.000,0.000,0.004,0.001,0.006,0.001,0.006,0.025,0.030,0.007,0.011,0.000,0.000,0.010,0.006,0.894,0.894
TCGA-VS-A9UH-01A,0.032,0.000,0.035,0.046,0.018,0.000,0.011,0.039,0.081,0.006,0.173,0.000,0.000,0.003,0.001,0.553,0.553
TCGA-4J-AA1J-01A,0.000,0.000,0.010,0.004,0.000,0.000,0.004,0.049,0.073,0.028,0.015,0.000,0.000,0.019,0.001,0.796,0.796
TCGA-C5-A1ME-01A,0.013,0.000,0.009,0.004,0.015,0.000,0.012,0.019,0.010,0.000,0.016,0.005,0.000,0.001,0.001,0.895,0.895
TCGA-C5-A8YR-01A,0.000,0.000,0.000,0.047,0.000,0.000,0.000,0.018,0.008,0.005,0.108,0.000,0.001,0.005,0.000,0.807,0.807
TCGA-EA-A5FO-01A,0.000,0.000,0.000,0.003,0.000,0.000,0.003,0.009,0.000,0.000,0.000,0.000,0.000,0.000,0.000,0.985,0.985
TCGA-MA-AA3Z-01A,0.003,0.000,0.016,0.073,0.004,0.000,0.033,0.018,0.000,0.003,0.021,0.000,0.000,0.005,0.000,0.822,0.822
TCGA-C5-A8XJ-01A,0.007,0.000,0.013,0.029,0.023,0.000,0.007,0.072,0.078,0.022,0.048,0.000,0.000,0.013,0.000,0.687,0.687
TCGA-R2-A69V-01A,0.007,0.010,0.038,0.067,0.034,0.000,0.067,0.031,0.029,0.001,0.230,0.000,0.001,0.002,0.001,0.483,0.483
TCGA-C5-A1BM-01A,0.002,0.000,0.009,0.012,0.000,0.000,0.035,0.019,0.008,0.000,0.163,0.000,0.000,0.007,0.000,0.745,0.745
TCGA-ZJ-AAXD-01A,0.000,0.000,0.000,0.001,0.006,0.000,0.002,0.032,0.086,0.024,0.000,0.000,0.000,0.007,0.000,0.841,0.841
TCGA-HM-A4S6-01A,0.000,0.000,0.017,0.049,0.001,0.000,0.041,0.025,0.036,0.010,0.108,0.000,0.000,0.019,0.000,0.693,0.693
TCGA-EA-A5ZF-01A,0.008,0.000,0.000,0.000,0.002,0.000,0.000,0.035,0.088,0.009,0.036,0.000,0.000,0.000,0.000,0.821,0.821
TCGA-C5-A1M6-01A,0.001,0.000,0.000,0.002,0.012,0.000,0.000,0.018,0.040,0.008,0.008,0.000,0.000,0.001,0.002,0.907,0.907
TCGA-DG-A2KK-01A,0.001,0.000,0.003,0.017,0.011,0.000,0.016,0.011,0.015,0.001,0.028,0.000,0.000,0.002,0.001,0.895,0.895
TCGA-HG-A2PA-01A,0.017,0.000,0.017,0.031,0.008,0.000,0.008,0.041,0.073,0.001,0.017,0.004,0.000,0.013,0.011,0.760,0.760
TCGA-VS-A8EH-01A,0.000,0.000,0.004,0.002,0.000,0.000,0.003,0.019,0.009,0.000,0.023,0.000,0.004,0.005,0.000,0.932,0.932
TCGA-FU-A5XV-01A,0.004,0.000,0.008,0.003,0.002,0.000,0.007,0.035,0.012,0.002,0.013,0.005,0.000,0.011,0.014,0.885,0.885
TCGA-C5-A1MF-01A,0.009,0.000,0.004,0.009,0.000,0.000,0.000,0.009,0.023,0.001,0.033,0.000,0.000,0.000,0.000,0.912,0.912
TCGA-EX-A449-01A,0.071,0.000,0.000,0.007,0.000,0.000,0.001,0.014,0.001,0.000,0.011,0.000,0.001,0.000,0.000,0.893,0.893
TCGA-C5-A2LX-01A,0.029,0.006,0.060,0.024,0.038,0.000,0.084,0.013,0.040,0.007,0.046,0.000,0.000,0.001,0.000,0.652,0.652
TCGA-HM-A3JJ-01A,0.002,0.000,0.017,0.016,0.001,0.000,0.041,0.055,0.134,0.012,0.037,0.000,0.001,0.007,0.000,0.678,0.678
TCGA-LP-A4AW-01A,0.002,0.000,0.011,0.000,0.007,0.000,0.009,0.111,0.171,0.088,0.020,0.000,0.000,0.004,0.005,0.570,0.570
TCGA-C5-A8XH-01A,0.000,0.000,0.015,0.011,0.000,0.000,0.010,0.012,0.032,0.000,0.047,0.000,0.000,0.001,0.000,0.872,0.872
TCGA-EK-A2RE-01A,0.000,0.000,0.002,0.000,0.000,0.000,0.002,0.029,0.026,0.004,0.000,0.000,0.000,0.003,0.011,0.923,0.923
TCGA-EK-A2RC-01A,0.015,0.000,0.012,0.028,0.010,0.000,0.010,0.019,0.078,0.000,0.048,0.000,0.000,0.001,0.000,0.779,0.779
TCGA-EA-A3HU-01A,0.036,0.000,0.003,0.206,0.000,0.000,0.008,0.026,0.009,0.000,0.080,0.000,0.014,0.001,0.000,0.614,0.614
TCGA-EK-A2PI-01A,0.000,0.000,0.004,0.000,0.000,0.000,0.000,0.010,0.083,0.000,0.010,0.000,0.000,0.002,0.000,0.890,0.890
TCGA-EX-A8YF-01A,0.056,0.000,0.010,0.045,0.020,0.000,0.006,0.026,0.008,0.000,0.037,0.000,0.000,0.010,0.000,0.781,0.781
TCGA-C5-A7UC-01A,0.000,0.000,0.001,0.002,0.000,0.000,0.000,0.021,0.013,0.003,0.000,0.000,0.000,0.000,0.000,0.959,0.959
TCGA-EA-A3QE-01A,0.010,0.005,0.043,0.111,0.008,0.000,0.035,0.036,0.022,0.003,0.054,0.000,0.001,0.028,0.003,0.641,0.641
TCGA-EA-A4BA-01A,0.000,0.000,0.004,0.002,0.000,0.000,0.000,0.037,0.047,0.010,0.002,0.001,0.000,0.000,0.000,0.896,0.896
TCGA-EA-A411-01A,0.018,0.000,0.014,0.002,0.002,0.000,0.023,0.053,0.149,0.019,0.039,0.000,0.000,0.011,0.000,0.668,0.668
TCGA-IR-A3LL-01A,0.000,0.000,0.007,0.078,0.009,0.000,0.015,0.010,0.000,0.000,0.152,0.000,0.000,0.000,0.000,0.728,0.728
TCGA-IR-A3LF-01A,0.004,0.009,0.014,0.036,0.012,0.000,0.022,0.035,0.035,0.006,0.019,0.005,0.000,0.005,0.000,0.799,0.799
TCGA-EK-A3GJ-01A,0.000,0.000,0.003,0.050,0.000,0.000,0.003,0.002,0.000,0.000,0.065,0.000,0.000,0.000,0.000,0.876,0.876
TCGA-ZJ-AAXI-01A,0.000,0.000,0.000,0.001,0.000,0.000,0.008,0.000,0.000,0.000,0.000,0.000,0.000,0.000,0.000,0.991,0.991
TCGA-C5-A1BI-01B,0.014,0.000,0.033,0.034,0.003,0.000,0.017,0.041,0.041,0.009,0.056,0.000,0.000,0.014,0.017,0.721,0.721
TCGA-EK-A3GK-01A,0.000,0.000,0.000,0.053,0.000,0.000,0.001,0.012,0.000,0.000,0.024,0.000,0.000,0.000,0.000,0.909,0.909
TCGA-EA-A3HT-01A,0.000,0.000,0.020,0.000,0.000,0.000,0.019,0.033,0.176,0.000,0.060,0.001,0.000,0.021,0.001,0.667,0.667
TCGA-C5-A2M1-01A,0.009,0.000,0.012,0.044,0.003,0.000,0.009,0.014,0.006,0.000,0.054,0.000,0.000,0.000,0.000,0.847,0.847
TCGA-VS-AA62-01A,0.012,0.001,0.030,0.054,0.022,0.000,0.017,0.031,0.048,0.001,0.107,0.000,0.000,0.016,0.001,0.659,0.659
TCGA-JW-A5VL-01A,0.000,0.000,0.004,0.068,0.000,0.000,0.008,0.028,0.000,0.000,0.076,0.000,0.000,0.001,0.000,0.815,0.815
TCGA-EK-A2IR-01A,0.000,0.000,0.000,0.000,0.000,0.000,0.000,0.008,0.004,0.003,0.005,0.000,0.000,0.000,0.000,0.979,0.979
TCGA-VS-A9UD-01A,0.025,0.000,0.043,0.055,0.032,0.000,0.015,0.017,0.000,0.001,0.149,0.000,0.000,0.000,0.000,0.662,0.662
TCGA-VS-A9UR-01A,0.001,0.000,0.001,0.019,0.001,0.000,0.012,0.030,0.017,0.007,0.000,0.000,0.000,0.005,0.000,0.905,0.905
TCGA-FU-A3EO-01A,0.002,0.000,0.001,0.004,0.000,0.000,0.007,0.007,0.014,0.000,0.037,0.000,0.000,0.000,0.000,0.926,0.926
TCGA-JX-A3Q0-01A,0.001,0.000,0.016,0.019,0.006,0.000,0.005,0.013,0.000,0.002,0.081,0.000,0.000,0.003,0.000,0.856,0.856
TCGA-VS-A8QH-01A,0.000,0.000,0.000,0.004,0.000,0.000,0.001,0.008,0.004,0.000,0.007,0.000,0.000,0.001,0.000,0.975,0.975
TCGA-EK-A2RM-01A,0.001,0.000,0.006,0.000,0.000,0.000,0.000,0.015,0.107,0.006,0.029,0.000,0.000,0.001,0.001,0.835,0.835
TCGA-ZJ-AAX8-01A,0.002,0.000,0.024,0.029,0.018,0.000,0.020,0.056,0.166,0.005,0.046,0.001,0.000,0.025,0.000,0.608,0.608
TCGA-DR-A0ZL-01A,0.000,0.005,0.004,0.000,0.000,0.000,0.002,0.015,0.000,0.001,0.001,0.000,0.000,0.004,0.000,0.967,0.967
TCGA-2W-A8YY-01A,0.016,0.000,0.006,0.000,0.009,0.000,0.003,0.016,0.016,0.007,0.037,0.000,0.000,0.000,0.000,0.889,0.889
TCGA-BI-A0VR-01A,0.021,0.000,0.036,0.030,0.015,0.000,0.033,0.038,0.044,0.008,0.041,0.000,0.000,0.018,0.000,0.714,0.714
TCGA-FU-A23L-01A,0.007,0.002,0.024,0.041,0.017,0.000,0.035,0.023,0.031,0.010,0.031,0.000,0.000,0.014,0.000,0.765,0.765
TCGA-VS-A8EJ-01A,0.009,0.001,0.004,0.007,0.001,0.000,0.005,0.013,0.014,0.001,0.016,0.000,0.000,0.000,0.000,0.927,0.927
TCGA-DS-A0VK-01A,0.000,0.001,0.011,0.000,0.004,0.000,0.000,0.048,0.057,0.008,0.028,0.000,0.000,0.002,0.000,0.840,0.840
TCGA-LP-A4AX-01A,0.020,0.001,0.015,0.085,0.037,0.000,0.001,0.071,0.057,0.011,0.087,0.000,0.000,0.013,0.001,0.600,0.600
TCGA-EK-A2RJ-01A,0.038,0.000,0.004,0.015,0.016,0.000,0.000,0.018,0.001,0.007,0.053,0.000,0.000,0.004,0.000,0.842,0.842
TCGA-JW-A852-01A,0.007,0.000,0.009,0.000,0.000,0.000,0.009,0.010,0.000,0.003,0.012,0.000,0.000,0.000,0.002,0.947,0.947
TCGA-Q1-A73S-01A,0.000,0.000,0.000,0.001,0.000,0.000,0.000,0.007,0.016,0.005,0.022,0.000,0.000,0.000,0.000,0.949,0.949
TCGA-ZJ-AAXU-01A,0.048,0.012,0.032,0.022,0.017,0.000,0.008,0.021,0.007,0.000,0.011,0.000,0.000,0.000,0.000,0.821,0.821
TCGA-C5-A1MI-01A,0.008,0.001,0.010,0.034,0.036,0.000,0.015,0.038,0.047,0.006,0.031,0.000,0.000,0.002,0.000,0.772,0.772
TCGA-VS-A8QA-01A,0.004,0.000,0.001,0.042,0.004,0.000,0.005,0.003,0.000,0.000,0.013,0.000,0.000,0.001,0.000,0.925,0.925
TCGA-EA-A5ZD-01A,0.000,0.000,0.029,0.002,0.001,0.000,0.054,0.048,0.034,0.007,0.066,0.000,0.000,0.011,0.001,0.748,0.748
TCGA-XS-A8TJ-01A,0.000,0.000,0.019,0.001,0.007,0.000,0.029,0.039,0.027,0.011,0.035,0.000,0.000,0.008,0.001,0.822,0.822
TCGA-C5-A7CO-01A,0.000,0.000,0.000,0.007,0.000,0.000,0.018,0.015,0.001,0.000,0.014,0.000,0.000,0.000,0.000,0.944,0.944
TCGA-MY-A5BF-01A,0.000,0.000,0.005,0.029,0.016,0.000,0.027,0.017,0.000,0.001,0.036,0.000,0.000,0.000,0.000,0.869,0.869
TCGA-C5-A1BL-01A,0.004,0.000,0.008,0.043,0.010,0.000,0.006,0.015,0.000,0.000,0.061,0.000,0.000,0.007,0.000,0.844,0.844
TCGA-C5-A1M5-01A,0.006,0.015,0.037,0.030,0.005,0.000,0.043,0.037,0.029,0.005,0.017,0.000,0.000,0.004,0.003,0.768,0.768
TCGA-DS-A5RQ-01A,0.000,0.000,0.008,0.006,0.000,0.000,0.017,0.024,0.026,0.000,0.049,0.000,0.000,0.000,0.001,0.869,0.869
TCGA-JW-A5VG-01A,0.000,0.000,0.001,0.026,0.000,0.000,0.004,0.034,0.001,0.000,0.039,0.000,0.010,0.005,0.000,0.879,0.879
TCGA-WL-A834-01A,0.000,0.000,0.005,0.000,0.003,0.000,0.017,0.040,0.035,0.014,0.018,0.000,0.000,0.001,0.000,0.867,0.867
TCGA-DS-A1OD-01A,0.008,0.013,0.048,0.087,0.045,0.000,0.072,0.026,0.093,0.009,0.066,0.000,0.000,0.002,0.000,0.528,0.528
TCGA-Q1-A5R1-01A,0.015,0.000,0.003,0.009,0.002,0.000,0.014,0.028,0.013,0.000,0.018,0.006,0.000,0.000,0.000,0.893,0.893
TCGA-ZJ-AAXF-01A,0.003,0.018,0.037,0.019,0.028,0.000,0.047,0.058,0.098,0.013,0.023,0.000,0.000,0.009,0.000,0.646,0.646
TCGA-LP-A5U2-01A,0.000,0.000,0.001,0.013,0.014,0.000,0.007,0.010,0.000,0.000,0.009,0.000,0.000,0.000,0.000,0.946,0.946
TCGA-C5-A7CK-01A,0.010,0.000,0.000,0.000,0.006,0.000,0.000,0.044,0.095,0.010,0.011,0.000,0.000,0.006,0.000,0.817,0.817
TCGA-ZJ-AB0H-01A,0.033,0.000,0.041,0.008,0.035,0.000,0.034,0.036,0.054,0.001,0.095,0.000,0.000,0.014,0.002,0.646,0.646
TCGA-EK-A2R9-01A,0.000,0.000,0.019,0.021,0.015,0.000,0.075,0.030,0.156,0.011,0.018,0.000,0.000,0.000,0.000,0.654,0.654
TCGA-VS-A954-01A,0.000,0.000,0.003,0.000,0.017,0.000,0.001,0.015,0.034,0.007,0.026,0.000,0.000,0.000,0.000,0.897,0.897
TCGA-Q1-A73O-01A,0.002,0.000,0.005,0.032,0.000,0.000,0.000,0.025,0.020,0.000,0.019,0.000,0.000,0.014,0.000,0.882,0.882
TCGA-VS-A9U6-01A,0.007,0.000,0.016,0.029,0.007,0.000,0.032,0.041,0.066,0.007,0.040,0.001,0.000,0.019,0.000,0.733,0.733
TCGA-EK-A3GM-01A,0.013,0.000,0.000,0.003,0.000,0.000,0.000,0.006,0.000,0.000,0.000,0.000,0.000,0.003,0.000,0.974,0.974
TCGA-C5-A7CJ-01A,0.007,0.000,0.029,0.034,0.007,0.000,0.049,0.083,0.100,0.031,0.039,0.001,0.000,0.028,0.001,0.591,0.591
TCGA-FU-A3WB-01A,0.001,0.000,0.004,0.009,0.002,0.000,0.004,0.028,0.025,0.008,0.005,0.000,0.000,0.000,0.000,0.913,0.913
TCGA-VS-A9V1-01A,0.037,0.000,0.000,0.006,0.001,0.000,0.000,0.010,0.003,0.000,0.000,0.000,0.000,0.013,0.002,0.928,0.928
TCGA-C5-A1ML-01A,0.001,0.000,0.013,0.001,0.007,0.000,0.021,0.047,0.037,0.008,0.031,0.000,0.001,0.020,0.000,0.813,0.813
TCGA-IR-A3LB-01A,0.000,0.000,0.005,0.004,0.008,0.000,0.001,0.016,0.161,0.000,0.024,0.001,0.000,0.000,0.000,0.779,0.779
TCGA-VS-A9U7-01A,0.011,0.000,0.020,0.036,0.003,0.000,0.030,0.029,0.014,0.003,0.051,0.000,0.000,0.000,0.000,0.803,0.803
TCGA-EK-A2RK-01A,0.000,0.000,0.004,0.009,0.000,0.000,0.033,0.010,0.000,0.007,0.012,0.000,0.000,0.000,0.000,0.926,0.926
TCGA-C5-A905-01A,0.001,0.000,0.008,0.004,0.000,0.002,0.007,0.016,0.000,0.000,0.012,0.000,0.000,0.000,0.002,0.947,0.947
TCGA-C5-A3HL-01A,0.016,0.000,0.002,0.005,0.002,0.000,0.006,0.038,0.018,0.001,0.010,0.000,0.000,0.010,0.001,0.892,0.892
TCGA-C5-A1MH-01A,0.008,0.002,0.039,0.020,0.017,0.000,0.008,0.059,0.025,0.013,0.152,0.000,0.000,0.005,0.001,0.651,0.651
TCGA-Q1-A5R2-01A,0.010,0.000,0.010,0.012,0.013,0.000,0.001,0.013,0.030,0.004,0.073,0.000,0.000,0.000,0.000,0.835,0.835
TCGA-FU-A3HY-01A,0.000,0.000,0.002,0.003,0.000,0.000,0.000,0.019,0.009,0.003,0.000,0.000,0.000,0.004,0.004,0.956,0.956
TCGA-EA-A439-01A,0.001,0.000,0.000,0.032,0.009,0.000,0.000,0.020,0.152,0.009,0.024,0.000,0.000,0.001,0.000,0.751,0.751
TCGA-C5-A7UH-01A,0.022,0.000,0.007,0.007,0.009,0.000,0.000,0.035,0.011,0.010,0.037,0.000,0.000,0.005,0.005,0.852,0.852
TCGA-C5-A1M7-01A,0.014,0.007,0.022,0.000,0.000,0.000,0.042,0.037,0.014,0.000,0.000,0.000,0.000,0.018,0.006,0.840,0.840
TCGA-EA-A50E-01A,0.000,0.000,0.001,0.000,0.003,0.000,0.000,0.068,0.095,0.016,0.086,0.000,0.000,0.000,0.001,0.731,0.731
TCGA-VS-A9V5-01A,0.012,0.000,0.000,0.006,0.000,0.000,0.000,0.041,0.021,0.000,0.011,0.001,0.000,0.005,0.000,0.903,0.903
TCGA-BI-A20A-01A,0.007,0.001,0.016,0.016,0.013,0.000,0.074,0.030,0.040,0.008,0.031,0.000,0.000,0.001,0.000,0.763,0.763
TCGA-C5-A2LV-01A,0.000,0.000,0.001,0.005,0.000,0.000,0.027,0.012,0.009,0.001,0.037,0.000,0.000,0.000,0.000,0.908,0.908
TCGA-C5-A2LZ-01A,0.013,0.000,0.007,0.038,0.001,0.000,0.016,0.029,0.000,0.000,0.017,0.000,0.000,0.007,0.000,0.871,0.871
TCGA-Q1-A6DV-01A,0.006,0.003,0.003,0.011,0.008,0.000,0.023,0.035,0.010,0.001,0.000,0.010,0.000,0.007,0.001,0.881,0.881
TCGA-EK-A3GN-01A,0.000,0.000,0.000,0.001,0.000,0.000,0.000,0.009,0.000,0.000,0.002,0.000,0.000,0.000,0.000,0.988,0.988
TCGA-ZJ-A8QQ-01A,0.000,0.000,0.000,0.005,0.000,0.000,0.000,0.016,0.000,0.000,0.014,0.000,0.000,0.006,0.000,0.958,0.958
TCGA-LP-A5U3-01A,0.000,0.000,0.017,0.023,0.000,0.000,0.011,0.015,0.000,0.000,0.037,0.000,0.000,0.001,0.000,0.895,0.895
TCGA-VS-A94Z-01A,0.017,0.000,0.029,0.166,0.027,0.000,0.015,0.042,0.021,0.003,0.098,0.000,0.000,0.007,0.000,0.573,0.573
TCGA-EK-A2PG-01A,0.000,0.000,0.000,0.002,0.000,0.000,0.000,0.003,0.000,0.000,0.005,0.000,0.000,0.000,0.002,0.989,0.989
TCGA-DG-A2KL-01A,0.000,0.000,0.017,0.003,0.005,0.000,0.044,0.038,0.182,0.003,0.047,0.000,0.000,0.016,0.006,0.637,0.637
TCGA-EA-A6QX-01A,0.026,0.000,0.023,0.029,0.005,0.000,0.009,0.025,0.027,0.008,0.048,0.000,0.001,0.003,0.000,0.796,0.796
TCGA-VS-A9UT-01A,0.091,0.000,0.034,0.023,0.064,0.000,0.022,0.055,0.076,0.008,0.189,0.001,0.001,0.018,0.001,0.418,0.418
TCGA-C5-A8ZZ-01A,0.000,0.000,0.008,0.000,0.001,0.000,0.000,0.039,0.182,0.018,0.030,0.000,0.000,0.009,0.000,0.712,0.712
TCGA-VS-A959-01A,0.042,0.001,0.025,0.028,0.010,0.000,0.017,0.028,0.048,0.005,0.044,0.000,0.000,0.015,0.000,0.734,0.734
TCGA-VS-A950-01A,0.032,0.000,0.006,0.000,0.000,0.000,0.000,0.031,0.021,0.007,0.015,0.000,0.000,0.008,0.007,0.872,0.872
TCGA-VS-A9UM-01A,0.012,0.000,0.017,0.030,0.018,0.000,0.005,0.045,0.051,0.013,0.075,0.000,0.002,0.017,0.000,0.713,0.713
TCGA-DS-A0VM-01A,0.000,0.000,0.009,0.008,0.000,0.000,0.006,0.017,0.062,0.003,0.032,0.000,0.000,0.000,0.000,0.861,0.861
TCGA-VS-A957-01A,0.000,0.000,0.000,0.006,0.000,0.000,0.005,0.011,0.000,0.000,0.009,0.000,0.000,0.006,0.000,0.963,0.963
TCGA-EA-A3HR-01A,0.000,0.000,0.002,0.008,0.000,0.000,0.019,0.036,0.028,0.011,0.014,0.000,0.000,0.007,0.007,0.866,0.866
TCGA-C5-A2M2-01A,0.002,0.000,0.001,0.015,0.006,0.000,0.000,0.006,0.004,0.000,0.000,0.000,0.000,0.003,0.000,0.962,0.962
TCGA-VS-A9UV-01A,0.010,0.000,0.001,0.002,0.001,0.000,0.001,0.018,0.000,0.000,0.008,0.000,0.000,0.001,0.005,0.954,0.954
TCGA-EX-A3L1-01A,0.006,0.000,0.017,0.001,0.000,0.000,0.010,0.049,0.090,0.006,0.028,0.000,0.000,0.027,0.015,0.749,0.749
TCGA-VS-A9UU-01A,0.013,0.003,0.005,0.007,0.006,0.000,0.002,0.023,0.002,0.004,0.000,0.000,0.000,0.006,0.009,0.920,0.920
TCGA-MY-A5BE-01A,0.038,0.039,0.071,0.114,0.102,0.000,0.102,0.024,0.040,0.008,0.117,0.000,0.001,0.002,0.001,0.342,0.342
TCGA-VS-A94W-01A,0.009,0.001,0.066,0.018,0.025,0.000,0.065,0.034,0.026,0.007,0.070,0.000,0.000,0.010,0.000,0.667,0.667
TCGA-C5-A3HD-01B,0.000,0.000,0.002,0.002,0.000,0.000,0.000,0.012,0.000,0.000,0.000,0.000,0.000,0.001,0.000,0.983,0.983
TCGA-JX-A3PZ-01A,0.000,0.000,0.000,0.011,0.000,0.000,0.029,0.011,0.075,0.002,0.062,0.000,0.000,0.000,0.000,0.808,0.808
TCGA-IR-A3LA-01A,0.000,0.001,0.003,0.002,0.004,0.000,0.004,0.010,0.025,0.000,0.028,0.000,0.000,0.000,0.000,0.922,0.922
TCGA-C5-A3HE-01A,0.014,0.000,0.000,0.066,0.000,0.000,0.006,0.031,0.006,0.000,0.031,0.000,0.000,0.005,0.000,0.839,0.839
TCGA-Q1-A6DT-01A,0.000,0.000,0.000,0.003,0.000,0.000,0.000,0.013,0.000,0.003,0.024,0.000,0.000,0.004,0.000,0.951,0.951
TCGA-C5-A7CL-01A,0.002,0.000,0.003,0.003,0.000,0.000,0.000,0.030,0.037,0.008,0.025,0.000,0.000,0.019,0.001,0.871,0.871
TCGA-IR-A3LK-01A,0.000,0.000,0.001,0.009,0.000,0.000,0.018,0.013,0.000,0.000,0.038,0.000,0.000,0.000,0.000,0.922,0.922
TCGA-MA-AA3X-01A,0.000,0.000,0.004,0.001,0.000,0.001,0.000,0.038,0.012,0.010,0.160,0.000,0.000,0.008,0.000,0.765,0.765
TCGA-C5-A7XC-01A,0.022,0.000,0.011,0.029,0.010,0.001,0.026,0.063,0.089,0.002,0.025,0.004,0.017,0.013,0.009,0.680,0.680
TCGA-VS-A94Y-01A,0.000,0.000,0.003,0.006,0.000,0.000,0.005,0.017,0.067,0.000,0.028,0.000,0.000,0.008,0.000,0.865,0.865
TCGA-EK-A2PM-01A,0.000,0.000,0.000,0.000,0.002,0.000,0.000,0.006,0.013,0.002,0.005,0.000,0.000,0.000,0.002,0.969,0.969
TCGA-FU-A3TQ-01A,0.000,0.001,0.019,0.002,0.001,0.000,0.044,0.028,0.015,0.006,0.010,0.000,0.000,0.014,0.018,0.843,0.843
TCGA-EX-A69M-01A,0.028,0.000,0.004,0.037,0.012,0.000,0.012,0.023,0.000,0.000,0.054,0.000,0.000,0.004,0.000,0.825,0.825
TCGA-ZJ-AAX4-01A,0.000,0.001,0.019,0.022,0.018,0.000,0.036,0.037,0.019,0.001,0.118,0.000,0.000,0.007,0.000,0.719,0.719
TCGA-FU-A40J-01A,0.005,0.000,0.000,0.031,0.000,0.001,0.015,0.036,0.035,0.000,0.013,0.001,0.007,0.006,0.000,0.849,0.849
TCGA-VS-A8QF-01A,0.018,0.000,0.012,0.007,0.007,0.000,0.009,0.019,0.016,0.006,0.070,0.000,0.000,0.001,0.000,0.833,0.833
TCGA-Q1-A73R-01A,0.000,0.000,0.003,0.009,0.003,0.000,0.000,0.041,0.026,0.011,0.007,0.000,0.000,0.002,0.000,0.895,0.895
TCGA-VS-A9V0-01A,0.000,0.000,0.000,0.001,0.003,0.000,0.003,0.029,0.000,0.012,0.000,0.000,0.000,0.002,0.000,0.949,0.949
TCGA-UC-A7PF-01A,0.012,0.000,0.013,0.071,0.004,0.000,0.072,0.026,0.081,0.001,0.073,0.000,0.000,0.008,0.000,0.638,0.638
TCGA-C5-A1BQ-01C,0.000,0.000,0.004,0.075,0.005,0.000,0.000,0.011,0.000,0.000,0.052,0.000,0.000,0.000,0.000,0.853,0.853
TCGA-C5-A1MN-01A,0.001,0.000,0.006,0.002,0.000,0.000,0.002,0.018,0.037,0.000,0.013,0.000,0.000,0.008,0.008,0.905,0.905
TCGA-VS-A8EB-01A,0.000,0.000,0.000,0.019,0.000,0.000,0.005,0.012,0.026,0.000,0.017,0.000,0.006,0.000,0.000,0.916,0.916
TCGA-MY-A5BD-01A,0.003,0.000,0.010,0.012,0.001,0.001,0.017,0.023,0.009,0.005,0.007,0.005,0.002,0.000,0.000,0.904,0.904
TCGA-C5-A3HF-01A,0.011,0.000,0.013,0.019,0.015,0.000,0.016,0.038,0.065,0.001,0.013,0.001,0.000,0.000,0.001,0.808,0.808
TCGA-HM-A6W2-01A,0.012,0.000,0.005,0.000,0.004,0.000,0.000,0.026,0.041,0.006,0.032,0.000,0.000,0.000,0.000,0.873,0.873
TCGA-C5-A2LS-01A,0.006,0.000,0.000,0.004,0.000,0.000,0.005,0.009,0.000,0.000,0.000,0.000,0.000,0.000,0.000,0.975,0.975
TCGA-C5-A8YT-01A,0.000,0.001,0.003,0.002,0.003,0.000,0.000,0.075,0.242,0.014,0.015,0.000,0.023,0.003,0.000,0.618,0.618
TCGA-C5-A901-01A,0.006,0.000,0.008,0.001,0.001,0.000,0.013,0.039,0.024,0.007,0.019,0.000,0.000,0.018,0.000,0.864,0.864
TCGA-MU-A51Y-01A,0.001,0.001,0.045,0.036,0.005,0.000,0.063,0.065,0.076,0.012,0.074,0.000,0.000,0.017,0.000,0.605,0.605
TCGA-EA-A5ZE-01A,0.000,0.000,0.016,0.016,0.001,0.000,0.078,0.041,0.084,0.011,0.065,0.000,0.000,0.002,0.000,0.685,0.685
TCGA-IR-A3LI-01A,0.001,0.000,0.000,0.000,0.000,0.000,0.000,0.000,0.000,0.000,0.000,0.000,0.000,0.000,0.000,0.998,0.998
TCGA-ZJ-AAXA-01A,0.000,0.000,0.000,0.001,0.000,0.001,0.000,0.027,0.028,0.016,0.030,0.000,0.000,0.000,0.000,0.896,0.896
TCGA-FU-A3NI-01A,0.000,0.000,0.010,0.009,0.000,0.000,0.026,0.022,0.053,0.004,0.026,0.000,0.000,0.000,0.000,0.850,0.850
TCGA-DG-A2KM-01A,0.047,0.013,0.048,0.096,0.149,0.000,0.047,0.024,0.076,0.007,0.236,0.001,0.001,0.020,0.001,0.233,0.233
TCGA-EA-A97N-01A,0.000,0.000,0.012,0.002,0.000,0.000,0.021,0.050,0.099,0.018,0.014,0.000,0.000,0.017,0.001,0.766,0.766
TCGA-DG-A2KJ-01A,0.033,0.000,0.019,0.016,0.000,0.000,0.027,0.012,0.006,0.000,0.031,0.000,0.000,0.001,0.000,0.855,0.855
TCGA-VS-A8QM-01A,0.012,0.018,0.045,0.019,0.064,0.023,0.044,0.093,0.104,0.035,0.024,0.001,0.002,0.014,0.004,0.497,0.497
TCGA-VS-A8EL-01A,0.003,0.000,0.019,0.044,0.030,0.000,0.001,0.022,0.045,0.000,0.122,0.000,0.000,0.004,0.000,0.709,0.709
TCGA-Q1-A73P-01A,0.010,0.002,0.011,0.032,0.001,0.000,0.004,0.020,0.014,0.000,0.046,0.001,0.000,0.000,0.000,0.858,0.858
TCGA-PN-A8MA-01A,0.027,0.001,0.008,0.017,0.025,0.000,0.007,0.060,0.029,0.015,0.028,0.000,0.000,0.000,0.000,0.783,0.783
TCGA-C5-A1BN-01B,0.000,0.000,0.002,0.002,0.000,0.000,0.000,0.038,0.007,0.000,0.000,0.000,0.000,0.000,0.000,0.950,0.950
TCGA-DS-A1O9-01A,0.000,0.000,0.032,0.005,0.001,0.000,0.006,0.027,0.064,0.005,0.144,0.000,0.000,0.001,0.000,0.714,0.714
TCGA-DS-A7WH-01A,0.000,0.000,0.000,0.012,0.000,0.000,0.000,0.080,0.168,0.019,0.002,0.001,0.000,0.022,0.001,0.693,0.693
TCGA-VS-A9UL-01A,0.003,0.000,0.002,0.000,0.013,0.000,0.000,0.016,0.037,0.004,0.000,0.000,0.000,0.001,0.005,0.919,0.919
TCGA-VS-A953-01A,0.000,0.000,0.000,0.007,0.004,0.000,0.001,0.012,0.000,0.000,0.017,0.000,0.000,0.000,0.000,0.959,0.959
TCGA-FU-A770-01A,0.000,0.000,0.000,0.004,0.000,0.001,0.009,0.035,0.000,0.000,0.000,0.000,0.000,0.012,0.000,0.938,0.938
TCGA-C5-A7CM-01A,0.044,0.000,0.000,0.001,0.000,0.000,0.000,0.022,0.017,0.002,0.000,0.000,0.000,0.000,0.000,0.913,0.913
TCGA-ZJ-AAXT-01A,0.001,0.000,0.005,0.007,0.007,0.000,0.000,0.024,0.002,0.008,0.013,0.000,0.000,0.009,0.004,0.918,0.918
TCGA-EK-A2R8-01A,0.000,0.000,0.001,0.013,0.000,0.000,0.000,0.021,0.041,0.000,0.001,0.000,0.000,0.003,0.000,0.920,0.920
TCGA-C5-A1BJ-01A,0.000,0.001,0.038,0.002,0.021,0.000,0.030,0.048,0.075,0.008,0.012,0.000,0.000,0.014,0.015,0.735,0.735
TCGA-VS-A9UJ-01A,0.000,0.000,0.000,0.002,0.000,0.000,0.001,0.021,0.021,0.000,0.000,0.000,0.000,0.005,0.000,0.949,0.949
TCGA-EA-A3HQ-01A,0.000,0.000,0.024,0.005,0.016,0.000,0.028,0.033,0.038,0.004,0.109,0.000,0.000,0.004,0.000,0.737,0.737
TCGA-JX-A5QV-01A,0.000,0.000,0.007,0.011,0.000,0.000,0.023,0.018,0.006,0.000,0.039,0.001,0.000,0.000,0.000,0.894,0.894
TCGA-C5-A1M8-01A,0.000,0.000,0.002,0.000,0.003,0.001,0.000,0.013,0.021,0.011,0.020,0.000,0.000,0.000,0.001,0.928,0.928
TCGA-ZJ-AB0I-01A,0.000,0.000,0.000,0.010,0.000,0.000,0.012,0.026,0.018,0.000,0.018,0.000,0.000,0.001,0.000,0.915,0.915
TCGA-C5-A0TN-01A,0.000,0.000,0.005,0.003,0.000,0.000,0.000,0.009,0.044,0.002,0.016,0.000,0.000,0.000,0.000,0.920,0.920
TCGA-VS-A9UB-01A,0.001,0.000,0.014,0.053,0.031,0.000,0.041,0.045,0.001,0.004,0.090,0.000,0.000,0.020,0.016,0.683,0.683
TCGA-LP-A4AU-01A,0.020,0.000,0.002,0.021,0.000,0.000,0.001,0.054,0.017,0.012,0.005,0.000,0.000,0.016,0.001,0.850,0.850
TCGA-ZJ-AAXN-01A,0.000,0.000,0.001,0.015,0.000,0.000,0.006,0.030,0.048,0.002,0.013,0.001,0.008,0.005,0.000,0.870,0.870
TCGA-C5-A2LY-01A,0.004,0.000,0.018,0.077,0.000,0.000,0.063,0.009,0.005,0.000,0.098,0.000,0.000,0.000,0.000,0.726,0.726
TCGA-EK-A2GZ-01A,0.000,0.000,0.005,0.004,0.000,0.000,0.000,0.007,0.007,0.000,0.022,0.000,0.001,0.002,0.000,0.951,0.951
TCGA-ZJ-A8QO-01A,0.037,0.002,0.056,0.021,0.034,0.000,0.052,0.039,0.112,0.015,0.055,0.000,0.000,0.011,0.000,0.566,0.566
TCGA-FU-A2QG-01A,0.000,0.000,0.001,0.029,0.000,0.000,0.003,0.039,0.005,0.000,0.000,0.000,0.000,0.015,0.002,0.905,0.905
TCGA-BI-A0VS-01A,0.001,0.013,0.037,0.001,0.016,0.000,0.016,0.022,0.109,0.002,0.029,0.000,0.000,0.005,0.000,0.748,0.748
TCGA-DG-A2KH-01A,0.001,0.000,0.000,0.009,0.003,0.000,0.008,0.010,0.000,0.000,0.000,0.000,0.000,0.000,0.000,0.968,0.968
TCGA-EK-A2RB-01A,0.000,0.000,0.000,0.004,0.000,0.000,0.000,0.006,0.001,0.000,0.007,0.000,0.000,0.000,0.000,0.983,0.983
TCGA-VS-A8EI-01A,0.010,0.002,0.015,0.018,0.038,0.000,0.017,0.046,0.062,0.003,0.028,0.001,0.000,0.002,0.004,0.754,0.754
TCGA-EK-A2IP-01A,0.000,0.000,0.005,0.007,0.000,0.000,0.001,0.010,0.021,0.000,0.001,0.000,0.000,0.000,0.000,0.956,0.956
TCGA-JW-AAVH-01A,0.001,0.000,0.003,0.005,0.006,0.006,0.002,0.013,0.001,0.004,0.000,0.000,0.005,0.005,0.002,0.947,0.947
TCGA-MU-A5YI-01A,0.000,0.001,0.024,0.010,0.000,0.000,0.027,0.078,0.202,0.040,0.021,0.000,0.000,0.001,0.000,0.596,0.596
TCGA-C5-A7UE-01A,0.002,0.000,0.003,0.001,0.001,0.000,0.008,0.014,0.001,0.000,0.006,0.000,0.000,0.000,0.005,0.960,0.960
TCGA-UC-A7PD-01A,0.001,0.000,0.006,0.004,0.000,0.000,0.003,0.030,0.011,0.004,0.002,0.000,0.000,0.005,0.001,0.931,0.931
TCGA-DS-A1OC-01A,0.013,0.000,0.010,0.026,0.014,0.000,0.000,0.027,0.008,0.000,0.083,0.000,0.000,0.008,0.000,0.808,0.808
TCGA-EA-A1QT-01A,0.001,0.000,0.014,0.012,0.001,0.000,0.004,0.017,0.015,0.000,0.019,0.000,0.000,0.000,0.002,0.914,0.914
TCGA-FU-A3TX-01A,0.000,0.000,0.008,0.010,0.013,0.000,0.041,0.048,0.017,0.006,0.026,0.000,0.000,0.000,0.000,0.829,0.829
TCGA-VS-A9UQ-01A,0.011,0.000,0.008,0.015,0.016,0.000,0.012,0.036,0.066,0.001,0.013,0.006,0.000,0.011,0.000,0.805,0.805
TCGA-FU-A3YQ-01A,0.036,0.002,0.042,0.022,0.006,0.000,0.054,0.067,0.075,0.004,0.056,0.000,0.000,0.018,0.009,0.610,0.610
TCGA-EA-A5O9-01A,0.000,0.000,0.004,0.005,0.000,0.000,0.001,0.008,0.000,0.000,0.012,0.000,0.000,0.000,0.000,0.970,0.970
TCGA-MA-AA3W-01A,0.001,0.011,0.046,0.095,0.008,0.000,0.106,0.024,0.017,0.015,0.055,0.001,0.000,0.012,0.000,0.611,0.611
TCGA-VS-A8QC-01A,0.005,0.000,0.003,0.008,0.001,0.000,0.000,0.017,0.071,0.004,0.025,0.000,0.003,0.000,0.000,0.860,0.860
TCGA-VS-A9V2-01A,0.000,0.001,0.010,0.047,0.004,0.000,0.047,0.034,0.009,0.000,0.027,0.000,0.000,0.002,0.000,0.818,0.818
TCGA-MY-A913-01A,0.007,0.002,0.027,0.017,0.002,0.000,0.012,0.034,0.032,0.000,0.038,0.000,0.000,0.012,0.001,0.816,0.816
TCGA-JW-A5VK-01A,0.006,0.000,0.004,0.000,0.000,0.000,0.001,0.011,0.000,0.003,0.007,0.000,0.000,0.001,0.001,0.965,0.965
TCGA-VS-A9UO-01A,0.019,0.000,0.000,0.019,0.001,0.000,0.000,0.009,0.000,0.000,0.000,0.000,0.000,0.002,0.000,0.950,0.950
TCGA-C5-A7X3-01A,0.053,0.001,0.018,0.009,0.001,0.000,0.011,0.024,0.071,0.001,0.052,0.000,0.006,0.000,0.000,0.752,0.752
TCGA-C5-A1M9-01A,0.000,0.000,0.001,0.011,0.000,0.000,0.000,0.011,0.001,0.000,0.021,0.000,0.000,0.000,0.000,0.956,0.956
TCGA-EA-A44S-01A,0.000,0.000,0.013,0.007,0.009,0.000,0.009,0.012,0.017,0.010,0.062,0.000,0.005,0.000,0.001,0.855,0.855
TCGA-EA-A43B-01A,0.021,0.000,0.011,0.022,0.000,0.000,0.021,0.038,0.036,0.003,0.023,0.000,0.000,0.000,0.000,0.824,0.824
TCGA-FU-A3HZ-01A,0.000,0.000,0.003,0.009,0.011,0.000,0.000,0.013,0.009,0.004,0.031,0.000,0.000,0.000,0.000,0.920,0.920
TCGA-C5-A1MJ-01A,0.000,0.000,0.014,0.003,0.006,0.000,0.005,0.062,0.078,0.015,0.086,0.001,0.000,0.000,0.000,0.728,0.728
TCGA-JW-A69B-01A,0.015,0.000,0.010,0.002,0.000,0.001,0.000,0.015,0.020,0.001,0.113,0.000,0.000,0.000,0.000,0.823,0.823
TCGA-EA-A3QD-01A,0.009,0.029,0.046,0.062,0.053,0.000,0.034,0.041,0.069,0.008,0.137,0.000,0.001,0.000,0.000,0.511,0.511
TCGA-MU-A8JM-01A,0.001,0.000,0.012,0.008,0.000,0.000,0.049,0.029,0.025,0.000,0.008,0.001,0.000,0.007,0.000,0.860,0.860
TCGA-VS-A8EC-01A,0.000,0.000,0.000,0.000,0.002,0.001,0.000,0.013,0.003,0.000,0.005,0.000,0.000,0.000,0.003,0.974,0.974
TCGA-C5-A1BK-01B,0.007,0.010,0.059,0.053,0.007,0.000,0.085,0.029,0.012,0.005,0.056,0.000,0.000,0.000,0.000,0.675,0.675
TCGA-VS-A8EG-01A,0.003,0.000,0.004,0.005,0.002,0.000,0.010,0.033,0.000,0.003,0.003,0.000,0.000,0.012,0.005,0.919,0.919
TCGA-ZJ-AAXJ-01A,0.007,0.000,0.000,0.001,0.000,0.000,0.002,0.004,0.000,0.000,0.000,0.000,0.000,0.000,0.000,0.986,0.986
TCGA-EK-A2RN-01A,0.000,0.000,0.000,0.000,0.000,0.000,0.006,0.001,0.000,0.000,0.043,0.000,0.000,0.001,0.000,0.949,0.949
TCGA-MA-AA41-01A,0.000,0.000,0.000,0.019,0.000,0.000,0.019,0.011,0.007,0.001,0.009,0.000,0.000,0.000,0.000,0.934,0.934
TCGA-C5-A907-01A,0.000,0.000,0.001,0.031,0.000,0.000,0.004,0.014,0.014,0.000,0.018,0.000,0.000,0.006,0.000,0.912,0.912
TCGA-DS-A0VN-01A,0.000,0.000,0.018,0.056,0.028,0.000,0.016,0.042,0.038,0.007,0.083,0.000,0.000,0.001,0.002,0.709,0.709
TCGA-VS-A8Q8-01A,0.002,0.000,0.007,0.021,0.000,0.000,0.022,0.022,0.007,0.000,0.045,0.000,0.000,0.001,0.005,0.868,0.868
TCGA-FU-A23K-01A,0.024,0.000,0.014,0.016,0.007,0.000,0.008,0.029,0.026,0.007,0.034,0.000,0.000,0.000,0.000,0.835,0.835
TCGA-EA-A410-01A,0.003,0.000,0.003,0.011,0.018,0.000,0.000,0.042,0.097,0.005,0.027,0.000,0.000,0.000,0.000,0.793,0.793
TCGA-FU-A57G-01A,0.001,0.000,0.002,0.000,0.000,0.000,0.000,0.127,0.121,0.108,0.024,0.000,0.000,0.001,0.000,0.615,0.615
TCGA-ZJ-AAXB-01A,0.000,0.000,0.002,0.000,0.000,0.000,0.000,0.016,0.037,0.008,0.012,0.000,0.000,0.000,0.000,0.926,0.926
TCGA-EK-A2PK-01A,0.073,0.000,0.003,0.069,0.000,0.000,0.002,0.050,0.016,0.002,0.043,0.000,0.030,0.003,0.000,0.710,0.710
TCGA-C5-A1MQ-01A,0.052,0.000,0.027,0.010,0.000,0.000,0.014,0.008,0.056,0.000,0.120,0.000,0.000,0.000,0.000,0.711,0.711
TCGA-EA-A3HS-01A,0.000,0.000,0.009,0.023,0.001,0.000,0.001,0.055,0.048,0.012,0.042,0.000,0.003,0.027,0.000,0.778,0.778
TCGA-DS-A7WF-01A,0.004,0.001,0.014,0.021,0.009,0.000,0.001,0.043,0.071,0.004,0.011,0.000,0.000,0.002,0.000,0.818,0.818
TCGA-VS-A9U5-01A,0.026,0.008,0.015,0.029,0.036,0.000,0.015,0.036,0.005,0.001,0.033,0.000,0.000,0.004,0.001,0.790,0.790
TCGA-DR-A0ZM-01A,0.001,0.000,0.013,0.016,0.000,0.000,0.032,0.006,0.009,0.000,0.031,0.000,0.000,0.000,0.000,0.892,0.892
TCGA-VS-A9UZ-01A,0.034,0.001,0.026,0.023,0.016,0.000,0.009,0.035,0.024,0.012,0.033,0.001,0.000,0.007,0.000,0.780,0.780
TCGA-DS-A7WI-01A,0.001,0.000,0.000,0.006,0.000,0.000,0.000,0.006,0.000,0.000,0.027,0.000,0.000,0.000,0.000,0.959,0.959
TCGA-EX-A69L-01A,0.014,0.002,0.029,0.030,0.023,0.000,0.065,0.029,0.020,0.005,0.087,0.000,0.000,0.007,0.000,0.688,0.688
TCGA-Q1-A73Q-01A,0.003,0.000,0.017,0.001,0.003,0.000,0.023,0.024,0.023,0.001,0.000,0.001,0.000,0.005,0.005,0.894,0.894
TCGA-VS-A9UI-01A,0.001,0.000,0.016,0.020,0.000,0.000,0.021,0.010,0.000,0.000,0.029,0.000,0.000,0.008,0.000,0.895,0.895
TCGA-C5-A8XI-01A,0.008,0.006,0.018,0.023,0.010,0.000,0.017,0.038,0.048,0.004,0.001,0.000,0.000,0.010,0.000,0.815,0.815
TCGA-VS-A8Q9-01A,0.000,0.000,0.000,0.006,0.000,0.000,0.000,0.023,0.000,0.007,0.007,0.000,0.000,0.000,0.000,0.956,0.956
TCGA-C5-A2LT-01A,0.000,0.002,0.011,0.016,0.001,0.000,0.012,0.048,0.125,0.001,0.025,0.001,0.000,0.000,0.000,0.757,0.757
TCGA-ZX-AA5X-01A,0.001,0.003,0.028,0.005,0.000,0.001,0.036,0.120,0.149,0.035,0.053,0.001,0.009,0.014,0.003,0.543,0.543
TCGA-GH-A9DA-01A,0.000,0.000,0.006,0.008,0.000,0.000,0.022,0.012,0.033,0.000,0.017,0.000,0.000,0.004,0.001,0.898,0.898
TCGA-C5-A7CH-01A,0.001,0.000,0.005,0.003,0.000,0.000,0.007,0.026,0.035,0.007,0.015,0.000,0.000,0.006,0.009,0.887,0.887
TCGA-EA-A3Y4-01A,0.000,0.000,0.000,0.104,0.002,0.000,0.008,0.004,0.016,0.000,0.035,0.000,0.000,0.000,0.000,0.829,0.829
TCGA-EX-A1H6-01B,0.003,0.000,0.000,0.008,0.000,0.001,0.001,0.013,0.042,0.000,0.003,0.002,0.002,0.000,0.000,0.924,0.924
TCGA-C5-A1BE-01B,0.001,0.000,0.012,0.004,0.002,0.000,0.009,0.022,0.021,0.005,0.024,0.000,0.000,0.002,0.001,0.898,0.898
TCGA-C5-A8XK-01A,0.000,0.000,0.002,0.005,0.000,0.000,0.000,0.032,0.002,0.005,0.035,0.000,0.000,0.004,0.000,0.916,0.916
TCGA-RA-A741-01A,0.022,0.000,0.018,0.025,0.003,0.000,0.039,0.016,0.031,0.003,0.049,0.001,0.000,0.002,0.000,0.790,0.790
TCGA-VS-A958-01A,0.019,0.000,0.002,0.160,0.001,0.000,0.028,0.025,0.000,0.000,0.095,0.000,0.000,0.013,0.000,0.658,0.658
TCGA-MA-AA43-01A,0.007,0.000,0.010,0.003,0.000,0.000,0.012,0.061,0.121,0.050,0.009,0.000,0.000,0.004,0.007,0.715,0.715
TCGA-JW-A5VH-01A,0.000,0.000,0.000,0.000,0.004,0.000,0.000,0.049,0.013,0.012,0.005,0.000,0.000,0.000,0.000,0.916,0.916
TCGA-VS-A9UY-01A,0.001,0.000,0.007,0.017,0.000,0.000,0.000,0.046,0.000,0.000,0.048,0.000,0.000,0.012,0.001,0.867,0.867
TCGA-VS-A9UC-01A,0.005,0.000,0.005,0.030,0.000,0.000,0.004,0.020,0.028,0.000,0.050,0.000,0.000,0.011,0.000,0.847,0.847
TCGA-C5-A8YQ-01A,0.002,0.000,0.001,0.000,0.004,0.000,0.000,0.005,0.025,0.000,0.025,0.000,0.000,0.003,0.000,0.934,0.934
TCGA-MA-AA3Y-01A,0.002,0.001,0.024,0.027,0.004,0.000,0.011,0.043,0.033,0.000,0.058,0.000,0.000,0.002,0.028,0.766,0.766
TCGA-VS-A8EK-01A,0.013,0.000,0.007,0.007,0.000,0.000,0.000,0.026,0.000,0.001,0.024,0.000,0.001,0.012,0.000,0.907,0.907
TCGA-LP-A4AV-01A,0.031,0.000,0.021,0.008,0.000,0.000,0.008,0.016,0.055,0.012,0.096,0.000,0.001,0.000,0.000,0.751,0.751
TCGA-C5-A7CG-01A,0.007,0.044,0.053,0.112,0.063,0.000,0.055,0.027,0.024,0.008,0.074,0.001,0.001,0.004,0.003,0.526,0.526
TCGA-VS-A952-01A,0.023,0.000,0.001,0.011,0.000,0.001,0.000,0.021,0.004,0.000,0.011,0.000,0.000,0.000,0.000,0.925,0.925
TCGA-EK-A2PL-01A,0.000,0.000,0.003,0.005,0.000,0.000,0.000,0.012,0.001,0.000,0.006,0.000,0.000,0.000,0.000,0.972,0.972
TCGA-EK-A2H1-01A,0.004,0.000,0.016,0.013,0.000,0.000,0.004,0.049,0.088,0.007,0.073,0.000,0.000,0.000,0.007,0.738,0.738
TCGA-VS-A9UP-01A,0.010,0.000,0.002,0.007,0.014,0.000,0.001,0.015,0.054,0.009,0.003,0.002,0.000,0.002,0.002,0.879,0.879
TCGA-C5-A1BF-01B,0.000,0.000,0.003,0.005,0.000,0.000,0.011,0.083,0.125,0.020,0.033,0.000,0.002,0.002,0.001,0.715,0.715
TCGA-DS-A3LQ-01A,0.001,0.000,0.010,0.000,0.006,0.000,0.000,0.039,0.054,0.008,0.097,0.000,0.000,0.001,0.000,0.782,0.782
TCGA-C5-A1MP-01A,0.015,0.000,0.036,0.003,0.033,0.002,0.092,0.046,0.120,0.003,0.107,0.000,0.000,0.006,0.000,0.535,0.535
TCGA-EK-A2RA-01A,0.000,0.000,0.011,0.045,0.005,0.000,0.059,0.008,0.000,0.001,0.021,0.000,0.000,0.000,0.000,0.850,0.850
TCGA-EX-A1H5-01A,0.012,0.002,0.012,0.007,0.006,0.000,0.012,0.041,0.013,0.014,0.003,0.001,0.000,0.000,0.001,0.877,0.877
TCGA-JW-A5VI-01A,0.009,0.000,0.013,0.030,0.021,0.000,0.011,0.048,0.065,0.004,0.030,0.001,0.000,0.015,0.004,0.750,0.750
TCGA-JX-A3Q8-01A,0.023,0.000,0.000,0.032,0.000,0.000,0.001,0.022,0.001,0.000,0.039,0.000,0.000,0.000,0.000,0.881,0.881
TCGA-IR-A3LC-01A,0.000,0.000,0.001,0.004,0.000,0.000,0.009,0.023,0.006,0.003,0.020,0.000,0.009,0.000,0.000,0.924,0.924
TCGA-EK-A2H0-01A,0.000,0.000,0.000,0.005,0.000,0.000,0.000,0.005,0.000,0.000,0.016,0.000,0.000,0.002,0.000,0.970,0.970
TCGA-IR-A3LH-01A,0.027,0.003,0.036,0.056,0.032,0.000,0.025,0.035,0.150,0.003,0.188,0.000,0.000,0.009,0.000,0.435,0.435
TCGA-DS-A1OA-01A,0.010,0.000,0.029,0.017,0.016,0.000,0.036,0.040,0.080,0.008,0.049,0.000,0.000,0.003,0.000,0.711,0.711
TCGA-DS-A0VL-01A,0.002,0.000,0.007,0.024,0.000,0.000,0.014,0.040,0.014,0.001,0.020,0.000,0.001,0.004,0.000,0.873,0.873
TCGA-EA-A1QS-01A,0.003,0.000,0.010,0.000,0.001,0.000,0.016,0.067,0.376,0.039,0.038,0.002,0.000,0.009,0.000,0.439,0.439
TCGA-EA-A78R-01A,0.000,0.000,0.009,0.000,0.000,0.000,0.022,0.022,0.048,0.010,0.026,0.000,0.000,0.000,0.000,0.862,0.862
TCGA-LP-A7HU-01A,0.000,0.000,0.017,0.029,0.004,0.000,0.015,0.019,0.039,0.008,0.032,0.000,0.000,0.000,0.000,0.836,0.836
TCGA-UC-A7PI-01A,0.001,0.000,0.001,0.019,0.000,0.000,0.000,0.010,0.005,0.000,0.015,0.000,0.000,0.001,0.000,0.948,0.948
