,Plasma B cells,Non-plasma B cells,CD4 T,CD8 T effector,CD8 T (GZMK high),Double-neg-like T,DC,Endothelial Cells,CAFs,Myofibroblasts,Macrophages,Mast Cells,NK,Neutrophils,Monocytes,1-others,Cancer Cells
TCGA-C5-A7UI-01A,0.053,0.000,0.046,0.037,0.000,0.000,0.013,0.031,0.005,0.015,0.014,0.000,0.001,0.009,0.001,0.776,0.776
TCGA-C5-A902-01A,0.000,0.000,0.001,0.110,0.000,0.000,0.018,0.039,0.001,0.005,0.015,0.000,0.008,0.004,0.000,0.798,0.798
TCGA-DS-A1OB-01A,0.003,0.000,0.009,0.004,0.000,0.000,0.001,0.024,0.000,0.003,0.050,0.000,0.000,0.004,0.000,0.902,0.902
TCGA-Q1-A6DW-01A,0.000,0.000,0.001,0.037,0.000,0.000,0.021,0.051,0.001,0.005,0.003,0.000,0.001,0.009,0.000,0.871,0.871
TCGA-EK-A2R7-01A,0.025,0.000,0.020,0.032,0.000,0.000,0.018,0.030,0.027,0.006,0.021,0.000,0.000,0.001,0.000,0.821,0.821
TCGA-C5-A7X8-01A,0.045,0.000,0.011,0.012,0.005,0.000,0.011,0.053,0.206,0.009,0.019,0.001,0.000,0.002,0.000,0.625,0.625
TCGA-Q1-A5R3-01A,0.001,0.000,0.011,0.013,0.003,0.000,0.010,0.009,0.001,0.002,0.008,0.001,0.001,0.005,0.000,0.935,0.935
TCGA-C5-A7X5-01A,0.000,0.000,0.004,0.005,0.000,0.000,0.000,0.026,0.001,0.000,0.009,0.000,0.000,0.002,0.000,0.954,0.954
TCGA-ZJ-A8QR-01A,0.009,0.000,0.000,0.011,0.000,0.000,0.010,0.041,0.006,0.006,0.011,0.000,0.001,0.041,0.000,0.862,0.862
TCGA-HM-A3JK-01A,0.010,0.000,0.017,0.007,0.005,0.000,0.047,0.073,0.216,0.023,0.029,0.001,0.003,0.003,0.000,0.565,0.565
TCGA-EA-A556-01A,0.000,0.000,0.006,0.015,0.001,0.000,0.000,0.020,0.123,0.018,0.014,0.000,0.000,0.001,0.000,0.802,0.802
TCGA-VS-A9V4-01A,0.003,0.000,0.000,0.012,0.000,0.000,0.000,0.013,0.002,0.014,0.003,0.000,0.000,0.011,0.000,0.940,0.940
TCGA-IR-A3L7-01A,0.000,0.000,0.000,0.007,0.000,0.000,0.005,0.011,0.033,0.002,0.004,0.000,0.000,0.002,0.000,0.936,0.936
TCGA-EK-A2RL-01A,0.000,0.000,0.000,0.022,0.000,0.000,0.001,0.020,0.008,0.000,0.011,0.000,0.000,0.000,0.000,0.938,0.938
TCGA-VS-A94X-01A,0.000,0.000,0.010,0.021,0.000,0.000,0.002,0.018,0.000,0.002,0.019,0.000,0.000,0.008,0.000,0.920,0.920
TCGA-VS-A9V3-01A,0.005,0.000,0.019,0.043,0.000,0.000,0.009,0.042,0.005,0.010,0.033,0.000,0.002,0.007,0.000,0.826,0.826
TCGA-EK-A2RO-01A,0.000,0.000,0.000,0.008,0.000,0.000,0.009,0.039,0.081,0.010,0.008,0.000,0.000,0.001,0.000,0.842,0.842
TCGA-JW-A5VJ-01A,0.006,0.000,0.000,0.012,0.015,0.001,0.003,0.023,0.000,0.006,0.023,0.000,0.000,0.006,0.000,0.905,0.905
TCGA-MA-AA42-01A,0.018,0.001,0.039,0.039,0.036,0.000,0.062,0.019,0.000,0.004,0.140,0.000,0.002,0.023,0.001,0.617,0.617
TCGA-C5-A1MK-01A,0.000,0.000,0.014,0.018,0.000,0.000,0.001,0.038,0.079,0.012,0.023,0.000,0.000,0.004,0.011,0.800,0.800
TCGA-UC-A7PG-01A,0.000,0.000,0.004,0.004,0.012,0.005,0.010,0.022,0.012,0.007,0.004,0.000,0.000,0.008,0.001,0.912,0.912
TCGA-VS-A9UH-01A,0.032,0.000,0.018,0.043,0.010,0.000,0.004,0.061,0.056,0.013,0.093,0.000,0.000,0.008,0.001,0.661,0.661
TCGA-4J-AA1J-01A,0.000,0.000,0.009,0.013,0.000,0.000,0.008,0.046,0.057,0.022,0.008,0.000,0.000,0.005,0.000,0.830,0.830
TCGA-C5-A1ME-01A,0.006,0.000,0.013,0.010,0.009,0.000,0.020,0.019,0.013,0.000,0.013,0.002,0.000,0.002,0.000,0.892,0.892
TCGA-C5-A8YR-01A,0.000,0.000,0.001,0.051,0.000,0.000,0.000,0.046,0.029,0.010,0.113,0.000,0.001,0.001,0.000,0.748,0.748
TCGA-EA-A5FO-01A,0.000,0.000,0.000,0.007,0.000,0.000,0.006,0.010,0.000,0.000,0.000,0.000,0.000,0.001,0.000,0.976,0.976
TCGA-MA-AA3Z-01A,0.002,0.000,0.012,0.065,0.000,0.000,0.053,0.032,0.000,0.009,0.022,0.000,0.000,0.006,0.000,0.797,0.797
TCGA-C5-A8XJ-01A,0.006,0.000,0.015,0.026,0.013,0.000,0.008,0.069,0.066,0.024,0.023,0.000,0.000,0.003,0.000,0.748,0.748
TCGA-R2-A69V-01A,0.006,0.001,0.022,0.061,0.010,0.000,0.077,0.024,0.019,0.009,0.133,0.001,0.001,0.011,0.002,0.623,0.623
TCGA-C5-A1BM-01A,0.006,0.000,0.013,0.026,0.000,0.000,0.045,0.029,0.000,0.002,0.092,0.000,0.000,0.011,0.000,0.776,0.776
TCGA-ZJ-AAXD-01A,0.001,0.000,0.001,0.011,0.006,0.000,0.006,0.029,0.072,0.015,0.001,0.000,0.000,0.006,0.000,0.851,0.851
TCGA-HM-A4S6-01A,0.000,0.000,0.017,0.054,0.001,0.000,0.046,0.055,0.015,0.013,0.055,0.000,0.001,0.010,0.000,0.732,0.732
TCGA-EA-A5ZF-01A,0.000,0.000,0.000,0.003,0.000,0.000,0.000,0.033,0.072,0.013,0.031,0.000,0.000,0.000,0.000,0.846,0.846
TCGA-C5-A1M6-01A,0.000,0.000,0.001,0.010,0.003,0.000,0.004,0.013,0.036,0.004,0.008,0.000,0.000,0.001,0.000,0.920,0.920
TCGA-DG-A2KK-01A,0.000,0.000,0.005,0.020,0.004,0.000,0.029,0.013,0.010,0.002,0.025,0.000,0.000,0.004,0.000,0.887,0.887
TCGA-HG-A2PA-01A,0.020,0.000,0.012,0.030,0.000,0.000,0.012,0.030,0.055,0.008,0.016,0.001,0.001,0.007,0.001,0.809,0.809
TCGA-VS-A8EH-01A,0.000,0.000,0.005,0.007,0.000,0.000,0.011,0.025,0.000,0.000,0.022,0.000,0.006,0.007,0.000,0.916,0.916
TCGA-FU-A5XV-01A,0.005,0.000,0.006,0.014,0.002,0.000,0.008,0.033,0.008,0.003,0.008,0.001,0.000,0.005,0.000,0.906,0.906
TCGA-C5-A1MF-01A,0.004,0.000,0.004,0.016,0.000,0.000,0.000,0.007,0.014,0.003,0.021,0.001,0.002,0.000,0.000,0.928,0.928
TCGA-EX-A449-01A,0.072,0.000,0.000,0.014,0.000,0.000,0.001,0.014,0.003,0.002,0.022,0.000,0.000,0.000,0.000,0.871,0.871
TCGA-C5-A2LX-01A,0.017,0.001,0.054,0.021,0.049,0.000,0.075,0.009,0.037,0.008,0.026,0.001,0.000,0.001,0.000,0.701,0.701
TCGA-HM-A3JJ-01A,0.006,0.000,0.015,0.014,0.001,0.000,0.059,0.062,0.118,0.009,0.030,0.001,0.004,0.004,0.000,0.677,0.677
TCGA-LP-A4AW-01A,0.006,0.000,0.012,0.001,0.005,0.000,0.012,0.123,0.092,0.068,0.014,0.000,0.000,0.005,0.000,0.661,0.661
TCGA-C5-A8XH-01A,0.000,0.000,0.016,0.024,0.000,0.000,0.012,0.034,0.008,0.001,0.040,0.000,0.000,0.003,0.000,0.861,0.861
TCGA-EK-A2RE-01A,0.000,0.000,0.006,0.004,0.000,0.000,0.005,0.025,0.001,0.001,0.002,0.000,0.000,0.003,0.013,0.940,0.940
TCGA-EK-A2RC-01A,0.006,0.000,0.014,0.046,0.002,0.000,0.022,0.035,0.066,0.000,0.030,0.000,0.002,0.007,0.000,0.769,0.769
TCGA-EA-A3HU-01A,0.031,0.000,0.007,0.134,0.000,0.000,0.022,0.047,0.010,0.001,0.055,0.000,0.010,0.008,0.001,0.673,0.673
TCGA-EK-A2PI-01A,0.000,0.000,0.005,0.003,0.000,0.000,0.004,0.010,0.061,0.001,0.011,0.000,0.000,0.003,0.000,0.901,0.901
TCGA-EX-A8YF-01A,0.057,0.000,0.009,0.056,0.004,0.000,0.003,0.024,0.005,0.004,0.060,0.000,0.000,0.001,0.000,0.776,0.776
TCGA-C5-A7UC-01A,0.000,0.000,0.001,0.008,0.000,0.000,0.000,0.021,0.000,0.000,0.000,0.000,0.000,0.003,0.000,0.965,0.965
TCGA-EA-A3QE-01A,0.010,0.003,0.021,0.076,0.000,0.000,0.026,0.034,0.006,0.004,0.028,0.000,0.006,0.017,0.001,0.767,0.767
TCGA-EA-A4BA-01A,0.000,0.000,0.005,0.000,0.000,0.000,0.000,0.035,0.062,0.009,0.003,0.001,0.000,0.000,0.000,0.884,0.884
TCGA-EA-A411-01A,0.021,0.000,0.016,0.009,0.002,0.000,0.025,0.068,0.126,0.033,0.016,0.000,0.001,0.002,0.000,0.681,0.681
TCGA-IR-A3LL-01A,0.000,0.000,0.015,0.093,0.000,0.000,0.047,0.010,0.000,0.001,0.105,0.000,0.000,0.007,0.000,0.721,0.721
TCGA-IR-A3LF-01A,0.000,0.008,0.017,0.047,0.000,0.000,0.041,0.037,0.040,0.007,0.018,0.001,0.000,0.000,0.000,0.784,0.784
TCGA-EK-A3GJ-01A,0.000,0.000,0.003,0.077,0.000,0.000,0.004,0.022,0.000,0.001,0.052,0.000,0.000,0.011,0.000,0.830,0.830
TCGA-ZJ-AAXI-01A,0.000,0.000,0.000,0.000,0.000,0.000,0.036,0.002,0.000,0.000,0.000,0.000,0.011,0.003,0.000,0.946,0.946
TCGA-C5-A1BI-01B,0.020,0.000,0.023,0.042,0.001,0.000,0.017,0.040,0.030,0.013,0.028,0.000,0.000,0.009,0.017,0.760,0.760
TCGA-EK-A3GK-01A,0.000,0.000,0.000,0.058,0.000,0.000,0.004,0.005,0.001,0.001,0.046,0.000,0.000,0.002,0.000,0.883,0.883
TCGA-EA-A3HT-01A,0.000,0.000,0.018,0.007,0.000,0.000,0.025,0.042,0.137,0.001,0.025,0.000,0.000,0.008,0.000,0.736,0.736
TCGA-C5-A2M1-01A,0.001,0.000,0.019,0.045,0.000,0.000,0.015,0.009,0.002,0.000,0.068,0.000,0.000,0.000,0.000,0.840,0.840
TCGA-VS-AA62-01A,0.015,0.001,0.021,0.047,0.003,0.000,0.017,0.042,0.027,0.002,0.066,0.000,0.000,0.006,0.000,0.751,0.751
TCGA-JW-A5VL-01A,0.000,0.000,0.014,0.050,0.000,0.000,0.009,0.059,0.000,0.008,0.057,0.000,0.000,0.007,0.000,0.796,0.796
TCGA-EK-A2IR-01A,0.000,0.000,0.000,0.000,0.000,0.000,0.000,0.015,0.000,0.000,0.004,0.000,0.000,0.000,0.000,0.980,0.980
TCGA-VS-A9UD-01A,0.018,0.000,0.028,0.065,0.014,0.000,0.040,0.015,0.000,0.008,0.119,0.000,0.001,0.006,0.000,0.686,0.686
TCGA-VS-A9UR-01A,0.000,0.001,0.001,0.030,0.000,0.000,0.042,0.017,0.039,0.006,0.000,0.000,0.000,0.003,0.000,0.861,0.861
TCGA-FU-A3EO-01A,0.000,0.000,0.004,0.011,0.000,0.000,0.009,0.008,0.012,0.000,0.049,0.001,0.000,0.004,0.000,0.901,0.901
TCGA-JX-A3Q0-01A,0.001,0.000,0.020,0.029,0.005,0.000,0.019,0.021,0.000,0.005,0.067,0.000,0.000,0.008,0.000,0.824,0.824
TCGA-VS-A8QH-01A,0.000,0.000,0.000,0.008,0.000,0.000,0.001,0.010,0.000,0.003,0.019,0.000,0.001,0.001,0.000,0.957,0.957
TCGA-EK-A2RM-01A,0.000,0.000,0.009,0.007,0.000,0.000,0.000,0.011,0.076,0.013,0.039,0.000,0.000,0.004,0.000,0.841,0.841
TCGA-ZJ-AAX8-01A,0.007,0.000,0.024,0.038,0.003,0.000,0.021,0.050,0.117,0.011,0.020,0.002,0.001,0.012,0.000,0.692,0.692
TCGA-DR-A0ZL-01A,0.000,0.007,0.010,0.007,0.000,0.000,0.005,0.011,0.000,0.001,0.004,0.000,0.000,0.003,0.000,0.952,0.952
TCGA-2W-A8YY-01A,0.009,0.000,0.007,0.009,0.000,0.000,0.001,0.014,0.035,0.006,0.044,0.000,0.000,0.000,0.000,0.874,0.874
TCGA-BI-A0VR-01A,0.019,0.000,0.029,0.037,0.004,0.000,0.039,0.051,0.023,0.011,0.020,0.000,0.002,0.006,0.000,0.759,0.759
TCGA-FU-A23L-01A,0.007,0.000,0.018,0.036,0.017,0.000,0.051,0.027,0.027,0.011,0.019,0.000,0.001,0.004,0.001,0.779,0.779
TCGA-VS-A8EJ-01A,0.008,0.000,0.006,0.011,0.000,0.000,0.006,0.019,0.001,0.004,0.021,0.000,0.000,0.000,0.000,0.924,0.924
TCGA-DS-A0VK-01A,0.000,0.000,0.009,0.005,0.001,0.000,0.000,0.065,0.040,0.008,0.033,0.000,0.000,0.001,0.000,0.837,0.837
TCGA-LP-A4AX-01A,0.019,0.000,0.021,0.078,0.023,0.000,0.008,0.074,0.049,0.015,0.060,0.000,0.000,0.006,0.001,0.645,0.645
TCGA-EK-A2RJ-01A,0.026,0.000,0.009,0.039,0.004,0.000,0.000,0.036,0.000,0.019,0.046,0.000,0.000,0.007,0.001,0.812,0.812
TCGA-JW-A852-01A,0.000,0.000,0.011,0.010,0.000,0.000,0.027,0.007,0.000,0.005,0.011,0.000,0.000,0.007,0.000,0.921,0.921
TCGA-Q1-A73S-01A,0.000,0.000,0.001,0.003,0.000,0.001,0.000,0.009,0.002,0.007,0.013,0.000,0.000,0.001,0.000,0.964,0.964
TCGA-ZJ-AAXU-01A,0.043,0.008,0.026,0.032,0.009,0.000,0.014,0.025,0.002,0.006,0.008,0.000,0.000,0.004,0.001,0.823,0.823
TCGA-C5-A1MI-01A,0.007,0.001,0.018,0.029,0.014,0.000,0.017,0.028,0.028,0.004,0.018,0.000,0.000,0.001,0.000,0.835,0.835
TCGA-VS-A8QA-01A,0.000,0.000,0.002,0.053,0.000,0.000,0.021,0.007,0.000,0.004,0.010,0.000,0.000,0.000,0.000,0.903,0.903
TCGA-EA-A5ZD-01A,0.000,0.000,0.026,0.014,0.000,0.000,0.054,0.059,0.012,0.010,0.031,0.000,0.000,0.009,0.000,0.785,0.785
TCGA-XS-A8TJ-01A,0.002,0.000,0.020,0.006,0.008,0.000,0.055,0.054,0.008,0.009,0.023,0.000,0.000,0.007,0.000,0.806,0.806
TCGA-C5-A7CO-01A,0.000,0.000,0.000,0.019,0.000,0.000,0.021,0.013,0.000,0.000,0.018,0.000,0.000,0.003,0.000,0.925,0.925
TCGA-MY-A5BF-01A,0.000,0.000,0.008,0.045,0.003,0.000,0.040,0.033,0.000,0.001,0.029,0.000,0.000,0.005,0.000,0.834,0.834
TCGA-C5-A1BL-01A,0.008,0.000,0.007,0.060,0.002,0.000,0.013,0.015,0.000,0.002,0.050,0.000,0.000,0.019,0.000,0.823,0.823
TCGA-C5-A1M5-01A,0.003,0.010,0.034,0.040,0.001,0.000,0.063,0.039,0.024,0.002,0.014,0.000,0.000,0.006,0.001,0.763,0.763
TCGA-DS-A5RQ-01A,0.000,0.000,0.009,0.016,0.000,0.000,0.023,0.028,0.006,0.001,0.025,0.000,0.000,0.006,0.000,0.885,0.885
TCGA-JW-A5VG-01A,0.000,0.000,0.006,0.043,0.000,0.000,0.003,0.045,0.001,0.000,0.031,0.001,0.011,0.002,0.000,0.856,0.856
TCGA-WL-A834-01A,0.000,0.000,0.006,0.002,0.001,0.000,0.013,0.045,0.011,0.019,0.009,0.000,0.000,0.001,0.000,0.893,0.893
TCGA-DS-A1OD-01A,0.008,0.004,0.039,0.066,0.025,0.000,0.087,0.028,0.050,0.009,0.058,0.002,0.000,0.001,0.000,0.624,0.624
TCGA-Q1-A5R1-01A,0.009,0.000,0.007,0.021,0.000,0.000,0.027,0.029,0.011,0.000,0.019,0.001,0.000,0.002,0.000,0.873,0.873
TCGA-ZJ-AAXF-01A,0.006,0.010,0.028,0.013,0.031,0.001,0.044,0.043,0.070,0.015,0.011,0.000,0.001,0.009,0.001,0.718,0.718
TCGA-LP-A5U2-01A,0.000,0.000,0.005,0.018,0.006,0.000,0.008,0.012,0.000,0.002,0.007,0.000,0.000,0.000,0.000,0.942,0.942
TCGA-C5-A7CK-01A,0.012,0.000,0.000,0.005,0.002,0.000,0.000,0.023,0.076,0.001,0.008,0.000,0.000,0.002,0.000,0.871,0.871
TCGA-ZJ-AB0H-01A,0.028,0.000,0.026,0.013,0.018,0.000,0.030,0.034,0.025,0.009,0.051,0.000,0.000,0.013,0.001,0.752,0.752
TCGA-EK-A2R9-01A,0.000,0.000,0.019,0.022,0.011,0.000,0.093,0.031,0.121,0.008,0.018,0.000,0.000,0.000,0.000,0.677,0.677
TCGA-VS-A954-01A,0.004,0.000,0.004,0.000,0.024,0.000,0.006,0.021,0.019,0.006,0.021,0.000,0.000,0.001,0.000,0.893,0.893
TCGA-Q1-A73O-01A,0.005,0.000,0.009,0.043,0.000,0.000,0.001,0.045,0.008,0.000,0.020,0.000,0.000,0.005,0.000,0.862,0.862
TCGA-VS-A9U6-01A,0.005,0.000,0.015,0.034,0.003,0.000,0.044,0.034,0.040,0.026,0.027,0.001,0.000,0.014,0.000,0.756,0.756
TCGA-EK-A3GM-01A,0.010,0.000,0.000,0.010,0.000,0.000,0.001,0.003,0.003,0.000,0.003,0.000,0.000,0.001,0.000,0.969,0.969
TCGA-C5-A7CJ-01A,0.008,0.001,0.024,0.041,0.001,0.000,0.040,0.088,0.066,0.027,0.013,0.001,0.001,0.009,0.001,0.682,0.682
TCGA-FU-A3WB-01A,0.000,0.000,0.007,0.019,0.001,0.000,0.002,0.030,0.015,0.004,0.004,0.000,0.000,0.001,0.000,0.916,0.916
TCGA-VS-A9V1-01A,0.036,0.000,0.000,0.021,0.000,0.000,0.000,0.011,0.006,0.000,0.000,0.000,0.000,0.014,0.000,0.912,0.912
TCGA-C5-A1ML-01A,0.005,0.000,0.012,0.008,0.012,0.000,0.022,0.062,0.018,0.012,0.014,0.000,0.001,0.006,0.000,0.827,0.827
TCGA-IR-A3LB-01A,0.000,0.000,0.008,0.015,0.000,0.000,0.002,0.026,0.190,0.000,0.028,0.001,0.000,0.001,0.000,0.730,0.730
TCGA-VS-A9U7-01A,0.007,0.000,0.020,0.042,0.000,0.000,0.053,0.029,0.003,0.009,0.031,0.000,0.000,0.011,0.001,0.793,0.793
TCGA-EK-A2RK-01A,0.000,0.000,0.010,0.025,0.000,0.000,0.079,0.024,0.000,0.006,0.007,0.000,0.000,0.005,0.000,0.843,0.843
TCGA-C5-A905-01A,0.005,0.000,0.010,0.002,0.000,0.003,0.010,0.027,0.000,0.001,0.017,0.000,0.000,0.004,0.000,0.921,0.921
TCGA-C5-A3HL-01A,0.007,0.000,0.001,0.011,0.002,0.000,0.013,0.014,0.001,0.000,0.004,0.000,0.001,0.013,0.000,0.932,0.932
TCGA-C5-A1MH-01A,0.010,0.000,0.029,0.024,0.015,0.000,0.005,0.053,0.016,0.013,0.125,0.000,0.000,0.009,0.001,0.701,0.701
TCGA-Q1-A5R2-01A,0.003,0.000,0.013,0.020,0.014,0.000,0.009,0.012,0.006,0.009,0.050,0.000,0.000,0.005,0.001,0.857,0.857
TCGA-FU-A3HY-01A,0.000,0.000,0.001,0.011,0.000,0.000,0.002,0.028,0.001,0.004,0.003,0.000,0.000,0.005,0.001,0.944,0.944
TCGA-EA-A439-01A,0.000,0.000,0.002,0.038,0.000,0.000,0.002,0.019,0.145,0.009,0.025,0.000,0.000,0.000,0.000,0.759,0.759
TCGA-C5-A7UH-01A,0.018,0.000,0.009,0.016,0.014,0.000,0.001,0.057,0.009,0.022,0.018,0.000,0.000,0.005,0.005,0.827,0.827
TCGA-C5-A1M7-01A,0.020,0.012,0.022,0.007,0.001,0.000,0.039,0.043,0.004,0.004,0.000,0.001,0.000,0.011,0.001,0.836,0.836
TCGA-EA-A50E-01A,0.000,0.000,0.004,0.006,0.001,0.000,0.000,0.066,0.079,0.021,0.061,0.000,0.000,0.002,0.000,0.759,0.759
TCGA-VS-A9V5-01A,0.005,0.002,0.000,0.009,0.000,0.000,0.002,0.029,0.028,0.000,0.016,0.000,0.000,0.002,0.000,0.907,0.907
TCGA-BI-A20A-01A,0.006,0.000,0.017,0.020,0.006,0.000,0.101,0.028,0.035,0.005,0.029,0.000,0.000,0.002,0.000,0.750,0.750
TCGA-C5-A2LV-01A,0.000,0.000,0.001,0.020,0.000,0.000,0.016,0.036,0.043,0.001,0.019,0.000,0.000,0.000,0.000,0.865,0.865
TCGA-C5-A2LZ-01A,0.010,0.000,0.009,0.046,0.000,0.000,0.032,0.032,0.000,0.003,0.012,0.000,0.001,0.006,0.000,0.848,0.848
TCGA-Q1-A6DV-01A,0.004,0.007,0.006,0.024,0.000,0.000,0.038,0.021,0.005,0.001,0.001,0.002,0.000,0.008,0.000,0.881,0.881
TCGA-EK-A3GN-01A,0.000,0.000,0.000,0.004,0.000,0.000,0.003,0.009,0.014,0.001,0.005,0.000,0.000,0.001,0.000,0.964,0.964
TCGA-ZJ-A8QQ-01A,0.000,0.000,0.000,0.024,0.000,0.000,0.004,0.026,0.000,0.000,0.015,0.000,0.000,0.006,0.000,0.925,0.925
TCGA-LP-A5U3-01A,0.000,0.000,0.019,0.040,0.000,0.000,0.022,0.028,0.000,0.003,0.027,0.000,0.000,0.003,0.000,0.859,0.859
TCGA-VS-A94Z-01A,0.019,0.000,0.021,0.128,0.007,0.000,0.017,0.054,0.017,0.009,0.073,0.000,0.001,0.009,0.000,0.644,0.644
TCGA-EK-A2PG-01A,0.000,0.000,0.000,0.004,0.001,0.000,0.005,0.009,0.000,0.000,0.013,0.000,0.000,0.002,0.000,0.966,0.966
TCGA-DG-A2KL-01A,0.000,0.000,0.013,0.014,0.000,0.000,0.045,0.045,0.173,0.006,0.022,0.000,0.000,0.005,0.000,0.677,0.677
TCGA-EA-A6QX-01A,0.023,0.000,0.018,0.022,0.001,0.000,0.009,0.037,0.022,0.007,0.041,0.000,0.006,0.007,0.000,0.806,0.806
TCGA-VS-A9UT-01A,0.094,0.000,0.021,0.027,0.038,0.000,0.024,0.038,0.065,0.021,0.220,0.000,0.000,0.003,0.001,0.448,0.448
TCGA-C5-A8ZZ-01A,0.002,0.000,0.010,0.006,0.000,0.000,0.001,0.031,0.164,0.013,0.017,0.001,0.000,0.003,0.000,0.753,0.753
TCGA-VS-A959-01A,0.045,0.000,0.014,0.029,0.000,0.000,0.028,0.021,0.038,0.010,0.047,0.000,0.000,0.008,0.000,0.760,0.760
TCGA-VS-A950-01A,0.033,0.000,0.008,0.006,0.000,0.000,0.005,0.055,0.013,0.011,0.008,0.000,0.000,0.005,0.002,0.856,0.856
TCGA-VS-A9UM-01A,0.017,0.000,0.018,0.043,0.004,0.000,0.010,0.059,0.048,0.011,0.037,0.000,0.005,0.016,0.000,0.733,0.733
TCGA-DS-A0VM-01A,0.000,0.000,0.015,0.018,0.000,0.000,0.008,0.027,0.038,0.009,0.031,0.000,0.001,0.002,0.000,0.852,0.852
TCGA-VS-A957-01A,0.000,0.000,0.000,0.010,0.000,0.000,0.009,0.013,0.000,0.001,0.010,0.000,0.000,0.004,0.000,0.954,0.954
TCGA-EA-A3HR-01A,0.000,0.000,0.004,0.014,0.000,0.000,0.019,0.037,0.000,0.011,0.008,0.000,0.000,0.007,0.000,0.899,0.899
TCGA-C5-A2M2-01A,0.000,0.000,0.001,0.035,0.000,0.000,0.001,0.010,0.004,0.000,0.003,0.000,0.000,0.001,0.000,0.944,0.944
TCGA-VS-A9UV-01A,0.013,0.003,0.001,0.011,0.000,0.000,0.003,0.024,0.000,0.001,0.009,0.000,0.000,0.009,0.001,0.927,0.927
TCGA-EX-A3L1-01A,0.007,0.000,0.015,0.006,0.000,0.000,0.012,0.042,0.069,0.014,0.019,0.001,0.000,0.032,0.001,0.782,0.782
TCGA-VS-A9UU-01A,0.017,0.001,0.005,0.017,0.001,0.000,0.010,0.020,0.001,0.001,0.000,0.000,0.000,0.008,0.006,0.915,0.915
TCGA-MY-A5BE-01A,0.033,0.022,0.052,0.070,0.060,0.000,0.105,0.021,0.028,0.008,0.102,0.001,0.005,0.004,0.001,0.488,0.488
TCGA-VS-A94W-01A,0.003,0.000,0.046,0.027,0.025,0.000,0.065,0.033,0.015,0.010,0.039,0.000,0.000,0.012,0.001,0.723,0.723
TCGA-C5-A3HD-01B,0.000,0.000,0.006,0.010,0.000,0.000,0.001,0.017,0.000,0.000,0.002,0.000,0.000,0.001,0.000,0.964,0.964
TCGA-JX-A3PZ-01A,0.000,0.000,0.000,0.024,0.000,0.000,0.034,0.026,0.058,0.005,0.041,0.000,0.001,0.002,0.000,0.808,0.808
TCGA-IR-A3LA-01A,0.000,0.000,0.001,0.003,0.000,0.000,0.004,0.008,0.038,0.000,0.027,0.000,0.000,0.000,0.000,0.917,0.917
TCGA-C5-A3HE-01A,0.011,0.000,0.000,0.064,0.000,0.000,0.001,0.022,0.003,0.001,0.046,0.002,0.001,0.002,0.000,0.847,0.847
TCGA-Q1-A6DT-01A,0.000,0.000,0.001,0.012,0.000,0.000,0.000,0.038,0.000,0.005,0.013,0.000,0.000,0.007,0.009,0.914,0.914
TCGA-C5-A7CL-01A,0.001,0.000,0.007,0.013,0.000,0.000,0.004,0.041,0.035,0.014,0.015,0.000,0.001,0.025,0.000,0.844,0.844
TCGA-IR-A3LK-01A,0.000,0.000,0.002,0.024,0.000,0.000,0.011,0.015,0.000,0.003,0.035,0.000,0.000,0.004,0.000,0.905,0.905
TCGA-MA-AA3X-01A,0.000,0.000,0.008,0.000,0.007,0.002,0.000,0.042,0.000,0.016,0.103,0.000,0.000,0.011,0.000,0.810,0.810
TCGA-C5-A7XC-01A,0.022,0.000,0.009,0.035,0.001,0.000,0.030,0.048,0.071,0.001,0.016,0.002,0.018,0.009,0.001,0.739,0.739
TCGA-VS-A94Y-01A,0.000,0.000,0.004,0.015,0.000,0.000,0.003,0.035,0.072,0.015,0.025,0.000,0.003,0.006,0.000,0.822,0.822
TCGA-EK-A2PM-01A,0.000,0.000,0.000,0.000,0.002,0.000,0.000,0.010,0.012,0.005,0.005,0.000,0.000,0.003,0.000,0.962,0.962
TCGA-FU-A3TQ-01A,0.002,0.006,0.016,0.013,0.000,0.000,0.040,0.036,0.008,0.006,0.006,0.000,0.000,0.011,0.001,0.855,0.855
TCGA-EX-A69M-01A,0.027,0.000,0.012,0.047,0.002,0.000,0.032,0.026,0.000,0.001,0.056,0.000,0.000,0.010,0.000,0.787,0.787
TCGA-ZJ-AAX4-01A,0.000,0.000,0.018,0.020,0.023,0.000,0.029,0.042,0.005,0.001,0.079,0.000,0.000,0.009,0.000,0.774,0.774
TCGA-FU-A40J-01A,0.000,0.000,0.000,0.059,0.000,0.000,0.023,0.022,0.059,0.000,0.022,0.000,0.007,0.001,0.000,0.805,0.805
TCGA-VS-A8QF-01A,0.021,0.000,0.012,0.013,0.006,0.000,0.003,0.020,0.001,0.008,0.037,0.000,0.000,0.006,0.000,0.871,0.871
TCGA-Q1-A73R-01A,0.000,0.000,0.010,0.034,0.000,0.000,0.001,0.032,0.065,0.012,0.005,0.000,0.000,0.000,0.000,0.842,0.842
TCGA-VS-A9V0-01A,0.000,0.000,0.001,0.010,0.000,0.000,0.002,0.024,0.002,0.016,0.001,0.000,0.000,0.002,0.000,0.942,0.942
TCGA-UC-A7PF-01A,0.011,0.000,0.018,0.063,0.001,0.000,0.093,0.024,0.053,0.001,0.038,0.000,0.004,0.007,0.000,0.686,0.686
TCGA-C5-A1BQ-01C,0.000,0.000,0.008,0.068,0.001,0.000,0.001,0.040,0.000,0.000,0.052,0.000,0.000,0.004,0.000,0.826,0.826
TCGA-C5-A1MN-01A,0.000,0.000,0.006,0.011,0.000,0.000,0.005,0.035,0.002,0.000,0.009,0.000,0.000,0.008,0.000,0.924,0.924
TCGA-VS-A8EB-01A,0.000,0.000,0.000,0.035,0.000,0.000,0.012,0.024,0.005,0.004,0.016,0.000,0.009,0.002,0.000,0.892,0.892
TCGA-MY-A5BD-01A,0.000,0.000,0.010,0.017,0.000,0.000,0.030,0.021,0.007,0.010,0.007,0.001,0.002,0.000,0.000,0.895,0.895
TCGA-C5-A3HF-01A,0.017,0.000,0.016,0.022,0.010,0.000,0.025,0.032,0.072,0.000,0.015,0.001,0.000,0.002,0.000,0.788,0.788
TCGA-HM-A6W2-01A,0.011,0.000,0.008,0.005,0.001,0.000,0.001,0.041,0.080,0.010,0.025,0.000,0.000,0.000,0.000,0.818,0.818
TCGA-C5-A2LS-01A,0.000,0.000,0.000,0.009,0.000,0.000,0.022,0.009,0.000,0.000,0.000,0.000,0.000,0.000,0.000,0.959,0.959
TCGA-C5-A8YT-01A,0.000,0.000,0.006,0.017,0.001,0.000,0.002,0.046,0.268,0.001,0.013,0.001,0.021,0.000,0.000,0.623,0.623
TCGA-C5-A901-01A,0.004,0.000,0.011,0.011,0.001,0.000,0.009,0.040,0.007,0.003,0.009,0.000,0.000,0.007,0.000,0.897,0.897
TCGA-MU-A51Y-01A,0.004,0.000,0.033,0.043,0.000,0.000,0.084,0.065,0.051,0.011,0.048,0.000,0.000,0.008,0.001,0.650,0.650
TCGA-EA-A5ZE-01A,0.002,0.000,0.019,0.023,0.000,0.000,0.103,0.057,0.075,0.009,0.048,0.000,0.002,0.002,0.000,0.658,0.658
TCGA-IR-A3LI-01A,0.000,0.000,0.000,0.004,0.000,0.000,0.004,0.002,0.001,0.000,0.000,0.000,0.000,0.000,0.000,0.988,0.988
TCGA-ZJ-AAXA-01A,0.000,0.000,0.001,0.002,0.000,0.002,0.001,0.045,0.001,0.012,0.020,0.000,0.000,0.001,0.000,0.914,0.914
TCGA-FU-A3NI-01A,0.000,0.000,0.012,0.012,0.003,0.000,0.026,0.029,0.036,0.001,0.023,0.000,0.000,0.002,0.000,0.854,0.854
TCGA-DG-A2KM-01A,0.036,0.006,0.030,0.063,0.062,0.000,0.055,0.021,0.063,0.009,0.213,0.000,0.001,0.014,0.001,0.426,0.426
TCGA-EA-A97N-01A,0.000,0.000,0.013,0.008,0.001,0.000,0.021,0.048,0.080,0.011,0.005,0.000,0.000,0.006,0.000,0.807,0.807
TCGA-DG-A2KJ-01A,0.023,0.000,0.022,0.011,0.001,0.000,0.049,0.009,0.006,0.003,0.022,0.002,0.002,0.001,0.000,0.849,0.849
TCGA-VS-A8QM-01A,0.014,0.010,0.031,0.023,0.046,0.021,0.041,0.085,0.065,0.027,0.012,0.000,0.003,0.014,0.002,0.606,0.606
TCGA-VS-A8EL-01A,0.008,0.000,0.012,0.039,0.016,0.000,0.006,0.015,0.065,0.002,0.087,0.000,0.001,0.011,0.001,0.738,0.738
TCGA-Q1-A73P-01A,0.002,0.001,0.018,0.045,0.000,0.000,0.008,0.018,0.028,0.003,0.057,0.000,0.000,0.001,0.000,0.819,0.819
TCGA-PN-A8MA-01A,0.032,0.000,0.016,0.034,0.013,0.000,0.012,0.063,0.027,0.017,0.026,0.000,0.000,0.000,0.000,0.760,0.760
TCGA-C5-A1BN-01B,0.000,0.000,0.000,0.006,0.000,0.000,0.002,0.044,0.000,0.000,0.002,0.000,0.000,0.001,0.000,0.944,0.944
TCGA-DS-A1O9-01A,0.000,0.000,0.024,0.021,0.000,0.000,0.003,0.062,0.057,0.015,0.121,0.000,0.001,0.006,0.000,0.690,0.690
TCGA-DS-A7WH-01A,0.000,0.000,0.000,0.020,0.000,0.000,0.001,0.050,0.163,0.003,0.011,0.001,0.000,0.002,0.000,0.751,0.751
TCGA-VS-A9UL-01A,0.000,0.000,0.000,0.000,0.004,0.000,0.002,0.010,0.079,0.004,0.001,0.000,0.000,0.000,0.000,0.899,0.899
TCGA-VS-A953-01A,0.000,0.000,0.000,0.028,0.001,0.000,0.000,0.019,0.000,0.000,0.021,0.000,0.000,0.001,0.000,0.930,0.930
TCGA-FU-A770-01A,0.000,0.000,0.000,0.015,0.000,0.000,0.015,0.035,0.005,0.000,0.000,0.000,0.000,0.003,0.000,0.926,0.926
TCGA-C5-A7CM-01A,0.061,0.000,0.000,0.002,0.000,0.000,0.000,0.018,0.031,0.004,0.004,0.000,0.000,0.003,0.000,0.875,0.875
TCGA-ZJ-AAXT-01A,0.005,0.000,0.006,0.021,0.005,0.000,0.003,0.025,0.000,0.014,0.009,0.000,0.000,0.014,0.000,0.898,0.898
TCGA-EK-A2R8-01A,0.000,0.000,0.001,0.024,0.000,0.000,0.000,0.049,0.048,0.000,0.000,0.000,0.000,0.005,0.000,0.872,0.872
TCGA-C5-A1BJ-01A,0.000,0.001,0.032,0.012,0.022,0.000,0.020,0.048,0.054,0.013,0.005,0.000,0.001,0.012,0.013,0.766,0.766
TCGA-VS-A9UJ-01A,0.000,0.000,0.000,0.002,0.000,0.000,0.003,0.017,0.047,0.000,0.004,0.000,0.000,0.003,0.000,0.924,0.924
TCGA-EA-A3HQ-01A,0.000,0.000,0.023,0.016,0.011,0.000,0.022,0.040,0.025,0.004,0.064,0.000,0.000,0.004,0.000,0.791,0.791
TCGA-JX-A5QV-01A,0.000,0.000,0.008,0.025,0.000,0.000,0.034,0.012,0.000,0.000,0.039,0.000,0.000,0.003,0.000,0.878,0.878
TCGA-C5-A1M8-01A,0.000,0.000,0.000,0.001,0.010,0.000,0.000,0.024,0.000,0.009,0.008,0.000,0.000,0.003,0.000,0.943,0.943
TCGA-ZJ-AB0I-01A,0.000,0.000,0.000,0.026,0.000,0.000,0.019,0.034,0.029,0.001,0.017,0.000,0.000,0.007,0.000,0.868,0.868
TCGA-C5-A0TN-01A,0.000,0.000,0.010,0.012,0.000,0.000,0.000,0.040,0.006,0.002,0.011,0.000,0.000,0.000,0.000,0.920,0.920
TCGA-VS-A9UB-01A,0.000,0.000,0.012,0.057,0.015,0.000,0.043,0.036,0.001,0.000,0.050,0.000,0.000,0.009,0.003,0.773,0.773
TCGA-LP-A4AU-01A,0.018,0.000,0.003,0.031,0.000,0.000,0.003,0.066,0.003,0.017,0.005,0.000,0.000,0.010,0.000,0.842,0.842
TCGA-ZJ-AAXN-01A,0.000,0.000,0.001,0.038,0.000,0.000,0.006,0.043,0.033,0.000,0.013,0.002,0.009,0.005,0.000,0.848,0.848
TCGA-C5-A2LY-01A,0.000,0.000,0.011,0.075,0.000,0.000,0.091,0.014,0.000,0.005,0.052,0.000,0.001,0.004,0.000,0.746,0.746
TCGA-EK-A2GZ-01A,0.000,0.000,0.008,0.009,0.000,0.000,0.000,0.020,0.000,0.004,0.017,0.000,0.004,0.009,0.001,0.927,0.927
TCGA-ZJ-A8QO-01A,0.042,0.000,0.055,0.022,0.041,0.000,0.063,0.033,0.111,0.018,0.042,0.000,0.000,0.009,0.001,0.563,0.563
TCGA-FU-A2QG-01A,0.000,0.000,0.004,0.042,0.000,0.000,0.015,0.035,0.002,0.000,0.001,0.000,0.004,0.005,0.000,0.893,0.893
TCGA-BI-A0VS-01A,0.006,0.005,0.030,0.009,0.017,0.000,0.014,0.029,0.065,0.003,0.023,0.000,0.000,0.002,0.000,0.798,0.798
TCGA-DG-A2KH-01A,0.000,0.000,0.000,0.018,0.000,0.000,0.023,0.007,0.000,0.000,0.001,0.000,0.000,0.000,0.000,0.951,0.951
TCGA-EK-A2RB-01A,0.000,0.000,0.000,0.011,0.000,0.000,0.002,0.015,0.000,0.004,0.020,0.000,0.002,0.005,0.000,0.942,0.942
TCGA-VS-A8EI-01A,0.013,0.000,0.018,0.015,0.026,0.000,0.019,0.045,0.032,0.013,0.018,0.000,0.000,0.005,0.001,0.794,0.794
TCGA-EK-A2IP-01A,0.000,0.000,0.007,0.021,0.000,0.000,0.003,0.030,0.004,0.001,0.004,0.000,0.000,0.003,0.000,0.928,0.928
TCGA-JW-AAVH-01A,0.000,0.000,0.007,0.017,0.005,0.000,0.008,0.017,0.000,0.002,0.000,0.000,0.010,0.009,0.000,0.924,0.924
TCGA-MU-A5YI-01A,0.000,0.000,0.026,0.017,0.000,0.000,0.045,0.094,0.148,0.024,0.016,0.000,0.000,0.000,0.000,0.629,0.629
TCGA-C5-A7UE-01A,0.003,0.000,0.005,0.004,0.000,0.000,0.014,0.013,0.000,0.000,0.006,0.000,0.000,0.008,0.001,0.945,0.945
TCGA-UC-A7PD-01A,0.002,0.000,0.007,0.011,0.000,0.000,0.005,0.041,0.001,0.002,0.005,0.000,0.000,0.006,0.000,0.920,0.920
TCGA-DS-A1OC-01A,0.012,0.000,0.010,0.035,0.001,0.000,0.003,0.032,0.001,0.009,0.056,0.000,0.000,0.008,0.000,0.833,0.833
TCGA-EA-A1QT-01A,0.000,0.000,0.009,0.025,0.000,0.000,0.008,0.031,0.007,0.001,0.008,0.000,0.000,0.005,0.000,0.905,0.905
TCGA-FU-A3TX-01A,0.000,0.000,0.008,0.013,0.017,0.000,0.034,0.045,0.027,0.001,0.014,0.000,0.000,0.003,0.000,0.837,0.837
TCGA-VS-A9UQ-01A,0.006,0.000,0.002,0.033,0.006,0.000,0.023,0.039,0.084,0.000,0.018,0.001,0.000,0.000,0.000,0.789,0.789
TCGA-FU-A3YQ-01A,0.033,0.000,0.028,0.033,0.005,0.000,0.064,0.059,0.059,0.007,0.023,0.000,0.000,0.013,0.001,0.673,0.673
TCGA-EA-A5O9-01A,0.000,0.000,0.007,0.023,0.000,0.000,0.003,0.015,0.000,0.001,0.025,0.000,0.000,0.004,0.000,0.921,0.921
TCGA-MA-AA3W-01A,0.004,0.007,0.037,0.071,0.000,0.000,0.112,0.029,0.003,0.012,0.025,0.000,0.000,0.005,0.000,0.694,0.694
TCGA-VS-A8QC-01A,0.005,0.000,0.005,0.021,0.004,0.000,0.003,0.026,0.063,0.002,0.014,0.000,0.003,0.005,0.000,0.848,0.848
TCGA-VS-A9V2-01A,0.005,0.000,0.010,0.067,0.000,0.000,0.072,0.034,0.003,0.000,0.019,0.000,0.000,0.008,0.000,0.779,0.779
TCGA-MY-A913-01A,0.014,0.000,0.025,0.024,0.000,0.000,0.004,0.043,0.014,0.000,0.027,0.000,0.001,0.007,0.000,0.841,0.841
TCGA-JW-A5VK-01A,0.002,0.000,0.004,0.001,0.000,0.000,0.003,0.014,0.000,0.005,0.006,0.000,0.000,0.005,0.000,0.959,0.959
TCGA-VS-A9UO-01A,0.006,0.000,0.000,0.040,0.000,0.000,0.002,0.004,0.002,0.000,0.001,0.000,0.000,0.002,0.000,0.942,0.942
TCGA-C5-A7X3-01A,0.048,0.000,0.014,0.014,0.001,0.000,0.005,0.038,0.060,0.008,0.038,0.000,0.008,0.000,0.000,0.767,0.767
TCGA-C5-A1M9-01A,0.000,0.000,0.001,0.030,0.000,0.000,0.000,0.020,0.006,0.000,0.033,0.000,0.000,0.002,0.000,0.907,0.907
TCGA-EA-A44S-01A,0.000,0.000,0.011,0.020,0.013,0.001,0.022,0.019,0.000,0.007,0.045,0.000,0.003,0.012,0.001,0.847,0.847
TCGA-EA-A43B-01A,0.014,0.000,0.011,0.027,0.000,0.000,0.021,0.041,0.008,0.014,0.019,0.000,0.001,0.005,0.000,0.840,0.840
TCGA-FU-A3HZ-01A,0.000,0.000,0.003,0.020,0.004,0.000,0.001,0.017,0.032,0.001,0.019,0.000,0.000,0.000,0.000,0.904,0.904
TCGA-C5-A1MJ-01A,0.000,0.000,0.020,0.020,0.000,0.000,0.004,0.042,0.080,0.017,0.054,0.001,0.000,0.000,0.000,0.762,0.762
TCGA-JW-A69B-01A,0.014,0.000,0.022,0.007,0.000,0.000,0.000,0.037,0.030,0.002,0.105,0.000,0.000,0.004,0.000,0.779,0.779
TCGA-EA-A3QD-01A,0.011,0.012,0.043,0.054,0.035,0.000,0.040,0.021,0.063,0.007,0.100,0.000,0.001,0.004,0.001,0.605,0.605
TCGA-MU-A8JM-01A,0.001,0.000,0.018,0.015,0.000,0.000,0.043,0.018,0.001,0.000,0.006,0.000,0.000,0.009,0.000,0.887,0.887
TCGA-VS-A8EC-01A,0.000,0.000,0.000,0.000,0.001,0.000,0.000,0.014,0.000,0.000,0.003,0.000,0.000,0.001,0.001,0.979,0.979
TCGA-C5-A1BK-01B,0.006,0.000,0.041,0.056,0.003,0.000,0.105,0.026,0.002,0.007,0.030,0.000,0.000,0.004,0.001,0.717,0.717
TCGA-VS-A8EG-01A,0.002,0.000,0.009,0.015,0.000,0.000,0.015,0.027,0.000,0.004,0.004,0.000,0.000,0.007,0.000,0.918,0.918
TCGA-ZJ-AAXJ-01A,0.005,0.001,0.002,0.004,0.000,0.000,0.021,0.005,0.000,0.000,0.000,0.000,0.000,0.004,0.001,0.957,0.957
TCGA-EK-A2RN-01A,0.000,0.000,0.000,0.002,0.000,0.000,0.016,0.003,0.000,0.000,0.055,0.000,0.000,0.009,0.000,0.914,0.914
TCGA-MA-AA41-01A,0.000,0.000,0.000,0.045,0.002,0.000,0.032,0.019,0.000,0.009,0.009,0.000,0.000,0.006,0.001,0.877,0.877
TCGA-C5-A907-01A,0.000,0.000,0.000,0.038,0.000,0.000,0.003,0.024,0.010,0.000,0.032,0.000,0.002,0.004,0.000,0.885,0.885
TCGA-DS-A0VN-01A,0.000,0.000,0.020,0.054,0.013,0.000,0.013,0.045,0.033,0.014,0.040,0.000,0.000,0.004,0.001,0.761,0.761
TCGA-VS-A8Q8-01A,0.002,0.000,0.008,0.029,0.000,0.000,0.048,0.031,0.000,0.002,0.034,0.000,0.000,0.016,0.000,0.829,0.829
TCGA-FU-A23K-01A,0.017,0.000,0.018,0.020,0.004,0.000,0.012,0.016,0.015,0.004,0.015,0.000,0.001,0.000,0.000,0.879,0.879
TCGA-EA-A410-01A,0.005,0.000,0.006,0.019,0.002,0.000,0.005,0.041,0.126,0.001,0.025,0.000,0.000,0.000,0.000,0.769,0.769
TCGA-FU-A57G-01A,0.001,0.000,0.006,0.003,0.000,0.000,0.001,0.134,0.135,0.100,0.021,0.000,0.000,0.000,0.000,0.598,0.598
TCGA-ZJ-AAXB-01A,0.000,0.000,0.006,0.000,0.000,0.000,0.000,0.010,0.044,0.007,0.007,0.000,0.000,0.000,0.000,0.926,0.926
TCGA-EK-A2PK-01A,0.058,0.000,0.001,0.059,0.000,0.000,0.001,0.046,0.018,0.003,0.042,0.000,0.023,0.001,0.000,0.748,0.748
TCGA-C5-A1MQ-01A,0.041,0.000,0.030,0.017,0.000,0.000,0.002,0.008,0.055,0.003,0.123,0.001,0.002,0.005,0.000,0.712,0.712
TCGA-EA-A3HS-01A,0.001,0.000,0.012,0.046,0.000,0.000,0.003,0.056,0.032,0.012,0.017,0.000,0.006,0.005,0.000,0.811,0.811
TCGA-DS-A7WF-01A,0.001,0.001,0.023,0.024,0.000,0.000,0.004,0.028,0.087,0.012,0.013,0.000,0.000,0.000,0.000,0.807,0.807
TCGA-VS-A9U5-01A,0.027,0.005,0.015,0.032,0.021,0.000,0.017,0.024,0.002,0.001,0.031,0.000,0.000,0.003,0.000,0.823,0.823
TCGA-DR-A0ZM-01A,0.001,0.000,0.025,0.030,0.000,0.000,0.066,0.011,0.000,0.003,0.023,0.000,0.001,0.006,0.000,0.833,0.833
TCGA-VS-A9UZ-01A,0.032,0.001,0.023,0.039,0.003,0.000,0.019,0.039,0.021,0.010,0.034,0.000,0.000,0.002,0.000,0.776,0.776
TCGA-DS-A7WI-01A,0.000,0.000,0.000,0.011,0.000,0.000,0.000,0.023,0.000,0.000,0.028,0.001,0.006,0.005,0.000,0.926,0.926
TCGA-EX-A69L-01A,0.015,0.000,0.025,0.034,0.018,0.000,0.068,0.048,0.019,0.006,0.055,0.000,0.001,0.007,0.001,0.703,0.703
TCGA-Q1-A73Q-01A,0.008,0.001,0.015,0.008,0.002,0.000,0.021,0.017,0.016,0.000,0.002,0.000,0.000,0.006,0.000,0.904,0.904
TCGA-VS-A9UI-01A,0.000,0.000,0.025,0.035,0.001,0.000,0.027,0.019,0.000,0.003,0.020,0.000,0.001,0.012,0.000,0.856,0.856
TCGA-C5-A8XI-01A,0.009,0.006,0.020,0.026,0.004,0.000,0.025,0.037,0.025,0.001,0.004,0.000,0.000,0.004,0.000,0.837,0.837
TCGA-VS-A8Q9-01A,0.000,0.000,0.000,0.031,0.000,0.000,0.000,0.033,0.000,0.012,0.013,0.000,0.000,0.003,0.000,0.907,0.907
TCGA-C5-A2LT-01A,0.003,0.000,0.016,0.020,0.000,0.000,0.003,0.041,0.073,0.000,0.022,0.002,0.002,0.002,0.000,0.817,0.817
TCGA-ZX-AA5X-01A,0.005,0.000,0.021,0.015,0.000,0.000,0.040,0.121,0.113,0.031,0.028,0.001,0.010,0.006,0.001,0.606,0.606
TCGA-GH-A9DA-01A,0.000,0.000,0.009,0.017,0.000,0.000,0.018,0.025,0.009,0.000,0.016,0.000,0.000,0.005,0.000,0.900,0.900
TCGA-C5-A7CH-01A,0.000,0.000,0.005,0.010,0.000,0.000,0.007,0.030,0.023,0.008,0.008,0.000,0.000,0.004,0.011,0.893,0.893
TCGA-EA-A3Y4-01A,0.000,0.000,0.010,0.084,0.000,0.000,0.017,0.016,0.024,0.000,0.036,0.000,0.001,0.002,0.000,0.811,0.811
TCGA-EX-A1H6-01B,0.000,0.000,0.000,0.026,0.000,0.000,0.004,0.009,0.059,0.000,0.019,0.002,0.001,0.000,0.000,0.880,0.880
TCGA-C5-A1BE-01B,0.000,0.000,0.014,0.013,0.000,0.000,0.017,0.034,0.002,0.002,0.017,0.000,0.000,0.006,0.000,0.895,0.895
TCGA-C5-A8XK-01A,0.000,0.000,0.001,0.015,0.000,0.000,0.000,0.038,0.001,0.012,0.037,0.000,0.000,0.006,0.000,0.889,0.889
TCGA-RA-A741-01A,0.020,0.000,0.017,0.031,0.000,0.000,0.067,0.018,0.026,0.004,0.043,0.001,0.001,0.006,0.000,0.765,0.765
TCGA-VS-A958-01A,0.013,0.000,0.011,0.114,0.000,0.000,0.030,0.038,0.000,0.000,0.061,0.000,0.000,0.012,0.001,0.721,0.721
TCGA-MA-AA43-01A,0.007,0.000,0.016,0.005,0.000,0.000,0.012,0.058,0.122,0.040,0.005,0.000,0.001,0.007,0.000,0.724,0.724
TCGA-JW-A5VH-01A,0.000,0.000,0.000,0.001,0.002,0.000,0.000,0.048,0.048,0.001,0.003,0.000,0.000,0.000,0.000,0.896,0.896
TCGA-VS-A9UY-01A,0.001,0.000,0.015,0.037,0.000,0.000,0.001,0.074,0.000,0.000,0.035,0.000,0.000,0.012,0.000,0.824,0.824
TCGA-VS-A9UC-01A,0.001,0.000,0.012,0.051,0.000,0.000,0.002,0.024,0.047,0.004,0.043,0.000,0.003,0.018,0.000,0.794,0.794
TCGA-C5-A8YQ-01A,0.003,0.000,0.000,0.002,0.012,0.000,0.001,0.005,0.008,0.007,0.033,0.000,0.000,0.023,0.000,0.906,0.906
TCGA-MA-AA3Y-01A,0.008,0.000,0.021,0.042,0.001,0.000,0.012,0.062,0.009,0.002,0.035,0.000,0.000,0.005,0.028,0.775,0.775
TCGA-VS-A8EK-01A,0.016,0.000,0.007,0.016,0.000,0.000,0.002,0.027,0.000,0.006,0.020,0.000,0.004,0.009,0.000,0.893,0.893
TCGA-LP-A4AV-01A,0.009,0.000,0.022,0.018,0.000,0.000,0.025,0.013,0.038,0.014,0.064,0.000,0.001,0.002,0.000,0.792,0.792
TCGA-C5-A7CG-01A,0.008,0.033,0.044,0.103,0.036,0.000,0.063,0.028,0.028,0.002,0.057,0.000,0.001,0.004,0.001,0.592,0.592
TCGA-VS-A952-01A,0.020,0.000,0.007,0.025,0.000,0.000,0.002,0.016,0.004,0.000,0.019,0.000,0.000,0.001,0.000,0.905,0.905
TCGA-EK-A2PL-01A,0.000,0.000,0.006,0.018,0.000,0.000,0.003,0.024,0.000,0.000,0.008,0.000,0.000,0.004,0.000,0.937,0.937
TCGA-EK-A2H1-01A,0.004,0.000,0.021,0.020,0.000,0.000,0.003,0.057,0.068,0.006,0.034,0.000,0.001,0.003,0.000,0.783,0.783
TCGA-VS-A9UP-01A,0.010,0.000,0.001,0.003,0.009,0.000,0.003,0.009,0.055,0.010,0.002,0.000,0.000,0.001,0.000,0.897,0.897
TCGA-C5-A1BF-01B,0.000,0.000,0.009,0.016,0.000,0.000,0.015,0.080,0.131,0.034,0.031,0.000,0.005,0.003,0.000,0.676,0.676
TCGA-DS-A3LQ-01A,0.005,0.000,0.008,0.005,0.004,0.000,0.001,0.021,0.036,0.012,0.113,0.000,0.000,0.003,0.000,0.790,0.790
TCGA-C5-A1MP-01A,0.015,0.000,0.028,0.015,0.020,0.001,0.076,0.064,0.077,0.012,0.065,0.000,0.001,0.014,0.001,0.608,0.608
TCGA-EK-A2RA-01A,0.000,0.000,0.015,0.043,0.014,0.000,0.094,0.011,0.000,0.001,0.019,0.000,0.000,0.004,0.000,0.798,0.798
TCGA-EX-A1H5-01A,0.009,0.000,0.014,0.011,0.002,0.000,0.014,0.049,0.007,0.014,0.002,0.000,0.000,0.002,0.000,0.875,0.875
TCGA-JW-A5VI-01A,0.012,0.000,0.010,0.032,0.020,0.000,0.014,0.054,0.048,0.010,0.014,0.000,0.001,0.008,0.000,0.777,0.777
TCGA-JX-A3Q8-01A,0.005,0.000,0.002,0.053,0.000,0.000,0.010,0.029,0.002,0.001,0.047,0.000,0.000,0.000,0.000,0.851,0.851
TCGA-IR-A3LC-01A,0.000,0.000,0.000,0.011,0.000,0.000,0.010,0.033,0.000,0.004,0.014,0.000,0.009,0.005,0.000,0.913,0.913
TCGA-EK-A2H0-01A,0.000,0.000,0.000,0.026,0.000,0.000,0.005,0.019,0.000,0.000,0.018,0.000,0.001,0.004,0.000,0.927,0.927
TCGA-IR-A3LH-01A,0.024,0.001,0.029,0.040,0.015,0.000,0.036,0.040,0.120,0.016,0.165,0.000,0.001,0.004,0.000,0.510,0.510
TCGA-DS-A1OA-01A,0.010,0.000,0.017,0.023,0.001,0.000,0.043,0.054,0.047,0.010,0.048,0.000,0.000,0.004,0.000,0.742,0.742
TCGA-DS-A0VL-01A,0.002,0.000,0.011,0.034,0.000,0.000,0.017,0.052,0.001,0.004,0.018,0.000,0.003,0.005,0.000,0.852,0.852
TCGA-EA-A1QS-01A,0.004,0.000,0.013,0.001,0.004,0.000,0.024,0.086,0.299,0.041,0.030,0.002,0.003,0.001,0.000,0.492,0.492
TCGA-EA-A78R-01A,0.000,0.000,0.013,0.010,0.000,0.000,0.025,0.029,0.027,0.010,0.017,0.000,0.000,0.007,0.000,0.862,0.862
TCGA-LP-A7HU-01A,0.000,0.000,0.023,0.036,0.000,0.000,0.017,0.015,0.026,0.010,0.028,0.000,0.000,0.000,0.000,0.845,0.845
TCGA-UC-A7PI-01A,0.000,0.000,0.001,0.031,0.000,0.000,0.001,0.008,0.011,0.000,0.032,0.000,0.000,0.001,0.000,0.915,0.915
