,Plasma B cells,Non-plasma B cells,CD4 T,CD8 T effector,CD8 T (GZMK high),Double-neg-like T,DC,Endothelial Cells,CAFs,Myofibroblasts,Macrophages,Mast Cells,NK,Neutrophils,Monocytes,1-others,Cancer Cells
TCGA-EL-A3D0-01A,0.000,0.000,0.001,0.000,0.000,0.000,0.003,0.115,0.133,0.039,0.018,0.000,0.002,0.000,0.000,0.688,0.688
TCGA-J8-A4HY-01A,0.007,0.000,0.006,0.002,0.000,0.000,0.017,0.096,0.006,0.048,0.057,0.000,0.004,0.000,0.000,0.756,0.756
TCGA-L6-A4ET-01A,0.001,0.000,0.000,0.000,0.000,0.000,0.005,0.122,0.002,0.034,0.009,0.000,0.001,0.000,0.000,0.826,0.826
TCGA-DE-A4MC-01A,0.000,0.000,0.035,0.018,0.000,0.000,0.086,0.084,0.051,0.021,0.013,0.000,0.001,0.000,0.000,0.692,0.692
TCGA-ET-A25K-01A,0.005,0.000,0.005,0.000,0.000,0.000,0.001,0.235,0.045,0.101,0.034,0.001,0.000,0.000,0.000,0.573,0.573
TCGA-DJ-A3UU-01A,0.021,0.000,0.017,0.005,0.003,0.000,0.051,0.108,0.131,0.047,0.058,0.000,0.001,0.000,0.000,0.558,0.558
TCGA-EM-A1YA-01A,0.016,0.000,0.000,0.000,0.000,0.000,0.000,0.118,0.000,0.080,0.023,0.001,0.000,0.000,0.000,0.762,0.762
TCGA-CE-A483-01A,0.001,0.000,0.000,0.000,0.000,0.000,0.000,0.128,0.007,0.027,0.035,0.000,0.001,0.000,0.000,0.801,0.801
TCGA-DJ-A3VD-01A,0.037,0.051,0.037,0.012,0.009,0.000,0.099,0.085,0.159,0.026,0.081,0.000,0.003,0.001,0.000,0.399,0.399
TCGA-BJ-A28S-01A,0.010,0.000,0.000,0.000,0.000,0.000,0.000,0.179,0.001,0.088,0.013,0.000,0.000,0.000,0.000,0.707,0.707
TCGA-FY-A3R9-01A,0.047,0.000,0.000,0.000,0.000,0.000,0.002,0.079,0.000,0.036,0.007,0.000,0.000,0.000,0.000,0.829,0.829
TCGA-FY-A3R8-01A,0.000,0.000,0.009,0.000,0.000,0.000,0.036,0.094,0.078,0.011,0.087,0.000,0.001,0.000,0.000,0.683,0.683
TCGA-DJ-A3V2-01A,0.049,0.015,0.031,0.023,0.022,0.000,0.030,0.109,0.049,0.027,0.136,0.000,0.007,0.000,0.000,0.501,0.501
TCGA-ET-A25L-01A,0.000,0.000,0.016,0.000,0.000,0.000,0.036,0.089,0.180,0.023,0.065,0.002,0.002,0.000,0.000,0.588,0.588
TCGA-EL-A3D1-01A,0.002,0.000,0.012,0.000,0.000,0.000,0.019,0.114,0.052,0.044,0.057,0.002,0.000,0.000,0.000,0.697,0.697
TCGA-FY-A3I4-01A,0.008,0.000,0.015,0.004,0.001,0.000,0.026,0.163,0.141,0.055,0.071,0.000,0.002,0.000,0.000,0.514,0.514
TCGA-DJ-A3UV-01A,0.019,0.000,0.015,0.004,0.006,0.000,0.033,0.142,0.093,0.090,0.059,0.000,0.001,0.000,0.000,0.537,0.537
TCGA-BJ-A28T-01A,0.096,0.037,0.037,0.026,0.038,0.000,0.096,0.127,0.083,0.041,0.099,0.000,0.006,0.001,0.000,0.313,0.313
TCGA-EM-A3FQ-01A,0.007,0.010,0.031,0.001,0.016,0.000,0.112,0.076,0.069,0.035,0.086,0.001,0.004,0.001,0.000,0.551,0.551
TCGA-J8-A4HW-01A,0.004,0.000,0.003,0.000,0.000,0.000,0.000,0.140,0.035,0.035,0.020,0.000,0.000,0.000,0.000,0.762,0.762
TCGA-MK-A4N6-01A,0.001,0.000,0.016,0.006,0.000,0.000,0.008,0.050,0.096,0.027,0.106,0.000,0.000,0.000,0.000,0.689,0.689
TCGA-DJ-A3V8-01A,0.012,0.000,0.004,0.000,0.000,0.000,0.017,0.071,0.035,0.025,0.050,0.000,0.000,0.000,0.000,0.787,0.787
TCGA-DJ-A1QI-01A,0.007,0.000,0.010,0.002,0.000,0.000,0.014,0.109,0.108,0.033,0.062,0.000,0.000,0.000,0.000,0.654,0.654
TCGA-EL-A3H8-01A,0.003,0.000,0.004,0.000,0.000,0.000,0.011,0.128,0.061,0.025,0.033,0.001,0.001,0.000,0.000,0.733,0.733
TCGA-EM-A3O3-01A,0.043,0.001,0.035,0.001,0.006,0.000,0.070,0.014,0.081,0.002,0.098,0.002,0.001,0.002,0.000,0.645,0.645
TCGA-IM-A3U3-01A,0.016,0.000,0.017,0.001,0.000,0.000,0.039,0.087,0.059,0.030,0.054,0.000,0.003,0.000,0.000,0.696,0.696
TCGA-BJ-A191-01A,0.041,0.002,0.012,0.012,0.004,0.004,0.002,0.074,0.019,0.030,0.013,0.000,0.000,0.000,0.000,0.787,0.787
TCGA-E8-A3X7-01A,0.000,0.000,0.009,0.001,0.000,0.000,0.030,0.073,0.113,0.016,0.025,0.000,0.001,0.000,0.000,0.732,0.732
TCGA-FY-A3YR-01A,0.000,0.000,0.013,0.000,0.000,0.000,0.033,0.074,0.129,0.025,0.021,0.000,0.000,0.000,0.000,0.705,0.705
TCGA-KS-A41I-01A,0.039,0.000,0.000,0.002,0.000,0.000,0.023,0.106,0.004,0.074,0.061,0.000,0.000,0.000,0.000,0.690,0.690
TCGA-EL-A3CS-01A,0.002,0.000,0.000,0.000,0.000,0.000,0.014,0.060,0.045,0.036,0.013,0.000,0.000,0.000,0.000,0.828,0.828
TCGA-EL-A3GU-01A,0.000,0.000,0.004,0.000,0.000,0.000,0.049,0.097,0.185,0.064,0.025,0.002,0.000,0.000,0.000,0.574,0.574
TCGA-EM-A1CU-01A,0.001,0.000,0.009,0.000,0.000,0.000,0.008,0.127,0.048,0.001,0.054,0.000,0.001,0.000,0.000,0.752,0.752
TCGA-H2-A26U-01A,0.018,0.001,0.038,0.015,0.017,0.000,0.084,0.082,0.151,0.021,0.144,0.000,0.003,0.001,0.000,0.424,0.424
TCGA-DJ-A2PT-01A,0.000,0.000,0.017,0.001,0.003,0.000,0.082,0.055,0.123,0.014,0.106,0.001,0.000,0.000,0.000,0.597,0.597
TCGA-DJ-A3V6-01A,0.000,0.000,0.013,0.004,0.000,0.000,0.030,0.092,0.091,0.035,0.045,0.000,0.001,0.000,0.000,0.688,0.688
TCGA-DJ-A2Q7-01A,0.021,0.000,0.017,0.005,0.001,0.000,0.016,0.162,0.054,0.061,0.061,0.000,0.001,0.000,0.000,0.601,0.601
TCGA-ET-A3BV-01A,0.000,0.000,0.040,0.000,0.000,0.000,0.078,0.043,0.319,0.004,0.025,0.008,0.000,0.001,0.000,0.482,0.482
TCGA-EL-A3ZL-01A,0.001,0.000,0.005,0.000,0.000,0.000,0.015,0.151,0.065,0.086,0.037,0.001,0.000,0.000,0.000,0.640,0.640
TCGA-CE-A13K-01A,0.008,0.000,0.008,0.000,0.010,0.000,0.006,0.215,0.017,0.115,0.058,0.001,0.001,0.000,0.000,0.560,0.560
TCGA-DJ-A3UQ-01A,0.000,0.000,0.026,0.000,0.000,0.000,0.066,0.074,0.216,0.031,0.040,0.002,0.000,0.000,0.000,0.544,0.544
TCGA-BJ-A45H-01A,0.014,0.000,0.010,0.003,0.003,0.000,0.017,0.126,0.069,0.054,0.058,0.000,0.001,0.000,0.000,0.646,0.646
TCGA-L6-A4EU-01A,0.002,0.000,0.008,0.000,0.000,0.000,0.063,0.054,0.115,0.019,0.049,0.001,0.002,0.000,0.000,0.686,0.686
TCGA-DJ-A3VM-01A,0.007,0.000,0.000,0.000,0.000,0.000,0.000,0.160,0.003,0.072,0.032,0.000,0.000,0.000,0.000,0.725,0.725
TCGA-H2-A3RH-01A,0.009,0.000,0.000,0.001,0.001,0.000,0.000,0.122,0.024,0.068,0.054,0.000,0.000,0.000,0.000,0.720,0.720
TCGA-EL-A3ZR-01A,0.019,0.000,0.000,0.000,0.001,0.000,0.001,0.136,0.002,0.057,0.008,0.000,0.000,0.000,0.000,0.776,0.776
TCGA-BJ-A291-01A,0.012,0.000,0.000,0.000,0.003,0.000,0.001,0.244,0.005,0.090,0.007,0.000,0.000,0.000,0.000,0.637,0.637
TCGA-MK-A4N9-01A,0.002,0.000,0.007,0.004,0.000,0.000,0.008,0.137,0.054,0.044,0.021,0.000,0.000,0.000,0.000,0.723,0.723
TCGA-EL-A3MZ-01A,0.000,0.000,0.006,0.001,0.000,0.000,0.022,0.104,0.140,0.022,0.038,0.000,0.000,0.000,0.000,0.667,0.667
TCGA-EM-A2CP-01A,0.120,0.005,0.034,0.021,0.030,0.000,0.030,0.146,0.018,0.065,0.186,0.000,0.007,0.001,0.000,0.336,0.336
TCGA-DJ-A2PZ-01A,0.000,0.001,0.007,0.000,0.000,0.000,0.037,0.090,0.085,0.028,0.068,0.000,0.002,0.000,0.000,0.682,0.682
TCGA-EL-A3ZG-01A,0.001,0.000,0.000,0.002,0.000,0.000,0.000,0.132,0.006,0.064,0.018,0.000,0.002,0.000,0.000,0.775,0.775
TCGA-FE-A3PC-01A,0.017,0.000,0.000,0.000,0.000,0.000,0.001,0.077,0.024,0.070,0.078,0.000,0.000,0.000,0.000,0.733,0.733
TCGA-BJ-A0YZ-01A,0.019,0.000,0.000,0.000,0.000,0.000,0.000,0.158,0.041,0.118,0.022,0.000,0.001,0.000,0.000,0.641,0.641
TCGA-DJ-A13M-01A,0.017,0.000,0.000,0.000,0.000,0.000,0.000,0.087,0.001,0.038,0.017,0.000,0.000,0.000,0.000,0.839,0.839
TCGA-EM-A3OA-01A,0.062,0.000,0.000,0.000,0.001,0.000,0.000,0.107,0.000,0.025,0.003,0.000,0.000,0.000,0.000,0.801,0.801
TCGA-J8-A3YE-01A,0.001,0.000,0.000,0.000,0.000,0.000,0.001,0.051,0.002,0.018,0.011,0.000,0.001,0.000,0.000,0.914,0.914
TCGA-BJ-A0Z9-01A,0.001,0.000,0.008,0.000,0.000,0.000,0.020,0.027,0.035,0.005,0.076,0.000,0.002,0.000,0.000,0.826,0.826
TCGA-EL-A3CW-01A,0.070,0.076,0.031,0.002,0.026,0.010,0.039,0.108,0.057,0.064,0.050,0.000,0.001,0.000,0.000,0.466,0.466
TCGA-FY-A3R6-01A,0.081,0.010,0.026,0.012,0.024,0.000,0.047,0.144,0.068,0.064,0.094,0.000,0.003,0.000,0.000,0.426,0.426
TCGA-H2-A2K9-01A,0.011,0.000,0.001,0.000,0.001,0.000,0.000,0.165,0.034,0.081,0.034,0.000,0.000,0.000,0.000,0.673,0.673
TCGA-DJ-A2PO-01A,0.029,0.002,0.012,0.026,0.013,0.000,0.005,0.157,0.043,0.046,0.135,0.001,0.001,0.000,0.000,0.531,0.531
TCGA-FY-A40N-01A,0.061,0.001,0.004,0.010,0.001,0.000,0.002,0.096,0.013,0.022,0.051,0.000,0.000,0.000,0.000,0.739,0.739
TCGA-EM-A1YD-01A,0.033,0.000,0.000,0.000,0.006,0.000,0.005,0.214,0.066,0.137,0.018,0.000,0.002,0.000,0.000,0.517,0.517
TCGA-DE-A69J-01A,0.000,0.000,0.011,0.000,0.000,0.000,0.029,0.097,0.065,0.007,0.039,0.000,0.001,0.000,0.000,0.752,0.752
TCGA-EL-A3MX-01A,0.001,0.000,0.001,0.000,0.000,0.000,0.010,0.023,0.048,0.001,0.015,0.000,0.000,0.000,0.000,0.900,0.900
TCGA-J8-A3YG-01A,0.002,0.000,0.016,0.000,0.000,0.000,0.015,0.090,0.059,0.038,0.092,0.001,0.004,0.000,0.000,0.681,0.681
TCGA-BJ-A0ZC-01A,0.038,0.000,0.000,0.000,0.004,0.000,0.000,0.156,0.010,0.077,0.008,0.000,0.000,0.000,0.000,0.706,0.706
TCGA-FY-A40K-01A,0.006,0.000,0.010,0.005,0.001,0.008,0.017,0.144,0.062,0.046,0.161,0.001,0.003,0.000,0.000,0.538,0.538
TCGA-EL-A4K6-01A,0.044,0.000,0.000,0.000,0.000,0.000,0.003,0.023,0.000,0.007,0.010,0.000,0.000,0.000,0.000,0.913,0.913
TCGA-EL-A3H3-01A,0.000,0.000,0.036,0.000,0.011,0.000,0.083,0.074,0.041,0.027,0.084,0.002,0.000,0.000,0.000,0.641,0.641
TCGA-BJ-A290-01A,0.000,0.000,0.010,0.000,0.000,0.000,0.000,0.148,0.071,0.088,0.014,0.000,0.000,0.000,0.000,0.668,0.668
TCGA-BJ-A28Z-01A,0.082,0.017,0.038,0.016,0.024,0.000,0.061,0.125,0.098,0.035,0.143,0.000,0.006,0.001,0.000,0.352,0.352
TCGA-CE-A484-01A,0.007,0.000,0.000,0.000,0.001,0.000,0.002,0.125,0.003,0.117,0.035,0.000,0.000,0.000,0.000,0.709,0.709
TCGA-EM-A3FL-01A,0.077,0.009,0.002,0.000,0.001,0.000,0.000,0.062,0.001,0.042,0.006,0.000,0.000,0.000,0.000,0.800,0.800
TCGA-EL-A3GO-01A,0.007,0.000,0.000,0.000,0.009,0.000,0.001,0.248,0.000,0.093,0.026,0.000,0.003,0.000,0.000,0.613,0.613
TCGA-ET-A39T-01A,0.001,0.000,0.000,0.002,0.000,0.000,0.000,0.080,0.015,0.034,0.037,0.000,0.002,0.000,0.000,0.828,0.828
TCGA-EM-A2CK-01A,0.024,0.000,0.000,0.000,0.001,0.000,0.000,0.154,0.000,0.078,0.011,0.000,0.000,0.000,0.000,0.730,0.730
TCGA-DJ-A4UQ-01A,0.016,0.001,0.007,0.000,0.007,0.000,0.013,0.127,0.082,0.063,0.063,0.000,0.000,0.000,0.000,0.621,0.621
TCGA-DJ-A3UO-01A,0.004,0.000,0.004,0.000,0.000,0.000,0.000,0.110,0.054,0.037,0.038,0.000,0.000,0.000,0.000,0.752,0.752
TCGA-DJ-A1QM-01A,0.014,0.000,0.013,0.000,0.001,0.000,0.034,0.097,0.183,0.068,0.044,0.001,0.000,0.000,0.000,0.544,0.544
TCGA-ET-A3BS-01A,0.106,0.004,0.036,0.018,0.011,0.000,0.007,0.123,0.049,0.035,0.146,0.000,0.001,0.000,0.000,0.463,0.463
TCGA-EM-A3AO-01A,0.038,0.001,0.021,0.001,0.013,0.000,0.030,0.149,0.007,0.071,0.077,0.002,0.008,0.000,0.000,0.584,0.584
TCGA-DJ-A3UN-01A,0.013,0.000,0.007,0.002,0.000,0.000,0.000,0.140,0.029,0.073,0.097,0.001,0.001,0.000,0.000,0.637,0.637
TCGA-DJ-A13W-01A,0.068,0.001,0.000,0.000,0.001,0.000,0.003,0.076,0.000,0.150,0.011,0.001,0.000,0.000,0.000,0.690,0.690
TCGA-DJ-A3VE-01A,0.000,0.001,0.003,0.000,0.000,0.000,0.002,0.169,0.050,0.059,0.051,0.001,0.002,0.000,0.000,0.662,0.662
TCGA-DJ-A3VI-01A,0.023,0.000,0.001,0.004,0.000,0.000,0.000,0.058,0.007,0.017,0.026,0.000,0.002,0.000,0.000,0.861,0.861
TCGA-EM-A2CO-01A,0.028,0.000,0.000,0.000,0.000,0.000,0.000,0.072,0.000,0.078,0.018,0.000,0.000,0.000,0.000,0.804,0.804
TCGA-ET-A39L-01A,0.013,0.000,0.000,0.000,0.003,0.000,0.000,0.208,0.005,0.091,0.042,0.000,0.001,0.000,0.000,0.635,0.635
TCGA-EM-A3FO-01A,0.000,0.000,0.001,0.000,0.000,0.000,0.006,0.026,0.020,0.000,0.017,0.000,0.000,0.000,0.000,0.931,0.931
TCGA-E8-A418-01A,0.000,0.000,0.005,0.006,0.000,0.000,0.001,0.050,0.003,0.007,0.081,0.000,0.006,0.000,0.000,0.840,0.840
TCGA-DE-A4M9-01A,0.015,0.000,0.000,0.000,0.001,0.000,0.000,0.060,0.063,0.083,0.014,0.000,0.000,0.000,0.000,0.763,0.763
TCGA-BJ-A28W-01A,0.091,0.155,0.071,0.004,0.056,0.044,0.118,0.052,0.034,0.030,0.068,0.000,0.007,0.000,0.000,0.269,0.269
TCGA-DJ-A2Q6-01A,0.011,0.000,0.020,0.000,0.001,0.000,0.028,0.179,0.160,0.066,0.034,0.000,0.000,0.000,0.000,0.500,0.500
TCGA-EL-A3N2-01A,0.000,0.000,0.006,0.000,0.000,0.000,0.031,0.121,0.059,0.015,0.030,0.000,0.000,0.000,0.000,0.738,0.738
TCGA-FK-A3SG-01A,0.001,0.000,0.005,0.000,0.000,0.000,0.013,0.154,0.007,0.076,0.053,0.000,0.000,0.000,0.000,0.691,0.691
TCGA-DJ-A3UM-01A,0.015,0.000,0.006,0.000,0.000,0.000,0.007,0.137,0.071,0.048,0.070,0.001,0.004,0.000,0.000,0.641,0.641
TCGA-BJ-A45E-01A,0.229,0.001,0.031,0.049,0.051,0.000,0.038,0.055,0.065,0.036,0.179,0.000,0.014,0.000,0.000,0.251,0.251
TCGA-E8-A415-01A,0.016,0.000,0.001,0.002,0.000,0.000,0.003,0.097,0.064,0.024,0.068,0.000,0.000,0.000,0.000,0.726,0.726
TCGA-DJ-A4UP-01A,0.038,0.034,0.026,0.003,0.029,0.004,0.044,0.137,0.046,0.075,0.079,0.001,0.000,0.000,0.000,0.485,0.485
TCGA-ET-A39J-01A,0.001,0.000,0.006,0.000,0.000,0.000,0.000,0.237,0.053,0.098,0.035,0.001,0.000,0.000,0.000,0.569,0.569
TCGA-KS-A41J-01A,0.020,0.000,0.012,0.006,0.000,0.000,0.025,0.062,0.013,0.025,0.075,0.000,0.003,0.000,0.000,0.759,0.759
TCGA-BJ-A4O9-01A,0.005,0.000,0.000,0.001,0.000,0.000,0.001,0.089,0.000,0.014,0.010,0.000,0.002,0.000,0.000,0.877,0.877
TCGA-EM-A2CM-01A,0.001,0.000,0.000,0.000,0.000,0.000,0.012,0.050,0.000,0.022,0.033,0.000,0.000,0.000,0.000,0.883,0.883
TCGA-EM-A2OW-01A,0.034,0.000,0.000,0.000,0.000,0.000,0.000,0.202,0.000,0.080,0.031,0.000,0.000,0.000,0.000,0.653,0.653
TCGA-FE-A3PA-01A,0.006,0.000,0.006,0.000,0.001,0.000,0.028,0.136,0.033,0.024,0.028,0.000,0.002,0.000,0.000,0.736,0.736
TCGA-QD-A8IV-01A,0.076,0.000,0.000,0.001,0.010,0.000,0.003,0.141,0.001,0.057,0.035,0.000,0.000,0.000,0.000,0.677,0.677
TCGA-IM-A3U2-01A,0.000,0.000,0.005,0.000,0.000,0.000,0.028,0.051,0.112,0.017,0.014,0.001,0.001,0.000,0.000,0.773,0.773
TCGA-EL-A3H5-01A,0.000,0.003,0.021,0.000,0.000,0.000,0.056,0.126,0.439,0.034,0.040,0.001,0.000,0.000,0.000,0.278,0.278
TCGA-DJ-A13R-01A,0.046,0.000,0.007,0.017,0.118,0.000,0.001,0.031,0.000,0.039,0.151,0.000,0.001,0.000,0.000,0.589,0.589
TCGA-ET-A2MY-01A,0.001,0.000,0.002,0.000,0.000,0.000,0.014,0.070,0.024,0.026,0.031,0.000,0.002,0.000,0.000,0.830,0.830
TCGA-IM-A3EB-01A,0.035,0.000,0.018,0.005,0.005,0.000,0.010,0.075,0.038,0.013,0.067,0.000,0.000,0.000,0.000,0.733,0.733
TCGA-DJ-A1QF-01A,0.001,0.000,0.000,0.000,0.000,0.000,0.000,0.169,0.052,0.070,0.066,0.000,0.000,0.000,0.000,0.642,0.642
TCGA-EL-A3T1-01A,0.019,0.007,0.025,0.010,0.000,0.000,0.031,0.065,0.072,0.017,0.061,0.000,0.003,0.000,0.000,0.689,0.689
TCGA-FE-A237-01A,0.012,0.000,0.013,0.000,0.000,0.000,0.031,0.118,0.117,0.050,0.056,0.000,0.000,0.000,0.000,0.602,0.602
TCGA-EM-A3FJ-01A,0.000,0.000,0.005,0.000,0.000,0.000,0.028,0.130,0.070,0.034,0.048,0.000,0.002,0.000,0.000,0.684,0.684
TCGA-EL-A3D4-01A,0.005,0.000,0.001,0.000,0.003,0.000,0.005,0.209,0.043,0.114,0.055,0.001,0.001,0.000,0.000,0.564,0.564
TCGA-FE-A234-01A,0.004,0.000,0.012,0.000,0.000,0.000,0.038,0.095,0.062,0.014,0.060,0.000,0.001,0.000,0.000,0.714,0.714
TCGA-FY-A40M-01A,0.006,0.000,0.000,0.000,0.001,0.005,0.005,0.089,0.029,0.033,0.010,0.000,0.000,0.000,0.000,0.821,0.821
TCGA-EM-A2OX-01A,0.000,0.000,0.009,0.002,0.000,0.000,0.014,0.135,0.064,0.074,0.046,0.000,0.003,0.000,0.000,0.652,0.652
TCGA-EM-A4FR-01A,0.023,0.000,0.000,0.000,0.000,0.000,0.009,0.086,0.000,0.057,0.057,0.000,0.000,0.000,0.000,0.768,0.768
TCGA-EM-A22I-01A,0.000,0.000,0.005,0.000,0.000,0.000,0.043,0.076,0.087,0.025,0.021,0.001,0.001,0.000,0.000,0.741,0.741
TCGA-FY-A3ON-01A,0.020,0.000,0.020,0.008,0.002,0.000,0.010,0.173,0.037,0.044,0.062,0.000,0.001,0.000,0.000,0.622,0.622
TCGA-EM-A1YC-01A,0.006,0.000,0.000,0.000,0.000,0.000,0.000,0.056,0.000,0.044,0.016,0.000,0.001,0.000,0.000,0.876,0.876
TCGA-EL-A3TA-01A,0.017,0.000,0.016,0.000,0.011,0.001,0.033,0.158,0.050,0.080,0.093,0.001,0.002,0.000,0.000,0.537,0.537
TCGA-CE-A27D-01A,0.049,0.052,0.038,0.015,0.022,0.000,0.071,0.136,0.069,0.053,0.061,0.000,0.008,0.000,0.000,0.425,0.425
TCGA-ET-A3BT-01A,0.004,0.003,0.011,0.000,0.000,0.000,0.026,0.098,0.070,0.026,0.044,0.000,0.002,0.000,0.000,0.713,0.713
TCGA-DJ-A13U-01A,0.008,0.000,0.004,0.000,0.000,0.000,0.020,0.100,0.026,0.039,0.021,0.000,0.000,0.000,0.000,0.781,0.781
TCGA-EM-A3O8-01A,0.030,0.000,0.000,0.000,0.000,0.000,0.000,0.150,0.000,0.053,0.009,0.000,0.000,0.000,0.000,0.758,0.758
TCGA-H2-A422-01A,0.002,0.000,0.000,0.000,0.000,0.000,0.002,0.066,0.008,0.011,0.047,0.000,0.000,0.000,0.000,0.863,0.863
TCGA-EL-A3CL-01A,0.000,0.000,0.006,0.001,0.000,0.000,0.000,0.123,0.048,0.035,0.055,0.001,0.002,0.001,0.000,0.728,0.728
TCGA-DJ-A13V-01A,0.010,0.000,0.008,0.000,0.000,0.000,0.004,0.137,0.060,0.056,0.034,0.000,0.007,0.000,0.000,0.684,0.684
TCGA-EM-A22Q-01A,0.019,0.000,0.000,0.000,0.002,0.000,0.001,0.100,0.006,0.068,0.012,0.000,0.001,0.000,0.000,0.790,0.790
TCGA-EM-A22J-01A,0.028,0.000,0.000,0.000,0.000,0.000,0.001,0.141,0.000,0.055,0.034,0.000,0.002,0.000,0.000,0.739,0.739
TCGA-BJ-A0Z2-01A,0.020,0.000,0.009,0.003,0.000,0.000,0.001,0.091,0.003,0.031,0.020,0.000,0.000,0.000,0.000,0.822,0.822
TCGA-E3-A3E3-01A,0.001,0.000,0.004,0.000,0.000,0.000,0.028,0.073,0.032,0.028,0.032,0.000,0.000,0.000,0.000,0.803,0.803
TCGA-IM-A41Y-01A,0.003,0.000,0.000,0.000,0.000,0.000,0.000,0.061,0.018,0.011,0.015,0.000,0.000,0.000,0.000,0.892,0.892
TCGA-EM-A3AN-01A,0.003,0.000,0.004,0.001,0.000,0.000,0.023,0.111,0.042,0.046,0.039,0.000,0.003,0.000,0.000,0.728,0.728
TCGA-EL-A3ZP-01A,0.026,0.004,0.025,0.010,0.017,0.000,0.047,0.093,0.106,0.032,0.082,0.000,0.004,0.000,0.000,0.555,0.555
TCGA-BJ-A3F0-01A,0.026,0.000,0.000,0.000,0.000,0.000,0.001,0.252,0.010,0.082,0.011,0.000,0.004,0.000,0.000,0.614,0.614
TCGA-L6-A4EQ-01A,0.000,0.000,0.000,0.000,0.000,0.000,0.006,0.146,0.022,0.008,0.041,0.000,0.004,0.000,0.000,0.772,0.772
TCGA-FE-A3PB-01A,0.015,0.000,0.023,0.003,0.001,0.000,0.126,0.062,0.229,0.021,0.019,0.001,0.002,0.000,0.000,0.497,0.497
TCGA-BJ-A0ZB-01A,0.000,0.000,0.001,0.001,0.000,0.000,0.015,0.088,0.049,0.027,0.031,0.000,0.000,0.000,0.000,0.786,0.786
TCGA-BJ-A0ZJ-01A,0.048,0.044,0.030,0.007,0.025,0.007,0.040,0.123,0.039,0.083,0.080,0.000,0.001,0.000,0.000,0.471,0.471
TCGA-EM-A4G1-01A,0.013,0.000,0.000,0.000,0.000,0.000,0.044,0.082,0.001,0.035,0.021,0.000,0.000,0.000,0.000,0.804,0.804
TCGA-DJ-A3V7-01A,0.001,0.000,0.006,0.000,0.000,0.000,0.018,0.080,0.014,0.023,0.045,0.000,0.000,0.000,0.000,0.814,0.814
TCGA-KS-A4I3-01A,0.002,0.000,0.000,0.002,0.000,0.000,0.012,0.105,0.022,0.050,0.022,0.000,0.004,0.000,0.000,0.780,0.780
TCGA-EL-A3GR-01A,0.002,0.000,0.011,0.000,0.002,0.001,0.016,0.158,0.098,0.042,0.064,0.000,0.000,0.001,0.000,0.603,0.603
TCGA-EM-A3AQ-01A,0.003,0.000,0.000,0.000,0.001,0.001,0.003,0.163,0.013,0.066,0.051,0.000,0.003,0.000,0.000,0.694,0.694
TCGA-BJ-A45C-01A,0.013,0.000,0.000,0.000,0.002,0.000,0.000,0.133,0.019,0.093,0.002,0.000,0.000,0.000,0.000,0.738,0.738
TCGA-DJ-A2PN-01A,0.007,0.000,0.006,0.000,0.000,0.000,0.000,0.153,0.034,0.065,0.049,0.000,0.000,0.000,0.000,0.686,0.686
TCGA-ET-A2MX-01A,0.003,0.000,0.000,0.000,0.000,0.000,0.000,0.033,0.001,0.001,0.025,0.000,0.000,0.000,0.000,0.938,0.938
TCGA-DJ-A4V2-01A,0.005,0.000,0.011,0.001,0.000,0.000,0.016,0.069,0.028,0.030,0.085,0.001,0.000,0.000,0.000,0.753,0.753
TCGA-ET-A39P-01A,0.001,0.000,0.003,0.000,0.000,0.000,0.021,0.119,0.062,0.030,0.030,0.000,0.000,0.000,0.000,0.735,0.735
TCGA-DJ-A2Q3-01A,0.028,0.026,0.023,0.016,0.003,0.000,0.052,0.106,0.102,0.038,0.083,0.001,0.001,0.001,0.000,0.521,0.521
TCGA-DJ-A2QC-01A,0.004,0.000,0.005,0.000,0.004,0.000,0.000,0.181,0.006,0.069,0.059,0.002,0.004,0.000,0.000,0.665,0.665
TCGA-KS-A4IB-01A,0.000,0.000,0.000,0.000,0.000,0.000,0.000,0.091,0.012,0.033,0.030,0.000,0.001,0.000,0.000,0.833,0.833
TCGA-EM-A3AK-01A,0.003,0.000,0.011,0.002,0.002,0.000,0.011,0.190,0.032,0.104,0.075,0.001,0.002,0.000,0.000,0.566,0.566
TCGA-EM-A3ST-01A,0.010,0.000,0.000,0.001,0.000,0.000,0.000,0.082,0.000,0.036,0.026,0.000,0.005,0.000,0.000,0.840,0.840
TCGA-FK-A3SD-01A,0.021,0.000,0.000,0.000,0.000,0.000,0.000,0.122,0.006,0.073,0.003,0.000,0.000,0.000,0.000,0.774,0.774
TCGA-DJ-A2PQ-01A,0.001,0.000,0.000,0.000,0.000,0.000,0.003,0.130,0.025,0.064,0.041,0.000,0.000,0.000,0.000,0.736,0.736
TCGA-DJ-A13P-01A,0.004,0.000,0.000,0.000,0.000,0.000,0.000,0.204,0.010,0.060,0.047,0.000,0.006,0.000,0.000,0.669,0.669
TCGA-EM-A2CL-01A,0.028,0.000,0.000,0.000,0.002,0.000,0.000,0.143,0.003,0.095,0.003,0.000,0.000,0.000,0.000,0.726,0.726
TCGA-EL-A3MW-01A,0.000,0.000,0.000,0.000,0.000,0.000,0.000,0.134,0.030,0.048,0.097,0.000,0.004,0.000,0.000,0.687,0.687
TCGA-J8-A3NZ-01A,0.008,0.000,0.011,0.006,0.000,0.000,0.030,0.092,0.044,0.024,0.067,0.000,0.001,0.000,0.000,0.717,0.717
TCGA-DE-A4MD-01A,0.000,0.002,0.000,0.000,0.000,0.000,0.007,0.024,0.001,0.007,0.022,0.000,0.000,0.000,0.000,0.936,0.936
TCGA-DJ-A3UY-01A,0.005,0.000,0.019,0.000,0.000,0.000,0.057,0.093,0.140,0.045,0.067,0.001,0.000,0.000,0.000,0.572,0.572
TCGA-ET-A25O-01A,0.000,0.000,0.000,0.000,0.000,0.000,0.003,0.075,0.002,0.018,0.017,0.000,0.000,0.000,0.000,0.886,0.886
TCGA-EL-A3ZM-01A,0.000,0.000,0.007,0.000,0.000,0.000,0.032,0.028,0.110,0.004,0.031,0.000,0.002,0.000,0.000,0.785,0.785
TCGA-EM-A1YE-01A,0.031,0.000,0.000,0.000,0.000,0.000,0.000,0.106,0.012,0.073,0.009,0.000,0.000,0.000,0.000,0.769,0.769
TCGA-J8-A42S-01A,0.004,0.000,0.004,0.000,0.000,0.000,0.018,0.155,0.077,0.053,0.023,0.000,0.000,0.000,0.000,0.666,0.666
TCGA-ET-A2MZ-01A,0.005,0.000,0.005,0.000,0.000,0.000,0.000,0.238,0.021,0.108,0.058,0.001,0.000,0.000,0.000,0.562,0.562
TCGA-CE-A3ME-01A,0.003,0.000,0.000,0.006,0.000,0.000,0.001,0.090,0.023,0.032,0.041,0.000,0.001,0.000,0.000,0.803,0.803
TCGA-EM-A3AR-01A,0.007,0.000,0.007,0.000,0.005,0.004,0.020,0.100,0.106,0.060,0.024,0.000,0.000,0.000,0.000,0.669,0.669
TCGA-FY-A3BL-01A,0.000,0.000,0.000,0.002,0.000,0.000,0.012,0.040,0.010,0.017,0.011,0.000,0.002,0.000,0.000,0.904,0.904
TCGA-EM-A3FM-01A,0.000,0.000,0.005,0.000,0.000,0.000,0.039,0.041,0.105,0.007,0.053,0.001,0.004,0.000,0.000,0.745,0.745
TCGA-BJ-A4O8-01A,0.007,0.000,0.025,0.001,0.000,0.000,0.086,0.100,0.149,0.052,0.060,0.000,0.005,0.000,0.000,0.515,0.515
TCGA-H2-A3RI-01A,0.011,0.000,0.003,0.005,0.000,0.000,0.038,0.083,0.019,0.021,0.042,0.000,0.000,0.000,0.000,0.777,0.777
TCGA-ET-A3BQ-01B,0.002,0.000,0.006,0.001,0.000,0.000,0.001,0.212,0.059,0.069,0.071,0.000,0.003,0.000,0.000,0.575,0.575
TCGA-CE-A482-01A,0.001,0.000,0.009,0.000,0.000,0.000,0.009,0.155,0.013,0.092,0.075,0.002,0.003,0.000,0.000,0.642,0.642
TCGA-DJ-A4UT-01A,0.019,0.000,0.034,0.024,0.023,0.000,0.058,0.172,0.107,0.073,0.078,0.000,0.005,0.000,0.000,0.406,0.406
TCGA-BJ-A3PU-01A,0.008,0.000,0.004,0.000,0.000,0.000,0.038,0.037,0.015,0.000,0.033,0.000,0.003,0.000,0.000,0.861,0.861
TCGA-ET-A25I-01A,0.091,0.000,0.000,0.001,0.002,0.000,0.000,0.147,0.000,0.052,0.033,0.000,0.003,0.000,0.000,0.670,0.670
TCGA-BJ-A2NA-01A,0.011,0.000,0.008,0.006,0.000,0.000,0.001,0.118,0.052,0.055,0.084,0.001,0.001,0.000,0.000,0.663,0.663
TCGA-DJ-A3V0-01A,0.000,0.000,0.006,0.003,0.000,0.000,0.018,0.121,0.125,0.076,0.049,0.001,0.001,0.000,0.000,0.599,0.599
TCGA-DJ-A3VB-01A,0.000,0.000,0.013,0.004,0.000,0.000,0.047,0.060,0.063,0.016,0.044,0.001,0.002,0.000,0.000,0.751,0.751
TCGA-DJ-A2PV-01A,0.006,0.000,0.009,0.000,0.004,0.000,0.012,0.234,0.097,0.103,0.068,0.001,0.000,0.000,0.000,0.466,0.466
TCGA-BJ-A3PR-01A,0.073,0.154,0.062,0.018,0.044,0.000,0.043,0.081,0.062,0.024,0.098,0.001,0.002,0.001,0.000,0.337,0.337
TCGA-EL-A3CR-01A,0.002,0.000,0.010,0.000,0.000,0.000,0.008,0.094,0.169,0.038,0.235,0.000,0.002,0.000,0.000,0.441,0.441
TCGA-ET-A25N-01A,0.002,0.000,0.005,0.000,0.002,0.001,0.002,0.142,0.045,0.044,0.059,0.000,0.000,0.000,0.000,0.696,0.696
TCGA-EM-A1CT-01A,0.018,0.000,0.006,0.001,0.000,0.001,0.044,0.083,0.038,0.035,0.071,0.000,0.000,0.000,0.000,0.702,0.702
TCGA-DE-A0Y3-01B,0.003,0.000,0.001,0.001,0.000,0.000,0.007,0.062,0.011,0.001,0.025,0.000,0.000,0.000,0.000,0.888,0.888
TCGA-DJ-A2Q0-01A,0.000,0.000,0.000,0.000,0.000,0.000,0.000,0.126,0.000,0.050,0.031,0.000,0.000,0.000,0.000,0.791,0.791
TCGA-FE-A239-01A,0.033,0.000,0.000,0.000,0.002,0.000,0.000,0.110,0.004,0.033,0.006,0.000,0.000,0.000,0.000,0.812,0.812
TCGA-EM-A2CQ-01A,0.036,0.000,0.000,0.000,0.000,0.000,0.010,0.134,0.010,0.079,0.012,0.000,0.000,0.000,0.000,0.718,0.718
TCGA-EL-A3T6-01A,0.045,0.000,0.027,0.017,0.010,0.000,0.017,0.058,0.015,0.011,0.116,0.000,0.001,0.000,0.000,0.681,0.681
TCGA-DE-A4M8-01A,0.127,0.014,0.027,0.024,0.023,0.001,0.028,0.132,0.063,0.055,0.158,0.000,0.005,0.000,0.000,0.342,0.342
TCGA-J8-A3YH-01A,0.002,0.000,0.005,0.000,0.000,0.000,0.001,0.158,0.039,0.076,0.051,0.001,0.000,0.000,0.000,0.667,0.667
TCGA-FE-A235-01A,0.015,0.000,0.009,0.000,0.007,0.000,0.018,0.151,0.061,0.050,0.036,0.000,0.000,0.000,0.000,0.650,0.650
TCGA-FE-A233-01A,0.001,0.000,0.000,0.000,0.000,0.000,0.001,0.085,0.038,0.031,0.036,0.000,0.000,0.000,0.000,0.808,0.808
TCGA-EM-A4FN-01A,0.000,0.000,0.004,0.000,0.000,0.000,0.036,0.077,0.027,0.022,0.082,0.000,0.002,0.000,0.000,0.750,0.750
TCGA-ET-A39N-01A,0.021,0.000,0.000,0.000,0.001,0.000,0.000,0.098,0.016,0.058,0.016,0.000,0.003,0.000,0.000,0.786,0.786
TCGA-ET-A4KN-01A,0.116,0.000,0.031,0.001,0.001,0.000,0.004,0.017,0.120,0.002,0.073,0.001,0.004,0.000,0.000,0.631,0.631
TCGA-BJ-A3EZ-01A,0.000,0.000,0.007,0.002,0.000,0.000,0.037,0.055,0.034,0.003,0.027,0.000,0.003,0.000,0.000,0.833,0.833
TCGA-DJ-A3UR-01A,0.001,0.000,0.000,0.000,0.000,0.000,0.001,0.171,0.009,0.072,0.048,0.000,0.003,0.000,0.000,0.694,0.694
TCGA-FE-A236-01A,0.004,0.001,0.001,0.002,0.000,0.000,0.000,0.125,0.042,0.050,0.026,0.000,0.004,0.000,0.000,0.744,0.744
TCGA-ET-A2N4-01A,0.000,0.000,0.004,0.000,0.000,0.000,0.000,0.192,0.002,0.076,0.069,0.000,0.003,0.000,0.000,0.655,0.655
TCGA-ET-A3BO-01A,0.030,0.003,0.029,0.015,0.000,0.000,0.060,0.102,0.067,0.047,0.073,0.001,0.005,0.000,0.000,0.566,0.566
TCGA-FK-A4UB-01A,0.005,0.000,0.000,0.000,0.000,0.000,0.000,0.115,0.003,0.097,0.029,0.000,0.000,0.000,0.000,0.750,0.750
TCGA-DJ-A13L-01A,0.028,0.003,0.033,0.008,0.013,0.000,0.090,0.070,0.163,0.017,0.105,0.001,0.005,0.000,0.000,0.463,0.463
TCGA-EL-A3ZQ-01A,0.053,0.000,0.007,0.000,0.001,0.000,0.020,0.070,0.034,0.020,0.034,0.001,0.004,0.000,0.000,0.757,0.757
TCGA-EL-A4K9-01A,0.000,0.000,0.011,0.000,0.000,0.000,0.014,0.191,0.041,0.102,0.094,0.002,0.004,0.000,0.000,0.541,0.541
TCGA-ET-A25P-01A,0.014,0.000,0.000,0.000,0.003,0.000,0.002,0.206,0.002,0.121,0.030,0.003,0.002,0.000,0.000,0.615,0.615
TCGA-EL-A3ZH-01A,0.029,0.000,0.000,0.000,0.000,0.000,0.004,0.103,0.006,0.071,0.017,0.000,0.000,0.000,0.000,0.768,0.768
TCGA-EM-A4FU-01A,0.023,0.000,0.000,0.000,0.001,0.000,0.000,0.157,0.000,0.116,0.050,0.000,0.000,0.000,0.000,0.652,0.652
TCGA-KS-A4IC-01A,0.007,0.000,0.004,0.001,0.000,0.000,0.002,0.093,0.032,0.028,0.070,0.001,0.005,0.000,0.000,0.756,0.756
TCGA-CE-A481-01A,0.038,0.003,0.024,0.004,0.021,0.000,0.015,0.179,0.061,0.063,0.073,0.001,0.000,0.000,0.000,0.518,0.518
TCGA-EL-A3CT-01A,0.010,0.000,0.012,0.000,0.000,0.000,0.015,0.141,0.124,0.053,0.072,0.000,0.000,0.000,0.000,0.572,0.572
TCGA-DJ-A2QA-01A,0.006,0.000,0.006,0.001,0.000,0.000,0.001,0.105,0.069,0.044,0.027,0.000,0.000,0.000,0.000,0.742,0.742
TCGA-FY-A40L-01A,0.010,0.000,0.006,0.005,0.000,0.000,0.024,0.070,0.105,0.021,0.071,0.000,0.002,0.000,0.000,0.686,0.686
TCGA-DO-A1K0-01A,0.001,0.000,0.000,0.001,0.000,0.000,0.006,0.137,0.039,0.037,0.062,0.000,0.000,0.000,0.000,0.716,0.716
TCGA-EL-A3GW-01A,0.021,0.000,0.000,0.001,0.000,0.000,0.000,0.122,0.016,0.039,0.027,0.000,0.000,0.000,0.000,0.775,0.775
TCGA-EM-A3SU-01A,0.062,0.000,0.019,0.007,0.000,0.000,0.030,0.044,0.033,0.014,0.115,0.001,0.001,0.000,0.000,0.674,0.674
TCGA-MK-A84Z-01A,0.022,0.000,0.000,0.000,0.001,0.000,0.000,0.218,0.001,0.118,0.013,0.000,0.000,0.000,0.000,0.628,0.628
TCGA-EL-A3H1-01A,0.041,0.000,0.000,0.000,0.003,0.000,0.000,0.168,0.005,0.070,0.024,0.000,0.000,0.000,0.000,0.689,0.689
TCGA-EL-A3ZK-01A,0.020,0.000,0.005,0.000,0.000,0.000,0.053,0.066,0.010,0.001,0.079,0.000,0.005,0.000,0.000,0.759,0.759
TCGA-EL-A3GP-01A,0.003,0.000,0.012,0.000,0.000,0.000,0.023,0.071,0.285,0.032,0.246,0.003,0.002,0.000,0.000,0.323,0.323
TCGA-ET-A40R-01A,0.041,0.012,0.015,0.001,0.003,0.000,0.023,0.143,0.019,0.075,0.058,0.000,0.004,0.000,0.000,0.605,0.605
TCGA-DJ-A3UX-01A,0.041,0.010,0.020,0.006,0.012,0.000,0.026,0.119,0.051,0.053,0.054,0.000,0.000,0.000,0.000,0.606,0.606
TCGA-DJ-A1QQ-01A,0.015,0.001,0.009,0.000,0.000,0.000,0.007,0.139,0.079,0.046,0.050,0.001,0.001,0.000,0.000,0.652,0.652
TCGA-EL-A3GY-01A,0.004,0.000,0.012,0.001,0.002,0.000,0.031,0.101,0.050,0.039,0.098,0.001,0.001,0.001,0.000,0.659,0.659
TCGA-EL-A4K0-01A,0.004,0.000,0.020,0.003,0.000,0.002,0.027,0.111,0.168,0.021,0.079,0.000,0.002,0.000,0.000,0.562,0.562
TCGA-IM-A3ED-01A,0.041,0.012,0.021,0.008,0.006,0.000,0.004,0.115,0.071,0.037,0.119,0.001,0.002,0.000,0.000,0.563,0.563
TCGA-EL-A3GZ-01A,0.000,0.000,0.014,0.003,0.000,0.000,0.033,0.126,0.092,0.055,0.026,0.000,0.001,0.000,0.000,0.650,0.650
TCGA-DJ-A1QL-01A,0.009,0.000,0.000,0.000,0.001,0.000,0.000,0.205,0.005,0.050,0.013,0.000,0.004,0.000,0.000,0.712,0.712
TCGA-DJ-A4V5-01A,0.011,0.000,0.030,0.002,0.015,0.000,0.063,0.130,0.069,0.060,0.077,0.001,0.003,0.002,0.000,0.538,0.538
TCGA-EL-A3T3-01A,0.001,0.000,0.005,0.000,0.000,0.000,0.012,0.101,0.027,0.039,0.083,0.000,0.000,0.000,0.000,0.730,0.730
TCGA-E3-A3E1-01A,0.012,0.000,0.007,0.001,0.000,0.000,0.012,0.076,0.028,0.036,0.074,0.000,0.002,0.000,0.000,0.751,0.751
TCGA-EL-A3ZN-01A,0.012,0.000,0.000,0.000,0.002,0.000,0.010,0.199,0.040,0.087,0.046,0.000,0.001,0.000,0.000,0.602,0.602
TCGA-EL-A4KI-01A,0.017,0.000,0.000,0.000,0.000,0.000,0.000,0.085,0.006,0.068,0.011,0.000,0.000,0.000,0.000,0.812,0.812
TCGA-DJ-A2Q4-01A,0.014,0.000,0.012,0.005,0.000,0.000,0.007,0.116,0.037,0.047,0.040,0.000,0.000,0.000,0.000,0.721,0.721
TCGA-IM-A4EB-01A,0.069,0.007,0.018,0.002,0.010,0.000,0.033,0.080,0.092,0.029,0.073,0.001,0.002,0.000,0.000,0.585,0.585
TCGA-ET-A39M-01A,0.102,0.000,0.028,0.001,0.013,0.000,0.009,0.098,0.049,0.038,0.170,0.000,0.002,0.000,0.000,0.488,0.488
TCGA-EM-A2CU-01A,0.021,0.000,0.017,0.000,0.017,0.000,0.007,0.177,0.051,0.101,0.109,0.002,0.004,0.000,0.000,0.493,0.493
TCGA-E3-A3DZ-01A,0.025,0.000,0.000,0.000,0.000,0.000,0.001,0.172,0.001,0.075,0.007,0.000,0.000,0.000,0.000,0.718,0.718
TCGA-ET-A3BW-01A,0.000,0.000,0.000,0.000,0.000,0.000,0.000,0.164,0.027,0.059,0.018,0.000,0.000,0.000,0.000,0.731,0.731
TCGA-DE-A0Y2-01A,0.000,0.000,0.000,0.000,0.000,0.000,0.001,0.082,0.032,0.021,0.048,0.000,0.000,0.001,0.000,0.813,0.813
TCGA-DJ-A3VF-01A,0.000,0.000,0.030,0.000,0.000,0.000,0.091,0.101,0.255,0.030,0.041,0.002,0.000,0.001,0.000,0.449,0.449
TCGA-DJ-A3VA-01A,0.017,0.000,0.008,0.005,0.000,0.000,0.002,0.129,0.025,0.037,0.056,0.000,0.003,0.000,0.000,0.716,0.716
TCGA-E3-A3E2-01A,0.029,0.074,0.035,0.019,0.010,0.000,0.037,0.126,0.058,0.042,0.059,0.000,0.001,0.000,0.000,0.509,0.509
TCGA-DJ-A1QD-01A,0.008,0.000,0.005,0.001,0.000,0.000,0.010,0.097,0.055,0.021,0.047,0.001,0.000,0.000,0.000,0.754,0.754
TCGA-J8-A3O1-01A,0.000,0.000,0.000,0.000,0.000,0.000,0.000,0.023,0.017,0.010,0.042,0.000,0.000,0.000,0.000,0.907,0.907
TCGA-DJ-A3V3-01A,0.060,0.000,0.015,0.006,0.013,0.000,0.005,0.134,0.036,0.070,0.085,0.000,0.003,0.000,0.000,0.574,0.574
TCGA-DJ-A2Q2-01A,0.029,0.000,0.005,0.001,0.006,0.000,0.007,0.198,0.003,0.073,0.053,0.000,0.000,0.000,0.000,0.623,0.623
TCGA-KS-A41F-01A,0.002,0.000,0.001,0.000,0.000,0.000,0.000,0.065,0.005,0.015,0.028,0.000,0.000,0.000,0.000,0.882,0.882
TCGA-EL-A3N3-01A,0.070,0.000,0.019,0.007,0.000,0.000,0.042,0.078,0.097,0.004,0.078,0.000,0.004,0.000,0.000,0.600,0.600
TCGA-GE-A2C6-01A,0.017,0.004,0.033,0.005,0.014,0.000,0.046,0.101,0.139,0.082,0.080,0.001,0.000,0.000,0.000,0.477,0.477
TCGA-EL-A3D6-01A,0.021,0.000,0.027,0.000,0.000,0.000,0.066,0.069,0.125,0.001,0.029,0.000,0.000,0.000,0.000,0.660,0.660
TCGA-DE-A7U5-01A,0.029,0.000,0.029,0.009,0.000,0.000,0.044,0.062,0.167,0.023,0.083,0.000,0.001,0.001,0.000,0.551,0.551
TCGA-DJ-A3VJ-01A,0.012,0.000,0.022,0.004,0.010,0.000,0.017,0.170,0.064,0.057,0.044,0.000,0.000,0.000,0.000,0.600,0.600
TCGA-EM-A4FQ-01A,0.026,0.000,0.007,0.001,0.000,0.000,0.022,0.063,0.061,0.030,0.060,0.000,0.003,0.000,0.000,0.727,0.727
TCGA-CE-A3MD-01A,0.015,0.000,0.006,0.003,0.002,0.000,0.031,0.167,0.028,0.076,0.056,0.000,0.006,0.000,0.000,0.610,0.610
TCGA-ET-A25R-01A,0.003,0.000,0.014,0.000,0.000,0.000,0.061,0.063,0.091,0.014,0.033,0.000,0.000,0.000,0.000,0.720,0.720
TCGA-EM-A3AP-01A,0.016,0.000,0.001,0.000,0.000,0.000,0.000,0.172,0.030,0.116,0.054,0.000,0.000,0.000,0.000,0.612,0.612
TCGA-EL-A4JZ-01A,0.015,0.000,0.030,0.007,0.012,0.000,0.051,0.135,0.121,0.074,0.125,0.000,0.001,0.000,0.000,0.427,0.427
TCGA-FE-A23A-01A,0.082,0.001,0.020,0.019,0.009,0.000,0.029,0.033,0.059,0.002,0.067,0.000,0.001,0.000,0.000,0.677,0.677
TCGA-BJ-A45K-01A,0.015,0.000,0.000,0.000,0.001,0.000,0.001,0.192,0.010,0.092,0.007,0.000,0.000,0.000,0.000,0.682,0.682
TCGA-DJ-A1QE-01A,0.001,0.003,0.008,0.000,0.000,0.000,0.035,0.054,0.110,0.002,0.028,0.000,0.000,0.000,0.000,0.758,0.758
TCGA-E8-A433-01A,0.005,0.000,0.012,0.000,0.000,0.000,0.038,0.084,0.104,0.033,0.035,0.000,0.001,0.000,0.000,0.687,0.687
TCGA-BJ-A18Z-01A,0.000,0.000,0.018,0.000,0.000,0.000,0.033,0.070,0.226,0.028,0.059,0.002,0.003,0.000,0.000,0.560,0.560
TCGA-EL-A4K7-01A,0.000,0.000,0.000,0.000,0.000,0.000,0.008,0.029,0.037,0.001,0.033,0.000,0.000,0.000,0.000,0.892,0.892
TCGA-FY-A3W9-01A,0.016,0.000,0.000,0.000,0.000,0.000,0.000,0.128,0.007,0.040,0.015,0.000,0.001,0.000,0.000,0.792,0.792
TCGA-EM-A22P-01A,0.013,0.056,0.031,0.001,0.020,0.005,0.054,0.173,0.134,0.077,0.089,0.001,0.002,0.000,0.000,0.342,0.342
TCGA-DJ-A2PX-01A,0.060,0.022,0.024,0.012,0.014,0.000,0.026,0.160,0.029,0.072,0.090,0.001,0.005,0.000,0.000,0.484,0.484
TCGA-J8-A3YD-01A,0.008,0.000,0.003,0.000,0.001,0.000,0.009,0.120,0.031,0.054,0.018,0.001,0.000,0.000,0.000,0.755,0.755
TCGA-EL-A3CV-01A,0.007,0.012,0.033,0.020,0.024,0.000,0.077,0.172,0.170,0.044,0.086,0.001,0.001,0.001,0.000,0.351,0.351
TCGA-EL-A3CM-01A,0.001,0.004,0.005,0.000,0.000,0.000,0.034,0.139,0.175,0.033,0.038,0.000,0.001,0.000,0.000,0.569,0.569
TCGA-ET-A40Q-01A,0.034,0.000,0.015,0.005,0.000,0.000,0.059,0.056,0.105,0.022,0.089,0.000,0.006,0.000,0.000,0.610,0.610
TCGA-FK-A3SE-01A,0.003,0.000,0.005,0.000,0.000,0.000,0.017,0.119,0.046,0.030,0.022,0.000,0.000,0.000,0.000,0.757,0.757
TCGA-EM-A2OZ-01A,0.003,0.001,0.004,0.003,0.001,0.000,0.001,0.118,0.001,0.044,0.052,0.000,0.003,0.000,0.000,0.768,0.768
TCGA-ET-A3DW-01A,0.001,0.000,0.005,0.001,0.000,0.000,0.042,0.032,0.007,0.001,0.037,0.000,0.000,0.000,0.000,0.873,0.873
TCGA-H2-A421-01A,0.073,0.000,0.030,0.016,0.004,0.000,0.009,0.091,0.076,0.024,0.100,0.000,0.001,0.000,0.000,0.577,0.577
TCGA-E8-A417-01A,0.048,0.001,0.006,0.010,0.000,0.000,0.009,0.069,0.024,0.023,0.078,0.000,0.006,0.000,0.000,0.726,0.726
TCGA-EL-A3T2-01A,0.013,0.000,0.000,0.000,0.000,0.000,0.001,0.145,0.001,0.048,0.022,0.000,0.000,0.000,0.000,0.769,0.769
TCGA-E3-A3E0-01A,0.010,0.000,0.010,0.009,0.001,0.000,0.001,0.133,0.005,0.054,0.068,0.000,0.000,0.000,0.000,0.709,0.709
TCGA-DJ-A3UW-01A,0.096,0.007,0.034,0.002,0.009,0.000,0.056,0.074,0.113,0.027,0.080,0.000,0.008,0.000,0.000,0.494,0.494
TCGA-DJ-A3VG-01A,0.020,0.000,0.000,0.000,0.002,0.000,0.000,0.169,0.004,0.097,0.013,0.000,0.000,0.000,0.000,0.695,0.695
TCGA-BJ-A28V-01A,0.011,0.000,0.000,0.000,0.000,0.000,0.000,0.176,0.001,0.080,0.005,0.000,0.001,0.000,0.000,0.725,0.725
TCGA-EM-A2CJ-01A,0.014,0.000,0.000,0.000,0.001,0.000,0.000,0.100,0.031,0.061,0.010,0.000,0.000,0.000,0.000,0.782,0.782
TCGA-EM-A22O-01A,0.000,0.001,0.000,0.002,0.000,0.000,0.000,0.068,0.024,0.003,0.039,0.000,0.004,0.000,0.000,0.858,0.858
TCGA-E3-A3DY-01A,0.026,0.001,0.010,0.005,0.000,0.000,0.007,0.111,0.042,0.023,0.096,0.000,0.000,0.000,0.000,0.679,0.679
TCGA-BJ-A0ZH-01A,0.012,0.000,0.011,0.000,0.000,0.000,0.013,0.117,0.026,0.055,0.065,0.000,0.003,0.000,0.000,0.698,0.698
TCGA-BJ-A45J-01A,0.002,0.000,0.006,0.000,0.000,0.000,0.006,0.159,0.038,0.038,0.032,0.001,0.001,0.000,0.000,0.715,0.715
TCGA-FY-A3I5-01B,0.034,0.025,0.003,0.000,0.013,0.007,0.006,0.048,0.027,0.032,0.028,0.000,0.000,0.000,0.000,0.777,0.777
TCGA-E8-A413-01A,0.003,0.000,0.018,0.001,0.002,0.001,0.045,0.107,0.199,0.038,0.066,0.000,0.001,0.000,0.000,0.518,0.518
TCGA-FY-A3NM-01A,0.025,0.000,0.000,0.000,0.000,0.000,0.000,0.141,0.000,0.058,0.006,0.000,0.000,0.000,0.000,0.768,0.768
TCGA-FY-A2QD-01A,0.028,0.000,0.000,0.000,0.000,0.000,0.001,0.061,0.003,0.042,0.003,0.000,0.000,0.000,0.000,0.862,0.862
TCGA-CE-A485-01A,0.003,0.000,0.019,0.000,0.008,0.000,0.029,0.205,0.143,0.078,0.087,0.000,0.002,0.000,0.000,0.424,0.424
TCGA-DJ-A13S-01A,0.008,0.000,0.000,0.000,0.000,0.000,0.000,0.188,0.000,0.065,0.042,0.000,0.000,0.000,0.000,0.696,0.696
TCGA-ET-A3DR-01A,0.005,0.000,0.004,0.000,0.000,0.000,0.003,0.151,0.043,0.045,0.019,0.000,0.000,0.000,0.000,0.731,0.731
TCGA-DJ-A13O-01A,0.042,0.014,0.020,0.002,0.018,0.001,0.038,0.048,0.050,0.035,0.059,0.001,0.001,0.000,0.000,0.672,0.672
TCGA-EM-A22N-01A,0.084,0.000,0.000,0.000,0.000,0.000,0.000,0.131,0.000,0.073,0.030,0.000,0.001,0.000,0.000,0.680,0.680
TCGA-E8-A414-01A,0.007,0.006,0.024,0.003,0.002,0.000,0.046,0.137,0.184,0.064,0.065,0.002,0.001,0.001,0.000,0.456,0.456
TCGA-ET-A3BU-01A,0.001,0.000,0.008,0.000,0.000,0.000,0.002,0.202,0.046,0.064,0.066,0.001,0.000,0.000,0.000,0.610,0.610
TCGA-EL-A3ZT-01A,0.002,0.000,0.006,0.003,0.000,0.000,0.002,0.123,0.018,0.055,0.062,0.000,0.000,0.000,0.000,0.729,0.729
TCGA-ET-A39S-01A,0.010,0.000,0.009,0.000,0.000,0.001,0.014,0.180,0.065,0.071,0.045,0.001,0.000,0.000,0.000,0.604,0.604
TCGA-EM-A3O6-01A,0.023,0.000,0.000,0.000,0.000,0.000,0.000,0.207,0.000,0.091,0.006,0.000,0.000,0.000,0.000,0.672,0.672
TCGA-ET-A3DU-01A,0.120,0.000,0.027,0.016,0.025,0.000,0.035,0.058,0.106,0.006,0.129,0.000,0.004,0.001,0.000,0.473,0.473
TCGA-DJ-A1QN-01A,0.000,0.000,0.018,0.000,0.000,0.000,0.019,0.160,0.045,0.072,0.084,0.001,0.005,0.000,0.000,0.594,0.594
TCGA-ET-A3DP-01A,0.003,0.000,0.013,0.000,0.001,0.005,0.033,0.145,0.055,0.054,0.076,0.001,0.002,0.000,0.000,0.613,0.613
TCGA-FY-A3NN-01A,0.007,0.001,0.000,0.000,0.000,0.000,0.012,0.063,0.007,0.027,0.082,0.000,0.001,0.000,0.000,0.802,0.802
TCGA-DJ-A3V9-01A,0.018,0.000,0.012,0.000,0.003,0.000,0.002,0.172,0.056,0.079,0.069,0.001,0.000,0.000,0.000,0.588,0.588
TCGA-E8-A2JQ-01A,0.078,0.001,0.039,0.045,0.029,0.000,0.062,0.063,0.107,0.014,0.080,0.000,0.001,0.000,0.000,0.480,0.480
TCGA-EM-A4FH-01A,0.022,0.000,0.000,0.000,0.000,0.000,0.000,0.166,0.008,0.090,0.002,0.000,0.002,0.000,0.000,0.710,0.710
TCGA-IM-A420-01A,0.064,0.000,0.025,0.019,0.002,0.000,0.005,0.057,0.066,0.003,0.081,0.000,0.001,0.000,0.000,0.678,0.678
TCGA-EM-A22K-01A,0.019,0.000,0.000,0.000,0.000,0.000,0.000,0.179,0.010,0.086,0.050,0.000,0.001,0.000,0.000,0.653,0.653
TCGA-EM-A2P0-01A,0.006,0.000,0.006,0.000,0.000,0.000,0.011,0.157,0.039,0.039,0.045,0.000,0.001,0.000,0.000,0.695,0.695
TCGA-BJ-A28R-01A,0.032,0.001,0.015,0.016,0.004,0.000,0.016,0.111,0.042,0.035,0.062,0.000,0.000,0.000,0.000,0.666,0.666
TCGA-ET-A3BX-01A,0.000,0.000,0.011,0.000,0.000,0.000,0.021,0.028,0.029,0.003,0.051,0.001,0.001,0.000,0.000,0.854,0.854
TCGA-FY-A4B4-01A,0.010,0.000,0.018,0.002,0.000,0.000,0.005,0.103,0.074,0.027,0.113,0.001,0.003,0.000,0.000,0.642,0.642
TCGA-ET-A3DQ-01A,0.053,0.026,0.027,0.003,0.022,0.003,0.021,0.170,0.058,0.092,0.076,0.003,0.000,0.000,0.000,0.447,0.447
TCGA-ET-A3DO-01A,0.073,0.002,0.036,0.020,0.011,0.000,0.035,0.069,0.077,0.012,0.087,0.000,0.002,0.001,0.000,0.576,0.576
TCGA-E8-A416-01A,0.019,0.005,0.007,0.000,0.018,0.000,0.014,0.104,0.086,0.045,0.017,0.000,0.001,0.000,0.000,0.684,0.684
TCGA-DJ-A1QG-01A,0.007,0.001,0.000,0.000,0.001,0.000,0.000,0.180,0.000,0.061,0.041,0.000,0.002,0.000,0.000,0.707,0.707
TCGA-EM-A2OY-01A,0.005,0.000,0.000,0.000,0.000,0.000,0.000,0.056,0.000,0.021,0.013,0.000,0.000,0.000,0.000,0.903,0.903
TCGA-EL-A3CP-01A,0.000,0.000,0.001,0.000,0.000,0.000,0.013,0.133,0.090,0.038,0.010,0.000,0.000,0.000,0.000,0.714,0.714
TCGA-BJ-A45F-01A,0.023,0.000,0.000,0.000,0.000,0.000,0.000,0.181,0.001,0.064,0.027,0.000,0.000,0.000,0.000,0.703,0.703
TCGA-EM-A4FV-01A,0.053,0.008,0.018,0.011,0.007,0.000,0.023,0.152,0.029,0.055,0.107,0.000,0.004,0.000,0.000,0.531,0.531
TCGA-EM-A2P1-01A,0.059,0.068,0.060,0.021,0.024,0.001,0.073,0.073,0.110,0.014,0.087,0.001,0.003,0.000,0.000,0.405,0.405
TCGA-EL-A4JW-01A,0.018,0.000,0.007,0.003,0.001,0.000,0.005,0.141,0.061,0.079,0.035,0.000,0.000,0.000,0.000,0.650,0.650
TCGA-EM-A3AI-01A,0.023,0.000,0.000,0.000,0.000,0.000,0.000,0.157,0.003,0.093,0.004,0.000,0.000,0.000,0.000,0.720,0.720
TCGA-EL-A3GX-01A,0.004,0.000,0.017,0.008,0.000,0.000,0.013,0.047,0.025,0.004,0.170,0.000,0.002,0.000,0.000,0.708,0.708
TCGA-FY-A3NP-01A,0.019,0.000,0.000,0.000,0.001,0.000,0.000,0.116,0.001,0.055,0.026,0.000,0.001,0.000,0.000,0.780,0.780
TCGA-FY-A4B3-01A,0.002,0.000,0.006,0.000,0.001,0.000,0.020,0.129,0.089,0.022,0.034,0.000,0.000,0.000,0.000,0.695,0.695
