,Plasma B cells,Non-plasma B cells,CD4 T,CD8 T effector,CD8 T (GZMK high),Double-neg-like T,DC,Endothelial Cells,CAFs,Myofibroblasts,Macrophages,Mast Cells,NK,Neutrophils,Monocytes,1-others,Cancer Cells
TCGA-C8-A278-01A,0.048,0.005,0.033,0.007,0.024,0.000,0.004,0.020,0.123,0.003,0.135,0.006,0.000,0.003,0.001,0.589,0.589
TCGA-A7-A425-01A,0.002,0.000,0.008,0.001,0.006,0.000,0.017,0.066,0.162,0.028,0.096,0.010,0.006,0.017,0.008,0.573,0.573
TCGA-E2-A15H-01A,0.005,0.000,0.006,0.008,0.000,0.000,0.003,0.020,0.148,0.012,0.041,0.003,0.000,0.000,0.000,0.754,0.754
TCGA-A8-A06N-01A,0.000,0.000,0.001,0.001,0.000,0.000,0.000,0.013,0.000,0.010,0.016,0.000,0.000,0.000,0.000,0.959,0.959
TCGA-E2-A570-01A,0.000,0.000,0.013,0.001,0.001,0.000,0.000,0.032,0.299,0.018,0.011,0.006,0.000,0.011,0.012,0.596,0.596
TCGA-BH-A1FL-01A,0.001,0.012,0.018,0.000,0.017,0.000,0.001,0.047,0.114,0.024,0.022,0.015,0.000,0.000,0.000,0.730,0.730
TCGA-E2-A56Z-01A,0.003,0.000,0.012,0.006,0.001,0.000,0.001,0.025,0.073,0.029,0.011,0.001,0.000,0.001,0.000,0.837,0.837
TCGA-E9-A1RI-01A,0.004,0.000,0.018,0.000,0.007,0.000,0.000,0.028,0.342,0.006,0.080,0.004,0.000,0.000,0.000,0.510,0.510
TCGA-BH-A0DP-01A,0.005,0.004,0.019,0.000,0.019,0.000,0.015,0.052,0.275,0.011,0.090,0.010,0.000,0.005,0.000,0.495,0.495
TCGA-AR-A0U3-01A,0.003,0.000,0.017,0.004,0.000,0.000,0.005,0.036,0.047,0.010,0.028,0.000,0.000,0.001,0.000,0.849,0.849
TCGA-BH-A18L-01A,0.000,0.000,0.002,0.002,0.000,0.000,0.000,0.033,0.000,0.022,0.030,0.000,0.000,0.005,0.000,0.904,0.904
TCGA-A7-A3J1-01A,0.008,0.022,0.034,0.007,0.031,0.000,0.065,0.087,0.177,0.030,0.099,0.013,0.005,0.005,0.000,0.418,0.418
TCGA-AC-A6IW-01A,0.000,0.000,0.042,0.003,0.020,0.000,0.086,0.011,0.030,0.005,0.163,0.000,0.000,0.000,0.000,0.639,0.639
TCGA-AC-A3YI-01A,0.003,0.001,0.006,0.000,0.012,0.000,0.019,0.104,0.342,0.038,0.051,0.009,0.000,0.008,0.002,0.405,0.405
TCGA-D8-A1XG-01A,0.000,0.000,0.001,0.000,0.000,0.000,0.002,0.018,0.130,0.028,0.042,0.000,0.000,0.017,0.000,0.760,0.760
TCGA-A8-A082-01A,0.000,0.000,0.002,0.000,0.000,0.000,0.000,0.010,0.098,0.001,0.066,0.003,0.000,0.000,0.000,0.821,0.821
TCGA-OL-A5RU-01A,0.040,0.032,0.033,0.000,0.040,0.000,0.051,0.067,0.097,0.029,0.047,0.008,0.000,0.000,0.000,0.557,0.557
TCGA-BH-A0HA-01A,0.007,0.000,0.042,0.000,0.019,0.000,0.029,0.060,0.284,0.018,0.054,0.006,0.000,0.000,0.000,0.480,0.480
TCGA-A2-A3XS-01A,0.007,0.006,0.022,0.000,0.009,0.002,0.021,0.044,0.082,0.024,0.035,0.003,0.005,0.000,0.000,0.739,0.739
TCGA-A2-A0ES-01A,0.002,0.000,0.017,0.002,0.014,0.000,0.036,0.110,0.228,0.040,0.051,0.007,0.000,0.002,0.000,0.490,0.490
TCGA-B6-A0RN-01A,0.000,0.002,0.014,0.000,0.001,0.000,0.012,0.018,0.316,0.006,0.016,0.005,0.000,0.000,0.000,0.608,0.608
TCGA-BH-A2L8-01A,0.006,0.009,0.057,0.005,0.044,0.000,0.065,0.023,0.191,0.010,0.100,0.008,0.000,0.000,0.000,0.480,0.480
TCGA-E2-A108-01A,0.010,0.006,0.031,0.008,0.040,0.000,0.050,0.129,0.222,0.039,0.177,0.011,0.001,0.021,0.002,0.252,0.252
TCGA-AN-A046-01A,0.000,0.000,0.035,0.003,0.022,0.000,0.022,0.016,0.149,0.013,0.094,0.000,0.000,0.000,0.000,0.646,0.646
TCGA-E2-A576-01A,0.003,0.000,0.006,0.002,0.003,0.000,0.005,0.014,0.073,0.014,0.016,0.009,0.000,0.000,0.000,0.855,0.855
TCGA-A2-A3XX-01A,0.017,0.007,0.021,0.003,0.006,0.000,0.014,0.021,0.085,0.027,0.042,0.003,0.001,0.002,0.000,0.749,0.749
TCGA-C8-A137-01A,0.000,0.000,0.004,0.001,0.000,0.000,0.000,0.016,0.123,0.001,0.020,0.000,0.000,0.000,0.000,0.833,0.833
TCGA-A7-A4SC-01A,0.005,0.004,0.009,0.007,0.017,0.000,0.019,0.076,0.221,0.030,0.052,0.009,0.000,0.018,0.002,0.530,0.530
TCGA-E2-A15M-01A,0.007,0.018,0.043,0.002,0.037,0.017,0.044,0.141,0.180,0.020,0.119,0.003,0.000,0.004,0.000,0.366,0.366
TCGA-A8-A08I-01A,0.028,0.000,0.026,0.042,0.058,0.000,0.005,0.018,0.034,0.002,0.203,0.002,0.001,0.011,0.000,0.568,0.568
TCGA-AC-A2FF-01A,0.026,0.012,0.030,0.001,0.029,0.004,0.046,0.132,0.297,0.032,0.055,0.008,0.000,0.004,0.000,0.324,0.324
TCGA-E2-A1L6-01A,0.002,0.000,0.014,0.006,0.001,0.000,0.022,0.065,0.187,0.019,0.065,0.004,0.000,0.001,0.000,0.615,0.615
TCGA-A7-A13E-01B,0.016,0.051,0.014,0.006,0.017,0.083,0.037,0.029,0.141,0.003,0.054,0.001,0.000,0.037,0.000,0.512,0.512
TCGA-AR-A24S-01A,0.000,0.001,0.038,0.001,0.000,0.000,0.018,0.050,0.208,0.021,0.196,0.001,0.000,0.000,0.000,0.464,0.464
TCGA-E2-A155-01A,0.003,0.000,0.000,0.002,0.002,0.000,0.000,0.012,0.028,0.001,0.006,0.004,0.000,0.000,0.000,0.943,0.943
TCGA-C8-A12M-01A,0.010,0.000,0.017,0.005,0.010,0.000,0.000,0.068,0.027,0.023,0.004,0.002,0.000,0.000,0.000,0.834,0.834
TCGA-E2-A14W-01A,0.000,0.000,0.000,0.000,0.000,0.000,0.000,0.005,0.076,0.003,0.018,0.001,0.000,0.000,0.000,0.896,0.896
TCGA-B6-A0RQ-01A,0.000,0.009,0.004,0.000,0.000,0.000,0.010,0.049,0.129,0.019,0.015,0.008,0.003,0.000,0.000,0.753,0.753
TCGA-EW-A1IW-01A,0.000,0.005,0.022,0.000,0.016,0.000,0.024,0.053,0.156,0.038,0.051,0.004,0.000,0.002,0.000,0.627,0.627
TCGA-A1-A0SM-01A,0.000,0.000,0.007,0.004,0.000,0.000,0.000,0.030,0.261,0.010,0.085,0.003,0.000,0.000,0.000,0.600,0.600
TCGA-E9-A1R6-01A,0.000,0.000,0.008,0.001,0.000,0.000,0.000,0.020,0.108,0.009,0.048,0.003,0.000,0.000,0.000,0.802,0.802
TCGA-A2-A0CQ-01A,0.000,0.000,0.000,0.003,0.000,0.000,0.000,0.019,0.080,0.012,0.124,0.000,0.000,0.000,0.000,0.761,0.761
TCGA-OL-A5D7-01A,0.007,0.027,0.030,0.021,0.035,0.000,0.036,0.005,0.024,0.003,0.080,0.000,0.000,0.000,0.000,0.731,0.731
TCGA-D8-A143-01A,0.021,0.003,0.033,0.001,0.017,0.000,0.013,0.037,0.057,0.012,0.027,0.001,0.000,0.006,0.004,0.769,0.769
TCGA-C8-A138-01A,0.013,0.000,0.015,0.017,0.043,0.000,0.022,0.038,0.178,0.038,0.090,0.005,0.000,0.000,0.000,0.540,0.540
TCGA-E2-A14Q-01A,0.003,0.000,0.025,0.002,0.012,0.000,0.016,0.053,0.116,0.024,0.011,0.004,0.000,0.000,0.000,0.733,0.733
TCGA-A2-A0YL-01A,0.002,0.000,0.021,0.002,0.021,0.001,0.027,0.069,0.251,0.021,0.048,0.007,0.001,0.002,0.000,0.529,0.529
TCGA-PL-A8LY-01A,0.000,0.000,0.007,0.000,0.012,0.000,0.022,0.039,0.062,0.019,0.026,0.002,0.002,0.000,0.000,0.807,0.807
TCGA-GM-A2DK-01A,0.001,0.000,0.002,0.003,0.011,0.000,0.017,0.147,0.111,0.044,0.082,0.004,0.001,0.000,0.000,0.576,0.576
TCGA-B6-A0RO-01A,0.006,0.000,0.002,0.001,0.009,0.000,0.002,0.031,0.049,0.019,0.048,0.002,0.000,0.000,0.000,0.830,0.830
TCGA-D8-A142-01A,0.021,0.000,0.010,0.000,0.012,0.000,0.012,0.046,0.232,0.016,0.077,0.000,0.000,0.000,0.000,0.573,0.573
TCGA-C8-A8HP-01A,0.033,0.000,0.026,0.007,0.030,0.000,0.034,0.018,0.057,0.036,0.129,0.004,0.001,0.008,0.001,0.616,0.616
TCGA-E9-A24A-01A,0.000,0.000,0.022,0.000,0.004,0.000,0.000,0.068,0.191,0.006,0.195,0.004,0.000,0.000,0.000,0.509,0.509
TCGA-AO-A0JE-01A,0.013,0.000,0.037,0.001,0.037,0.000,0.017,0.030,0.224,0.009,0.097,0.001,0.000,0.001,0.027,0.506,0.506
TCGA-AR-A1AU-01A,0.008,0.000,0.009,0.006,0.000,0.000,0.000,0.048,0.193,0.020,0.048,0.007,0.000,0.009,0.000,0.650,0.650
TCGA-E9-A1QZ-01A,0.006,0.036,0.027,0.004,0.029,0.009,0.056,0.093,0.123,0.033,0.060,0.008,0.000,0.007,0.000,0.508,0.508
TCGA-AR-A1AQ-01A,0.061,0.010,0.050,0.024,0.012,0.000,0.045,0.016,0.084,0.008,0.084,0.000,0.000,0.000,0.000,0.604,0.604
TCGA-A2-A25A-01A,0.006,0.000,0.019,0.001,0.022,0.002,0.032,0.216,0.234,0.044,0.060,0.010,0.002,0.005,0.000,0.347,0.347
TCGA-E2-A10E-01A,0.002,0.000,0.014,0.002,0.014,0.000,0.024,0.044,0.174,0.014,0.053,0.004,0.000,0.000,0.000,0.656,0.656
TCGA-C8-A3M7-01A,0.028,0.000,0.002,0.000,0.020,0.000,0.006,0.220,0.114,0.098,0.035,0.008,0.000,0.012,0.000,0.456,0.456
TCGA-AQ-A1H3-01A,0.004,0.005,0.022,0.000,0.017,0.001,0.036,0.085,0.181,0.032,0.047,0.003,0.000,0.012,0.000,0.554,0.554
TCGA-E9-A247-01A,0.000,0.000,0.008,0.001,0.001,0.000,0.000,0.012,0.078,0.016,0.004,0.003,0.000,0.000,0.000,0.878,0.878
TCGA-AN-A0FF-01A,0.006,0.000,0.027,0.001,0.018,0.000,0.001,0.067,0.123,0.026,0.126,0.004,0.000,0.006,0.000,0.596,0.596
TCGA-A2-A0YH-01A,0.013,0.001,0.039,0.012,0.019,0.000,0.000,0.023,0.163,0.011,0.171,0.005,0.000,0.006,0.000,0.536,0.536
TCGA-E9-A1RH-01A,0.003,0.000,0.002,0.001,0.000,0.000,0.000,0.012,0.177,0.002,0.040,0.001,0.000,0.026,0.003,0.733,0.733
TCGA-AR-A2LE-01A,0.000,0.000,0.001,0.000,0.001,0.015,0.019,0.035,0.056,0.020,0.025,0.000,0.000,0.000,0.000,0.827,0.827
TCGA-E9-A1N3-01A,0.004,0.000,0.009,0.000,0.000,0.000,0.000,0.033,0.025,0.024,0.019,0.000,0.000,0.000,0.000,0.885,0.885
TCGA-MS-A51U-01A,0.015,0.000,0.018,0.003,0.021,0.000,0.018,0.046,0.304,0.016,0.056,0.005,0.007,0.000,0.000,0.491,0.491
TCGA-A8-A07F-01A,0.001,0.000,0.023,0.000,0.017,0.000,0.000,0.040,0.156,0.011,0.089,0.006,0.000,0.003,0.000,0.654,0.654
TCGA-A8-A08A-01A,0.000,0.000,0.024,0.000,0.004,0.000,0.027,0.022,0.142,0.005,0.133,0.003,0.000,0.000,0.000,0.639,0.639
TCGA-D8-A1JE-01A,0.000,0.000,0.014,0.001,0.006,0.000,0.000,0.036,0.323,0.000,0.104,0.002,0.000,0.000,0.000,0.514,0.514
TCGA-LL-A6FR-01A,0.000,0.000,0.001,0.000,0.000,0.000,0.000,0.007,0.252,0.003,0.032,0.001,0.002,0.000,0.000,0.703,0.703
TCGA-E9-A22D-01A,0.014,0.003,0.029,0.081,0.061,0.000,0.057,0.018,0.068,0.005,0.124,0.001,0.000,0.000,0.000,0.540,0.540
TCGA-A2-A0SX-01A,0.028,0.025,0.059,0.000,0.046,0.000,0.046,0.035,0.185,0.006,0.090,0.000,0.000,0.006,0.000,0.473,0.473
TCGA-EW-A1PH-01A,0.006,0.000,0.010,0.000,0.013,0.001,0.011,0.017,0.089,0.007,0.014,0.001,0.000,0.000,0.000,0.830,0.830
TCGA-AN-A0FK-01A,0.008,0.000,0.008,0.002,0.000,0.000,0.000,0.035,0.107,0.027,0.037,0.000,0.000,0.000,0.000,0.776,0.776
TCGA-A2-A0CX-01A,0.000,0.000,0.020,0.000,0.011,0.000,0.000,0.016,0.177,0.006,0.104,0.003,0.000,0.000,0.005,0.657,0.657
TCGA-E2-A158-01A,0.000,0.000,0.001,0.000,0.002,0.000,0.008,0.017,0.023,0.008,0.013,0.000,0.000,0.000,0.000,0.927,0.927
TCGA-D8-A1X6-01A,0.000,0.000,0.016,0.000,0.000,0.000,0.000,0.016,0.046,0.007,0.121,0.000,0.000,0.000,0.000,0.793,0.793
TCGA-EW-A1P7-01A,0.020,0.122,0.046,0.001,0.046,0.004,0.086,0.078,0.190,0.016,0.062,0.004,0.002,0.002,0.000,0.323,0.323
TCGA-B6-A0IG-01A,0.013,0.000,0.012,0.008,0.007,0.000,0.010,0.016,0.111,0.009,0.005,0.002,0.000,0.000,0.000,0.806,0.806
TCGA-A7-A4SA-01A,0.002,0.001,0.032,0.002,0.048,0.000,0.040,0.048,0.181,0.024,0.080,0.006,0.000,0.000,0.000,0.536,0.536
TCGA-D8-A1JP-01A,0.000,0.000,0.018,0.000,0.022,0.000,0.008,0.049,0.257,0.017,0.092,0.001,0.000,0.000,0.000,0.535,0.535
TCGA-C8-A1HN-01A,0.000,0.000,0.006,0.000,0.003,0.000,0.000,0.018,0.076,0.019,0.060,0.001,0.000,0.000,0.000,0.817,0.817
TCGA-D8-A1XK-01A,0.007,0.000,0.014,0.017,0.002,0.000,0.000,0.012,0.049,0.000,0.084,0.000,0.000,0.005,0.006,0.802,0.802
TCGA-E9-A22A-01A,0.003,0.000,0.026,0.007,0.024,0.000,0.006,0.027,0.366,0.021,0.109,0.007,0.000,0.010,0.001,0.395,0.395
TCGA-AO-A12H-01A,0.000,0.000,0.006,0.000,0.004,0.000,0.000,0.039,0.033,0.025,0.085,0.005,0.000,0.000,0.000,0.803,0.803
TCGA-D8-A1Y2-01A,0.007,0.002,0.025,0.000,0.037,0.000,0.000,0.030,0.238,0.009,0.268,0.003,0.000,0.000,0.000,0.378,0.378
TCGA-D8-A1XW-01A,0.004,0.000,0.027,0.000,0.000,0.000,0.007,0.085,0.087,0.019,0.221,0.000,0.000,0.001,0.000,0.550,0.550
TCGA-OL-A5RZ-01A,0.000,0.000,0.000,0.000,0.000,0.000,0.013,0.009,0.008,0.007,0.021,0.000,0.000,0.000,0.001,0.941,0.941
TCGA-BH-A42V-01A,0.010,0.001,0.022,0.001,0.015,0.001,0.034,0.094,0.195,0.037,0.029,0.012,0.002,0.000,0.000,0.547,0.547
TCGA-BH-A0B7-01A,0.008,0.014,0.025,0.008,0.022,0.001,0.030,0.087,0.143,0.017,0.058,0.003,0.000,0.029,0.013,0.541,0.541
TCGA-C8-A1HO-01A,0.013,0.000,0.013,0.007,0.000,0.000,0.000,0.032,0.070,0.013,0.009,0.000,0.000,0.000,0.000,0.843,0.843
TCGA-A8-A09A-01A,0.003,0.000,0.007,0.001,0.021,0.000,0.012,0.047,0.214,0.016,0.063,0.003,0.000,0.000,0.000,0.613,0.613
TCGA-AO-A129-01A,0.014,0.020,0.035,0.006,0.021,0.000,0.039,0.021,0.095,0.009,0.067,0.002,0.000,0.000,0.001,0.667,0.667
TCGA-AO-A03O-01A,0.006,0.000,0.024,0.024,0.002,0.000,0.006,0.016,0.040,0.007,0.065,0.000,0.000,0.003,0.000,0.805,0.805
TCGA-E2-A10A-01A,0.001,0.000,0.012,0.000,0.000,0.000,0.000,0.045,0.153,0.006,0.050,0.001,0.000,0.009,0.000,0.721,0.721
TCGA-A8-A09E-01A,0.000,0.000,0.011,0.000,0.000,0.000,0.000,0.020,0.059,0.010,0.027,0.001,0.000,0.000,0.000,0.871,0.871
TCGA-AC-A3YJ-01A,0.000,0.000,0.013,0.000,0.007,0.000,0.000,0.049,0.054,0.015,0.111,0.001,0.000,0.000,0.000,0.749,0.749
TCGA-EW-A1IX-01A,0.004,0.000,0.028,0.000,0.001,0.000,0.026,0.058,0.341,0.017,0.057,0.010,0.000,0.004,0.000,0.453,0.453
TCGA-A8-A09N-01A,0.002,0.000,0.016,0.005,0.015,0.000,0.000,0.027,0.100,0.010,0.030,0.005,0.000,0.000,0.000,0.790,0.790
TCGA-AO-A0J6-01A,0.000,0.001,0.014,0.048,0.000,0.000,0.006,0.008,0.037,0.000,0.055,0.000,0.000,0.005,0.006,0.818,0.818
TCGA-AN-A0FJ-01A,0.000,0.000,0.019,0.000,0.007,0.000,0.014,0.049,0.101,0.017,0.012,0.000,0.000,0.000,0.000,0.781,0.781
TCGA-BH-A1ES-01A,0.000,0.000,0.010,0.000,0.000,0.000,0.000,0.025,0.179,0.001,0.001,0.000,0.000,0.000,0.000,0.783,0.783
TCGA-BH-A0E1-01A,0.004,0.000,0.006,0.000,0.000,0.000,0.000,0.086,0.110,0.035,0.022,0.003,0.000,0.000,0.000,0.734,0.734
TCGA-4H-AAAK-01A,0.001,0.000,0.031,0.000,0.007,0.000,0.004,0.024,0.352,0.002,0.057,0.009,0.000,0.000,0.000,0.512,0.512
TCGA-EW-A6S9-01A,0.006,0.000,0.020,0.001,0.000,0.000,0.000,0.020,0.199,0.012,0.082,0.008,0.000,0.000,0.000,0.652,0.652
TCGA-D8-A1JM-01A,0.000,0.000,0.013,0.002,0.016,0.000,0.001,0.007,0.018,0.012,0.012,0.001,0.000,0.000,0.000,0.917,0.917
TCGA-A7-A4SF-01A,0.002,0.000,0.005,0.018,0.004,0.000,0.011,0.009,0.057,0.009,0.049,0.011,0.000,0.000,0.000,0.826,0.826
TCGA-A8-A08R-01A,0.019,0.004,0.029,0.001,0.027,0.000,0.000,0.034,0.124,0.010,0.120,0.000,0.000,0.005,0.000,0.627,0.627
TCGA-D8-A146-01A,0.006,0.014,0.012,0.001,0.012,0.000,0.021,0.069,0.269,0.021,0.078,0.016,0.000,0.002,0.000,0.479,0.479
TCGA-D8-A1X5-01A,0.013,0.000,0.009,0.007,0.003,0.000,0.000,0.013,0.141,0.008,0.162,0.001,0.000,0.000,0.000,0.644,0.644
TCGA-A2-A1FV-01A,0.000,0.000,0.008,0.000,0.000,0.000,0.002,0.084,0.087,0.036,0.001,0.005,0.000,0.000,0.000,0.778,0.778
TCGA-A2-A0CK-01A,0.002,0.000,0.016,0.000,0.020,0.000,0.015,0.060,0.161,0.034,0.047,0.008,0.000,0.000,0.000,0.635,0.635
TCGA-E2-A1IL-01A,0.002,0.001,0.007,0.004,0.002,0.000,0.000,0.056,0.208,0.023,0.056,0.006,0.001,0.003,0.000,0.632,0.632
TCGA-B6-A0X7-01A,0.001,0.000,0.011,0.000,0.000,0.000,0.003,0.078,0.241,0.021,0.014,0.010,0.000,0.000,0.000,0.619,0.619
TCGA-B6-A2IU-01A,0.000,0.000,0.007,0.000,0.000,0.000,0.005,0.046,0.067,0.033,0.023,0.009,0.000,0.000,0.000,0.810,0.810
TCGA-B6-A0WS-01A,0.011,0.003,0.059,0.000,0.029,0.000,0.044,0.064,0.173,0.018,0.074,0.001,0.000,0.002,0.000,0.521,0.521
TCGA-E2-A1IO-01A,0.005,0.000,0.024,0.001,0.039,0.000,0.031,0.060,0.375,0.011,0.048,0.006,0.001,0.005,0.000,0.394,0.394
TCGA-AC-A5EH-01A,0.000,0.000,0.019,0.001,0.011,0.000,0.000,0.024,0.217,0.007,0.108,0.004,0.000,0.018,0.001,0.589,0.589
TCGA-AC-A3BB-01A,0.006,0.010,0.029,0.001,0.025,0.008,0.067,0.086,0.249,0.030,0.097,0.009,0.001,0.002,0.000,0.381,0.381
TCGA-AR-A0TQ-01A,0.016,0.003,0.025,0.015,0.022,0.000,0.028,0.050,0.061,0.014,0.080,0.001,0.000,0.000,0.000,0.684,0.684
TCGA-D8-A1JK-01A,0.017,0.000,0.031,0.018,0.002,0.000,0.015,0.035,0.127,0.009,0.133,0.001,0.003,0.000,0.002,0.608,0.608
TCGA-D8-A1X7-01A,0.003,0.004,0.013,0.000,0.001,0.000,0.000,0.057,0.129,0.016,0.042,0.001,0.000,0.000,0.000,0.733,0.733
TCGA-AO-A1KQ-01A,0.007,0.002,0.007,0.015,0.027,0.000,0.005,0.009,0.091,0.011,0.057,0.003,0.000,0.001,0.000,0.763,0.763
TCGA-PL-A8LX-01A,0.001,0.000,0.014,0.000,0.000,0.000,0.000,0.070,0.031,0.047,0.107,0.000,0.000,0.000,0.000,0.730,0.730
TCGA-AR-A2LH-01A,0.015,0.020,0.033,0.003,0.020,0.016,0.080,0.106,0.079,0.022,0.061,0.004,0.002,0.024,0.004,0.511,0.511
TCGA-BH-A0B8-01A,0.000,0.000,0.001,0.002,0.005,0.000,0.001,0.021,0.112,0.033,0.039,0.005,0.000,0.004,0.000,0.776,0.776
TCGA-A2-A3KD-01A,0.018,0.000,0.008,0.001,0.004,0.005,0.002,0.058,0.123,0.022,0.046,0.006,0.000,0.001,0.000,0.706,0.706
TCGA-A2-A0D4-01A,0.000,0.000,0.000,0.000,0.000,0.000,0.000,0.040,0.038,0.029,0.011,0.004,0.000,0.000,0.000,0.879,0.879
TCGA-D8-A27R-01A,0.010,0.000,0.011,0.001,0.032,0.000,0.009,0.035,0.098,0.027,0.093,0.006,0.000,0.000,0.000,0.677,0.677
TCGA-E2-A1IE-01A,0.000,0.000,0.003,0.001,0.000,0.000,0.000,0.056,0.066,0.026,0.003,0.000,0.000,0.000,0.000,0.844,0.844
TCGA-EW-A1J3-01A,0.000,0.000,0.016,0.000,0.000,0.000,0.000,0.024,0.113,0.014,0.041,0.003,0.000,0.000,0.000,0.788,0.788
TCGA-BH-A18Q-01A,0.007,0.000,0.016,0.020,0.001,0.000,0.043,0.053,0.075,0.016,0.056,0.000,0.004,0.001,0.000,0.708,0.708
TCGA-B6-A1KI-01A,0.000,0.000,0.004,0.000,0.000,0.000,0.000,0.114,0.200,0.037,0.019,0.003,0.000,0.000,0.000,0.622,0.622
TCGA-A7-A26G-01A,0.021,0.012,0.042,0.001,0.019,0.000,0.033,0.065,0.231,0.002,0.085,0.003,0.000,0.005,0.000,0.482,0.482
TCGA-AO-A03M-01B,0.013,0.004,0.031,0.026,0.030,0.000,0.030,0.035,0.064,0.013,0.097,0.002,0.000,0.001,0.000,0.653,0.653
TCGA-A2-A0CS-01A,0.000,0.000,0.020,0.000,0.000,0.000,0.041,0.021,0.207,0.001,0.069,0.010,0.000,0.000,0.000,0.631,0.631
TCGA-C8-A12W-01A,0.028,0.000,0.017,0.002,0.006,0.000,0.000,0.024,0.187,0.011,0.110,0.002,0.000,0.000,0.000,0.612,0.612
TCGA-E2-A1IU-01A,0.012,0.016,0.016,0.001,0.008,0.000,0.009,0.063,0.072,0.017,0.045,0.005,0.000,0.000,0.000,0.736,0.736
TCGA-B6-A0I9-01A,0.012,0.000,0.011,0.000,0.010,0.000,0.000,0.015,0.037,0.012,0.082,0.001,0.000,0.000,0.000,0.820,0.820
TCGA-AO-A128-01A,0.012,0.001,0.035,0.148,0.009,0.000,0.019,0.025,0.053,0.003,0.230,0.001,0.001,0.019,0.001,0.444,0.444
TCGA-A7-A3J0-01A,0.002,0.000,0.032,0.000,0.020,0.000,0.011,0.040,0.002,0.029,0.050,0.000,0.000,0.001,0.000,0.813,0.813
TCGA-E9-A1NE-01A,0.013,0.025,0.033,0.035,0.062,0.000,0.062,0.066,0.134,0.014,0.098,0.005,0.003,0.018,0.004,0.428,0.428
TCGA-AC-A2FB-01A,0.004,0.024,0.042,0.003,0.058,0.001,0.128,0.085,0.121,0.021,0.051,0.016,0.000,0.019,0.001,0.426,0.426
TCGA-AR-A5QP-01A,0.015,0.000,0.017,0.001,0.014,0.000,0.028,0.051,0.232,0.018,0.047,0.006,0.000,0.000,0.000,0.570,0.570
TCGA-A2-A0T4-01A,0.002,0.000,0.019,0.003,0.015,0.000,0.028,0.081,0.241,0.033,0.075,0.014,0.000,0.003,0.000,0.486,0.486
TCGA-BH-A0BL-01A,0.002,0.008,0.038,0.001,0.021,0.000,0.043,0.080,0.259,0.033,0.092,0.002,0.000,0.012,0.006,0.404,0.404
TCGA-BH-A0HY-01A,0.000,0.000,0.004,0.003,0.000,0.000,0.000,0.033,0.155,0.017,0.014,0.001,0.000,0.000,0.000,0.772,0.772
TCGA-E9-A2JT-01A,0.016,0.241,0.076,0.003,0.083,0.025,0.053,0.103,0.092,0.019,0.077,0.003,0.013,0.005,0.000,0.190,0.190
TCGA-A7-A3IY-01A,0.000,0.000,0.014,0.000,0.009,0.000,0.003,0.055,0.137,0.029,0.169,0.002,0.000,0.001,0.000,0.581,0.581
TCGA-A8-A085-01A,0.000,0.000,0.000,0.000,0.000,0.000,0.000,0.036,0.121,0.007,0.004,0.002,0.000,0.000,0.000,0.831,0.831
TCGA-AO-A12B-01A,0.012,0.000,0.000,0.000,0.002,0.000,0.000,0.020,0.013,0.036,0.026,0.000,0.000,0.000,0.000,0.890,0.890
TCGA-A8-A06Y-01A,0.004,0.000,0.003,0.000,0.000,0.000,0.000,0.029,0.003,0.020,0.012,0.001,0.000,0.000,0.000,0.928,0.928
TCGA-A8-A09I-01A,0.003,0.000,0.014,0.034,0.000,0.000,0.001,0.009,0.087,0.008,0.111,0.001,0.000,0.013,0.013,0.706,0.706
TCGA-A8-A0A2-01A,0.008,0.000,0.009,0.004,0.012,0.000,0.003,0.040,0.170,0.008,0.068,0.003,0.000,0.000,0.000,0.676,0.676
TCGA-AC-A2FE-01A,0.002,0.000,0.032,0.002,0.044,0.001,0.052,0.061,0.214,0.025,0.113,0.007,0.001,0.028,0.011,0.405,0.405
TCGA-A7-A13D-01B,0.013,0.011,0.013,0.001,0.000,0.008,0.005,0.024,0.175,0.012,0.009,0.006,0.011,0.038,0.000,0.674,0.674
TCGA-A8-A08J-01A,0.008,0.000,0.011,0.000,0.010,0.000,0.000,0.020,0.127,0.015,0.105,0.001,0.000,0.000,0.000,0.703,0.703
TCGA-5T-A9QA-01A,0.001,0.000,0.001,0.003,0.000,0.000,0.000,0.010,0.003,0.012,0.033,0.000,0.000,0.000,0.000,0.937,0.937
TCGA-A1-A0SQ-01A,0.010,0.000,0.022,0.000,0.000,0.000,0.000,0.054,0.042,0.023,0.061,0.000,0.000,0.000,0.000,0.786,0.786
TCGA-AC-A3QP-01A,0.007,0.000,0.012,0.001,0.015,0.000,0.040,0.037,0.208,0.013,0.111,0.008,0.000,0.000,0.000,0.548,0.548
TCGA-D8-A1JB-01A,0.018,0.040,0.040,0.002,0.062,0.000,0.053,0.080,0.118,0.013,0.074,0.006,0.001,0.002,0.000,0.491,0.491
TCGA-BH-A18S-01A,0.001,0.000,0.007,0.000,0.006,0.000,0.000,0.028,0.035,0.014,0.062,0.001,0.000,0.000,0.000,0.847,0.847
TCGA-A2-A0CW-01A,0.000,0.000,0.004,0.009,0.013,0.000,0.011,0.020,0.039,0.010,0.048,0.001,0.000,0.019,0.002,0.823,0.823
TCGA-A8-A09K-01A,0.017,0.001,0.012,0.017,0.035,0.000,0.009,0.006,0.005,0.009,0.046,0.015,0.000,0.000,0.000,0.827,0.827
TCGA-E9-A22G-01A,0.000,0.000,0.016,0.000,0.001,0.000,0.022,0.017,0.037,0.007,0.003,0.000,0.000,0.000,0.000,0.897,0.897
TCGA-E2-A573-01A,0.026,0.000,0.032,0.020,0.013,0.000,0.054,0.026,0.057,0.014,0.053,0.002,0.002,0.017,0.002,0.681,0.681
TCGA-AR-A0TP-01A,0.000,0.000,0.000,0.000,0.000,0.000,0.000,0.018,0.115,0.016,0.017,0.000,0.000,0.000,0.000,0.835,0.835
TCGA-AO-A1KT-01A,0.000,0.000,0.014,0.003,0.000,0.000,0.000,0.021,0.237,0.012,0.075,0.001,0.000,0.001,0.000,0.635,0.635
TCGA-BH-A203-01A,0.009,0.000,0.029,0.000,0.024,0.000,0.022,0.010,0.099,0.009,0.087,0.001,0.000,0.001,0.005,0.703,0.703
TCGA-B6-A0RM-01A,0.000,0.000,0.000,0.002,0.005,0.000,0.003,0.015,0.055,0.024,0.010,0.007,0.000,0.000,0.000,0.880,0.880
TCGA-A1-A0SP-01A,0.002,0.002,0.024,0.000,0.009,0.001,0.042,0.019,0.069,0.013,0.071,0.001,0.000,0.000,0.000,0.746,0.746
TCGA-A1-A0SB-01A,0.000,0.000,0.000,0.000,0.000,0.000,0.006,0.001,0.181,0.013,0.004,0.002,0.000,0.000,0.000,0.792,0.792
TCGA-AC-A6IV-01A,0.003,0.000,0.029,0.002,0.022,0.000,0.013,0.142,0.260,0.037,0.161,0.012,0.003,0.009,0.000,0.306,0.306
TCGA-OL-A5RY-01A,0.030,0.044,0.037,0.001,0.026,0.001,0.064,0.086,0.166,0.016,0.097,0.003,0.000,0.000,0.005,0.424,0.424
TCGA-LL-A7SZ-01A,0.122,0.000,0.041,0.004,0.021,0.000,0.018,0.008,0.061,0.007,0.131,0.001,0.000,0.000,0.000,0.585,0.585
TCGA-AO-A03R-01A,0.022,0.000,0.020,0.001,0.012,0.000,0.042,0.012,0.028,0.036,0.019,0.000,0.000,0.000,0.000,0.807,0.807
TCGA-EW-A1PD-01A,0.000,0.000,0.001,0.000,0.006,0.000,0.000,0.116,0.192,0.023,0.055,0.002,0.000,0.000,0.000,0.603,0.603
TCGA-BH-A1FG-01A,0.006,0.000,0.002,0.000,0.002,0.000,0.000,0.015,0.008,0.014,0.031,0.015,0.000,0.000,0.000,0.907,0.907
TCGA-AO-A0JA-01A,0.006,0.000,0.024,0.002,0.005,0.000,0.003,0.040,0.274,0.017,0.128,0.003,0.000,0.008,0.000,0.489,0.489
TCGA-A2-A04T-01A,0.001,0.000,0.027,0.005,0.021,0.000,0.032,0.007,0.059,0.013,0.047,0.000,0.000,0.000,0.001,0.787,0.787
TCGA-BH-A0DH-01A,0.032,0.000,0.012,0.001,0.006,0.000,0.000,0.024,0.087,0.016,0.081,0.002,0.000,0.000,0.000,0.739,0.739
TCGA-D8-A1XF-01A,0.018,0.000,0.004,0.001,0.000,0.000,0.006,0.013,0.016,0.029,0.005,0.002,0.000,0.000,0.000,0.904,0.904
TCGA-A8-A06T-01A,0.005,0.000,0.020,0.004,0.026,0.000,0.013,0.025,0.093,0.017,0.032,0.000,0.000,0.000,0.000,0.766,0.766
TCGA-LL-A50Y-01A,0.007,0.004,0.013,0.000,0.018,0.000,0.053,0.033,0.074,0.012,0.078,0.009,0.000,0.000,0.000,0.700,0.700
TCGA-E9-A3QA-01A,0.012,0.031,0.064,0.024,0.019,0.001,0.090,0.026,0.072,0.013,0.085,0.002,0.001,0.004,0.000,0.556,0.556
TCGA-EW-A2FW-01A,0.006,0.000,0.009,0.002,0.002,0.000,0.000,0.035,0.062,0.029,0.027,0.003,0.000,0.000,0.000,0.825,0.825
TCGA-AR-A2LN-01A,0.014,0.007,0.012,0.001,0.010,0.008,0.037,0.143,0.335,0.031,0.055,0.023,0.005,0.008,0.000,0.312,0.312
TCGA-E9-A22B-01A,0.001,0.000,0.010,0.000,0.002,0.000,0.000,0.056,0.166,0.034,0.065,0.003,0.000,0.000,0.000,0.663,0.663
TCGA-A8-A07P-01A,0.001,0.000,0.012,0.000,0.000,0.000,0.014,0.016,0.108,0.010,0.080,0.007,0.000,0.000,0.000,0.751,0.751
TCGA-A8-A06Z-01A,0.000,0.000,0.000,0.000,0.000,0.000,0.000,0.014,0.000,0.009,0.047,0.000,0.000,0.000,0.000,0.929,0.929
TCGA-LL-A740-01A,0.001,0.000,0.021,0.000,0.000,0.000,0.029,0.058,0.178,0.018,0.089,0.004,0.002,0.000,0.009,0.591,0.591
TCGA-A7-A0CE-01A,0.000,0.001,0.012,0.005,0.000,0.000,0.000,0.045,0.071,0.014,0.035,0.003,0.000,0.000,0.000,0.814,0.814
TCGA-A8-A08L-01A,0.000,0.001,0.032,0.005,0.029,0.000,0.028,0.040,0.067,0.011,0.071,0.000,0.001,0.000,0.000,0.715,0.715
TCGA-A8-A06Q-01A,0.000,0.000,0.000,0.000,0.000,0.000,0.000,0.004,0.005,0.004,0.023,0.000,0.000,0.000,0.001,0.963,0.963
TCGA-B6-A0IK-01A,0.009,0.000,0.015,0.000,0.014,0.000,0.021,0.042,0.051,0.016,0.027,0.001,0.000,0.005,0.006,0.793,0.793
TCGA-BH-A1EW-01A,0.004,0.000,0.023,0.006,0.029,0.000,0.025,0.100,0.094,0.023,0.041,0.006,0.000,0.010,0.001,0.640,0.640
TCGA-A8-A090-01A,0.004,0.000,0.019,0.001,0.010,0.000,0.000,0.044,0.116,0.019,0.143,0.004,0.000,0.007,0.000,0.635,0.635
TCGA-BH-A28Q-01A,0.002,0.000,0.019,0.001,0.004,0.000,0.013,0.045,0.184,0.011,0.037,0.002,0.000,0.000,0.000,0.682,0.682
TCGA-A8-A07L-01A,0.000,0.000,0.004,0.001,0.004,0.000,0.000,0.027,0.119,0.014,0.020,0.001,0.000,0.001,0.000,0.811,0.811
TCGA-BH-A0AZ-01A,0.008,0.000,0.015,0.002,0.006,0.000,0.003,0.070,0.471,0.016,0.058,0.003,0.001,0.000,0.000,0.348,0.348
TCGA-A8-A076-01A,0.004,0.000,0.018,0.001,0.004,0.000,0.000,0.017,0.182,0.008,0.113,0.003,0.000,0.000,0.000,0.650,0.650
TCGA-D8-A1JI-01A,0.002,0.000,0.003,0.002,0.000,0.000,0.000,0.049,0.032,0.024,0.039,0.002,0.000,0.000,0.000,0.846,0.846
TCGA-GM-A2DC-01A,0.002,0.001,0.007,0.000,0.006,0.000,0.002,0.023,0.055,0.017,0.028,0.008,0.000,0.000,0.000,0.851,0.851
TCGA-A8-A09T-01A,0.000,0.000,0.007,0.000,0.000,0.000,0.000,0.022,0.139,0.006,0.100,0.000,0.000,0.000,0.000,0.726,0.726
TCGA-AC-A5XS-01A,0.019,0.003,0.024,0.001,0.024,0.000,0.016,0.076,0.114,0.018,0.123,0.005,0.000,0.000,0.000,0.576,0.576
TCGA-A2-A0YJ-01A,0.000,0.000,0.000,0.000,0.000,0.000,0.000,0.013,0.057,0.009,0.044,0.001,0.000,0.000,0.000,0.875,0.875
TCGA-A2-A0SW-01A,0.072,0.000,0.023,0.018,0.045,0.000,0.002,0.017,0.134,0.006,0.126,0.000,0.000,0.000,0.000,0.556,0.556
TCGA-AR-A1AI-01A,0.040,0.001,0.048,0.040,0.020,0.000,0.046,0.012,0.035,0.003,0.083,0.000,0.000,0.019,0.002,0.650,0.650
TCGA-BH-AB28-01A,0.003,0.021,0.032,0.000,0.009,0.000,0.033,0.048,0.146,0.019,0.064,0.005,0.000,0.000,0.000,0.620,0.620
TCGA-E2-A1LA-01A,0.021,0.000,0.013,0.011,0.032,0.000,0.041,0.017,0.145,0.010,0.136,0.006,0.000,0.000,0.000,0.568,0.568
TCGA-A8-A09V-01A,0.002,0.000,0.008,0.000,0.000,0.000,0.000,0.051,0.239,0.003,0.036,0.009,0.000,0.001,0.000,0.649,0.649
TCGA-WT-AB44-01A,0.000,0.000,0.005,0.000,0.001,0.000,0.001,0.010,0.348,0.003,0.040,0.004,0.000,0.000,0.000,0.588,0.588
TCGA-E9-A1R5-01A,0.000,0.000,0.011,0.000,0.000,0.000,0.000,0.018,0.264,0.013,0.038,0.005,0.000,0.005,0.000,0.646,0.646
TCGA-A2-A25B-01A,0.002,0.000,0.015,0.004,0.002,0.000,0.000,0.022,0.123,0.005,0.091,0.000,0.000,0.000,0.000,0.736,0.736
TCGA-AN-A03Y-01A,0.005,0.000,0.012,0.003,0.022,0.000,0.002,0.004,0.070,0.008,0.036,0.000,0.000,0.000,0.000,0.838,0.838
TCGA-LQ-A4E4-01A,0.000,0.000,0.003,0.003,0.000,0.000,0.000,0.034,0.107,0.022,0.044,0.007,0.000,0.000,0.002,0.777,0.777
TCGA-A7-A0DC-01A,0.000,0.001,0.001,0.001,0.000,0.000,0.000,0.046,0.024,0.024,0.001,0.003,0.000,0.004,0.000,0.895,0.895
TCGA-OL-A97C-01A,0.000,0.000,0.031,0.000,0.023,0.000,0.004,0.040,0.368,0.000,0.036,0.003,0.000,0.000,0.000,0.494,0.494
TCGA-BH-A0DX-01A,0.000,0.000,0.003,0.000,0.013,0.000,0.004,0.061,0.254,0.018,0.186,0.007,0.000,0.000,0.000,0.454,0.454
TCGA-AC-A4ZE-01A,0.001,0.000,0.000,0.005,0.016,0.000,0.000,0.082,0.074,0.037,0.030,0.025,0.000,0.000,0.000,0.728,0.728
TCGA-D8-A27I-01A,0.006,0.006,0.018,0.001,0.016,0.006,0.040,0.113,0.283,0.035,0.079,0.014,0.001,0.003,0.000,0.379,0.379
TCGA-A8-A09X-01A,0.011,0.005,0.033,0.002,0.036,0.000,0.006,0.041,0.105,0.010,0.132,0.003,0.000,0.000,0.000,0.615,0.615
TCGA-OL-A6VR-01A,0.006,0.000,0.006,0.000,0.000,0.000,0.001,0.029,0.057,0.020,0.008,0.004,0.000,0.000,0.000,0.869,0.869
TCGA-A2-A0D3-01A,0.003,0.012,0.023,0.000,0.017,0.000,0.034,0.020,0.098,0.011,0.016,0.000,0.000,0.017,0.000,0.748,0.748
TCGA-S3-AA14-01A,0.006,0.000,0.021,0.003,0.000,0.000,0.004,0.022,0.251,0.007,0.036,0.005,0.000,0.000,0.000,0.644,0.644
TCGA-B6-A40C-01A,0.002,0.000,0.021,0.000,0.008,0.000,0.000,0.033,0.205,0.025,0.085,0.000,0.001,0.000,0.000,0.620,0.620
TCGA-E9-A1RD-01A,0.001,0.000,0.011,0.000,0.001,0.000,0.000,0.078,0.134,0.016,0.075,0.005,0.000,0.000,0.000,0.680,0.680
TCGA-PL-A8LV-01A,0.022,0.018,0.015,0.004,0.002,0.009,0.024,0.018,0.079,0.015,0.022,0.000,0.000,0.000,0.000,0.773,0.773
TCGA-A7-A6VX-01A,0.000,0.000,0.012,0.000,0.003,0.000,0.000,0.023,0.215,0.015,0.067,0.002,0.000,0.000,0.000,0.662,0.662
TCGA-C8-A8HR-01A,0.001,0.003,0.013,0.002,0.032,0.000,0.032,0.114,0.317,0.043,0.095,0.004,0.002,0.016,0.000,0.325,0.325
TCGA-EW-A1PB-01A,0.000,0.000,0.026,0.038,0.027,0.000,0.001,0.014,0.054,0.011,0.214,0.001,0.000,0.000,0.015,0.600,0.600
TCGA-BH-A0DL-01A,0.015,0.000,0.050,0.002,0.008,0.000,0.032,0.034,0.029,0.007,0.106,0.002,0.000,0.059,0.005,0.650,0.650
TCGA-GM-A2DF-01A,0.071,0.000,0.028,0.005,0.002,0.001,0.029,0.033,0.097,0.019,0.103,0.002,0.000,0.001,0.007,0.601,0.601
TCGA-C8-A131-01A,0.005,0.000,0.010,0.004,0.009,0.000,0.010,0.024,0.165,0.013,0.059,0.000,0.000,0.020,0.003,0.677,0.677
TCGA-B6-A409-01A,0.005,0.000,0.013,0.000,0.000,0.000,0.010,0.010,0.065,0.011,0.035,0.003,0.001,0.001,0.003,0.841,0.841
TCGA-A2-A0SY-01A,0.005,0.030,0.026,0.001,0.014,0.005,0.021,0.046,0.219,0.019,0.079,0.012,0.000,0.002,0.000,0.522,0.522
TCGA-AO-A12A-01A,0.001,0.000,0.021,0.003,0.013,0.000,0.051,0.072,0.196,0.029,0.038,0.001,0.000,0.001,0.000,0.572,0.572
TCGA-A2-A0CY-01A,0.000,0.000,0.000,0.000,0.003,0.000,0.000,0.002,0.035,0.003,0.008,0.000,0.000,0.000,0.003,0.945,0.945
TCGA-AN-A0G0-01A,0.009,0.000,0.007,0.003,0.001,0.000,0.000,0.024,0.045,0.000,0.060,0.000,0.000,0.000,0.002,0.849,0.849
TCGA-A2-A3XT-01A,0.000,0.000,0.027,0.001,0.008,0.000,0.017,0.021,0.055,0.009,0.201,0.003,0.002,0.000,0.003,0.651,0.651
TCGA-AQ-A1H2-01A,0.000,0.000,0.014,0.001,0.000,0.000,0.000,0.016,0.074,0.014,0.074,0.006,0.000,0.000,0.000,0.801,0.801
TCGA-E2-A1L8-01A,0.001,0.000,0.008,0.000,0.006,0.000,0.050,0.044,0.220,0.018,0.030,0.001,0.000,0.000,0.000,0.622,0.622
TCGA-C8-A26V-01A,0.001,0.000,0.019,0.006,0.000,0.000,0.000,0.028,0.088,0.005,0.064,0.000,0.000,0.001,0.000,0.788,0.788
TCGA-A8-A08B-01A,0.005,0.000,0.013,0.034,0.000,0.000,0.001,0.005,0.039,0.009,0.041,0.003,0.000,0.007,0.002,0.842,0.842
TCGA-D8-A1XJ-01A,0.000,0.000,0.011,0.003,0.000,0.000,0.000,0.027,0.091,0.015,0.054,0.000,0.000,0.007,0.000,0.792,0.792
TCGA-AO-A0JC-01A,0.008,0.238,0.092,0.005,0.070,0.114,0.117,0.069,0.053,0.011,0.072,0.005,0.010,0.012,0.002,0.123,0.123
TCGA-AR-A0U0-01A,0.027,0.000,0.024,0.035,0.029,0.000,0.024,0.028,0.033,0.008,0.082,0.000,0.000,0.011,0.000,0.697,0.697
TCGA-A7-A6VV-01A,0.005,0.000,0.021,0.000,0.003,0.000,0.005,0.045,0.244,0.032,0.136,0.000,0.000,0.000,0.000,0.510,0.510
TCGA-B6-A3ZX-01A,0.032,0.114,0.084,0.001,0.049,0.035,0.063,0.055,0.077,0.010,0.060,0.004,0.008,0.000,0.000,0.407,0.407
TCGA-AR-A24L-01A,0.002,0.000,0.002,0.000,0.014,0.000,0.000,0.068,0.263,0.019,0.046,0.005,0.000,0.007,0.000,0.574,0.574
TCGA-EW-A1OW-01A,0.004,0.000,0.010,0.002,0.003,0.000,0.012,0.059,0.193,0.022,0.046,0.002,0.000,0.000,0.000,0.647,0.647
TCGA-EW-A1P3-01A,0.003,0.000,0.013,0.001,0.001,0.000,0.002,0.040,0.138,0.037,0.046,0.013,0.000,0.000,0.000,0.705,0.705
TCGA-LL-A7T0-01A,0.008,0.000,0.011,0.012,0.016,0.000,0.020,0.015,0.081,0.013,0.057,0.002,0.000,0.000,0.000,0.765,0.765
TCGA-B6-A0I8-01A,0.003,0.000,0.000,0.004,0.000,0.000,0.000,0.041,0.102,0.017,0.021,0.003,0.000,0.000,0.000,0.810,0.810
TCGA-BH-A0AV-01A,0.001,0.000,0.001,0.000,0.000,0.000,0.000,0.045,0.403,0.006,0.079,0.000,0.000,0.001,0.000,0.464,0.464
TCGA-E2-A156-01A,0.000,0.000,0.002,0.000,0.000,0.000,0.000,0.027,0.027,0.012,0.038,0.009,0.000,0.000,0.000,0.885,0.885
TCGA-BH-A5IZ-01A,0.000,0.000,0.003,0.003,0.000,0.000,0.000,0.031,0.058,0.006,0.094,0.002,0.000,0.012,0.002,0.788,0.788
TCGA-BH-A1EN-01A,0.001,0.000,0.000,0.002,0.000,0.000,0.000,0.033,0.082,0.006,0.046,0.000,0.000,0.000,0.000,0.829,0.829
TCGA-A1-A0SN-01A,0.001,0.000,0.026,0.003,0.030,0.000,0.010,0.043,0.169,0.018,0.095,0.002,0.000,0.011,0.000,0.591,0.591
TCGA-E2-A150-01A,0.000,0.000,0.038,0.000,0.007,0.000,0.043,0.043,0.102,0.011,0.086,0.000,0.000,0.000,0.000,0.669,0.669
TCGA-PL-A8LZ-01A,0.011,0.000,0.046,0.027,0.027,0.000,0.036,0.126,0.116,0.045,0.105,0.001,0.002,0.006,0.001,0.451,0.451
TCGA-A2-A0CO-01A,0.006,0.027,0.035,0.000,0.030,0.009,0.034,0.217,0.176,0.056,0.090,0.008,0.001,0.005,0.000,0.306,0.306
TCGA-HN-A2NL-01A,0.008,0.011,0.019,0.000,0.029,0.002,0.022,0.008,0.035,0.005,0.023,0.000,0.000,0.000,0.000,0.838,0.838
TCGA-E2-A14X-01A,0.059,0.042,0.036,0.001,0.021,0.007,0.023,0.053,0.060,0.013,0.028,0.000,0.004,0.008,0.000,0.646,0.646
TCGA-BH-A0B2-01A,0.004,0.013,0.042,0.005,0.024,0.000,0.025,0.067,0.254,0.020,0.113,0.002,0.000,0.006,0.001,0.427,0.427
TCGA-A2-A4RX-01A,0.005,0.029,0.020,0.000,0.013,0.000,0.027,0.068,0.342,0.020,0.029,0.001,0.003,0.009,0.000,0.436,0.436
TCGA-E2-A572-01A,0.007,0.000,0.002,0.001,0.000,0.000,0.000,0.011,0.019,0.013,0.012,0.003,0.000,0.000,0.000,0.933,0.933
TCGA-C8-A12V-01A,0.050,0.021,0.055,0.076,0.025,0.000,0.104,0.051,0.065,0.012,0.153,0.001,0.001,0.000,0.000,0.386,0.386
TCGA-BH-A0BQ-01A,0.008,0.000,0.023,0.001,0.009,0.000,0.046,0.041,0.325,0.018,0.043,0.006,0.000,0.002,0.001,0.476,0.476
TCGA-C8-A12T-01A,0.000,0.000,0.024,0.008,0.000,0.000,0.000,0.011,0.244,0.005,0.068,0.007,0.000,0.000,0.000,0.632,0.632
TCGA-EW-A1OX-01A,0.000,0.000,0.008,0.000,0.000,0.000,0.000,0.019,0.001,0.016,0.002,0.000,0.000,0.000,0.000,0.955,0.955
TCGA-BH-A0BW-01A,0.008,0.004,0.053,0.051,0.000,0.000,0.014,0.038,0.070,0.010,0.125,0.000,0.001,0.026,0.000,0.601,0.601
TCGA-A8-A084-01A,0.000,0.000,0.002,0.003,0.000,0.000,0.000,0.021,0.180,0.001,0.037,0.001,0.000,0.043,0.003,0.710,0.710
TCGA-A2-A0SV-01A,0.000,0.000,0.025,0.006,0.000,0.000,0.000,0.016,0.154,0.010,0.152,0.002,0.000,0.007,0.001,0.628,0.628
TCGA-C8-A275-01A,0.011,0.006,0.026,0.009,0.035,0.000,0.027,0.031,0.062,0.005,0.147,0.000,0.000,0.005,0.001,0.635,0.635
TCGA-S3-A6ZH-01A,0.002,0.000,0.017,0.004,0.001,0.000,0.024,0.023,0.036,0.011,0.026,0.004,0.000,0.000,0.000,0.852,0.852
TCGA-D8-A1JD-01A,0.000,0.000,0.028,0.000,0.000,0.000,0.000,0.014,0.183,0.005,0.112,0.005,0.000,0.000,0.000,0.652,0.652
TCGA-A2-A0CV-01A,0.007,0.002,0.016,0.000,0.017,0.000,0.035,0.078,0.208,0.021,0.053,0.002,0.000,0.000,0.000,0.562,0.562
TCGA-E2-A14V-01A,0.000,0.000,0.004,0.001,0.000,0.000,0.004,0.013,0.105,0.008,0.018,0.006,0.000,0.011,0.000,0.831,0.831
TCGA-E2-A153-01A,0.000,0.000,0.009,0.000,0.000,0.000,0.000,0.055,0.397,0.022,0.092,0.004,0.000,0.018,0.006,0.397,0.397
TCGA-AR-A24R-01A,0.005,0.000,0.019,0.003,0.027,0.000,0.016,0.026,0.099,0.012,0.072,0.002,0.000,0.005,0.000,0.715,0.715
TCGA-AR-A1AV-01A,0.000,0.000,0.000,0.000,0.000,0.000,0.000,0.045,0.145,0.009,0.067,0.003,0.000,0.001,0.000,0.729,0.729
TCGA-OL-A66H-01A,0.011,0.000,0.027,0.000,0.020,0.000,0.000,0.093,0.071,0.028,0.168,0.004,0.000,0.001,0.000,0.577,0.577
TCGA-AR-A251-01A,0.010,0.000,0.014,0.000,0.026,0.000,0.010,0.051,0.099,0.019,0.053,0.003,0.000,0.010,0.000,0.705,0.705
TCGA-AC-A7VB-01A,0.001,0.000,0.006,0.002,0.000,0.000,0.000,0.038,0.023,0.015,0.003,0.000,0.000,0.000,0.000,0.911,0.911
TCGA-A8-A08C-01A,0.000,0.000,0.013,0.000,0.000,0.000,0.007,0.030,0.093,0.009,0.044,0.000,0.000,0.000,0.000,0.803,0.803
TCGA-A2-A259-01A,0.004,0.024,0.028,0.000,0.015,0.001,0.039,0.091,0.149,0.030,0.032,0.021,0.000,0.007,0.000,0.559,0.559
TCGA-AO-A03P-01A,0.000,0.000,0.010,0.000,0.000,0.000,0.000,0.017,0.042,0.019,0.027,0.001,0.000,0.000,0.000,0.882,0.882
TCGA-A7-A4SE-01A,0.000,0.000,0.013,0.000,0.001,0.000,0.010,0.048,0.257,0.059,0.033,0.002,0.000,0.011,0.000,0.564,0.564
TCGA-C8-A132-01A,0.011,0.005,0.029,0.002,0.037,0.000,0.054,0.057,0.244,0.013,0.043,0.001,0.000,0.000,0.000,0.506,0.506
TCGA-B6-A0RS-01A,0.008,0.000,0.013,0.012,0.004,0.000,0.003,0.027,0.106,0.021,0.129,0.002,0.000,0.000,0.000,0.675,0.675
TCGA-BH-A0BV-01A,0.006,0.000,0.034,0.001,0.022,0.000,0.001,0.063,0.188,0.017,0.130,0.003,0.000,0.001,0.000,0.535,0.535
TCGA-BH-A0B1-01A,0.003,0.000,0.016,0.000,0.000,0.000,0.001,0.078,0.118,0.038,0.024,0.004,0.000,0.002,0.000,0.715,0.715
TCGA-AN-A0FZ-01A,0.000,0.000,0.000,0.000,0.000,0.000,0.000,0.079,0.160,0.011,0.027,0.000,0.000,0.000,0.000,0.722,0.722
TCGA-EW-A1PC-01B,0.000,0.000,0.015,0.001,0.000,0.000,0.000,0.026,0.073,0.010,0.020,0.001,0.000,0.014,0.000,0.839,0.839
TCGA-D8-A147-01A,0.000,0.000,0.042,0.002,0.018,0.002,0.016,0.008,0.114,0.004,0.071,0.003,0.000,0.001,0.000,0.718,0.718
TCGA-BH-A1FE-01A,0.004,0.021,0.035,0.010,0.031,0.000,0.067,0.069,0.224,0.020,0.030,0.008,0.000,0.001,0.000,0.479,0.479
TCGA-AN-A0XV-01A,0.016,0.001,0.018,0.000,0.025,0.000,0.016,0.102,0.182,0.032,0.025,0.005,0.000,0.000,0.000,0.579,0.579
TCGA-XX-A89A-01A,0.005,0.000,0.037,0.000,0.016,0.000,0.011,0.078,0.379,0.017,0.147,0.002,0.000,0.017,0.000,0.290,0.290
TCGA-LL-A441-01A,0.010,0.115,0.043,0.003,0.022,0.024,0.062,0.076,0.118,0.015,0.055,0.005,0.002,0.000,0.000,0.451,0.451
TCGA-E2-A15O-01A,0.000,0.000,0.017,0.001,0.000,0.000,0.001,0.015,0.051,0.014,0.021,0.009,0.000,0.003,0.000,0.867,0.867
TCGA-C8-A12P-01A,0.008,0.000,0.011,0.007,0.004,0.000,0.000,0.021,0.153,0.014,0.087,0.001,0.000,0.000,0.000,0.695,0.695
TCGA-BH-A1F0-01A,0.040,0.038,0.047,0.001,0.041,0.000,0.039,0.142,0.098,0.024,0.183,0.002,0.000,0.016,0.001,0.326,0.326
TCGA-OL-A66K-01A,0.003,0.000,0.005,0.000,0.007,0.000,0.007,0.069,0.225,0.030,0.049,0.008,0.000,0.004,0.000,0.594,0.594
TCGA-BH-A0GY-01A,0.000,0.006,0.017,0.000,0.014,0.000,0.017,0.033,0.130,0.015,0.072,0.004,0.000,0.009,0.001,0.682,0.682
TCGA-GM-A2DD-01A,0.008,0.000,0.050,0.006,0.022,0.000,0.069,0.018,0.162,0.013,0.130,0.003,0.000,0.000,0.001,0.516,0.516
TCGA-A1-A0SE-01A,0.003,0.000,0.007,0.003,0.009,0.000,0.014,0.052,0.222,0.019,0.022,0.006,0.000,0.000,0.000,0.644,0.644
TCGA-LL-A73Y-01A,0.006,0.011,0.030,0.000,0.006,0.001,0.052,0.058,0.273,0.017,0.048,0.003,0.000,0.004,0.000,0.489,0.489
TCGA-A2-A0CM-01A,0.007,0.000,0.043,0.023,0.029,0.000,0.009,0.025,0.118,0.008,0.105,0.000,0.000,0.000,0.000,0.631,0.631
TCGA-A8-A09G-01A,0.018,0.005,0.033,0.007,0.032,0.000,0.019,0.044,0.057,0.009,0.083,0.000,0.000,0.000,0.000,0.693,0.693
TCGA-E2-A14T-01A,0.002,0.000,0.001,0.000,0.010,0.000,0.000,0.028,0.052,0.024,0.088,0.003,0.000,0.003,0.000,0.789,0.789
TCGA-E9-A1N8-01A,0.000,0.000,0.001,0.000,0.000,0.000,0.000,0.009,0.078,0.001,0.015,0.001,0.000,0.000,0.000,0.896,0.896
TCGA-AN-A0AT-01A,0.000,0.010,0.017,0.001,0.013,0.001,0.008,0.004,0.042,0.005,0.036,0.001,0.000,0.000,0.000,0.862,0.862
TCGA-A8-A08Z-01A,0.000,0.000,0.022,0.000,0.007,0.000,0.000,0.044,0.330,0.013,0.198,0.004,0.000,0.002,0.000,0.379,0.379
TCGA-AR-A24N-01A,0.012,0.000,0.013,0.002,0.000,0.000,0.000,0.035,0.168,0.015,0.016,0.000,0.000,0.000,0.000,0.738,0.738
TCGA-BH-A0B6-01A,0.027,0.034,0.048,0.021,0.037,0.000,0.123,0.057,0.126,0.013,0.058,0.004,0.009,0.000,0.000,0.443,0.443
TCGA-EW-A1PA-01A,0.016,0.006,0.011,0.004,0.014,0.000,0.013,0.093,0.094,0.024,0.042,0.010,0.000,0.001,0.000,0.670,0.670
TCGA-AR-A24Q-01A,0.016,0.004,0.011,0.000,0.022,0.000,0.018,0.027,0.217,0.021,0.051,0.001,0.000,0.000,0.000,0.613,0.613
TCGA-BH-A8FY-01A,0.002,0.000,0.000,0.000,0.000,0.000,0.000,0.026,0.000,0.022,0.080,0.002,0.000,0.000,0.000,0.867,0.867
TCGA-E9-A2JS-01A,0.000,0.000,0.010,0.000,0.002,0.000,0.007,0.010,0.115,0.012,0.054,0.008,0.000,0.000,0.000,0.782,0.782
TCGA-AN-A0AR-01A,0.000,0.000,0.001,0.000,0.001,0.000,0.000,0.005,0.040,0.010,0.024,0.000,0.000,0.000,0.000,0.920,0.920
TCGA-A2-A04U-01A,0.001,0.000,0.000,0.000,0.001,0.000,0.006,0.010,0.109,0.010,0.009,0.000,0.000,0.000,0.000,0.854,0.854
TCGA-A7-A56D-01A,0.010,0.000,0.008,0.005,0.001,0.000,0.000,0.006,0.252,0.006,0.051,0.003,0.001,0.000,0.005,0.653,0.653
TCGA-B6-A0X4-01A,0.001,0.000,0.003,0.000,0.000,0.000,0.000,0.013,0.000,0.025,0.003,0.000,0.000,0.000,0.000,0.955,0.955
TCGA-AQ-A7U7-01A,0.032,0.032,0.058,0.004,0.058,0.000,0.076,0.116,0.261,0.026,0.099,0.008,0.001,0.007,0.000,0.224,0.224
TCGA-D8-A1XT-01A,0.000,0.000,0.030,0.002,0.000,0.000,0.000,0.065,0.193,0.024,0.115,0.001,0.000,0.014,0.008,0.547,0.547
TCGA-BH-A1FJ-01A,0.000,0.000,0.013,0.000,0.000,0.000,0.000,0.040,0.071,0.013,0.008,0.000,0.000,0.001,0.000,0.853,0.853
TCGA-A2-A0ET-01A,0.004,0.000,0.009,0.018,0.006,0.000,0.011,0.031,0.013,0.009,0.044,0.000,0.000,0.000,0.000,0.855,0.855
TCGA-AR-A0TR-01A,0.008,0.015,0.018,0.000,0.007,0.007,0.011,0.023,0.000,0.008,0.004,0.005,0.000,0.000,0.000,0.894,0.894
TCGA-A8-A095-01A,0.000,0.000,0.025,0.001,0.006,0.000,0.022,0.053,0.129,0.021,0.059,0.005,0.000,0.000,0.000,0.679,0.679
TCGA-A2-A25E-01A,0.004,0.005,0.002,0.003,0.002,0.000,0.008,0.044,0.085,0.018,0.046,0.000,0.000,0.000,0.000,0.783,0.783
TCGA-A8-A08S-01A,0.000,0.000,0.010,0.010,0.000,0.000,0.011,0.010,0.136,0.010,0.049,0.001,0.000,0.004,0.000,0.760,0.760
