,Plasma B cells,Non-plasma B cells,CD4 T,CD8 T effector,CD8 T (GZMK high),Double-neg-like T,DC,Endothelial Cells,CAFs,Myofibroblasts,Macrophages,Mast Cells,NK,Neutrophils,Monocytes,1-others,Cancer Cells
TCGA-55-8508-01A,0.125,0.000,0.032,0.014,0.000,0.000,0.001,0.052,0.098,0.014,0.044,0.000,0.000,0.013,0.000,0.604,0.604
TCGA-67-3771-01A,0.055,0.000,0.039,0.025,0.018,0.000,0.004,0.040,0.108,0.012,0.135,0.001,0.000,0.011,0.000,0.550,0.550
TCGA-55-A4DG-01A,0.044,0.032,0.019,0.012,0.031,0.001,0.014,0.032,0.078,0.008,0.066,0.004,0.001,0.011,0.000,0.647,0.647
TCGA-91-7771-01A,0.030,0.007,0.043,0.017,0.033,0.002,0.022,0.072,0.109,0.037,0.128,0.005,0.001,0.008,0.001,0.487,0.487
TCGA-91-6849-01A,0.074,0.001,0.013,0.002,0.014,0.000,0.017,0.055,0.053,0.007,0.121,0.000,0.000,0.006,0.000,0.637,0.637
TCGA-64-5781-01A,0.046,0.000,0.010,0.078,0.001,0.000,0.000,0.020,0.150,0.001,0.035,0.000,0.000,0.001,0.000,0.658,0.658
TCGA-44-6146-01B,0.005,0.003,0.015,0.020,0.004,0.015,0.024,0.122,0.160,0.037,0.011,0.037,0.001,0.060,0.000,0.484,0.484
TCGA-97-7552-01A,0.037,0.059,0.048,0.046,0.028,0.001,0.041,0.077,0.083,0.024,0.106,0.011,0.002,0.030,0.001,0.406,0.406
TCGA-80-5608-01A,0.014,0.000,0.013,0.011,0.000,0.000,0.011,0.039,0.017,0.017,0.050,0.000,0.001,0.006,0.000,0.822,0.822
TCGA-91-6829-01A,0.001,0.000,0.009,0.012,0.001,0.000,0.000,0.070,0.262,0.020,0.108,0.007,0.001,0.013,0.000,0.496,0.496
TCGA-49-AARE-01A,0.022,0.000,0.014,0.017,0.001,0.000,0.012,0.022,0.107,0.002,0.053,0.000,0.000,0.007,0.000,0.744,0.744
TCGA-97-A4M1-01A,0.006,0.000,0.021,0.001,0.013,0.000,0.034,0.121,0.052,0.033,0.120,0.012,0.001,0.005,0.000,0.581,0.581
TCGA-83-5908-01A,0.000,0.000,0.028,0.118,0.001,0.000,0.036,0.047,0.097,0.005,0.099,0.003,0.000,0.019,0.000,0.546,0.546
TCGA-97-8179-01A,0.000,0.000,0.005,0.008,0.000,0.000,0.015,0.088,0.053,0.041,0.083,0.000,0.000,0.007,0.000,0.700,0.700
TCGA-64-1680-01A,0.013,0.000,0.003,0.003,0.000,0.000,0.013,0.014,0.038,0.001,0.042,0.007,0.000,0.002,0.000,0.866,0.866
TCGA-73-4670-01A,0.022,0.000,0.001,0.004,0.000,0.000,0.000,0.021,0.091,0.007,0.056,0.000,0.000,0.005,0.000,0.791,0.791
TCGA-44-3396-01A,0.049,0.000,0.036,0.004,0.017,0.000,0.025,0.051,0.184,0.008,0.153,0.002,0.000,0.020,0.001,0.449,0.449
TCGA-80-5611-01A,0.000,0.000,0.014,0.015,0.000,0.000,0.000,0.010,0.023,0.000,0.265,0.000,0.000,0.004,0.000,0.667,0.667
TCGA-53-7624-01A,0.005,0.000,0.045,0.028,0.003,0.000,0.001,0.019,0.037,0.001,0.062,0.000,0.000,0.011,0.000,0.789,0.789
TCGA-91-6835-01A,0.002,0.059,0.049,0.027,0.052,0.001,0.046,0.067,0.111,0.025,0.170,0.007,0.002,0.021,0.000,0.360,0.360
TCGA-L9-A50W-01A,0.024,0.000,0.026,0.009,0.000,0.000,0.041,0.052,0.068,0.004,0.072,0.010,0.000,0.008,0.000,0.686,0.686
TCGA-86-7713-01A,0.012,0.000,0.011,0.001,0.001,0.000,0.007,0.037,0.016,0.027,0.033,0.000,0.000,0.010,0.000,0.847,0.847
TCGA-50-5044-01A,0.015,0.000,0.021,0.015,0.000,0.000,0.025,0.077,0.191,0.017,0.073,0.000,0.000,0.001,0.000,0.564,0.564
TCGA-97-7941-01A,0.002,0.001,0.030,0.008,0.005,0.001,0.030,0.083,0.086,0.030,0.077,0.009,0.000,0.007,0.000,0.632,0.632
TCGA-86-7714-01A,0.000,0.000,0.003,0.000,0.000,0.000,0.064,0.029,0.071,0.000,0.086,0.004,0.000,0.010,0.000,0.731,0.731
TCGA-62-8402-01A,0.011,0.000,0.078,0.037,0.001,0.000,0.020,0.045,0.014,0.000,0.087,0.000,0.000,0.008,0.000,0.696,0.696
TCGA-78-7162-01A,0.021,0.003,0.037,0.001,0.024,0.000,0.022,0.120,0.055,0.065,0.078,0.007,0.000,0.004,0.000,0.560,0.560
TCGA-49-AAR0-01A,0.022,0.007,0.047,0.015,0.019,0.000,0.023,0.055,0.045,0.022,0.124,0.000,0.001,0.005,0.001,0.612,0.612
TCGA-35-4122-01A,0.036,0.000,0.027,0.031,0.009,0.000,0.016,0.021,0.090,0.001,0.241,0.004,0.000,0.002,0.000,0.521,0.521
TCGA-55-7726-01A,0.009,0.000,0.009,0.003,0.000,0.000,0.025,0.045,0.349,0.000,0.056,0.000,0.000,0.010,0.000,0.492,0.492
TCGA-62-A46Y-01A,0.011,0.000,0.023,0.012,0.005,0.000,0.037,0.029,0.018,0.010,0.151,0.001,0.000,0.007,0.000,0.694,0.694
TCGA-55-6980-01A,0.010,0.000,0.038,0.001,0.025,0.000,0.060,0.044,0.218,0.020,0.119,0.002,0.000,0.008,0.000,0.455,0.455
TCGA-05-4430-01A,0.015,0.000,0.033,0.001,0.019,0.000,0.036,0.063,0.174,0.027,0.130,0.003,0.000,0.009,0.000,0.489,0.489
TCGA-67-3772-01A,0.050,0.000,0.030,0.003,0.008,0.000,0.038,0.041,0.169,0.015,0.094,0.006,0.000,0.002,0.000,0.543,0.543
TCGA-MP-A4SY-01A,0.004,0.000,0.010,0.006,0.001,0.000,0.010,0.023,0.182,0.003,0.105,0.003,0.001,0.009,0.000,0.643,0.643
TCGA-78-7148-01A,0.008,0.000,0.017,0.012,0.003,0.000,0.010,0.045,0.041,0.011,0.048,0.000,0.000,0.003,0.000,0.799,0.799
TCGA-35-3615-01A,0.018,0.000,0.009,0.001,0.001,0.000,0.006,0.025,0.026,0.012,0.067,0.000,0.000,0.003,0.000,0.833,0.833
TCGA-55-A493-01A,0.013,0.002,0.035,0.073,0.014,0.000,0.048,0.029,0.088,0.007,0.101,0.000,0.000,0.009,0.001,0.577,0.577
TCGA-49-6744-01A,0.029,0.000,0.052,0.015,0.012,0.000,0.050,0.080,0.176,0.020,0.154,0.004,0.000,0.008,0.000,0.400,0.400
TCGA-49-4494-01A,0.010,0.000,0.017,0.017,0.005,0.000,0.019,0.018,0.025,0.000,0.079,0.000,0.000,0.001,0.000,0.809,0.809
TCGA-78-7143-01A,0.000,0.002,0.035,0.010,0.000,0.000,0.042,0.028,0.026,0.006,0.093,0.003,0.000,0.008,0.000,0.746,0.746
TCGA-99-AA5R-01A,0.031,0.038,0.048,0.011,0.040,0.002,0.037,0.190,0.125,0.087,0.144,0.006,0.005,0.010,0.001,0.227,0.227
TCGA-55-8085-01A,0.036,0.008,0.029,0.047,0.001,0.000,0.006,0.028,0.025,0.012,0.116,0.000,0.000,0.007,0.000,0.684,0.684
TCGA-44-8117-01A,0.008,0.000,0.010,0.006,0.002,0.000,0.001,0.040,0.087,0.013,0.081,0.000,0.000,0.008,0.000,0.740,0.740
TCGA-55-8506-01A,0.023,0.000,0.015,0.030,0.006,0.000,0.001,0.021,0.076,0.002,0.105,0.001,0.001,0.007,0.000,0.714,0.714
TCGA-NJ-A7XG-01A,0.003,0.000,0.004,0.001,0.000,0.000,0.016,0.022,0.000,0.003,0.003,0.001,0.000,0.004,0.000,0.944,0.944
TCGA-05-4384-01A,0.004,0.000,0.021,0.001,0.004,0.000,0.009,0.089,0.039,0.048,0.131,0.002,0.000,0.016,0.000,0.637,0.637
TCGA-64-1679-01A,0.007,0.000,0.013,0.003,0.001,0.000,0.030,0.039,0.239,0.002,0.142,0.005,0.000,0.010,0.000,0.510,0.510
TCGA-73-4666-01A,0.000,0.000,0.026,0.087,0.001,0.000,0.000,0.020,0.030,0.000,0.176,0.000,0.000,0.005,0.000,0.654,0.654
TCGA-55-8616-01A,0.012,0.016,0.013,0.003,0.019,0.000,0.019,0.025,0.075,0.010,0.045,0.000,0.000,0.007,0.000,0.755,0.755
TCGA-38-6178-01A,0.011,0.000,0.028,0.002,0.003,0.000,0.014,0.064,0.180,0.015,0.064,0.004,0.001,0.013,0.000,0.603,0.603
TCGA-93-7348-01A,0.056,0.000,0.031,0.014,0.003,0.000,0.025,0.065,0.195,0.012,0.049,0.007,0.000,0.009,0.000,0.534,0.534
TCGA-55-1594-01A,0.036,0.000,0.033,0.020,0.003,0.000,0.002,0.041,0.060,0.001,0.082,0.001,0.000,0.008,0.000,0.712,0.712
TCGA-73-4658-01A,0.009,0.000,0.030,0.008,0.011,0.000,0.045,0.068,0.193,0.039,0.212,0.002,0.000,0.006,0.000,0.377,0.377
TCGA-80-5607-01A,0.014,0.000,0.029,0.029,0.007,0.000,0.038,0.044,0.053,0.010,0.069,0.006,0.000,0.004,0.000,0.696,0.696
TCGA-55-8505-01A,0.020,0.000,0.008,0.005,0.000,0.000,0.000,0.047,0.150,0.008,0.048,0.001,0.000,0.012,0.000,0.700,0.700
TCGA-MP-A4T4-01A,0.052,0.000,0.043,0.090,0.020,0.000,0.020,0.039,0.146,0.014,0.138,0.001,0.000,0.008,0.000,0.429,0.429
TCGA-49-4506-01A,0.049,0.000,0.008,0.013,0.016,0.000,0.009,0.016,0.028,0.000,0.047,0.000,0.000,0.001,0.000,0.815,0.815
TCGA-97-8172-01A,0.025,0.054,0.041,0.013,0.040,0.001,0.035,0.080,0.150,0.050,0.102,0.014,0.001,0.015,0.001,0.377,0.377
TCGA-O1-A52J-01A,0.000,0.000,0.025,0.006,0.001,0.000,0.033,0.023,0.036,0.013,0.199,0.003,0.000,0.011,0.000,0.649,0.649
TCGA-78-7537-01A,0.070,0.000,0.008,0.002,0.000,0.000,0.015,0.050,0.097,0.001,0.058,0.000,0.000,0.002,0.000,0.697,0.697
TCGA-73-4662-01A,0.027,0.008,0.043,0.002,0.013,0.000,0.023,0.042,0.081,0.009,0.126,0.000,0.000,0.007,0.000,0.616,0.616
TCGA-62-8398-01A,0.011,0.000,0.036,0.004,0.000,0.000,0.019,0.046,0.068,0.006,0.067,0.001,0.000,0.012,0.000,0.729,0.729
TCGA-49-AAQV-01A,0.016,0.013,0.045,0.020,0.001,0.000,0.014,0.030,0.033,0.008,0.068,0.001,0.000,0.007,0.000,0.744,0.744
TCGA-55-8621-01A,0.043,0.000,0.044,0.009,0.010,0.000,0.017,0.105,0.127,0.045,0.225,0.011,0.014,0.013,0.001,0.333,0.333
TCGA-53-7626-01A,0.021,0.011,0.052,0.024,0.026,0.001,0.042,0.098,0.126,0.031,0.157,0.006,0.001,0.013,0.001,0.389,0.389
TCGA-44-7669-01A,0.008,0.008,0.040,0.038,0.003,0.000,0.015,0.074,0.034,0.018,0.113,0.001,0.000,0.013,0.000,0.634,0.634
TCGA-93-8067-01A,0.005,0.000,0.010,0.003,0.001,0.000,0.005,0.044,0.035,0.015,0.046,0.000,0.000,0.005,0.000,0.831,0.831
TCGA-97-A4M2-01A,0.039,0.002,0.038,0.017,0.029,0.001,0.035,0.090,0.069,0.028,0.241,0.010,0.001,0.014,0.001,0.387,0.387
TCGA-05-4425-01A,0.007,0.000,0.034,0.014,0.000,0.000,0.066,0.043,0.135,0.001,0.156,0.004,0.000,0.005,0.000,0.534,0.534
TCGA-69-7763-01A,0.021,0.000,0.017,0.000,0.003,0.000,0.009,0.112,0.182,0.035,0.071,0.000,0.000,0.007,0.000,0.541,0.541
TCGA-86-8056-01A,0.014,0.000,0.022,0.010,0.001,0.000,0.035,0.068,0.054,0.019,0.109,0.014,0.000,0.022,0.000,0.631,0.631
TCGA-50-5931-01A,0.002,0.000,0.007,0.005,0.000,0.000,0.006,0.043,0.110,0.017,0.014,0.000,0.000,0.006,0.000,0.789,0.789
TCGA-55-8512-01A,0.009,0.000,0.001,0.013,0.001,0.000,0.008,0.093,0.065,0.050,0.045,0.005,0.001,0.025,0.000,0.682,0.682
TCGA-75-7025-01A,0.022,0.019,0.039,0.004,0.016,0.001,0.051,0.079,0.178,0.034,0.063,0.004,0.001,0.009,0.000,0.479,0.479
TCGA-50-5930-01A,0.096,0.000,0.025,0.001,0.014,0.000,0.000,0.048,0.170,0.011,0.096,0.000,0.000,0.006,0.000,0.531,0.531
TCGA-75-6214-01A,0.000,0.000,0.004,0.008,0.000,0.000,0.000,0.034,0.039,0.000,0.030,0.000,0.000,0.007,0.000,0.879,0.879
TCGA-L9-A743-01A,0.044,0.006,0.068,0.018,0.026,0.001,0.047,0.065,0.135,0.020,0.123,0.005,0.001,0.009,0.001,0.431,0.431
TCGA-50-5939-01A,0.039,0.003,0.024,0.005,0.001,0.000,0.000,0.076,0.140,0.007,0.153,0.001,0.001,0.017,0.000,0.532,0.532
TCGA-78-7161-01A,0.014,0.000,0.011,0.001,0.000,0.000,0.004,0.071,0.092,0.043,0.009,0.000,0.000,0.009,0.000,0.744,0.744
TCGA-44-3398-01A,0.025,0.000,0.029,0.014,0.003,0.000,0.057,0.052,0.226,0.012,0.152,0.010,0.001,0.006,0.001,0.412,0.412
TCGA-97-8547-01A,0.005,0.000,0.027,0.004,0.000,0.000,0.029,0.025,0.226,0.000,0.121,0.001,0.000,0.006,0.000,0.554,0.554
TCGA-91-6840-01A,0.014,0.001,0.022,0.032,0.030,0.000,0.014,0.091,0.019,0.077,0.065,0.004,0.000,0.011,0.000,0.619,0.619
TCGA-55-6986-01A,0.013,0.000,0.018,0.001,0.010,0.000,0.025,0.051,0.052,0.001,0.084,0.000,0.000,0.005,0.000,0.739,0.739
TCGA-05-4395-01A,0.000,0.000,0.007,0.016,0.000,0.000,0.000,0.023,0.025,0.000,0.052,0.000,0.000,0.004,0.000,0.872,0.872
TCGA-44-7672-01A,0.060,0.010,0.071,0.009,0.007,0.000,0.036,0.045,0.199,0.002,0.158,0.001,0.001,0.005,0.001,0.395,0.395
TCGA-44-2662-01B,0.004,0.008,0.028,0.057,0.000,0.001,0.001,0.060,0.203,0.004,0.155,0.025,0.004,0.069,0.030,0.352,0.352
TCGA-97-8175-01A,0.000,0.000,0.018,0.001,0.000,0.000,0.047,0.026,0.022,0.000,0.108,0.002,0.000,0.006,0.000,0.770,0.770
TCGA-55-8087-01A,0.000,0.000,0.007,0.002,0.000,0.000,0.038,0.032,0.074,0.010,0.067,0.005,0.000,0.013,0.000,0.752,0.752
TCGA-78-7160-01A,0.005,0.003,0.045,0.012,0.032,0.000,0.026,0.072,0.098,0.028,0.141,0.001,0.001,0.012,0.000,0.524,0.524
TCGA-L4-A4E5-01A,0.017,0.000,0.013,0.024,0.001,0.000,0.012,0.025,0.045,0.004,0.041,0.000,0.000,0.007,0.000,0.810,0.810
TCGA-97-A4LX-01A,0.047,0.024,0.070,0.043,0.027,0.001,0.040,0.052,0.146,0.016,0.187,0.003,0.002,0.014,0.001,0.326,0.326
TCGA-86-8359-01A,0.025,0.000,0.037,0.059,0.043,0.000,0.009,0.030,0.078,0.031,0.024,0.001,0.000,0.018,0.006,0.637,0.637
TCGA-44-6145-01A,0.034,0.011,0.045,0.052,0.008,0.000,0.008,0.061,0.144,0.009,0.128,0.001,0.001,0.017,0.000,0.481,0.481
TCGA-78-7155-01A,0.000,0.000,0.001,0.001,0.031,0.000,0.000,0.022,0.017,0.001,0.051,0.000,0.000,0.003,0.000,0.873,0.873
TCGA-55-7816-01A,0.008,0.000,0.022,0.020,0.004,0.000,0.030,0.141,0.321,0.021,0.186,0.001,0.002,0.010,0.018,0.216,0.216
TCGA-99-8025-01A,0.019,0.000,0.004,0.005,0.001,0.000,0.003,0.058,0.097,0.019,0.045,0.000,0.000,0.006,0.000,0.742,0.742
TCGA-44-A47G-01A,0.037,0.011,0.046,0.022,0.035,0.001,0.050,0.041,0.147,0.008,0.165,0.004,0.001,0.010,0.001,0.422,0.422
TCGA-55-8615-01A,0.012,0.000,0.012,0.006,0.000,0.000,0.008,0.034,0.052,0.013,0.032,0.000,0.000,0.003,0.000,0.827,0.827
TCGA-73-7499-01A,0.028,0.000,0.052,0.042,0.025,0.000,0.016,0.020,0.061,0.007,0.104,0.000,0.000,0.002,0.000,0.640,0.640
TCGA-86-7711-01A,0.011,0.000,0.002,0.011,0.000,0.000,0.000,0.040,0.130,0.014,0.182,0.000,0.000,0.028,0.006,0.575,0.575
TCGA-86-8075-01A,0.015,0.000,0.031,0.004,0.000,0.000,0.011,0.051,0.218,0.012,0.140,0.008,0.001,0.014,0.000,0.496,0.496
TCGA-86-7955-01A,0.004,0.000,0.002,0.004,0.000,0.000,0.000,0.016,0.000,0.004,0.006,0.000,0.000,0.000,0.000,0.964,0.964
TCGA-55-8513-01A,0.021,0.020,0.038,0.001,0.003,0.000,0.049,0.090,0.079,0.026,0.219,0.004,0.001,0.016,0.001,0.431,0.431
TCGA-MP-A4TC-01A,0.010,0.000,0.028,0.028,0.000,0.000,0.003,0.029,0.242,0.005,0.125,0.001,0.001,0.010,0.000,0.518,0.518
TCGA-05-4420-01A,0.037,0.000,0.006,0.004,0.000,0.000,0.000,0.031,0.054,0.017,0.041,0.000,0.000,0.010,0.000,0.799,0.799
TCGA-86-8280-01A,0.041,0.003,0.051,0.003,0.030,0.001,0.042,0.069,0.153,0.023,0.109,0.005,0.001,0.008,0.000,0.464,0.464
TCGA-78-7166-01A,0.025,0.000,0.004,0.002,0.000,0.000,0.000,0.012,0.014,0.002,0.008,0.000,0.000,0.000,0.000,0.932,0.932
TCGA-91-8499-01A,0.017,0.000,0.039,0.016,0.024,0.000,0.002,0.036,0.038,0.005,0.091,0.000,0.000,0.003,0.000,0.730,0.730
TCGA-71-6725-01A,0.001,0.000,0.000,0.000,0.000,0.000,0.003,0.039,0.005,0.011,0.069,0.000,0.000,0.003,0.000,0.869,0.869
TCGA-69-7980-01A,0.003,0.000,0.023,0.040,0.001,0.000,0.024,0.043,0.092,0.016,0.107,0.000,0.000,0.009,0.000,0.642,0.642
TCGA-L9-A8F4-01A,0.054,0.009,0.063,0.025,0.056,0.001,0.015,0.032,0.101,0.016,0.117,0.000,0.001,0.007,0.000,0.502,0.502
TCGA-05-4433-01A,0.000,0.000,0.029,0.003,0.015,0.000,0.013,0.057,0.019,0.003,0.190,0.002,0.000,0.019,0.000,0.648,0.648
TCGA-55-A492-01A,0.043,0.000,0.007,0.002,0.001,0.000,0.005,0.051,0.005,0.034,0.046,0.000,0.000,0.002,0.000,0.804,0.804
TCGA-73-4675-01A,0.020,0.000,0.016,0.000,0.001,0.000,0.016,0.023,0.119,0.014,0.085,0.000,0.000,0.005,0.000,0.698,0.698
TCGA-50-5936-01A,0.006,0.000,0.033,0.000,0.000,0.000,0.004,0.049,0.121,0.000,0.101,0.000,0.000,0.009,0.000,0.677,0.677
TCGA-44-7662-01A,0.022,0.000,0.025,0.031,0.001,0.000,0.002,0.048,0.234,0.016,0.122,0.003,0.001,0.009,0.000,0.486,0.486
TCGA-78-7154-01A,0.000,0.000,0.009,0.003,0.000,0.000,0.012,0.049,0.043,0.007,0.035,0.000,0.000,0.006,0.000,0.836,0.836
TCGA-05-4244-01A,0.001,0.000,0.013,0.008,0.004,0.000,0.014,0.036,0.021,0.007,0.145,0.000,0.000,0.007,0.000,0.742,0.742
TCGA-73-7498-01A,0.027,0.000,0.032,0.004,0.014,0.001,0.022,0.101,0.073,0.071,0.062,0.004,0.000,0.010,0.000,0.579,0.579
TCGA-50-5933-01A,0.006,0.000,0.018,0.018,0.001,0.000,0.001,0.055,0.222,0.008,0.245,0.003,0.000,0.009,0.000,0.413,0.413
TCGA-55-8507-01A,0.009,0.000,0.010,0.011,0.000,0.000,0.001,0.063,0.051,0.037,0.082,0.002,0.000,0.015,0.000,0.716,0.716
TCGA-S2-AA1A-01A,0.116,0.031,0.063,0.011,0.031,0.003,0.050,0.079,0.193,0.014,0.050,0.008,0.002,0.006,0.001,0.341,0.341
TCGA-95-7948-01A,0.024,0.000,0.008,0.002,0.003,0.000,0.018,0.021,0.072,0.007,0.054,0.000,0.000,0.003,0.000,0.788,0.788
TCGA-67-3774-01A,0.026,0.000,0.034,0.006,0.019,0.000,0.022,0.067,0.088,0.034,0.098,0.001,0.000,0.009,0.000,0.595,0.595
TCGA-38-4628-01A,0.000,0.000,0.008,0.000,0.001,0.000,0.007,0.019,0.118,0.004,0.162,0.002,0.000,0.002,0.000,0.677,0.677
TCGA-50-6595-01A,0.002,0.000,0.020,0.024,0.000,0.000,0.007,0.092,0.216,0.021,0.109,0.000,0.001,0.006,0.001,0.500,0.500
TCGA-55-7903-01A,0.002,0.000,0.005,0.042,0.000,0.000,0.013,0.031,0.022,0.003,0.067,0.000,0.000,0.006,0.000,0.810,0.810
TCGA-50-5051-01A,0.021,0.000,0.005,0.005,0.000,0.000,0.020,0.049,0.041,0.042,0.017,0.000,0.000,0.006,0.000,0.793,0.793
TCGA-86-6851-01A,0.096,0.013,0.045,0.106,0.009,0.000,0.023,0.036,0.072,0.004,0.138,0.002,0.002,0.024,0.000,0.430,0.430
TCGA-75-6205-01A,0.009,0.004,0.038,0.030,0.020,0.001,0.080,0.072,0.145,0.012,0.230,0.008,0.001,0.011,0.001,0.338,0.338
TCGA-55-8091-01A,0.022,0.000,0.019,0.012,0.000,0.000,0.033,0.057,0.242,0.008,0.130,0.005,0.001,0.010,0.000,0.459,0.459
TCGA-44-4112-01A,0.024,0.000,0.012,0.009,0.002,0.000,0.007,0.039,0.166,0.012,0.087,0.006,0.000,0.006,0.000,0.628,0.628
TCGA-44-3917-01A,0.042,0.005,0.026,0.053,0.002,0.000,0.010,0.017,0.064,0.008,0.091,0.000,0.000,0.009,0.000,0.673,0.673
TCGA-49-4505-01A,0.029,0.000,0.027,0.002,0.017,0.000,0.047,0.045,0.106,0.021,0.121,0.010,0.000,0.005,0.000,0.568,0.568
TCGA-62-8397-01A,0.019,0.000,0.000,0.000,0.000,0.000,0.030,0.019,0.049,0.000,0.097,0.000,0.000,0.001,0.000,0.785,0.785
TCGA-50-5942-01A,0.028,0.000,0.012,0.003,0.003,0.000,0.027,0.074,0.104,0.031,0.040,0.021,0.000,0.005,0.000,0.652,0.652
TCGA-55-8206-01A,0.017,0.001,0.041,0.001,0.006,0.001,0.068,0.069,0.084,0.017,0.151,0.020,0.000,0.019,0.025,0.480,0.480
TCGA-55-8094-01A,0.016,0.000,0.004,0.000,0.001,0.000,0.000,0.020,0.000,0.004,0.011,0.000,0.000,0.001,0.000,0.942,0.942
TCGA-05-4382-01A,0.048,0.000,0.032,0.001,0.007,0.000,0.000,0.043,0.201,0.010,0.256,0.001,0.000,0.010,0.000,0.390,0.390
TCGA-05-5423-01A,0.018,0.002,0.035,0.001,0.013,0.000,0.048,0.020,0.055,0.009,0.183,0.006,0.000,0.004,0.000,0.605,0.605
TCGA-49-AAR4-01A,0.053,0.000,0.043,0.044,0.088,0.000,0.018,0.033,0.101,0.008,0.079,0.003,0.001,0.006,0.000,0.522,0.522
TCGA-97-A4M3-01A,0.006,0.000,0.006,0.005,0.000,0.000,0.007,0.086,0.073,0.039,0.030,0.000,0.000,0.008,0.000,0.739,0.739
TCGA-05-4397-01A,0.007,0.000,0.025,0.017,0.000,0.000,0.000,0.032,0.008,0.015,0.129,0.000,0.001,0.003,0.000,0.763,0.763
TCGA-55-6984-01A,0.005,0.007,0.013,0.000,0.000,0.000,0.008,0.054,0.020,0.005,0.016,0.000,0.000,0.007,0.000,0.866,0.866
TCGA-05-4427-01A,0.007,0.000,0.014,0.026,0.000,0.000,0.007,0.044,0.066,0.007,0.136,0.000,0.000,0.010,0.000,0.682,0.682
TCGA-86-8281-01A,0.033,0.000,0.016,0.003,0.004,0.000,0.011,0.061,0.051,0.021,0.061,0.000,0.000,0.013,0.000,0.726,0.726
TCGA-44-A4SU-01A,0.047,0.014,0.039,0.003,0.012,0.000,0.021,0.030,0.099,0.010,0.038,0.003,0.000,0.009,0.000,0.674,0.674
TCGA-75-5147-01A,0.041,0.000,0.039,0.010,0.011,0.000,0.020,0.027,0.097,0.018,0.107,0.004,0.001,0.008,0.000,0.616,0.616
TCGA-97-7546-01A,0.015,0.013,0.024,0.009,0.019,0.001,0.027,0.096,0.191,0.019,0.091,0.010,0.001,0.010,0.001,0.473,0.473
TCGA-86-8585-01A,0.027,0.011,0.034,0.025,0.027,0.000,0.016,0.017,0.073,0.004,0.137,0.000,0.000,0.003,0.000,0.626,0.626
TCGA-55-8301-01A,0.065,0.019,0.041,0.046,0.014,0.000,0.024,0.035,0.112,0.022,0.138,0.000,0.001,0.006,0.001,0.475,0.475
TCGA-86-6562-01A,0.010,0.000,0.021,0.001,0.004,0.000,0.001,0.056,0.182,0.007,0.121,0.004,0.000,0.010,0.000,0.581,0.581
TCGA-J2-A4AD-01A,0.005,0.000,0.001,0.006,0.000,0.000,0.001,0.025,0.125,0.011,0.036,0.000,0.000,0.006,0.000,0.784,0.784
TCGA-50-5946-01A,0.008,0.000,0.001,0.023,0.000,0.000,0.000,0.032,0.020,0.006,0.029,0.000,0.000,0.007,0.000,0.872,0.872
TCGA-55-8510-01A,0.017,0.000,0.042,0.027,0.012,0.000,0.032,0.052,0.120,0.014,0.198,0.003,0.000,0.008,0.000,0.473,0.473
TCGA-99-8033-01A,0.006,0.000,0.006,0.067,0.000,0.000,0.006,0.031,0.073,0.007,0.047,0.000,0.000,0.011,0.001,0.745,0.745
TCGA-69-7978-01A,0.032,0.001,0.044,0.045,0.036,0.000,0.021,0.049,0.159,0.012,0.197,0.004,0.000,0.013,0.001,0.385,0.385
TCGA-86-8054-01A,0.000,0.000,0.008,0.001,0.012,0.000,0.001,0.046,0.058,0.000,0.033,0.000,0.000,0.003,0.000,0.836,0.836
TCGA-44-7660-01A,0.006,0.000,0.027,0.002,0.006,0.000,0.009,0.012,0.058,0.002,0.072,0.000,0.000,0.005,0.000,0.799,0.799
TCGA-78-8662-01A,0.007,0.000,0.000,0.002,0.000,0.000,0.003,0.025,0.027,0.005,0.043,0.000,0.000,0.001,0.000,0.887,0.887
TCGA-75-7027-01A,0.011,0.000,0.016,0.002,0.000,0.000,0.002,0.046,0.177,0.002,0.041,0.000,0.000,0.006,0.000,0.696,0.696
TCGA-97-A4M6-01A,0.007,0.009,0.081,0.005,0.028,0.001,0.046,0.063,0.138,0.018,0.107,0.002,0.001,0.013,0.000,0.480,0.480
TCGA-MP-A4SV-01A,0.024,0.002,0.035,0.062,0.018,0.001,0.019,0.041,0.067,0.015,0.078,0.002,0.000,0.010,0.000,0.627,0.627
TCGA-38-4627-01A,0.012,0.000,0.025,0.001,0.011,0.000,0.023,0.075,0.415,0.036,0.142,0.003,0.000,0.006,0.000,0.249,0.249
TCGA-93-A4JO-01A,0.036,0.018,0.043,0.039,0.019,0.001,0.049,0.060,0.089,0.017,0.127,0.004,0.001,0.010,0.001,0.488,0.488
TCGA-05-4426-01A,0.001,0.000,0.018,0.005,0.001,0.000,0.000,0.029,0.070,0.000,0.091,0.001,0.000,0.007,0.000,0.775,0.775
TCGA-97-7937-01A,0.000,0.000,0.000,0.003,0.000,0.000,0.000,0.012,0.066,0.000,0.066,0.000,0.000,0.003,0.000,0.850,0.850
TCGA-75-6206-01A,0.006,0.000,0.008,0.004,0.001,0.000,0.005,0.060,0.079,0.023,0.121,0.001,0.000,0.007,0.000,0.684,0.684
TCGA-62-A472-01A,0.001,0.000,0.024,0.043,0.002,0.000,0.019,0.029,0.027,0.007,0.079,0.004,0.000,0.007,0.000,0.759,0.759
TCGA-97-8174-01A,0.020,0.000,0.043,0.004,0.016,0.001,0.030,0.123,0.184,0.073,0.074,0.005,0.000,0.013,0.000,0.412,0.412
TCGA-44-6777-01A,0.033,0.000,0.029,0.003,0.012,0.000,0.033,0.056,0.263,0.022,0.314,0.001,0.000,0.010,0.000,0.224,0.224
TCGA-62-A46P-01A,0.035,0.000,0.005,0.001,0.000,0.000,0.005,0.070,0.016,0.014,0.041,0.000,0.001,0.003,0.000,0.809,0.809
TCGA-55-8089-01A,0.019,0.002,0.034,0.103,0.000,0.000,0.035,0.053,0.098,0.001,0.227,0.002,0.001,0.017,0.000,0.407,0.407
TCGA-MN-A4N5-01A,0.007,0.000,0.036,0.074,0.001,0.000,0.011,0.047,0.040,0.007,0.068,0.001,0.000,0.012,0.000,0.696,0.696
TCGA-49-AAR9-01A,0.000,0.000,0.000,0.008,0.000,0.000,0.000,0.027,0.032,0.000,0.024,0.000,0.000,0.006,0.000,0.902,0.902
TCGA-86-8671-01A,0.025,0.050,0.071,0.032,0.044,0.001,0.067,0.093,0.174,0.023,0.177,0.006,0.003,0.011,0.001,0.222,0.222
TCGA-49-4507-01A,0.027,0.000,0.003,0.097,0.000,0.000,0.002,0.023,0.044,0.005,0.075,0.000,0.000,0.002,0.000,0.723,0.723
TCGA-62-A46V-01A,0.009,0.000,0.008,0.001,0.000,0.000,0.017,0.020,0.136,0.002,0.093,0.005,0.000,0.004,0.000,0.704,0.704
TCGA-05-4389-01A,0.009,0.000,0.054,0.016,0.039,0.001,0.039,0.022,0.030,0.009,0.126,0.003,0.000,0.006,0.000,0.645,0.645
TCGA-50-6592-01A,0.011,0.000,0.034,0.053,0.001,0.000,0.001,0.042,0.120,0.001,0.110,0.001,0.000,0.015,0.000,0.610,0.610
TCGA-91-6831-01A,0.038,0.000,0.027,0.006,0.001,0.000,0.001,0.044,0.145,0.019,0.113,0.000,0.000,0.013,0.000,0.591,0.591
TCGA-55-6987-01A,0.073,0.035,0.035,0.064,0.023,0.000,0.011,0.051,0.086,0.016,0.187,0.001,0.001,0.010,0.002,0.405,0.405
TCGA-49-4510-01A,0.046,0.000,0.009,0.004,0.001,0.000,0.012,0.052,0.039,0.031,0.045,0.000,0.000,0.002,0.000,0.756,0.756
TCGA-86-8672-01A,0.035,0.000,0.024,0.062,0.004,0.000,0.001,0.027,0.177,0.001,0.098,0.000,0.000,0.004,0.000,0.567,0.567
TCGA-44-2668-01B,0.007,0.022,0.048,0.094,0.004,0.001,0.032,0.080,0.163,0.012,0.067,0.016,0.003,0.095,0.064,0.292,0.292
TCGA-93-A4JQ-01A,0.024,0.070,0.060,0.034,0.015,0.001,0.035,0.061,0.227,0.010,0.067,0.003,0.001,0.012,0.001,0.379,0.379
TCGA-97-8177-01A,0.027,0.000,0.031,0.003,0.010,0.000,0.033,0.045,0.152,0.012,0.184,0.011,0.000,0.005,0.000,0.486,0.486
TCGA-05-4396-01A,0.009,0.000,0.011,0.003,0.002,0.000,0.005,0.046,0.024,0.041,0.025,0.000,0.000,0.009,0.000,0.823,0.823
TCGA-55-6978-01A,0.005,0.000,0.036,0.085,0.008,0.000,0.025,0.056,0.204,0.019,0.176,0.003,0.001,0.019,0.000,0.364,0.364
TCGA-69-8453-01A,0.006,0.001,0.040,0.002,0.019,0.000,0.030,0.058,0.064,0.032,0.275,0.007,0.000,0.009,0.000,0.456,0.456
TCGA-50-7109-01A,0.049,0.000,0.028,0.010,0.008,0.000,0.001,0.052,0.080,0.029,0.063,0.000,0.000,0.009,0.000,0.671,0.671
TCGA-49-4501-01A,0.019,0.011,0.031,0.001,0.021,0.001,0.024,0.045,0.118,0.023,0.091,0.006,0.000,0.002,0.000,0.605,0.605
TCGA-50-5049-01A,0.064,0.013,0.050,0.023,0.038,0.000,0.036,0.051,0.196,0.020,0.235,0.001,0.001,0.004,0.001,0.267,0.267
TCGA-78-8660-01A,0.020,0.001,0.053,0.028,0.019,0.000,0.017,0.046,0.043,0.009,0.137,0.001,0.000,0.004,0.000,0.622,0.622
TCGA-91-6828-01A,0.026,0.000,0.021,0.034,0.006,0.000,0.022,0.073,0.052,0.032,0.168,0.002,0.000,0.028,0.000,0.534,0.534
TCGA-50-6590-01A,0.048,0.001,0.050,0.039,0.006,0.000,0.017,0.039,0.113,0.012,0.178,0.000,0.000,0.005,0.000,0.491,0.491
TCGA-97-8176-01A,0.009,0.000,0.011,0.007,0.002,0.000,0.007,0.049,0.027,0.009,0.099,0.000,0.000,0.015,0.000,0.765,0.765
TCGA-50-5935-01A,0.015,0.000,0.033,0.001,0.015,0.000,0.036,0.051,0.080,0.013,0.086,0.000,0.000,0.006,0.000,0.663,0.663
TCGA-55-7281-01A,0.005,0.000,0.015,0.010,0.000,0.000,0.086,0.028,0.119,0.009,0.179,0.001,0.000,0.002,0.000,0.545,0.545
TCGA-49-4488-01A,0.023,0.000,0.017,0.020,0.002,0.000,0.035,0.019,0.050,0.005,0.082,0.000,0.000,0.001,0.000,0.744,0.744
TCGA-NJ-A55A-01A,0.015,0.053,0.041,0.014,0.027,0.001,0.047,0.078,0.129,0.039,0.050,0.017,0.002,0.014,0.001,0.472,0.472
TCGA-95-8494-01A,0.003,0.000,0.013,0.007,0.000,0.000,0.053,0.013,0.016,0.006,0.083,0.000,0.000,0.004,0.000,0.801,0.801
TCGA-44-2657-01A,0.082,0.067,0.048,0.029,0.052,0.001,0.032,0.049,0.128,0.025,0.127,0.007,0.002,0.008,0.001,0.342,0.342
TCGA-78-7158-01A,0.000,0.000,0.006,0.001,0.000,0.000,0.020,0.029,0.042,0.004,0.058,0.000,0.000,0.003,0.000,0.838,0.838
TCGA-93-7347-01A,0.026,0.004,0.059,0.006,0.031,0.001,0.052,0.050,0.151,0.010,0.148,0.006,0.001,0.007,0.000,0.449,0.449
TCGA-38-4630-01A,0.007,0.000,0.017,0.014,0.022,0.000,0.017,0.031,0.081,0.001,0.044,0.000,0.000,0.005,0.000,0.760,0.760
TCGA-86-7953-01A,0.004,0.000,0.038,0.024,0.000,0.000,0.025,0.054,0.065,0.009,0.171,0.003,0.000,0.017,0.000,0.590,0.590
TCGA-50-5072-01A,0.008,0.000,0.023,0.001,0.001,0.000,0.007,0.052,0.095,0.017,0.067,0.000,0.000,0.008,0.000,0.720,0.720
TCGA-62-A46S-01A,0.049,0.000,0.013,0.000,0.007,0.000,0.012,0.052,0.021,0.035,0.070,0.000,0.000,0.005,0.000,0.735,0.735
TCGA-53-A4EZ-01A,0.015,0.000,0.004,0.019,0.000,0.000,0.009,0.017,0.015,0.009,0.047,0.000,0.000,0.006,0.000,0.857,0.857
TCGA-69-7973-01A,0.015,0.000,0.025,0.010,0.001,0.000,0.017,0.063,0.103,0.017,0.034,0.000,0.000,0.012,0.000,0.701,0.701
TCGA-44-6775-01C,0.017,0.042,0.032,0.040,0.001,0.015,0.044,0.080,0.176,0.037,0.085,0.038,0.005,0.067,0.002,0.320,0.320
TCGA-55-8204-01A,0.058,0.000,0.022,0.001,0.004,0.000,0.029,0.067,0.127,0.024,0.043,0.000,0.000,0.011,0.004,0.609,0.609
TCGA-35-5375-01A,0.030,0.000,0.012,0.003,0.019,0.000,0.005,0.011,0.091,0.000,0.069,0.000,0.000,0.001,0.000,0.758,0.758
TCGA-78-7539-01A,0.018,0.000,0.025,0.038,0.014,0.000,0.035,0.025,0.030,0.003,0.153,0.000,0.000,0.006,0.000,0.652,0.652
TCGA-95-A4VK-01A,0.013,0.022,0.033,0.020,0.002,0.000,0.013,0.060,0.058,0.021,0.032,0.000,0.001,0.009,0.000,0.717,0.717
TCGA-50-5055-01A,0.047,0.105,0.059,0.003,0.033,0.001,0.080,0.084,0.188,0.023,0.091,0.006,0.001,0.005,0.001,0.274,0.274
TCGA-44-7667-01A,0.009,0.000,0.003,0.020,0.001,0.000,0.000,0.047,0.027,0.025,0.045,0.000,0.000,0.001,0.000,0.821,0.821
TCGA-MP-A4TI-01A,0.004,0.001,0.065,0.056,0.012,0.000,0.061,0.065,0.186,0.017,0.210,0.004,0.001,0.010,0.001,0.306,0.306
TCGA-55-6979-01A,0.027,0.000,0.063,0.044,0.003,0.000,0.026,0.056,0.135,0.013,0.231,0.004,0.000,0.009,0.000,0.389,0.389
TCGA-55-7284-01B,0.002,0.000,0.032,0.001,0.011,0.000,0.020,0.103,0.080,0.012,0.151,0.005,0.000,0.010,0.000,0.571,0.571
TCGA-44-6778-01A,0.031,0.035,0.059,0.028,0.056,0.001,0.018,0.117,0.060,0.029,0.230,0.006,0.001,0.020,0.001,0.309,0.309
TCGA-35-4123-01A,0.010,0.000,0.033,0.085,0.034,0.000,0.021,0.016,0.135,0.005,0.172,0.002,0.000,0.002,0.000,0.484,0.484
TCGA-44-6776-01A,0.011,0.000,0.009,0.000,0.000,0.000,0.011,0.057,0.016,0.017,0.031,0.000,0.000,0.004,0.000,0.844,0.844
TCGA-44-2656-01B,0.021,0.013,0.007,0.120,0.016,0.001,0.032,0.067,0.128,0.016,0.128,0.015,0.001,0.073,0.001,0.361,0.361
TCGA-73-4676-01A,0.000,0.000,0.008,0.004,0.002,0.000,0.002,0.037,0.046,0.008,0.119,0.001,0.000,0.003,0.000,0.769,0.769
TCGA-86-8673-01A,0.025,0.000,0.017,0.041,0.002,0.000,0.000,0.037,0.083,0.012,0.060,0.000,0.000,0.005,0.000,0.717,0.717
TCGA-62-8395-01A,0.019,0.000,0.029,0.001,0.003,0.000,0.020,0.073,0.094,0.043,0.092,0.001,0.000,0.012,0.000,0.612,0.612
TCGA-44-A4SS-01A,0.000,0.000,0.041,0.040,0.006,0.000,0.023,0.032,0.131,0.003,0.135,0.000,0.000,0.027,0.000,0.560,0.560
TCGA-86-8358-01A,0.016,0.000,0.050,0.021,0.026,0.000,0.007,0.054,0.047,0.036,0.066,0.001,0.000,0.006,0.000,0.668,0.668
TCGA-55-6968-01A,0.043,0.001,0.060,0.039,0.010,0.000,0.004,0.042,0.064,0.010,0.137,0.001,0.000,0.009,0.000,0.578,0.578
TCGA-99-7458-01A,0.007,0.002,0.048,0.021,0.017,0.000,0.049,0.085,0.135,0.021,0.115,0.002,0.001,0.008,0.000,0.489,0.489
TCGA-05-4424-01A,0.004,0.000,0.018,0.013,0.023,0.000,0.011,0.075,0.086,0.030,0.185,0.002,0.000,0.013,0.000,0.540,0.540
TCGA-38-4631-01A,0.024,0.000,0.012,0.006,0.001,0.000,0.000,0.014,0.056,0.000,0.040,0.000,0.000,0.007,0.001,0.839,0.839
TCGA-55-7283-01A,0.004,0.000,0.024,0.005,0.012,0.000,0.027,0.051,0.036,0.021,0.075,0.005,0.000,0.005,0.000,0.735,0.735
TCGA-95-7567-01A,0.037,0.000,0.037,0.017,0.006,0.000,0.000,0.035,0.075,0.001,0.085,0.000,0.000,0.003,0.000,0.702,0.702
TCGA-38-4629-01A,0.015,0.000,0.023,0.024,0.001,0.000,0.001,0.026,0.177,0.000,0.234,0.000,0.000,0.004,0.000,0.494,0.494
TCGA-91-8497-01A,0.069,0.045,0.052,0.016,0.020,0.006,0.034,0.094,0.123,0.040,0.110,0.010,0.002,0.008,0.001,0.371,0.371
TCGA-78-7540-01A,0.001,0.000,0.009,0.000,0.000,0.000,0.009,0.062,0.007,0.000,0.074,0.000,0.000,0.001,0.000,0.835,0.835
TCGA-55-A48Y-01A,0.043,0.000,0.009,0.000,0.002,0.000,0.000,0.051,0.173,0.007,0.048,0.000,0.000,0.007,0.000,0.660,0.660
TCGA-55-7995-01A,0.002,0.010,0.051,0.078,0.026,0.000,0.010,0.021,0.048,0.000,0.165,0.000,0.001,0.021,0.000,0.566,0.566
TCGA-44-3919-01A,0.018,0.003,0.042,0.017,0.021,0.000,0.046,0.035,0.116,0.010,0.129,0.005,0.001,0.007,0.000,0.549,0.549
TCGA-69-7764-01A,0.029,0.000,0.013,0.001,0.006,0.000,0.008,0.046,0.037,0.032,0.041,0.000,0.000,0.004,0.000,0.781,0.781
TCGA-95-7947-01A,0.005,0.007,0.037,0.039,0.002,0.000,0.011,0.049,0.027,0.007,0.084,0.000,0.000,0.014,0.000,0.716,0.716
TCGA-MP-A4TH-01A,0.055,0.083,0.053,0.019,0.017,0.001,0.051,0.068,0.093,0.024,0.085,0.001,0.001,0.016,0.001,0.433,0.433
TCGA-55-7725-01A,0.007,0.020,0.019,0.013,0.000,0.025,0.028,0.037,0.013,0.001,0.102,0.022,0.000,0.002,0.000,0.710,0.710
TCGA-L9-A5IP-01A,0.017,0.000,0.007,0.020,0.002,0.000,0.000,0.055,0.024,0.017,0.046,0.000,0.000,0.020,0.000,0.791,0.791
TCGA-97-7554-01A,0.035,0.000,0.021,0.015,0.005,0.000,0.003,0.068,0.176,0.007,0.122,0.001,0.000,0.006,0.000,0.539,0.539
TCGA-55-8619-01A,0.025,0.023,0.052,0.002,0.032,0.001,0.019,0.098,0.096,0.027,0.211,0.005,0.001,0.017,0.001,0.390,0.390
TCGA-55-7227-01A,0.006,0.000,0.038,0.003,0.015,0.000,0.046,0.045,0.146,0.012,0.142,0.000,0.000,0.006,0.000,0.540,0.540
TCGA-67-3770-01A,0.013,0.000,0.017,0.001,0.018,0.000,0.019,0.022,0.046,0.014,0.133,0.006,0.000,0.001,0.000,0.710,0.710
TCGA-78-7145-01A,0.000,0.000,0.007,0.000,0.000,0.000,0.019,0.037,0.089,0.007,0.109,0.003,0.000,0.007,0.000,0.722,0.722
TCGA-49-AAR3-01A,0.027,0.001,0.057,0.066,0.026,0.000,0.016,0.044,0.117,0.011,0.169,0.000,0.000,0.005,0.000,0.460,0.460
TCGA-44-A479-01A,0.085,0.017,0.074,0.036,0.023,0.000,0.030,0.042,0.149,0.018,0.124,0.001,0.001,0.012,0.001,0.387,0.387
TCGA-4B-A93V-01A,0.092,0.000,0.034,0.001,0.003,0.000,0.000,0.018,0.010,0.008,0.039,0.000,0.000,0.003,0.000,0.792,0.792
TCGA-78-7633-01A,0.005,0.000,0.002,0.000,0.000,0.000,0.003,0.088,0.000,0.046,0.035,0.000,0.000,0.005,0.000,0.815,0.815
TCGA-NJ-A4YP-01A,0.012,0.000,0.013,0.040,0.014,0.000,0.008,0.059,0.177,0.002,0.040,0.000,0.001,0.008,0.000,0.626,0.626
TCGA-38-4626-01A,0.003,0.000,0.012,0.000,0.001,0.000,0.000,0.125,0.117,0.047,0.310,0.006,0.000,0.016,0.012,0.350,0.350
TCGA-78-7535-01A,0.000,0.000,0.000,0.002,0.000,0.000,0.073,0.020,0.042,0.006,0.160,0.000,0.000,0.003,0.000,0.694,0.694
TCGA-55-6970-01A,0.030,0.000,0.033,0.010,0.016,0.000,0.017,0.062,0.041,0.012,0.121,0.000,0.000,0.010,0.000,0.646,0.646
TCGA-55-6543-01A,0.021,0.000,0.012,0.001,0.005,0.000,0.000,0.045,0.074,0.002,0.168,0.003,0.000,0.009,0.000,0.660,0.660
TCGA-05-4402-01A,0.023,0.000,0.020,0.006,0.000,0.000,0.013,0.025,0.118,0.009,0.138,0.001,0.000,0.008,0.000,0.637,0.637
TCGA-55-1596-01A,0.026,0.000,0.047,0.009,0.002,0.000,0.004,0.034,0.023,0.009,0.054,0.000,0.000,0.004,0.000,0.788,0.788
TCGA-49-4490-01A,0.004,0.000,0.019,0.005,0.002,0.000,0.018,0.051,0.132,0.012,0.047,0.000,0.000,0.003,0.000,0.706,0.706
TCGA-62-A471-01A,0.007,0.000,0.007,0.015,0.000,0.000,0.000,0.030,0.009,0.001,0.011,0.000,0.000,0.007,0.000,0.913,0.913
TCGA-86-A456-01A,0.018,0.000,0.024,0.009,0.021,0.000,0.013,0.050,0.073,0.021,0.171,0.001,0.000,0.008,0.000,0.589,0.589
TCGA-49-4512-01A,0.006,0.000,0.009,0.000,0.000,0.000,0.032,0.022,0.187,0.008,0.139,0.000,0.000,0.002,0.000,0.594,0.594
TCGA-75-5122-01A,0.008,0.000,0.028,0.063,0.047,0.000,0.078,0.034,0.017,0.013,0.376,0.002,0.001,0.004,0.002,0.327,0.327
TCGA-55-A48X-01A,0.031,0.079,0.046,0.027,0.010,0.001,0.037,0.059,0.096,0.026,0.060,0.004,0.002,0.019,0.001,0.503,0.503
TCGA-86-8278-01A,0.033,0.000,0.024,0.016,0.001,0.000,0.017,0.042,0.176,0.001,0.092,0.003,0.000,0.014,0.000,0.580,0.580
TCGA-55-6982-01A,0.020,0.000,0.021,0.013,0.000,0.000,0.015,0.016,0.191,0.005,0.161,0.001,0.000,0.006,0.000,0.550,0.550
TCGA-50-5045-01A,0.044,0.017,0.064,0.002,0.033,0.000,0.050,0.056,0.184,0.021,0.173,0.003,0.001,0.004,0.001,0.347,0.347
TCGA-05-4398-01A,0.027,0.000,0.034,0.025,0.004,0.000,0.031,0.031,0.087,0.008,0.165,0.000,0.000,0.008,0.000,0.579,0.579
TCGA-64-5775-01A,0.000,0.000,0.002,0.000,0.000,0.000,0.000,0.066,0.236,0.000,0.128,0.000,0.000,0.001,0.000,0.565,0.565
TCGA-97-7547-01A,0.017,0.000,0.035,0.001,0.006,0.000,0.012,0.064,0.083,0.004,0.073,0.005,0.000,0.006,0.000,0.694,0.694
TCGA-75-7031-01A,0.019,0.000,0.014,0.017,0.000,0.000,0.010,0.018,0.015,0.013,0.097,0.000,0.000,0.002,0.000,0.796,0.796
TCGA-44-2655-01A,0.017,0.007,0.036,0.001,0.001,0.000,0.027,0.067,0.046,0.022,0.070,0.001,0.000,0.003,0.000,0.702,0.702
TCGA-75-6212-01A,0.032,0.029,0.027,0.001,0.000,0.000,0.047,0.042,0.049,0.010,0.141,0.010,0.000,0.004,0.000,0.606,0.606
TCGA-05-4390-01A,0.034,0.000,0.015,0.000,0.001,0.000,0.000,0.026,0.086,0.016,0.080,0.000,0.000,0.006,0.000,0.734,0.734
TCGA-86-8674-01A,0.020,0.000,0.001,0.005,0.000,0.000,0.003,0.030,0.026,0.007,0.014,0.000,0.000,0.004,0.000,0.889,0.889
TCGA-49-6742-01A,0.000,0.000,0.008,0.005,0.000,0.000,0.000,0.055,0.016,0.019,0.043,0.000,0.000,0.004,0.000,0.850,0.850
TCGA-44-A47B-01A,0.001,0.000,0.013,0.036,0.002,0.000,0.015,0.043,0.048,0.019,0.089,0.003,0.000,0.010,0.000,0.718,0.718
TCGA-MP-A4SW-01A,0.042,0.001,0.035,0.010,0.008,0.000,0.019,0.028,0.064,0.002,0.147,0.001,0.000,0.007,0.000,0.634,0.634
TCGA-64-5815-01A,0.016,0.000,0.028,0.001,0.001,0.000,0.027,0.045,0.301,0.002,0.179,0.001,0.000,0.006,0.000,0.393,0.393
TCGA-MP-A4T8-01A,0.005,0.000,0.011,0.012,0.000,0.000,0.005,0.052,0.138,0.016,0.023,0.000,0.000,0.008,0.000,0.729,0.729
TCGA-NJ-A4YI-01A,0.000,0.000,0.013,0.002,0.001,0.000,0.031,0.026,0.078,0.001,0.141,0.000,0.000,0.011,0.000,0.696,0.696
TCGA-L4-A4E6-01A,0.011,0.000,0.023,0.001,0.012,0.001,0.024,0.126,0.086,0.032,0.436,0.007,0.001,0.008,0.000,0.233,0.233
TCGA-55-8302-01A,0.006,0.000,0.029,0.022,0.000,0.000,0.007,0.023,0.048,0.003,0.093,0.001,0.000,0.006,0.000,0.761,0.761
TCGA-05-4405-01A,0.026,0.000,0.014,0.006,0.009,0.000,0.023,0.051,0.188,0.015,0.128,0.003,0.000,0.012,0.000,0.525,0.525
TCGA-78-7147-01A,0.004,0.000,0.021,0.015,0.013,0.000,0.019,0.015,0.019,0.003,0.058,0.001,0.000,0.004,0.000,0.826,0.826
TCGA-MP-A4TD-01A,0.055,0.017,0.028,0.008,0.013,0.001,0.021,0.067,0.217,0.034,0.056,0.001,0.001,0.008,0.000,0.473,0.473
TCGA-55-6971-01A,0.069,0.021,0.054,0.058,0.017,0.001,0.021,0.065,0.125,0.016,0.148,0.006,0.001,0.020,0.001,0.376,0.376
TCGA-50-6591-01A,0.000,0.000,0.001,0.000,0.000,0.000,0.000,0.067,0.115,0.002,0.006,0.000,0.000,0.005,0.000,0.805,0.805
TCGA-95-7944-01A,0.000,0.000,0.008,0.137,0.000,0.000,0.000,0.026,0.081,0.000,0.100,0.000,0.000,0.003,0.000,0.645,0.645
TCGA-NJ-A4YF-01A,0.029,0.000,0.004,0.007,0.000,0.000,0.000,0.022,0.027,0.007,0.035,0.000,0.000,0.004,0.000,0.863,0.863
TCGA-86-8073-01A,0.001,0.000,0.017,0.010,0.013,0.000,0.007,0.051,0.105,0.015,0.144,0.003,0.000,0.012,0.000,0.621,0.621
TCGA-L9-A7SV-01A,0.001,0.002,0.001,0.012,0.000,0.000,0.008,0.035,0.014,0.011,0.052,0.000,0.000,0.009,0.000,0.857,0.857
TCGA-93-A4JP-01A,0.003,0.000,0.018,0.009,0.000,0.000,0.009,0.165,0.083,0.035,0.179,0.018,0.001,0.015,0.000,0.465,0.465
TCGA-78-7163-01A,0.008,0.000,0.004,0.008,0.000,0.000,0.003,0.011,0.000,0.000,0.016,0.000,0.000,0.002,0.000,0.947,0.947
TCGA-64-1678-01A,0.051,0.000,0.008,0.002,0.000,0.000,0.000,0.003,0.020,0.006,0.009,0.000,0.000,0.000,0.000,0.901,0.901
TCGA-NJ-A55R-01A,0.062,0.018,0.028,0.003,0.006,0.000,0.007,0.064,0.089,0.027,0.031,0.004,0.000,0.007,0.000,0.653,0.653
TCGA-97-A4M7-01A,0.040,0.002,0.070,0.003,0.022,0.000,0.071,0.070,0.120,0.013,0.089,0.008,0.001,0.012,0.000,0.478,0.478
TCGA-38-A44F-01A,0.042,0.024,0.055,0.004,0.017,0.001,0.046,0.070,0.120,0.036,0.126,0.012,0.001,0.008,0.001,0.438,0.438
TCGA-62-8399-01A,0.010,0.000,0.002,0.028,0.005,0.000,0.008,0.105,0.085,0.047,0.042,0.008,0.000,0.014,0.006,0.640,0.640
TCGA-49-4514-01A,0.032,0.000,0.006,0.021,0.002,0.000,0.006,0.024,0.012,0.004,0.032,0.000,0.000,0.000,0.000,0.860,0.860
TCGA-44-5643-01A,0.005,0.010,0.044,0.001,0.022,0.000,0.034,0.030,0.019,0.001,0.039,0.000,0.000,0.004,0.000,0.791,0.791
TCGA-J2-A4AE-01A,0.035,0.012,0.027,0.014,0.014,0.001,0.025,0.062,0.030,0.020,0.082,0.007,0.000,0.006,0.000,0.664,0.664
TCGA-05-4415-01A,0.003,0.000,0.000,0.026,0.000,0.000,0.000,0.034,0.015,0.000,0.046,0.000,0.000,0.005,0.000,0.871,0.871
TCGA-91-6830-01A,0.012,0.000,0.034,0.013,0.018,0.000,0.004,0.098,0.165,0.040,0.117,0.006,0.001,0.019,0.000,0.474,0.474
TCGA-49-6745-01A,0.000,0.000,0.034,0.030,0.001,0.000,0.035,0.056,0.132,0.012,0.154,0.003,0.000,0.015,0.000,0.528,0.528
TCGA-86-A4P7-01A,0.053,0.006,0.044,0.019,0.032,0.001,0.012,0.124,0.085,0.043,0.149,0.008,0.001,0.009,0.001,0.414,0.414
TCGA-44-4112-01B,0.023,0.019,0.020,0.054,0.017,0.038,0.015,0.088,0.178,0.052,0.054,0.030,0.005,0.053,0.003,0.352,0.352
TCGA-55-6975-01A,0.031,0.000,0.017,0.001,0.004,0.000,0.007,0.097,0.227,0.034,0.044,0.000,0.000,0.007,0.000,0.530,0.530
TCGA-95-7039-01A,0.004,0.000,0.009,0.015,0.015,0.000,0.009,0.058,0.089,0.027,0.058,0.000,0.000,0.004,0.000,0.711,0.711
TCGA-44-6147-01B,0.030,0.085,0.007,0.013,0.034,0.065,0.017,0.093,0.207,0.060,0.045,0.019,0.003,0.070,0.001,0.251,0.251
TCGA-05-4432-01A,0.046,0.000,0.044,0.021,0.008,0.000,0.011,0.044,0.068,0.023,0.101,0.000,0.000,0.012,0.000,0.621,0.621
TCGA-49-4487-01A,0.038,0.058,0.045,0.023,0.032,0.000,0.018,0.046,0.139,0.008,0.096,0.000,0.001,0.004,0.001,0.491,0.491
TCGA-55-7727-01A,0.006,0.041,0.028,0.018,0.000,0.000,0.009,0.024,0.034,0.000,0.078,0.008,0.000,0.007,0.000,0.744,0.744
TCGA-73-A9RS-01A,0.036,0.000,0.008,0.014,0.000,0.000,0.000,0.015,0.017,0.005,0.032,0.000,0.000,0.003,0.000,0.868,0.868
TCGA-44-5644-01A,0.027,0.000,0.006,0.001,0.001,0.000,0.000,0.038,0.038,0.011,0.011,0.000,0.001,0.006,0.000,0.861,0.861
TCGA-55-7914-01A,0.059,0.001,0.031,0.029,0.000,0.000,0.010,0.040,0.090,0.002,0.054,0.008,0.000,0.008,0.000,0.668,0.668
TCGA-62-A46R-01A,0.014,0.000,0.037,0.013,0.011,0.001,0.030,0.013,0.061,0.008,0.130,0.006,0.000,0.014,0.000,0.662,0.662
TCGA-49-AARQ-01A,0.011,0.000,0.000,0.052,0.000,0.000,0.011,0.004,0.012,0.000,0.061,0.000,0.000,0.001,0.000,0.847,0.847
TCGA-75-6207-01A,0.001,0.000,0.010,0.001,0.013,0.000,0.000,0.035,0.032,0.005,0.087,0.000,0.000,0.006,0.000,0.811,0.811
TCGA-53-7813-01A,0.079,0.000,0.001,0.015,0.000,0.000,0.002,0.008,0.015,0.010,0.003,0.000,0.000,0.001,0.000,0.866,0.866
TCGA-44-3918-01B,0.015,0.022,0.043,0.101,0.013,0.010,0.018,0.082,0.158,0.037,0.113,0.023,0.004,0.063,0.006,0.292,0.292
TCGA-64-1681-01A,0.006,0.000,0.021,0.000,0.000,0.000,0.047,0.061,0.085,0.026,0.101,0.002,0.000,0.004,0.000,0.646,0.646
TCGA-05-4410-01A,0.055,0.010,0.014,0.054,0.004,0.000,0.018,0.025,0.069,0.009,0.121,0.000,0.001,0.021,0.000,0.597,0.597
TCGA-55-8620-01A,0.028,0.008,0.072,0.003,0.035,0.000,0.008,0.034,0.026,0.003,0.093,0.000,0.000,0.006,0.000,0.683,0.683
TCGA-64-5774-01A,0.035,0.000,0.019,0.021,0.000,0.000,0.000,0.048,0.069,0.009,0.017,0.000,0.000,0.005,0.000,0.777,0.777
TCGA-44-6148-01A,0.037,0.009,0.016,0.002,0.009,0.001,0.034,0.075,0.215,0.028,0.068,0.032,0.000,0.011,0.001,0.465,0.465
TCGA-MN-A4N1-01A,0.012,0.000,0.017,0.008,0.001,0.000,0.008,0.018,0.079,0.000,0.037,0.000,0.000,0.001,0.000,0.819,0.819
TCGA-05-5429-01A,0.009,0.000,0.007,0.002,0.000,0.000,0.007,0.018,0.079,0.003,0.031,0.005,0.000,0.001,0.000,0.837,0.837
