,sample_id,cancer_type,reference_dataset,B Cells,CD4 T,CD8 T,Cancer Cells,DC,Endothelial Cells,Fibroblasts,Macrophages,Mast Cells,NK
0,TCGA-C5-A7UI-01A,CESC,LUAD_ref,0.006,0.000,0.102,0.466,0.043,0.103,0.133,0.129,0.000,0.018
1,TCGA-C5-A902-01A,CESC,LUAD_ref,0.000,0.026,0.087,0.649,0.033,0.045,0.078,0.033,0.000,0.048
2,TCGA-DS-A1OB-01A,CESC,LUAD_ref,0.000,0.016,0.000,0.714,0.022,0.023,0.066,0.161,0.000,0.000
3,TCGA-Q1-A6DW-01A,CESC,LUAD_ref,0.000,0.021,0.016,0.738,0.011,0.084,0.066,0.064,0.000,0.000
4,TCGA-EK-A2R7-01A,CESC,LUAD_ref,0.000,0.019,0.012,0.687,0.047,0.035,0.156,0.043,0.000,0.001
5,TCGA-C5-A7X8-01A,CESC,LUAD_ref,0.000,0.001,0.003,0.504,0.055,0.079,0.342,0.016,0.000,0.000
6,TCGA-Q1-A5R3-01A,CESC,LUAD_ref,0.000,0.000,0.042,0.648,0.046,0.051,0.120,0.082,0.000,0.011
7,TCGA-C5-A7X5-01A,CESC,LUAD_ref,0.000,0.000,0.010,0.736,0.005,0.081,0.089,0.077,0.003,0.000
8,TCGA-ZJ-A8QR-01A,CESC,LUAD_ref,0.000,0.002,0.011,0.810,0.019,0.054,0.048,0.054,0.000,0.003
9,TCGA-HM-A3JK-01A,CESC,LUAD_ref,0.000,0.000,0.005,0.349,0.031,0.109,0.438,0.068,0.000,0.000
10,TCGA-EA-A556-01A,CESC,LUAD_ref,0.000,0.000,0.000,0.567,0.029,0.038,0.366,0.000,0.000,0.000
11,TCGA-VS-A9V4-01A,CESC,LUAD_ref,0.000,0.010,0.000,0.916,0.033,0.000,0.040,0.002,0.000,0.000
12,TCGA-IR-A3L7-01A,CESC,LUAD_ref,0.000,0.005,0.000,0.801,0.023,0.000,0.171,0.000,0.000,0.000
13,TCGA-EK-A2RL-01A,CESC,LUAD_ref,0.000,0.000,0.001,0.851,0.044,0.023,0.074,0.000,0.007,0.000
14,TCGA-VS-A94X-01A,CESC,LUAD_ref,0.000,0.015,0.026,0.760,0.046,0.047,0.061,0.046,0.000,0.000
15,TCGA-VS-A9V3-01A,CESC,LUAD_ref,0.000,0.015,0.031,0.734,0.033,0.032,0.070,0.085,0.000,0.001
16,TCGA-EK-A2RO-01A,CESC,LUAD_ref,0.000,0.000,0.040,0.474,0.020,0.082,0.304,0.080,0.000,0.000
17,TCGA-JW-A5VJ-01A,CESC,LUAD_ref,0.000,0.016,0.000,0.752,0.022,0.045,0.096,0.069,0.000,0.000
18,TCGA-MA-AA42-01A,CESC,LUAD_ref,0.000,0.000,0.151,0.369,0.004,0.041,0.078,0.292,0.000,0.066
19,TCGA-C5-A1MK-01A,CESC,LUAD_ref,0.000,0.000,0.034,0.564,0.030,0.036,0.212,0.124,0.000,0.000
20,TCGA-UC-A7PG-01A,CESC,LUAD_ref,0.000,0.024,0.027,0.659,0.021,0.070,0.133,0.065,0.000,0.000
21,TCGA-VS-A9UH-01A,CESC,LUAD_ref,0.000,0.000,0.073,0.323,0.053,0.078,0.209,0.227,0.000,0.037
22,TCGA-4J-AA1J-01A,CESC,LUAD_ref,0.000,0.000,0.021,0.598,0.036,0.070,0.215,0.059,0.000,0.000
23,TCGA-C5-A1ME-01A,CESC,LUAD_ref,0.000,0.004,0.061,0.645,0.045,0.043,0.124,0.078,0.000,0.000
24,TCGA-C5-A8YR-01A,CESC,LUAD_ref,0.000,0.000,0.085,0.470,0.024,0.088,0.106,0.216,0.000,0.012
25,TCGA-EA-A5FO-01A,CESC,LUAD_ref,0.000,0.012,0.000,0.959,0.026,0.000,0.004,0.000,0.000,0.000
26,TCGA-MA-AA3Z-01A,CESC,LUAD_ref,0.000,0.001,0.045,0.793,0.036,0.000,0.023,0.076,0.000,0.026
27,TCGA-C5-A8XJ-01A,CESC,LUAD_ref,0.000,0.000,0.055,0.539,0.036,0.098,0.220,0.052,0.000,0.000
28,TCGA-R2-A69V-01A,CESC,LUAD_ref,0.000,0.014,0.074,0.339,0.054,0.043,0.099,0.325,0.000,0.053
29,TCGA-C5-A1BM-01A,CESC,LUAD_ref,0.000,0.053,0.025,0.492,0.030,0.064,0.072,0.264,0.000,0.000
30,TCGA-ZJ-AAXD-01A,CESC,LUAD_ref,0.000,0.029,0.026,0.532,0.047,0.076,0.238,0.051,0.000,0.000
31,TCGA-HM-A4S6-01A,CESC,LUAD_ref,0.000,0.000,0.079,0.452,0.034,0.105,0.136,0.190,0.000,0.005
32,TCGA-EA-A5ZF-01A,CESC,LUAD_ref,0.000,0.000,0.000,0.680,0.030,0.015,0.244,0.031,0.000,0.000
33,TCGA-C5-A1M6-01A,CESC,LUAD_ref,0.000,0.000,0.010,0.810,0.008,0.015,0.131,0.027,0.000,0.000
34,TCGA-DG-A2KK-01A,CESC,LUAD_ref,0.000,0.000,0.029,0.735,0.046,0.020,0.095,0.073,0.000,0.001
35,TCGA-HG-A2PA-01A,CESC,LUAD_ref,0.000,0.002,0.029,0.612,0.027,0.055,0.196,0.078,0.000,0.000
36,TCGA-VS-A8EH-01A,CESC,LUAD_ref,0.000,0.000,0.005,0.833,0.020,0.040,0.047,0.055,0.000,0.000
37,TCGA-FU-A5XV-01A,CESC,LUAD_ref,0.000,0.023,0.000,0.842,0.019,0.024,0.039,0.052,0.000,0.000
38,TCGA-C5-A1MF-01A,CESC,LUAD_ref,0.000,0.007,0.034,0.583,0.027,0.037,0.189,0.122,0.000,0.000
39,TCGA-EX-A449-01A,CESC,LUAD_ref,0.000,0.013,0.005,0.941,0.021,0.000,0.007,0.012,0.000,0.000
40,TCGA-C5-A2LX-01A,CESC,LUAD_ref,0.023,0.058,0.078,0.427,0.078,0.029,0.155,0.132,0.000,0.020
41,TCGA-HM-A3JJ-01A,CESC,LUAD_ref,0.000,0.000,0.015,0.484,0.049,0.063,0.282,0.092,0.000,0.014
42,TCGA-LP-A4AW-01A,CESC,LUAD_ref,0.000,0.000,0.018,0.370,0.048,0.156,0.366,0.043,0.000,0.000
43,TCGA-C5-A8XH-01A,CESC,LUAD_ref,0.000,0.000,0.041,0.587,0.042,0.073,0.117,0.140,0.000,0.000
44,TCGA-EK-A2RE-01A,CESC,LUAD_ref,0.000,0.000,0.009,0.781,0.007,0.070,0.086,0.046,0.000,0.000
45,TCGA-EK-A2RC-01A,CESC,LUAD_ref,0.000,0.028,0.031,0.544,0.050,0.050,0.185,0.102,0.000,0.011
46,TCGA-EA-A3HU-01A,CESC,LUAD_ref,0.000,0.004,0.104,0.497,0.046,0.034,0.099,0.140,0.000,0.076
47,TCGA-EK-A2PI-01A,CESC,LUAD_ref,0.000,0.011,0.000,0.660,0.004,0.049,0.240,0.036,0.000,0.000
48,TCGA-EX-A8YF-01A,CESC,LUAD_ref,0.000,0.000,0.063,0.718,0.059,0.045,0.060,0.047,0.000,0.008
49,TCGA-C5-A7UC-01A,CESC,LUAD_ref,0.000,0.000,0.023,0.734,0.009,0.084,0.100,0.050,0.000,0.000
50,TCGA-EA-A3QE-01A,CESC,LUAD_ref,0.000,0.050,0.107,0.487,0.026,0.042,0.089,0.155,0.000,0.044
51,TCGA-EA-A4BA-01A,CESC,LUAD_ref,0.000,0.000,0.020,0.605,0.049,0.089,0.237,0.000,0.000,0.000
52,TCGA-EA-A411-01A,CESC,LUAD_ref,0.000,0.018,0.025,0.490,0.034,0.062,0.295,0.075,0.000,0.000
53,TCGA-IR-A3LL-01A,CESC,LUAD_ref,0.000,0.016,0.072,0.480,0.035,0.014,0.080,0.250,0.000,0.053
54,TCGA-IR-A3LF-01A,CESC,LUAD_ref,0.000,0.000,0.042,0.754,0.036,0.048,0.113,0.008,0.000,0.000
55,TCGA-EK-A3GJ-01A,CESC,LUAD_ref,0.000,0.000,0.069,0.638,0.013,0.021,0.022,0.209,0.000,0.027
56,TCGA-ZJ-AAXI-01A,CESC,LUAD_ref,0.000,0.034,0.000,0.873,0.022,0.021,0.025,0.020,0.000,0.004
57,TCGA-C5-A1BI-01B,CESC,LUAD_ref,0.000,0.000,0.052,0.492,0.045,0.072,0.158,0.167,0.000,0.014
58,TCGA-EK-A3GK-01A,CESC,LUAD_ref,0.000,0.000,0.031,0.848,0.040,0.013,0.038,0.030,0.000,0.000
59,TCGA-EA-A3HT-01A,CESC,LUAD_ref,0.000,0.012,0.028,0.487,0.030,0.043,0.266,0.134,0.000,0.000
60,TCGA-C5-A2M1-01A,CESC,LUAD_ref,0.000,0.000,0.062,0.737,0.036,0.041,0.040,0.086,0.000,0.000
61,TCGA-VS-AA62-01A,CESC,LUAD_ref,0.000,0.000,0.080,0.531,0.028,0.080,0.108,0.158,0.000,0.015
62,TCGA-JW-A5VL-01A,CESC,LUAD_ref,0.000,0.000,0.061,0.596,0.039,0.065,0.064,0.146,0.000,0.029
63,TCGA-EK-A2IR-01A,CESC,LUAD_ref,0.000,0.015,0.000,0.779,0.041,0.052,0.113,0.000,0.000,0.000
64,TCGA-VS-A9UD-01A,CESC,LUAD_ref,0.000,0.000,0.092,0.467,0.059,0.038,0.028,0.268,0.000,0.047
65,TCGA-VS-A9UR-01A,CESC,LUAD_ref,0.000,0.000,0.000,0.844,0.031,0.033,0.093,0.000,0.000,0.000
66,TCGA-FU-A3EO-01A,CESC,LUAD_ref,0.000,0.002,0.040,0.675,0.033,0.006,0.121,0.123,0.000,0.000
67,TCGA-JX-A3Q0-01A,CESC,LUAD_ref,0.000,0.000,0.044,0.667,0.039,0.046,0.047,0.150,0.000,0.008
68,TCGA-VS-A8QH-01A,CESC,LUAD_ref,0.000,0.012,0.000,0.923,0.014,0.017,0.018,0.017,0.000,0.000
69,TCGA-EK-A2RM-01A,CESC,LUAD_ref,0.000,0.000,0.024,0.620,0.006,0.014,0.247,0.088,0.000,0.000
70,TCGA-ZJ-AAX8-01A,CESC,LUAD_ref,0.000,0.010,0.026,0.463,0.047,0.068,0.274,0.111,0.000,0.000
71,TCGA-DR-A0ZL-01A,CESC,LUAD_ref,0.000,0.029,0.006,0.893,0.014,0.025,0.016,0.017,0.000,0.000
72,TCGA-2W-A8YY-01A,CESC,LUAD_ref,0.000,0.000,0.000,0.757,0.057,0.060,0.085,0.040,0.000,0.000
73,TCGA-BI-A0VR-01A,CESC,LUAD_ref,0.016,0.000,0.080,0.531,0.032,0.062,0.156,0.115,0.000,0.008
74,TCGA-FU-A23L-01A,CESC,LUAD_ref,0.000,0.010,0.048,0.660,0.037,0.038,0.123,0.076,0.000,0.009
75,TCGA-VS-A8EJ-01A,CESC,LUAD_ref,0.000,0.001,0.000,0.787,0.019,0.037,0.113,0.043,0.000,0.000
76,TCGA-DS-A0VK-01A,CESC,LUAD_ref,0.000,0.019,0.000,0.691,0.018,0.076,0.146,0.050,0.000,0.000
77,TCGA-LP-A4AX-01A,CESC,LUAD_ref,0.000,0.000,0.097,0.400,0.033,0.108,0.209,0.132,0.000,0.022
78,TCGA-EK-A2RJ-01A,CESC,LUAD_ref,0.000,0.000,0.085,0.594,0.013,0.068,0.052,0.162,0.000,0.025
79,TCGA-JW-A852-01A,CESC,LUAD_ref,0.000,0.026,0.000,0.780,0.042,0.035,0.032,0.068,0.000,0.017
80,TCGA-Q1-A73S-01A,CESC,LUAD_ref,0.001,0.000,0.000,0.875,0.009,0.015,0.057,0.043,0.000,0.000
81,TCGA-ZJ-AAXU-01A,CESC,LUAD_ref,0.037,0.033,0.075,0.581,0.024,0.046,0.125,0.077,0.000,0.002
82,TCGA-C5-A1MI-01A,CESC,LUAD_ref,0.000,0.000,0.040,0.744,0.054,0.026,0.117,0.019,0.000,0.000
83,TCGA-VS-A8QA-01A,CESC,LUAD_ref,0.004,0.000,0.029,0.913,0.012,0.020,0.010,0.012,0.000,0.000
84,TCGA-EA-A5ZD-01A,CESC,LUAD_ref,0.000,0.027,0.000,0.595,0.033,0.060,0.116,0.155,0.000,0.014
85,TCGA-XS-A8TJ-01A,CESC,LUAD_ref,0.000,0.032,0.000,0.702,0.033,0.063,0.105,0.056,0.000,0.009
86,TCGA-C5-A7CO-01A,CESC,LUAD_ref,0.000,0.000,0.022,0.796,0.034,0.046,0.034,0.065,0.000,0.002
87,TCGA-MY-A5BF-01A,CESC,LUAD_ref,0.000,0.013,0.088,0.692,0.022,0.044,0.028,0.113,0.000,0.000
88,TCGA-C5-A1BL-01A,CESC,LUAD_ref,0.000,0.001,0.050,0.749,0.009,0.016,0.007,0.165,0.000,0.003
89,TCGA-C5-A1M5-01A,CESC,LUAD_ref,0.003,0.062,0.002,0.659,0.027,0.039,0.140,0.059,0.000,0.008
90,TCGA-DS-A5RQ-01A,CESC,LUAD_ref,0.000,0.006,0.008,0.624,0.036,0.064,0.115,0.134,0.000,0.012
91,TCGA-JW-A5VG-01A,CESC,LUAD_ref,0.000,0.000,0.067,0.525,0.054,0.089,0.135,0.107,0.000,0.022
92,TCGA-WL-A834-01A,CESC,LUAD_ref,0.000,0.000,0.014,0.751,0.025,0.077,0.089,0.044,0.000,0.000
93,TCGA-DS-A1OD-01A,CESC,LUAD_ref,0.000,0.051,0.099,0.416,0.060,0.048,0.199,0.118,0.000,0.008
94,TCGA-Q1-A5R1-01A,CESC,LUAD_ref,0.000,0.017,0.000,0.790,0.035,0.026,0.079,0.053,0.000,0.000
95,TCGA-ZJ-AAXF-01A,CESC,LUAD_ref,0.000,0.065,0.031,0.434,0.060,0.106,0.237,0.067,0.000,0.000
96,TCGA-LP-A5U2-01A,CESC,LUAD_ref,0.000,0.004,0.046,0.839,0.022,0.014,0.034,0.041,0.000,0.000
97,TCGA-C5-A7CK-01A,CESC,LUAD_ref,0.000,0.000,0.011,0.610,0.017,0.109,0.226,0.028,0.000,0.000
98,TCGA-ZJ-AB0H-01A,CESC,LUAD_ref,0.000,0.027,0.037,0.539,0.038,0.056,0.149,0.150,0.000,0.004
99,TCGA-EK-A2R9-01A,CESC,LUAD_ref,0.005,0.005,0.072,0.378,0.052,0.047,0.366,0.074,0.000,0.000
100,TCGA-VS-A954-01A,CESC,LUAD_ref,0.000,0.010,0.016,0.602,0.023,0.051,0.197,0.098,0.000,0.003
101,TCGA-Q1-A73O-01A,CESC,LUAD_ref,0.000,0.006,0.059,0.624,0.007,0.074,0.119,0.110,0.000,0.000
102,TCGA-VS-A9U6-01A,CESC,LUAD_ref,0.000,0.000,0.049,0.635,0.018,0.061,0.151,0.086,0.000,0.000
103,TCGA-EK-A3GM-01A,CESC,LUAD_ref,0.000,0.003,0.004,0.949,0.012,0.010,0.010,0.011,0.001,0.000
104,TCGA-C5-A7CJ-01A,CESC,LUAD_ref,0.000,0.019,0.041,0.481,0.043,0.097,0.216,0.104,0.000,0.000
105,TCGA-FU-A3WB-01A,CESC,LUAD_ref,0.000,0.000,0.000,0.720,0.044,0.076,0.160,0.000,0.000,0.000
106,TCGA-VS-A9V1-01A,CESC,LUAD_ref,0.000,0.000,0.012,0.926,0.030,0.000,0.019,0.012,0.000,0.000
107,TCGA-C5-A1ML-01A,CESC,LUAD_ref,0.000,0.000,0.015,0.661,0.034,0.090,0.111,0.088,0.001,0.000
108,TCGA-IR-A3LB-01A,CESC,LUAD_ref,0.000,0.000,0.042,0.561,0.040,0.045,0.242,0.054,0.016,0.000
109,TCGA-VS-A9U7-01A,CESC,LUAD_ref,0.000,0.021,0.045,0.592,0.043,0.049,0.091,0.134,0.000,0.024
110,TCGA-EK-A2RK-01A,CESC,LUAD_ref,0.000,0.030,0.002,0.752,0.035,0.039,0.068,0.063,0.000,0.010
111,TCGA-C5-A905-01A,CESC,LUAD_ref,0.000,0.027,0.000,0.933,0.020,0.007,0.000,0.014,0.000,0.000
112,TCGA-C5-A3HL-01A,CESC,LUAD_ref,0.000,0.020,0.004,0.736,0.023,0.057,0.112,0.047,0.000,0.000
113,TCGA-C5-A1MH-01A,CESC,LUAD_ref,0.000,0.003,0.041,0.468,0.044,0.088,0.125,0.215,0.000,0.015
114,TCGA-Q1-A5R2-01A,CESC,LUAD_ref,0.000,0.000,0.045,0.536,0.019,0.040,0.185,0.150,0.000,0.025
115,TCGA-FU-A3HY-01A,CESC,LUAD_ref,0.000,0.009,0.008,0.881,0.006,0.035,0.036,0.023,0.000,0.000
116,TCGA-EA-A439-01A,CESC,LUAD_ref,0.000,0.000,0.032,0.566,0.040,0.036,0.325,0.001,0.000,0.000
117,TCGA-C5-A7UH-01A,CESC,LUAD_ref,0.000,0.002,0.029,0.623,0.051,0.083,0.100,0.112,0.000,0.000
118,TCGA-C5-A1M7-01A,CESC,LUAD_ref,0.023,0.038,0.017,0.690,0.021,0.051,0.081,0.079,0.000,0.000
119,TCGA-EA-A50E-01A,CESC,LUAD_ref,0.000,0.000,0.014,0.433,0.033,0.097,0.242,0.181,0.000,0.000
120,TCGA-VS-A9V5-01A,CESC,LUAD_ref,0.000,0.000,0.012,0.800,0.052,0.073,0.063,0.000,0.000,0.000
121,TCGA-BI-A20A-01A,CESC,LUAD_ref,0.000,0.025,0.006,0.612,0.067,0.046,0.143,0.102,0.000,0.000
122,TCGA-C5-A2LV-01A,CESC,LUAD_ref,0.000,0.000,0.051,0.490,0.042,0.094,0.177,0.140,0.000,0.005
123,TCGA-C5-A2LZ-01A,CESC,LUAD_ref,0.000,0.014,0.030,0.791,0.030,0.033,0.032,0.061,0.000,0.008
124,TCGA-Q1-A6DV-01A,CESC,LUAD_ref,0.000,0.023,0.018,0.834,0.026,0.032,0.051,0.016,0.000,0.000
125,TCGA-EK-A3GN-01A,CESC,LUAD_ref,0.000,0.001,0.008,0.874,0.011,0.030,0.048,0.029,0.000,0.000
126,TCGA-ZJ-A8QQ-01A,CESC,LUAD_ref,0.000,0.028,0.013,0.773,0.016,0.045,0.044,0.081,0.000,0.000
127,TCGA-LP-A5U3-01A,CESC,LUAD_ref,0.000,0.010,0.020,0.833,0.013,0.014,0.008,0.101,0.000,0.001
128,TCGA-VS-A94Z-01A,CESC,LUAD_ref,0.000,0.000,0.128,0.486,0.056,0.040,0.123,0.118,0.000,0.049
129,TCGA-EK-A2PG-01A,CESC,LUAD_ref,0.000,0.000,0.000,0.939,0.004,0.005,0.000,0.051,0.000,0.000
130,TCGA-DG-A2KL-01A,CESC,LUAD_ref,0.000,0.000,0.037,0.421,0.029,0.070,0.311,0.133,0.000,0.000
131,TCGA-EA-A6QX-01A,CESC,LUAD_ref,0.000,0.005,0.022,0.699,0.033,0.033,0.110,0.086,0.000,0.012
132,TCGA-VS-A9UT-01A,CESC,LUAD_ref,0.000,0.000,0.073,0.161,0.061,0.074,0.285,0.328,0.000,0.019
133,TCGA-C5-A8ZZ-01A,CESC,LUAD_ref,0.000,0.000,0.000,0.503,0.038,0.083,0.341,0.036,0.000,0.000
134,TCGA-VS-A959-01A,CESC,LUAD_ref,0.000,0.000,0.016,0.718,0.044,0.031,0.123,0.068,0.000,0.000
135,TCGA-VS-A950-01A,CESC,LUAD_ref,0.005,0.000,0.024,0.623,0.021,0.104,0.136,0.087,0.000,0.000
136,TCGA-VS-A9UM-01A,CESC,LUAD_ref,0.000,0.046,0.019,0.505,0.040,0.068,0.166,0.149,0.000,0.006
137,TCGA-DS-A0VM-01A,CESC,LUAD_ref,0.000,0.017,0.001,0.592,0.022,0.073,0.197,0.098,0.000,0.000
138,TCGA-VS-A957-01A,CESC,LUAD_ref,0.000,0.008,0.000,0.946,0.014,0.011,0.000,0.021,0.000,0.000
139,TCGA-EA-A3HR-01A,CESC,LUAD_ref,0.000,0.007,0.012,0.738,0.009,0.067,0.124,0.044,0.000,0.000
140,TCGA-C5-A2M2-01A,CESC,LUAD_ref,0.000,0.000,0.000,0.956,0.018,0.000,0.026,0.000,0.000,0.000
141,TCGA-VS-A9UV-01A,CESC,LUAD_ref,0.000,0.008,0.000,0.857,0.013,0.050,0.019,0.053,0.000,0.000
142,TCGA-EX-A3L1-01A,CESC,LUAD_ref,0.000,0.019,0.027,0.522,0.000,0.095,0.172,0.165,0.000,0.000
143,TCGA-VS-A9UU-01A,CESC,LUAD_ref,0.000,0.023,0.012,0.832,0.036,0.049,0.037,0.010,0.000,0.000
144,TCGA-MY-A5BE-01A,CESC,LUAD_ref,0.023,0.075,0.186,0.221,0.090,0.058,0.115,0.169,0.000,0.064
145,TCGA-VS-A94W-01A,CESC,LUAD_ref,0.000,0.054,0.039,0.499,0.071,0.076,0.113,0.143,0.000,0.004
146,TCGA-C5-A3HD-01B,CESC,LUAD_ref,0.000,0.030,0.003,0.829,0.011,0.048,0.052,0.027,0.000,0.000
147,TCGA-JX-A3PZ-01A,CESC,LUAD_ref,0.000,0.000,0.044,0.486,0.039,0.059,0.203,0.159,0.000,0.009
148,TCGA-IR-A3LA-01A,CESC,LUAD_ref,0.003,0.017,0.000,0.815,0.008,0.000,0.123,0.033,0.000,0.000
149,TCGA-C5-A3HE-01A,CESC,LUAD_ref,0.000,0.000,0.055,0.674,0.052,0.042,0.061,0.082,0.000,0.033
150,TCGA-Q1-A6DT-01A,CESC,LUAD_ref,0.000,0.007,0.018,0.657,0.014,0.087,0.103,0.115,0.000,0.000
151,TCGA-C5-A7CL-01A,CESC,LUAD_ref,0.000,0.001,0.022,0.632,0.020,0.066,0.141,0.117,0.000,0.000
152,TCGA-IR-A3LK-01A,CESC,LUAD_ref,0.000,0.001,0.024,0.652,0.046,0.062,0.074,0.123,0.000,0.018
153,TCGA-MA-AA3X-01A,CESC,LUAD_ref,0.000,0.018,0.000,0.503,0.003,0.100,0.130,0.232,0.000,0.015
154,TCGA-C5-A7XC-01A,CESC,LUAD_ref,0.000,0.000,0.055,0.558,0.048,0.065,0.181,0.089,0.000,0.003
155,TCGA-VS-A94Y-01A,CESC,LUAD_ref,0.000,0.011,0.026,0.601,0.028,0.066,0.158,0.110,0.000,0.000
156,TCGA-EK-A2PM-01A,CESC,LUAD_ref,0.001,0.002,0.002,0.832,0.002,0.043,0.096,0.021,0.000,0.000
157,TCGA-FU-A3TQ-01A,CESC,LUAD_ref,0.000,0.026,0.024,0.726,0.029,0.058,0.066,0.070,0.000,0.000
158,TCGA-EX-A69M-01A,CESC,LUAD_ref,0.000,0.000,0.060,0.731,0.020,0.057,0.015,0.118,0.000,0.000
159,TCGA-ZJ-AAX4-01A,CESC,LUAD_ref,0.000,0.029,0.020,0.548,0.036,0.071,0.088,0.203,0.000,0.005
160,TCGA-FU-A40J-01A,CESC,LUAD_ref,0.000,0.000,0.054,0.676,0.062,0.046,0.140,0.022,0.000,0.000
161,TCGA-VS-A8QF-01A,CESC,LUAD_ref,0.000,0.001,0.027,0.654,0.024,0.047,0.101,0.145,0.000,0.000
162,TCGA-Q1-A73R-01A,CESC,LUAD_ref,0.000,0.013,0.018,0.673,0.053,0.079,0.164,0.000,0.000,0.000
163,TCGA-VS-A9V0-01A,CESC,LUAD_ref,0.000,0.000,0.014,0.837,0.012,0.044,0.074,0.019,0.000,0.000
164,TCGA-UC-A7PF-01A,CESC,LUAD_ref,0.000,0.014,0.060,0.416,0.053,0.069,0.181,0.178,0.000,0.029
165,TCGA-C5-A1BQ-01C,CESC,LUAD_ref,0.000,0.000,0.100,0.565,0.017,0.056,0.105,0.146,0.000,0.011
166,TCGA-C5-A1MN-01A,CESC,LUAD_ref,0.000,0.000,0.003,0.768,0.024,0.058,0.082,0.065,0.000,0.000
167,TCGA-VS-A8EB-01A,CESC,LUAD_ref,0.000,0.017,0.043,0.641,0.029,0.058,0.118,0.094,0.000,0.000
168,TCGA-MY-A5BD-01A,CESC,LUAD_ref,0.000,0.026,0.000,0.815,0.023,0.023,0.096,0.007,0.010,0.000
169,TCGA-C5-A3HF-01A,CESC,LUAD_ref,0.000,0.035,0.003,0.677,0.053,0.065,0.149,0.018,0.000,0.000
170,TCGA-HM-A6W2-01A,CESC,LUAD_ref,0.000,0.001,0.000,0.507,0.051,0.051,0.315,0.074,0.000,0.000
171,TCGA-C5-A2LS-01A,CESC,LUAD_ref,0.000,0.001,0.000,0.941,0.033,0.000,0.025,0.000,0.000,0.000
172,TCGA-C5-A8YT-01A,CESC,LUAD_ref,0.000,0.000,0.033,0.307,0.029,0.097,0.522,0.000,0.000,0.013
173,TCGA-C5-A901-01A,CESC,LUAD_ref,0.000,0.024,0.024,0.627,0.020,0.087,0.124,0.094,0.000,0.000
174,TCGA-MU-A51Y-01A,CESC,LUAD_ref,0.000,0.027,0.025,0.514,0.049,0.059,0.174,0.143,0.000,0.010
175,TCGA-EA-A5ZE-01A,CESC,LUAD_ref,0.000,0.003,0.024,0.519,0.076,0.070,0.197,0.111,0.000,0.000
176,TCGA-IR-A3LI-01A,CESC,LUAD_ref,0.000,0.014,0.000,0.924,0.030,0.000,0.026,0.005,0.000,0.000
177,TCGA-ZJ-AAXA-01A,CESC,LUAD_ref,0.000,0.009,0.000,0.744,0.012,0.053,0.132,0.049,0.000,0.000
178,TCGA-FU-A3NI-01A,CESC,LUAD_ref,0.000,0.022,0.000,0.657,0.038,0.032,0.213,0.038,0.000,0.000
179,TCGA-DG-A2KM-01A,CESC,LUAD_ref,0.000,0.027,0.215,0.191,0.039,0.020,0.133,0.336,0.000,0.039
180,TCGA-EA-A97N-01A,CESC,LUAD_ref,0.000,0.040,0.004,0.551,0.037,0.089,0.225,0.053,0.000,0.000
181,TCGA-DG-A2KJ-01A,CESC,LUAD_ref,0.008,0.000,0.039,0.623,0.062,0.040,0.101,0.075,0.000,0.052
182,TCGA-VS-A8QM-01A,CESC,LUAD_ref,0.000,0.074,0.043,0.409,0.048,0.119,0.229,0.067,0.000,0.011
183,TCGA-VS-A8EL-01A,CESC,LUAD_ref,0.000,0.000,0.100,0.427,0.045,0.050,0.128,0.212,0.000,0.039
184,TCGA-Q1-A73P-01A,CESC,LUAD_ref,0.000,0.000,0.048,0.777,0.020,0.038,0.057,0.061,0.000,0.000
185,TCGA-PN-A8MA-01A,CESC,LUAD_ref,0.000,0.000,0.015,0.664,0.072,0.092,0.152,0.005,0.000,0.000
186,TCGA-C5-A1BN-01B,CESC,LUAD_ref,0.000,0.018,0.008,0.799,0.015,0.062,0.064,0.033,0.000,0.000
187,TCGA-DS-A1O9-01A,CESC,LUAD_ref,0.000,0.000,0.035,0.390,0.037,0.072,0.227,0.227,0.000,0.012
188,TCGA-DS-A7WH-01A,CESC,LUAD_ref,0.000,0.000,0.031,0.599,0.059,0.054,0.233,0.023,0.000,0.000
189,TCGA-VS-A9UL-01A,CESC,LUAD_ref,0.000,0.000,0.000,0.690,0.045,0.043,0.222,0.000,0.000,0.000
190,TCGA-VS-A953-01A,CESC,LUAD_ref,0.000,0.027,0.024,0.663,0.014,0.092,0.060,0.121,0.000,0.000
191,TCGA-FU-A770-01A,CESC,LUAD_ref,0.000,0.000,0.014,0.843,0.033,0.043,0.024,0.043,0.000,0.000
192,TCGA-C5-A7CM-01A,CESC,LUAD_ref,0.010,0.000,0.010,0.772,0.018,0.046,0.129,0.011,0.005,0.000
193,TCGA-ZJ-AAXT-01A,CESC,LUAD_ref,0.000,0.000,0.028,0.718,0.031,0.084,0.056,0.082,0.000,0.000
194,TCGA-EK-A2R8-01A,CESC,LUAD_ref,0.000,0.000,0.047,0.619,0.033,0.106,0.136,0.055,0.004,0.000
195,TCGA-C5-A1BJ-01A,CESC,LUAD_ref,0.000,0.039,0.010,0.587,0.054,0.068,0.178,0.065,0.000,0.000
196,TCGA-VS-A9UJ-01A,CESC,LUAD_ref,0.000,0.000,0.000,0.789,0.025,0.031,0.155,0.000,0.000,0.000
197,TCGA-EA-A3HQ-01A,CESC,LUAD_ref,0.000,0.021,0.003,0.604,0.025,0.033,0.139,0.176,0.000,0.000
198,TCGA-JX-A5QV-01A,CESC,LUAD_ref,0.000,0.025,0.000,0.731,0.025,0.027,0.061,0.123,0.002,0.006
199,TCGA-C5-A1M8-01A,CESC,LUAD_ref,0.000,0.018,0.000,0.766,0.031,0.000,0.160,0.024,0.000,0.000
200,TCGA-ZJ-AB0I-01A,CESC,LUAD_ref,0.000,0.009,0.012,0.666,0.012,0.078,0.123,0.089,0.000,0.012
201,TCGA-C5-A0TN-01A,CESC,LUAD_ref,0.000,0.018,0.031,0.580,0.029,0.081,0.172,0.090,0.000,0.000
202,TCGA-VS-A9UB-01A,CESC,LUAD_ref,0.000,0.000,0.074,0.459,0.052,0.091,0.091,0.204,0.000,0.028
203,TCGA-LP-A4AU-01A,CESC,LUAD_ref,0.000,0.000,0.056,0.694,0.030,0.094,0.068,0.059,0.000,0.000
204,TCGA-ZJ-AAXN-01A,CESC,LUAD_ref,0.000,0.000,0.051,0.608,0.029,0.091,0.130,0.091,0.000,0.001
205,TCGA-C5-A2LY-01A,CESC,LUAD_ref,0.000,0.000,0.074,0.478,0.067,0.030,0.108,0.189,0.000,0.053
206,TCGA-EK-A2GZ-01A,CESC,LUAD_ref,0.000,0.000,0.023,0.720,0.016,0.037,0.092,0.112,0.000,0.000
207,TCGA-ZJ-A8QO-01A,CESC,LUAD_ref,0.000,0.089,0.033,0.291,0.096,0.061,0.359,0.072,0.000,0.000
208,TCGA-FU-A2QG-01A,CESC,LUAD_ref,0.000,0.000,0.031,0.878,0.019,0.022,0.019,0.022,0.000,0.009
209,TCGA-BI-A0VS-01A,CESC,LUAD_ref,0.000,0.042,0.036,0.438,0.054,0.070,0.279,0.080,0.000,0.000
210,TCGA-DG-A2KH-01A,CESC,LUAD_ref,0.000,0.007,0.000,0.956,0.025,0.000,0.012,0.000,0.000,0.000
211,TCGA-EK-A2RB-01A,CESC,LUAD_ref,0.000,0.000,0.011,0.816,0.017,0.040,0.050,0.060,0.000,0.006
212,TCGA-VS-A8EI-01A,CESC,LUAD_ref,0.000,0.004,0.056,0.551,0.036,0.090,0.172,0.090,0.000,0.000
213,TCGA-EK-A2IP-01A,CESC,LUAD_ref,0.000,0.021,0.005,0.783,0.019,0.062,0.069,0.040,0.000,0.000
214,TCGA-JW-AAVH-01A,CESC,LUAD_ref,0.000,0.015,0.000,0.920,0.020,0.000,0.045,0.000,0.000,0.000
215,TCGA-MU-A5YI-01A,CESC,LUAD_ref,0.000,0.024,0.000,0.408,0.035,0.091,0.405,0.038,0.000,0.000
216,TCGA-C5-A7UE-01A,CESC,LUAD_ref,0.000,0.050,0.000,0.788,0.039,0.041,0.027,0.055,0.000,0.000
217,TCGA-UC-A7PD-01A,CESC,LUAD_ref,0.000,0.020,0.018,0.667,0.022,0.104,0.106,0.062,0.000,0.000
218,TCGA-DS-A1OC-01A,CESC,LUAD_ref,0.000,0.000,0.024,0.730,0.031,0.019,0.067,0.128,0.000,0.000
219,TCGA-EA-A1QT-01A,CESC,LUAD_ref,0.000,0.014,0.000,0.818,0.025,0.000,0.105,0.037,0.000,0.000
220,TCGA-FU-A3TX-01A,CESC,LUAD_ref,0.000,0.057,0.003,0.599,0.045,0.112,0.108,0.076,0.000,0.000
221,TCGA-VS-A9UQ-01A,CESC,LUAD_ref,0.000,0.000,0.040,0.702,0.071,0.006,0.182,0.000,0.000,0.000
222,TCGA-FU-A3YQ-01A,CESC,LUAD_ref,0.000,0.033,0.026,0.441,0.047,0.088,0.206,0.159,0.000,0.000
223,TCGA-EA-A5O9-01A,CESC,LUAD_ref,0.002,0.004,0.010,0.859,0.011,0.021,0.031,0.063,0.000,0.000
224,TCGA-MA-AA3W-01A,CESC,LUAD_ref,0.000,0.035,0.070,0.537,0.066,0.024,0.094,0.136,0.000,0.037
225,TCGA-VS-A8QC-01A,CESC,LUAD_ref,0.000,0.023,0.018,0.587,0.029,0.047,0.239,0.057,0.000,0.000
226,TCGA-VS-A9V2-01A,CESC,LUAD_ref,0.000,0.037,0.045,0.673,0.037,0.052,0.059,0.097,0.000,0.000
227,TCGA-MY-A913-01A,CESC,LUAD_ref,0.000,0.031,0.024,0.606,0.034,0.092,0.104,0.108,0.000,0.000
228,TCGA-JW-A5VK-01A,CESC,LUAD_ref,0.005,0.022,0.000,0.836,0.013,0.032,0.039,0.047,0.004,0.001
229,TCGA-VS-A9UO-01A,CESC,LUAD_ref,0.000,0.000,0.011,0.945,0.039,0.000,0.004,0.000,0.000,0.000
230,TCGA-C5-A7X3-01A,CESC,LUAD_ref,0.019,0.024,0.033,0.502,0.034,0.059,0.204,0.125,0.000,0.000
231,TCGA-C5-A1M9-01A,CESC,LUAD_ref,0.000,0.000,0.029,0.758,0.023,0.060,0.065,0.066,0.000,0.000
232,TCGA-EA-A44S-01A,CESC,LUAD_ref,0.000,0.016,0.016,0.619,0.017,0.039,0.115,0.179,0.000,0.000
233,TCGA-EA-A43B-01A,CESC,LUAD_ref,0.000,0.000,0.066,0.508,0.051,0.081,0.174,0.104,0.000,0.017
234,TCGA-FU-A3HZ-01A,CESC,LUAD_ref,0.000,0.000,0.053,0.565,0.055,0.101,0.156,0.065,0.003,0.002
235,TCGA-C5-A1MJ-01A,CESC,LUAD_ref,0.000,0.000,0.026,0.548,0.025,0.071,0.241,0.089,0.000,0.000
236,TCGA-JW-A69B-01A,CESC,LUAD_ref,0.000,0.015,0.000,0.671,0.020,0.034,0.128,0.122,0.011,0.000
237,TCGA-EA-A3QD-01A,CESC,LUAD_ref,0.005,0.052,0.063,0.358,0.043,0.032,0.210,0.200,0.000,0.038
238,TCGA-MU-A8JM-01A,CESC,LUAD_ref,0.000,0.025,0.034,0.557,0.051,0.074,0.136,0.122,0.000,0.000
239,TCGA-VS-A8EC-01A,CESC,LUAD_ref,0.000,0.017,0.000,0.895,0.032,0.019,0.038,0.000,0.000,0.000
240,TCGA-C5-A1BK-01B,CESC,LUAD_ref,0.000,0.042,0.087,0.507,0.068,0.052,0.090,0.141,0.000,0.014
241,TCGA-VS-A8EG-01A,CESC,LUAD_ref,0.000,0.030,0.000,0.847,0.029,0.037,0.025,0.033,0.000,0.000
242,TCGA-ZJ-AAXJ-01A,CESC,LUAD_ref,0.009,0.012,0.018,0.831,0.008,0.033,0.035,0.049,0.004,0.000
243,TCGA-EK-A2RN-01A,CESC,LUAD_ref,0.000,0.015,0.003,0.668,0.029,0.039,0.050,0.179,0.000,0.017
244,TCGA-MA-AA41-01A,CESC,LUAD_ref,0.000,0.018,0.021,0.706,0.034,0.060,0.078,0.080,0.000,0.005
245,TCGA-C5-A907-01A,CESC,LUAD_ref,0.000,0.000,0.042,0.714,0.040,0.056,0.060,0.078,0.000,0.010
246,TCGA-DS-A0VN-01A,CESC,LUAD_ref,0.000,0.000,0.097,0.363,0.035,0.098,0.185,0.190,0.000,0.031
247,TCGA-VS-A8Q8-01A,CESC,LUAD_ref,0.000,0.002,0.045,0.548,0.048,0.081,0.103,0.152,0.000,0.021
248,TCGA-FU-A23K-01A,CESC,LUAD_ref,0.004,0.017,0.037,0.572,0.066,0.050,0.168,0.070,0.000,0.017
249,TCGA-EA-A410-01A,CESC,LUAD_ref,0.000,0.000,0.078,0.381,0.050,0.135,0.317,0.040,0.000,0.000
250,TCGA-FU-A57G-01A,CESC,LUAD_ref,0.000,0.000,0.000,0.493,0.025,0.173,0.295,0.013,0.000,0.000
251,TCGA-ZJ-AAXB-01A,CESC,LUAD_ref,0.000,0.000,0.006,0.738,0.034,0.032,0.174,0.016,0.000,0.000
252,TCGA-EK-A2PK-01A,CESC,LUAD_ref,0.000,0.000,0.114,0.523,0.061,0.069,0.084,0.097,0.000,0.051
253,TCGA-C5-A1MQ-01A,CESC,LUAD_ref,0.000,0.000,0.030,0.471,0.064,0.028,0.215,0.149,0.000,0.043
254,TCGA-EA-A3HS-01A,CESC,LUAD_ref,0.000,0.019,0.026,0.638,0.018,0.056,0.149,0.091,0.000,0.003
255,TCGA-DS-A7WF-01A,CESC,LUAD_ref,0.000,0.000,0.025,0.590,0.069,0.093,0.222,0.000,0.000,0.000
256,TCGA-VS-A9U5-01A,CESC,LUAD_ref,0.000,0.033,0.031,0.809,0.063,0.020,0.010,0.035,0.000,0.000
257,TCGA-DR-A0ZM-01A,CESC,LUAD_ref,0.000,0.038,0.076,0.547,0.031,0.067,0.087,0.110,0.000,0.043
258,TCGA-VS-A9UZ-01A,CESC,LUAD_ref,0.006,0.004,0.014,0.790,0.037,0.045,0.084,0.019,0.000,0.000
259,TCGA-DS-A7WI-01A,CESC,LUAD_ref,0.000,0.010,0.029,0.661,0.044,0.052,0.087,0.118,0.000,0.000
260,TCGA-EX-A69L-01A,CESC,LUAD_ref,0.000,0.000,0.057,0.513,0.038,0.069,0.131,0.175,0.000,0.017
261,TCGA-Q1-A73Q-01A,CESC,LUAD_ref,0.000,0.037,0.000,0.756,0.039,0.049,0.120,0.000,0.000,0.000
262,TCGA-VS-A9UI-01A,CESC,LUAD_ref,0.000,0.000,0.052,0.769,0.022,0.031,0.004,0.119,0.000,0.003
263,TCGA-C5-A8XI-01A,CESC,LUAD_ref,0.000,0.037,0.056,0.632,0.044,0.042,0.137,0.053,0.000,0.000
264,TCGA-VS-A8Q9-01A,CESC,LUAD_ref,0.000,0.018,0.014,0.742,0.026,0.096,0.057,0.047,0.000,0.000
265,TCGA-C5-A2LT-01A,CESC,LUAD_ref,0.000,0.000,0.063,0.454,0.017,0.118,0.230,0.118,0.000,0.000
266,TCGA-ZX-AA5X-01A,CESC,LUAD_ref,0.000,0.000,0.028,0.385,0.049,0.156,0.265,0.117,0.000,0.000
267,TCGA-GH-A9DA-01A,CESC,LUAD_ref,0.000,0.000,0.057,0.541,0.033,0.100,0.158,0.111,0.000,0.000
268,TCGA-C5-A7CH-01A,CESC,LUAD_ref,0.000,0.000,0.027,0.676,0.024,0.077,0.100,0.097,0.000,0.000
269,TCGA-EA-A3Y4-01A,CESC,LUAD_ref,0.000,0.000,0.120,0.456,0.046,0.068,0.133,0.121,0.000,0.055
270,TCGA-EX-A1H6-01B,CESC,LUAD_ref,0.000,0.000,0.031,0.709,0.024,0.025,0.171,0.040,0.000,0.000
271,TCGA-C5-A1BE-01B,CESC,LUAD_ref,0.000,0.006,0.007,0.789,0.013,0.036,0.077,0.073,0.000,0.000
272,TCGA-C5-A8XK-01A,CESC,LUAD_ref,0.000,0.013,0.021,0.662,0.024,0.071,0.091,0.119,0.000,0.000
273,TCGA-RA-A741-01A,CESC,LUAD_ref,0.000,0.017,0.036,0.584,0.047,0.047,0.162,0.093,0.000,0.013
274,TCGA-VS-A958-01A,CESC,LUAD_ref,0.000,0.000,0.147,0.470,0.054,0.055,0.013,0.212,0.000,0.050
275,TCGA-MA-AA43-01A,CESC,LUAD_ref,0.000,0.000,0.017,0.358,0.038,0.171,0.357,0.060,0.000,0.000
276,TCGA-JW-A5VH-01A,CESC,LUAD_ref,0.000,0.000,0.024,0.583,0.024,0.139,0.230,0.000,0.000,0.000
277,TCGA-VS-A9UY-01A,CESC,LUAD_ref,0.000,0.000,0.039,0.643,0.000,0.101,0.049,0.168,0.000,0.000
278,TCGA-VS-A9UC-01A,CESC,LUAD_ref,0.000,0.011,0.024,0.675,0.021,0.059,0.121,0.079,0.000,0.010
279,TCGA-C5-A8YQ-01A,CESC,LUAD_ref,0.000,0.029,0.000,0.668,0.022,0.054,0.175,0.053,0.000,0.000
280,TCGA-MA-AA3Y-01A,CESC,LUAD_ref,0.000,0.000,0.085,0.425,0.032,0.115,0.151,0.172,0.000,0.021
281,TCGA-VS-A8EK-01A,CESC,LUAD_ref,0.000,0.011,0.000,0.884,0.000,0.011,0.008,0.086,0.000,0.000
282,TCGA-LP-A4AV-01A,CESC,LUAD_ref,0.000,0.000,0.063,0.362,0.059,0.073,0.243,0.177,0.000,0.023
283,TCGA-C5-A7CG-01A,CESC,LUAD_ref,0.000,0.056,0.121,0.401,0.081,0.043,0.125,0.134,0.000,0.038
284,TCGA-VS-A952-01A,CESC,LUAD_ref,0.000,0.023,0.000,0.935,0.011,0.019,0.005,0.008,0.000,0.000
285,TCGA-EK-A2PL-01A,CESC,LUAD_ref,0.000,0.027,0.008,0.804,0.017,0.043,0.052,0.048,0.000,0.000
286,TCGA-EK-A2H1-01A,CESC,LUAD_ref,0.000,0.000,0.042,0.383,0.042,0.146,0.205,0.156,0.000,0.026
287,TCGA-VS-A9UP-01A,CESC,LUAD_ref,0.000,0.000,0.000,0.731,0.045,0.000,0.224,0.000,0.000,0.000
288,TCGA-C5-A1BF-01B,CESC,LUAD_ref,0.000,0.000,0.034,0.419,0.013,0.145,0.267,0.123,0.000,0.000
289,TCGA-DS-A3LQ-01A,CESC,LUAD_ref,0.000,0.000,0.000,0.478,0.043,0.114,0.216,0.149,0.000,0.000
290,TCGA-C5-A1MP-01A,CESC,LUAD_ref,0.000,0.031,0.029,0.347,0.054,0.053,0.280,0.208,0.000,0.000
291,TCGA-EK-A2RA-01A,CESC,LUAD_ref,0.000,0.000,0.053,0.685,0.023,0.040,0.077,0.101,0.000,0.022
292,TCGA-EX-A1H5-01A,CESC,LUAD_ref,0.000,0.004,0.006,0.764,0.040,0.041,0.145,0.000,0.000,0.000
293,TCGA-JW-A5VI-01A,CESC,LUAD_ref,0.000,0.018,0.038,0.618,0.028,0.060,0.166,0.072,0.000,0.000
294,TCGA-JX-A3Q8-01A,CESC,LUAD_ref,0.000,0.000,0.063,0.715,0.032,0.049,0.069,0.052,0.011,0.009
295,TCGA-IR-A3LC-01A,CESC,LUAD_ref,0.000,0.002,0.018,0.760,0.002,0.065,0.079,0.074,0.000,0.000
296,TCGA-EK-A2H0-01A,CESC,LUAD_ref,0.000,0.028,0.008,0.846,0.000,0.015,0.011,0.092,0.000,0.000
297,TCGA-IR-A3LH-01A,CESC,LUAD_ref,0.000,0.000,0.070,0.323,0.043,0.040,0.276,0.240,0.000,0.009
298,TCGA-DS-A1OA-01A,CESC,LUAD_ref,0.000,0.020,0.024,0.587,0.023,0.040,0.187,0.107,0.000,0.011
299,TCGA-DS-A0VL-01A,CESC,LUAD_ref,0.000,0.019,0.022,0.720,0.029,0.049,0.081,0.074,0.000,0.004
300,TCGA-EA-A1QS-01A,CESC,LUAD_ref,0.000,0.000,0.021,0.303,0.026,0.108,0.488,0.054,0.000,0.000
301,TCGA-EA-A78R-01A,CESC,LUAD_ref,0.000,0.024,0.001,0.547,0.061,0.070,0.171,0.125,0.000,0.000
302,TCGA-LP-A7HU-01A,CESC,LUAD_ref,0.000,0.005,0.029,0.625,0.066,0.034,0.154,0.068,0.000,0.019
303,TCGA-UC-A7PI-01A,CESC,LUAD_ref,0.000,0.000,0.002,0.907,0.026,0.006,0.060,0.000,0.000,0.000
304,TCGA-BP-4766-01A,KIRC,LUAD_ref,0.000,0.000,0.000,0.225,0.016,0.363,0.201,0.188,0.000,0.008
305,TCGA-A3-3352-01A,KIRC,LUAD_ref,0.000,0.019,0.000,0.216,0.009,0.371,0.172,0.196,0.000,0.018
306,TCGA-G6-A8L7-01A,KIRC,LUAD_ref,0.000,0.000,0.030,0.265,0.008,0.197,0.370,0.114,0.000,0.016
307,TCGA-A3-A6NN-01A,KIRC,LUAD_ref,0.000,0.000,0.000,0.152,0.006,0.419,0.249,0.145,0.000,0.029
308,TCGA-T7-A92I-01A,KIRC,LUAD_ref,0.004,0.000,0.015,0.199,0.000,0.076,0.373,0.330,0.003,0.000
309,TCGA-B0-5713-01A,KIRC,LUAD_ref,0.000,0.000,0.006,0.207,0.009,0.457,0.190,0.121,0.000,0.010
310,TCGA-CZ-4860-01A,KIRC,LUAD_ref,0.000,0.012,0.015,0.240,0.000,0.091,0.344,0.298,0.000,0.000
311,TCGA-A3-3351-01A,KIRC,LUAD_ref,0.000,0.014,0.063,0.139,0.012,0.314,0.217,0.238,0.000,0.003
312,TCGA-B8-4148-01A,KIRC,LUAD_ref,0.000,0.001,0.065,0.163,0.023,0.344,0.157,0.220,0.000,0.028
313,TCGA-BP-4345-01A,KIRC,LUAD_ref,0.000,0.000,0.037,0.026,0.028,0.326,0.417,0.165,0.000,0.001
314,TCGA-BP-5010-01A,KIRC,LUAD_ref,0.000,0.000,0.029,0.110,0.021,0.286,0.473,0.073,0.000,0.009
315,TCGA-BP-4325-01A,KIRC,LUAD_ref,0.000,0.000,0.034,0.263,0.008,0.280,0.185,0.227,0.000,0.003
316,TCGA-B0-5102-01A,KIRC,LUAD_ref,0.000,0.000,0.027,0.255,0.000,0.326,0.211,0.168,0.000,0.013
317,TCGA-BP-5185-01A,KIRC,LUAD_ref,0.000,0.000,0.038,0.249,0.000,0.255,0.299,0.133,0.000,0.025
318,TCGA-CZ-5986-01A,KIRC,LUAD_ref,0.000,0.018,0.000,0.214,0.005,0.372,0.204,0.188,0.000,0.000
319,TCGA-CW-5590-01A,KIRC,LUAD_ref,0.000,0.000,0.013,0.182,0.007,0.397,0.259,0.135,0.000,0.006
320,TCGA-CJ-4904-01A,KIRC,LUAD_ref,0.000,0.000,0.017,0.139,0.015,0.459,0.224,0.146,0.000,0.000
321,TCGA-BP-4987-01A,KIRC,LUAD_ref,0.000,0.000,0.012,0.175,0.008,0.449,0.216,0.130,0.000,0.010
322,TCGA-B0-4849-01A,KIRC,LUAD_ref,0.000,0.005,0.000,0.206,0.020,0.405,0.202,0.153,0.000,0.010
323,TCGA-BP-4329-01A,KIRC,LUAD_ref,0.000,0.003,0.000,0.179,0.015,0.352,0.280,0.165,0.000,0.006
324,TCGA-A3-3328-01A,KIRC,LUAD_ref,0.000,0.000,0.000,0.831,0.000,0.092,0.026,0.051,0.000,0.000
325,TCGA-CJ-5672-01A,KIRC,LUAD_ref,0.000,0.000,0.063,0.184,0.017,0.248,0.212,0.253,0.000,0.023
326,TCGA-B0-5104-01A,KIRC,LUAD_ref,0.000,0.015,0.000,0.263,0.010,0.345,0.218,0.148,0.000,0.000
327,TCGA-CW-6097-01A,KIRC,LUAD_ref,0.000,0.016,0.034,0.114,0.035,0.235,0.342,0.225,0.000,0.000
328,TCGA-B0-4700-01A,KIRC,LUAD_ref,0.000,0.000,0.070,0.105,0.026,0.202,0.368,0.198,0.000,0.031
329,TCGA-B0-5095-01A,KIRC,LUAD_ref,0.000,0.000,0.020,0.055,0.011,0.328,0.476,0.092,0.000,0.018
330,TCGA-B0-4810-01A,KIRC,LUAD_ref,0.000,0.000,0.026,0.143,0.026,0.332,0.309,0.137,0.000,0.027
331,TCGA-CJ-4901-01A,KIRC,LUAD_ref,0.000,0.000,0.092,0.138,0.027,0.230,0.232,0.253,0.000,0.027
332,TCGA-CJ-4643-01A,KIRC,LUAD_ref,0.000,0.008,0.000,0.131,0.013,0.426,0.247,0.171,0.000,0.003
333,TCGA-B8-A54H-01A,KIRC,LUAD_ref,0.000,0.000,0.062,0.169,0.000,0.460,0.186,0.104,0.000,0.018
334,TCGA-AK-3429-01A,KIRC,LUAD_ref,0.000,0.005,0.068,0.214,0.019,0.318,0.201,0.154,0.000,0.023
335,TCGA-B0-4834-01A,KIRC,LUAD_ref,0.000,0.011,0.000,0.397,0.000,0.439,0.153,0.000,0.000,0.000
336,TCGA-B0-4843-01A,KIRC,LUAD_ref,0.000,0.000,0.000,0.121,0.032,0.355,0.381,0.090,0.000,0.022
337,TCGA-A3-3382-01A,KIRC,LUAD_ref,0.000,0.000,0.032,0.183,0.000,0.268,0.295,0.222,0.000,0.000
338,TCGA-BP-4338-01A,KIRC,LUAD_ref,0.000,0.016,0.000,0.280,0.000,0.174,0.194,0.304,0.000,0.031
339,TCGA-B4-5832-01A,KIRC,LUAD_ref,0.000,0.024,0.025,0.206,0.000,0.278,0.248,0.218,0.000,0.000
340,TCGA-CW-6088-01A,KIRC,LUAD_ref,0.000,0.000,0.000,0.165,0.014,0.494,0.221,0.106,0.000,0.000
341,TCGA-A3-A6NJ-01A,KIRC,LUAD_ref,0.000,0.000,0.044,0.175,0.011,0.391,0.154,0.206,0.000,0.018
342,TCGA-B0-5088-01A,KIRC,LUAD_ref,0.000,0.014,0.012,0.169,0.013,0.300,0.268,0.201,0.000,0.022
343,TCGA-A3-3308-01A,KIRC,LUAD_ref,0.000,0.000,0.000,0.121,0.012,0.386,0.329,0.151,0.000,0.001
344,TCGA-CW-5589-01A,KIRC,LUAD_ref,0.000,0.002,0.000,0.165,0.008,0.414,0.230,0.170,0.000,0.012
345,TCGA-B0-5702-01A,KIRC,LUAD_ref,0.000,0.000,0.019,0.318,0.057,0.163,0.287,0.132,0.000,0.024
346,TCGA-BP-4169-01A,KIRC,LUAD_ref,0.000,0.000,0.014,0.117,0.017,0.360,0.287,0.199,0.000,0.006
347,TCGA-CZ-5468-01A,KIRC,LUAD_ref,0.000,0.000,0.019,0.223,0.010,0.179,0.360,0.194,0.000,0.015
348,TCGA-A3-3313-01A,KIRC,LUAD_ref,0.000,0.000,0.000,0.320,0.007,0.216,0.254,0.203,0.000,0.000
349,TCGA-BP-4782-01A,KIRC,LUAD_ref,0.000,0.000,0.022,0.216,0.002,0.309,0.264,0.179,0.000,0.008
350,TCGA-3Z-A93Z-01A,KIRC,LUAD_ref,0.000,0.000,0.000,0.217,0.008,0.408,0.256,0.088,0.000,0.023
351,TCGA-CZ-5454-01A,KIRC,LUAD_ref,0.000,0.000,0.001,0.169,0.000,0.232,0.234,0.363,0.000,0.001
352,TCGA-A3-3358-01A,KIRC,LUAD_ref,0.000,0.005,0.020,0.189,0.006,0.290,0.191,0.290,0.000,0.010
353,TCGA-CJ-6031-01A,KIRC,LUAD_ref,0.000,0.000,0.024,0.133,0.019,0.253,0.370,0.195,0.000,0.005
354,TCGA-BP-4790-01A,KIRC,LUAD_ref,0.000,0.023,0.029,0.148,0.024,0.289,0.310,0.177,0.000,0.000
355,TCGA-B0-5699-01A,KIRC,LUAD_ref,0.000,0.022,0.000,0.282,0.017,0.358,0.148,0.161,0.000,0.012
356,TCGA-CJ-4635-01A,KIRC,LUAD_ref,0.000,0.001,0.050,0.176,0.004,0.267,0.286,0.217,0.000,0.000
357,TCGA-A3-A8CQ-01A,KIRC,LUAD_ref,0.000,0.000,0.000,0.142,0.023,0.468,0.270,0.097,0.000,0.000
358,TCGA-AK-3447-01A,KIRC,LUAD_ref,0.014,0.001,0.000,0.668,0.000,0.183,0.045,0.084,0.004,0.000
359,TCGA-BP-4159-01A,KIRC,LUAD_ref,0.000,0.000,0.000,0.160,0.020,0.381,0.309,0.113,0.000,0.017
360,TCGA-B0-5698-01A,KIRC,LUAD_ref,0.000,0.007,0.014,0.225,0.004,0.342,0.137,0.272,0.000,0.000
361,TCGA-A3-A8OU-01A,KIRC,LUAD_ref,0.000,0.000,0.000,0.175,0.025,0.380,0.269,0.137,0.000,0.014
362,TCGA-A3-3380-01A,KIRC,LUAD_ref,0.000,0.008,0.000,0.177,0.011,0.422,0.237,0.138,0.000,0.006
363,TCGA-BP-4998-01A,KIRC,LUAD_ref,0.000,0.000,0.017,0.178,0.000,0.312,0.273,0.206,0.000,0.013
364,TCGA-A3-3383-01A,KIRC,LUAD_ref,0.000,0.007,0.024,0.231,0.011,0.308,0.209,0.185,0.000,0.024
365,TCGA-BP-4353-01A,KIRC,LUAD_ref,0.000,0.003,0.019,0.085,0.000,0.422,0.228,0.237,0.000,0.006
366,TCGA-CJ-5686-01A,KIRC,LUAD_ref,0.000,0.000,0.020,0.207,0.005,0.300,0.235,0.231,0.000,0.003
367,TCGA-EU-5907-01A,KIRC,LUAD_ref,0.000,0.000,0.000,0.337,0.000,0.196,0.270,0.197,0.000,0.000
368,TCGA-B0-4703-01A,KIRC,LUAD_ref,0.000,0.000,0.027,0.048,0.030,0.325,0.473,0.098,0.000,0.000
369,TCGA-B0-5119-01A,KIRC,LUAD_ref,0.000,0.003,0.003,0.227,0.007,0.420,0.213,0.120,0.000,0.006
370,TCGA-B0-4822-01A,KIRC,LUAD_ref,0.000,0.000,0.016,0.128,0.024,0.368,0.269,0.158,0.000,0.037
371,TCGA-B4-5835-01A,KIRC,LUAD_ref,0.000,0.004,0.000,0.389,0.000,0.102,0.156,0.345,0.003,0.000
372,TCGA-CZ-5460-01A,KIRC,LUAD_ref,0.000,0.022,0.025,0.234,0.015,0.309,0.199,0.183,0.000,0.013
373,TCGA-B2-3924-01A,KIRC,LUAD_ref,0.000,0.018,0.067,0.157,0.014,0.294,0.132,0.318,0.000,0.000
374,TCGA-CJ-4870-01A,KIRC,LUAD_ref,0.000,0.004,0.000,0.205,0.010,0.449,0.219,0.105,0.000,0.008
375,TCGA-B8-4619-01A,KIRC,LUAD_ref,0.005,0.008,0.005,0.448,0.000,0.256,0.238,0.040,0.000,0.000
376,TCGA-BP-5201-01A,KIRC,LUAD_ref,0.000,0.003,0.054,0.264,0.023,0.271,0.222,0.153,0.000,0.010
377,TCGA-B8-A54J-01A,KIRC,LUAD_ref,0.000,0.000,0.033,0.130,0.014,0.480,0.210,0.120,0.000,0.013
378,TCGA-CZ-5456-01A,KIRC,LUAD_ref,0.000,0.026,0.000,0.263,0.023,0.154,0.269,0.258,0.000,0.006
379,TCGA-B0-4688-01A,KIRC,LUAD_ref,0.000,0.000,0.014,0.073,0.059,0.149,0.545,0.159,0.000,0.000
380,TCGA-A3-3317-01A,KIRC,LUAD_ref,0.000,0.003,0.014,0.186,0.004,0.272,0.346,0.176,0.000,0.000
381,TCGA-B0-5400-01A,KIRC,LUAD_ref,0.000,0.000,0.025,0.170,0.000,0.103,0.417,0.242,0.000,0.044
382,TCGA-G6-A5PC-01A,KIRC,LUAD_ref,0.000,0.000,0.045,0.358,0.017,0.205,0.170,0.165,0.000,0.040
383,TCGA-B0-5100-01A,KIRC,LUAD_ref,0.000,0.000,0.023,0.207,0.000,0.282,0.463,0.004,0.000,0.020
384,TCGA-CW-5585-01A,KIRC,LUAD_ref,0.000,0.008,0.000,0.259,0.005,0.426,0.230,0.064,0.000,0.007
385,TCGA-BP-4343-01A,KIRC,LUAD_ref,0.000,0.000,0.053,0.132,0.005,0.200,0.339,0.270,0.000,0.001
386,TCGA-B2-5636-01A,KIRC,LUAD_ref,0.000,0.000,0.000,0.211,0.011,0.460,0.235,0.083,0.000,0.000
387,TCGA-B0-5081-01A,KIRC,LUAD_ref,0.000,0.044,0.048,0.094,0.037,0.246,0.279,0.214,0.000,0.037
388,TCGA-CW-5580-01A,KIRC,LUAD_ref,0.000,0.016,0.000,0.190,0.000,0.344,0.246,0.203,0.000,0.002
389,TCGA-B2-3924-01A-1,KIRC,LUAD_ref,0.000,0.018,0.067,0.157,0.014,0.294,0.132,0.318,0.000,0.000
390,TCGA-CJ-6027-01A,KIRC,LUAD_ref,0.000,0.000,0.082,0.255,0.010,0.091,0.245,0.294,0.000,0.023
391,TCGA-B0-5075-01A,KIRC,LUAD_ref,0.000,0.000,0.028,0.282,0.000,0.133,0.153,0.394,0.000,0.011
392,TCGA-BP-5200-01A,KIRC,LUAD_ref,0.000,0.000,0.035,0.106,0.014,0.379,0.282,0.184,0.000,0.000
393,TCGA-BP-4158-01A,KIRC,LUAD_ref,0.000,0.004,0.000,0.205,0.015,0.422,0.243,0.098,0.000,0.014
394,TCGA-BP-5173-01A,KIRC,LUAD_ref,0.000,0.000,0.043,0.170,0.014,0.365,0.251,0.157,0.000,0.000
395,TCGA-B0-4710-01A,KIRC,LUAD_ref,0.000,0.000,0.001,0.194,0.026,0.376,0.273,0.117,0.000,0.012
396,TCGA-A3-3367-01A,KIRC,LUAD_ref,0.000,0.012,0.000,0.222,0.011,0.307,0.248,0.200,0.000,0.000
397,TCGA-BP-4344-01A,KIRC,LUAD_ref,0.000,0.000,0.000,0.097,0.020,0.459,0.280,0.139,0.000,0.004
398,TCGA-A3-3335-01A,KIRC,LUAD_ref,0.014,0.032,0.000,0.345,0.000,0.166,0.221,0.202,0.000,0.019
399,TCGA-B0-5099-01A,KIRC,LUAD_ref,0.000,0.000,0.000,0.338,0.000,0.405,0.220,0.036,0.000,0.000
400,TCGA-AK-3427-01A,KIRC,LUAD_ref,0.017,0.000,0.008,0.462,0.000,0.298,0.138,0.071,0.007,0.000
401,TCGA-DV-A4W0-01A,KIRC,LUAD_ref,0.000,0.000,0.000,0.278,0.011,0.360,0.242,0.109,0.000,0.000
402,TCGA-B8-4143-01A,KIRC,LUAD_ref,0.000,0.000,0.066,0.128,0.026,0.269,0.295,0.200,0.000,0.016
403,TCGA-B8-A54K-01A,KIRC,LUAD_ref,0.000,0.000,0.000,0.427,0.000,0.345,0.228,0.000,0.000,0.000
404,TCGA-A3-3311-01A,KIRC,LUAD_ref,0.000,0.000,0.012,0.194,0.012,0.289,0.252,0.241,0.000,0.000
405,TCGA-CZ-4854-01A,KIRC,LUAD_ref,0.000,0.000,0.006,0.306,0.004,0.206,0.318,0.157,0.000,0.004
406,TCGA-B8-4153-01B,KIRC,LUAD_ref,0.000,0.000,0.000,0.229,0.014,0.459,0.195,0.093,0.000,0.010
407,TCGA-B2-A4SR-01A,KIRC,LUAD_ref,0.000,0.022,0.000,0.152,0.019,0.535,0.173,0.098,0.000,0.000
408,TCGA-CZ-5989-01A,KIRC,LUAD_ref,0.000,0.026,0.062,0.134,0.000,0.452,0.103,0.223,0.000,0.000
409,TCGA-CZ-5470-01A,KIRC,LUAD_ref,0.000,0.005,0.023,0.257,0.031,0.230,0.197,0.243,0.000,0.015
410,TCGA-BP-4349-01A,KIRC,LUAD_ref,0.000,0.008,0.000,0.169,0.009,0.469,0.269,0.068,0.000,0.008
411,TCGA-A3-3307-01A,KIRC,LUAD_ref,0.000,0.000,0.013,0.196,0.007,0.407,0.169,0.207,0.000,0.001
412,TCGA-CJ-4641-01A,KIRC,LUAD_ref,0.000,0.047,0.053,0.207,0.022,0.163,0.244,0.247,0.000,0.018
413,TCGA-B0-5098-01A,KIRC,LUAD_ref,0.019,0.000,0.003,0.538,0.026,0.117,0.233,0.063,0.000,0.000
414,TCGA-B0-4699-01A,KIRC,LUAD_ref,0.000,0.000,0.072,0.301,0.007,0.080,0.322,0.219,0.000,0.000
415,TCGA-BP-5199-01A,KIRC,LUAD_ref,0.000,0.000,0.071,0.099,0.027,0.296,0.349,0.136,0.000,0.022
416,TCGA-BP-4337-01A,KIRC,LUAD_ref,0.000,0.018,0.000,0.140,0.032,0.228,0.509,0.072,0.000,0.000
417,TCGA-CZ-4853-01A,KIRC,LUAD_ref,0.000,0.026,0.000,0.295,0.000,0.288,0.235,0.155,0.000,0.000
418,TCGA-B0-5115-01A,KIRC,LUAD_ref,0.000,0.018,0.000,0.129,0.019,0.416,0.299,0.116,0.000,0.003
419,TCGA-B8-A54G-01A,KIRC,LUAD_ref,0.000,0.003,0.133,0.143,0.015,0.156,0.110,0.431,0.000,0.009
