,sample_id,cancer_type,reference_dataset,B Cells,Cancer Cells,Endothelial Cells,Fibroblasts,Mast Cells,T Cells,Myeloid cells
0,TCGA-AG-3896-01A,READ,LUAD_ref,0.004,0.309,0.402,0.285,0.000,0.000,0.000
1,TCGA-DC-4745-01A,READ,LUAD_ref,0.085,0.139,0.532,0.245,0.000,0.000,0.000
2,TCGA-AH-6903-01A,READ,LUAD_ref,0.000,0.401,0.462,0.137,0.000,0.000,0.000
3,TCGA-AG-3599-01A,READ,LUAD_ref,0.004,0.297,0.588,0.111,0.000,0.000,0.000
4,TCGA-AG-3581-01A,READ,LUAD_ref,0.000,0.457,0.329,0.190,0.000,0.000,0.023
5,TCGA-AG-3881-01A,READ,LUAD_ref,0.000,0.171,0.382,0.430,0.000,0.000,0.017
6,TCGA-CL-5917-01A,READ,LUAD_ref,0.000,0.316,0.362,0.322,0.000,0.000,0.000
7,TCGA-AG-3902-01A,READ,LUAD_ref,0.004,0.304,0.552,0.124,0.000,0.001,0.014
8,TCGA-CI-6624-01C,READ,LUAD_ref,0.000,0.772,0.145,0.083,0.000,0.000,0.000
9,TCGA-AF-2692-01A,READ,LUAD_ref,0.000,0.477,0.309,0.213,0.000,0.000,0.000
10,TCGA-DC-6683-01A,READ,LUAD_ref,0.000,0.382,0.339,0.274,0.000,0.000,0.004
11,TCGA-DC-6682-01A,READ,LUAD_ref,0.000,0.626,0.258,0.117,0.000,0.000,0.000
12,TCGA-F5-6702-01A,READ,LUAD_ref,0.000,0.021,0.151,0.820,0.000,0.000,0.008
13,TCGA-AF-4110-01A,READ,LUAD_ref,0.004,0.251,0.412,0.333,0.000,0.000,0.000
14,TCGA-F5-6861-01A,READ,LUAD_ref,0.002,0.250,0.496,0.252,0.000,0.000,0.000
15,TCGA-G5-6235-01A,READ,LUAD_ref,0.000,0.659,0.330,0.011,0.000,0.000,0.000
16,TCGA-AG-3999-01A,READ,LUAD_ref,0.001,0.592,0.106,0.301,0.000,0.000,0.000
17,TCGA-AG-A02N-01A,READ,LUAD_ref,0.000,0.947,0.040,0.013,0.000,0.000,0.000
18,TCGA-AF-6136-01A,READ,LUAD_ref,0.000,0.492,0.401,0.107,0.000,0.000,0.000
19,TCGA-AG-3580-01A,READ,LUAD_ref,0.000,0.576,0.301,0.107,0.000,0.000,0.017
20,TCGA-DY-A1H8-01A,READ,LUAD_ref,0.000,0.959,0.038,0.003,0.000,0.000,0.000
21,TCGA-AG-A032-01A,READ,LUAD_ref,0.000,0.659,0.254,0.087,0.000,0.000,0.000
22,TCGA-EI-6512-01A,READ,LUAD_ref,0.000,0.514,0.301,0.186,0.000,0.000,0.000
23,TCGA-AG-3575-01A,READ,LUAD_ref,0.003,0.116,0.596,0.275,0.000,0.002,0.008
24,TCGA-AF-6672-01A,READ,LUAD_ref,0.000,0.556,0.356,0.087,0.000,0.000,0.000
25,TCGA-EI-6514-01A,READ,LUAD_ref,0.000,0.505,0.271,0.224,0.000,0.000,0.000
26,TCGA-AH-6644-01A,READ,LUAD_ref,0.000,0.303,0.338,0.359,0.000,0.000,0.000
27,TCGA-AF-6655-01A,READ,LUAD_ref,0.000,0.200,0.348,0.452,0.000,0.000,0.000
28,TCGA-AF-A56K-01A,READ,LUAD_ref,0.000,0.383,0.364,0.253,0.000,0.000,0.000
29,TCGA-G5-6641-01A,READ,LUAD_ref,0.000,0.673,0.313,0.013,0.000,0.000,0.000
30,TCGA-DY-A1DG-01A,READ,LUAD_ref,0.000,0.916,0.076,0.008,0.000,0.000,0.000
31,TCGA-AG-4001-01A,READ,LUAD_ref,0.000,0.256,0.341,0.399,0.000,0.000,0.003
32,TCGA-AG-A026-01A,READ,LUAD_ref,0.000,0.725,0.186,0.088,0.000,0.000,0.000
33,TCGA-EI-7004-01A,READ,LUAD_ref,0.000,0.000,0.257,0.742,0.000,0.000,0.000
34,TCGA-AG-3878-01A,READ,LUAD_ref,0.004,0.362,0.230,0.401,0.000,0.000,0.004
35,TCGA-AG-3611-01A,READ,LUAD_ref,0.000,0.488,0.427,0.085,0.000,0.000,0.000
36,TCGA-AF-3400-01A,READ,LUAD_ref,0.000,0.030,0.419,0.475,0.000,0.000,0.076
37,TCGA-G5-6572-01A,READ,LUAD_ref,0.000,0.259,0.239,0.502,0.000,0.000,0.000
38,TCGA-AG-3574-01A,READ,LUAD_ref,0.000,0.626,0.210,0.164,0.000,0.000,0.000
39,TCGA-AG-3605-01A,READ,LUAD_ref,0.126,0.514,0.270,0.090,0.000,0.000,0.000
40,TCGA-AG-3731-01A,READ,LUAD_ref,0.000,0.149,0.469,0.369,0.000,0.000,0.012
41,TCGA-AG-A01J-01A,READ,LUAD_ref,0.000,0.935,0.048,0.017,0.000,0.000,0.000
42,TCGA-AG-A01N-01A,READ,LUAD_ref,0.000,0.762,0.138,0.100,0.000,0.000,0.000
43,TCGA-DT-5265-01A,READ,LUAD_ref,0.000,0.395,0.229,0.375,0.000,0.000,0.000
44,TCGA-AG-A00Y-01A,READ,LUAD_ref,0.001,0.518,0.398,0.084,0.000,0.000,0.000
45,TCGA-AH-6547-01A,READ,LUAD_ref,0.000,0.160,0.540,0.265,0.000,0.003,0.031
46,TCGA-AH-6549-01A,READ,LUAD_ref,0.000,0.175,0.473,0.348,0.000,0.000,0.004
47,TCGA-AF-A56L-01A,READ,LUAD_ref,0.000,0.382,0.356,0.262,0.000,0.000,0.000
48,TCGA-AG-A036-01A,READ,LUAD_ref,0.000,0.789,0.142,0.068,0.000,0.000,0.000
49,TCGA-DC-4749-01A,READ,LUAD_ref,0.000,0.413,0.431,0.148,0.000,0.000,0.008
50,TCGA-AF-2687-01A,READ,LUAD_ref,0.000,0.053,0.388,0.532,0.000,0.000,0.028
51,TCGA-AG-3883-01A,READ,LUAD_ref,0.000,0.286,0.210,0.504,0.000,0.000,0.000
52,TCGA-CL-4957-01A,READ,LUAD_ref,0.000,0.552,0.330,0.118,0.000,0.000,0.001
53,TCGA-AG-A01Y-01A,READ,LUAD_ref,0.001,0.412,0.335,0.251,0.000,0.001,0.000
54,TCGA-AG-3890-01A,READ,LUAD_ref,0.000,0.761,0.150,0.089,0.000,0.000,0.000
55,TCGA-AG-A011-01A,READ,LUAD_ref,0.000,0.901,0.046,0.053,0.000,0.000,0.000
56,TCGA-AG-3592-01A,READ,LUAD_ref,0.000,0.505,0.374,0.121,0.000,0.000,0.000
57,TCGA-AG-3892-01A,READ,LUAD_ref,0.004,0.312,0.566,0.091,0.000,0.000,0.027
58,TCGA-AF-A56N-01A,READ,LUAD_ref,0.000,0.259,0.363,0.378,0.000,0.000,0.000
59,TCGA-EI-6513-01A,READ,LUAD_ref,0.000,0.539,0.307,0.154,0.000,0.000,0.000
60,TCGA-EI-6882-01A,READ,LUAD_ref,0.000,0.182,0.647,0.171,0.000,0.000,0.000
61,TCGA-F5-6812-01A,READ,LUAD_ref,0.000,0.536,0.323,0.141,0.000,0.000,0.000
62,TCGA-AG-3726-01A,READ,LUAD_ref,0.004,0.295,0.415,0.286,0.000,0.000,0.000
63,TCGA-EI-6917-01A,READ,LUAD_ref,0.002,0.020,0.510,0.418,0.000,0.003,0.048
64,TCGA-AG-A02X-01A,READ,LUAD_ref,0.003,0.479,0.445,0.073,0.000,0.000,0.000
65,TCGA-AG-A015-01A,READ,LUAD_ref,0.000,0.881,0.097,0.022,0.000,0.000,0.000
66,TCGA-AF-2693-01A,READ,LUAD_ref,0.000,0.415,0.422,0.163,0.000,0.000,0.000
67,TCGA-AG-4022-01A,READ,LUAD_ref,0.001,0.266,0.401,0.332,0.000,0.000,0.000
68,TCGA-AG-A008-01A,READ,LUAD_ref,0.000,0.588,0.388,0.024,0.000,0.000,0.000
69,TCGA-AG-3582-01A,READ,LUAD_ref,0.000,0.425,0.336,0.238,0.000,0.000,0.000
70,TCGA-G5-6233-01A,READ,LUAD_ref,0.000,0.661,0.264,0.076,0.000,0.000,0.000
71,TCGA-AG-3742-01A,READ,LUAD_ref,0.000,0.485,0.350,0.165,0.000,0.000,0.000
72,TCGA-EI-6509-01A,READ,LUAD_ref,0.000,0.456,0.268,0.276,0.000,0.000,0.000
73,TCGA-AG-3602-01A,READ,LUAD_ref,0.117,0.366,0.285,0.198,0.000,0.000,0.034
74,TCGA-EI-6506-01A,READ,LUAD_ref,0.000,0.447,0.436,0.104,0.000,0.000,0.013
75,TCGA-CI-6622-01A,READ,LUAD_ref,0.000,0.663,0.251,0.085,0.000,0.000,0.000
76,TCGA-AG-3901-01A,READ,LUAD_ref,0.000,0.264,0.292,0.441,0.000,0.000,0.002
77,TCGA-AG-3894-01A,READ,LUAD_ref,0.001,0.333,0.331,0.314,0.000,0.000,0.022
78,TCGA-AG-4015-01A,READ,LUAD_ref,0.000,0.605,0.265,0.129,0.000,0.000,0.001
79,TCGA-AG-3727-01A,READ,LUAD_ref,0.005,0.312,0.342,0.341,0.000,0.000,0.000
80,TCGA-CI-6623-01B,READ,LUAD_ref,0.000,0.583,0.316,0.100,0.000,0.000,0.000
81,TCGA-AG-A02G-01A,READ,LUAD_ref,0.000,0.608,0.316,0.076,0.000,0.000,0.000
82,TCGA-AG-3578-01A,READ,LUAD_ref,0.000,0.844,0.106,0.049,0.000,0.000,0.000
83,TCGA-DC-6681-01A,READ,LUAD_ref,0.000,0.157,0.386,0.458,0.000,0.000,0.000
84,TCGA-AG-3732-01A,READ,LUAD_ref,0.000,0.840,0.119,0.041,0.000,0.000,0.000
85,TCGA-EI-6885-01A,READ,LUAD_ref,0.000,0.039,0.380,0.550,0.000,0.000,0.031
86,TCGA-DC-5337-01A,READ,LUAD_ref,0.000,0.225,0.606,0.161,0.000,0.000,0.008
87,TCGA-F5-6863-01A,READ,LUAD_ref,0.000,0.126,0.553,0.321,0.000,0.000,0.000
88,TCGA-EI-6510-01A,READ,LUAD_ref,0.002,0.672,0.307,0.019,0.000,0.000,0.000
89,TCGA-AG-3587-01A,READ,LUAD_ref,0.000,0.316,0.345,0.333,0.000,0.000,0.005
90,TCGA-F5-6464-01A,READ,LUAD_ref,0.000,0.127,0.466,0.385,0.000,0.000,0.022
91,TCGA-DC-6156-01A,READ,LUAD_ref,0.000,0.103,0.308,0.562,0.000,0.000,0.027
92,TCGA-AG-A016-01A,READ,LUAD_ref,0.000,0.604,0.265,0.130,0.000,0.000,0.001
93,TCGA-F5-6810-01A,READ,LUAD_ref,0.000,0.073,0.424,0.503,0.000,0.000,0.000
94,TCGA-F5-6811-01A,READ,LUAD_ref,0.000,0.171,0.242,0.588,0.000,0.000,0.000
95,TCGA-AG-3584-01A,READ,LUAD_ref,0.000,0.705,0.200,0.095,0.000,0.000,0.000
96,TCGA-AG-3898-01A,READ,LUAD_ref,0.000,0.542,0.299,0.159,0.000,0.000,0.000
97,TCGA-EI-6884-01A,READ,LUAD_ref,0.000,0.175,0.510,0.314,0.000,0.000,0.000
98,TCGA-AG-A002-01A,READ,LUAD_ref,0.000,0.854,0.137,0.009,0.000,0.000,0.000
99,TCGA-AG-3725-01A,READ,LUAD_ref,0.000,0.769,0.208,0.023,0.000,0.000,0.000
100,TCGA-CI-6619-01B,READ,LUAD_ref,0.000,0.460,0.421,0.119,0.000,0.000,0.000
101,TCGA-AG-A00C-01A,READ,LUAD_ref,0.000,0.894,0.092,0.014,0.000,0.000,0.000
102,TCGA-DY-A0XA-01A,READ,LUAD_ref,0.000,0.524,0.234,0.242,0.000,0.000,0.000
103,TCGA-F5-6814-01A,READ,LUAD_ref,0.000,0.136,0.667,0.193,0.000,0.000,0.004
104,TCGA-AG-3893-01A,READ,LUAD_ref,0.000,0.735,0.127,0.138,0.000,0.000,0.000
105,TCGA-AG-3583-01A,READ,LUAD_ref,0.000,0.594,0.332,0.074,0.000,0.000,0.000
106,TCGA-AG-A01W-01A,READ,LUAD_ref,0.000,0.616,0.304,0.080,0.000,0.000,0.000
107,TCGA-AG-A025-01A,READ,LUAD_ref,0.000,0.849,0.106,0.045,0.000,0.000,0.000
108,TCGA-DC-6155-01A,READ,LUAD_ref,0.045,0.427,0.369,0.159,0.000,0.000,0.000
109,TCGA-F5-6813-01A,READ,LUAD_ref,0.000,0.295,0.408,0.298,0.000,0.000,0.000
110,TCGA-AG-A020-01A,READ,LUAD_ref,0.000,0.633,0.334,0.032,0.000,0.000,0.000
111,TCGA-EI-6511-01A,READ,LUAD_ref,0.003,0.370,0.408,0.200,0.000,0.000,0.019
112,TCGA-AG-3608-01A,READ,LUAD_ref,0.004,0.385,0.394,0.209,0.000,0.000,0.007
113,TCGA-AG-A01L-01A,READ,LUAD_ref,0.000,0.548,0.373,0.079,0.000,0.000,0.000
114,TCGA-AG-3586-01A,READ,LUAD_ref,0.000,0.536,0.363,0.101,0.000,0.000,0.000
115,TCGA-AF-3911-01A,READ,LUAD_ref,0.000,0.537,0.274,0.189,0.000,0.000,0.000
116,TCGA-DY-A1DF-01A,READ,LUAD_ref,0.000,0.718,0.231,0.050,0.000,0.000,0.000
117,TCGA-AF-2690-01A,READ,LUAD_ref,0.000,0.019,0.381,0.548,0.003,0.000,0.049
118,TCGA-EI-7002-01A,READ,LUAD_ref,0.000,0.225,0.383,0.392,0.000,0.000,0.000
119,TCGA-AG-3593-01A,READ,LUAD_ref,0.000,0.679,0.262,0.059,0.000,0.000,0.000
120,TCGA-AG-3600-01A,READ,LUAD_ref,0.000,0.800,0.090,0.110,0.000,0.000,0.000
121,TCGA-DC-5869-01A,READ,LUAD_ref,0.000,0.039,0.547,0.414,0.000,0.000,0.000
122,TCGA-EF-5830-01A,READ,LUAD_ref,0.000,0.424,0.456,0.119,0.000,0.000,0.000
123,TCGA-AG-3591-01A,READ,LUAD_ref,0.000,0.586,0.327,0.087,0.000,0.000,0.000
124,TCGA-CI-6620-01A,READ,LUAD_ref,0.000,0.399,0.401,0.199,0.000,0.000,0.000
125,TCGA-DC-6158-01A,READ,LUAD_ref,0.001,0.105,0.400,0.482,0.001,0.001,0.010
126,TCGA-F5-6465-01A,READ,LUAD_ref,0.000,0.118,0.429,0.444,0.000,0.000,0.009
127,TCGA-DC-6157-01A,READ,LUAD_ref,0.000,0.217,0.552,0.231,0.000,0.000,0.000
128,TCGA-AF-2691-01A,READ,LUAD_ref,0.000,0.665,0.184,0.149,0.000,0.000,0.003
129,TCGA-AH-6897-01A,READ,LUAD_ref,0.000,0.258,0.584,0.158,0.000,0.000,0.000
130,TCGA-CI-6621-01A,READ,LUAD_ref,0.000,0.276,0.469,0.243,0.000,0.000,0.011
131,TCGA-AG-3909-01A,READ,LUAD_ref,0.000,0.601,0.229,0.165,0.000,0.000,0.005
132,TCGA-AG-3612-01A,READ,LUAD_ref,0.000,0.233,0.407,0.361,0.000,0.000,0.000
133,TCGA-AG-4005-01A,READ,LUAD_ref,0.000,0.407,0.305,0.288,0.000,0.000,0.000
134,TCGA-EI-6883-01A,READ,LUAD_ref,0.000,0.396,0.436,0.169,0.000,0.000,0.000
135,TCGA-EI-6508-01A,READ,LUAD_ref,0.000,0.496,0.356,0.148,0.000,0.000,0.000
136,TCGA-EI-6881-01A,READ,LUAD_ref,0.000,0.604,0.357,0.039,0.000,0.000,0.000
137,TCGA-AG-3598-01A,READ,LUAD_ref,0.004,0.375,0.500,0.121,0.000,0.000,0.000
138,TCGA-F5-6864-01A,READ,LUAD_ref,0.000,0.101,0.327,0.560,0.000,0.000,0.012
139,TCGA-AG-4008-01A,READ,LUAD_ref,0.000,0.533,0.196,0.270,0.000,0.000,0.000
140,TCGA-F5-6571-01A,READ,LUAD_ref,0.000,0.215,0.379,0.402,0.000,0.000,0.004
141,TCGA-AG-3601-01A,READ,LUAD_ref,0.000,0.581,0.236,0.182,0.000,0.000,0.001
142,TCGA-AG-3609-01A,READ,LUAD_ref,0.000,0.198,0.294,0.468,0.000,0.000,0.041
143,TCGA-AG-3887-01A,READ,LUAD_ref,0.004,0.315,0.446,0.235,0.000,0.000,0.000
144,TCGA-AG-4021-01A,READ,LUAD_ref,0.000,0.374,0.321,0.305,0.000,0.000,0.000
145,TCGA-AG-A023-01A,READ,LUAD_ref,0.000,0.587,0.117,0.296,0.000,0.000,0.000
146,TCGA-EF-5831-01A,READ,LUAD_ref,0.000,0.358,0.386,0.256,0.000,0.000,0.000
147,TCGA-CL-5918-01A,READ,LUAD_ref,0.000,0.671,0.306,0.023,0.000,0.000,0.000
148,TCGA-AG-3885-01A,READ,LUAD_ref,0.005,0.472,0.363,0.161,0.000,0.000,0.000
149,TCGA-AF-5654-01A,READ,LUAD_ref,0.000,0.577,0.302,0.121,0.000,0.000,0.000
150,TCGA-BM-6198-01A,READ,LUAD_ref,0.000,0.534,0.303,0.163,0.000,0.000,0.000
151,TCGA-AG-3728-01A,READ,LUAD_ref,0.005,0.114,0.469,0.397,0.000,0.000,0.015
152,TCGA-DY-A1DC-01A,READ,LUAD_ref,0.000,0.850,0.087,0.063,0.000,0.000,0.000
153,TCGA-EI-6507-01A,READ,LUAD_ref,0.000,0.120,0.469,0.404,0.000,0.005,0.003
154,TCGA-DY-A1DE-01A,READ,LUAD_ref,0.000,0.426,0.448,0.126,0.000,0.000,0.000
155,TCGA-AG-3594-01A,READ,LUAD_ref,0.000,0.478,0.463,0.047,0.000,0.004,0.009
156,TCGA-AG-A00H-01A,READ,LUAD_ref,0.000,0.626,0.158,0.216,0.000,0.000,0.000
157,TCGA-AG-A014-01A,READ,LUAD_ref,0.000,0.752,0.187,0.061,0.000,0.000,0.001
158,TCGA-DY-A1DD-01A,READ,LUAD_ref,0.000,0.883,0.083,0.034,0.000,0.000,0.000
159,TCGA-DC-6154-01A,READ,LUAD_ref,0.000,0.133,0.480,0.386,0.000,0.000,0.001
160,TCGA-DC-6160-01A,READ,LUAD_ref,0.000,0.365,0.533,0.079,0.000,0.000,0.023
161,TCGA-AF-3913-01A,READ,LUAD_ref,0.000,0.306,0.327,0.367,0.000,0.000,0.000
162,TCGA-AH-6643-01A,READ,LUAD_ref,0.000,0.552,0.346,0.102,0.000,0.000,0.000
163,TCGA-AG-4007-01A,READ,LUAD_ref,0.000,0.391,0.343,0.265,0.000,0.000,0.001
164,TCGA-AH-6544-01A,READ,LUAD_ref,0.000,0.601,0.364,0.035,0.000,0.000,0.000
165,TCGA-AG-3882-01A,READ,LUAD_ref,0.000,0.651,0.212,0.134,0.000,0.000,0.003
166,TCGA-55-8508-01A,LUAD,LUAD_ref,0.000,0.369,0.366,0.264,0.000,0.000,0.002
167,TCGA-67-3771-01A,LUAD,LUAD_ref,0.000,0.056,0.347,0.357,0.000,0.000,0.240
168,TCGA-55-A4DG-01A,LUAD,LUAD_ref,0.000,0.821,0.075,0.103,0.000,0.000,0.001
169,TCGA-91-7771-01A,LUAD,LUAD_ref,0.000,0.172,0.491,0.297,0.000,0.005,0.035
170,TCGA-91-6849-01A,LUAD,LUAD_ref,0.000,0.377,0.321,0.153,0.000,0.000,0.149
171,TCGA-64-5781-01A,LUAD,LUAD_ref,0.000,0.101,0.401,0.423,0.000,0.004,0.071
172,TCGA-44-6146-01B,LUAD,LUAD_ref,0.000,0.058,0.728,0.214,0.000,0.000,0.000
173,TCGA-97-7552-01A,LUAD,LUAD_ref,0.000,0.132,0.641,0.197,0.000,0.000,0.030
174,TCGA-80-5608-01A,LUAD,LUAD_ref,0.000,0.505,0.396,0.094,0.000,0.000,0.005
175,TCGA-91-6829-01A,LUAD,LUAD_ref,0.000,0.011,0.204,0.771,0.000,0.000,0.013
176,TCGA-49-AARE-01A,LUAD,LUAD_ref,0.000,0.454,0.236,0.253,0.000,0.000,0.057
177,TCGA-97-A4M1-01A,LUAD,LUAD_ref,0.000,0.555,0.307,0.119,0.000,0.000,0.018
178,TCGA-83-5908-01A,LUAD,LUAD_ref,0.000,0.026,0.709,0.201,0.000,0.000,0.063
179,TCGA-97-8179-01A,LUAD,LUAD_ref,0.000,0.388,0.396,0.142,0.000,0.000,0.074
180,TCGA-64-1680-01A,LUAD,LUAD_ref,0.000,0.656,0.195,0.149,0.000,0.000,0.000
181,TCGA-73-4670-01A,LUAD,LUAD_ref,0.000,0.161,0.322,0.517,0.000,0.000,0.000
182,TCGA-44-3396-01A,LUAD,LUAD_ref,0.000,0.100,0.409,0.398,0.000,0.000,0.093
183,TCGA-80-5611-01A,LUAD,LUAD_ref,0.000,0.106,0.631,0.093,0.000,0.000,0.169
184,TCGA-53-7624-01A,LUAD,LUAD_ref,0.000,0.026,0.764,0.143,0.000,0.003,0.063
185,TCGA-91-6835-01A,LUAD,LUAD_ref,0.000,0.099,0.517,0.288,0.000,0.000,0.097
186,TCGA-L9-A50W-01A,LUAD,LUAD_ref,0.003,0.386,0.456,0.131,0.000,0.000,0.024
187,TCGA-86-7713-01A,LUAD,LUAD_ref,0.000,0.275,0.555,0.170,0.000,0.000,0.000
188,TCGA-50-5044-01A,LUAD,LUAD_ref,0.000,0.260,0.481,0.237,0.000,0.000,0.022
189,TCGA-97-7941-01A,LUAD,LUAD_ref,0.000,0.446,0.323,0.226,0.001,0.000,0.003
190,TCGA-86-7714-01A,LUAD,LUAD_ref,0.000,0.463,0.293,0.243,0.000,0.000,0.001
191,TCGA-62-8402-01A,LUAD,LUAD_ref,0.000,0.157,0.754,0.047,0.000,0.000,0.042
192,TCGA-78-7162-01A,LUAD,LUAD_ref,0.000,0.330,0.429,0.187,0.000,0.000,0.055
193,TCGA-49-AAR0-01A,LUAD,LUAD_ref,0.000,0.586,0.175,0.117,0.000,0.000,0.123
194,TCGA-35-4122-01A,LUAD,LUAD_ref,0.000,0.154,0.411,0.252,0.000,0.005,0.178
195,TCGA-55-7726-01A,LUAD,LUAD_ref,0.000,0.113,0.331,0.548,0.000,0.000,0.008
196,TCGA-62-A46Y-01A,LUAD,LUAD_ref,0.000,0.591,0.312,0.074,0.000,0.000,0.022
197,TCGA-55-6980-01A,LUAD,LUAD_ref,0.000,0.156,0.405,0.406,0.000,0.000,0.034
198,TCGA-05-4430-01A,LUAD,LUAD_ref,0.000,0.128,0.394,0.424,0.001,0.000,0.053
199,TCGA-67-3772-01A,LUAD,LUAD_ref,0.000,0.214,0.331,0.404,0.000,0.000,0.051
200,TCGA-MP-A4SY-01A,LUAD,LUAD_ref,0.000,0.174,0.309,0.455,0.000,0.000,0.062
201,TCGA-78-7148-01A,LUAD,LUAD_ref,0.000,0.433,0.434,0.132,0.000,0.000,0.000
202,TCGA-35-3615-01A,LUAD,LUAD_ref,0.000,0.508,0.251,0.180,0.000,0.000,0.061
203,TCGA-55-A493-01A,LUAD,LUAD_ref,0.002,0.200,0.513,0.228,0.000,0.003,0.054
204,TCGA-49-6744-01A,LUAD,LUAD_ref,0.000,0.222,0.419,0.297,0.001,0.004,0.057
205,TCGA-49-4494-01A,LUAD,LUAD_ref,0.000,0.371,0.446,0.111,0.000,0.000,0.072
206,TCGA-78-7143-01A,LUAD,LUAD_ref,0.000,0.453,0.418,0.084,0.000,0.000,0.044
207,TCGA-99-AA5R-01A,LUAD,LUAD_ref,0.000,0.350,0.450,0.167,0.000,0.000,0.033
208,TCGA-55-8085-01A,LUAD,LUAD_ref,0.002,0.272,0.522,0.116,0.000,0.003,0.086
209,TCGA-44-8117-01A,LUAD,LUAD_ref,0.000,0.274,0.404,0.321,0.000,0.000,0.000
210,TCGA-55-8506-01A,LUAD,LUAD_ref,0.000,0.465,0.296,0.210,0.002,0.000,0.027
211,TCGA-NJ-A7XG-01A,LUAD,LUAD_ref,0.000,0.888,0.082,0.030,0.000,0.000,0.000
212,TCGA-05-4384-01A,LUAD,LUAD_ref,0.000,0.300,0.413,0.211,0.000,0.000,0.076
213,TCGA-64-1679-01A,LUAD,LUAD_ref,0.000,0.046,0.417,0.487,0.001,0.000,0.049
214,TCGA-73-4666-01A,LUAD,LUAD_ref,0.000,0.145,0.499,0.158,0.000,0.000,0.198
215,TCGA-55-8616-01A,LUAD,LUAD_ref,0.000,0.585,0.188,0.227,0.000,0.000,0.000
216,TCGA-38-6178-01A,LUAD,LUAD_ref,0.000,0.086,0.469,0.439,0.000,0.000,0.006
217,TCGA-93-7348-01A,LUAD,LUAD_ref,0.000,0.533,0.104,0.363,0.000,0.000,0.000
218,TCGA-55-1594-01A,LUAD,LUAD_ref,0.000,0.107,0.547,0.251,0.000,0.000,0.095
219,TCGA-73-4658-01A,LUAD,LUAD_ref,0.000,0.127,0.373,0.440,0.000,0.000,0.060
220,TCGA-80-5607-01A,LUAD,LUAD_ref,0.000,0.265,0.508,0.204,0.003,0.000,0.019
221,TCGA-55-8505-01A,LUAD,LUAD_ref,0.000,0.193,0.328,0.457,0.000,0.000,0.022
222,TCGA-MP-A4T4-01A,LUAD,LUAD_ref,0.000,0.235,0.374,0.317,0.000,0.000,0.074
223,TCGA-49-4506-01A,LUAD,LUAD_ref,0.490,0.165,0.127,0.166,0.000,0.000,0.052
224,TCGA-97-8172-01A,LUAD,LUAD_ref,0.000,0.167,0.368,0.419,0.003,0.001,0.043
225,TCGA-O1-A52J-01A,LUAD,LUAD_ref,0.000,0.569,0.277,0.127,0.000,0.000,0.027
226,TCGA-78-7537-01A,LUAD,LUAD_ref,0.000,0.455,0.263,0.256,0.000,0.000,0.027
227,TCGA-73-4662-01A,LUAD,LUAD_ref,0.003,0.273,0.460,0.253,0.000,0.000,0.010
228,TCGA-62-8398-01A,LUAD,LUAD_ref,0.001,0.182,0.506,0.282,0.000,0.000,0.029
229,TCGA-49-AAQV-01A,LUAD,LUAD_ref,0.000,0.564,0.324,0.100,0.000,0.000,0.012
230,TCGA-55-8621-01A,LUAD,LUAD_ref,0.000,0.300,0.421,0.172,0.000,0.000,0.107
231,TCGA-53-7626-01A,LUAD,LUAD_ref,0.000,0.200,0.462,0.282,0.000,0.000,0.056
232,TCGA-44-7669-01A,LUAD,LUAD_ref,0.000,0.106,0.647,0.134,0.000,0.000,0.113
233,TCGA-93-8067-01A,LUAD,LUAD_ref,0.000,0.335,0.470,0.150,0.000,0.000,0.045
234,TCGA-97-A4M2-01A,LUAD,LUAD_ref,0.000,0.592,0.204,0.078,0.000,0.000,0.126
235,TCGA-05-4425-01A,LUAD,LUAD_ref,0.000,0.087,0.500,0.357,0.000,0.000,0.056
236,TCGA-69-7763-01A,LUAD,LUAD_ref,0.001,0.329,0.324,0.346,0.000,0.000,0.000
237,TCGA-86-8056-01A,LUAD,LUAD_ref,0.000,0.107,0.543,0.218,0.001,0.001,0.130
238,TCGA-50-5931-01A,LUAD,LUAD_ref,0.000,0.086,0.354,0.559,0.000,0.000,0.001
239,TCGA-55-8512-01A,LUAD,LUAD_ref,0.000,0.745,0.168,0.085,0.000,0.000,0.003
240,TCGA-75-7025-01A,LUAD,LUAD_ref,0.000,0.478,0.265,0.258,0.000,0.000,0.000
241,TCGA-50-5930-01A,LUAD,LUAD_ref,0.000,0.228,0.277,0.436,0.000,0.000,0.059
242,TCGA-75-6214-01A,LUAD,LUAD_ref,0.000,0.381,0.536,0.083,0.000,0.000,0.000
243,TCGA-L9-A743-01A,LUAD,LUAD_ref,0.000,0.170,0.491,0.271,0.002,0.003,0.064
244,TCGA-50-5939-01A,LUAD,LUAD_ref,0.001,0.091,0.456,0.381,0.000,0.000,0.071
245,TCGA-78-7161-01A,LUAD,LUAD_ref,0.000,0.355,0.363,0.281,0.000,0.000,0.000
246,TCGA-44-3398-01A,LUAD,LUAD_ref,0.000,0.116,0.327,0.470,0.000,0.000,0.088
247,TCGA-97-8547-01A,LUAD,LUAD_ref,0.000,0.307,0.207,0.486,0.000,0.000,0.000
248,TCGA-91-6840-01A,LUAD,LUAD_ref,0.000,0.116,0.606,0.210,0.000,0.000,0.067
249,TCGA-55-6986-01A,LUAD,LUAD_ref,0.004,0.319,0.442,0.224,0.000,0.000,0.009
250,TCGA-05-4395-01A,LUAD,LUAD_ref,0.000,0.193,0.593,0.203,0.000,0.001,0.010
251,TCGA-44-7672-01A,LUAD,LUAD_ref,0.000,0.215,0.375,0.349,0.000,0.000,0.061
252,TCGA-44-2662-01B,LUAD,LUAD_ref,0.000,0.026,0.505,0.456,0.000,0.000,0.014
253,TCGA-97-8175-01A,LUAD,LUAD_ref,0.000,0.359,0.534,0.063,0.000,0.000,0.044
254,TCGA-55-8087-01A,LUAD,LUAD_ref,0.000,0.403,0.309,0.277,0.000,0.000,0.011
255,TCGA-78-7160-01A,LUAD,LUAD_ref,0.000,0.199,0.511,0.220,0.000,0.005,0.064
256,TCGA-L4-A4E5-01A,LUAD,LUAD_ref,0.000,0.547,0.314,0.139,0.000,0.000,0.000
257,TCGA-97-A4LX-01A,LUAD,LUAD_ref,0.000,0.107,0.489,0.318,0.001,0.004,0.082
258,TCGA-86-8359-01A,LUAD,LUAD_ref,0.000,0.417,0.290,0.293,0.000,0.000,0.000
259,TCGA-44-6145-01A,LUAD,LUAD_ref,0.000,0.046,0.464,0.357,0.001,0.002,0.130
260,TCGA-78-7155-01A,LUAD,LUAD_ref,0.000,0.210,0.599,0.178,0.000,0.004,0.010
261,TCGA-55-7816-01A,LUAD,LUAD_ref,0.000,0.041,0.513,0.393,0.000,0.000,0.054
262,TCGA-99-8025-01A,LUAD,LUAD_ref,0.000,0.482,0.285,0.229,0.000,0.000,0.003
263,TCGA-44-A47G-01A,LUAD,LUAD_ref,0.000,0.369,0.322,0.223,0.000,0.000,0.086
264,TCGA-55-8615-01A,LUAD,LUAD_ref,0.000,0.675,0.144,0.182,0.000,0.000,0.000
265,TCGA-73-7499-01A,LUAD,LUAD_ref,0.000,0.173,0.539,0.192,0.000,0.004,0.092
266,TCGA-86-7711-01A,LUAD,LUAD_ref,0.000,0.151,0.302,0.330,0.000,0.000,0.217
267,TCGA-86-8075-01A,LUAD,LUAD_ref,0.000,0.018,0.294,0.630,0.000,0.000,0.057
268,TCGA-86-7955-01A,LUAD,LUAD_ref,0.000,0.573,0.353,0.074,0.000,0.000,0.000
269,TCGA-55-8513-01A,LUAD,LUAD_ref,0.000,0.252,0.418,0.172,0.000,0.000,0.159
270,TCGA-MP-A4TC-01A,LUAD,LUAD_ref,0.000,0.151,0.290,0.495,0.000,0.000,0.064
271,TCGA-05-4420-01A,LUAD,LUAD_ref,0.004,0.333,0.428,0.235,0.000,0.000,0.000
272,TCGA-86-8280-01A,LUAD,LUAD_ref,0.000,0.244,0.350,0.357,0.002,0.003,0.045
273,TCGA-78-7166-01A,LUAD,LUAD_ref,0.000,0.899,0.047,0.054,0.000,0.000,0.000
274,TCGA-91-8499-01A,LUAD,LUAD_ref,0.001,0.017,0.669,0.259,0.000,0.004,0.051
275,TCGA-71-6725-01A,LUAD,LUAD_ref,0.000,0.632,0.346,0.022,0.000,0.000,0.000
276,TCGA-69-7980-01A,LUAD,LUAD_ref,0.000,0.219,0.518,0.205,0.000,0.003,0.056
277,TCGA-L9-A8F4-01A,LUAD,LUAD_ref,0.000,0.215,0.341,0.372,0.000,0.000,0.072
278,TCGA-05-4433-01A,LUAD,LUAD_ref,0.000,0.181,0.605,0.083,0.000,0.004,0.126
279,TCGA-55-A492-01A,LUAD,LUAD_ref,0.000,0.740,0.190,0.070,0.000,0.000,0.000
280,TCGA-73-4675-01A,LUAD,LUAD_ref,0.000,0.396,0.150,0.346,0.000,0.000,0.108
281,TCGA-50-5936-01A,LUAD,LUAD_ref,0.000,0.261,0.364,0.326,0.000,0.000,0.049
282,TCGA-44-7662-01A,LUAD,LUAD_ref,0.000,0.124,0.396,0.471,0.000,0.000,0.009
283,TCGA-78-7154-01A,LUAD,LUAD_ref,0.000,0.274,0.421,0.276,0.000,0.001,0.028
284,TCGA-05-4244-01A,LUAD,LUAD_ref,0.000,0.378,0.431,0.150,0.000,0.000,0.041
285,TCGA-73-7498-01A,LUAD,LUAD_ref,0.000,0.277,0.449,0.263,0.000,0.000,0.012
286,TCGA-50-5933-01A,LUAD,LUAD_ref,0.000,0.055,0.425,0.456,0.000,0.002,0.062
287,TCGA-55-8507-01A,LUAD,LUAD_ref,0.000,0.632,0.232,0.128,0.000,0.000,0.008
288,TCGA-S2-AA1A-01A,LUAD,LUAD_ref,0.000,0.067,0.506,0.386,0.003,0.003,0.035
289,TCGA-95-7948-01A,LUAD,LUAD_ref,0.005,0.148,0.527,0.292,0.000,0.000,0.029
290,TCGA-67-3774-01A,LUAD,LUAD_ref,0.000,0.188,0.491,0.268,0.000,0.005,0.048
291,TCGA-38-4628-01A,LUAD,LUAD_ref,0.000,0.275,0.231,0.336,0.000,0.000,0.157
292,TCGA-50-6595-01A,LUAD,LUAD_ref,0.000,0.005,0.499,0.469,0.000,0.000,0.027
293,TCGA-55-7903-01A,LUAD,LUAD_ref,0.003,0.452,0.423,0.113,0.000,0.000,0.009
294,TCGA-50-5051-01A,LUAD,LUAD_ref,0.000,0.803,0.133,0.064,0.000,0.000,0.000
295,TCGA-86-6851-01A,LUAD,LUAD_ref,0.000,0.159,0.539,0.193,0.000,0.000,0.109
296,TCGA-75-6205-01A,LUAD,LUAD_ref,0.000,0.014,0.515,0.328,0.013,0.003,0.127
297,TCGA-55-8091-01A,LUAD,LUAD_ref,0.000,0.189,0.407,0.361,0.000,0.000,0.043
298,TCGA-44-4112-01A,LUAD,LUAD_ref,0.000,0.166,0.383,0.392,0.000,0.000,0.058
299,TCGA-44-3917-01A,LUAD,LUAD_ref,0.003,0.102,0.401,0.467,0.000,0.002,0.026
300,TCGA-49-4505-01A,LUAD,LUAD_ref,0.000,0.370,0.406,0.166,0.002,0.000,0.056
301,TCGA-62-8397-01A,LUAD,LUAD_ref,0.000,0.910,0.027,0.062,0.000,0.000,0.000
302,TCGA-50-5942-01A,LUAD,LUAD_ref,0.000,0.366,0.344,0.290,0.000,0.000,0.000
303,TCGA-55-8206-01A,LUAD,LUAD_ref,0.001,0.275,0.377,0.273,0.006,0.000,0.067
304,TCGA-55-8094-01A,LUAD,LUAD_ref,0.000,0.570,0.354,0.076,0.000,0.000,0.000
305,TCGA-05-4382-01A,LUAD,LUAD_ref,0.000,0.075,0.314,0.462,0.000,0.000,0.148
306,TCGA-05-5423-01A,LUAD,LUAD_ref,0.000,0.323,0.395,0.167,0.000,0.005,0.111
307,TCGA-49-AAR4-01A,LUAD,LUAD_ref,0.000,0.321,0.421,0.228,0.001,0.000,0.029
308,TCGA-97-A4M3-01A,LUAD,LUAD_ref,0.000,0.509,0.263,0.218,0.000,0.000,0.009
309,TCGA-05-4397-01A,LUAD,LUAD_ref,0.002,0.150,0.660,0.123,0.000,0.000,0.065
310,TCGA-55-6984-01A,LUAD,LUAD_ref,0.000,0.589,0.342,0.069,0.000,0.000,0.000
311,TCGA-05-4427-01A,LUAD,LUAD_ref,0.000,0.185,0.552,0.229,0.000,0.000,0.034
312,TCGA-86-8281-01A,LUAD,LUAD_ref,0.000,0.331,0.420,0.218,0.000,0.000,0.032
313,TCGA-44-A4SU-01A,LUAD,LUAD_ref,0.000,0.751,0.102,0.147,0.000,0.000,0.000
314,TCGA-75-5147-01A,LUAD,LUAD_ref,0.002,0.029,0.621,0.294,0.000,0.003,0.051
315,TCGA-97-7546-01A,LUAD,LUAD_ref,0.000,0.351,0.393,0.255,0.001,0.000,0.000
316,TCGA-86-8585-01A,LUAD,LUAD_ref,0.003,0.438,0.269,0.207,0.000,0.000,0.084
317,TCGA-55-8301-01A,LUAD,LUAD_ref,0.000,0.126,0.535,0.259,0.000,0.005,0.075
318,TCGA-86-6562-01A,LUAD,LUAD_ref,0.000,0.290,0.320,0.364,0.000,0.000,0.026
319,TCGA-J2-A4AD-01A,LUAD,LUAD_ref,0.000,0.369,0.323,0.308,0.000,0.000,0.000
320,TCGA-50-5946-01A,LUAD,LUAD_ref,0.000,0.484,0.385,0.131,0.000,0.000,0.000
321,TCGA-55-8510-01A,LUAD,LUAD_ref,0.000,0.581,0.148,0.162,0.000,0.000,0.108
322,TCGA-99-8033-01A,LUAD,LUAD_ref,0.000,0.306,0.512,0.154,0.000,0.000,0.028
323,TCGA-69-7978-01A,LUAD,LUAD_ref,0.000,0.124,0.520,0.272,0.000,0.005,0.079
324,TCGA-86-8054-01A,LUAD,LUAD_ref,0.000,0.230,0.279,0.491,0.000,0.000,0.000
325,TCGA-44-7660-01A,LUAD,LUAD_ref,0.000,0.428,0.249,0.231,0.000,0.000,0.092
326,TCGA-78-8662-01A,LUAD,LUAD_ref,0.000,0.315,0.372,0.313,0.000,0.000,0.000
327,TCGA-75-7027-01A,LUAD,LUAD_ref,0.000,0.136,0.401,0.443,0.000,0.000,0.020
328,TCGA-97-A4M6-01A,LUAD,LUAD_ref,0.000,0.230,0.446,0.279,0.000,0.005,0.041
329,TCGA-MP-A4SV-01A,LUAD,LUAD_ref,0.004,0.292,0.447,0.225,0.001,0.000,0.032
330,TCGA-38-4627-01A,LUAD,LUAD_ref,0.000,0.003,0.125,0.831,0.000,0.000,0.041
331,TCGA-93-A4JO-01A,LUAD,LUAD_ref,0.000,0.321,0.385,0.212,0.000,0.000,0.083
332,TCGA-05-4426-01A,LUAD,LUAD_ref,0.000,0.300,0.419,0.256,0.000,0.000,0.025
333,TCGA-97-7937-01A,LUAD,LUAD_ref,0.000,0.613,0.204,0.183,0.000,0.000,0.000
334,TCGA-75-6206-01A,LUAD,LUAD_ref,0.000,0.251,0.363,0.264,0.000,0.000,0.122
335,TCGA-62-A472-01A,LUAD,LUAD_ref,0.004,0.514,0.341,0.129,0.000,0.000,0.012
336,TCGA-97-8174-01A,LUAD,LUAD_ref,0.000,0.132,0.395,0.460,0.000,0.004,0.010
337,TCGA-44-6777-01A,LUAD,LUAD_ref,0.000,0.012,0.336,0.497,0.001,0.003,0.151
338,TCGA-62-A46P-01A,LUAD,LUAD_ref,0.000,0.539,0.349,0.112,0.000,0.000,0.000
339,TCGA-55-8089-01A,LUAD,LUAD_ref,0.000,0.135,0.525,0.181,0.000,0.000,0.158
340,TCGA-MN-A4N5-01A,LUAD,LUAD_ref,0.000,0.459,0.411,0.102,0.000,0.003,0.026
341,TCGA-49-AAR9-01A,LUAD,LUAD_ref,0.000,0.100,0.603,0.233,0.000,0.000,0.063
342,TCGA-86-8671-01A,LUAD,LUAD_ref,0.000,0.137,0.417,0.306,0.007,0.003,0.130
343,TCGA-49-4507-01A,LUAD,LUAD_ref,0.004,0.292,0.468,0.160,0.000,0.000,0.077
344,TCGA-62-A46V-01A,LUAD,LUAD_ref,0.000,0.511,0.157,0.332,0.000,0.000,0.000
345,TCGA-05-4389-01A,LUAD,LUAD_ref,0.001,0.158,0.399,0.154,0.000,0.000,0.288
346,TCGA-50-6592-01A,LUAD,LUAD_ref,0.000,0.000,0.433,0.341,0.000,0.000,0.226
347,TCGA-91-6831-01A,LUAD,LUAD_ref,0.000,0.101,0.459,0.415,0.000,0.000,0.025
348,TCGA-55-6987-01A,LUAD,LUAD_ref,0.001,0.363,0.367,0.167,0.000,0.000,0.103
349,TCGA-49-4510-01A,LUAD,LUAD_ref,0.000,0.475,0.259,0.237,0.000,0.000,0.030
350,TCGA-86-8672-01A,LUAD,LUAD_ref,0.000,0.083,0.418,0.413,0.000,0.000,0.086
351,TCGA-44-2668-01B,LUAD,LUAD_ref,0.000,0.000,0.741,0.206,0.000,0.005,0.049
352,TCGA-93-A4JQ-01A,LUAD,LUAD_ref,0.000,0.205,0.305,0.470,0.000,0.000,0.020
353,TCGA-97-8177-01A,LUAD,LUAD_ref,0.001,0.247,0.266,0.333,0.001,0.000,0.153
354,TCGA-05-4396-01A,LUAD,LUAD_ref,0.000,0.252,0.638,0.110,0.000,0.000,0.000
355,TCGA-55-6978-01A,LUAD,LUAD_ref,0.000,0.003,0.210,0.722,0.000,0.000,0.065
356,TCGA-69-8453-01A,LUAD,LUAD_ref,0.000,0.256,0.415,0.177,0.001,0.004,0.148
357,TCGA-50-7109-01A,LUAD,LUAD_ref,0.000,0.345,0.425,0.223,0.000,0.000,0.007
358,TCGA-49-4501-01A,LUAD,LUAD_ref,0.000,0.197,0.396,0.343,0.000,0.004,0.058
359,TCGA-50-5049-01A,LUAD,LUAD_ref,0.000,0.010,0.364,0.477,0.000,0.002,0.147
360,TCGA-78-8660-01A,LUAD,LUAD_ref,0.000,0.364,0.298,0.178,0.000,0.000,0.160
361,TCGA-91-6828-01A,LUAD,LUAD_ref,0.000,0.161,0.580,0.194,0.000,0.004,0.062
362,TCGA-50-6590-01A,LUAD,LUAD_ref,0.000,0.073,0.576,0.232,0.000,0.000,0.119
363,TCGA-97-8176-01A,LUAD,LUAD_ref,0.000,0.505,0.200,0.234,0.000,0.000,0.060
364,TCGA-50-5935-01A,LUAD,LUAD_ref,0.000,0.310,0.500,0.184,0.000,0.000,0.007
365,TCGA-55-7281-01A,LUAD,LUAD_ref,0.000,0.314,0.337,0.283,0.000,0.000,0.066
366,TCGA-49-4488-01A,LUAD,LUAD_ref,0.005,0.260,0.497,0.211,0.000,0.000,0.028
367,TCGA-NJ-A55A-01A,LUAD,LUAD_ref,0.000,0.359,0.341,0.300,0.000,0.000,0.000
368,TCGA-95-8494-01A,LUAD,LUAD_ref,0.000,0.277,0.512,0.168,0.000,0.000,0.042
369,TCGA-44-2657-01A,LUAD,LUAD_ref,0.000,0.353,0.295,0.254,0.001,0.000,0.097
370,TCGA-78-7158-01A,LUAD,LUAD_ref,0.000,0.440,0.400,0.160,0.000,0.000,0.000
371,TCGA-93-7347-01A,LUAD,LUAD_ref,0.001,0.241,0.326,0.317,0.001,0.002,0.114
372,TCGA-38-4630-01A,LUAD,LUAD_ref,0.002,0.094,0.295,0.604,0.000,0.000,0.005
373,TCGA-86-7953-01A,LUAD,LUAD_ref,0.000,0.170,0.567,0.189,0.000,0.000,0.075
374,TCGA-50-5072-01A,LUAD,LUAD_ref,0.000,0.350,0.191,0.409,0.000,0.000,0.050
375,TCGA-62-A46S-01A,LUAD,LUAD_ref,0.000,0.598,0.300,0.098,0.000,0.000,0.004
376,TCGA-53-A4EZ-01A,LUAD,LUAD_ref,0.000,0.717,0.144,0.047,0.000,0.000,0.092
377,TCGA-69-7973-01A,LUAD,LUAD_ref,0.000,0.191,0.411,0.389,0.000,0.000,0.010
378,TCGA-44-6775-01C,LUAD,LUAD_ref,0.000,0.075,0.603,0.302,0.000,0.005,0.015
379,TCGA-55-8204-01A,LUAD,LUAD_ref,0.000,0.151,0.562,0.282,0.000,0.000,0.005
380,TCGA-35-5375-01A,LUAD,LUAD_ref,0.303,0.011,0.175,0.334,0.000,0.014,0.163
381,TCGA-78-7539-01A,LUAD,LUAD_ref,0.000,0.170,0.560,0.176,0.000,0.000,0.094
382,TCGA-95-A4VK-01A,LUAD,LUAD_ref,0.000,0.337,0.443,0.220,0.000,0.000,0.000
383,TCGA-50-5055-01A,LUAD,LUAD_ref,0.000,0.041,0.465,0.442,0.001,0.003,0.047
384,TCGA-44-7667-01A,LUAD,LUAD_ref,0.003,0.173,0.457,0.332,0.000,0.001,0.034
385,TCGA-MP-A4TI-01A,LUAD,LUAD_ref,0.000,0.090,0.456,0.354,0.001,0.001,0.098
386,TCGA-55-6979-01A,LUAD,LUAD_ref,0.000,0.169,0.491,0.214,0.000,0.003,0.123
387,TCGA-55-7284-01B,LUAD,LUAD_ref,0.000,0.199,0.555,0.212,0.000,0.005,0.030
388,TCGA-44-6778-01A,LUAD,LUAD_ref,0.000,0.142,0.541,0.128,0.000,0.000,0.189
389,TCGA-35-4123-01A,LUAD,LUAD_ref,0.000,0.058,0.565,0.289,0.001,0.005,0.082
390,TCGA-44-6776-01A,LUAD,LUAD_ref,0.000,0.568,0.297,0.135,0.000,0.000,0.000
391,TCGA-44-2656-01B,LUAD,LUAD_ref,0.000,0.154,0.642,0.170,0.000,0.005,0.029
392,TCGA-73-4676-01A,LUAD,LUAD_ref,0.000,0.384,0.325,0.229,0.000,0.000,0.062
393,TCGA-86-8673-01A,LUAD,LUAD_ref,0.000,0.576,0.203,0.221,0.000,0.000,0.000
394,TCGA-62-8395-01A,LUAD,LUAD_ref,0.000,0.168,0.399,0.349,0.000,0.000,0.085
395,TCGA-44-A4SS-01A,LUAD,LUAD_ref,0.000,0.142,0.320,0.307,0.000,0.000,0.231
396,TCGA-86-8358-01A,LUAD,LUAD_ref,0.000,0.091,0.552,0.260,0.000,0.000,0.096
397,TCGA-55-6968-01A,LUAD,LUAD_ref,0.000,0.106,0.540,0.182,0.000,0.000,0.171
398,TCGA-99-7458-01A,LUAD,LUAD_ref,0.001,0.197,0.511,0.267,0.000,0.004,0.021
399,TCGA-05-4424-01A,LUAD,LUAD_ref,0.000,0.136,0.458,0.255,0.000,0.000,0.151
400,TCGA-38-4631-01A,LUAD,LUAD_ref,0.000,0.121,0.500,0.212,0.000,0.000,0.166
401,TCGA-55-7283-01A,LUAD,LUAD_ref,0.000,0.638,0.260,0.102,0.000,0.000,0.000
402,TCGA-95-7567-01A,LUAD,LUAD_ref,0.000,0.325,0.356,0.312,0.000,0.000,0.008
403,TCGA-38-4629-01A,LUAD,LUAD_ref,0.000,0.072,0.476,0.307,0.000,0.000,0.145
404,TCGA-91-8497-01A,LUAD,LUAD_ref,0.000,0.277,0.389,0.278,0.001,0.000,0.056
405,TCGA-78-7540-01A,LUAD,LUAD_ref,0.000,0.640,0.318,0.042,0.000,0.000,0.000
406,TCGA-55-A48Y-01A,LUAD,LUAD_ref,0.000,0.395,0.209,0.394,0.000,0.000,0.001
407,TCGA-55-7995-01A,LUAD,LUAD_ref,0.000,0.224,0.314,0.129,0.000,0.000,0.333
408,TCGA-44-3919-01A,LUAD,LUAD_ref,0.000,0.297,0.425,0.221,0.003,0.000,0.054
409,TCGA-69-7764-01A,LUAD,LUAD_ref,0.000,0.494,0.379,0.127,0.000,0.000,0.000
410,TCGA-95-7947-01A,LUAD,LUAD_ref,0.000,0.385,0.510,0.072,0.000,0.000,0.033
411,TCGA-MP-A4TH-01A,LUAD,LUAD_ref,0.000,0.291,0.434,0.237,0.000,0.000,0.038
412,TCGA-55-7725-01A,LUAD,LUAD_ref,0.000,0.490,0.415,0.086,0.000,0.000,0.009
413,TCGA-L9-A5IP-01A,LUAD,LUAD_ref,0.000,0.142,0.450,0.285,0.000,0.000,0.123
414,TCGA-97-7554-01A,LUAD,LUAD_ref,0.000,0.166,0.429,0.388,0.000,0.000,0.016
415,TCGA-55-8619-01A,LUAD,LUAD_ref,0.000,0.460,0.325,0.096,0.000,0.000,0.119
416,TCGA-55-7227-01A,LUAD,LUAD_ref,0.000,0.354,0.431,0.183,0.000,0.000,0.032
417,TCGA-67-3770-01A,LUAD,LUAD_ref,0.000,0.395,0.263,0.156,0.000,0.000,0.185
418,TCGA-78-7145-01A,LUAD,LUAD_ref,0.000,0.182,0.553,0.250,0.000,0.000,0.015
419,TCGA-49-AAR3-01A,LUAD,LUAD_ref,0.000,0.187,0.469,0.241,0.000,0.000,0.104
420,TCGA-44-A479-01A,LUAD,LUAD_ref,0.000,0.085,0.455,0.392,0.000,0.005,0.063
421,TCGA-4B-A93V-01A,LUAD,LUAD_ref,0.000,0.513,0.298,0.167,0.000,0.000,0.022
422,TCGA-78-7633-01A,LUAD,LUAD_ref,0.000,0.280,0.590,0.130,0.000,0.000,0.000
423,TCGA-NJ-A4YP-01A,LUAD,LUAD_ref,0.000,0.239,0.279,0.482,0.000,0.000,0.000
424,TCGA-38-4626-01A,LUAD,LUAD_ref,0.000,0.336,0.285,0.177,0.000,0.000,0.201
425,TCGA-78-7535-01A,LUAD,LUAD_ref,0.000,0.797,0.099,0.096,0.000,0.000,0.008
426,TCGA-55-6970-01A,LUAD,LUAD_ref,0.002,0.327,0.449,0.178,0.000,0.000,0.044
427,TCGA-55-6543-01A,LUAD,LUAD_ref,0.000,0.291,0.428,0.215,0.000,0.000,0.066
428,TCGA-05-4402-01A,LUAD,LUAD_ref,0.000,0.235,0.433,0.287,0.000,0.000,0.045
429,TCGA-55-1596-01A,LUAD,LUAD_ref,0.000,0.102,0.730,0.152,0.000,0.000,0.017
430,TCGA-49-4490-01A,LUAD,LUAD_ref,0.000,0.371,0.380,0.240,0.000,0.000,0.008
431,TCGA-62-A471-01A,LUAD,LUAD_ref,0.000,0.536,0.381,0.082,0.000,0.000,0.000
432,TCGA-86-A456-01A,LUAD,LUAD_ref,0.001,0.357,0.398,0.137,0.000,0.000,0.107
433,TCGA-49-4512-01A,LUAD,LUAD_ref,0.000,0.592,0.105,0.270,0.000,0.000,0.033
434,TCGA-75-5122-01A,LUAD,LUAD_ref,0.001,0.016,0.579,0.067,0.000,0.004,0.333
435,TCGA-55-A48X-01A,LUAD,LUAD_ref,0.000,0.325,0.428,0.232,0.000,0.000,0.016
436,TCGA-86-8278-01A,LUAD,LUAD_ref,0.000,0.169,0.386,0.429,0.000,0.000,0.017
437,TCGA-55-6982-01A,LUAD,LUAD_ref,0.000,0.156,0.243,0.456,0.000,0.000,0.145
438,TCGA-50-5045-01A,LUAD,LUAD_ref,0.000,0.083,0.366,0.397,0.000,0.000,0.154
439,TCGA-05-4398-01A,LUAD,LUAD_ref,0.000,0.186,0.466,0.283,0.000,0.000,0.066
440,TCGA-64-5775-01A,LUAD,LUAD_ref,0.000,0.000,0.337,0.630,0.000,0.000,0.033
441,TCGA-97-7547-01A,LUAD,LUAD_ref,0.000,0.256,0.502,0.240,0.000,0.000,0.002
442,TCGA-75-7031-01A,LUAD,LUAD_ref,0.000,0.642,0.252,0.088,0.000,0.000,0.019
443,TCGA-44-2655-01A,LUAD,LUAD_ref,0.000,0.341,0.458,0.167,0.000,0.000,0.034
444,TCGA-75-6212-01A,LUAD,LUAD_ref,0.000,0.379,0.377,0.190,0.009,0.000,0.045
445,TCGA-05-4390-01A,LUAD,LUAD_ref,0.000,0.194,0.349,0.445,0.000,0.000,0.012
446,TCGA-86-8674-01A,LUAD,LUAD_ref,0.000,0.463,0.351,0.185,0.000,0.000,0.000
447,TCGA-49-6742-01A,LUAD,LUAD_ref,0.000,0.642,0.294,0.063,0.000,0.000,0.001
448,TCGA-44-A47B-01A,LUAD,LUAD_ref,0.000,0.238,0.496,0.223,0.000,0.000,0.043
449,TCGA-MP-A4SW-01A,LUAD,LUAD_ref,0.000,0.601,0.231,0.119,0.000,0.000,0.049
450,TCGA-64-5815-01A,LUAD,LUAD_ref,0.000,0.071,0.290,0.589,0.000,0.000,0.051
451,TCGA-MP-A4T8-01A,LUAD,LUAD_ref,0.000,0.426,0.137,0.437,0.000,0.000,0.000
452,TCGA-NJ-A4YI-01A,LUAD,LUAD_ref,0.000,0.378,0.287,0.287,0.000,0.000,0.048
453,TCGA-L4-A4E6-01A,LUAD,LUAD_ref,0.000,0.300,0.227,0.070,0.000,0.000,0.403
454,TCGA-55-8302-01A,LUAD,LUAD_ref,0.000,0.401,0.349,0.152,0.000,0.000,0.098
455,TCGA-05-4405-01A,LUAD,LUAD_ref,0.000,0.267,0.143,0.575,0.000,0.000,0.014
456,TCGA-78-7147-01A,LUAD,LUAD_ref,0.002,0.402,0.480,0.098,0.000,0.000,0.018
457,TCGA-MP-A4TD-01A,LUAD,LUAD_ref,0.000,0.428,0.139,0.433,0.000,0.000,0.000
458,TCGA-55-6971-01A,LUAD,LUAD_ref,0.000,0.139,0.557,0.216,0.000,0.004,0.083
459,TCGA-50-6591-01A,LUAD,LUAD_ref,0.000,0.066,0.581,0.353,0.000,0.000,0.000
460,TCGA-95-7944-01A,LUAD,LUAD_ref,0.000,0.215,0.559,0.146,0.000,0.005,0.075
461,TCGA-NJ-A4YF-01A,LUAD,LUAD_ref,0.000,0.876,0.071,0.053,0.000,0.000,0.000
462,TCGA-86-8073-01A,LUAD,LUAD_ref,0.000,0.100,0.379,0.344,0.000,0.000,0.177
463,TCGA-L9-A7SV-01A,LUAD,LUAD_ref,0.000,0.595,0.299,0.106,0.000,0.000,0.000
464,TCGA-93-A4JP-01A,LUAD,LUAD_ref,0.000,0.363,0.481,0.111,0.001,0.000,0.045
465,TCGA-78-7163-01A,LUAD,LUAD_ref,0.004,0.529,0.459,0.008,0.000,0.000,0.000
466,TCGA-64-1678-01A,LUAD,LUAD_ref,0.551,0.160,0.140,0.149,0.000,0.000,0.000
467,TCGA-NJ-A55R-01A,LUAD,LUAD_ref,0.000,0.396,0.301,0.300,0.000,0.000,0.003
468,TCGA-97-A4M7-01A,LUAD,LUAD_ref,0.001,0.298,0.432,0.245,0.000,0.000,0.024
469,TCGA-38-A44F-01A,LUAD,LUAD_ref,0.000,0.344,0.432,0.177,0.000,0.000,0.047
470,TCGA-62-8399-01A,LUAD,LUAD_ref,0.000,0.305,0.425,0.268,0.001,0.000,0.000
471,TCGA-49-4514-01A,LUAD,LUAD_ref,0.000,0.887,0.075,0.037,0.000,0.000,0.000
472,TCGA-44-5643-01A,LUAD,LUAD_ref,0.001,0.147,0.648,0.180,0.000,0.017,0.007
473,TCGA-J2-A4AE-01A,LUAD,LUAD_ref,0.000,0.619,0.302,0.079,0.000,0.000,0.000
474,TCGA-05-4415-01A,LUAD,LUAD_ref,0.001,0.161,0.614,0.197,0.000,0.003,0.024
475,TCGA-91-6830-01A,LUAD,LUAD_ref,0.000,0.157,0.442,0.351,0.000,0.002,0.048
476,TCGA-49-6745-01A,LUAD,LUAD_ref,0.000,0.159,0.476,0.327,0.000,0.002,0.036
477,TCGA-86-A4P7-01A,LUAD,LUAD_ref,0.000,0.488,0.307,0.105,0.000,0.000,0.100
478,TCGA-44-4112-01B,LUAD,LUAD_ref,0.000,0.038,0.481,0.461,0.000,0.000,0.021
479,TCGA-55-6975-01A,LUAD,LUAD_ref,0.000,0.077,0.232,0.691,0.000,0.000,0.000
480,TCGA-95-7039-01A,LUAD,LUAD_ref,0.000,0.355,0.382,0.238,0.000,0.000,0.024
481,TCGA-44-6147-01B,LUAD,LUAD_ref,0.000,0.081,0.659,0.258,0.000,0.002,0.000
482,TCGA-05-4432-01A,LUAD,LUAD_ref,0.000,0.194,0.444,0.268,0.000,0.004,0.090
483,TCGA-49-4487-01A,LUAD,LUAD_ref,0.000,0.355,0.282,0.328,0.000,0.000,0.034
484,TCGA-55-7727-01A,LUAD,LUAD_ref,0.002,0.596,0.346,0.056,0.000,0.000,0.000
485,TCGA-73-A9RS-01A,LUAD,LUAD_ref,0.000,0.387,0.478,0.126,0.000,0.000,0.009
486,TCGA-44-5644-01A,LUAD,LUAD_ref,0.000,0.461,0.344,0.195,0.000,0.000,0.000
487,TCGA-55-7914-01A,LUAD,LUAD_ref,0.003,0.239,0.457,0.294,0.000,0.002,0.005
488,TCGA-62-A46R-01A,LUAD,LUAD_ref,0.000,0.553,0.292,0.138,0.000,0.000,0.017
489,TCGA-49-AARQ-01A,LUAD,LUAD_ref,0.000,0.844,0.059,0.027,0.000,0.000,0.070
490,TCGA-75-6207-01A,LUAD,LUAD_ref,0.000,0.215,0.587,0.189,0.000,0.000,0.009
491,TCGA-53-7813-01A,LUAD,LUAD_ref,0.000,0.855,0.104,0.041,0.000,0.000,0.000
492,TCGA-44-3918-01B,LUAD,LUAD_ref,0.000,0.092,0.601,0.257,0.000,0.005,0.045
493,TCGA-64-1681-01A,LUAD,LUAD_ref,0.000,0.334,0.466,0.158,0.000,0.000,0.042
494,TCGA-05-4410-01A,LUAD,LUAD_ref,0.000,0.355,0.395,0.182,0.000,0.000,0.069
495,TCGA-55-8620-01A,LUAD,LUAD_ref,0.000,0.171,0.525,0.144,0.000,0.000,0.161
496,TCGA-64-5774-01A,LUAD,LUAD_ref,0.000,0.107,0.508,0.385,0.000,0.000,0.000
497,TCGA-44-6148-01A,LUAD,LUAD_ref,0.000,0.389,0.317,0.285,0.009,0.000,0.000
498,TCGA-MN-A4N1-01A,LUAD,LUAD_ref,0.000,0.687,0.159,0.154,0.000,0.000,0.000
499,TCGA-05-5429-01A,LUAD,LUAD_ref,0.000,0.098,0.537,0.365,0.000,0.000,0.000
500,TCGA-91-6847-01A,LUAD,LUAD_ref,0.000,0.204,0.697,0.099,0.000,0.000,0.000
501,TCGA-55-8511-01A,LUAD,LUAD_ref,0.000,0.256,0.299,0.376,0.000,0.002,0.068
502,TCGA-50-5944-01A,LUAD,LUAD_ref,0.000,0.329,0.212,0.417,0.000,0.000,0.042
503,TCGA-55-1592-01A,LUAD,LUAD_ref,0.000,0.550,0.218,0.145,0.000,0.000,0.087
504,TCGA-50-8457-01A,LUAD,LUAD_ref,0.000,0.257,0.331,0.404,0.001,0.000,0.007
505,TCGA-78-7159-01A,LUAD,LUAD_ref,0.000,0.386,0.285,0.329,0.000,0.000,0.000
506,TCGA-67-6215-01A,LUAD,LUAD_ref,0.000,0.504,0.393,0.064,0.000,0.000,0.039
507,TCGA-MP-A4T9-01A,LUAD,LUAD_ref,0.000,0.333,0.361,0.213,0.000,0.000,0.094
508,TCGA-97-7938-01A,LUAD,LUAD_ref,0.000,0.291,0.413,0.291,0.005,0.000,0.000
509,TCGA-05-5425-01A,LUAD,LUAD_ref,0.000,0.148,0.504,0.228,0.000,0.005,0.115
510,TCGA-55-7913-01B,LUAD,LUAD_ref,0.000,0.610,0.318,0.072,0.000,0.000,0.000
511,TCGA-05-4417-01A,LUAD,LUAD_ref,0.000,0.166,0.352,0.453,0.000,0.000,0.029
512,TCGA-75-6203-01A,LUAD,LUAD_ref,0.000,0.421,0.303,0.095,0.000,0.000,0.181
513,TCGA-05-4434-01A,LUAD,LUAD_ref,0.000,0.129,0.559,0.222,0.000,0.005,0.086
514,TCGA-55-8096-01A,LUAD,LUAD_ref,0.000,0.199,0.335,0.388,0.000,0.000,0.077
515,TCGA-49-6767-01A,LUAD,LUAD_ref,0.000,0.240,0.560,0.175,0.000,0.000,0.025
516,TCGA-MP-A4T6-01A,LUAD,LUAD_ref,0.001,0.510,0.380,0.060,0.000,0.002,0.047
517,TCGA-MP-A4TE-01A,LUAD,LUAD_ref,0.000,0.905,0.049,0.046,0.000,0.000,0.000
518,TCGA-75-5146-01A,LUAD,LUAD_ref,0.000,0.341,0.393,0.204,0.000,0.000,0.062
