"","cellFractions.B.Cells","cellFractions.DC","cellFractions.Endothelial.Cells","cellFractions.Fibroblasts","cellFractions.Macrophages","cellFractions.Mast.Cells","cellFractions.T.Cells","cellFractions.otherCells"
"TCGA.HQ.A5NE.01A",1.15692186687211e-07,0.125216414338296,0.0890943858307258,0.0630282900184163,0.0105193498442051,0.000303947247745743,0.00454500973350539,0.707292487294919
"TCGA.FD.A5BT.01A",0.0320284169472761,3.07044423122655e-07,0.214560909688212,0.293681591187705,0.3025814538547,0.0012669760661575,0.0771139185724159,0.07876642663911
"TCGA.DK.A3IQ.01A",0.00708179027298467,0.135369920830846,0.252576019970618,0.458111744725038,0.0189692149512631,0.00157054633024329,2.9225418106637e-06,0.126317840377197
"TCGA.ZF.AA4X.01A",8.40312807878619e-08,0.0588531176974786,0.0219758239967509,0.00343690941258528,0.00238621780407914,0.000153745509528751,0.00483060863987291,0.908363492908424
"TCGA.GD.A3OQ.01A",1.25492413518634e-08,0.10595784841847,0.0584763815458488,0.0296487724919178,0.00604095287630772,0.000137445748160095,0.00152954281694078,0.798209043553113
"TCGA.ZF.AA51.01A",0.0108540864430686,0.0221904330906505,0.047134339148855,0.0515409377553478,0.0224678321310814,0.000249072958576047,0.0177334088023719,0.827829889670049
"TCGA.FD.A3SS.01A",4.27939195258698e-09,0.118229838534495,0.0395159490188748,0.0223891750539072,0.00599144093147658,7.86710274723595e-05,0.001093030921653,0.81270189023273
"TCGA.DK.AA71.01A",7.43483423418427e-08,0.0752978806164873,0.0510503624638796,0.0175167858150536,0.00998793379229862,3.14788751421347e-06,0.00398030104002803,0.842163514036396
"TCGA.4Z.AA83.01A",2.4817044971896e-08,0.0470770884744637,0.0770664650171803,0.0184702983584244,0.00973037552601152,0.000135464442362357,0.00613841150966446,0.841381871854848
"TCGA.ZF.A9R4.01A",7.47372781668964e-09,0.0474171847430293,0.0320549507992757,0.00360286138132643,0.00964091137966525,2.85357538972742e-06,0.0101399649010711,0.897141265746515
"TCGA.BT.A20P.01A",4.1598130727207e-08,0.0508308851092261,0.0418549826619178,0.0161924438896766,0.00354986347582323,2.23242781644214e-05,0.00217678925512177,0.885372669731939
"TCGA.HQ.A2OE.01A",1.33094307420839e-08,0.148366341370909,0.0440338635213521,0.00610013488567942,0.00732763193189445,7.11442977176622e-05,0.00216925770327544,0.791931612979741
"TCGA.R3.A69X.01A",0.0158534940908587,0.161381712933305,0.141456926971149,0.0911701192574472,0.0290953950126938,0.00154092395967106,0.0126311540438938,0.546870273730981
"TCGA.BT.A3PH.01A",6.97136446615277e-07,0.18041541711356,0.0780123134165053,0.0220625716240209,0.00919050121397084,0.000120756760771263,8.3129476272459e-09,0.710197734421778
"TCGA.UY.A9PA.01A",1.63510822763974e-09,0.0750475369329985,0.0456247410525142,0.00364980265217232,0.0164097296060616,0.000186070623835473,0.0149206360741136,0.844161481423196
"TCGA.BL.A13J.01B",5.79642011513089e-08,0.100795950518694,0.0531482586296761,0.0939976429814662,0.00968403959581086,5.46666820907016e-05,0.00473949652556434,0.737579887102496
"TCGA.CF.A3MI.01A",4.68204409377500e-09,0.0228774331278485,0.0417294526257572,0.00365242289325425,0.00212213708142013,0.000250776393779378,0.0035806955428302,0.925787077653066
"TCGA.XF.AAMW.01A",1.82953412745675e-08,0.119685402242817,0.0944730961969012,0.0224262708989366,0.0247425439627292,0.000155389568446875,0.000111830669875266,0.738405448164952
"TCGA.H4.A2HQ.01A",9.08513660925101e-08,0.0509244594037212,0.0369981012199898,0.0143174824707181,0.00526962125402381,9.0922715726607e-05,0.00379749123241094,0.888601830852043
"TCGA.HQ.A5ND.01A",4.63687288681082e-08,0.030301579500619,0.0225418947570972,0.00905085672566463,0.00324465189211757,5.99495521791588e-05,0.00536980497610662,0.929431216227487
"TCGA.K4.A6FZ.01A",1.24375623114801e-08,0.17558403522399,0.0828626407452701,0.00947718337462562,0.0266936585528157,0.000694171746006124,0.00482102737253745,0.699867270547193
"TCGA.DK.A3IV.01A",0.0216265118798676,0.0572847623030449,0.0315989859979717,0.0105528934094615,0.0157764508326417,0.000329975297176767,0.0321876104646643,0.830642809815172
"TCGA.E7.A3X6.01A",0.000329609640417478,0.051504135192966,0.0647992783962243,0.0294212606497492,0.020555700334903,0.000183215885171388,0.0248084451404184,0.80839835476015
"TCGA.BT.A42F.01A",0.0247946505944773,0.0950731167620916,0.0442343164736155,0.0127408978104707,0.0478087927306628,0.000666708672756855,0.0278502846834427,0.746831232272483
"TCGA.UY.A8OB.01A",1.99104587460172e-08,0.190172114713489,0.0346072227714298,0.0135356546728195,0.0183943356078415,9.29941003293866e-05,0.00890095646339298,0.73429670176024
"TCGA.DK.A1A3.01A",0.000832304411226692,0.081205767110378,0.0872684706259207,0.0650234955363143,0.0270711735994812,0.00102761814596237,0.00436723839842783,0.733203932172289
"TCGA.DK.AA6X.01A",2.44049806872115e-09,0.198521968078774,0.064101389416629,0.0391310544884531,0.0153521907418381,0.000489790128805587,0.00679112370441927,0.675612481000583
"TCGA.G2.A3IE.01A",9.82177741836867e-05,0.0480018686677916,0.0266497110843329,0.0152556859594382,0.00464476292582453,0.00016577469559744,0.00417124427168351,0.901012734621148
"TCGA.FD.A5BU.01A",0.0158784046308343,0.232709462439677,0.13908897579112,0.0888153834025817,0.0771690253162774,0.000754595467920003,3.04374428109723e-07,0.445583848577161
"TCGA.C4.A0EZ.01A",0.00125788787848914,0.0146142619957827,0.0714051739754579,0.0199020201955144,0.00532746493089152,3.67407837254496e-05,0.00128813918736618,0.886168311052773
"TCGA.FD.A3B3.01A",0.0176132792243463,0.205644811086585,0.124266783298477,0.0812480632451885,0.0684274781844166,0.00110946065775288,0.0416981809999038,0.459991943303329
"TCGA.FD.A5BZ.01A",0.00775319247156586,0.0844908496783873,0.154599098567127,0.370459888073194,0.0117619216641794,0.00122450933638088,6.07992083922168e-06,0.369704460288326
"TCGA.C4.A0F7.01A",5.57744824066202e-08,0.043495252041559,0.0578548183821252,0.133452645907639,0.00390147936506989,0.000282456345420186,0.00023081418297231,0.760782478000732
"TCGA.XF.AAMR.01A",0.0367312687595029,0.0855280952991532,0.219376429995701,0.210673757224751,0.0194826497825455,0.00153081200874674,0.00665296238427805,0.420024024545322
"TCGA.XF.AAN7.01A",1.99748841752362e-08,0.0903159283428276,0.237748285943776,0.0196081508203515,0.0287476379641592,0.000180833066708222,8.27949938429782e-07,0.623398315937355
"TCGA.UY.A8OD.01A",0.0146943778261645,0.0642427275935302,0.0938412410293128,0.0889375708040204,0.0122041491547839,0.000785051807044343,0.0172045741351503,0.708090307649994
"TCGA.FD.A3SP.01A",0.00125193886667502,0.207415018870675,0.246244175631911,0.322649150455858,0.106630844127728,0.00156963500620306,0.0243441291835695,0.0898951078573805
"TCGA.DK.A2HX.01A",0.00115575786689536,0.211161045660367,0.165254547903334,0.211964850788613,0.0277676432730761,0.000835342018489335,0.00243488557657353,0.379425926912652
"TCGA.CF.A8HX.01A",4.735735651902e-09,0.017910464033166,0.0139983473219985,0.00551126912058672,0.00127504478008129,1.31899493269894e-05,0.00286720964243295,0.958424470416672
"TCGA.E7.A85H.01A",0.00116496930896732,0.0483024601739516,0.042281247783259,0.0282614167561046,0.0185316810379279,3.76839103061047e-05,0.0120316407013173,0.849388900328166
"TCGA.ZF.A9RL.01A",3.10457625794403e-07,0.0266382799715755,0.0179570335201989,0.00398971728044988,0.00104542960367577,7.26384737703836e-05,0.00324241029075086,0.947054180401953
"TCGA.UY.A9PB.01A",0.0321793342296066,0.205853864664807,0.134277377485626,0.122596057258296,0.134674712005643,0.00105431091168289,0.050280825424008,0.31908351802033
"TCGA.GV.A3JV.01A",0.00511842172669603,0.08377832064824,0.0751144259237647,0.0459877974495095,0.0176216239940574,0.000350218957873586,0.0193941741805984,0.752635017119261
"TCGA.GD.A6C6.01A",7.33460767585826e-09,0.0788164207285931,0.0417811243505566,0.00751255305006901,0.013030552264415,7.34184704392316e-05,0.00353743407717329,0.855248489724146
"TCGA.XF.A9SW.01A",0.0633464541048448,0.0159064605449604,0.325231457931091,0.32770332792491,0.0376352495360777,0.00214849420857198,0.0127114304606595,0.215317125288885
"TCGA.GV.A3QI.01A",1.51130785948012e-08,0.0712495187485147,0.100751764836696,0.00788003393463872,0.00287106937844863,2.41361448904728e-05,4.58309566951482e-06,0.817218878748064
"TCGA.UY.A9PE.01A",0.00892777505353938,0.0490488805513714,0.0465471713612397,0.0312222312026319,0.00468323276854074,0.000222399225909012,0.00230651772281012,0.857041792113958
"TCGA.E7.A97P.01A",5.12646726943126e-08,0.167819450263027,0.0987342353815179,0.059285113728465,0.0340759209449448,0.000285412607545283,0.0793234419593147,0.560476373850513
"TCGA.G2.AA3D.01A",0.00301954061831699,0.0572452209167092,0.0220254426257351,0.00846982200626768,0.00316300611027286,0.000212930719367319,0.00324087437241626,0.902623162630914
"TCGA.BL.A3JM.01A",2.5561625638597e-09,0.147014142034722,0.0744026634951743,0.0175017314328374,0.0207466346061814,0.000336054399128164,0.00335482458259212,0.736643946893202
"TCGA.GV.A3JZ.01A",5.24590578538357e-07,0.116786772135953,0.0774808375038189,0.045754730531269,0.0173735866204394,0.000107522548646447,0.000262310544714704,0.74223371552458
"TCGA.ZF.A9R5.01A",0.00117822830941978,0.0335944014002703,0.0281455897928909,0.00357631521698836,0.0039136980121471,7.0148722557688e-06,0.00828971941541282,0.921295032980615
"TCGA.UY.A9PH.01A",0.014891995871742,0.082939136457092,0.0983713568325866,0.0467989639208047,0.07937444424609,0.00043165040066958,0.0212175753816153,0.6559748768894
"TCGA.E7.A7XN.01A",1.60545446599775e-08,0.0898942269429962,0.033969427261896,0.0057832077755274,0.0466967067326682,0.000139454944853377,0.0867457067883095,0.736771253499205
"TCGA.XF.A9T8.01A",5.27496516147301e-08,0.316665204578379,0.12461280501231,0.0382771123473789,0.0778587523626078,0.000706901409321577,0.0273537414230313,0.41452543011732
"TCGA.DK.A3X1.01A",1.97887733439821e-08,0.0418470608380601,0.04362161996591,0.0169739050084577,0.00358990866709129,0.000129522691710829,0.00284357970044366,0.890994383339553
"TCGA.E5.A4TZ.01A",3.06835966331286e-09,0.100960058790644,0.0395953527251526,0.00431668315153493,0.0101294145715387,0.000245190453332112,3.4775613590991e-08,0.844753262463825
"TCGA.XF.AAN3.01A",4.65602319864193e-07,0.369481824561866,0.0870881467600789,0.0793001560760763,0.0239232584148618,0.000520616236344034,2.80470077920448e-06,0.439682727647674
"TCGA.E7.A7DV.01A",3.17068875364185e-08,2.65397682551218e-06,0.0260788694889906,0.0806609739250482,0.893252076043442,1.73789687544325e-08,4.79502795905479e-08,5.32952955745335e-06
"TCGA.BT.A20O.01A",0.000279579263294781,1.02301942920959e-05,4.91124000889357e-05,0.0972769261660357,0.86616723996105,0.00452153285935443,0.0316938249377651,1.55421811921692e-06
"TCGA.XF.AAMY.01A",6.97456429633284e-08,0.105389875164139,0.104608098627324,0.0706775950092345,0.0130003824089792,0.000533962484011523,0.000376833167354061,0.705413183393314
"TCGA.BT.A20V.01A",2.67803274922382e-08,0.286734219906519,0.0456019086639004,0.00813716989005285,0.0215291896212441,4.99168901444551e-05,0.0078990843185249,0.630048483929287
"TCGA.GC.A3BM.01A",2.18188498592268e-08,0.103821147828567,0.068041917519335,0.00966834561457544,0.00981530260060651,4.05108182849075e-05,0.00261787847654397,0.805994875323237
"TCGA.K4.A4AB.01B",0.000429050409215774,0.0781405085096347,0.0811471987862384,0.0777351506223406,0.0247767110739583,0.000326461697604293,0.00415833577330544,0.733286583127703
"TCGA.FD.A5C0.01A",0.00437373562277146,0.0829955154284573,0.0654663924346272,0.0643614651089063,0.00994697522469781,0.000567965930492183,0.00384933276247858,0.768438617487569
"TCGA.G2.A2EK.01A",0.0145573154308304,0.0281467384886132,0.0345000393207841,0.0243865481864817,0.00248798853756042,0.000470481992019127,0.00726071297076617,0.888190175072945
"TCGA.CF.A1HR.01A",3.07439716690868e-07,0.146096726409545,0.0779186289818064,0.0293667344451745,0.00973391102883944,0.000486012637934621,0.0054217816626993,0.730975897394284
"TCGA.GC.A3RD.01A",8.84479371888811e-09,0.0514397830762637,0.0336362591201233,0.0165534153386362,0.00563096668263876,8.10847830849583e-05,0.000788529075333431,0.891869953079126
"TCGA.E7.A5KE.01A",4.17436262643621e-09,0.0644853466069055,0.0345860672158564,0.00320678374695926,0.0021458800194796,4.44091717641395e-05,0.000488412636998042,0.895043096427674
"TCGA.ZF.A9R9.01A",0.00682129372804679,0.0375510582371219,0.055078665801532,0.109129318339296,0.00670553447623469,0.000363770998268313,0.00452582595721124,0.77982453246229
"TCGA.DK.A1AB.01A",9.47427771883429e-08,0.18169936128658,0.0899296068056402,0.157447494375314,0.0289163235813386,0.000769569072685676,0.00546389999048403,0.53577365014518
"TCGA.GU.A42R.01A",8.88710759708764e-10,0.120591469146139,0.0598968060815219,0.0102391888949252,0.00513768309964016,0.00010073768243859,0.00107263287059528,0.802961481336029
"TCGA.E7.A5KF.01A",2.57733967539781e-09,0.0786998027610102,0.0358720295739794,0.00221625024956634,0.00267580657749351,2.51307510345911e-05,0.00117824384266411,0.879332733666912
"TCGA.ZF.AA54.01A",4.60900779042499e-06,1.38908355080891e-06,0.141838769138043,0.309687087231333,0.548403794628097,6.43207101236009e-05,4.30189286913492e-09,2.58991702991588e-08
"TCGA.CF.A3MF.01A",7.10583331083014e-08,0.00697182956963978,0.0244646364631683,0.0015887813305329,0.000413851756571252,2.69892424181631e-05,0.0150072573201802,0.951526583259156
"TCGA.E7.A6ME.01A",0.000902710530131765,0.0633219436559446,0.0504048682095092,0.0150508052110713,0.0133757432799588,0.000499575526428011,0.0146749983327161,0.84176935525424
"TCGA.DK.AA6M.01A",0.000766700716980545,4.58868736728159e-08,0.0809704776771071,0.0387194214005289,0.133756129094859,0.00215488027975279,0.0063013914146764,0.737330953529221
"TCGA.CF.A47W.01A",2.54040044085967e-07,0.0479630156869151,0.0429177235549278,0.00571633167013809,0.00305198536786176,5.78596751935512e-05,0.00540272138291642,0.894890108622003
"TCGA.XF.A9ST.01A",2.55217494687127e-05,0.0463502192986895,0.0445754448045651,0.00790160841522757,0.00218530842744985,0.000153919740428156,5.62620809029714e-08,0.89880792130209
"TCGA.FD.A3SN.01A",2.12460540397628e-06,0.144491552145441,0.0926083507224025,0.0484240235395698,0.0138018343873003,0.000246130571633513,0.00340733765695914,0.69701864637129
"TCGA.FD.A3B6.01A",9.92566729837543e-08,0.0593690645472632,0.0686167187926865,0.0266067554962507,0.0738093632596074,6.06313120917397e-05,0.0423856458475873,0.72915172148784
"TCGA.ZF.A9R7.01A",0.0182162836666456,0.0179622141612783,0.0314441792750842,0.00898459075900766,0.0278176548761478,0.00117986918518902,0.0822446873164458,0.812150520760202
"TCGA.BT.A3PK.01A",1.52099409758913e-07,0.0737479528941371,0.16785943181776,0.0465915849134693,0.0215036802489768,0.000385140172951133,0.00338780811361827,0.686524249739677
"TCGA.FD.A62P.01A",6.64470876705417e-08,0.115674614853032,0.0829471115551727,0.0642212032517594,0.0270531940904297,0.000422532346717345,0.0125210380329885,0.697160239422813
"TCGA.LC.A66R.01A",0.020372882432023,0.150089943752213,0.0990662603365426,0.0340056659118668,0.0335094585779145,0.00061639980026021,0.030820930680574,0.631518458508606
"TCGA.DK.AA76.01A",2.20054778821555e-06,0.0281138924571272,0.0363218459214973,0.0123626823548844,0.00128161267608906,1.93614464010843e-05,2.49391591928219e-07,0.921898155204621
"TCGA.DK.AA6T.01A",0.949558972461726,3.83683544792504e-08,0.014292127340589,0.016213427819201,0.0194786562572517,7.24997450458248e-08,0.000456702795118181,2.45801499103929e-09
"TCGA.XF.AAMH.01A",6.66284286855954e-09,0.147369639739045,0.0650139117538522,0.0246898056444491,0.0126775023184281,0.000234460807135425,0.00385242438588095,0.746162248688366
"TCGA.FD.A43U.01A",0.0133454752770405,0.369130343491318,0.17727625133159,0.106807040030573,0.0875788189729269,0.0011727116497465,0.0187166758664126,0.225972683380392
"TCGA.GC.A6I3.01A",0.0154055496458897,0.106098237809331,0.0427340758837571,0.032946454609007,0.0343299546376981,0.000442520149715707,0.0471859129964052,0.720857294268196
"TCGA.GC.A6I1.01A",0.0706293670134289,0.453951706334519,0.0836030884901754,0.0236968438469119,0.186027346059212,8.87837527907408e-05,0.0513207039325356,0.130682160570426
"TCGA.FD.A3B8.01A",0.073425388699953,0.114828066379743,0.277130433612133,0.252335482928652,0.205919354749878,0.00510057683162543,0.0712606630949977,3.37030175053307e-08
"TCGA.XF.A8HD.01A",2.4821798095354e-08,0.152874343284329,0.0762150474409152,0.0302837723098655,0.0371166373255431,0.000114075987809186,0.0414353816618609,0.661960717167879
"TCGA.ZF.A9R2.01A",5.3157018733145e-09,0.0986106768956508,0.0351837601791459,0.00320622671631,0.00415323462850427,1.68304695236438e-05,0.000718350656059075,0.858110915139105
"TCGA.FD.A62S.01A",0.019899650457928,0.108710527142421,0.156514886483104,0.259895515510907,0.0690408398964896,0.00159049877921524,0.00801705835146497,0.376331023378471
"TCGA.BT.A0S7.01A",0.00324029609233952,0.0359200770638074,0.0932313988665053,0.0227331892302504,0.00923464206688585,9.42164660670102e-05,0.00312853025020039,0.832417649963944
"TCGA.CF.A8HY.01A",6.41987071872372e-08,0.0376308884353561,0.0720748742498441,0.00762667057279553,0.00286479131116057,0.000164568188944934,0.00651252138742847,0.873125621655763
"TCGA.FD.A3B4.01A",0.0459182986654563,0.116458300211288,0.0816108257311279,0.0813594082306065,0.0338336473176402,0.00146985629166079,0.0164347880401168,0.622914875512104
"TCGA.ZF.A9RF.01A",5.61394615983239e-07,0.263647403131482,0.0573624858475488,0.00633830208341527,0.166075599731926,0.000234840476850844,0.0867208276414837,0.419619979692677
"TCGA.FD.A3SQ.01A",0.0260624961827169,0.1389648459749,0.158386640016431,0.246797408503178,0.0264703514332056,0.00116097564991721,0.00349153793807476,0.398665744301576
"TCGA.4Z.AA7Q.01A",0.0113997560925042,0.0868715782879037,0.0563471049013494,0.0154563513770805,0.0319535137530972,0.000166704174377493,0.0345655023273714,0.763239489086316
"TCGA.DK.AA6S.01A",1.26390131691142e-07,0.105711044629952,0.10676069132886,0.138812587453793,0.0192343604057649,0.000401602304224947,0.0146711559658787,0.614408431521394
"TCGA.LT.A8JT.01A",0.00104665579683636,0.0305933908290379,0.0277825673216763,0.0389587406216966,0.00553370577541095,0.000129468892850615,0.00774521134900041,0.888210259413491
"TCGA.BT.A2LD.01A",0.00619563248350469,0.0437296829650604,0.0474950342599608,0.0216688600461676,0.01520659518144,0.000153427547293743,0.00625070713187619,0.859300060384697
"TCGA.DK.A6B2.01A",0.00496638693530356,0.107808872813009,0.108113307254142,0.103514611016522,0.0430541841292636,0.00117099941987737,0.0127554240860153,0.618616214345866
"TCGA.DK.A3IM.01A",9.72041049189535e-10,0.171458609539943,0.03328343917841,0.00390099090544664,0.00777006381047752,6.13013055419832e-05,4.7763403589094e-08,0.783525546524736
"TCGA.GU.A766.01A",4.78983194967989e-08,0.477880125735515,0.18951524281652,0.0245131494865988,0.0753068368322876,0.000287919154045673,0.0705169150186454,0.161979763058068
"TCGA.LT.A5Z6.01A",4.86043071383252e-08,0.0788950361543289,0.0360043452754942,0.00562794463472536,0.00930208592394769,0.000160001460678504,0.0091276631050634,0.860882874841455
"TCGA.BL.A0C8.01B",9.46961442024949e-08,0.0560095348930651,0.0832104275949801,0.0223455214624166,0.00389438807765674,3.8258333548774e-05,0.000988952179488646,0.8335128227627
"TCGA.FT.A3EE.01A",0.000508664840402128,0.0882941796973551,0.0526134111223834,0.0174888011451421,0.00608371930425552,0.00021681736030483,3.60739587220589e-08,0.834794370456198
"TCGA.G2.AA3C.01A",0.191802487290449,1.82822750212323e-05,0.0826522764709984,0.0233014855098566,0.702185323825088,1.84782650111363e-05,1.38152360701812e-05,7.85112750547792e-06
"TCGA.KQ.A41S.01A",4.30906879930403e-08,0.117374480177592,0.115426781044072,0.107018374643072,0.0266365033596894,0.000667917203717344,1.54987639134384e-05,0.632860401717256
"TCGA.DK.A3IU.01A",0.185911467217999,0.0697842895129282,0.123378924543625,0.11384095191451,0.111115072317146,0.000910307626871194,0.138795720509947,0.256263266356975
"TCGA.BT.A0YX.01A",1.1012276327587e-08,0.171787809777351,0.0605117093074088,0.0175094036556379,0.0267901666085458,0.000857298643756693,0.00870830578192893,0.713835295213094
"TCGA.2F.A9KO.01A",0.0115958492455191,0.0459140601287248,0.0526576225800937,0.0484174818371758,0.0314770851099716,0.000201106026320016,0.0355054812572896,0.774231313814905
"TCGA.DK.AA6L.01A",1.10221566447857e-09,0.107473506253634,0.04330243459049,0.0188631643149516,0.0253233326019546,0.000284316321982613,0.0089607497642428,0.795792495050529
"TCGA.XF.A9SP.01A",0.0223828403419501,0.0198121223064928,0.150258368815297,0.190812697222951,0.0295239706897576,0.00172757940512727,0.00775726946540629,0.577725151753017
"TCGA.E7.A4XJ.01A",5.47801741512611e-09,0.0362918150589046,0.0366296295286963,0.00719305234865903,0.00148213506569644,0.000121466912030112,0.00303892825306973,0.915242967354926
"TCGA.XF.A8HB.01A",5.54942199101215e-09,0.0549604439689681,0.0331922541603954,0.00496776939060526,0.00743659928179635,9.82097471689556e-06,0.0014082052592199,0.898024901414876
"TCGA.SY.A9G5.01A",0.00244479197842704,0.0863401239811577,0.0981492322111947,0.14198077029734,0.0455274981071627,0.00124192594409333,0.0429298177023868,0.581385839778238
"TCGA.XF.AAMX.01A",0.000709439273802219,0.0288799412175722,0.0694472208499401,0.0413910320253216,0.0118801433996221,4.29182982336107e-05,0.00312845522816018,0.844520849707348
"TCGA.ZF.AA58.01A",0.0183019925951822,5.75013343542512e-08,0.170002204442561,0.131332559147016,0.426122809068617,0.000201334276774562,0.0750018768106211,0.179037166157893
"TCGA.XF.AAMG.01A",1.68522090507601e-07,0.0666290177630555,0.0756969485480958,0.0448611407178043,0.01300538013201,3.21028213791932e-05,0.00498052813343675,0.794794713362128
"TCGA.DK.AA74.01A",0.000431413420533707,2.0742095746778e-07,0.33437997797203,0.28988854266576,0.358982908727639,0.00377769115509972,0.0125392348798686,2.37581112226169e-08
"TCGA.ZF.AA4T.01A",8.67793099717056e-08,0.029286368760173,0.0240078310840213,0.00654608711123111,0.00125371426887808,4.65530752041901e-05,0.00156501030910196,0.93729434861208
"TCGA.FD.A5BV.01A",2.63709019077584e-08,0.038939700970591,0.0532819079681847,0.0275545290372232,0.00296924344330028,0.000130872503096893,0.00432631885531724,0.872797400851385
"TCGA.YF.AA3L.01A",1.34383801374666e-08,0.132277852168143,0.0739746919023682,0.0131788069794574,0.00914513437738413,0.000320300944411857,0.00889875031102914,0.762204449878826
"TCGA.FJ.A871.01A",1.41301481536574e-08,0.310541179997078,0.0770030993085738,0.0262138055830969,0.0112640227638254,0.00012381686518207,7.06448891660484e-06,0.574846996863179
"TCGA.FD.A6TF.01A",0.0141233944829637,0.0971483011091248,0.166068463890979,0.108867856015482,0.0221532139277925,0.00089678443632452,0.00405286962069087,0.586689116516642
"TCGA.ZF.A9RN.01A",1.50927573264987e-08,0.0359116672481124,0.041101080549309,0.00335146057298934,0.0149747571611472,0.000163714884189916,0.0437231216436089,0.860774182847886
"TCGA.GV.A3QF.01A",2.57836845516559e-07,0.0209456023956907,0.0564575971314557,0.00675975251499306,0.00113138600496042,5.61262128196877e-05,0.00161096799844222,0.913038309904793
"TCGA.FD.A3N5.01A",3.04807574135248e-09,0.135699309388807,0.0494372770396206,0.0121999204522888,0.00956483661566677,9.28347622370676e-05,0.00594314463903444,0.78706267405427
"TCGA.XF.A8HG.01A",1.41578617757761e-08,0.0136540665013969,0.00819524767800285,0.00532049805684862,0.00195776531547873,2.10212104391836e-05,0.000579961787753247,0.970271425292219
"TCGA.XF.A9SM.01A",0.008318810925842,4.08491825232199e-08,0.129867717230122,0.100743110030429,0.266777462035317,0.000192012616082413,0.100060557172677,0.394040289140347
"TCGA.XF.AAME.01A",0.0723342318324501,0.236190728365217,0.305755221285994,0.25994920000752,0.0728521246473263,0.00251605064257494,0.0244478025490032,0.0259546406699152
"TCGA.GC.A3YS.01A",7.7060757151299e-08,0.234543762886007,0.118403447598029,0.154582659924446,0.041810469964742,0.000433392359071256,0.00109438357362627,0.449131806633321
"TCGA.HQ.A2OF.01A",0.00434132196664627,0.25659437599506,0.0631936136772847,0.0106315079379215,0.00274652964198181,5.54241467047825e-09,6.99253456744747e-09,0.662492638246157
"TCGA.FD.A5BX.01A",0.00379363516678202,0.168959685876214,0.200520991702694,0.113202986831088,0.0656238432664721,0.00112186767033891,0.00136431274968221,0.445412676736728
"TCGA.CU.A3KJ.01A",3.28087856331058e-10,0.641743449000474,0.0960154467801514,0.0177658164108872,0.0272704710086656,0.000121095419525725,1.98569970624065e-09,0.217083719066509
"TCGA.G2.A2ES.01A",7.91575455386748e-09,0.114905000247198,0.0737173866463943,0.0547052766244381,0.0290508809073127,0.000216993078777123,0.00957671502556587,0.71782773955456
"TCGA.FD.A6TI.01A",7.68987892229256e-09,0.118103401360783,0.0569144844698166,0.0319170905444288,0.0117331034855167,0.000485355101252355,0.00360265345790893,0.777243903890415
"TCGA.XF.A9SL.01A",0.111314003890182,0.0613184175259287,0.284044609280555,0.226713411158845,0.033999150668484,0.00564239491990417,0.0369568889425524,0.240011123613548
"TCGA.E5.A2PC.01A",4.9389924178351e-10,0.0625340140742791,0.0367835553686038,0.00626083516586304,0.00862829927427252,3.22915948374128e-05,0.0114947214121209,0.874266282616124
"TCGA.FD.A3B7.01A",0.014255519926309,0.372255891189015,0.277046096987711,0.144937289364836,0.108867293028791,0.00134203761909133,0.0756830677696025,0.00561280411464466
"TCGA.BT.A3PJ.01A",9.20188830439004e-08,0.314216160960196,0.0845143483247126,0.0204685743339481,0.0414928444143691,1.95047674646409e-05,0.00599981039836268,0.533288664782063
"TCGA.ZF.A9R1.01A",0.0128678157414569,0.0753461917735609,0.0514287149417421,0.0385433355926782,0.00412661470097289,0.00033048120046335,0.00561542275043517,0.81174142329869
"TCGA.ZF.AA5H.01A",0.00558249231080615,0.093192115594007,0.0436773027414821,0.0367514164400987,0.0399329266552594,7.88531061943262e-05,0.023678668277938,0.757106224874214
"TCGA.BT.A2LA.01A",2.94645957734085e-08,0.0324181059962316,0.0600720372187921,0.00736567961817553,0.0036468034440628,6.43782096669745e-06,0.00117957460528855,0.895311331831887
"TCGA.XF.A9T4.01A",4.89996844459268e-08,0.141650323578113,0.100567276257837,0.0466487198576838,0.0126000579152401,0.000133198923281031,0.00536370954036205,0.693036664927799
"TCGA.GV.A3JW.01A",2.89252275318218e-08,0.0470252596313141,0.0480678796904059,0.0192540716321116,0.00230426234080749,0.000124643403465284,0.000139844736165763,0.883084009640502
"TCGA.ZF.A9RM.01A",6.25456395953432e-08,0.0697573561060541,0.0336704078611718,0.00510054571046665,0.00222488326170531,2.30182484501099e-05,0.00176311418304971,0.887460612083463
"TCGA.KQ.A41P.01A",0.000280270289511435,0.056457526595112,0.0612896842384141,0.0337741283018943,0.0146749553135925,0.000276918084924077,0.00508329162985011,0.828163225546701
"TCGA.DK.A3IK.01A",0.00720659283951485,0.0236318325750388,0.0350195117457619,0.0349561442554498,0.00208302336425534,0.000266697605585913,0.00358159322646975,0.893254604387924
"TCGA.CU.A0YN.01A",0.00116510694172327,0.121815804078929,0.0780563358033911,0.059127184591043,0.0168885469872168,0.000333422090249784,0.0112955926838408,0.711318006823607
"TCGA.4Z.AA7W.01A",0.022416883743883,2.72713607306563e-09,0.0379985202523346,0.0213493577593753,0.0806764650722276,0.000135748109813729,0.169518868674119,0.667904153661111
"TCGA.CF.A9FL.01A",8.87622147893938e-08,0.083362835967482,0.0551667154214899,0.0421823712336383,0.00576810619944158,9.50880226218379e-05,0.00074536965471451,0.812679424738397
"TCGA.E7.A7PW.01A",4.84181410764387e-07,0.0283455259639266,0.0186880140694794,0.00627602653340966,0.00262240509792312,3.39523401726505e-05,0.0041412621378118,0.939892329675866
"TCGA.FD.A6TA.01A",0.0225378441808671,0.147139309855738,0.0991116452992416,0.1068844819019,0.0313821341388901,0.000445901939026766,0.00784397518520958,0.584654707499127
"TCGA.FD.A43S.01A",0.143249352940669,0.0745651895564026,0.214827264110055,0.113334046352362,0.0587536927991927,0.00483594460320714,0.0699548672185091,0.320479642419603
"TCGA.K4.A4AC.01A",3.81362423421337e-08,0.612572718418252,0.100968193180803,0.0189525288555688,0.0625944998097493,0.000398756849254331,5.0711060285978e-08,0.20451321403907
"TCGA.2F.A9KW.01A",1.99864326541158e-06,0.0540796365447542,0.255689800233842,0.0327929095210834,0.0103484100689316,8.47610568185739e-05,0.000210677935993904,0.646791805995311
"TCGA.4Z.AA81.01A",8.29590371743813e-08,0.057698102546834,0.0253093710107056,0.00730880434004893,0.0117823442599325,5.4073131258973e-05,0.0301650293222244,0.867682192429958
"TCGA.E7.A97Q.01A",0.00289206079325517,0.0219863545071701,0.0574977847904313,0.0578642746268779,0.00931883997537269,0.00035378703240914,0.0068047354744999,0.843282162799984
"TCGA.ZF.AA53.01A",3.48590702011492e-08,0.296230739770033,0.128753153111958,0.0802422715795585,0.0837012343178914,0.000211670217341867,0.00503810683379257,0.405822789310355
"TCGA.CU.A0YR.01A",7.60759274763505e-08,0.193298624939812,0.13388186391266,0.0367157838362254,0.0381426128621875,0.000139989252056384,0.00352327115142198,0.594297777969709
"TCGA.4Z.AA7Y.01A",2.72414152112484e-07,0.0709811258975943,0.0938278716290313,0.00930307063208138,0.00315158488098363,7.58129081106801e-05,0.00146474679007643,0.82119551484797
"TCGA.XF.AAMJ.01A",0.00766604086601161,0.074574471715596,0.143346227261799,0.24292088157559,0.0121102175148615,0.000723248293959163,0.00330413651759719,0.515354776254585
"TCGA.G2.AA3B.01A",0.00216368539809198,0.0316840971316898,0.0192056601251426,0.00477522172035142,0.00334019697292451,5.30372855000942e-05,0.0103145601978895,0.92846354116841
"TCGA.MV.A51V.01A",6.56399075976814e-08,0.0585747378655155,0.0864190530861981,0.0128738113283227,0.00256708181659802,0.000161769492126325,0.00580256664820899,0.833600914123123
"TCGA.E7.A6MD.01A",0.0300255332333856,0.0249504884842524,0.0675060055941859,0.0761054621720061,0.0109552680664928,0.000998040349055834,0.0173545443316078,0.772104657769014
"TCGA.K4.A3WU.01B",0.0923833529455173,0.0774756274262185,0.128827603356516,0.127857709702268,0.016396700866256,0.000975760582839111,0.0327109423172473,0.523372302803137
"TCGA.FD.A3SL.01A",0.00847447812483586,0.100391032977585,0.19871636318199,0.174492881567682,0.0335355763717421,0.00120046786492728,0.00193781785850678,0.481251382052731
"TCGA.BT.A42E.01A",1.7450894900675e-08,0.0711996371855308,0.0342298135530758,0.0103395735527966,0.0563596458923039,1.11648434262836e-09,0.0206473181757924,0.807223993073121
"TCGA.ZF.A9R0.01A",0.00479745911389302,0.00921370335615172,0.0273132935775733,0.0273581566545065,0.00558686792814946,6.59906474521118e-05,0.00580353920245655,0.919860989519817
"TCGA.DK.AA6R.01A",1.55806484105954e-08,0.0719247663366548,0.0470886111513755,0.0225527463484095,0.00571347696048124,8.25809952138048e-05,0.00754459916570271,0.845093203461514
"TCGA.CF.A9FH.01A",2.55741730850464e-07,0.0510389244437751,0.0429302567517593,0.0049165367431347,0.0026803270642958,2.49116919220791e-05,0.00384591248753519,0.894562875075847
"TCGA.KQ.A41N.01A",0.00342753121647384,0.0233162654388321,0.0485052945201863,0.0134687135400176,0.00120571630166106,0.000234353218987738,0.00149447432317816,0.908347651440663
"TCGA.5N.A9KI.01A",1.3433912148125e-07,0.144933145582843,0.0763892955905014,0.0549764682289964,0.0252249556705389,0.000466625530658442,0.000938371320629267,0.697071003736711
"TCGA.GD.A2C5.01A",0.000190181048095985,0.0332320472751798,0.0804159244777389,0.0626298616718122,0.00489354197852039,0.000369543025847104,0.00423820064730789,0.814030699875498
"TCGA.ZF.AA52.01A",0.000296358487694461,0.163903097218801,0.100107289369708,0.170167533624906,0.026479738283784,0.000702219087417506,0.00450562300963748,0.533838140918051
"TCGA.E7.A541.01A",0.00376548297358516,0.0340973087073486,0.0654475931807233,0.030917185875138,0.0320550576413363,0.000604686754422448,0.0353807139558518,0.797731970911595
"TCGA.ZF.AA5P.01A",0.0783200875263292,0.0345650405228618,0.309011536288201,0.246058578596468,0.0126917773174639,0.00155185891670084,0.0145645677479916,0.303236553083984
"TCGA.ZF.AA4W.01A",2.91928452811572e-08,0.128951235136859,0.0327387769458109,0.0753701226747689,0.0056916901412154,1.58011789247147e-05,0.00670854335761978,0.750523801371956
"TCGA.ZF.A9RE.01A",1.14421162974928e-09,0.064298238046277,0.0278394681221921,0.0065130768722238,0.00362408942886322,2.78129733945318e-05,0.00214794277082139,0.895549370642016
"TCGA.DK.A1AD.01A",0.00387054230572137,0.0139674251397222,0.0343343289209946,0.0420418178434634,0.00583916545297059,9.19375632223468e-05,0.00473677982903948,0.895118002944866
"TCGA.GU.A42Q.01A",3.82378299933409e-08,0.825037760999136,0.117288394233319,0.0262572932147572,0.0312649904657375,0.000150274292156751,4.17031463444194e-07,8.31525600000695e-07
"TCGA.CF.A5UA.01A",1.15295680363535e-07,0.09882860603133,0.0655679025576423,0.00939044244101086,0.0073319237168778,7.42129030798988e-05,0.0048359952922878,0.813970801762091
"TCGA.BT.A20W.01A",0.00891734059007947,0.0217440152037235,0.105927328497458,0.022219376371354,0.00682468173556157,0.000600193316745562,0.0164274714276808,0.817339592857397
"TCGA.DK.A1A7.01A",0.00644536463516339,0.00700940111627803,0.0191902739043111,0.00788495403014544,0.000995402428378249,0.000141927822671211,0.00338670525200835,0.954945970811044
"TCGA.CF.A9FM.01A",1.45895533982984e-08,0.12017730224988,0.0554256183157387,0.0102616731193016,0.00720872742892942,4.94760073614828e-05,0.00700660830375617,0.799870579985479
"TCGA.XF.A9T3.01A",0.0207173687161938,0.0750531364969793,0.154553384468847,0.111511062483462,0.0255990879510517,0.00110464550755478,0.0166772929936716,0.59478402138224
"TCGA.E7.A519.01A",0.00158947583402468,0.0698735371188351,0.0713244741218118,0.00799025329636168,0.00811369730655045,0.000303821369008881,0.0313125658680531,0.809492175085354
"TCGA.C4.A0F1.01A",3.83919938407959e-07,0.49187932854744,0.089435321796159,0.113149464444745,0.020920280657161,0.000127541898144337,1.6964812458423e-06,0.284485982255166
"TCGA.E5.A4U1.01A",1.51431079572127e-09,0.0211083670677205,0.0287729158407585,0.00328592418841402,0.000918604550107418,0.00031880566941164,0.00412581520697803,0.941469565962299
"TCGA.FD.A3NA.01A",9.29929666640994e-08,0.0627895347958556,0.0578478950522566,0.0406929067575768,0.0195043313773176,0.000456277937600912,0.0102502296993647,0.808458731387061
"TCGA.KQ.A41O.01A",9.88460194725562e-07,0.0182069400250278,0.0146934503212587,0.00194792058419139,0.000544047425711973,0.000133892858086877,0.00441965628233304,0.960053104043196
"TCGA.CF.A47V.01A",7.01013174426899e-08,0.0346827079342878,0.139622349216691,0.00961525278802906,0.00222338968833759,0.000262467328966064,0.0124878723969157,0.801105890545455
"TCGA.FT.A61P.01A",5.79036698049777e-06,0.162516532831525,0.126799475402848,0.0934819717885522,0.05244308346908,0.000593379929156501,0.00859694299596658,0.555562823215891
"TCGA.BT.A20J.01A",0.0162445518032088,0.0502381417751894,0.053980229626564,0.0108404304515368,0.0453532345954011,4.63867164852213e-05,0.0183225528745542,0.804974472157061
"TCGA.FD.A5BR.01A",0.0381463765449293,0.113205050879315,0.0788244570945056,0.048606475872216,0.0158667866120992,0.0009982202617651,0.0119683040103076,0.692384328724862
"TCGA.ZF.AA56.01A",0.000945722511713722,0.36891620197366,0.14688356866212,0.0461152826927181,0.0362927352201101,0.00188712888695179,0.000839236077467157,0.398120123975259
"TCGA.XF.AAML.01A",4.05070632701651e-08,0.05754041629568,0.0226695197438859,0.00396660584041721,0.00561948584360111,5.34102469888233e-05,0.0109405235138039,0.89920999800856
"TCGA.DK.A6B5.01A",2.4799207222286e-08,0.126020794313519,0.0458851288155491,0.026286632300607,0.0205635666010039,0.000216961712746362,0.00804912216442188,0.772977769292946
"TCGA.DK.AA6Q.01A",2.50889588023584e-08,0.363304254251329,0.0721664555818992,0.0098875837777886,0.040561882199718,0.00271478706372989,0.0278108153203421,0.483554196716234
"TCGA.ZF.AA4U.01A",8.25075348324723e-09,0.0480000795877242,0.0441578390668492,0.00265345558853965,0.00344368604577031,5.68923425220927e-05,0.00367157710927374,0.898016462008567
"TCGA.K4.A6MB.01A",1.33038586817546e-07,0.0414888728392172,0.0639145571747751,0.0908382585729636,0.00785606517511836,0.000190465196419741,0.00113335011292525,0.794578297889994
"TCGA.4Z.AA82.01A",1.71760431879895e-07,0.125091935790361,0.0540838304045498,0.0514489126305798,0.0108994163350555,0.0005537205316345,0.00197275047969847,0.755949262067689
"TCGA.FD.A3B5.01A",3.70920384903383e-10,0.0733715021867097,0.041455318244861,0.028064566617932,0.00792526889836432,0.000131578420306219,0.000211130894156231,0.84884063436675
"TCGA.CU.A3QU.01A",1.24662165733782e-07,0.0363857537521275,0.0423196193298958,0.0097085069325701,0.00213493066320636,9.94560020029369e-05,0.00306082883809899,0.906290779819933
"TCGA.GV.A3QK.01B",5.0584028149103e-08,0.0510407259648037,0.043450253516428,0.00573060711865369,0.00528790150303825,0.000177732840555226,0.0117429315506621,0.882569796921831
"TCGA.DK.A6AW.01A",2.10829570969062e-08,0.0470464888566518,0.130014943836929,0.00889602072902776,0.00423429342785166,6.60732202288304e-05,0.00149053171964158,0.808251627126712
"TCGA.FD.A3N6.01A",1.27330364116814e-09,0.0547220552448623,0.0278616787957758,0.021971097944082,0.00852112222014475,0.000128328539189226,0.0227237187334929,0.864071997249149
"TCGA.G2.A3IB.01A",5.32320099504028e-07,0.245840281470711,0.0441932341788323,0.022388697090795,0.0122932980251074,4.78529830303685e-05,0.000567563499343456,0.674668540432081
"TCGA.BL.A5ZZ.01A",1.64881028644921e-06,0.451451110955457,0.344731511591453,0.112262378453112,0.061565392242085,0.000635883758449582,1.38258645781921e-05,0.0293382483245791
"TCGA.XF.A8HF.01A",0.00055253207267198,0.0477147805052464,0.0502163933763321,0.0446386590215004,0.0107894666000685,0.00027980274763948,0.00299187297354665,0.842816492702994
"TCGA.XF.AAN1.01A",3.30613010624521e-08,0.0355913938091759,0.0664969187370293,0.0077240667037804,0.00338389810375264,7.56243840295981e-05,0.00654221426282882,0.880185850938102
"TCGA.DK.A2I6.01A",5.42974679726196e-09,0.0510837320119844,0.0469897605926591,0.0170357315696502,0.00652657708505843,8.85792150322986e-05,0.00489249062404397,0.873383123471825
"TCGA.XF.A9SY.01A",0.0147724381135048,0.401193414761455,0.114187274403637,0.0977781682257378,0.116375960252177,0.000340900700734762,0.0399737106116839,0.21537813293107
"TCGA.K4.A3WV.01A",7.83704318618222e-09,0.0221347973202723,0.01898776987344,0.0170516433657565,0.00272447962647468,8.34979813099379e-05,2.81520234290147e-08,0.93901777584368
"TCGA.FD.A6TE.01A",8.02615931042721e-07,0.0521128560815323,0.0279430537676219,0.00689768137560362,0.0049648557797477,1.87707180044306e-05,0.00849871521340909,0.89956326444815
"TCGA.GU.AATQ.01A",1.79791319238193e-08,0.145376927097519,0.0639602427047405,0.0181003733380677,0.0179319192889375,0.000165008103985715,0.00555206981767609,0.748913441669942
"TCGA.PQ.A6FN.01A",0.0126652824322134,0.134503872059499,0.0899545912236022,0.038188020852661,0.013924039706528,0.000397942927170462,0.00754253160571719,0.702823719192608
"TCGA.CF.A47X.01A",2.00262602335301e-08,0.0523218073493461,0.0446779687461498,0.00345407398332794,0.00224043713968871,7.71190995736247e-05,0.000701131347952174,0.896527442307701
"TCGA.ZF.A9RC.01A",0.00072842450759608,0.09917852655495,0.0739023642388968,0.0951289377237933,0.00765464304888431,0.000739145833956176,0.0250765880895311,0.697591370002392
"TCGA.E7.A4IJ.01A",0.000252240746599215,0.030699612243037,0.0701756793590768,0.00933990437370296,0.00727004868613121,3.94815723577916e-05,0.0173197763709736,0.864903256648122
"TCGA.DK.A1AG.01A",2.98090078663537e-09,0.0698925548355497,0.060435776609214,0.00570676709035484,0.00674064421598254,9.50674817542929e-05,0.0101438247040084,0.846985362082236
"TCGA.4Z.AA7S.01A",1.93525422625242e-08,0.0735047592878178,0.0686584279395563,0.0130578888341229,0.00350576176443023,0.000266913875885166,0.00718012290332947,0.833826106042316
"TCGA.DK.A1A6.01A",3.30685326639571e-08,0.046257266068166,0.0403922119341423,0.0245407951493859,0.0320368727350711,6.07746513115071e-05,0.0277037704417356,0.829008275951655
"TCGA.XF.AAMZ.01A",0.0195165324590381,0.0466153955420797,0.0499412896932919,0.0199973763392198,0.00916915002503903,0.000329489072445231,0.0105831122892537,0.843847654579633
