"","cellFractions.B.Cells","cellFractions.DC","cellFractions.Endothelial.Cells","cellFractions.Fibroblasts","cellFractions.Macrophages","cellFractions.Mast.Cells","cellFractions.T.Cells","cellFractions.otherCells"
"TCGA.C8.A278.01A",0.0412778942200864,0.169575407272419,0.0870036580945219,0.183497148603323,0.0536920805732162,0.00121760851660471,0.0155850504941384,0.44815115222569
"TCGA.A7.A425.01A",0.00656581402184902,0.0163455404339118,0.182529585645409,0.0857397356282071,0.0469738158029238,0.00164433531538528,0.001940360090929,0.658260813061385
"TCGA.E2.A15H.01A",4.10225722657109e-08,0.152155866530839,0.0760430977601206,0.0791932855621088,0.0108966697470569,0.000391759616509425,0.00140201720365646,0.679917262557136
"TCGA.A8.A06N.01A",5.05513163844702e-09,0.0490796379623672,0.0400500132739511,0.00283347471895223,0.0111708627607486,0.000135606055150885,0.00168247007390932,0.895047930099789
"TCGA.E2.A570.01A",0.000210164491788666,0.0420567786584132,0.0816804576133774,0.256071208830688,0.008576561144636,0.00186451946702645,0.00296118005891424,0.606579129735156
"TCGA.BH.A1FL.01A",0.00870293541762945,0.0519064330544317,0.0956555444594186,0.077363799090908,0.0112794388600563,0.00316885365305737,0.00894134020899544,0.742981655255503
"TCGA.E2.A56Z.01A",1.40298673156994e-06,0.0577757307109788,0.0570823013025634,0.0432627380302326,0.0101813010687238,0.000235404212321148,0.00797606289046085,0.823485058797988
"TCGA.E9.A1RI.01A",2.38259764400296e-06,0.093362875356881,0.0888013785242133,0.348065543062718,0.0184018313152777,0.00105732181622706,0.00231750212333553,0.447991165203704
"TCGA.BH.A0DP.01A",0.00441337509946936,0.0905937026071846,0.120483407579191,0.166933737219597,0.0232312355558466,0.00172713398898198,0.01563886297306,0.57697854497667
"TCGA.AR.A0U3.01A",7.2601844550023e-09,0.107158349357926,0.0645723004742506,0.0298823562412443,0.0125381421642424,0.000242808694153363,0.00595626082438862,0.779649774983611
"TCGA.BH.A18L.01A",5.58546090374296e-07,0.0291515697592433,0.0673074474577808,0.00986620063106498,0.0137215250490145,0.000420329546011976,0.00113874520031606,0.878393623810478
"TCGA.A7.A3J1.01A",0.0391766299927891,0.0433502599784383,0.162103815271603,0.10148662589827,0.0437807685229033,0.00240990166834149,0.0405965103253408,0.567095488342314
"TCGA.AC.A6IW.01A",0.0041488361630896,4.06283956555566e-08,0.0216231999233403,0.00992402201407495,0.564440348665487,3.25815261446841e-07,0.00649884605039789,0.393364380739953
"TCGA.AC.A3YI.01A",0.00358709107814528,0.105680126917992,0.180213143820381,0.157482758712304,0.0181756439294578,0.00244259504085654,0.00892400756872379,0.52349463293214
"TCGA.D8.A1XG.01A",0.000374507358867018,0.0796441093336466,0.071043796983152,0.0666435625894583,0.0197790724080532,0.00023249366973688,3.44406297297812e-06,0.762279013594113
"TCGA.A8.A082.01A",4.68452714589656e-08,0.143119455735016,0.0737558687216116,0.05777641767428,0.0273800391790551,0.000117813965510651,4.73544205818631e-07,0.697849884335049
"TCGA.OL.A5RU.01A",0.0923479608690201,0.086050568677202,0.107505459108884,0.068847351481882,0.0307100623202771,0.00149871079060219,0.0474129885424815,0.565626898209651
"TCGA.BH.A0HA.01A",0.00406591906440079,0.0768128234246187,0.146971759436296,0.247506837372915,0.0253550402914115,0.00170371080493055,0.0219512208457129,0.475632688759715
"TCGA.A2.A3XS.01A",0.0145410806049096,0.0759330870061869,0.0929189893092733,0.0512139479062163,0.0197831327082956,0.000146903943533877,0.0141070891938751,0.731355769327709
"TCGA.A2.A0ES.01A",0.00135102657209337,0.064292585558201,0.131019333533931,0.110167860413055,0.0255159164885578,0.000945823339128163,0.013199430528203,0.65350802356683
"TCGA.B6.A0RN.01A",0.00718908330370015,0.0700223160660046,0.0657559048226755,0.204038359569188,0.00689832514772723,0.00153194070212475,0.00427976288917341,0.640284307499406
"TCGA.BH.A2L8.01A",0.0268266053982661,0.0892583731686372,0.113321620400093,0.163679778717281,0.0649540528949142,0.00294575000001245,0.081945003371751,0.457068816049045
"TCGA.E2.A108.01A",0.0298114678006238,0.114543640859574,0.293783394254968,0.265842987142156,0.113539205049194,0.00523239461356479,0.117965744560304,0.0592811657196157
"TCGA.AN.A046.01A",3.68391177531464e-07,0.0787190315728534,0.0725750785303569,0.0855663631546075,0.0343925791722049,8.86545089889998e-05,0.0306980858207452,0.697959838849066
"TCGA.E2.A576.01A",0.00496872631730592,0.0586842852882819,0.0623195906141106,0.0390836223982656,0.013291778856573,0.00637758442693862,0.0210573135346952,0.794217098563829
"TCGA.A2.A3XX.01A",0.0337834316370278,0.107362459438947,0.0974398655767907,0.0734117084754933,0.025105698592496,0.000157602885841775,0.00937014769495965,0.653369085698444
"TCGA.C8.A137.01A",2.96202879153288e-07,0.125586862492127,0.0554339065587233,0.0766305284340885,0.00567160444441486,0.000209395866790364,2.4699982081097e-08,0.736467381300994
"TCGA.A7.A4SC.01A",0.00402840243045413,0.0593236138596624,0.177558874219413,0.0836147870828244,0.0156289407180239,0.00102833465311161,0.0131584113271227,0.645658635709388
"TCGA.E2.A15M.01A",0.0136150352235748,0.0732721581665988,0.174069222673865,0.237819840398297,0.0448631502658384,0.0004456226512276,0.0581609638638195,0.397754006756779
"TCGA.A8.A08I.01A",0.00845772809008332,0.263541558325918,0.0596254336755922,0.0288527909858482,0.148178861407584,0.000685484064866049,0.0756613754462324,0.414996768003876
"TCGA.AC.A2FF.01A",0.0349888225744106,0.0772417976052441,0.192557911731211,0.256871988732397,0.0269219615820541,0.0017546281586786,0.0280537739844886,0.381609115631515
"TCGA.E2.A1L6.01A",0.0035190757541097,0.0952446130834483,0.0983389043029244,0.0847313193655054,0.0129893445728778,0.000375898614872056,0.00629248936861813,0.698508354937644
"TCGA.A7.A13E.01B",0.0192306889813551,0.0987648785015086,0.0151776822011342,0.115215240565985,0.00550472330233519,1.34966995892533e-05,0.015759501803003,0.73033378794509
"TCGA.AR.A24S.01A",3.8227069002748e-07,0.308439136483136,0.124792915161411,0.175103976721895,0.0547874624890878,0.000484376535017216,5.16715855339394e-08,0.336391698667177
"TCGA.E2.A155.01A",4.46044095704061e-09,0.135724274770093,0.052230475858529,0.0219361130316496,0.00805870160893424,0.000493209063002745,0.000497450327970745,0.78105977087938
"TCGA.C8.A12M.01A",0.00475538455745804,0.0449004259537989,0.0927073625595447,0.0205417549211507,0.0092288872484861,0.00119995401663245,0.0131617119699763,0.813504518772953
"TCGA.E2.A14W.01A",3.1239371380574e-08,0.0567380973624102,0.0266963027413201,0.0494495171679417,0.00513232599176402,0.000158152105539603,0.00157757990946268,0.86024799348219
"TCGA.B6.A0RQ.01A",0.00173895316739845,0.0791787176153384,0.107909436136139,0.0537782007279082,0.0113064049248978,0.000770753037256009,0.00414485542325119,0.741172678967811
"TCGA.EW.A1IW.01A",0.00570094929621314,0.110507318235025,0.110487803838808,0.118892392229391,0.0197790008434732,0.000530889674081353,0.0128617788670286,0.621239867015979
"TCGA.A1.A0SM.01A",1.53139865109543e-07,0.149590036614567,0.0943414729478525,0.195190149172647,0.0191307622926702,0.000590132794634283,2.26787496687019e-07,0.541157066250267
"TCGA.E9.A1R6.01A",1.14377240079321e-07,0.21164557058956,0.096447089555601,0.0804104571212776,0.0202255103083787,0.000895980115428963,3.06999673313199e-07,0.59037497093284
"TCGA.A2.A0CQ.01A",3.07690438881691e-08,0.0389037081493472,0.0559219632321038,0.028638793163,0.0220809335896028,0.000437406749973953,0.00399685813252054,0.850020306214408
"TCGA.OL.A5D7.01A",0.0371928158072711,0.0443925235853899,0.0415373589863926,0.0132212771891629,0.0465728152951474,3.94082131901469e-05,0.0575046882859527,0.759539112637493
"TCGA.D8.A143.01A",0.0206117537107938,0.11905030497942,0.0843265130079913,0.032614911523443,0.0162049853138699,0.000151094609695343,0.0125934920525507,0.714446944802236
"TCGA.C8.A138.01A",0.0162027221755874,0.0474064664800094,0.105002025000511,0.11759743352506,0.0255298874028916,0.0017398970852314,0.0466743829219789,0.639847185408731
"TCGA.E2.A14Q.01A",0.0017789526922926,0.0803572801333476,0.0949139206133546,0.0779565134152622,0.00901707800977641,0.000649890229912923,0.0147207395007871,0.720605625405267
"TCGA.A2.A0YL.01A",0.00142617884355921,0.0919354074703559,0.140537320032802,0.123124450543231,0.0175977083839067,0.00115926814611948,0.0192964670926635,0.604923199487363
"TCGA.PL.A8LY.01A",0.0101497469212561,0.0502931533729708,0.105039140555346,0.0748113961163058,0.0235733776109239,1.30237351905189e-05,0.0187324165155866,0.717387745172421
"TCGA.GM.A2DK.01A",0.00193571777335207,0.0834506609989369,0.188503178845331,0.050331997615567,0.0299008046161354,0.00063907523408875,0.00805909863633754,0.637179466280251
"TCGA.B6.A0RO.01A",7.80674808595517e-08,0.105886304675581,0.0414375590512834,0.0384058855529902,0.007835062494098,9.23257641960257e-05,0.00473445952231006,0.801608324872061
"TCGA.D8.A142.01A",0.0211865499994563,0.285139312896442,0.200656276583673,0.201768955368574,0.0336681224360934,0.00109397168958077,0.00163509222697011,0.25485171879921
"TCGA.C8.A8HP.01A",0.0618277409184915,0.0962543147444847,0.0735109239620374,0.0587551259675184,0.0556968915461848,0.000533230223973388,0.0335177618330813,0.619904010804228
"TCGA.E9.A24A.01A",1.6375092253385e-07,0.147531501363937,0.095443604462912,0.197643344264858,0.038718863769606,0.000123717603341121,2.17009774861695e-06,0.520536634686675
"TCGA.AO.A0JE.01A",0.00773226377585433,0.104729581464845,0.135167350710515,0.248331279963105,0.0335886903586524,0.000567678676296429,0.0345326579731396,0.435350497077592
"TCGA.AR.A1AU.01A",7.54836992298531e-08,0.184706947176058,0.124035722202353,0.0843121909450334,0.0178885530955265,0.00112398779800645,1.64521175152321e-07,0.587932358778148
"TCGA.E9.A1QZ.01A",0.0511226243452516,0.116788387737478,0.120153880066894,0.0840049899017706,0.0245602636937238,0.001862621982273,0.0565355905353143,0.544971641737295
"TCGA.AR.A1AQ.01A",0.0740130900709581,0.254491761662086,0.0964566234710093,0.0731672084293938,0.0636116365017999,5.92588569400101e-05,0.0454229448396524,0.39277747616816
"TCGA.A2.A25A.01A",0.00433749021398329,0.085185066158516,0.272540248884176,0.173759573532728,0.0216482975024028,0.0027195467753406,0.0203431736068124,0.41946660332604
"TCGA.E2.A10E.01A",2.47238174526931e-07,0.0954618651018972,0.0810360799914818,0.0734108249578391,0.0105710470095313,0.00015800834220661,0.00854337289600586,0.730818554462863
"TCGA.C8.A3M7.01A",0.0142884072081241,0.043183232228552,0.272877186892986,0.100365950891964,0.010008495725308,0.00119539786654628,0.0116423712115574,0.546438957974962
"TCGA.AQ.A1H3.01A",0.00303301310957557,0.107610481691596,0.130770914934085,0.140126366581524,0.0114486960413992,0.000560313841181771,0.0176193159565806,0.588830897844058
"TCGA.E9.A247.01A",5.02130133871277e-09,0.104507075367591,0.0610232264739251,0.0440781816314775,0.00948012914590454,0.000591250790031931,0.00126112380489015,0.779059007764878
"TCGA.AN.A0FF.01A",0.00378531662646269,0.119881637272118,0.109849498440225,0.0693190236780303,0.0320756832620331,0.00114952213575389,0.00815267745176392,0.655786641133613
"TCGA.A2.A0YH.01A",0.0143924791031083,0.0573926905575544,0.062592818457358,0.194092296611959,0.0780309866364645,0.00157956004506125,0.0113975798202989,0.580521588768196
"TCGA.E9.A1RH.01A",4.15314323926163e-08,0.0966414031125479,0.0452675107158144,0.0727351684135553,0.00715325560914815,0.000175751600365762,7.5749691309215e-07,0.778026111520223
"TCGA.AR.A2LE.01A",4.61199178842071e-07,0.0413554743797807,0.0926480547179727,0.0325062699709175,0.0070125416804922,0.000156915531333689,0.0114266565340337,0.814893625986291
"TCGA.E9.A1N3.01A",6.99184155300641e-09,0.144962733724633,0.0585287598049112,0.0264027637942234,0.00967410765699814,0.000319967513870571,8.03313413298252e-10,0.760111659710209
"TCGA.MS.A51U.01A",0.00695502408187125,0.123677489673205,0.147637381608519,0.134220805015666,0.0149840465539261,0.000210413249011639,0.0217760478360605,0.55053879198174
"TCGA.A8.A07F.01A",9.08819299760928e-09,0.172208458129087,0.106239618727789,0.0983066478689528,0.0188289824630274,0.00119821194436893,0.00880821936868439,0.594409852409897
"TCGA.A8.A08A.01A",5.7000862820122e-08,0.0639464441558765,0.0761050184005897,0.0814368926556825,0.0408945571618603,0.000967424142797802,0.00466985794851963,0.731979748533811
"TCGA.D8.A1JE.01A",4.20433242299065e-07,0.0266681592895559,0.06838035660867,0.421258837807115,0.0308654906087418,0.000301872598220867,2.2665828602702e-07,0.452524635996168
"TCGA.LL.A6FR.01A",0.00282331971813145,0.16950785820651,0.106678847626913,0.148230931000193,0.0159971184933129,0.000244241544260349,0.00427116646055318,0.552246516950126
"TCGA.E9.A22D.01A",0.0269019913039723,3.16941953383579e-08,0.0644820368211722,0.0848668573046868,0.0974450552350005,0.00117365196272145,0.199825349015516,0.525305026662736
"TCGA.A2.A0SX.01A",0.0507400904692515,0.261882859565319,0.103085317032791,0.138256989852826,0.0297577043273686,0.000151394716164901,0.0535524301093681,0.362573213926912
"TCGA.EW.A1PH.01A",0.0037488443361903,0.115576313723017,0.0472701163045289,0.0380647104007608,0.00832276687744779,3.6780675918487e-05,0.00664167930089091,0.780338788381246
"TCGA.AN.A0FK.01A",0.000651461657992801,0.102167158854103,0.135356717100244,0.0566246367628443,0.0199975020155727,0.000313972369549065,0.00021365159208778,0.684674899647606
"TCGA.A2.A0CX.01A",4.78235716858167e-07,0.113235094367016,0.0977151765846764,0.155437570793402,0.0294279202273818,0.000611091081264718,0.00680041852145266,0.596772250189089
"TCGA.E2.A158.01A",0.002434066353841,0.0382170134150759,0.039580791302408,0.0164647432356617,0.00514583337641285,1.76994707361451e-06,0.00196313843754229,0.896192643931985
"TCGA.D8.A1X6.01A",2.24011227676684e-07,0.0286702656434299,0.0355940214348492,0.0358648955207994,0.0418008923234029,8.93604686986427e-05,7.5030393671849e-07,0.857979590293656
"TCGA.EW.A1P7.01A",0.259784418944392,0.154362587363333,0.193122987798989,0.118858656925934,0.0286001673403539,0.000565227116669455,0.0932410553572532,0.151464899153075
"TCGA.B6.A0IG.01A",0.00321773796676803,0.163242445600869,0.0771878008993596,0.0540281158220877,0.00558732948670188,0.00125468637582997,0.00306171894423456,0.692420164904149
"TCGA.A7.A4SA.01A",0.00483851341486795,0.0778624907651287,0.091884687680852,0.0796438178708627,0.0187299002546026,0.000746263761469499,0.0387641231947823,0.687530203057434
"TCGA.D8.A1JP.01A",0.000632035457664418,0.071061244142091,0.120091193837357,0.286966942472057,0.0324673810552676,0.000135364270825988,0.00670243417885173,0.481943404585885
"TCGA.C8.A1HN.01A",5.6462690085119e-08,0.079896007627518,0.0466172892825651,0.0712693596590115,0.0163766579338917,0.000283523651483662,0.00225464075164974,0.78330246463119
"TCGA.D8.A1XK.01A",1.81103989011909e-08,0.27031412198256,0.0626513024200918,0.0199143081786127,0.0309550616231041,4.30121489094312e-05,0.0107030578329511,0.605419117703372
"TCGA.E9.A22A.01A",0.00444303701256043,0.0540225765741085,0.145647586965727,0.410352118413003,0.0366758498187676,0.00215974098751197,0.0283492247481679,0.318349865480154
"TCGA.AO.A12H.01A",2.29645592544717e-08,0.075196427226657,0.0705630403371557,0.0250814085100095,0.0191798834267228,0.000388118698810617,0.000844662811372663,0.808746436024713
"TCGA.D8.A1Y2.01A",1.03272735924997e-07,0.474392210725879,0.146996620243925,0.302544372455586,0.0701671525901904,0.000493253136147635,0.00540628740969566,1.65840190742343e-10
"TCGA.D8.A1XW.01A",0.00178798326889956,0.2595656549263,0.195193064686143,0.104295103556155,0.0648807469893795,2.12680970733648e-05,2.75325817139986e-07,0.374255903150233
"TCGA.OL.A5RZ.01A",4.727609575657e-08,0.0521379196618317,0.0525215412392012,0.0160655948361025,0.0100156191060813,6.90221595737353e-05,0.000573607685673843,0.86861664803544
"TCGA.BH.A42V.01A",0.0112148141755174,0.071186673623395,0.185741867975416,0.104314171301431,0.0215725006558572,0.00318669231076925,0.0224120033287488,0.580371276628865
"TCGA.BH.A0B7.01A",0.0224711687871933,0.152692745953293,0.169859297726284,0.105122344176329,0.0204214311919742,0.00060625456966603,0.0356628428974692,0.49316391469779
"TCGA.C8.A1HO.01A",1.76959311337943e-08,0.0752708912458445,0.0448870227144332,0.0548778516764523,0.0114780744612606,0.000190742762438003,0.00281406877089101,0.810481330672749
"TCGA.A8.A09A.01A",1.06866014377256e-07,0.1693362628989,0.102016305207954,0.109478478889955,0.0190083708624982,0.000788215891456353,0.0120140709044355,0.587358188478786
"TCGA.AO.A129.01A",0.0419056882935153,0.137669927992729,0.101305499417522,0.0505965059959252,0.0293648422025198,0.000117094829870182,0.0307123896291014,0.608328051638817
"TCGA.AO.A03O.01A",0.00553150755058508,0.051933519344538,0.0506216218249286,0.0530380057312084,0.0321612730845346,4.09159439862931e-05,0.0188944813571822,0.787778675163037
"TCGA.E2.A10A.01A",1.30246144228024e-08,0.16195826137594,0.0748868705937871,0.0972701521434313,0.0156631016234214,0.000112405622230192,9.8385527791303e-09,0.650109185778023
"TCGA.A8.A09E.01A",3.45335856309496e-08,0.0861034292840722,0.0593514193266279,0.0463221570459378,0.0122394939498788,0.000149766440023915,0.00345984982387145,0.792373849596002
"TCGA.AC.A3YJ.01A",5.83508846145386e-08,0.0444870789009465,0.0773409549556273,0.0226918137994019,0.0496454598377966,0.000176979584463904,0.00215963000800039,0.803498024562879
"TCGA.EW.A1IX.01A",0.000611335933446005,0.0890536514368224,0.125578216666951,0.23223767994802,0.0160703608421524,0.00125397309010032,0.00321394558810365,0.531980836494404
"TCGA.A8.A09N.01A",2.32433623984543e-07,0.123911541280031,0.0678471909701198,0.0830123253214494,0.0161969418960904,0.00107659395990457,0.00847762032145024,0.699477553817331
"TCGA.AO.A0J6.01A",1.15981212317257e-07,0.0557114975181118,0.0290507648571114,0.0143640767466018,0.0264297676448426,2.47904970328496e-05,0.0320194148046845,0.842399571950403
"TCGA.AN.A0FJ.01A",2.61239219011084e-09,0.0733638794035802,0.121952386760692,0.0615838326746819,0.0140815762399171,6.90400390450032e-05,0.00704661096080544,0.721902671308886
"TCGA.BH.A1ES.01A",7.72130205055528e-06,0.0896394605483095,0.0504756376746703,0.18845277509762,0.00808355010810694,0.000151785239813796,1.60852427615024e-07,0.663188909177001
"TCGA.BH.A0E1.01A",5.76903914122926e-08,0.0993174428467978,0.115163243658391,0.07136690805688,0.00750975981101567,0.000956107093148771,0.00457061513181358,0.701115865711562
"TCGA.4H.AAAK.01A",0.00137242849404167,0.0699859612462042,0.105619505234158,0.247474232895343,0.0216813813635484,0.00354664625555992,0.00677847780027408,0.54354136671087
"TCGA.EW.A6S9.01A",0.00763318429136916,0.090162065868721,0.123881844010702,0.160665054857889,0.0216900962208327,0.00152242940994574,4.82905626521909e-08,0.594445277049978
"TCGA.D8.A1JM.01A",5.22275633427567e-09,0.0784441257058669,0.0449236400966307,0.00355542240567286,0.00718480369467523,0.000162880437939308,0.0171118090879733,0.848617313348485
"TCGA.A7.A4SF.01A",0.00311606326905164,0.0807261042027793,0.0479896713599151,0.0357087217246417,0.0151651456408007,0.00100267738737583,0.0138316904544725,0.802459925960963
"TCGA.A8.A08R.01A",0.0257577329070498,0.187887340195417,0.104163074915941,0.115873796956163,0.0661195204756902,0.000189630408156855,0.0205164907294124,0.47949241341217
"TCGA.D8.A146.01A",0.0125797976613272,0.135810241869689,0.12606657065919,0.217988905970925,0.0182781961645272,0.00277257815068541,0.00586963363293428,0.480634075890721
"TCGA.D8.A1X5.01A",1.20163032989696e-08,0.237790479116504,0.0773167614352095,0.120204376094967,0.0290848947132589,0.00451161458680501,0.000139135828695497,0.530952726208257
"TCGA.A2.A1FV.01A",1.12109665411262e-09,0.0464416891571047,0.0748565998655596,0.0492520977944663,0.00486924319260389,0.00108078521681641,0.000228237229632847,0.82327134642272
"TCGA.A2.A0CK.01A",0.00356586596274975,0.0563877561889237,0.126448550570774,0.0816622004200779,0.0201402872677242,0.000450751641725077,0.0189725186646064,0.692372069283419
"TCGA.E2.A1IL.01A",7.29911721449783e-05,0.0796145491308321,0.114667272816005,0.119139650672044,0.0110299898154728,0.000324998330140693,0.00226720655616746,0.672883341507193
"TCGA.B6.A0X7.01A",0.00196873350416382,0.034771742072111,0.152825615616699,0.116770735867394,0.00578483005563032,0.00196160636429511,0.00289433701850003,0.683022399501207
"TCGA.B6.A2IU.01A",5.19550266589902e-08,0.111010689291553,0.0852696278916831,0.0347985423391755,0.00947452821043039,0.000602880267446758,0.00535536266290811,0.753488317381776
"TCGA.B6.A0WS.01A",0.00936287354587028,0.122212378959225,0.104701420292572,0.134318328006696,0.0190764498255769,0.000520216788260543,0.0464558542068737,0.563352478374927
"TCGA.E2.A1IO.01A",0.00547281198564845,0.110906599874298,0.137321399537682,0.221051860897628,0.0173393132485851,0.00111555820438172,0.0262082390985976,0.480584217153179
"TCGA.AC.A5EH.01A",4.28942487476951e-08,0.173701466014807,0.124360406429696,0.244918140033571,0.0343413400380418,0.00165492225547481,0.000461183778888696,0.420562498555272
"TCGA.AC.A3BB.01A",0.0372470662820954,0.0723608140194488,0.204072815096075,0.193559564238244,0.054139429795675,0.002068609233496,0.0563801685277833,0.380171532807182
"TCGA.AR.A0TQ.01A",0.00596782819444617,0.175122288099855,0.11830992838149,0.0475895548391986,0.0238236649474445,0.000420151771165657,0.0310961127069658,0.597670471059434
"TCGA.D8.A1JK.01A",0.000106679354859922,0.183656187703258,0.139751283649504,0.0983210865228735,0.0398888845304043,0.000207687271480626,0.0242074801795295,0.51386071078809
"TCGA.D8.A1X7.01A",0.000468933352911941,0.0964271576806617,0.0853982568195348,0.100815292851765,0.0141994376139024,0.000159928012227862,0.00301564911722137,0.699515344551775
"TCGA.AO.A1KQ.01A",0.0100225529026283,0.0662205090711682,0.0630314691187685,0.0741298586368019,0.0309818741402954,0.00214696255687116,0.0403570671798984,0.713109706393568
"TCGA.PL.A8LX.01A",4.28111204263062e-07,0.138693041229015,0.121986677712175,0.0145320795199022,0.0316325794551484,4.43958068289023e-05,1.31424131589617e-07,0.693110666741595
"TCGA.AR.A2LH.01A",0.047825369140816,0.0874750515485769,0.195931297720414,0.0836907696880957,0.0582281255339154,0.00087845969597151,0.0509174961482607,0.47505343052395
"TCGA.BH.A0B8.01A",2.58241578224735e-08,0.066389500053991,0.0720437978159765,0.0606279256083104,0.0104732830287283,0.000786078398236461,0.00672030714389185,0.782959082126708
"TCGA.A2.A3KD.01A",0.0021490544799265,0.066468736350477,0.0840409828226105,0.0432265555749645,0.0212094534767309,0.000462203394057887,0.00633805885280349,0.776104955048429
"TCGA.A2.A0D4.01A",1.70392152824923e-07,0.0324711154373621,0.0727212260289953,0.0261206647206036,0.00967539819254235,0.00172752772113025,0.00250850069170765,0.854775396815506
"TCGA.D8.A27R.01A",0.00299329454453663,0.114187500256718,0.101908945551997,0.082086179443363,0.0446403602071509,0.000554188654084497,0.0141320998932364,0.639497431448914
"TCGA.E2.A1IE.01A",1.89275523755328e-08,0.0539824530191086,0.0933906276212753,0.0444999209995985,0.00634693518729442,0.000200309182495855,0.000509007957781252,0.801070727104894
"TCGA.EW.A1J3.01A",2.40939271535651e-08,0.0825054910560071,0.0512594020969187,0.0558073868370531,0.0126333300307947,0.00146900931702688,0.00231911397067276,0.7940062425976
"TCGA.BH.A18Q.01A",0.00718138948228812,0.0544838054511063,0.106680708718196,0.0632504128521662,0.0274564650336493,5.11579430130399e-05,0.016946510145029,0.723949550374552
"TCGA.B6.A1KI.01A",9.21396119643504e-07,0.0524176691270538,0.194811316540011,0.0805612985948595,0.00438555263267818,0.000224329316964012,0.00139601939916312,0.666202892993151
"TCGA.A7.A26G.01A",0.01049273094252,0.170288441533461,0.105213800441001,0.254123598522853,0.0186110121870247,0.000289815497756336,0.0171027215826245,0.42387787929276
"TCGA.AO.A03M.01B",0.0185198997539664,0.153741248436389,0.0846720291903445,0.059092603357744,0.0558351029179102,0.000358937748174847,0.0389123274281707,0.5888678511673
"TCGA.A2.A0CS.01A",6.45598067691124e-10,0.100189863511106,0.065875242513769,0.217617834313399,0.0200039090227624,0.0069047803621677,0.00113246260856811,0.588275907022629
"TCGA.C8.A12W.01A",0.00396979058323978,0.39190065284257,0.121628590585019,0.147381994278934,0.0381846794906072,0.00113758872516947,1.28152308721805e-07,0.295796575342151
"TCGA.E2.A1IU.01A",0.0155425790322737,0.096274315684995,0.100906742263971,0.0452901287759078,0.0144775487880725,0.000726909952757963,0.00939141083236341,0.717390364669659
"TCGA.B6.A0I9.01A",0.00260056638963403,0.149009857143966,0.0722537820504562,0.0331051014468296,0.0256244843166011,0.00024759050890575,0.00143757471823709,0.715721043425371
"TCGA.AO.A128.01A",3.56858819413556e-08,0.0758615858333083,0.0842163788433094,0.0518463474332401,0.512132621613731,6.43137580047709e-06,0.275935656675292,9.42539436243072e-07
"TCGA.A7.A3J0.01A",3.23222180164338e-09,0.132547888244166,0.0615478183361896,0.0102973720471328,0.0280134432273479,3.51162315937013e-05,0.0111400773703499,0.756418281310999
"TCGA.E9.A1NE.01A",0.0331749368075078,0.0831445495106515,0.102573573480078,0.0959344142330952,0.0490552903726823,0.000643839061651478,0.103914061455871,0.531559335078462
"TCGA.AC.A2FB.01A",0.0284980060643353,0.14906429817296,0.182470140012098,0.0600570432756978,0.0286494585986006,0.005172800431824,0.0815627246361812,0.464525528808303
"TCGA.AR.A5QP.01A",0.0151961458131121,0.0784288139907844,0.108443839094626,0.165747131985098,0.0175355915799829,0.00053009636803678,0.00861160027346298,0.605506780894897
"TCGA.A2.A0T4.01A",0.000743345932144502,0.0841473083707093,0.148313978275804,0.159084888592819,0.0240426725937712,0.00562386088477618,0.0175430278412753,0.560500917508701
"TCGA.BH.A0BL.01A",0.0193721527229406,0.153232285561074,0.187657966247083,0.186958183692851,0.0427692238924535,0.000231850947302647,0.0292943101901462,0.380484026746149
"TCGA.BH.A0HY.01A",6.37383620005646e-08,0.0521159082662335,0.0989249403291004,0.0917108656821575,0.00633613445700537,0.000368285933000425,0.00162704957095663,0.748916752023184
"TCGA.E9.A2JT.01A",0.595166950388153,9.21642001985077e-09,0.145023626028979,0.059350975033202,0.0307152492698823,0.000541198051333501,0.169201989500654,2.51137651050564e-09
"TCGA.A7.A3IY.01A",7.03617668013402e-08,0.12007351850295,0.121607116196343,0.116640409430549,0.0584676893831138,0.000460706909477418,6.1254023300689e-07,0.582749876675568
"TCGA.A8.A085.01A",4.65629513717331e-08,0.0577087954229065,0.124039855528651,0.0821012732733282,0.00636918765779075,0.000636842890206742,0.000377976149840183,0.728766022514326
"TCGA.AO.A12B.01A",3.00968754405841e-08,0.234419006478643,0.0912179319180421,0.0187557827247923,0.0204192620918756,0.000110354896332342,0.00204402997053292,0.633033601822907
"TCGA.A8.A06Y.01A",2.05719809157746e-07,0.172100924707153,0.0740343865340053,0.0159720227066293,0.00500844884220101,0.000146136846979704,1.71679350548451e-08,0.732737857475287
"TCGA.A8.A09I.01A",9.22450799336982e-08,0.145077245644634,0.068770916412475,0.0907664508178815,0.0389342382847303,0.000151240318401354,0.00601354917773565,0.650286267099063
"TCGA.A8.A0A2.01A",0.0115460968407161,0.091111320777418,0.0758122360350623,0.101432427391362,0.0226275270999316,0.000789448085466932,0.0109854823757174,0.685695461394326
"TCGA.AC.A2FE.01A",0.00106124045378917,0.11205559820912,0.168907553551613,0.100464998754931,0.0661159298010452,0.00273019662975872,0.0647261698261191,0.483938312773625
"TCGA.A7.A13D.01B",0.00052546527510815,0.0696752611617112,0.0414844171372,0.108619126878637,0.00216790272845812,6.3045833898299e-05,0.00102445066942241,0.776440330315565
"TCGA.A8.A08J.01A",0.000525837301652659,0.0787254797567021,0.0805928768749269,0.143084923959293,0.0392302647434226,0.000167582303909338,3.96001658095193e-08,0.657672995459928
"TCGA.5T.A9QA.01A",2.27007574476102e-09,0.132297132832286,0.0456112691874001,0.00677873953999074,0.0142665288211196,8.14294404639801e-05,0.0116067331442368,0.789358164764427
"TCGA.A1.A0SQ.01A",0.000216368049644469,0.0508245057952115,0.0838830602514862,0.0320830923582126,0.018282616372802,0.000349089551674645,0.00197085797874684,0.812390409642222
"TCGA.AC.A3QP.01A",0.0102902234183796,0.0312675072859154,0.127795389605467,0.11782373261144,0.0443290096231258,0.00108847593672786,0.0113993483769973,0.656006313141947
"TCGA.D8.A1JB.01A",0.0522226315280798,0.0929492059371953,0.111763998806612,0.0826904713477041,0.0334125382248444,0.00255368853675371,0.0794849202861356,0.544922545332675
"TCGA.BH.A18S.01A",2.49311674697518e-08,0.05897631618251,0.0463390989505656,0.0318015784663783,0.0149033906203121,0.000202617070003404,0.00646616008843896,0.841310813690624
"TCGA.A2.A0CW.01A",3.25649384181008e-08,0.0807246575901957,0.0737300113650231,0.0324903960909497,0.0185235043190441,0.000206387802921057,0.00905079408957378,0.785274216177354
"TCGA.A8.A09K.01A",0.00344979520020357,0.114753590460681,0.0350143800920893,0.0119809910900085,0.0193905598305453,0.002560087187753,0.0283453925523967,0.784505203586323
"TCGA.E9.A22G.01A",7.76809119311618e-09,0.0665310747178591,0.0456400157463614,0.0150945198286732,0.0070948303608821,1.8119297782183e-05,0.00587265409073319,0.859748778189618
"TCGA.E2.A573.01A",0.0306717784984272,0.238871255420516,0.0796706632106973,0.0408108440630682,0.0290925619472681,0.000225396320959847,0.0432316188417815,0.537425881697282
"TCGA.AR.A0TP.01A",0.00252378227227861,0.061658919901197,0.0631549608617499,0.0402872541073171,0.00710988806308179,8.25047345151392e-06,0.00331178590079017,0.821945158420134
"TCGA.AO.A1KT.01A",6.34510784570854e-07,0.155755964739524,0.105307994707295,0.186919414733116,0.0237529473549477,0.000690769783124656,6.66087283277158e-07,0.527571608083925
"TCGA.BH.A203.01A",0.00345731323938309,0.151249968606518,0.0778612470409839,0.0652530264979542,0.0236641633148594,0.000260315511199643,0.0127745569788145,0.665479408810288
"TCGA.B6.A0RM.01A",1.31803150841634e-08,0.0952591552028607,0.0372758076399314,0.0287354141130078,0.00805825744399842,0.00235441269659327,0.00476539516841522,0.823551544554878
"TCGA.A1.A0SP.01A",0.00755763626312412,0.108992143359424,0.0674676169557343,0.0417015574555844,0.0300528959675261,0.000178864704706297,0.00809983692242038,0.735949448371481
"TCGA.A1.A0SB.01A",0.00120444965481039,0.0751110376176838,0.0592185447413988,0.0613414535647262,0.00667490646897577,5.41213655312335e-05,0.00309173884864393,0.79330374773823
"TCGA.AC.A6IV.01A",1.1854419772378e-07,0.124725908169747,0.282997019592815,0.239328726608418,0.0667784741343812,0.00493665009227848,0.0216202627881076,0.259612840070055
"TCGA.OL.A5RY.01A",0.150754016365802,0.169430461449569,0.158660072594239,0.198110233874796,0.0658651707404621,0.000795861324087913,0.0861474616317692,0.170236722019275
"TCGA.LL.A7SZ.01A",0.150026810900012,0.431520567390839,0.0853980302525679,0.0695803091009921,0.12640162635477,0.00105841203624507,0.0388201789749236,0.0971940649896497
"TCGA.AO.A03R.01A",0.0105249475462729,0.0287606146081067,0.0638411540426417,0.0196698647486916,0.012001569800476,0.000109213003686324,0.0291837237985971,0.835908912451528
"TCGA.EW.A1PD.01A",3.25904938456635e-07,0.147910569439758,0.219174708968953,0.114525469084016,0.0193081650074392,0.000295464678177754,6.70732922886268e-08,0.498785229843426
"TCGA.BH.A1FG.01A",4.91550687881782e-08,0.0467631159745164,0.0333782883020025,0.034258796890134,0.00924812612218264,0.00122758120448617,0.00186298607357229,0.873261056278037
"TCGA.AO.A0JA.01A",6.50165258578597e-07,0.172319749673229,0.120469645578058,0.204633344720842,0.0347180787186112,0.000468193018360338,0.00233487268090655,0.465055465444735
"TCGA.A2.A04T.01A",0.00942749799153071,0.0850659368922685,0.0666320427324388,0.0425522132173775,0.0425015923796461,4.16107770899301e-06,0.0277240356797267,0.726092520029303
"TCGA.BH.A0DH.01A",0.0137581058111983,0.205821019698879,0.0554184207174921,0.070386634049646,0.0115707577898279,0.000405671335322069,0.000594971488283557,0.642044419109351
"TCGA.D8.A1XF.01A",0.00196332215170271,0.133909907635984,0.0481377822775037,0.0156056045500241,0.0139168680898735,0.000239238185222259,9.74642802826408e-09,0.786227267363262
"TCGA.A8.A06T.01A",0.00466213707927431,0.0320215433242923,0.0488965136456203,0.0811175971839993,0.0187893661006039,8.95185163358181e-05,0.0155652170204934,0.798858107129381
"TCGA.LL.A50Y.01A",0.0180365460121975,0.0646739208604025,0.0841835407941981,0.0505398898063858,0.0338577285018837,0.00127552938031451,0.0137564886561925,0.733676355988425
"TCGA.E9.A3QA.01A",0.0543651623313911,0.162674615236022,0.0762186204751531,0.0369884787095001,0.064487885840144,0.000231812760150186,0.0481998834553304,0.556833541192309
"TCGA.EW.A2FW.01A",6.0154758533244e-08,0.154540512329636,0.12069809283009,0.0601622102559687,0.0149106884634394,0.000889760419646296,0.00201976502157779,0.646778910524883
"TCGA.AR.A2LN.01A",0.0134639078253491,0.0658867142763353,0.238724833265755,0.245840187727689,0.026131536050455,0.00313904876420506,0.0063974631162468,0.400416308973965
"TCGA.E9.A22B.01A",6.34144472822019e-08,0.0981532063238116,0.130742943631986,0.112056235555021,0.0171229822824556,0.00070356779627048,0.003508604914446,0.637712396081562
"TCGA.A8.A07P.01A",8.0838124626802e-08,0.148459487216761,0.057060464934998,0.0897746040731027,0.0190952342487369,0.00209121764395185,9.61975223703741e-07,0.683517949069101
"TCGA.A8.A06Z.01A",6.03460278204868e-09,0.036622293266165,0.0626065257820152,0.012041294916128,0.0127630850272672,0.000181932808647918,0.0037370383114045,0.872047823853769
"TCGA.LL.A740.01A",3.23521203971055e-07,0.199359033248158,0.151043205524791,0.150720314308858,0.0268070793717576,0.000828453004516995,0.00450926429243817,0.466732326728277
"TCGA.A7.A0CE.01A",0.00184941943964718,0.0550628405712614,0.0766314223762729,0.0307624132979888,0.0101001479663938,0.000138480840302358,0.00316547759626853,0.822289797911865
"TCGA.A8.A08L.01A",0.00281765800800588,0.0753299420693583,0.0994034569585204,0.0534475548880254,0.0317558967420923,0.000130387813470741,0.0275519926272035,0.709563110893323
"TCGA.A8.A06Q.01A",1.74288534231183e-08,0.0487320369680766,0.0174950295717677,0.0103636937147829,0.00714912371606694,0.000158120863925346,0.000210634387208932,0.915891343349318
"TCGA.B6.A0IK.01A",0.00655667559239653,0.122386978514284,0.0865590860050923,0.0476311392130133,0.0141321224889241,0.000225045726190763,0.0123198981507328,0.710189054309366
"TCGA.BH.A1EW.01A",1.59230334932968e-07,0.105077653342319,0.144353213712067,0.0634756030070415,0.018561027134078,0.000749553068250846,0.0189930879829015,0.648789702523008
"TCGA.A8.A090.01A",5.43994412464734e-09,0.198529665421581,0.103430138246943,0.104451998813079,0.0413095865381577,0.000909059848869983,0.00342871383896243,0.547940831852463
"TCGA.BH.A28Q.01A",0.001587767146153,0.0703173717856323,0.0882401778786536,0.106938042014121,0.0135273295402733,0.000356893835633778,0.00835041003690448,0.710682007762629
"TCGA.A8.A07L.01A",4.27279395432651e-08,0.117483832619345,0.0978467704811585,0.0855500486973828,0.0116458070660844,0.000274235541055137,4.01577464867509e-07,0.68719886128957
"TCGA.BH.A0AZ.01A",3.37953787188229e-06,0.13514239501647,0.181297546335761,0.400557833581907,0.0168263463053355,0.000570693970575524,0.00369356605464729,0.261908239197431
"TCGA.A8.A076.01A",6.48894022960627e-08,0.203828382118339,0.0944819613555093,0.187195419347596,0.0277651485260594,0.000570373020908198,5.36669521708605e-07,0.486158114072665
"TCGA.D8.A1JI.01A",4.17949339283749e-08,0.038439230797307,0.082063494124016,0.0192559663995512,0.0174917493972903,0.000318369149861669,0.00389183421000752,0.838539314127032
"TCGA.GM.A2DC.01A",0.000159682793634602,0.0710341852730069,0.0739709912703587,0.0335348712817201,0.0111669667260316,0.000770901405342925,0.00547002596999075,0.803892375279914
"TCGA.A8.A09T.01A",1.44046757611768e-08,0.0760575315541266,0.0581781183019628,0.14092474375719,0.0164865391330754,2.91922160429891e-05,3.50386315495133e-05,0.708288822001377
"TCGA.AC.A5XS.01A",0.0367281962950727,0.0253441133758281,0.13842746172804,0.102479652424722,0.0543318803310874,0.00157912082117985,0.0316850253880334,0.609424549636037
"TCGA.A2.A0YJ.01A",1.74742089582478e-08,0.130102043589847,0.0549053675904,0.0357903057994608,0.00799112979475541,1.80364164644531e-05,0.000612449404071668,0.770580649930792
"TCGA.A2.A0SW.01A",0.0470691456076738,0.302704838961843,0.0959318446534609,0.108604130871937,0.0410916103602921,0.000377098030585842,0.0324900906086023,0.371731240905605
"TCGA.AR.A1AI.01A",0.0304093305535629,0.311703547206085,0.0662945210417552,0.0316328176171091,0.0449629567285296,4.11619275939125e-05,0.0459987254130371,0.468956939512327
"TCGA.BH.AB28.01A",0.0200251671566334,0.0578942244282731,0.0885475404897005,0.101792222125671,0.0202851924392286,0.000207902575670134,0.0178547621220042,0.693392988662819
"TCGA.E2.A1LA.01A",0.0434395905217262,0.106113656409226,0.068512327943575,0.0856175347286133,0.0521311055802344,0.00486528910065994,0.0458835612677309,0.593436934448234
"TCGA.A8.A09V.01A",8.06895107622267e-07,0.0890839197006682,0.0720875507038885,0.173065169660304,0.00829288605374706,0.00104150713297087,2.10059576679313e-06,0.656426059257547
"TCGA.WT.AB44.01A",0.000856624349430126,0.0730798427120583,0.0607903807548947,0.0732066914398939,0.00816478826583316,0.000804206686635231,0.00982603938700304,0.773271426404252
"TCGA.E9.A1R5.01A",1.61823228064706e-07,0.0765339746334982,0.0644860542981839,0.191750100752887,0.0072528027060071,0.00094629523857091,1.93655446674589e-06,0.659028673993158
"TCGA.A2.A25B.01A",6.25165187194742e-08,0.176660074875684,0.0589375851733911,0.148274127143709,0.0190884684123969,0.000251263168261889,0.00397645230134044,0.592811966408697
"TCGA.AN.A03Y.01A",8.70201923898502e-07,0.0616054853352594,0.054369350405721,0.0440257073805599,0.0136719379642651,0.000367135821783244,0.0125261712230471,0.81343334166744
"TCGA.LQ.A4E4.01A",3.65138093542566e-08,0.0509147757039343,0.0665783042391831,0.0478414905415044,0.0124938083439362,0.00100809559537815,3.70752513620167e-08,0.821163451987003
"TCGA.A7.A0DC.01A",1.25636455786545e-08,0.0657115344795504,0.0663597197112019,0.012080633566301,0.00404123643664253,0.000287757830517861,0.000328112654281241,0.851190992757859
"TCGA.OL.A97C.01A",1.44474501396133e-09,0.0975428867998591,0.10710739600508,0.124021489850567,0.0427839484497134,9.98172482741143e-05,0.0329482932957335,0.595496166906028
"TCGA.BH.A0DX.01A",7.16157768760732e-08,0.487860591908597,0.200287227512406,0.18395472572539,0.0647181938213172,0.0028875020014026,3.53158166015865e-07,0.0602913342569447
"TCGA.AC.A4ZE.01A",2.83603144073461e-08,0.0628666356583671,0.164630631420266,0.0222141602158801,0.0176739012439586,0.00169160858557813,0.00687037818575178,0.724052656329883
"TCGA.D8.A27I.01A",0.0103370483155247,0.117989965583009,0.222097996566274,0.168497112428872,0.0289315165787783,0.00197801263816304,0.021559330369815,0.428609017519564
"TCGA.A8.A09X.01A",0.00897849488701147,0.131057934307392,0.126063233261674,0.108975680771037,0.0646554811460665,0.00126941501866258,0.0307682868132734,0.528231473794883
"TCGA.OL.A6VR.01A",0.00194467192018441,0.0777748622936272,0.0731723891487111,0.025997136542819,0.0100796671025552,0.000332173030490016,0.00746543052187549,0.803233669439738
"TCGA.A2.A0D3.01A",0.0065995797121905,0.082099132742833,0.0559276933477199,0.0489106801621779,0.0118490897209366,4.69478756745842e-05,0.0181358817470615,0.776430994691406
"TCGA.S3.AA14.01A",1.18515607611013e-05,0.0672333388787866,0.0914838674651017,0.116939811795742,0.00934038144922124,0.000761088895432103,0.00518173424781947,0.709047925707136
"TCGA.B6.A40C.01A",0.00264255806854302,0.0855767026777713,0.136672560408513,0.108783277335641,0.0192856750906142,5.21511575314841e-05,0.0111444071845746,0.635842668076812
"TCGA.E9.A1RD.01A",3.27413194148025e-08,0.042948805355514,0.0970211398351529,0.107410591676451,0.0206996980789892,0.00124024681921968,0.000103623314667524,0.730575862178686
"TCGA.PL.A8LV.01A",0.028443162585487,0.150482424929035,0.0636453385787147,0.0404037001691515,0.0125602609451023,9.21614281687295e-05,0.012641861206873,0.691731090157468
"TCGA.A7.A6VX.01A",1.67091450630943e-08,0.153033691312244,0.112678297019417,0.172888223870297,0.016129978986055,0.000160542977329382,0.00252677796544543,0.542582471160067
