"","cellFractions.B.Cells","cellFractions.DC","cellFractions.Endothelial.Cells","cellFractions.Fibroblasts","cellFractions.Macrophages","cellFractions.Mast.Cells","cellFractions.T.Cells","cellFractions.otherCells"
"TCGA.BQ.7044.01A",1.1245744694247e-08,0.099962311649832,0.0236018444265197,0.00188600611467749,0.0104101438457778,4.72636648402198e-05,0.00113251260060323,0.862959906452005
"TCGA.SX.A7SR.01A",4.29844785240755e-09,0.166845609809059,0.0366000009606011,0.00300354306996917,0.0171442786235877,0.0033494072235459,0.00100425965983783,0.772052896354951
"TCGA.MH.A854.01A",1.24674064900332e-07,0.119707393365889,0.0456546090101766,0.0100588513306166,0.0100861175588209,0.000699834547361203,0.00631218554346836,0.807480883969602
"TCGA.B3.8121.01A",1.25260562123718e-07,0.469872528595077,0.12072602215948,0.0208222295360401,0.095948639870755,0.00107241469630498,0.0076954951522167,0.283862544729564
"TCGA.2Z.A9JJ.01A",1.36085924729161e-08,0.334560776720227,0.0991809427766068,0.0311859601532916,0.0382706795553738,0.000718898403465741,6.85521009240642e-05,0.496014176681519
"TCGA.B1.7332.01A",3.0399618736273e-10,0.158797687598653,0.0508654592749037,0.00935999447844198,0.0238732488542222,0.000716658991561279,1.29699315476176e-07,0.756386820798906
"TCGA.WN.A9G9.01A",5.52873254761369e-06,1.59410954556854e-07,0.072169880299462,4.30304474200478e-05,0.212398291017377,1.10182566111045e-07,0.683082879642872,0.0323001202667999
"TCGA.A4.8310.01A",1.27113550507422e-08,0.263202617618249,0.0497301739733722,0.00839031835601709,0.0313869304635625,3.27046879688408e-05,5.51124470051211e-09,0.647257236678231
"TCGA.2Z.A9JT.01A",1.63259649969649e-08,0.040153932826459,0.0325725797376911,0.00372378355736673,0.0485972931712078,0.000913095501291534,0.00987698799689838,0.86416231088312
"TCGA.5P.A9K2.01A",1.38103615313259e-06,0.038451256002322,0.0104696956400012,0.00132595334125832,0.00481441646463587,0.000403167400980675,6.4725790187011e-06,0.94452765753563
"TCGA.4A.A93W.01A",8.82229607189175e-09,0.137722210736082,0.038459910636676,0.012112876594105,0.0138304716419668,0.000403376326357693,0.00248799458142014,0.794983150661097
"TCGA.DW.7837.01A",1.02102234785139e-09,0.12106711212979,0.0416559796911082,0.00846530692923945,0.0239108967142038,0.00207351131021578,0.0068919552774789,0.795935236926941
"TCGA.A4.A5DU.01A",2.76539788002529e-10,0.106734801634957,0.02232310832988,0.00291234273722875,0.0132317438672836,3.92515654494691e-05,0.00121157055448659,0.853547181034175
"TCGA.2Z.A9JI.01A",0.0375158370364598,0.114737474393057,0.0468953440104885,0.0098789960149776,0.0570400956319477,0.000153095912560122,0.0133793664939963,0.720399790506513
"TCGA.BQ.7050.01A",4.04612856137929e-08,0.212518145178243,0.0572632420250791,0.010172785231563,0.0174887773923439,1.53991558905694e-05,1.20714673425415e-07,0.702541489840921
"TCGA.BQ.5894.01A",0.0110598400474248,0.0551648762498283,0.178704099615345,0.0504307859066973,0.0888437865070197,0.00227109532612916,0.0290854546699354,0.58444006167762
"TCGA.BQ.5879.01A",1.7406884027133e-07,0.285427765178939,0.222465396130895,0.0232662830954668,0.0290577135226551,0.00426951248840752,5.17912540862591e-08,0.435513103723543
"TCGA.AL.3472.01A",9.88284635343805e-08,0.0790834258610519,0.0240252648358024,0.0101533303091222,0.00611275097441735,0.000772554163875403,0.00336590026865124,0.876486674758616
"TCGA.MH.A560.01A",1.08135668706235e-09,0.095513521636259,0.0441204806360675,0.00316177094639477,0.00862438022598411,3.94610817548351e-05,6.3418908632073e-08,0.848540320973274
"TCGA.BQ.5891.01A",2.34377701867808e-08,0.254188142644376,0.0556660799529663,0.00623818680349076,0.0162839810307202,2.84842704975326e-09,5.07860243075079e-07,0.667623075422007
"TCGA.B9.A5W7.01A",8.11740144687518e-09,0.185842384851276,0.0434801949473338,0.00320972310656904,0.0180907356917302,0.00324197685467482,0.000207281327197309,0.745927695103818
"TCGA.UZ.A9PR.01A",4.07697598346442e-08,0.210062091419149,0.042006989606852,0.00631340233582199,0.0295482705083892,0.000572794180690318,4.76499130865061e-08,0.711496363529425
"TCGA.B9.A69E.01A",7.36124325004619e-09,0.0905318340505493,0.197567406078129,0.00560864441048778,0.063032558119805,0.000131298798865278,0.00889283616062895,0.634235415020291
"TCGA.B3.4104.01A",3.10584182184708e-08,0.044426373522797,0.0753991619401231,0.0165211296070941,0.0065417480331978,0.000215325482613295,0.00615711954536634,0.85073911081039
"TCGA.SX.A71R.01A",3.36934445316302e-08,0.0504392006451042,0.0253735807439816,0.00179063199272544,0.00451438807586532,0.00052489277266462,0.00171670049412916,0.915640571582085
"TCGA.MH.A55Z.01A",1.51022938376495e-09,0.0801775908920679,0.0354954503722742,0.00201576583859963,0.0184823436034625,0.000427666705349574,0.00495256856855428,0.858448612509463
"TCGA.UZ.A9PO.01A",2.52881531564209e-07,0.319213493921046,0.0643951728686699,0.00501434332964963,0.0376200858334783,0.000103820045965623,6.74291843745046e-11,0.57365283105223
"TCGA.G7.7501.01A",2.20764305031872e-08,0.0962640232804332,0.0463131360735109,0.00670105981849835,0.0308209206729417,9.11870561472149e-06,0.00171174665557248,0.818179972716998
"TCGA.DW.7836.01A",7.74246264210547e-08,0.175464442754255,0.0497126202537526,0.022529565543687,0.0118849742108858,0.000660403740369864,4.56350586857256e-08,0.739747870437365
"TCGA.HE.A5NI.01A",1.36710374259095e-08,0.0614862806956228,0.0354357099302139,0.00299419798755503,0.00972828433599612,0.00234313320025911,0.00178502313419711,0.886227357045119
"TCGA.G7.A8LE.01A",5.78160700144058e-09,0.162427492980725,0.0567462732336592,0.0460422281799253,0.0148520766786974,0.000657316459372774,0.00177895069505832,0.717495655990955
"TCGA.Y8.A895.01A",6.77280256564428e-09,0.11792322923116,0.0288030686471817,0.00226968013762093,0.00728129913377032,0.000630912617350246,0.000309535714634644,0.842782267745479
"TCGA.UZ.A9PQ.01A",2.07440459576756e-08,0.074668944328252,0.055533729588433,0.00578901213379951,0.00478840486631998,5.33468089082716e-05,1.00700621694923e-07,0.859166440829619
"TCGA.BQ.5884.01A",5.35014917671768e-09,0.786556080614522,0.12815560712831,0.0185899032462645,0.0666965075473908,9.41835112058742e-07,3.94735508377469e-08,9.14804700124994e-07
"TCGA.BQ.5893.01A",1.62930563830394e-08,0.0844912173101546,0.129288434492502,0.0137361963258882,0.00804799574378664,0.000710553259675302,0.00481750244185796,0.758908084133079
"TCGA.UZ.A9PV.01A",4.53950258815427e-09,0.146630102794929,0.0381837666487086,0.0039079959880678,0.0079005486667319,0.00010696950168417,1.74858345130744e-05,0.803253126025863
"TCGA.B9.4113.01A",1.64215217910678e-08,0.161220739149033,0.0418001965410168,0.0062605448759108,0.0354036831802622,0.00279391270996242,0.00455926372551502,0.747961643396778
"TCGA.B3.3926.01A",0.000166441952543757,0.0593420901027078,0.0271723369622481,0.00693431904663555,0.0145900749427949,0.000206486048318546,0.00444557242142006,0.887142678523331
"TCGA.2Z.A9J3.01A",4.24485894347218e-09,0.0360821806924978,0.0148672580087345,0.00196583564692619,0.00251082764006148,0.000177769900834215,0.000593293706712135,0.943802830159375
"TCGA.Y8.A8RZ.01A",1.26413981383631e-08,0.0596886574307458,0.019450127046332,0.00173535126034683,0.0188578908824195,1.40784657858052e-05,1.39800281640876e-09,0.900253880874969
"TCGA.AT.A5NU.01A",0.00270581000589633,0.0704999219144,0.0329846263461316,0.0101076938166322,0.0067274389685964,0.000338224985547466,0.00150099640142449,0.875135287561371
"TCGA.G7.6792.01A",4.94329912892528e-09,0.151174052753212,0.0443730373070395,0.00592727787114955,0.0145026061891017,0.00143295150590597,0.00852668928324807,0.774063380147045
"TCGA.5P.A9KC.01A",6.75142578675067e-09,0.792316684920181,0.114175315254133,0.0157152895190718,0.0777342487785143,1.47193184313647e-06,5.69672667216158e-05,1.55781095875242e-08
"TCGA.Y8.A8S0.01A",7.78177286670758e-09,0.116453350045347,0.0294757454793682,0.0070745436588665,0.0182525647351743,0.000794315082750871,1.20467707638162e-08,0.827949461169949
"TCGA.B1.A655.01A",9.74068972998191e-07,0.401703224206848,0.0778406960952243,0.00578790996194688,0.0334766556891136,4.34184691219219e-05,6.20873283980966e-09,0.48114711530004
"TCGA.J7.8537.01A",0.0176644134635802,0.0563139683077699,0.0634847508384286,0.0165834137551975,0.0742705678180712,4.47412155560489e-05,0.0700506774317289,0.701587467169668
"TCGA.KV.A6GD.01A",0.0162618213069372,0.258077810829029,0.0873121811612981,0.0579878199817394,0.125143586134612,0.000226733976299642,1.65527981934064e-07,0.454989881082102
"TCGA.G7.A4TM.01A",0.00429254755366414,0.0844498765309759,0.0556671894915734,0.0150463028597831,0.0299587042693132,0.00370796518589801,0.00247383379377233,0.80440358031502
"TCGA.G7.6790.01A",6.99780029195335e-09,0.200366520411088,0.0476708286241973,0.0051509323608804,0.0160538058571177,0.000118250568829296,2.3828851769232e-08,0.730639631351235
"TCGA.A4.8515.01A",1.77345160976103e-07,0.166266030088366,0.0358280400807944,0.00414316732233289,0.0115232698671394,4.60546295177935e-05,6.01247123070525e-08,0.782193200541976
"TCGA.BQ.7049.01A",0.087947006710808,0.315240871837778,0.0893926724826759,0.0547670583896548,0.0241464240676941,0.00157814589901076,0.000476001408071943,0.426451819204307
"TCGA.SX.A7SL.01A",5.41448044302942e-08,0.0699173838821509,0.0234317417876842,0.00396481813059953,0.00390770932088742,0.00115690108664401,1.31496267769116e-07,0.897621260150962
"TCGA.A4.7734.01A",1.94918890766256e-08,0.187464161293758,0.0572188090102123,0.0281848977842284,0.0306679469302671,0.000429978617481913,0.00052772686154248,0.695506460010621
"TCGA.BQ.7053.01A",1.10791665776981e-08,0.159278068930629,0.0403114468208356,0.0107835744323909,0.0182544988784741,2.04763292358226e-05,0.00268536065077303,0.768666562878495
"TCGA.G7.6797.01A",2.00810510280832e-08,0.126598591498349,0.0352553587625842,0.00680791312415313,0.0104465677323565,0.00114927066941728,1.66144179151323e-08,0.819742261517671
"TCGA.IZ.8196.01A",9.13964449459411e-08,0.141456789199362,0.038857795603434,0.0130063812446362,0.0132274883080403,0.00052022855783484,6.02422848111505e-09,0.792931219666019
"TCGA.P4.A5EB.01A",6.46844521085046e-08,0.227686620753767,0.0501936249771402,0.00419883771641847,0.0208855352489311,3.297355699836e-05,7.71380749814201e-08,0.697002265924218
"TCGA.BQ.7058.01A",1.99865892994895e-08,0.179959984103936,0.0331060427553519,0.00363569133370278,0.00829605622573023,8.96958598602073e-06,3.88620461923055e-08,0.774993197146657
"TCGA.B9.A8YI.01A",1.50549903176119e-08,0.174056368230128,0.035692352570604,0.00233422332698494,0.0124786724654764,3.89170386339248e-05,1.06264254134404e-08,0.775399440686757
"TCGA.HE.7128.01A",9.13956695746045e-08,0.500363381135379,0.0918640056267834,0.0103725661881033,0.133558692672314,0.00138982294713192,4.21546812997752e-08,0.262451397879938
"TCGA.4A.A93Y.01A",1.60272491452575e-08,0.365042381432827,0.19168067428828,0.10763533509717,0.335233265559039,0.000307016984834882,0.000101305458260672,5.15234000782854e-09
"TCGA.HE.A5NF.01A",4.51109805682444e-09,0.168199575496113,0.0480044200977843,0.00762288001039718,0.0909806831902334,8.33473564131119e-05,1.79661219384252e-07,0.685108909676742
"TCGA.B1.A654.01A",0.00482855285580395,0.108584482086104,0.035125763380859,0.0143527318647112,0.0303321190024311,0.00137064835423863,0.00304337029845541,0.802362332157397
"TCGA.DW.7834.01A",2.83655433810079e-08,0.192113887158459,0.0429628356914636,0.0232597937898279,0.028544298093939,0.00182756984871038,0.00462774974040747,0.706663837311649
"TCGA.A4.8516.01A",1.06846874384382e-08,0.149411189152522,0.0380875633333372,0.00261054430758677,0.0196740680535135,0.000431696606542624,0.000107334958808769,0.789677592903001
"TCGA.P4.A5E7.01A",3.17949588016157e-08,0.111881677654905,0.0359881078703656,0.0166318705511933,0.0162238389137512,0.00082223022905855,0.00256044662734755,0.815891796358419
"TCGA.IA.A83T.01A",4.40128496458742e-07,0.122846368154561,0.0695585355886233,0.00871264705432309,0.295361113361925,0.0011030331919759,1.5635149119474e-08,0.502417846884946
"TCGA.G7.A8LC.01A",0.00244357419208909,0.0212843477627764,0.0231964637574494,0.00434243514291338,0.00416804494098902,0.000257519949566015,0.00664713769105752,0.937660476563159
"TCGA.P4.AAVO.01A",5.85962241031448e-09,0.179466780300584,0.0308493192224902,0.00337255406331967,0.0118210510591143,1.78388710805394e-05,8.75587657341191e-09,0.774472441867912
"TCGA.A4.8311.01A",3.09236168664523e-08,0.0555574934794333,0.0152425774892157,0.00291606083994032,0.00432481529611722,0.000426007692482975,0.00104824434505783,0.920484769934136
"TCGA.Y8.A8RY.01A",5.75016882257018e-09,0.0930996809842451,0.0301175210327817,0.00644478872413096,0.0285575987538311,0.00371323411032035,0.00659745459882825,0.831469716045694
"TCGA.A4.A57E.01A",5.50995955146928e-08,0.11854885227213,0.0570056504605225,0.00477599290374084,0.0153205673224987,3.89802402671393e-05,2.37016833257464e-07,0.804309664684412
"TCGA.PJ.A5Z8.01A",1.77545591961576e-07,0.137857546108486,0.0685243112500233,0.0219889709807552,0.0593381589751579,3.93264216918274e-05,0.0343300606062557,0.677921448112038
"TCGA.KV.A74V.01A",1.35418244089446e-08,0.149044022992259,0.0430128729074987,0.00419237722788305,0.013139841746484,0.000519590990976279,0.00455939806943387,0.785531882523641
"TCGA.2Z.A9JL.01A",0.0128814580970152,0.191031858880915,0.0387096915375266,0.0104556966188745,0.0269818370699114,0.00127437304259211,1.40258521921046e-07,0.718664944494643
"TCGA.DW.7963.01B",1.07260635022636e-09,0.100050729897141,0.0310751320858058,0.00165698497982758,0.00940765312413961,0.000142638236049645,0.000998051660938269,0.856668808943491
"TCGA.B1.A47N.01A",0.000752816148415888,0.0282673323619712,0.0137849913237067,0.00896735783540753,0.010540776919422,0.0010565557527884,0.00847652903367375,0.928153640624614
"TCGA.5P.A9KH.01A",1.3996545686647e-08,0.0398380207153973,0.200720269274436,1.6433756806189e-09,0.0105812507093564,3.11694250546115e-05,1.05082121561444e-08,0.748829263727622
"TCGA.EV.5902.01A",2.79538180333471e-09,0.127655467368023,0.0349714177781626,0.00621228866557789,0.00561224640088369,0.000115429949831629,1.24616005784588e-08,0.825433134580538
"TCGA.F9.A4JJ.01A",0.00281994079463764,0.165497108092223,0.0957834099821095,0.00956274412578402,0.0167644390442081,0.00297783286815052,0.0263397580725616,0.680254767020326
"TCGA.Y8.A8S1.01A",5.24005539041431e-08,0.326017574620127,0.281730383082039,0.0291582807211311,0.362573420565468,0.000520279136787599,6.43585724156831e-09,3.03803574478519e-09
"TCGA.GL.A9DC.01A",5.19690403532806e-09,0.184986886392059,0.061560642686207,0.00431362761649082,0.0205967625272399,0.00308730858865958,3.32876076781381e-10,0.725454766659564
"TCGA.BQ.5889.01A",0.0318470867663507,0.0201670929860262,0.106906444413226,0.0601133952092853,0.0645727221415979,0.00100117222130317,0.0483818121785782,0.667010274083633
"TCGA.BQ.5882.01A",1.44708518280302e-07,0.400280900034363,0.12305575332066,0.0187076978523321,0.0350727517715834,7.70555413649833e-05,0.0471881140334524,0.375617582737726
"TCGA.A4.7997.01A",1.34208869083328e-08,0.251500180486771,0.0575319074337977,0.0123762511053556,0.0488099441040337,0.00116591635534109,8.714516043492e-08,0.628615699948654
"TCGA.IA.A40U.01A",2.91131947270444e-08,0.10033433696746,0.0597885327786437,0.00408210520235148,0.0189756652152718,0.00249384470417533,0.00575829372876969,0.808567192290133
"TCGA.DW.7838.01A",1.99918882426869e-10,0.392328545222663,0.0760883718738257,0.0245293290440081,0.0746045348913797,0.000453514317115496,8.87811446044168e-08,0.431995615669944
"TCGA.HE.7129.01A",4.99719631971107e-08,0.111744264634217,0.0429368292150519,0.00258467082432228,0.00743606593868542,0.00223148229500713,1.51437608625678e-09,0.833066635606377
"TCGA.BQ.5887.01A",8.3743571071304e-08,0.337960499464014,0.161193395138751,0.0742179841928755,0.0589376871033922,0.000205761590314792,6.47998584375152e-08,0.367484523967223
"TCGA.P4.A5EA.01A",0.1357191791687,0.104612116901628,0.0756544859575827,0.0321298894625395,0.0369821931443042,0.00357747729304525,0.0962289397524996,0.5150957183197
"TCGA.UZ.A9PL.01A",9.62026103560544e-08,0.141226020611227,0.0329853225527286,0.00473459088589429,0.00722837060223029,0.000403974703334915,1.77136368922285e-08,0.813421606728338
"TCGA.HE.A5NL.01A",7.46349674086524e-10,0.0934258657549082,0.0346907513751436,0.0031255886201758,0.0263378693485541,0.000747437105959254,0.00740551975746447,0.834266967291445
"TCGA.J7.A8I2.01A",5.45865722632977e-08,0.0175257273820813,0.0537960274140952,0.00419070629150312,0.00084292450290193,4.57041363466812e-05,0.00400639776313335,0.919592457923366
"TCGA.G7.6793.01A",1.97249874842598e-07,0.133806270468659,0.234579728735053,0.0423958842369078,0.0444694394414072,0.00171496845383432,1.39356806571914e-07,0.543033372057457
"TCGA.UZ.A9PK.01A",2.7635868078281e-05,0.170081228323214,0.0335725015016142,0.00595111673272786,0.0240450682587241,0.000787496617696642,5.32522466716871e-09,0.76553494737272
"TCGA.GL.6846.01A",1.10322008472323e-08,0.125718068157395,0.0430362365250618,0.00725319432224948,0.012382334483532,0.00013531044212405,2.81091787712034e-07,0.81147456394565
"TCGA.5P.A9JW.01A",4.26750453236407e-08,0.205166092024296,0.0351673178029448,0.00336668844501482,0.0225792349384076,4.29993265738805e-05,1.5098047818228e-07,0.733677473807239
"TCGA.DW.7842.01A",6.70073894594812e-09,0.127432150297213,0.0327530185609303,0.00835766861101124,0.0126457764032096,0.000644661471941191,7.72144497073521e-08,0.818166640740506
"TCGA.UZ.A9Q0.01A",3.71629307734918e-08,0.055874710608832,0.0159046479395195,0.00131306338432994,0.00496439195061826,0.000567293688054133,7.19919021611063e-05,0.921303863363554
"TCGA.UZ.A9PN.01A",0.00176328294061807,0.152067115770611,0.0725525246083584,0.0540230161383274,0.0220304856329231,0.000467449259424523,0.0146042834511881,0.682491842198549
"TCGA.5P.A9JY.01A",7.18379646327531e-09,0.0898638008326646,0.0235231812519642,0.00244901328197959,0.0111514156617441,0.000149626153181747,0.00449488692484354,0.868368068709826
"TCGA.P4.A5E6.01A",3.07508172657005e-08,0.115454624827845,0.0296010843799945,0.00560957462580686,0.018920885892223,0.000560002590684536,0.00553971413576105,0.824314082796867
"TCGA.2Z.A9JO.01A",1.55068870172222e-08,0.130522254459823,0.0541777207756102,0.00871322030194462,0.0167267040930883,7.95083522664832e-05,2.23218066991623e-08,0.789780554188574
"TCGA.5P.A9K4.01A",8.73424971443422e-08,0.181537266054669,0.0426131103358033,0.0055284462815954,0.0155105473506042,0.000310176659151974,1.3029361818256e-09,0.754500364672743
"TCGA.UN.AAZ9.01A",0.00135734542226128,0.0735828209949694,0.0458850499987222,0.00884950276197995,0.00467629003066622,0.00115974988232284,0.0060357795184227,0.858453461390655
"TCGA.SX.A71W.01A",2.62244572639052e-08,0.112860309792684,0.0351254587087283,0.0087177157995093,0.01304974917154,0.00165414107032942,0.00194260653572256,0.826649992697029
"TCGA.MH.A855.01A",2.52471781440307e-08,0.183789168165778,0.059103872771693,0.0058658992809811,0.0366323304071072,0.000117855904546,0.0128655644244671,0.70162528379825
"TCGA.B1.A47M.01A",7.52130033866873e-09,0.0907912723100637,0.0344983725887573,0.00695677513760138,0.014923273700189,0.000432847612407049,0.00402173700455486,0.848375714125126
"TCGA.DZ.6133.01A",8.37979364174053e-09,0.22013232167702,0.0522145734273665,0.00730015817997132,0.0120649511518502,0.000186060407461292,4.50023441017315e-08,0.708101881774193
"TCGA.DW.7839.01A",3.67702463432534e-09,0.168941322600042,0.0375082238151207,0.00684647103396237,0.00528758875216552,0.000263280687084011,3.28669250725502e-07,0.78115278076535
"TCGA.5P.A9KF.01A",1.931698630677e-08,0.270820840510488,0.0476462087697535,0.0108041411776761,0.0249156892394219,0.000415015937959974,2.25054744560051e-07,0.64539785999297
"TCGA.SX.A7SP.01A",7.96518993162748e-08,0.164299146931958,0.0395941827051811,0.0052701772072378,0.041831029637046,0.000650943211074462,1.26770050360673e-08,0.748354427978598
"TCGA.G7.6795.01A",1.4101031463955e-08,0.0566009079644905,0.0201951328068368,0.00298146564375034,0.00683729721034709,0.000255250513374916,0.00597850576627538,0.907151425993893
"TCGA.A4.A772.01A",6.27996560348534e-09,0.244051995601408,0.0495910384355229,0.00872068048235288,0.0366610984166397,0.00144799267023468,6.4036179734468e-07,0.659526547752079
"TCGA.BQ.5890.01A",7.97355464796166e-09,0.202509398906593,0.0380641476104522,0.00292635082295581,0.0188592631470319,2.1244282253081e-05,1.16188676172822e-07,0.737619471068484
"TCGA.B9.7268.01A",2.59020723402192e-08,0.138343522818622,0.0326679428059013,0.0040022593650005,0.0113186516733323,9.28201426241754e-05,3.82398369767037e-09,0.813574773468463
"TCGA.AL.3466.01A",0.00115545499963655,0.0490982193531081,0.0118917086041772,0.00909229008301748,0.00321220802248197,2.50939752295151e-05,0.0051063137253952,0.920418711236954
"TCGA.GL.8500.01A",2.70355172640341e-08,0.108659124704874,0.0342574115371524,0.00260591845160134,0.00712282588232102,0.00031628135012755,0.00116122228828066,0.845877188750126
"TCGA.A4.8517.01A",1.09091738804712e-08,0.154133181163811,0.04113790931558,0.00277787852562947,0.0187319709112652,0.000278318725750748,4.46434952921629e-09,0.78294072598444
"TCGA.2Z.A9JR.01A",2.85297339422105e-08,0.257562591485311,0.048074166199615,0.00716946856436129,0.0326925950860534,0.000431443619375265,0.00240358495800125,0.651666121557548
"TCGA.A4.A6HP.01A",3.44075453384251e-08,0.100725885356262,0.0363724328505936,0.00459759051872376,0.0751145136654258,0.00397445546177567,0.00169981999509344,0.77751526774458
"TCGA.F9.A97G.01A",6.92254472916006e-09,0.377191021792953,0.113684758404246,0.0105292900220665,0.0474107068684181,9.33723415889832e-05,7.11672947325844e-07,0.451090131975235
"TCGA.2Z.A9J9.01A",3.79540724940132e-07,0.0369307344892108,0.546270250615743,0.00275087449350107,0.00894292011070825,0.000606214405689024,0.00397703671851703,0.400521589625906
"TCGA.A4.A5Y0.01A",8.31968567892625e-09,0.212316382680657,0.0472643894361571,0.00413851702444873,0.00814012789850409,1.36348216720622e-09,4.35943419493053e-05,0.728096978935116
"TCGA.2Z.A9JD.01A",3.20999651056823e-08,0.152781395879855,0.0381912211140705,0.00461062017926895,0.00674459671672946,1.32056471018384e-05,1.01364464677399e-07,0.797658826998544
"TCGA.A4.7828.01A",5.73512926804066e-06,0.101332520004049,0.662778777938019,0.0310140895414707,0.0156433380171512,0.00145242541878887,0.00251896733567236,0.185254146615581
"TCGA.MH.A857.01A",2.83650819777787e-08,0.0459224929406951,0.0375907606042566,0.00508835789242578,0.00862714368286983,0.000641819644181135,3.29043987901733e-05,0.902096492471699
"TCGA.2Z.A9J2.01A",3.12889913008321e-08,0.328152395221038,0.0570123061510601,0.00528231112818849,0.0215405915575874,5.76252884436377e-05,1.17889301644329e-07,0.587954621475389
"TCGA.A4.8518.01A",1.3277703198813e-08,0.294301421651155,0.0550003649518199,0.00781787264929763,0.0168135606238221,1.85049435963446e-05,2.97713239641168e-08,0.626048232131282
"TCGA.A4.7585.01A",1.56887598437703e-09,0.353477493551313,0.0895068618265625,0.0225176400193929,0.059533733023386,3.78658564632348e-05,0.00913988100385741,0.465786523150149
"TCGA.BQ.7046.01A",7.35816474254579e-08,0.255192622850019,0.0451870376746251,0.00603891501928307,0.0480388176589593,5.07127719910956e-05,3.76563064075631e-08,0.645491782787168
"TCGA.BQ.5886.01A",2.02824119432987e-08,0.12563080340295,0.021239923099355,0.00190373180795585,0.00816263884824044,7.36442348457811e-06,2.4054613921387e-07,0.843055277589463
"TCGA.4A.A93X.01A",5.14092521954111e-08,0.262686065195941,0.0446668612951408,0.003548835063069,0.0157185271703129,3.47519790161897e-05,1.57206654964219e-09,0.673344906315201
"TCGA.IA.A40X.01A",3.0400134051278e-08,0.153698155580746,0.0425492686972319,0.00336648013299452,0.0203964075784326,1.22963632586953e-05,0.00757598185515114,0.772401379392051
"TCGA.BQ.5888.01A",0.0238442721698686,0.0418303583877726,0.024356873717722,0.0032652947282637,0.021801322446248,0.000476231677797467,0.0151593903446592,0.869266256527668
"TCGA.A4.7915.01A",4.75744156839092e-09,0.18693595866965,0.185608488826925,0.0282449583337982,0.0205443162345087,0.000501064938707867,0.00908361609473677,0.569081592144232
"TCGA.SX.A7SQ.01A",1.96121384366666e-07,0.168456816168773,0.044471888445055,0.00590533330823774,0.0130521577118278,0.000736086253537246,7.24093827452009e-10,0.76737752126709
"TCGA.F9.A8NY.01A",2.84318047281266e-07,0.0713024630724532,0.109086724383201,0.0110412746858693,0.00966189187603956,0.000273756718568829,0.014495046672893,0.784138558272928
"TCGA.2Z.A9JE.01A",9.58790334995341e-10,0.095327764288147,0.0240811872154388,0.0037914113911819,0.00748609705613955,0.000207660473527608,1.25084526627989e-07,0.869105753532248
"TCGA.IA.A83V.01A",4.87308145252454e-06,0.26864806805866,0.0916867548887833,0.0643027829709064,0.133243451760857,0.000836763128788725,4.03916377809658e-07,0.441276902194173
"TCGA.2Z.A9JP.01A",1.0445940133031e-07,0.268199498995782,0.0568241812103294,0.00696696481866711,0.0442188773773342,5.85308319071191e-05,2.7380615073904e-05,0.623704461691505
"TCGA.2Z.A9J5.01A",2.14683877805942e-08,0.206768350570306,0.0542093524332979,0.00662895771148808,0.0963556292931623,0.00114499288486295,0.00458449504009959,0.630308200598395
"TCGA.B9.4617.01A",2.76707512542891e-08,0.0349229864083036,0.0215112921690491,0.00251049029383321,0.00516763005384224,0.00227248638771691,0.00248608165000051,0.931129005366503
"TCGA.A4.7288.01A",7.98464687586425e-08,0.219165659740974,0.0476385279796634,0.00685433018456281,0.0117097452121513,0.000197022087370499,3.69170695820089e-08,0.71443459803174
"TCGA.GL.7773.01A",1.56044328982121e-08,0.220182053680253,0.047536499793101,0.00972424462791818,0.0151154743397046,0.000559227169118465,0.00698481583114713,0.699897668954325
"TCGA.B1.A47O.01A",4.57661874767309e-07,0.0938045928985393,0.0208195337494276,0.00286833547315703,0.01433177702415,0.000441410883812636,0.00138387714572782,0.866350015163311
"TCGA.GL.A4EM.01A",7.93340654627096e-06,0.299077949283848,0.0759224479987059,0.012452842253861,0.0422453982794677,7.11372273182306e-05,2.73124210195023e-07,0.570222018426042
"TCGA.UZ.A9PZ.01A",2.80044633740529e-08,0.0855773272775634,0.0269861807016201,0.00409517914342452,0.00618852416647789,0.00222707641051772,0.00130063683395088,0.873625047461982
"TCGA.B9.A5W9.01A",3.91359753215616e-08,0.25905235122643,0.0495543112644936,0.010482454864343,0.0139235159209552,5.36109864675956e-06,4.36771715880018e-09,0.666981962121439
"TCGA.DZ.6132.01A",2.9542549229147e-06,0.464009866339074,0.132680101608731,0.0559829456803077,0.346847869416437,0.000466959371574685,7.58361490236376e-07,8.54496746259974e-06
"TCGA.A4.7583.01A",7.03892952507672e-09,0.123737477899362,0.0463925451880557,0.00301757771434586,0.0162105660896327,0.000528259326504777,0.0197358744808982,0.790377692262271
"TCGA.UZ.A9PM.01A",7.24689621341077e-08,0.311208140715211,0.0606105456165474,0.00480043370271965,0.0582643221996967,0.000527026173576892,2.1369156423741e-08,0.56458943775413
"TCGA.SX.A71S.01A",4.54324746654339e-08,0.14216164244848,0.042169414630581,0.013133647016266,0.0207387330889062,0.000687953745630085,2.0174553418778e-08,0.781108543463108
"TCGA.G7.7502.01A",1.18903676310611e-08,0.197223652923187,0.0498211825968482,0.0132789128889612,0.0389582063766842,0.000284576263288085,0.00512993338787396,0.69530352367279
"TCGA.B3.3925.01A",7.77253724716363e-07,0.211892060381139,0.0471765709275396,0.0188676360117299,0.0365741796870955,0.00146443165173264,0.00103978833709256,0.682984555749946
"TCGA.V9.A7HT.01A",1.19492365181521e-09,0.293921907833335,0.0643945339084851,0.00600458595001289,0.065176185251991,0.00116701106777644,0.00588095354767741,0.563454821245798
"TCGA.UZ.A9PU.01A",4.41709289878796e-08,0.155402667567415,0.032479037796971,0.00320032100332283,0.0190893647610408,0.000477374064876409,1.10279710662834e-08,0.789351179607474
"TCGA.BQ.5880.01A",1.06637227332239e-08,0.317791238175631,0.0714783099758707,0.0173667921243484,0.0219088857655158,4.34675824069943e-05,0.00476230503990027,0.566648990672604
"TCGA.MH.A856.01A",6.18531452888713e-06,0.136168448312631,0.0415501895095773,0.00525456738342077,0.0121906626286018,0.000188148477052509,2.38184204595125e-08,0.804641774555767
"TCGA.A4.7732.01A",4.11812423143088e-08,0.0582893409847043,0.0336981248359818,0.00237840747843716,0.0220994104929783,0.00394833128954967,4.88381786437658e-08,0.879586294898928
"TCGA.A4.8312.01A",1.49848159120275e-09,0.116834991661376,0.0577762370965383,0.00403681394279535,0.00510449652392606,0.000987207188143633,0.00168874157373623,0.813571510515003
"TCGA.IZ.8195.01A",7.40924866096669e-09,0.210422404120085,0.0498353550002077,0.00500162554272611,0.0122843687540415,1.0974451154861e-05,2.14785914442914e-08,0.722445243243945
"TCGA.B9.A44B.01A",5.87041884367515e-09,0.251989600734881,0.0621700569169474,0.00700747622848995,0.00828717443814114,3.56889333747353e-06,3.93545499094133e-08,0.670542077563235
"TCGA.DW.7841.01A",4.42289627002999e-07,0.105161585142508,0.0578485330918346,0.00791063335512326,0.0299424142679183,0.00342827848728718,0.0446835744283928,0.751024538937309
"TCGA.5P.A9K9.01A",2.33381208018671e-06,0.0866847953646342,0.0631726246785399,0.0147858334109653,0.0212355846059696,1.91471101390452e-05,2.45463886554599e-09,0.814099678563033
"TCGA.BQ.7045.01A",1.17878306975035e-08,0.133873746171086,0.0296220955024603,0.00503066375662635,0.0150497733979962,0.00115099625090189,0.0018679453144821,0.813404767818617
"TCGA.BQ.7051.01A",2.45001829053217e-09,0.241602744098261,0.0522710971325173,0.00433842862053737,0.0137731387702574,0.000127199923090234,2.11186412085068e-06,0.687885277141198
"TCGA.2Z.A9J6.01A",1.55710675207187e-08,0.117837923885293,0.0253339740537197,0.00263486141170026,0.014185823059506,0.000591000093274382,0.00338474605856825,0.836031655866871
"TCGA.B1.A657.01A",5.0429870334098e-09,0.201781881730852,0.0395514076526496,0.00897809118439835,0.028340076355385,0.000376693888706133,0.0106023456670906,0.710369498477931
"TCGA.2Z.A9JS.01A",2.17377693384636e-06,0.128105068019141,0.0336519555686899,0.00431382242438824,0.0116204734914865,0.00082178507160928,0.000589962618346616,0.820894759029404
"TCGA.UZ.A9PJ.01A",9.17065836601871e-09,0.190988547492112,0.0366019809899357,0.00355513120040919,0.0117095917063762,0.000116692062121815,2.48643294644078e-06,0.75702556094544
"TCGA.AL.A5DJ.01A",0.0175991937213765,0.0943921136681081,0.0173262187186876,0.00470580042830125,0.00600086159431207,3.96626213217718e-05,0.095247991962148,0.764688157285745
"TCGA.B3.4103.01A",8.25450667572192e-08,0.181965293336824,0.0363970875539471,0.0195374966027102,0.019390180665491,0.0005130724138457,4.99862833954518e-09,0.742196781883487
"TCGA.UZ.A9PX.01A",1.93918030502034e-08,0.0939083926844157,0.0348451654350782,0.00601711018686999,0.0197666472462989,0.00266963166708435,8.81104072856982e-08,0.842792945278042
"TCGA.BQ.5885.01A",4.85152812605304e-09,0.106548704637557,0.0238663492836868,0.00414900926031206,0.013219331413912,9.63814386254544e-05,0.000727194064040534,0.851393025050338
"TCGA.BQ.5878.01A",2.69318318616158e-08,0.151720292247388,0.0411502391135469,0.00525203247463041,0.019460241200589,2.66315855343711e-05,2.04908926461464e-08,0.782390515955586
"TCGA.Y8.A894.01A",4.55188338670979e-08,0.161709211712723,0.0442089182236234,0.00650241578292598,0.00602566551976854,0.000466568004510946,3.03164711592358e-08,0.781087144921143
"TCGA.DW.7840.01A",6.0715603787536e-09,0.101306824476111,0.0361245622133618,0.00383282985975517,0.011485836787732,0.00129052634822845,0.00767218593716169,0.83828722830609
"TCGA.B9.4116.01A",2.33685993134685e-07,0.122576740973213,0.0420767326975748,0.00894358051460504,0.0148455906533254,0.00252330348461994,0.00486605961298355,0.804167758377685
"TCGA.GL.A9DD.01A",1.38452956179099e-08,0.272615472175477,0.0545441791289635,0.0076789713592636,0.053143236353545,0.000195802890818571,1.07172691410482e-06,0.611821252519722
"TCGA.B3.A6W5.01A",1.29250472752201e-08,0.104187310474472,0.0462419492514649,0.00394490624257234,0.012021402267628,0.00340402521841405,0.00420266178680031,0.825997731833601
"TCGA.HE.A5NH.01A",9.42431552801187e-09,0.226569590117165,0.0503339678189139,0.00393352606067373,0.0184340543053429,0.0010797226911207,3.80690435628593e-07,0.699648748892032
"TCGA.5P.A9K3.01A",4.02777493986536e-08,0.0831924354755401,0.0317491922111876,0.00183158593136538,0.0185442116932694,3.10131845578768e-06,5.33298880599802e-09,0.864679427759444
"TCGA.EV.5903.01A",0.00216972285814557,0.170050445029271,0.071132507225904,0.0437994335931132,0.0255847629456217,0.000734421279253969,0.0033168803248809,0.683211826743809
"TCGA.P4.A5ED.01A",5.56793715761263e-08,0.195131197095238,0.06783032781278,0.00683805936689047,0.0794517181181557,0.000732125012786945,0.00100184764236137,0.649014669272416
"TCGA.A4.A5XZ.01A",7.00749072499014e-09,0.241521730143185,0.059726860269595,0.00514567242182265,0.0324115015243013,8.87612376494331e-05,1.04366418304513e-08,0.661105456959314
"TCGA.SX.A7SO.01A",2.07949896279859e-08,0.0849021151098795,0.0467824740693895,0.00420582180881229,0.012457213972573,4.52059040310238e-05,6.34169900713536e-08,0.851607084923335
"TCGA.2K.A9WE.01A",1.24652539487125e-05,0.546324611702624,0.100494930038495,0.0110572221324909,0.182389554343512,0.00147935567062846,1.01246323853081e-08,0.158241850733668
"TCGA.5P.A9K8.01A",1.74039702905564e-07,0.012722332765919,0.104601432345737,0.00376399533633475,0.0424650848881148,0.000780562910343799,3.72485006556644e-10,0.835666417341363
"TCGA.HE.7130.01A",4.98125550069199e-09,0.142370087909939,0.104802062182847,0.00572881760377782,0.0107178021712932,0.00011690122677938,0.00493782752816849,0.731326496395939
"TCGA.GL.A59R.01A",1.33336841474046e-07,0.128883630811496,0.0445512119409508,0.00443373128493234,0.0212980975716284,0.0069265676378156,1.14695694240214e-08,0.793906615946766
"TCGA.2Z.A9JN.01A",1.51735330953981e-08,0.214077811337792,0.0532282002451406,0.00921151030991679,0.00944244569872579,0.000291611048658878,1.78770374232992e-08,0.713748388309195
"TCGA.A4.7286.01A",7.0889652770387e-09,0.178039641774515,0.0553827295962818,0.0063841438052042,0.0581240883515878,0.000136025424877813,7.71681408298365e-09,0.701933356241754
"TCGA.P4.AAVL.01A",1.51572621492939e-08,0.124256059585295,0.0393376722794155,0.0169121874958935,0.0361167727667417,0.00134010361019738,0.00139787718242191,0.780639311922773
"TCGA.G7.6789.01A",3.08706945539291e-08,0.257046477391419,0.106346438896448,0.0771429746748408,0.0242875073695777,0.000875209282416733,9.8786297644005e-07,0.534300373651627
"TCGA.5P.A9JV.01A",3.40733156591814e-07,0.089231943446228,0.572512524674687,0.0197445891157437,0.0245975428855325,0.000145809873779455,0.0037338998497574,0.290033349421115
"TCGA.MH.A561.01A",0.00019027504969102,0.208043048891934,0.0528365513547865,0.0208314078026486,0.0418126738928064,0.00182470730369277,0.00148240635207208,0.672978929352369
"TCGA.DW.5560.01A",0.000992294226696474,0.0281907409108238,0.019063053348327,0.00602456385064904,0.0101369350299042,0.000783257667490267,0.00341738493218494,0.931391770033924
"TCGA.2Z.A9J8.01A",1.59601354176575e-07,0.158209519706575,0.040807020610564,0.00278630439400598,0.0281499545876692,4.62298517911105e-05,0.000226949934748072,0.769773861313292
"TCGA.EV.5901.01A",0.00815732764973088,0.257123740509456,0.0745200906621326,0.0441912650171858,0.0488201325086474,0.00100734914431252,0.00170455974232712,0.564475534766208
"TCGA.A4.A7UZ.01A",0.0166002313991867,0.0618627869144284,0.0315505343474117,0.0110401732720082,0.0293610288449155,0.00277116543659459,0.0439258890991084,0.802888190686347
"TCGA.SX.A71U.01A",7.8013667080194e-09,0.246943023433761,0.0506464065057401,0.0057573250847915,0.0222264103375279,0.000729917777329039,8.94066993760574e-08,0.673696819652784
"TCGA.IA.A83S.01A",1.48678995107928e-08,0.267710746331139,0.0491788398376465,0.00882856264089151,0.022657039150838,0.000266601269596529,5.19975779555014e-08,0.651358143904411
"TCGA.B9.A5W8.01A",1.02417576604281e-08,0.346094620076369,0.0806060587430809,0.0074060228041768,0.0740081921754948,0.000472616354261832,0.0131473260223687,0.478265153582491
"TCGA.BQ.7055.01A",1.01365383937656e-08,0.0635949006510455,0.111337035712894,0.00255561072907003,0.00657730406940626,9.32263523290975e-06,8.55278778944041e-09,0.815925807513025
"TCGA.BQ.7061.01A",3.12122299976044e-08,0.211752725708057,0.0598390929103823,0.0112537661045992,0.0249319004035749,7.34886985362522e-05,2.19023061019897e-08,0.692148973060314
"TCGA.GL.A59T.01A",2.20354675345545e-07,0.153693983513262,0.0340807874958544,0.00512139750980201,0.0349055321631692,0.000501131579806769,2.20286971697426e-08,0.771696925354733
"TCGA.B9.5155.01A",5.43992883222135e-08,0.12318128428698,0.0331794024263195,0.00777191278723162,0.00606284598542734,0.00337915430283728,6.59007471580974e-10,0.826425345152908
"TCGA.BQ.5876.01A",9.12883156992262e-10,0.586965506296727,0.107864626692549,0.0140942923769887,0.0211546191303047,1.26067544156408e-07,0.000208683748622148,0.269712144774382
"TCGA.WN.AB4C.01A",5.16550720074211e-09,0.221530485015002,0.055043118695727,0.00399844995643734,0.0259513594480078,4.89264025148802e-05,4.77398379535499e-06,0.693422881333009
"TCGA.5P.A9KA.01A",0.0374617312772108,0.237380365296935,0.0478182003138253,0.0157934776157293,0.0204835707588184,0.000715986421128122,0.00596296251871353,0.63438370579764
"TCGA.A4.A5Y1.01A",0.00585223327434332,0.105471110210494,0.0401317105398716,0.00899006959678852,0.0327520086096149,9.42800046919563e-06,1.41206556074129e-09,0.806793438356353
"TCGA.2Z.A9JK.01A",0.00209350901286499,0.0453077193616769,0.292881092122978,0.0305114215317382,0.0287425544737008,0.000369581731306797,0.0071792133371846,0.592914908428549
"TCGA.BQ.5881.01A",2.62402296565503e-08,0.105056925055345,0.0327838090164573,0.00371023572088798,0.0323252044229068,4.87166023495439e-05,6.05391599196775e-08,0.826075022402664
"TCGA.5P.A9JU.01A",7.88423080064136e-09,0.289954188512582,0.049678777448568,0.00352390455082121,0.0228010439907419,3.88453462100963e-05,4.18381992034424e-07,0.634002813884854
"TCGA.BQ.7056.01A",3.00742760860095e-08,0.17346053090078,0.0345689185310787,0.00741941231305878,0.0157102310196308,8.97778070921758e-05,3.73555675974604e-08,0.768751061998516
"TCGA.HE.A5NJ.01A",4.97432680519003e-08,0.0481586480111986,0.0344968260580066,0.0105634659770242,0.00447386254848528,0.000612874648239293,0.000694272861996583,0.901000000151781
"TCGA.Y8.A896.01A",0.00260064062198227,0.0220261843370469,0.0302368627641492,0.00358400757521854,0.056988631061465,0.00167577965347915,0.0198756768820965,0.863012217104562
"TCGA.B1.A656.01A",1.02796184083956e-09,0.434316953137634,0.119162815103817,0.0310455988505876,0.132691866000057,0.0002785869374468,0.00515243694073285,0.277351742001763
"TCGA.AL.3468.01A",4.35767363014711e-08,0.0712419329396794,0.0281515253605146,0.00226484018706565,0.0055616043782581,0.00028674507530068,1.41508299167379e-07,0.892493166974146
"TCGA.Y8.A898.01A",2.10648134439418e-09,0.296787094380153,0.0757840864971939,0.0157304593381937,0.092729825391395,0.00106858337464435,2.55575410612209e-08,0.517899923354397
"TCGA.P4.A5E8.01A",5.45602640900967e-09,0.183571942907722,0.050903824432497,0.0133140297156644,0.0103886154047633,9.38925225763131e-05,0.0069328212784719,0.734794868282279
"TCGA.AL.3471.01A",7.74455248443198e-08,0.0809868699627655,0.0243060431321761,0.00577773945044173,0.00295030505065457,0.000372081609513509,5.21213205511458e-07,0.885606362135718
"TCGA.UZ.A9Q1.01A",1.19645455705093e-07,0.184519290991709,0.0535862577640131,0.00194862986132744,0.00957226172814302,3.09488000362901e-05,2.79904926154133e-08,0.750342463218823
"TCGA.BQ.5892.01A",2.88588642477459e-08,0.237223924762348,0.209647444677983,0.0233240510526292,0.0335473549946598,0.000129997573703062,0.0278204839248573,0.468306714154955
"TCGA.UZ.A9PP.01A",1.32125635732419e-08,0.155593238992216,0.0523878782592823,0.0185540382947869,0.012466100421516,0.0018817794226011,2.1434645363083e-05,0.759095516751671
"TCGA.SX.A7SU.01A",5.85890389163395e-08,0.0677466311989586,0.0274613357959075,0.0111985580500998,0.0238065136400313,0.000686944684323244,0.00214786238344572,0.866952095658195
"TCGA.SX.A7SN.01A",1.3667655360361e-09,0.102611330994109,0.0353475056945082,0.00261258272607294,0.0273338000595259,0.00197011143622157,0.000876314780391707,0.829248352942405
