"","cellFractions.B.Cells","cellFractions.DC","cellFractions.Endothelial.Cells","cellFractions.Fibroblasts","cellFractions.Macrophages","cellFractions.Mast.Cells","cellFractions.T.Cells","cellFractions.otherCells"
"TCGA.TQ.A7RO.01A",3.42862034046379e-07,0.0554807518602444,0.0339496811797435,0.00398189461546824,0.0113513320859936,2.70756986415095e-06,2.86413961875056e-08,0.895233261185256
"TCGA.CS.6670.01A",5.78896278636149e-08,0.0373338067310608,0.024782209691767,0.00582080535191261,0.00959485789327412,2.50992037586991e-08,2.75072272797247e-05,0.922440730115874
"TCGA.QH.A6X5.01A",7.26279425599271e-07,0.0251829750545611,0.0270366585035771,0.00811954289828135,0.013797206982697,1.54162833593015e-05,1.46065417962067e-08,0.925847459391557
"TCGA.HW.7493.01A",6.85601843754435e-05,0.0524647134769549,0.0341537172092451,0.00601330139825015,0.0201673728909893,7.33550929662365e-06,3.10095285767691e-09,0.887124996229936
"TCGA.CS.6667.01A",0.000438486913097011,0.0142380634639647,0.0470471125394761,0.00396983580613149,0.0226837070882172,5.05411120353688e-06,1.85898871598187e-09,0.911617738218921
"TCGA.DU.6406.01A",1.38520891094818e-05,0.0166289468953292,0.106388008770663,0.00594737572875226,0.036414055934365,5.11741095206268e-06,2.9604934495583e-09,0.834602640210336
"TCGA.DU.A7TA.01A",0.000266126802375977,2.13046513751309e-07,0.0392091305293842,0.00355777982876634,0.0553198745415504,2.82638231446142e-08,1.93424325227335e-06,0.901644912744334
"TCGA.QH.A6X4.01A",9.73835428392789e-09,0.0364822573929257,0.0236580442754774,0.0017608376933987,0.0165482575636143,1.71855235377645e-06,7.53755385696221e-09,0.921548867246322
"TCGA.TQ.A7RR.01A",0.000326693442431937,1.16505720149486e-06,0.0268292367476965,0.00398563682098375,0.0423981625979168,5.69807313274396e-10,2.58744989379962e-08,0.926459078889463
"TCGA.HT.8104.01A",9.0229651651837e-06,0.0590788559657036,0.0694287198164526,0.00523436154316858,0.0286772756231019,7.55631787418001e-06,2.66337953944063e-09,0.837564205105154
"TCGA.HT.A74K.01A",3.04860244704896e-08,0.029406869783921,0.147747045926637,0.00487143763508299,0.0431854371513675,0.000496097267704485,1.33558876846952e-08,0.774293068393375
"TCGA.DB.A64X.01A",0.000131290055193492,0.00980570686167518,0.0219091714118792,0.00325707552008793,0.0168039451721458,5.62998099587006e-06,1.50060011422909e-09,0.948087179497422
"TCGA.HT.8107.01A",6.97557602015085e-10,0.0603025152948102,0.0286487589241242,0.00196054455235689,0.00800225214009814,2.03201257903229e-06,2.01654116067883e-09,0.901083894361933
"TCGA.FG.A710.01A",0.000945121681176399,1.17996585908085e-07,0.0438147282349093,0.00589139459116469,0.0684731789545439,4.77145505050225e-06,1.14869189644355e-09,0.880870685937877
"TCGA.QH.A6CX.01A",7.60245124042328e-09,0.0551821611565679,0.0293266769265511,0.00242140971715529,0.0300444782074443,1.15943627971166e-05,2.28191968002128e-08,0.883013649207836
"TCGA.CS.6666.01A",2.67878612364738e-05,0.0332339672632934,0.0975177521821251,0.00714665458476192,0.0231098764094847,1.65264070791634e-06,1.76498344979868e-09,0.838963307293407
"TCGA.TM.A7CA.01A",1.4905323321808e-07,0.026357518946205,0.0185792382919252,0.00273063178212775,0.0148770932067247,3.4684122203471e-06,2.49544473204891e-10,0.937451900058019
"TCGA.HW.7486.01A",7.08069359984865e-06,0.046595260427789,0.0269929132101646,0.00387444378614377,0.0259876888467141,8.68040189080282e-06,2.33953384892515e-09,0.896533930294164
"TCGA.QH.A6X8.01A",1.63377678898902e-07,0.053590714672159,0.0322892679597735,0.00227783384734571,0.0234452569582647,6.74390485371926e-06,6.49062870135838e-09,0.888390012789296
"TCGA.DU.A76K.01A",1.04774869844851e-08,0.0436219040758516,0.0257362322911481,0.00311597422827067,0.00467220563453288,7.17228991449973e-06,4.91723039367363e-08,0.922846451830491
"TCGA.DB.A4XD.01A",8.46958735651706e-07,0.0360081313619242,0.0251201808380416,0.00575609525808787,0.0243311451790529,7.30915929587963e-06,4.74232373301936e-09,0.908776286502538
"TCGA.DH.A669.01A",0.000892825167347207,5.38841946623482e-08,0.0305178648252758,0.00278237712406242,0.0481442268192063,2.79356882347611e-05,3.59731596665003e-09,0.917634712894363
"TCGA.WY.A858.01A",1.31099606925777e-06,1.26273006004767e-08,0.0552472501555988,0.00287597162911855,0.0531848798481213,8.80554077460339e-06,1.74196258689285e-06,0.88868002724043
"TCGA.DU.7294.01A",3.38708842926884e-08,0.0374398052143533,0.0248325516204727,0.00413239996406941,0.0129038798192726,2.49376993660939e-07,2.00542166595173e-09,0.920691078128532
"TCGA.TM.A7C3.01A",3.54254032257163e-06,0.0410118985105456,0.0473732251180501,0.0110580299831072,0.0121873568542337,2.93300009706775e-08,8.74324004843081e-05,0.888278485263256
"TCGA.WY.A85E.01A",4.38087761576173e-09,0.0276355885144528,0.0187852798896337,0.00238699821027335,0.00919175795359812,3.97290493995183e-06,8.5504021575684e-08,0.941996312642203
"TCGA.FG.A6J1.01A",0.000384162284016777,0.0152223329237983,0.057663958701364,0.0048364459162668,0.0288369843677581,5.84382640815167e-06,8.4371241889215e-09,0.893050263543264
"TCGA.QH.A65Z.01A",5.47058143118724e-09,0.0459201990043359,0.0254967378989988,0.00400587942771435,0.0067407708299032,1.31963267730951e-05,2.72437322679772e-08,0.917823183797961
"TCGA.VM.A8CD.01A",8.56510711771424e-09,0.140580061950886,0.0573178462816817,0.00497505931068618,0.0683044498090796,1.38339181653446e-06,2.07826938261557e-08,0.728821169908049
"TCGA.HT.8019.01A",1.35189557145107e-09,0.0532669823540095,0.0221316416499481,0.00198940928720094,0.00568095548108386,1.87747261955234e-05,4.09652195486402e-09,0.916912231053145
"TCGA.QH.A6CV.01A",0.00100247561959802,1.83662504141061e-06,0.0593429697572596,0.00401603210878266,0.0765393380690004,5.20743379498336e-05,2.92978195039253e-09,0.859045270552586
"TCGA.FG.A6IZ.01A",9.01368538504712e-08,0.0149089075082267,0.0338145493526126,0.00266902177568849,0.0286689766311885,0.000141340527416585,3.72611777534556e-09,0.919797110341895
"TCGA.P5.A5F1.01A",9.43010248885404e-06,0.021937469914563,0.0314985890365933,0.00522874879531203,0.0398051319591228,1.54722801523801e-06,1.14185861604353e-08,0.901519071545319
"TCGA.P5.A72U.01A",0.00451153357547807,0.0335962067410717,0.108929925420797,0.0174451647319607,0.0321202267243754,0.000334030118489617,0.000621963571588914,0.802440949116239
"TCGA.CS.4943.01A",0.000233941335469906,1.62588144702535e-08,0.0206730816158889,0.00280655787892297,0.0442985581622019,1.18179357493692e-06,1.72793687301153e-09,0.93198666122719
"TCGA.P5.A5EW.01A",4.92970520135252e-05,0.0602143591790705,0.0238135755918054,0.00718488127246277,0.0305299517561055,1.5049144281341e-05,4.59422774143085e-09,0.878192881410033
"TCGA.E1.5322.01A",0.000837717469991123,2.89312776851026e-07,0.0232533995981332,0.0039377723496563,0.108412572616445,1.82018090774188e-06,1.31090453992547e-08,0.863556415363045
"TCGA.HT.A4DS.01A",6.64712022332221e-07,6.71146212229313e-08,0.0297049052720875,0.00147602282755838,0.124799089464223,3.60898733754244e-05,4.10487186773484e-08,0.843983119687394
"TCGA.FG.7634.01A",1.03203728296634e-07,0.102962967171617,0.108535906959194,0.00900847007098168,0.0481568383315244,8.12425980349543e-06,1.1178382512994e-08,0.731327578824769
"TCGA.DU.7306.01A",1.80962858022031e-07,3.87880360140713e-08,0.0278093052303686,0.00341837136964698,0.0362304698255991,0.000120679677680447,9.04200098461867e-10,0.932420953241611
"TCGA.FG.7636.01A",1.09402459779249e-07,0.0146757425464902,0.0206477698609911,0.0051495731887463,0.024632669684829,5.26139392586956e-06,5.04582701060118e-06,0.934883828095547
"TCGA.S9.A7J3.01A",4.40040212783491e-09,0.0563926121264032,0.0431992142032699,0.00266020160333832,0.0172384442273409,9.71536623715111e-07,6.91131124942087e-10,0.880508551211491
"TCGA.DU.A6S7.01A",9.15646146042397e-05,0.0403814107246042,0.0411329145512634,0.00284823906571507,0.0524120385205427,3.26028714758418e-05,5.17986153002823e-10,0.863101229133808
"TCGA.DU.6396.01A",7.54131391947745e-08,4.5834862683286e-08,0.0534100055151499,0.0017806889815097,0.36905929907149,9.49548905073367e-05,7.97881048530946e-08,0.575654850505237
"TCGA.S9.A7QW.01A",5.15983782056133e-07,0.0290944575697607,0.0181099388947859,0.00741272117050072,0.00865020235231093,6.98522841049944e-07,1.76430196466721e-07,0.936731289075822
"TCGA.FG.7643.01A",1.51081832764679e-08,0.0669228744729498,0.0347137362961764,0.00386557409936511,0.0124085911076211,5.1735290057528e-06,1.86323252537988e-07,0.882083849063446
"TCGA.S9.A7R4.01A",2.51649691491049e-07,0.0177493862867606,0.0575813682891161,0.0052943693349221,0.0251380692311964,6.20494849059536e-06,1.37978342162391e-08,0.894230336461988
"TCGA.DU.A6S8.01A",5.03488370877532e-09,0.0411107595202938,0.0276744319059861,0.00228147852810046,0.00968730560779972,9.73902192418e-07,1.54264770529372e-09,0.919245043958096
"TCGA.HT.7601.01A",1.70342666885512e-08,3.29274903148478e-07,0.0143451724429243,0.00366147232812368,0.27857905253728,4.99168615917256e-05,2.98959099885031e-09,0.703364036531319
"TCGA.HT.7854.01A",1.93982439407707e-06,0.0762670406276097,0.044610600588982,0.00410344797608884,0.0382720121603725,2.04145639689507e-11,2.87632561720258e-08,0.836744930038882
"TCGA.QH.A6X3.01A",1.42050908629728e-07,0.00336103607187459,0.016069322649038,0.00192240162182265,0.0257066965167322,2.98190026179317e-05,4.3304185716874e-09,0.952910577756587
"TCGA.P5.A5F0.01A",3.39095147512073e-10,0.0566872275131134,0.0220594485298101,0.00216419475752488,0.00426462419005824,1.46499253311976e-05,1.1967515476167e-06,0.914808657993519
"TCGA.CS.5395.01A",4.86355293957793e-08,0.0641741234320244,0.0335285153194075,0.00533798232698817,0.0159256895132059,1.37227584711587e-05,3.60841831681446e-08,0.881019881930191
"TCGA.DU.6402.01A",3.02625314331828e-08,0.438851664992715,0.124615481315953,0.00998835869218618,0.106870201511804,8.47021588909969e-07,1.30869137116373e-08,0.319673403116308
"TCGA.VM.A8CE.01A",3.56514541393362e-07,0.0465954431894385,0.0362433773108255,0.00863454397467651,0.0157629439693027,9.45876065058385e-07,2.11758643127005e-08,0.892762367989286
"TCGA.HT.7467.01A",6.39930046571376e-09,0.0298228170088273,0.0289027588839109,0.00273546461804216,0.0107001748936336,5.73444455930695e-06,4.03673711457591e-09,0.927833039714989
"TCGA.DB.A4XC.01A",8.85803345954968e-08,0.032337816558873,0.03317986839847,0.00837629886405264,0.0374364729221686,1.29037519216029e-06,3.41828793850637e-09,0.888668160882621
"TCGA.RY.A83X.01A",2.43254680803014e-09,0.0452077029614053,0.0293756406158963,0.00376609492290169,0.0138293320391382,1.368121749539e-06,1.09263792679586e-08,0.907819847979983
"TCGA.HT.A5R9.01A",0.000845356544003478,0.016073628174381,0.0314594585964076,0.0107468103186198,0.00527203291153656,1.35150604005491e-05,0.00123206683614547,0.934357131558506
"TCGA.S9.A6WD.01A",3.72764220042799e-08,0.0372933704452759,0.0222088294666884,0.00239880810477432,0.0122528207916193,9.2987737080364e-07,5.31560529112848e-09,0.925845198722244
"TCGA.F6.A8O4.01A",1.84496775820224e-05,0.0357606935947595,0.0204310173142723,0.00322386966233187,0.0118551947900904,8.49070724408e-06,1.39144516680023e-07,0.928702145109203
"TCGA.TQ.A7RV.01A",3.34131637787809e-07,0.036380633680883,0.0304895984929299,0.00310370268436014,0.0184450698466127,2.81028048330243e-06,3.02399723678205e-10,0.911577850580694
"TCGA.FG.7637.01A",0.000494491747664748,0.0339614161531675,0.037753157559519,0.00909107703173256,0.0147852283004782,1.98577912508651e-06,1.65224940554338e-09,0.903912641776064
"TCGA.FG.6689.01A",2.96782894240952e-07,0.041131320195627,0.0278880218371566,0.00363613861682747,0.0373790540317463,3.39492414636947e-06,2.50520277998741e-10,0.889961773361082
"TCGA.E1.A7YO.01A",6.70053931801744e-08,0.0379773533586589,0.0357186499091727,0.00496686288775434,0.00945008196284004,1.25170307797469e-07,5.04423787409868e-09,0.911886854661635
"TCGA.FG.7638.01B",8.69275184082158e-06,0.045216869846067,0.0236722424266008,0.00430678235643589,0.00979909505880252,4.01944524012292e-06,1.10022333978023e-09,0.91699229701479
"TCGA.S9.A7QZ.01A",1.43164056170042e-08,0.0285059112354462,0.0386954364659994,0.00306695261340314,0.00684947650398055,5.07128112113004e-05,3.6957825690828e-08,0.922831459095728
"TCGA.P5.A5F2.01A",8.77758454677106e-09,0.0344984961522042,0.0178879941422564,0.00146598671087632,0.011801423232708,1.15487928147077e-05,1.76146309568369e-09,0.934334540430093
"TCGA.R8.A6YH.01A",0.000344715977131508,0.00730526419941825,0.0210445363970055,0.00263176695728898,0.0293366674936812,1.22711605395804e-07,7.3120629344401e-10,0.939336925532663
"TCGA.E1.A7YS.01A",1.41664890061093e-08,0.0378218894324799,0.0253587841866927,0.00168725477901577,0.00760608068384885,1.13013758266254e-06,6.5817642453389e-09,0.927524840032127
"TCGA.HT.7880.01A",1.3230763841932e-05,0.0412582117145706,0.0294975845547369,0.00305555882722099,0.0111738223579686,1.97267422509261e-05,2.92112379494709e-09,0.914981862118286
"TCGA.DU.5852.01A",4.63038286826929e-08,0.0671724710526438,0.0897882777996813,0.00740478483965873,0.0445998765394337,3.54087098272341e-06,2.76371830953268e-08,0.791030974956588
"TCGA.E1.A7Z4.01A",0.000113912081382026,0.00283213693873085,0.0244279914522214,0.0038033904468344,0.0412068252566342,5.31876566205794e-07,3.04360430230593e-09,0.927615208904026
"TCGA.DU.7298.01A",6.99801761205311e-07,0.0565665003826033,0.0298745628853912,0.00257496251673169,0.0349007918245787,1.20414430754503e-05,2.105037835111e-09,0.87607043904082
"TCGA.HT.7478.01A",3.42115950825855e-07,0.0095010853611977,0.035422888219326,0.00667014427536524,0.103341629725491,8.27530779765078e-07,7.00617719383445e-08,0.845063012710117
"TCGA.DU.A5TU.01A",4.62347566039911e-05,2.03185522280317e-09,0.0189190536140173,0.00285940844522004,0.124991649213788,1.86930336549909e-09,1.65107299068431e-06,0.853181998996222
"TCGA.DU.6399.01A",0.000732604119823204,0.00815446387319201,0.042143513928106,0.009377396572278,0.0473468115313491,1.40773961810761e-07,1.7416739848259e-08,0.89224505178455
"TCGA.RY.A83Y.01A",2.19482107439828e-08,0.0296164140292949,0.03905398362204,0.00288107655189382,0.0334339522809804,5.89237182680232e-08,1.08190443686034e-08,0.895014481824817
"TCGA.DU.7300.01A",2.51553316912623e-09,0.0352064708243925,0.0342771498638015,0.00623679665223085,0.0207736935322427,2.12727473961486e-05,2.62049128345004e-10,0.903484613602354
"TCGA.S9.A7IX.01A",2.16861336581971e-09,0.0554593817653889,0.0466638113862024,0.00521490510946712,0.0367209179377004,1.02311249225929e-05,1.437439050611e-08,0.855930736133315
"TCGA.HT.8558.01A",1.53493039128724e-05,0.0774233238005476,0.0277956644252822,0.00247739496462933,0.00688109115642051,4.53444014388446e-07,2.14270422252551e-09,0.885406720762489
"TCGA.S9.A7IY.01A",7.26491347883855e-08,0.0690497776774631,0.0348528431115892,0.00553458704601769,0.0231891223848203,9.89290944134175e-07,4.69506319178617e-09,0.867372603144968
"TCGA.DB.A64W.01A",3.15677413559315e-09,0.0427076863637481,0.0333137446798398,0.00207220069040629,0.00472061842732781,1.16422663438627e-05,5.31180452919462e-08,0.917174051297515
"TCGA.S9.A7IZ.01A",1.21167516605771e-08,0.0497350827740432,0.032632198728779,0.00245880277223805,0.0240372048797285,2.2629598920317e-06,1.32577612142836e-10,0.89113443563599
"TCGA.DU.6410.01A",2.43011515668592e-08,0.041554037184737,0.0341754608788919,0.00233412883971947,0.00398113339499687,7.33479577057218e-06,1.99225408271546e-09,0.917947878612479
"TCGA.R8.A6MO.01A",7.0061538207291e-05,0.0197797550744246,0.0450965975242667,0.00189494074442535,0.0269220441942483,8.43678092098961e-06,5.85056641945836e-09,0.90622815829294
"TCGA.P5.A780.01A",0.000173918287005435,0.00766453788865755,0.0272349417167255,0.002685935369397,0.0327121986807111,5.09937653629203e-05,1.03866918474695e-09,0.929477473253471
"TCGA.QH.A6XC.01A",4.95992417840232e-08,0.0340582141461674,0.0323960785634022,0.00271125343513377,0.0303282116016253,2.25872951631409e-05,1.23635017129957e-09,0.900483604122916
"TCGA.E1.A7YD.01A",2.9234493310084e-07,0.0498688001642749,0.0422809351527629,0.00243409345317545,0.0237837077052401,4.9353708432466e-06,8.84715315162119e-10,0.881627234924055
"TCGA.E1.A7YI.01A",6.60931915756216e-08,0.0235265002994601,0.0625063161846743,0.0045881089728977,0.0296921304904783,1.20644881272924e-07,3.38850794718456e-09,0.879686753925909
"TCGA.DU.8158.01A",1.68006606888875e-07,0.0521458686363256,0.0466214526135434,0.00546149649584615,0.0754407872317194,1.29546270965671e-06,1.45268924575548e-08,0.820328917026356
"TCGA.S9.A6WN.01A",4.59935634422335e-08,0.176576135071199,0.0866045582536645,0.00494817194453529,0.0565908604178978,8.01380856312817e-07,8.5231315841487e-09,0.675279418415152
"TCGA.HT.7855.01A",8.36673702454833e-08,0.0330001123135978,0.0364248443494065,0.00237688197906661,0.0243051850693037,3.12334185392971e-05,3.414437855276e-09,0.903861655788278
"TCGA.HT.8111.01A",6.62158478074254e-08,0.0406480727401107,0.0257985614754207,0.00376428267585548,0.0469027927119259,1.58747208579947e-05,7.11362952421671e-09,0.882870342346352
"TCGA.WY.A85C.01A",0.00103309356226453,0.000783071849272536,0.0377507219154667,0.00267631783774141,0.0237549667240471,5.13562523728431e-09,2.63080801647249e-08,0.934001796667502
"TCGA.CS.6290.01A",0.000557036523771516,1.35179365360819e-08,0.021287561898184,0.00546298522770461,0.100580653291089,1.93516613986822e-05,2.68106393574553e-09,0.872092395198852
"TCGA.HT.8114.01A",1.61093873407269e-07,6.34172498082305e-07,0.0390831396284593,0.00939403567273838,0.0959330936911128,1.21249103015622e-05,1.53222792724419e-08,0.855576795508737
"TCGA.S9.A6TU.01A",0.000620406150836743,1.23573729114477e-07,0.0332542999749767,0.00254527069142623,0.0431777870220098,9.06005262391805e-05,5.95826932106089e-09,0.920311506102513
"TCGA.HT.7616.01A",0.00232951652633246,4.51162256060443e-10,0.0482824091823036,0.0137230275566982,0.121292752685737,1.4602118232711e-05,4.15212788039484e-09,0.814357687327406
"TCGA.HT.8010.01A",1.0302487332358e-07,0.0394436733140794,0.0315120624619788,0.00516019730742395,0.0114371835768797,7.558944731086e-06,1.07599381816427e-07,0.912439113770652
"TCGA.DH.A7UU.01A",0.000185647848394554,0.0177450651906291,0.0325188887351032,0.00227077846783014,0.0211107832766266,8.87904864031736e-06,5.88742228432722e-10,0.926159956844034
"TCGA.E1.A7Z3.01A",4.31193199301122e-09,0.0608126719325554,0.0428849101466004,0.00515201765303399,0.0227756047916294,3.97872344381286e-09,6.73194535078005e-08,0.868374719866072
"TCGA.E1.A7YM.01A",1.11988133609393e-08,0.0392733995175892,0.0229035474860356,0.0023064529959761,0.0104435005523096,1.94616847537565e-06,8.53310520257105e-09,0.925071133547696
"TCGA.S9.A6WG.01A",0.0111654343728339,0.0116704744146861,0.157805326063733,0.0595467556652131,0.0295190051195962,5.6158276860585e-07,0.000811400587081874,0.729481042194088
"TCGA.HW.8319.01A",6.00773209007366e-08,0.0522416137542996,0.022780951869517,0.00545470861416974,0.0178810409418471,7.69459882485075e-06,1.33868929819728e-08,0.901633916757128
"TCGA.TM.A84R.01A",1.23199163094047e-07,0.0702392152299226,0.0280331380420943,0.00554882641964751,0.00634666762909297,1.38243868946759e-05,4.57894316533204e-10,0.88981820463529
"TCGA.DH.A66D.01A",0.000589680412899577,0.0549511954075777,0.0386188560551857,0.00540201832280215,0.047767834689174,4.8045122153766e-05,4.33015548495895e-09,0.852622365660052
"TCGA.S9.A6WP.01A",2.83385712006565e-05,0.0204647129525603,0.04414838940285,0.00282126774381386,0.0378033080283245,1.24383253728819e-05,2.93153394447432e-09,0.894721542044344
"TCGA.DU.A7TB.01A",8.14321904273602e-06,0.0125561516727404,0.0248103899318363,0.00202155928799186,0.0106455472940306,2.2201625083226e-06,1.31377284102297e-08,0.949955975294121
"TCGA.DB.A64V.01A",3.40244279273726e-05,0.0179101842938842,0.0280687635377103,0.00459031683120591,0.0493036998054621,9.5359918999705e-06,2.64648249702205e-09,0.900083472465428
"TCGA.HT.8113.01A",5.25084574755841e-09,0.0612617902170755,0.0251614369478092,0.00271021839703802,0.00696247283870252,2.47795223204509e-06,4.97914352623698e-06,0.903896619252771
"TCGA.HT.7604.01A",2.86146345772196e-08,0.0333530398937589,0.0254658324403288,0.00366060340318928,0.0276091603842728,2.68262935500949e-05,2.91287281577865e-09,0.909884506057393
"TCGA.FG.A711.01A",1.66041719686691e-07,0.052033942404632,0.0269076164783665,0.00358533547468336,0.0166207669203049,4.90634374402657e-07,7.59241609310214e-09,0.900851674453503
"TCGA.FG.A60L.01A",5.53026150598573e-05,2.13838253508125e-08,0.0372542821422195,0.00244289468129633,0.0979166082140428,2.14560701320714e-10,4.01596039616447e-05,0.862290731145034
"TCGA.E1.5307.01A",8.51519899945798e-10,0.0650170504158367,0.0280718938442207,0.00160719674502503,0.0289163112886725,1.41029879428545e-05,2.76326542172633e-07,0.87637316754024
"TCGA.DB.5279.01A",4.1593057376247e-07,0.0582463860904057,0.0335198298006347,0.00607093898237837,0.00689147447595188,2.36488721848119e-05,0.00207846881104333,0.893168837036827
"TCGA.DU.7018.01A",2.14169410282594e-08,0.0340149123290474,0.0440683282304628,0.00412493144991357,0.0066951426858325,3.17140103415456e-07,5.94973104585389e-11,0.911096346688202
"TCGA.S9.A6TZ.01A",2.67196106950612e-07,0.053454683475251,0.0411560327031795,0.00416742190833693,0.0276764070074246,3.45820474334348e-06,1.83641352910109e-09,0.873541727668544
"TCGA.HT.A61C.01A",1.73859369401295e-08,0.0235891165700059,0.0854725595439328,0.0159923959893666,0.0641846747574798,1.09806057582888e-06,5.09354642522673e-09,0.810760132599156
"TCGA.HT.A5R7.01A",9.29900727941825e-08,0.0451900205960059,0.024284093825622,0.00321921336045868,0.0202348927145456,6.58605057494847e-09,1.62936857756976e-09,0.907071678297876
"TCGA.HW.7495.01A",1.67737153661763e-05,0.0571875729395538,0.0302550605291696,0.00893100005895621,0.0103598782008981,3.31867646144538e-06,2.92766166617974e-09,0.893246392951933
"TCGA.HT.7677.01A",4.78349384414285e-09,0.0455985427733569,0.0282669540179414,0.00516231214827916,0.00987476970125481,3.92534382459438e-06,7.48940858836801e-08,0.911093416337764
"TCGA.F6.A8O3.01A",7.18337798086332e-09,0.0583398738364522,0.0244113969658961,0.00348871377535706,0.00714320139260167,7.37913762322656e-06,1.99371672808697e-09,0.906609425714975
"TCGA.P5.A730.01A",5.28118152713198e-06,0.0309732065925367,0.0298627503437756,0.0044584850908393,0.0120812730196224,1.81076617341386e-06,7.56215373536575e-10,0.92261719224931
"TCGA.DU.A5TY.01A",5.0753664349041e-08,1.0908977295101e-07,0.038002887462865,0.00571992433429757,0.157519643096422,1.89721529559319e-05,1.5130179927263e-08,0.798738397979842
"TCGA.HT.8015.01B",1.57901643419584e-08,0.0760680943639449,0.0276156818218006,0.00308279634573232,0.0248892108248628,1.25904188405509e-06,6.83823724297553e-09,0.868342934973374
"TCGA.DU.6393.01A",1.43008027083478e-09,0.0392805704713718,0.0475111246910439,0.00230647976407856,0.0111417991941836,7.0091724145649e-06,4.9617879554542e-08,0.899752965658948
"TCGA.TQ.A7RS.01A",8.33118435880155e-09,0.0271250138992313,0.032948128177833,0.00399353562865645,0.0112217907570962,5.72582259143492e-06,2.90569433673494e-08,0.924705768326464
"TCGA.E1.A7YU.01A",3.59251998891333e-07,0.0227750663502241,0.0295304195145562,0.00489108273069846,0.0222241252055402,8.04467685991703e-06,1.77945458982242e-08,0.920570884475576
"TCGA.CS.5394.01A",3.22670633064191e-07,0.0535357350389417,0.0360218483127852,0.00268538762362093,0.00878205460499159,2.3044506538518e-06,6.00631929408656e-08,0.898972287235181
"TCGA.HT.8018.01A",1.59759585408414e-06,6.41870546258513e-07,0.0871191711068917,0.0196272366106145,0.0845717784222586,3.82257649682072e-05,7.10826888091247e-09,0.808641341520598
"TCGA.HT.7482.01A",2.02762956840978e-06,0.0434960286257415,0.0276263418415274,0.00502882773191655,0.0655341742934582,1.85149366313521e-08,4.87082248123366e-07,0.858312094280603
"TCGA.E1.A7YY.01A",2.00864566833281e-09,0.0723002379370828,0.033444922969877,0.00250419031711518,0.0173593953676621,2.51361429503709e-05,1.39821901940559e-09,0.874366113858448
"TCGA.DU.A5TR.01A",0.000889239243936202,4.29117619628354e-08,0.0144432305421888,0.000244474198637277,0.115917717636942,7.9686336094173e-10,1.68896473922157e-08,0.868505277780023
"TCGA.VM.A8CB.01A",8.43396135581462e-09,0.0948707050318822,0.0397090748162418,0.00279500121392565,0.0150491979988153,9.18855044416288e-06,1.99564971639426e-08,0.847566803998232
"TCGA.E1.5311.01A",1.58002052035175e-08,0.0443445758575669,0.0406528127631252,0.00311178617270267,0.0146336646417443,1.20872490466279e-05,2.24930861786814e-09,0.8972450552663
"TCGA.E1.A7Z2.01A",2.27428778541068e-09,0.0438151132494356,0.0285078862959705,0.00202802456756391,0.0115334685673171,1.37834333782437e-05,3.50421542268212e-09,0.914101718107831
"TCGA.DB.A75P.01A",2.24846855783358e-08,0.0865509045913212,0.0264242862184774,0.00353323841018503,0.0142843672475783,4.18506358968967e-06,3.93835503485895e-10,0.869202995590327
"TCGA.TM.A84T.01A",5.44567005264728e-07,0.0272475792566351,0.0265359419819706,0.00422770245738779,0.0271159092628087,4.26520477758166e-06,7.78699374340507e-09,0.914868049482421
"TCGA.FG.A4MT.01A",7.69788505715145e-08,0.0311965513815619,0.0363699522308084,0.00353646159525337,0.0256562230849068,9.8637185208568e-06,2.40863229201273e-09,0.903230868601466
"TCGA.DU.A5TW.01A",0.00100568732226925,0.00240252695188143,0.0253812220833322,0.00297130677367113,0.0333697594460504,2.62710083492627e-06,1.30834171833239e-09,0.934866869013619
"TCGA.DU.A6S2.01A",2.06724674390661e-09,0.0426346954992758,0.0270278850555043,0.00327179131080583,0.0070846865840058,1.73446429118783e-10,1.59673748396481e-05,0.919964971934875
"TCGA.DU.6395.01A",4.57707319508861e-06,0.0408854791872509,0.0255687783526882,0.00391308265502943,0.027060150816647,6.16281317498822e-07,7.31797514673167e-09,0.902567308315897
"TCGA.FG.8189.01B",4.6972070617109e-08,0.0943335971409162,0.025225598395138,0.00307198092708822,0.00793495944769294,1.13844049936813e-05,1.19188110448571e-09,0.869422431520219
"TCGA.CS.4941.01A",0.00565372947271936,0.0162425775393208,0.0519095678330226,0.00736332012219627,0.0685582076053366,1.07841198626449e-05,7.40310761147084e-09,0.850261805904434
"TCGA.HT.7684.01A",1.36453637051266e-07,0.0424599904931267,0.0486365556474592,0.004403564302628,0.0360644820058594,1.05105231230345e-07,3.22243627001181e-09,0.868435162769622
"TCGA.RY.A83Z.01A",7.20800009124136e-05,1.62135334724454e-08,0.0211482379361696,0.00246629905249489,0.0430041052635074,4.13751162607341e-09,3.19633832380974e-10,0.933309257076237
"TCGA.S9.A6U9.01A",0.000208439464005422,0.0126074160384061,0.064002942632548,0.00611329139368191,0.0492964654617043,7.04029472017072e-06,2.02046878100834e-09,0.867764402694465
"TCGA.DB.A4XH.01A",8.43417008434128e-09,0.0190508774832909,0.0223089371374002,0.00162209237850762,0.00411073940673192,1.16754306215336e-07,2.70914828418433e-09,0.952907225696445
"TCGA.HT.7881.01A",9.50399784585854e-08,0.061798648601179,0.0206680087436122,0.00436664187871104,0.0070075899999177,2.54730107202737e-06,1.2627815729363e-08,0.906156455807714
"TCGA.HW.7491.01A",1.81605386716277e-06,0.0428802213967259,0.0388375305255825,0.00296173587615268,0.0109954257558378,2.71786535773452e-08,8.55691184249763e-11,0.904323243127611
"TCGA.DB.A64Q.01A",4.42886614038088e-08,0.0460392535274547,0.019532282798289,0.00532798031880177,0.0162925409778919,4.34446322812398e-08,6.33053747161377e-09,0.912807848313732
"TCGA.DU.6542.01A",0.000230883858674805,0.0344391318076219,0.0320257509253158,0.00368197393365686,0.0710146792668346,4.5022694675051e-05,1.00482866987334e-09,0.858562556508392
"TCGA.S9.A6WL.01A",3.46474835798014e-09,0.0477866593183451,0.0590649612786742,0.00720626733224631,0.0112680596640826,6.92039529342755e-06,1.10146816114778e-07,0.874667018399794
"TCGA.S9.A6TV.01A",2.64653862911188e-06,1.05138963256752e-07,0.0485843728764202,0.0049132186981029,0.180042796626996,7.92042690967449e-05,4.62091343914444e-07,0.766377193760448
"TCGA.S9.A6WQ.01A",4.22162097359515e-07,2.81853616676534e-08,0.0221530644685052,0.00373929404416083,0.0528419132846875,1.46307681005863e-05,1.93005936133933e-08,0.921250627786493
"TCGA.HT.7472.01A",1.76042627250409e-09,0.0396295225075687,0.0216791283697988,0.00276900505910071,0.0453564928109318,4.50836846789912e-06,7.70509748378829e-09,0.890561333418608
"TCGA.E1.A7YE.01A",7.27741148407149e-10,1.84917055348643e-06,0.0404604907766257,0.00280396232081375,0.167371920008882,4.64161281066582e-06,6.21426684149045e-09,0.789357129168306
"TCGA.CS.5393.01A",5.20489222252157e-08,0.0629636112617729,0.0395579716914339,0.00270199288648701,0.0361218856977408,6.76384305369123e-07,2.42949669294805e-09,0.858653807599841
"TCGA.HT.7858.01A",0.00336409915108938,0.00745139147643201,0.0263867823977948,0.0035188668806641,0.0579844337320493,6.56595509666366e-10,4.90871861478772e-08,0.901294376618189
"TCGA.DU.A76L.01A",2.99994987781237e-08,0.203716846874147,0.269741721735849,0.0478473169058371,0.066319152609016,5.46429669923361e-08,4.24936443313131e-08,0.412374834739041
"TCGA.FG.8188.01A",4.78208345114754e-09,0.0251881121974853,0.0430068893981442,0.00412552879535809,0.0337864418780809,2.5997454439189e-06,3.35048903578216e-07,0.893890088154501
"TCGA.HT.7480.01A",1.8600683423781e-08,0.0506999635885262,0.0262810665231416,0.0059060175202478,0.0101088812690383,1.31619540997697e-05,4.41039379716401e-08,0.906990846440325
"TCGA.FG.5965.01B",3.10013982314875e-05,0.0492847722368317,0.0415621801659377,0.0059528597605658,0.0282526953016746,9.95907919548047e-06,5.38954893864575e-08,0.874906478162074
"TCGA.W9.A837.01A",1.0245376204928e-06,0.0493405317975716,0.0211957089610787,0.00384490314296099,0.00856507270202951,3.86456101533816e-10,2.59091162671113e-08,0.917052732563166
"TCGA.HT.7485.01A",1.45994795260917e-06,0.0641625953239892,0.0297610384529519,0.020110802462486,0.0289276198108672,3.4597588424169e-08,1.02189969323581e-07,0.857036347214195
"TCGA.HT.8011.01A",5.14872162455894e-08,0.0122379103496089,0.0888173596030927,0.00351827436936484,0.0408445195551859,1.26861900083175e-06,1.01859835661692e-08,0.854580605830547
"TCGA.DU.A7TC.01A",3.55205724927619e-05,0.0273063773258918,0.0200662943272634,0.0020587138535858,0.0194172854452185,1.4725350112213e-07,1.91743026976546e-09,0.931115659304616
"TCGA.DU.A76R.01A",1.70960042454003e-08,0.0585389935899804,0.0260440826112329,0.00542151014163477,0.0115130928916339,1.54538901389371e-09,1.43305542899844e-06,0.898480869068696
"TCGA.DH.5140.01A",1.94932517438736e-09,0.0470302723820546,0.03639590334757,0.0089096991130667,0.0272896646580019,3.41071000722367e-07,6.21273509035838e-11,0.880374117416854
"TCGA.TM.A84F.01A",0.00254533703243675,2.82856365301488e-08,0.0283533852860699,0.00289422828315693,0.102819204853271,3.81714803799457e-05,1.06861113145917e-07,0.863349537917935
"TCGA.HT.8563.01A",3.24861591784781e-08,5.87268588682285e-08,3.29519837254888e-07,1.67234151410704e-07,0.999999357307695,4.99521529169967e-08,4.42383863895074e-09,3.49306386446399e-10
"TCGA.HT.7691.01A",1.30728819982423e-07,0.0377078029788436,0.0517005931536505,0.0034330802612836,0.0477079584617878,1.917824027236e-05,1.31078027686026e-11,0.859431256162234
"TCGA.P5.A72X.01A",5.27213686380793e-08,0.0481883716096194,0.0547396150542751,0.00575540823845436,0.0106871379305931,1.11786513184082e-06,2.10626648772143e-07,0.880628085953909
"TCGA.HT.8108.01A",0.000330862029521071,1.76268416114212e-09,0.0212909481973764,0.00385596345493023,0.0485121371032346,2.95569349951572e-06,2.35446975913677e-09,0.926007129404284
"TCGA.S9.A7J1.01A",1.78249674046492e-07,0.0545294268923824,0.0266797647535174,0.0158228656902747,0.0190236214378949,8.23685321131488e-06,5.91317304684976e-10,0.883935905531728
"TCGA.HT.A5R5.01A",2.78338255810259e-06,0.0345302423069545,0.0439158186262947,0.00825627307332841,0.0614601728460363,4.7348241346024e-05,2.20989848310547e-07,0.851787140533634
"TCGA.P5.A781.01A",7.95564676496544e-06,0.0325979909647901,0.0215469647938568,0.00476866785248484,0.0149060731724708,2.47865853188883e-06,1.57023874093664e-09,0.926169867340862
"TCGA.FN.7833.01A",2.23347169732196e-07,3.23735769544599e-07,0.000936192850527458,0.00389299265257475,0.338354542340351,3.16213717908523e-05,7.31302029757352e-09,0.656784096388796
"TCGA.E1.A7YV.01A",0.000850455541556763,0.0179905951457796,0.0496079399368681,0.00773345871609146,0.00882093966403918,1.14953903259388e-05,2.52249638957061e-08,0.914985090380375
"TCGA.TQ.A7RM.01A",3.26012311252892e-07,0.0074543916224472,0.0548277778795945,0.00256364077496163,0.00974517639886277,1.11518963562903e-08,6.68890553524088e-09,0.925408669471021
"TCGA.DU.5849.01A",1.46469322661149e-05,0.0432522853604204,0.0287828508767731,0.00306917384035681,0.0158096026212153,1.33567332352451e-06,4.53003235161283e-09,0.909070100165612
"TCGA.TQ.A8XE.01A",9.64295784178242e-07,0.0256297398747546,0.0253992575623692,0.00225698429496842,0.0242515559233053,1.91803839131506e-05,1.67291295291548e-09,0.922442315991992
"TCGA.S9.A6WO.01A",6.84096939762319e-09,0.0419957678847056,0.0274335952251805,0.00374485660636533,0.0391380919356209,1.61490515967984e-05,2.26286406158292e-08,0.887671509826921
"TCGA.DU.A7TD.01A",0.000745344658334535,1.51162118397835e-06,0.0799953215160275,0.00398904709551582,0.0694461648940647,6.49083422180874e-05,3.83236468996312e-09,0.845757698040291
"TCGA.TM.A84G.01A",4.48372778449241e-08,0.0418841882296587,0.0256033495653213,0.00366687795192009,0.00875572404136021,8.7404884066533e-06,1.03187213529212e-08,0.920081064567334
"TCGA.DB.5273.01A",0.000187913501793591,0.0227769693104628,0.0417207554129569,0.00948692114914128,0.0639294536913858,5.01076524998803e-05,5.06383438159558e-08,0.861847828643416
"TCGA.DB.A4XB.01A",1.73393071870083e-08,0.0501693079803063,0.0176522366078611,0.00270257658139438,0.0214035924932594,1.6174529033954e-05,7.95906260735978e-11,0.908056094389247
"TCGA.HT.7620.01A",1.45132287869732e-07,0.0450247770793244,0.0205536480654518,0.00268089790192458,0.0146574866945973,1.46759431980077e-05,9.39120514095648e-09,0.917068359792011
"TCGA.TM.A84B.01A",5.37918629550161e-09,0.0610576090619953,0.0421135031289171,0.00545006715624561,0.00833041533662278,1.22104499457156e-07,0.0010307932182751,0.882017484614258
"TCGA.TM.A7CF.01A",1.50004623283474e-08,0.0340098835166565,0.018305998870957,0.00239013924867216,0.00993225904908502,1.55630111170657e-05,4.39538805533045e-09,0.935346136907662
"TCGA.FG.5964.01A",0.000584907751536103,2.98769659643014e-07,0.0449534709374261,0.00211831734394494,0.050312818860189,6.00185983423018e-06,1.42777510051248e-09,0.902024183049635
"TCGA.DU.5874.01A",9.45010425231906e-06,0.0294442488586708,0.0443776263682047,0.00399252477508893,0.00738010521210243,2.82377105398616e-06,9.63280662940491e-10,0.914793219947346
"TCGA.DU.A5TT.01A",0.000103065308196734,0.0184920982950903,0.0267170207580206,0.00231960400999274,0.0261273100975888,2.31383382965796e-05,5.85802139255858e-09,0.926217757334793
"TCGA.HT.7695.01A",6.25209818442423e-09,0.0627677958785328,0.0253035900225185,0.00495161991584712,0.00837974990382068,6.76708763045527e-06,1.2393161332981e-08,0.898590458546391
"TCGA.S9.A7R2.01A",5.51679566273411e-06,0.0589498732880852,0.030250177288411,0.0031007891237092,0.046772424165595,7.10125921537822e-06,5.13888427813338e-08,0.860914066690479
"TCGA.DU.8164.01A",8.38438568590765e-09,0.0436679705232952,0.0202301088922266,0.00229252029666303,0.00781424896705853,1.29400726814716e-06,2.96944509559045e-09,0.925993845959658
"TCGA.TQ.A7RF.01A",1.3917195744256e-06,0.0450392813369342,0.033129718227467,0.00280442966025304,0.0184139357535471,3.06985903901614e-05,1.08574466155738e-07,0.900580436137368
"TCGA.FG.6692.01A",2.76290258094498e-08,0.0260156177419309,0.0482087603608246,0.00625145958111087,0.0256691887603011,0.000221369494043709,8.77962004448669e-08,0.893633488636563
"TCGA.DU.7013.01A",1.85597519308744e-08,0.0694359449613487,0.0534459015627624,0.00401677433983213,0.0408335536435221,1.64682769097545e-06,3.93055635148915e-08,0.832266120799528
"TCGA.P5.A733.01A",9.54599321421642e-10,0.0298015036054731,0.0178662979060687,0.00277303212441137,0.00575555556995954,7.04874511806402e-07,7.05751543543472e-10,0.943802904259225
"TCGA.CS.4938.01B",5.57807871312312e-06,0.0651199911552672,0.0193215456690785,0.00322624408894896,0.0199622142256894,6.21782837540658e-06,7.25878893637434e-09,0.892358201695138
"TCGA.DB.A64O.01A",1.12238524478989e-08,0.0596664596409271,0.0247430473248875,0.00255686257123482,0.0221876541700341,6.51575837107612e-07,2.70831024287176e-09,0.890845310784917
"TCGA.HW.8320.01A",0.000207853456917603,0.0265775062804442,0.0282841111876974,0.00275954906391621,0.0289607210592008,2.87406011764696e-05,4.80706641697089e-10,0.913181517869941
"TCGA.HT.7694.01A",9.16298568934683e-08,0.0602907565436941,0.0323866834463314,0.0023469284243649,0.00827848963093156,1.08723971744075e-05,5.08633596615203e-07,0.89668566929405
"TCGA.P5.A77W.01A",1.08116183250037e-08,0.02611818390956,0.0284633151532723,0.00216585967278722,0.00430425013818103,4.65765525808643e-05,6.41636233553874e-09,0.938901797345638
"TCGA.HT.7473.01A",5.86502782422103e-05,0.0912502682752084,0.0360185239632678,0.00585069662695527,0.0722925563747237,4.68387318049678e-10,1.90176024388808e-08,0.794529284995613
"TCGA.CS.5396.01A",4.31187711263464e-07,0.0830967411344071,0.0802869166567025,0.00501791590622052,0.0255364198271629,2.59089334860271e-06,3.98484936852601e-10,0.806058983995962
"TCGA.CS.6669.01A",4.96677851966116e-09,0.0514468017736221,0.0183453512103983,0.0015806165938674,0.00496840316061602,1.11092962580276e-05,5.68902392662626e-09,0.923647707309436
"TCGA.FG.A70Y.01A",3.27731425061799e-07,0.044018325037688,0.0282381401786287,0.00344451133815105,0.0413843898564283,5.0479691850897e-06,7.78606660907891e-09,0.882909250102427
"TCGA.FG.8185.01A",2.90225873973054e-08,0.0198102674489148,0.0229072611581539,0.00336163063456629,0.0197523558598281,1.32624026961981e-05,7.24158989821878e-09,0.934155186231663
"TCGA.QH.A6CY.01A",7.89975952559627e-09,0.0407815376839652,0.0182974576468568,0.00387997346024157,0.00773444125408542,2.12193083303491e-06,2.46520722158072e-08,0.929304435472186
"TCGA.S9.A6WE.01A",1.59204929381315e-07,0.0363292335951964,0.034062929882921,0.0061394607778615,0.0168878038443055,2.63933594175376e-05,2.49832914171426e-09,0.90655401683704
"TCGA.HT.7875.01A",0.140377889582606,0.434075178085543,0.259529222272132,0.00138294551232014,0.0113062898911083,1.10621227883559e-06,0.152357515409138,0.000969853034873105
"TCGA.DU.A5TS.01A",0.000278903948136931,2.39923880480996e-09,0.0228988560707031,0.0016211256138838,0.0243219706684166,3.4990338883849e-06,6.10411091983734e-09,0.950875636161621
"TCGA.CS.6668.01A",1.32296092910653e-08,0.0588510029873953,0.026838069191476,0.00262429504025259,0.0101526393979583,4.19673820219943e-05,1.2137436453502e-08,0.90149200063385
"TCGA.DB.A4XA.01A",4.83887381585034e-08,0.050445664964021,0.0348844150994769,0.00582315949040879,0.0268547173249294,1.58774944360408e-05,3.44902956092965e-08,0.881976082747694
"TCGA.P5.A5EZ.01A",0.000433773461984302,0.00914594491726402,0.0223380510766032,0.00225624109487705,0.0165867787659549,1.10245523758994e-09,0.00053308770644954,0.948706121874412
"TCGA.DU.5855.01A",0.00046824652339397,0.0197117319146077,0.0436450237256907,0.00279985919288203,0.0679867589631436,7.15683480722728e-08,1.91721554595053e-09,0.865388306194719
"TCGA.HW.A5KJ.01A",7.77533240019875e-09,0.0184035839608523,0.0343310938783916,0.00349474738539634,0.00415259843387344,2.23768623298223e-06,0.00303776926351974,0.936577961616401
"TCGA.R8.A6MK.01A",7.93228862964052e-09,0.0608198697971205,0.0218500401781557,0.00246023184422509,0.00941941569763778,1.51271394000566e-05,2.43622039896495e-08,0.905435283048968
"TCGA.DH.A7UR.01A",8.73301896947136e-09,0.0240266654552539,0.0771200665785009,0.00373411006940208,0.00626883020976371,3.06120182894175e-05,0.000200385475244968,0.888619321460526
"TCGA.HT.7680.01A",4.96482071099928e-09,0.0790185396405037,0.0363793237526621,0.00455290113135948,0.029357376465131,6.17871866507478e-06,4.67721000406232e-09,0.850685670649648
"TCGA.WY.A85D.01A",7.52358950732866e-06,0.0135200916715088,0.023453669535238,0.00514544486866183,0.0366070731075039,5.08234962537141e-06,1.48860693346235e-08,0.921261099991885
"TCGA.FG.A4MU.01B",9.88090624299263e-06,2.17779808949562e-07,0.177462560091694,0.0228729349684734,0.135479292981284,3.87819702772377e-08,1.31083554475904e-08,0.66417506138217
