"","cellFractions.B.Cells","cellFractions.DC","cellFractions.Endothelial.Cells","cellFractions.Fibroblasts","cellFractions.Macrophages","cellFractions.Mast.Cells","cellFractions.T.Cells","cellFractions.otherCells"
"TCGA.BC.A10Z.01A",1.99851326827931e-06,0.246565515793109,0.0501124664640727,0.00269604004948233,0.00974231404237574,7.69752370123971e-10,2.84070117151553e-08,0.690881635960927
"TCGA.DD.AAEK.01A",0.00136510356695865,0.192298714309982,0.0694429448225128,0.00825356118283212,0.0261682009139055,2.59096773215891e-05,0.0130127507015034,0.689432814824984
"TCGA.G3.A3CK.01A",4.00319031698866e-09,0.0747933370497414,0.0429532578165324,0.00274421054323788,0.0265873489266804,2.814120292258e-06,0.00843081830690521,0.84448820923342
"TCGA.DD.A1EJ.01A",2.47501516322036e-07,0.0931034748962239,0.0270121450105419,0.00215853219415657,0.0316777833093397,3.65759552297535e-09,9.23087500356138e-09,0.846047804199751
"TCGA.DD.AACU.01A",5.84781512826392e-09,0.147616505701527,0.0499693866185249,0.00942570907363376,0.0117993782100554,2.81320529433007e-05,0.00216592851384942,0.778994953981651
"TCGA.ZS.A9CE.01A",3.94870375483368e-09,0.0436438419740555,0.0163936179359833,0.00136956818190686,0.00209662856884949,3.41500435428798e-06,2.56902479970622e-05,0.93646723413815
"TCGA.2Y.A9H2.01A",0.000718662316711394,0.0407483705883412,0.0365092041692861,0.00489619072024298,0.013825011856514,7.56855653418253e-05,0.00363377025002566,0.899593104533537
"TCGA.CC.5261.01A",0.0248712266299033,0.142786614563003,0.121019509213544,0.0443279320579318,0.015572135386193,0.000363633179238411,0.0186345676988606,0.632424381271326
"TCGA.DD.AADP.01A",2.30355824417736e-08,0.105505868789249,0.055736477378523,0.00580300177132618,0.00754898280410822,2.37823382619596e-05,0.00378388738209066,0.821597976500859
"TCGA.2Y.A9H4.01A",0.000139821306496948,0.0244645285901848,0.0585112258738312,0.00173904446433933,0.0105290993567474,1.48581103349378e-05,0.00404634071855038,0.900555081579515
"TCGA.DD.A1EA.01A",1.37631387445904e-07,0.155686217579849,0.067078152401764,0.0015945231500643,0.0239233645150121,4.7845156632399e-06,0.00414332322818937,0.747569496978071
"TCGA.CC.A3MC.01A",7.64779911234849e-10,0.0620112569792583,0.0416209619395461,0.00773219781170716,0.00898857288804205,1.65597978378282e-05,0.00385506828300664,0.875775381535822
"TCGA.FV.A2QR.01A",2.59188001679935e-09,0.0803643406892221,0.0665941570394613,0.0080567899007259,0.00689393951124718,7.35243060558032e-06,0.00243782009596352,0.835645597740894
"TCGA.EP.A26S.01A",9.35054985340028e-10,0.0359325802756899,0.0481560101311772,0.00347555879957129,0.00606955192763577,5.74817489878055e-05,0.00144548538652464,0.904863330795358
"TCGA.K7.AAU7.01A",1.26477621107223e-08,0.0938863439489159,0.0462981637467096,0.021082859338488,0.0127939433886016,8.14081698305684e-05,0.00475063432830423,0.821106634431388
"TCGA.G3.A25T.01A",2.99501957287978e-07,0.150557244692415,0.0676861242685368,0.020036278413417,0.0231741979264567,4.63422642807588e-06,1.77209917262026e-06,0.738539448871616
"TCGA.DD.AADB.01A",0.0107112670568589,0.0707809978194216,0.0568100524060395,0.00224731931557338,0.026485725106267,2.05963478453127e-09,0.028573631827627,0.804391004408578
"TCGA.UB.A7MA.01A",2.79285442840929e-08,0.072889482167085,0.0458074889364623,0.00977255080173439,0.00838845487849413,6.9563279328986e-07,0.00525643627986555,0.857884863375021
"TCGA.DD.AAD0.01A",7.22504976685943e-09,0.0674366519122591,0.0205096719262876,0.000882896027943993,0.00452004822535565,6.75709989479532e-06,0.00170012361200623,0.904943843971203
"TCGA.BC.4072.01B",1.77046282194478e-07,0.0570845533187869,0.0441094437921187,0.0120226979643965,0.0419196919966268,1.85396770565814e-09,0.0244623358196249,0.820401098208196
"TCGA.DD.AACD.01A",0.000110795064247207,2.73406995064681e-09,0.0417517444522436,0.00201535815999044,0.0300589293312228,1.07632752475806e-05,0.000525068554632667,0.925527338428346
"TCGA.DD.A3A5.01A",2.33621609140561e-09,0.0753750029949585,0.048579731242983,0.00568335163101827,0.00617707436281668,3.2420675618164e-05,0.00385885451437614,0.860293562242013
"TCGA.ZP.A9D1.01A",1.10754813159284e-08,0.0735028324025931,0.0695168813997678,0.0115163585419361,0.0087766358062129,6.79661638460779e-05,0.00677183580972721,0.829847478800436
"TCGA.ZP.A9D0.01A",2.20595176560893e-08,0.0800665198559713,0.0411555470637238,0.00493994443165936,0.00742397174113982,1.88267578033853e-05,1.56503555388702e-09,0.866395166525149
"TCGA.CC.A7IK.01A",1.66843466763664e-08,0.0680119878793779,0.0436787730943682,0.00147720514507217,0.00799621874410738,9.64688229682021e-05,0.000312654596518106,0.878426675033241
"TCGA.WQ.AB4B.01A",7.29752769946833e-09,0.0411007482528695,0.0298424011622766,0.00507359218664505,0.0069082909169206,3.57873867620315e-05,0.0015902029227453,0.915448969874253
"TCGA.FV.A4ZQ.01A",0.0174427575630387,0.0343631555949168,0.0201341322517349,0.00165964038072674,0.0756432287764877,2.62032598704257e-06,0.0712309490576975,0.779523516049411
"TCGA.G3.A25S.01A",9.97737387118149e-05,0.00586006414825158,0.0246304445034127,0.000961075391767163,0.0264605329214002,0.00011105155614726,0.00292408235607716,0.938952975384232
"TCGA.NI.A4U2.01A",2.30323055945701e-08,0.0542023438537981,0.0812413082692234,0.00188261438775678,0.00363574931098006,8.19828604369708e-06,4.14123113840182e-09,0.859029758718661
"TCGA.RC.A7SK.01A",8.72060449691776e-09,0.112400591939063,0.0362572906751382,0.00370061579918798,0.00533545951810595,1.10758186848093e-05,9.63942276175872e-08,0.842294861134988
"TCGA.DD.AADS.01A",1.04077323620059e-08,0.0679955262075382,0.0390285956873575,0.000978519155779488,0.0233389720656578,8.93490660348758e-06,0.0161851098586805,0.852464331710651
"TCGA.DD.A73F.01A",4.86081740228402e-09,0.0242549446113692,0.0459697498260738,0.00231010017745032,0.0374153266743699,1.92858780624359e-05,0.0262701020499382,0.863760485921919
"TCGA.DD.A11C.01A",7.87968220575073e-10,0.0638460853656403,0.104195399572236,0.00702548311261694,0.0121255087354501,0.000216679136641493,0.00137261515964906,0.811218228129798
"TCGA.FV.A23B.01A",2.47512226520541e-08,0.0966462434492496,0.0693096130228015,0.00231370225150165,0.0120631725762902,2.50484748324223e-06,0.00344994433345476,0.816214794767996
"TCGA.DD.AADD.01A",6.25226498867455e-09,0.0673068012745728,0.0309749788241693,0.00175381185078264,0.0165836888668489,0.00011535041206165,0.00280065625821663,0.880464706261083
"TCGA.DD.AACO.01A",1.00945937812166e-08,0.0575894992752833,0.0325733730989646,0.00282359573761365,0.0129106067294621,9.01600832255384e-05,0.00863633235738933,0.885376422623468
"TCGA.RC.A6M3.01A",0.000212834229085574,0.0342543215728787,0.0243744230210005,0.0016155657093789,0.0122816249351874,1.44216313061967e-05,0.00461292223401472,0.922633886667148
"TCGA.DD.AAED.01A",4.49742365395491e-09,0.035211695787486,0.0105631845301017,0.000530182771035522,0.00499126101020647,8.48306472430641e-07,0.00176575990100033,0.946937063196274
"TCGA.BC.A10X.01A",9.7736242215657e-09,0.0998673268239709,0.0293357694472588,0.0154909652102903,0.0236407833140489,3.35111699030245e-05,1.15427267897014e-06,0.831630479988225
"TCGA.DD.AAVP.01A",0.000710207121932296,0.0121817077765466,0.0823652088149339,0.00353854703403045,0.0115092581036834,0.00021848781208104,0.00221286507673737,0.887263718260055
"TCGA.MI.A75C.01A",7.55695062807161e-09,0.0288570147189229,0.0179132434931957,0.00119797971277188,0.00788062651008189,1.73787442333397e-06,0.011162718056741,0.932986672076913
"TCGA.DD.A39W.01A",7.82546080133301e-09,0.0781935959608831,0.046387444002027,0.00173679352133651,0.00989579682142278,4.71499740227524e-05,6.75486881616278e-08,0.863739144346159
"TCGA.DD.A4NA.01A",1.27816538318659e-07,0.147775010211203,0.0608012360614281,0.0208511398983977,0.0240229473220702,2.47945603736243e-05,2.38420824110924e-07,0.746524505709165
"TCGA.DD.AAVY.01A",1.26025346348907e-08,0.0951600465988025,0.0510567256881026,0.00117915407569669,0.00885016349902005,2.13699333516178e-06,1.01849533468569e-05,0.843741575589162
"TCGA.DD.A1EC.01A",5.38497088719581e-08,0.0823868492070402,0.088406590220019,0.00548571599997554,0.0979349745265309,2.46957641774439e-05,0.0893603801801353,0.636400740252413
"TCGA.5C.AAPD.01A",0.036552173758822,0.113047166564968,0.0597495038596638,0.00997638741908385,0.0530608164971546,1.23517423894667e-05,0.0262366317971769,0.701364968360741
"TCGA.BC.4073.01B",2.61024147931555e-08,0.270796237562978,0.07607918795112,0.011193126765491,0.0576892929297489,3.85069842618085e-05,0.0287871462766222,0.555416475427363
"TCGA.WQ.A9G7.01A",2.77816136899204e-09,0.0707958110007145,0.0293143774635621,0.00486589991045047,0.00529510727933433,2.42318184236144e-05,0.00278037599643469,0.886924193752919
"TCGA.CC.A7II.01A",5.11573300304497e-08,0.0231753108670952,0.0319359157758511,0.00701355707382127,0.0158114393716607,4.41287378808471e-06,0.00087932675031601,0.921179986130138
"TCGA.CC.A8HS.01A",7.16376655753418e-08,0.0688475274302278,0.0604364919508954,0.00482677663203457,0.00374603795645579,0.000113008792940811,0.00405594938277933,0.857974136217001
"TCGA.DD.AAEA.01A",1.24296573888569e-08,0.0603558522002509,0.0197219845447912,0.00154565250401095,0.00928073728923029,3.40307069926885e-05,0.0111318224248754,0.897929907900191
"TCGA.DD.A4ND.01A",0.00154152349440496,0.0296409382077103,0.0607528493599613,0.0333657634264563,0.0249504132832414,8.46966333015801e-05,0.0131551582851199,0.836508657309804
"TCGA.ZP.A9D2.01A",2.24624305745736e-08,0.15804417110314,0.0742180481442156,0.023086492832493,0.0194060583579917,9.44494147400555e-06,3.08272692759472e-08,0.725235731330986
"TCGA.DD.AADI.01A",0.00593216401059542,0.0249521377494458,0.0380005614606231,0.0174947627254824,0.0281958508517705,0.000104360390502606,0.0328767733969995,0.852443389414581
"TCGA.2Y.A9GX.01A",1.91029228824205e-07,0.143126671364631,0.0660192467682403,0.0314006387864217,0.0276915879648217,4.79921805824682e-05,0.0115242406448521,0.720189431261222
"TCGA.DD.AACY.01A",1.21690038181707e-09,0.0888649898293936,0.0501714756913518,0.00264998479266607,0.00738246048165693,4.85689665545942e-06,0.000565165618171197,0.850361065473205
"TCGA.DD.A73D.01A",6.7843058553616e-09,0.0510756743996133,0.0227017136229982,0.000622169821336682,0.0026597010466119,2.16349452343547e-06,4.00339910667992e-09,0.922938566827212
"TCGA.DD.AAE9.01A",3.39419231144038e-08,0.0732640114891144,0.0249043057932499,0.00152791955077384,0.00848241242914062,3.80680770239868e-05,1.43046137218667e-08,0.89178323441416
"TCGA.ED.A7XO.01A",0.00191470929888416,0.0510889937665448,0.0374471202598976,0.0103152113969535,0.0208302313720195,2.06418520804625e-05,0.00337612686498091,0.875006965188639
"TCGA.DD.AADM.01A",8.42223228929805e-09,0.0519822911166015,0.032596232473675,0.00524538141463429,0.00992695792072554,2.87902897905875e-05,0.00222955895385256,0.897990779408488
"TCGA.FV.A3R3.01A",6.93524612359696e-09,0.103095254715912,0.157482552075727,0.0299453434845353,0.0225637356692629,7.64544677465989e-05,0.000564362700219596,0.68627228995135
"TCGA.DD.AACL.01A",0.00627747546863352,0.0545334404347216,0.0348324475228619,0.00304168696955346,0.0796353368702876,0.00050626458922453,0.0193670168153234,0.801806331329394
"TCGA.DD.A4NJ.01A",3.98074418256292e-09,0.20221408813816,0.0757574376629723,0.00974119925316873,0.0228229772005833,8.47837950198938e-05,8.75798522188862e-06,0.68937075198413
"TCGA.DD.AADU.01A",9.67568503490404e-09,0.200310836499046,0.0457060579394414,0.00254505223152607,0.0098269115552859,5.40375082947565e-05,3.59727656847496e-08,0.741557058617955
"TCGA.CC.A7IF.01A",3.67865320051563e-09,0.0831444790583524,0.0405439804475691,0.00371845282997032,0.00629502315378185,3.89592730625164e-06,3.17445957534528e-05,0.866262420308613
"TCGA.CC.A5UE.01A",2.85145509971489e-06,0.177908014173193,0.0409847761358622,0.00251760035206518,0.0174724798272677,1.40300084221371e-08,0.000132886892923409,0.76098137713358
"TCGA.DD.AAVW.01A",5.13550833585467e-09,0.277974196247647,0.0968391102306925,0.0260884577098425,0.0179493113004221,3.41136765689284e-05,0.00221201924899026,0.578902786450329
"TCGA.CC.A9FW.01A",0.000110976073579102,0.101408052164074,0.0226183962876187,0.00245658444884818,0.0075831479079462,0.000477118804542075,0.00534594909002832,0.859999775223363
"TCGA.DD.A4NQ.01A",1.16520540957993e-06,0.295691529007859,0.0524360199739055,0.00546354661580787,0.0178109805636158,8.05223179121296e-06,0.00011374945891415,0.628474956942697
"TCGA.DD.A3A7.01A",1.64944654380703e-08,0.0357391440441066,0.0315157873162826,0.00174742584459777,0.00533490784212831,2.86726977247436e-05,0.0041004261678932,0.921533619592801
"TCGA.EP.A2KA.01A",1.4317273621623e-07,0.0813259589691858,0.0348582252477205,0.00280523939771669,0.0260315739270468,6.61988393968828e-06,0.0230433158072171,0.831928923594437
"TCGA.ED.A7PZ.01A",1.12503007910729e-08,0.0888086714983963,0.0389495688655478,0.0042195775123799,0.00583178297644772,3.27034341672159e-06,1.20480590588889e-07,0.86218699707292
"TCGA.G3.A25U.01A",4.12517088301037e-09,0.0870019042061709,0.0427839192266454,0.00193587554840998,0.00562463445887771,1.61608004042535e-06,2.07240621941837e-08,0.862652025630622
"TCGA.RC.A7SH.01A",3.07098033259433e-08,0.0487373144110787,0.0255714378531319,0.00349962920343703,0.00156799138213484,1.30415372126211e-06,0.000560272442435696,0.920062019844257
"TCGA.G3.AAV1.01A",1.05169896745084e-09,0.194975705424802,0.0695766184220084,0.00386210219698427,0.0139244530348002,4.71078034248468e-05,5.75212172856511e-07,0.717613436854108
"TCGA.2Y.A9GZ.01A",7.04310271528162e-09,0.106258943619969,0.0621674613183248,0.00192100699771128,0.0077374970274538,1.57922001470298e-05,9.11121153516538e-08,0.821899200681176
"TCGA.DD.AA3A.01A",3.75037170788613e-08,0.104189975841982,0.0453367028925602,0.00496128338797206,0.00773111673213645,1.31800648424186e-05,0.00309103052537801,0.834676673051412
"TCGA.2Y.A9HA.01A",4.79577682040445e-09,0.15637349383045,0.0744013867025153,0.00198534466119625,0.0118500491798483,3.6249420995788e-05,1.41195639486933e-06,0.755352059452823
"TCGA.DD.AADK.01A",0.00626102837147523,0.041263822726908,0.0407742825927642,0.00745903453635951,0.00794325464116884,2.46602952078298e-05,0.00654763217544538,0.889726284660671
"TCGA.G3.A5SI.01A",3.88704337176511e-09,0.0586575311138081,0.0326686517992794,0.00209931209045155,0.00471811118396696,7.9334758176024e-11,7.19307769359549e-07,0.901855670538347
"TCGA.DD.A4NI.01A",2.45227715650377e-05,0.0348479614763551,0.0428037710049412,0.00385598221542972,0.0153224569327705,3.2420557075181e-05,0.0051029385157309,0.898009946526133
"TCGA.DD.A73A.01A",1.59994942813537e-09,0.0884211991646629,0.0351767452905024,0.00204332198379662,0.00812178723210713,1.19918611261218e-05,0.00409357202996157,0.862131380837894
"TCGA.MR.A8JO.01A",0.00232234820787165,0.00794895573198012,0.137012823239813,0.0167804651996317,0.0213193211234415,9.61662053421314e-05,0.0105392752963104,0.80398064499561
"TCGA.5R.AA1C.01A",2.26980167056024e-09,0.0328145733356889,0.02235079126125,0.00131196047178364,0.0175142497696716,0.000301368011021594,0.00151936600322582,0.924187688877557
"TCGA.ZS.A9CG.01A",1.36935308882757e-08,0.037076876211113,0.0688593841628847,0.00238992372109851,0.00802979406409036,0.00022496459992578,0.000825941279961904,0.882593102267395
"TCGA.DD.A4NH.01A",5.7177281126053e-10,0.143582633955991,0.0474533272514252,0.00821903950611314,0.00812456792138669,9.93447512529249e-05,0.0102573471501124,0.782263738891946
"TCGA.FV.A4ZP.01A",0.00112229094489801,0.00825676445484875,0.0367105850355491,0.00239015895018849,0.0396117840212568,4.21952605141033e-05,0.0244840820697125,0.887382139263032
"TCGA.DD.AACJ.01A",4.20239779000269e-08,0.0493957212150088,0.0216135023589343,0.001109589198676,0.00874762790222139,3.65779172447794e-11,9.35976952529572e-09,0.919133507904834
"TCGA.DD.AAVZ.01A",1.20568887061257e-09,0.0374488841336327,0.0360552512618159,0.00470879439956412,0.00740185031525629,9.97071220424763e-06,0.0026158645496356,0.911759383422202
"TCGA.DD.AAVR.01A",0.00796981297313573,0.00211083415740412,0.0777358193406372,0.0208345077840743,0.0310171908979126,0.000107474284016219,0.00972463396785871,0.850499726594961
"TCGA.RC.A7SB.01A",4.40918423727506e-09,0.159439770230226,0.0412515324440687,0.00301517620188407,0.0108235065309827,1.44586413681852e-05,9.17674854839511e-07,0.785454633867432
"TCGA.3K.AAZ8.01A",0.00146765477051827,0.0682188569387036,0.0295026501310225,0.0020652459451646,0.00764370878238763,6.12643298239803e-06,0.00337785109898553,0.887717905900235
"TCGA.DD.AADA.01A",0.00373149568626974,0.022269697745529,0.038839560272679,0.00554375509126434,0.00815449372500655,1.67290255700843e-05,0.00935641805159738,0.912087850402084
"TCGA.G3.A25X.01A",1.18899431893917e-08,0.0678704642666996,0.137568723988607,0.0199840837371946,0.081330264332944,4.08734837749279e-05,0.0250840087602401,0.668121569540597
"TCGA.EP.A3RK.01A",0.0114710926472288,0.0499126010631114,0.0774813178100446,0.00538581636172377,0.0991222134833225,0.000346348611658469,0.0224721622673662,0.733808447755544
"TCGA.2Y.A9H5.01A",7.32485952249591e-10,0.0615448958941402,0.0512577316070362,0.0121007165833227,0.00588006155441333,4.72076381492046e-05,0.00439913697810139,0.864770249012351
"TCGA.UB.A7MF.01A",0.00419938039425018,1.88047428203747e-11,0.0351237664980726,0.00115364583622663,0.0914625450446621,0.000681491768165934,0.0373202898022218,0.830058880637596
"TCGA.BC.A10R.01A",1.9466414107727e-09,0.060391976404965,0.0532671369382435,0.012180441128362,0.00982325037618885,2.34023563084911e-05,1.1862247039365e-05,0.864301928602252
"TCGA.ED.A459.01A",2.27222694781643e-08,0.296059907895847,0.0655618359332906,0.00498688799256818,0.0257609667270911,3.50235210674592e-07,6.24971272131805e-08,0.607629965996596
"TCGA.KR.A7K7.01A",0.00306238176030694,0.000146703039116703,0.0238604505855428,0.000611255552456295,0.0339519439201564,3.91802927621059e-06,0.0316295227151137,0.906733824398031
"TCGA.XR.A8TC.01A",7.3332469915121e-10,0.0462067678133007,0.0403787324024978,0.00388620419318082,0.00411423923541807,3.65514128003345e-06,1.14397365199054e-07,0.905410286083633
"TCGA.G3.A3CG.01A",2.2126205499533e-09,0.0371668278156165,0.0450987589101523,0.00564080617334836,0.00717622018962744,4.83656987454748e-05,0.00227376978109578,0.902595249218794
"TCGA.BC.A112.01A",3.96822645165971e-08,0.0299422669148874,0.0662688383221632,0.0143583540590777,0.013649934175248,0.000116783119698677,7.85396813511862e-06,0.875655929758525
"TCGA.ED.A4XI.01A",3.25885322174584e-08,0.0874527957593981,0.0591453854680769,0.0169456804469701,0.0342150216389681,8.75843924284231e-06,0.0025198534984235,0.799712472160388
"TCGA.2Y.A9GT.01A",1.2525772692998e-09,0.0800431678310883,0.090959418127208,0.00423753216799944,0.0235819848521774,2.76220019334872e-06,0.0207525479425437,0.780422585626213
"TCGA.DD.AACX.01A",4.70489255652599e-05,0.690231193997556,0.101122085188921,0.00784887318603492,0.0306136485861217,9.08562299460495e-09,1.23517455814073e-07,0.170137017512722
"TCGA.DD.A1EB.01A",7.11849904592893e-10,0.0952786414115913,0.090137393590101,0.00211340250043574,0.00875212947315166,1.55004480752001e-06,0.000826716353266692,0.802890165914796
"TCGA.DD.AACE.01A",3.82644005246946e-09,0.0573114351411169,0.052943947756256,0.00385400748062328,0.00484985340073149,2.012137869507e-05,1.59050571083432e-07,0.881020471965566
"TCGA.2Y.A9H9.01A",1.79689955295375e-08,0.0998070138126656,0.0703878008283771,0.00311760379460625,0.0126191623997338,3.05787711717691e-05,1.58801134518911e-08,0.814037806544337
"TCGA.CC.5262.01A",3.06121099000666e-08,0.0985852610941529,0.0911426267244813,0.0226369286760668,0.0279751957412889,0.000158059268353372,0.0107756825587978,0.748726215324749
"TCGA.G3.AAV2.01A",3.62975077488063e-08,0.0269140606641355,0.0801778283919298,0.00158772172639811,0.00788911437179391,0.000382059090011439,0.000660449133533229,0.88238873032469
"TCGA.DD.A4NN.01A",1.5685298046168e-08,0.112639507857491,0.0630775191529828,0.00728121333601951,0.00759701993875182,3.77147537584346e-05,1.90016020493803e-08,0.809366990274096
"TCGA.DD.AACZ.01A",0.00634680395744352,0.0246227410600507,0.0516252283697225,0.0012642845646776,0.101012732151683,0.000860000637037565,0.0192168011628999,0.795051408096485
"TCGA.DD.AAE0.01A",0.00165894639368648,0.0223839544612098,0.0351114794124123,0.0108665071097131,0.0101209457834879,1.80551454249794e-05,0.00651357686757994,0.913326534826485
"TCGA.YA.A8S7.01A",2.61709262259375e-08,0.0521360613052584,0.0650569174353221,0.0121714172508404,0.151489841648549,1.03293630912349e-05,7.28724456500069e-08,0.719135333953567
"TCGA.2Y.A9GY.01A",0.0326598220062499,0.0105682983223206,0.0149878962736372,0.00168469299132425,0.121367364360607,2.32585513409578e-05,0.0544874306698167,0.764221236824703
"TCGA.UB.A7ME.01A",0.0121313073096546,0.0462712386066243,0.0494559023154251,0.00921451053521859,0.0198093022046055,1.74524497871534e-05,0.019509022238111,0.843591264340574
"TCGA.ED.A8O6.01A",3.6800930905997e-10,0.0606343282356443,0.0330989631738047,0.00548781510692158,0.00989981430435675,1.18639683468559e-05,0.00388955343779008,0.886977661405126
"TCGA.ZP.A9D4.01A",1.76691996882456e-09,0.033806317243378,0.0257213192974652,0.00114628576851964,0.00678542832053864,1.67293492025692e-05,8.24035818557038e-08,0.932523835850394
"TCGA.DD.A1EH.01A",1.04933243220907e-08,0.122700770817268,0.0904288125779361,0.0101540191217026,0.0117501322811261,3.75300207166856e-05,2.62749497716813e-05,0.764902449738155
"TCGA.DD.A11A.01A",1.72039276363634e-07,0.296345223689434,0.0717746201516727,0.00369710206173832,0.0125291105987758,3.40533826114668e-05,2.24968266434604e-06,0.615617468393827
"TCGA.RC.A7SF.01A",3.02240039447837e-09,0.064381330924686,0.0203993773217254,0.00163698864265769,0.00469233031850699,9.86919183680433e-06,0.00269752974946529,0.906182570828721
"TCGA.HP.A5N0.01A",1.75802997101648e-08,0.137523876132737,0.224701853091485,0.0164842000743017,0.0150863401500452,5.63063806198208e-05,0.00341236528269196,0.602735041307819
"TCGA.DD.A73E.01A",6.6585759474054e-10,0.0238209200026912,0.081363951142236,0.00130455149937632,0.00254718283391122,0.000857330024025995,0.000487698058618462,0.889618365773283
"TCGA.G3.A5SL.01A",1.18538960441618e-09,0.036474201812259,0.0601844576324694,0.0045948305425583,0.00528822014019011,0.000105403479092345,0.000194039328469615,0.893158845879572
"TCGA.2Y.A9H6.01A",0.000977487814057643,0.0422120891190873,0.0743929832022043,0.0157556145426568,0.014343725836822,0.000146806250193234,0.00744885616069857,0.84472243707428
"TCGA.WX.AA47.01A",4.50866339812579e-08,0.0231063076342186,0.0441662734600413,0.000396693497769008,0.000861186950211689,3.99790158262963e-06,0.00100931299185104,0.930456182477692
"TCGA.MR.A520.01A",1.80388916516526e-08,0.100838097047588,0.0453001337930261,0.00274766278583709,0.00721635704969017,5.26139435957953e-05,6.92436436094005e-08,0.843845048097728
"TCGA.DD.A3A1.01A",1.5169424666093e-08,0.159711415488378,0.0404253229451152,0.00194283927929332,0.0279250519800614,2.0866545502585e-05,0.00396738926049686,0.766007099331728
"TCGA.DD.AADF.01A",0.00424438748788351,0.0044120017865129,0.0168273317689531,0.00118180784827127,0.00527727690768591,1.60121017379396e-05,0.0115613366454892,0.956479845453466
"TCGA.G3.A7M7.01A",2.17092613589489e-08,0.0556250847466752,0.0347090724844402,0.00279189998005337,0.00567448519902449,1.40305984391786e-05,0.000505726415785556,0.900679678866321
"TCGA.DD.AADQ.01A",1.69124327276734e-08,0.0469370906229717,0.0247249423286109,0.00109741813065096,0.00502112482123566,2.74317611046894e-06,0.00526341919211213,0.916953244815875
"TCGA.DD.AAVX.01A",5.87661366342834e-10,0.0830654717690091,0.0721937227313956,0.00273297187819545,0.0161129247013827,1.66334260800129e-06,0.00179279269347177,0.824100452296276
"TCGA.MI.A75E.01A",7.44357612502351e-09,0.0709709036834449,0.0607638407975465,0.00902626462235253,0.0107852424180061,1.58012863882344e-05,0.00537752520428004,0.843060414544406
"TCGA.GJ.A3OU.01A",4.76041265061558e-08,0.60367639687438,0.206871873767394,0.0409500142013433,0.148428651353721,6.04366797885402e-05,1.25793551011876e-05,1.64146395178199e-10
"TCGA.DD.A11B.01A",6.21734933893353e-09,0.138496673087945,0.0517363161810654,0.00437811992323213,0.00845153202446841,6.06007021773915e-05,2.98913497579944e-07,0.796876452950265
"TCGA.LG.A6GG.01A",1.70067323453756e-08,0.209438303730951,0.0575229124506088,0.00305118121820058,0.0112850800958595,2.22441204431211e-05,5.96663612808883e-08,0.718680201710843
"TCGA.CC.A7IJ.01A",0.00139063100297389,3.2958985303892e-09,0.143282260382078,0.0980530285698397,0.241991970513827,1.09085873141607e-05,0.0624513555783046,0.452819842069764
"TCGA.DD.AACA.01A",3.87999435782853e-08,0.117745429087073,0.101735523292829,0.00325624213481454,0.00984266260298719,5.89136671124047e-06,2.30708347163345e-08,0.767414189644806
"TCGA.DD.A39V.01A",1.581130684421e-07,1.77659321180129e-08,0.0305690606332356,0.00340156583987883,0.0664676271141887,8.22521970991856e-05,0.028990610520202,0.870488707816395
"TCGA.2Y.A9GS.01A",4.78398326878919e-08,0.0695624777454699,0.0507935282554555,0.00829723420554144,0.0312997279454362,3.83788675455429e-05,2.24433460684275e-09,0.840008602896384
"TCGA.DD.AACW.01A",2.10647492562641e-09,0.150702710030263,0.0551575736445474,0.00216055630974746,0.00970028226407309,8.98305515751162e-05,0.00056610141904674,0.781622943674272
"TCGA.FV.A3R2.01A",2.07154445120613e-08,0.128965165809724,0.0589567602450473,0.00173711182669,0.0172344085349388,6.31378364639995e-10,8.75024664012949e-10,0.793106531361752
"TCGA.ZP.A9CY.01A",1.85719316058727e-08,0.137358672847759,0.0494010356814156,0.0108828246884005,0.01729481849688,1.10955561948144e-05,0.000155005377115339,0.784896528780303
"TCGA.NI.A8LF.01A",3.20350434466776e-09,0.0505219781742546,0.0901901304142013,0.00453154950620645,0.0042147918585104,1.5336596875378e-05,0.000841580126249914,0.849684630120198
"TCGA.DD.AAE2.01A",2.85179454666637e-09,0.0795549258380392,0.0840000406305639,0.00431374466960251,0.0235606004393495,1.99873890142754e-09,0.00707793553870895,0.801492748033203
"TCGA.5C.A9VG.01A",3.3158752244681e-08,0.0449704334455145,0.0703384065563655,0.0122737452970012,0.00917742623646329,0.00164798113598547,0.0016757777123321,0.859916196457586
"TCGA.KR.A7K8.01A",0.00288185989720505,0.0510244324815214,0.0998779682660833,0.00928781161183581,0.0449785340056435,9.71170195204944e-05,0.0297555906121596,0.762096686106031
"TCGA.ZP.A9CZ.01A",0.00288782032841996,0.132254750136362,0.0522562356134067,0.00692621364993168,0.0199747004382007,0.000129993582608377,0.00891618612949837,0.776654100121572
"TCGA.EP.A12J.01A",8.24990312677339e-09,0.039168292989388,0.0606260668846244,0.00102541555379465,0.00806495307544634,9.0326639142247e-07,0.00121483084510814,0.889899529135344
"TCGA.DD.A4NV.01A",9.44820345060468e-09,0.0639971303515825,0.0678649470867755,0.013798890118619,0.00991100236497277,3.59511064002705e-05,0.00244182492022243,0.841950244603224
"TCGA.BC.A3KF.01A",1.71694532955597e-09,0.121623270553339,0.0565851778552464,0.00269734113936406,0.00761659240690659,1.78416517018048e-05,4.02055894451752e-07,0.811459372620602
"TCGA.XR.A8TD.01A",0.00362930157230556,0.117308489632173,0.08164608492791,0.0137117236954043,0.0442156472301557,1.69169446198949e-05,0.0265987460253883,0.712873089972044
"TCGA.DD.A4NK.01A",1.12635899587993e-06,0.0380243329475872,0.0705751734857019,0.00364879336376645,0.00901956800837624,1.81582839906112e-05,0.000399602800994924,0.878313244750587
"TCGA.DD.AACP.01A",2.1579300975145e-09,0.0479015397572457,0.0249719905924073,0.00184360864657886,0.00619446245395455,7.23678049797828e-05,0.00400135459463403,0.91501467399227
"TCGA.G3.A7M5.01A",1.50007021390091e-08,0.0401304144927796,0.0402354514683646,0.00138439475696737,0.00856649131125239,5.17095106516699e-09,0.00254571076929516,0.907137517029688
"TCGA.DD.A4NS.01A",0.000178280334474286,0.09069886628969,0.0799062433993082,0.0488069495066772,0.0223612536344959,0.000162661392387147,0.0185511591639901,0.739334586278977
"TCGA.WX.AA46.01A",8.11415456326976e-08,0.0866185623574584,0.0203316109161326,0.0085853717093388,0.0112623407493395,1.57330696683658e-05,3.71376878923457e-06,0.873182586287727
"TCGA.O8.A75V.01A",1.93717485212096e-07,0.0439344330125987,0.0499846067955566,0.00645932322038776,0.0286905569928931,5.64165281243436e-05,0.0041443790628721,0.866730090670082
"TCGA.DD.AACH.01A",0.000118723931963717,0.0135465837473113,0.0659554011005681,0.00482223734692086,0.0283161489044284,6.6976455971678e-05,4.36967855112572e-08,0.88717388481605
"TCGA.DD.AAVQ.01A",0.0445257044559461,0.0403418380907473,0.0587346388288336,0.0128841215487962,0.0269986889872463,0.000254480954238738,0.0404571511593164,0.775803375974875
"TCGA.RC.A7S9.01A",0.00186623509926535,0.0301406601030341,0.0211927820650871,0.000794528645173791,0.0100863244706004,2.67615180137064e-06,0.00491405070160894,0.931002742763429
"TCGA.BC.A8YO.01A",0.00090104607376942,0.0156813540737152,0.0409524311959388,0.000910546367263042,0.0435049619798073,4.97165222625936e-09,0.0237197413034965,0.874329914034358
"TCGA.DD.A4NR.01A",7.66061630256568e-09,0.159355879800931,0.0733486247358694,0.0104683259881612,0.100185128795177,1.82938036431985e-06,0.0434921637739325,0.613148039864949
"TCGA.CC.A8HU.01A",4.90426529293207e-09,0.156472118360995,0.0435527634422495,0.00537547318458661,0.0094432834236781,0.000219002709328725,9.11780148020036e-07,0.784936442194749
"TCGA.DD.AAVS.01A",6.1283027999951e-09,0.0726971654978392,0.0625809909609724,0.00708476977586179,0.00978050869450217,2.24699094824216e-05,0.0061995946221879,0.841634494410851
"TCGA.CC.A7IH.01A",1.61889271884126e-09,0.0329557150824054,0.0362532237684895,0.00172925799491008,0.00464940741467151,0.00032751905821625,0.000756289288524033,0.923328585773891
"TCGA.FV.A3I0.01A",3.87916644595668e-08,0.0788959319999649,0.0551268191815498,0.0183484737182082,0.0124390165287679,6.4938788124306e-06,0.000298010925234436,0.834885214975798
"TCGA.MI.A75H.01A",0.000288989681749518,0.00570939780358451,0.081268987225413,0.00314047723501569,0.0158426339082163,5.95848173466337e-06,0.0103032437598417,0.883440311904445
"TCGA.CC.A9FV.01A",0.0268293953687431,7.81228109978608e-08,0.177463118185678,0.08339245005786,0.256950213192288,0.00480374152061972,2.98871018635812e-07,0.450560704680982
"TCGA.BC.A217.01A",1.08780233868755e-08,0.0639261470548535,0.0189074795091043,0.00232334493508493,0.0182462188743612,3.95758328582251e-05,0.00902349074292842,0.887533732172786
"TCGA.DD.AAD5.01A",6.13830658124411e-10,0.0959021685416649,0.0320237595545148,0.00266639822182098,0.0679805530036879,3.05800946722999e-06,3.82324649601674e-08,0.801424023822549
"TCGA.2Y.A9H0.01A",6.13900652217823e-09,0.171577914732678,0.0338940294847971,0.002755504001203,0.023010272599625,3.15253794303465e-05,0.0137180791002521,0.755012668563007
"TCGA.DD.AAD8.01A",3.05123679553233e-08,0.0386501760027281,0.0186714653274978,0.0030936661681111,0.00442199602031406,1.01961612568611e-05,0.00303249687381079,0.932119972933913
"TCGA.CC.A3MB.01A",9.92765014852705e-09,0.172183684882689,0.0507524053948374,0.00425991365300993,0.0128200885802212,2.17281269633578e-05,3.16679278769442e-09,0.759962166267836
"TCGA.DD.A4NE.01A",3.01902374387974e-09,0.0370715479467555,0.0353195469932012,0.00551681576602788,0.00454412731341091,2.7972899338847e-06,1.98607659845722e-08,0.917545141810881
"TCGA.5R.AAAM.01A",1.20492750278974e-07,0.0366079248995943,0.0668800482017076,0.017311671384585,0.038783880310614,3.39774775321406e-06,1.89633718050957e-05,0.84039399359119
"TCGA.DD.AADY.01A",3.77597748330034e-08,0.16139529300708,0.0704359651197035,0.00421064537477733,0.00912837955137813,1.21812302127193e-05,1.83579743857106e-08,0.754817479599099
"TCGA.MI.A75I.01A",6.23330515895748e-09,0.129630603092694,0.0499515876607939,0.0036603770302156,0.010857015149434,4.63985623197905e-05,0.000219271687402595,0.805634740583835
"TCGA.G3.A3CI.01A",4.63160009153874e-07,0.195682753589808,0.0599279588718487,0.00561045722092706,0.0168121620524701,8.52370405588829e-05,1.15694831483892e-05,0.721869398581229
"TCGA.CC.A5UC.01A",1.61537289581767e-08,0.101041012284836,0.063806225669836,0.011085917879132,0.013847488467302,1.43199068358539e-05,0.0043551623983954,0.805849857239934
"TCGA.FV.A496.01A",1.78164281434634e-08,0.156695740343797,0.037860380673442,0.00291165716190546,0.00577396875659911,2.9826714333044e-05,1.80339006511338e-08,0.796728390499595
"TCGA.DD.AACK.01A",5.57890611576638e-08,0.1295238447595,0.0587864200711198,0.00290065539179823,0.0109506200785783,9.05677914676777e-10,1.79344316301416e-08,0.797838385069834
"TCGA.XR.A8TE.01A",3.41068272380956e-09,0.125960628242147,0.0636128653916636,0.00647920464237993,0.0131460313740253,0.000114337749866867,0.000726254946422078,0.789960674242812
"TCGA.DD.A3A4.01A",5.21572550303828e-08,0.217871676753111,0.0655565076621458,0.00300633988867133,0.00788916073397858,6.49318897248867e-07,1.93765755827866e-07,0.705675419720185
"TCGA.RC.A6M4.01A",2.03405140403852e-07,0.0598451647165535,0.0242092369261798,0.00188586572804616,0.00475782253727367,3.98947853072582e-06,4.53900465343524e-09,0.909297712669271
"TCGA.ED.A7PY.01A",1.41612400291771e-07,0.0646349554382043,0.0326072380660148,0.00216991165491827,0.00477571773318611,9.08846056646149e-06,0.000681121232377,0.895121825802333
"TCGA.DD.AADL.01A",2.96002870246841e-07,0.220388953301013,0.0482155553675991,0.00326948821265911,0.00838459216056502,1.01040526448812e-05,1.89616053668098e-06,0.719729114742112
"TCGA.UB.A7MC.01A",1.27510592873712e-09,0.109841675678721,0.0528363374454418,0.0015491830692895,0.00838398524715967,9.60515366136636e-07,1.58882899369239e-08,0.827387840880626
"TCGA.ED.A82E.01A",2.08321152443717e-09,0.137715111085557,0.0779829406157894,0.0198251605663747,0.0104488912701548,2.65998921957356e-05,1.01006814062961e-06,0.754000284418577
"TCGA.CC.A9FS.01A",4.91476755987971e-09,0.0531313871931319,0.0329685448173126,0.00184123885039078,0.0098757820025777,4.29329164073484e-06,0.00105830333334012,0.901120445596839
"TCGA.T1.A6J8.01A",6.99845044552362e-10,0.111138794910041,0.0517824104409979,0.00762922459785538,0.0102887433235152,1.37638067043474e-05,0.000447173187741973,0.818699889033299
"TCGA.DD.AAW0.01A",3.99308258037894e-10,0.118894017654899,0.0507003682364439,0.0178746220294351,0.0215823463581683,1.50289360885661e-05,0.00392166044013055,0.787011955945527
"TCGA.BC.A216.01A",1.12503307828967e-08,0.0298926848176261,0.0119814511250724,0.0022363242797789,0.00819051818183813,3.06755799913143e-06,0.0293242446254478,0.918371698161907
"TCGA.DD.AACG.01A",1.2445946832027e-09,0.0283538371539276,0.0169318303489493,0.00106503271436391,0.01415855639469,1.05531515088495e-05,0.0045566023575615,0.934923586634404
"TCGA.CC.A123.01A",1.67189934532931e-09,0.0424517137465031,0.0280692568873282,0.00193675454355732,0.0103102808806124,1.20558342673914e-05,0.00157124766395462,0.915648688771878
"TCGA.DD.A1EE.01A",2.17458248284662e-09,0.05180531350745,0.0444867434663713,0.00162849331794916,0.0136295990138959,9.01175768949378e-07,9.78147150274679e-09,0.888448937562511
"TCGA.FV.A3I1.01A",1.99253614300318e-08,0.0670665686310021,0.0442186480004821,0.008839762751864,0.0185015251783674,6.06876874094972e-06,0.004162918166332,0.85720448857785
"TCGA.G3.A5SJ.01A",0.00579051680219523,0.0793359272137824,0.0393397128279874,0.00467542980712066,0.0183871130795168,8.60216392301049e-05,0.0141330386178079,0.83825224001236
"TCGA.BC.A3KG.01A",3.10854504466606e-10,0.0333815443894152,0.0326213988796327,0.00175027460585887,0.00424833377079108,1.99502974595197e-06,0.00194270924711531,0.926053743766586
"TCGA.ZS.A9CF.01A",1.40078275004715e-08,0.10962407645738,0.0510203154114863,0.00221814219413862,0.00876035743515873,4.8067900227468e-05,0.00208846315095306,0.826240563442828
"TCGA.RC.A6M6.01A",3.60696663748184e-09,0.1245111187122,0.0452858085755395,0.00303722368669981,0.0166233364012609,1.90615473839777e-05,0.0238217548522918,0.786701692617658
"TCGA.DD.AACI.01A",0.00165882868605962,0.00781862457508907,0.0518351908744826,0.00725645753334884,0.087137188556947,6.91349062615284e-10,0.0497092597569756,0.794584449325748
"TCGA.EP.A3JL.01A",2.60179043369114e-09,0.0439709468602084,0.0523033438081847,0.00835475064996695,0.033564872725532,2.22189920444374e-05,0.00574090112216346,0.85604296324011
"TCGA.CC.A5UD.01A",1.94489343497447e-07,0.131166445778023,0.0791569391104395,0.00844107168857858,0.0165802224068544,1.6634004052233e-05,0.00394791663068045,0.760690575892029
"TCGA.ES.A2HS.01A",2.96295980008007e-08,0.0437695427681576,0.0543770769799885,0.00353257944138878,0.00994474049249677,1.25980407971611e-05,3.08612916151492e-09,0.888363429561444
"TCGA.BC.A10U.01A",9.8590236818677e-10,0.105041200151136,0.0225185843672607,0.00225157291360907,0.0117502308151828,6.98323424942956e-05,0.00555304392608519,0.85281553449833
"TCGA.DD.A119.01A",2.38684435118583e-08,0.0234835188833322,0.0242634507099279,0.00741568517788568,0.00865573867425686,3.26811253723325e-05,0.00108958365217521,0.935059317908606
"TCGA.2Y.A9H1.01A",3.90869071376682e-09,0.0791368549674951,0.0413843945530507,0.00122230394451721,0.0135391749339252,2.61871261916064e-05,0.0100206646903092,0.85467041587582
"TCGA.G3.A5SK.01A",2.27395507195511e-09,0.0975736209949192,0.0140906161359042,0.00486559579783369,0.0127986840512863,3.99797680193989e-06,0.00178401551748082,0.868883467251819
"TCGA.BC.A10Y.01A",1.18492732499639e-08,0.0757008982881738,0.064479886979998,0.00282425783745812,0.0146439538199323,5.42009817835731e-06,0.00426717990742888,0.838078391219557
"TCGA.DD.AAE1.01A",1.77705624392344e-09,0.111670594914211,0.0472081820508957,0.00138908268281823,0.00775509196494625,0.000114399274054686,0.000876681511868935,0.830985965824149
"TCGA.DD.AADN.01A",0.0102261202591313,0.00346563741037552,0.0113847003153758,0.000203827095333397,0.0563809529685259,2.16816986655982e-05,0.0942295359219656,0.824087544330627
"TCGA.CC.A3M9.01A",1.56163823527175e-06,5.2174573922645e-06,6.25049868910726e-07,2.63554540330126e-08,0.999988726442478,3.8104863101122e-06,2.94362028378465e-08,3.13405804274047e-09
"TCGA.DD.A73C.01A",6.34740551069067e-09,0.0752815841142254,0.12408720643683,0.00439934077475481,0.0162450125894619,4.92171368612311e-05,0.00226945942401622,0.777668173176445
"TCGA.BW.A5NP.01A",1.86028332208957e-09,0.0340263754394705,0.0304015864746525,0.00225443481165946,0.00460167576204976,2.87187553659974e-07,0.00162829208702212,0.927087346377309
"TCGA.CC.A7IL.01A",3.98908965292027e-09,0.103951781958786,0.0288999674314164,0.00167901532431261,0.00416255147965987,9.5353002903082e-06,0.00316242295989245,0.858134721556553
"TCGA.DD.AACV.01A",1.66111813068283e-08,0.155574463119729,0.034404205511017,0.00180190000645623,0.0080815827605995,1.56073948316807e-05,8.01649262828269e-09,0.800122216579693
"TCGA.DD.AAD1.01A",0.0253476635865001,0.0554425067386107,0.0842303251889068,0.0371926166823278,0.0170799925301777,0.000275230804946822,0.0199266500552782,0.760505014413252
"TCGA.DD.AAVV.01A",3.50467494843762e-08,0.134063332821926,0.084895214077364,0.014290297013321,0.0329339947596996,6.49123102003572e-05,0.00896086331960485,0.724791350651134
"TCGA.ED.A8O5.01A",1.04055111809372e-08,0.175526642204095,0.13087972355764,0.00331120074557853,0.00756209678735634,0.000107805496122195,0.000460102449463207,0.682152418354233
"TCGA.ED.A97K.01A",3.58602321567062e-08,0.211436158814444,0.0538800004821632,0.0272013611574437,0.0215234992427587,0.000114386094304937,0.000388732440809952,0.685455825907843
"TCGA.2V.A95S.01A",0.00992651468564597,0.060560352608953,0.036994840446496,0.005294916835703,0.05300746611278,2.93996600056396e-08,0.0680687864609569,0.766147093449805
"TCGA.UB.A7MB.01A",5.72759441365558e-09,0.0490149835776856,0.0442778509893625,0.00143828555443786,0.00450073415383991,3.41860514487774e-06,0.00112590299175475,0.89963881840018
"TCGA.CC.5264.01A",2.75932630961434e-08,0.225401725799771,0.0578111399502369,0.00545293407893818,0.0151493411400267,3.41431047424938e-05,0.0490503969492786,0.647100291383743
"TCGA.ED.A66Y.01A",1.14052598126584e-08,0.178277347258445,0.0529344118779051,0.00518129204358755,0.00731264020716939,1.53908517240638e-05,1.31272228678902e-08,0.756278893228686
"TCGA.ED.A627.01A",0.00922003073160925,0.0803139956399442,0.0548349558381652,0.0528229290323934,0.0641026087847426,4.98755081554674e-09,0.0238155065132004,0.714889968472394
