"","cellFractions.B.Cells","cellFractions.DC","cellFractions.Endothelial.Cells","cellFractions.Fibroblasts","cellFractions.Macrophages","cellFractions.Mast.Cells","cellFractions.T.Cells","cellFractions.otherCells"
"TCGA.24.1104.01A",0.00650195447554309,0.0117043300125915,0.0220632947620337,0.011196369967858,0.0298613818123531,0.000120582992942452,0.00932085563827459,0.909231230338404
"TCGA.25.1320.01A",0.00115605452987688,0.0547928475758912,0.0755235786712103,0.128436709866238,0.0292246070501686,0.000320716004538836,2.31983443237125e-05,0.710522287957752
"TCGA.24.1850.01A",0.00955207340367147,0.0933312683910591,0.0448882731148677,0.0574622168251345,0.072233283112282,7.37872663770276e-06,1.42241494568304e-08,0.722525492202198
"TCGA.61.2101.01A",0.00178871455590946,0.0282917889198911,0.0445106559727719,0.0557914608456857,0.014419660820785,0.000210218687965005,4.2029337896993e-08,0.854987458167654
"TCGA.23.1111.01A",7.16393820833965e-07,0.101069075813975,0.0584932098020664,0.0148802867509264,0.00832810170453627,1.50588738112215e-05,3.22923145480501e-08,0.81721351836855
"TCGA.25.2396.01A",0.0082654588553355,0.010528016576747,0.0495354667497583,0.0314109827359702,0.044060264613635,3.10375495164339e-06,0.0101299577387813,0.846066748974821
"TCGA.30.1714.01A",1.71907148674872e-08,0.183270136538417,0.032885480028752,0.00909152831665083,0.0100731843699809,2.23911117731487e-05,1.17859663943271e-08,0.764657250657745
"TCGA.04.1347.01A",0.00311347518267273,0.0627424365826172,0.0327553131165478,0.0141590172253287,0.00661201798379908,4.65998415306757e-05,1.22544512251057e-08,0.880571127813053
"TCGA.59.2351.01A",0.0666121015865858,0.0497227176576737,0.0457127527886773,0.0247063607562466,0.0606143875644189,1.07738004196323e-08,0.00178370548284781,0.750847963389749
"TCGA.09.1659.01B",0.00235839748063382,0.0333957228690065,0.0299109444249387,0.0181373293507894,0.0299808879873515,9.98825864819503e-06,0.00405497090202645,0.882151758726605
"TCGA.24.1431.01A",0.000824671090203835,0.0128982423709941,0.0166793857703954,0.0158389948161375,0.018430539124318,3.82209285268413e-05,0.000270639086092447,0.935019306813332
"TCGA.31.1951.01A",3.33073544957518e-08,0.124132365451875,0.0876250616594146,0.0711428187134104,0.0559641500117607,7.90676457431806e-05,0.00889732631442672,0.652159176896015
"TCGA.29.1769.01A",1.70243986393937e-08,0.0733287796484188,0.0299846365571965,0.0436735461577646,0.0389264604378419,1.00803369255977e-05,0.000438836741589448,0.813637643095864
"TCGA.13.0916.01A",0.0157198558565777,0.0242445764327221,0.0683100070810415,0.0129558156399604,0.0470152830330334,2.45144860958205e-05,0.0123504297814744,0.819379517689095
"TCGA.61.1721.01A",0.00912149941709816,4.53565664675871e-08,0.121166439441522,0.101018227580567,0.0427273436999628,0.00144080453698986,0.000618425510127581,0.723907214457165
"TCGA.20.1687.01A",1.8266570037843e-05,0.0987111558458726,0.0394400383445204,0.0298033778754975,0.0226534657694647,6.56116092467438e-05,2.7413039322603e-07,0.809307809854967
"TCGA.29.2414.01A",0.00502331380673393,0.0263014473084301,0.049984285911246,0.0756563470201587,0.0087976753816024,4.78047522894056e-05,7.6052254314535e-08,0.834189049767285
"TCGA.13.1411.01A",0.00132173965438075,3.93345222337923e-08,0.0754432807903672,0.106393152500298,0.161212898252195,9.14247459703549e-05,0.0537866580176986,0.601750806704568
"TCGA.24.1928.01A",0.00292647418949493,8.41218729591802e-09,0.0468044229301898,0.0699660587400423,0.0508111560189181,0.000121038069957541,9.10239986909058e-08,0.829370750615211
"TCGA.31.1959.01A",0.00663688735425203,0.0500524855753245,0.0969747339813753,0.129936703836389,0.105976898154514,0.000139850124161773,0.00277505971723518,0.607507381256748
"TCGA.57.1586.01A",0.00477924729193498,0.0411720450743976,0.0180489472072279,0.0038473662897157,0.0171836303123678,9.8265650467878e-09,0.000583722762878343,0.914385031234913
"TCGA.09.2044.01B",0.00255720139229494,0.0619476101058765,0.0404425277275953,0.0112995411006217,0.0710321505745711,4.29281270702308e-06,9.8629710977911e-09,0.812716666423362
"TCGA.13.1506.01A",1.33728805313225e-05,0.277149589883238,0.0484308611146199,0.00729709773063633,0.0182292338803289,1.94776991270861e-05,5.24583979758069e-08,0.64886031435312
"TCGA.25.1870.01A",5.41580845358083e-08,0.063049504070997,0.0347270741366932,0.00972619770545239,0.0311403142122861,0.00017900443901078,9.60441884584522e-10,0.861177850317034
"TCGA.09.0366.01A",1.5364080044278e-07,2.75659352718849e-08,0.00115000351200804,0.00875341447262063,0.476421985784979,0.000123761326082207,6.42289686812065e-08,0.513550589468606
"TCGA.30.1892.01A",0.011336325739063,0.050366669471893,0.0828633284602614,0.146210462430106,0.0188571065838607,7.27060444489907e-05,0.000772519691063249,0.689520881579303
"TCGA.13.0893.01B",0.0125534438578021,2.9467542624968e-07,0.0640389596359039,0.0454662191157945,0.0442396083055871,3.61771969831418e-08,0.00719620318193328,0.826505235050356
"TCGA.09.2056.01B",1.16744151872114e-07,0.0594436456099425,0.0202899944612728,0.012680712521159,0.0214672217532088,7.87860358421665e-05,0.0154137583060521,0.870625764568371
"TCGA.29.1781.01A",0.165970636797345,0.048762447190697,0.0457699189226122,0.0278234282665849,0.183995688353054,3.59340235137146e-08,0.0366770539805017,0.491000790555182
"TCGA.29.1699.01A",0.00392266548113714,3.1584984205639e-08,0.0390511626286354,0.0255120214837697,0.151598093365382,9.01650311644754e-05,4.78482666897318e-08,0.77982581257666
"TCGA.04.1364.01A",0.00608505908332795,0.0311781930630423,0.0301671221275119,0.0128125684466088,0.00215841158073073,6.37834348600313e-06,1.54887321912688e-06,0.917590718482073
"TCGA.59.2363.01A",2.42861782353524e-08,0.0770396835404047,0.0305294037880221,0.00758441563773529,0.0095088263845472,2.72610772907252e-05,1.00999258282043e-08,0.875310375185896
"TCGA.24.1416.01A",1.38322134081769e-08,0.0633943571388414,0.0176812181125064,0.00371926250863564,0.0193270808595609,1.42440477773036e-07,8.88039246427147e-08,0.89587783630384
"TCGA.20.1686.01A",0.004987691910234,0.0137031671863212,0.0311423800496688,0.0114125376639604,0.00625173039246576,7.26194933002807e-05,0.00199692613120872,0.930432947172841
"TCGA.29.1697.01A",2.91212192155091e-09,0.082024944469244,0.0246495345385997,0.00383036206714491,0.013888244179775,4.38442320584698e-06,2.23859657127702e-07,0.875602303550251
"TCGA.29.1770.01A",0.0154946190950306,0.0558701904836443,0.104128623403433,0.110477088038559,0.0180917934546297,3.0816636091958e-05,3.35114960452318e-07,0.69590653377365
"TCGA.23.1116.01A",0.00343416391710607,0.0168824887425014,0.0538204622864372,0.0960200498052058,0.0544638188915305,0.000758544607711942,0.0144761982165712,0.760144273532936
"TCGA.29.2428.01A",0.0214508517111389,0.0428890750115225,0.0204724056300306,0.0215646639167479,0.0539724236215239,5.78163681336553e-05,0.026679709030409,0.812913054710494
"TCGA.24.2293.01A",0.0115838655796071,0.0083893887032495,0.0941766391118046,0.156619664793066,0.055264122406643,0.000133531351710592,0.00920729711282645,0.664625490941093
"TCGA.25.1635.01A",0.000588844003377942,0.0756408676374772,0.0641521312280752,0.101869463500387,0.0420761286185696,0.000129799920795996,0.0131673728361916,0.702375392255125
"TCGA.25.2409.01A",2.14835910864515e-07,0.0903378761974943,0.042899996321968,0.0461094542116362,0.0674856756549818,1.02883667360418e-05,0.0019667375289527,0.75118975688232
"TCGA.24.2280.01A",0.0147225768161844,2.58094839227347e-09,0.109516762474604,0.0958227746816774,0.0493617775955569,7.98722633841258e-05,1.21006279494866e-07,0.730496112581365
"TCGA.29.1710.01A",0.0236106344064757,0.00883155505794881,0.0424784743603232,0.104613209531141,0.0842920976486887,6.80658723545039e-05,0.0245926643243654,0.711513298798702
"TCGA.61.2095.01A",3.06221687192359e-08,0.143849138760086,0.0682303887760762,0.0323035325498002,0.0439919039319467,0.000110115524358514,0.00746238402364048,0.704052505811923
"TCGA.13.1489.01A",8.01852550559939e-09,0.0780862362909993,0.0240529704595516,0.00726201267034619,0.00726558896540502,2.44334135342919e-06,8.24284300468927e-08,0.883330657825389
"TCGA.23.1023.01A",0.00809131203285953,4.71959670069539e-09,0.127305858374465,0.0346233103004458,0.0587546875872084,0.00022113036742193,0.00674758787633976,0.764256108741663
"TCGA.29.2425.01A",0.00895433805771006,0.0510091200928422,0.030876871130489,0.0218448625670774,0.0178244261031229,7.93647373122766e-05,0.00229040508464211,0.867120612226804
"TCGA.36.1574.01A",1.45869462362555e-08,0.152514576875557,0.0620715509246519,0.0956998482646216,0.039181619450289,7.07292534879494e-05,2.10098363197283e-07,0.650461450546083
"TCGA.30.1853.01A",0.00342852299556905,0.0224361301488539,0.0222995452340574,0.00946947669275397,0.0016637139686709,3.37128886739354e-08,3.73200931098076e-07,0.940702204046275
"TCGA.04.1648.01A",7.73208236908511e-09,0.229346637537171,0.0534941322173293,0.00802271987353409,0.0324732992423508,7.6864365595004e-05,1.20567840810234e-05,0.676574282247856
"TCGA.13.1409.01A",0.00334521658296203,0.0395528373609916,0.0318609099003338,0.0147098607279931,0.00247807584956336,2.36981195536292e-05,5.1783570521822e-08,0.908029349675032
"TCGA.OY.A56Q.01A",4.39179264649355e-08,0.186449070188067,0.0763335019149653,0.00710777207795176,0.00750332599993788,1.87879697739916e-05,1.7260143123943e-08,0.722587480671234
"TCGA.24.1471.01A",0.00161423341310978,0.00970082785686476,0.0128296991867458,0.00535875577439826,0.012727132549975,6.42227361514999e-09,0.000306680177987957,0.957462664618645
"TCGA.59.2350.01A",4.06352045008782e-07,0.0639536766115204,0.0388952012920602,0.015673869001299,0.0193184361861832,5.14534953327363e-05,0.000208754304290378,0.861898202757269
"TCGA.29.1688.01A",2.44763993777046e-07,0.120665216125295,0.0494354815987926,0.0501894967504419,0.0834197789752162,0.00336077516412753,0.000497348030293663,0.692431658591839
"TCGA.61.1724.01A",0.0148726858927454,0.245001014393644,0.118052764941415,0.0835213706112787,0.0373829112624724,1.09612845194101e-05,1.7329345486117e-06,0.501156558679377
"TCGA.25.1628.01A",0.00551972549162374,0.0876851525552793,0.0904009862990527,0.16817650283897,0.07965573870078,0.000117506677158467,0.0247951681347673,0.543649219302369
"TCGA.09.1669.01A",0.0393817045436668,0.0368279526617063,0.045817473086358,0.0194373199395963,0.0297098754734797,4.925609269955e-06,0.0118773440762596,0.816943404609663
"TCGA.13.1405.01A",0.00131888793273202,0.113179419655273,0.0862199216662333,0.0590898703400915,0.0376125842421014,3.48721539276855e-05,0.00733684025333645,0.695207603756305
"TCGA.24.2024.01A",0.00177363818200446,0.0723339971088021,0.0518763620655054,0.0525438821539149,0.0224741761401771,6.94227858258494e-06,1.5756770099401e-07,0.798990844503312
"TCGA.24.1422.01A",0.00188623815381538,0.0217986644077452,0.0778701669169439,0.106063922911357,0.0402641645272364,2.84425932514605e-05,0.0226962730863826,0.729392127403269
"TCGA.61.1740.01A",0.0343220241245238,9.85247892039344e-09,0.0479038580175963,0.0243413858734216,0.143177352796183,9.6113545241406e-05,0.000931333936691927,0.749227921853863
"TCGA.13.0891.01A",9.81017149828993e-06,0.105204229284373,0.0509078326197536,0.0100100385413863,0.00864889789856898,4.94443121698917e-05,0.00174828734915265,0.823421459823097
"TCGA.61.1728.01A",0.0039692449282055,0.0793377577536482,0.0433134527927771,0.0244005815956512,0.0234362678066224,5.95399937347492e-05,1.14101151175218e-07,0.82548304102821
"TCGA.61.1733.01A",0.00419563410854862,1.93830161828254e-07,0.0313602504981511,0.0705201272058145,0.0395064414366998,7.37501186695654e-05,3.46482181272109e-07,0.854343256319773
"TCGA.13.0720.01A",1.89274712473282e-08,0.134312210379008,0.0301177727805729,0.00503664300820783,0.00708892802062918,2.51437734346337e-05,4.63921079170623e-07,0.823418819189597
"TCGA.29.1698.01A",0.00408525823793257,0.0187861914777071,0.0660649914556785,0.0840728042834733,0.0211316372352889,6.78229729792843e-05,0.00393075930818748,0.801860535028753
"TCGA.24.2288.01A",0.0634454090077304,7.18463373632183e-07,0.0585132264015663,0.0469299939394577,0.0729185980314741,0.00153937465982856,0.0104606937297352,0.746191985766834
"TCGA.25.1630.01A",0.00164210328087135,0.0436588858543103,0.0324398875454421,0.0175164650223065,0.0460804288548417,7.51515230260137e-05,0.00197006908300168,0.8566170088362
"TCGA.13.0901.01B",0.00412997674883943,2.80692304727699e-08,0.0282398544587693,0.0410191661947878,0.0127148983247721,1.96621439190632e-05,4.3251879713967e-06,0.91387208887171
"TCGA.24.1567.01A",4.04588665614317e-07,0.0564994032584233,0.0306896241952618,0.0124297837207186,0.0101271589903389,3.56215546577298e-06,2.31932697568656e-05,0.890226869821369
"TCGA.23.2084.01A",0.00642325945290859,0.0875637642257381,0.0641255688978019,0.0398427600694012,0.0492524988202147,2.28978124321923e-07,1.01204622985445e-08,0.752791909435349
"TCGA.36.1576.01A",0.0153250771994361,0.0975542801107737,0.114935564979709,0.204192375555967,0.0909551531992867,0.000450762867051933,0.0171467079642046,0.459440078123571
"TCGA.13.0730.01A",0.00294479674877601,6.7524415514763e-08,0.0668936354529772,0.0256006031341956,0.0387718710891656,4.010402491921e-06,6.55234734298475e-07,0.865784360413244
"TCGA.04.1517.01A",0.00344936142422983,0.0325315761454931,0.0237901385297826,0.0107321596220515,0.00956919934639097,1.88127224565901e-05,6.19480004237521e-08,0.919908690261595
"TCGA.29.1778.01A",0.0208706267157379,0.0369079018315065,0.0499012387267186,0.0174498976602313,0.0269431536259722,4.49453844982794e-05,0.0134750611778542,0.834407174877481
"TCGA.24.1413.01A",5.43780835216634e-08,0.0653594333597762,0.0389660185393406,0.00711832263593542,0.0178456225173951,4.52469655262595e-06,1.95199288443292e-08,0.870706004352988
"TCGA.24.2023.01A",3.4584267798152e-08,0.401736315778794,0.0692712469757325,0.00990078003896564,0.043719328510399,0.000756442461193064,1.62369838607697e-07,0.474615689280809
"TCGA.13.0725.01A",0.00703607636935535,0.0163325950640453,0.0494550753306285,0.0356875347529912,0.0525462636637714,0.000229518249732977,2.61871737854279e-08,0.838712910382301
"TCGA.13.0883.01A",0.00135703638023743,0.082468630902584,0.0659552021897623,0.17822590448411,0.0401603267159112,0.000129399314403859,0.00160704090010565,0.630096459112886
"TCGA.24.1555.01A",1.00833376021448e-08,0.106011523390511,0.0272977093060455,0.00617955528942087,0.0135984381442302,2.67549435768347e-06,1.92258112373393e-06,0.846908165710974
"TCGA.23.1029.01B",1.27207187505625e-07,0.132677469504764,0.050667831167728,0.0123313027568406,0.0259027636137667,2.09969987310879e-05,9.10756730466495e-09,0.778399499643415
"TCGA.13.1507.01A",0.0150252148637128,0.0459733792200823,0.03856449682858,0.108965026037457,0.0729834935618552,0.000174532461300673,0.0224204999409566,0.695893357086056
"TCGA.61.1998.01A",4.58007202366497e-07,0.113299164068757,0.0666725634325411,0.0444769336905267,0.0569764983453539,6.85183171499161e-05,2.57472364426173e-09,0.718505861563745
"TCGA.24.1419.01A",0.00236759980828415,0.0911080695700592,0.0333279922538527,0.0157062208220205,0.0100764812283586,5.54671647127879e-06,2.90056094754533e-09,0.847408086700393
"TCGA.30.1862.01A",0.0135444023967285,0.0636675209364656,0.0673682376492266,0.0821913748488994,0.0307732586443024,7.17498755819447e-05,0.00218487771482929,0.740198577933966
"TCGA.09.1670.01A",0.0030577612743406,2.8006374174818e-07,0.0180145218352781,0.00832828705995001,0.036636401420101,3.64580013752613e-05,1.23084784041853e-08,0.933926278036735
"TCGA.24.2281.01A",0.0171019460812966,0.042972245446424,0.0279114075786924,0.0110578204229314,0.0544518461595685,1.00104750447227e-09,0.0133747821234061,0.833129951186633
"TCGA.57.1994.01A",0.0159280327896465,0.0879257871243307,0.0380952729394811,0.00791653624157662,0.0564564071451088,1.22214117160933e-08,0.0204081575826193,0.773269793955825
"TCGA.24.0968.01A",0.00229983647704349,1.50352755860545e-08,0.0306358392939839,0.0347493237922381,0.087389994230022,1.82810763834905e-05,0.00105216247681596,0.843854547618238
"TCGA.23.1113.01A",0.00247490418026315,0.0418320776754599,0.0342144542967778,0.0232590744974203,0.0122295077844035,3.14204619596651e-05,6.40479589608645e-09,0.88595855469892
"TCGA.24.1548.01A",0.00705896523084179,0.0696823054673788,0.0247529796446885,0.00849615314742405,0.0267148650704965,4.89443499707186e-06,9.48946431401433e-09,0.863289827514709
"TCGA.24.1552.01A",4.53106332174984e-09,0.104797196676619,0.0502152041139692,0.0137657740357499,0.0172551891709503,2.12460760050304e-05,8.85510223470998e-08,0.813945296844621
"TCGA.24.1930.01A",0.0208751181891467,0.0142178060088319,0.0627816062470258,0.0625125248116731,0.103258120337519,3.72871163418865e-07,1.22769200258941e-07,0.73635432876544
"TCGA.10.0936.01A",0.0162458526030454,0.039276531195813,0.0296112921759082,0.00984404082682349,0.0307814564998651,8.07430879966564e-07,0.00792860787438912,0.866311411393276
"TCGA.61.2102.01A",0.00468637020947369,1.20318546675511e-07,0.128541308106788,0.0432710736412605,0.0640092100225635,1.34715470404099e-05,1.03238747347689e-07,0.75947834291558
"TCGA.59.2352.01A",0.0353569170723654,0.00972763770300688,0.045662249326678,0.0200264531644992,0.0313943013872212,1.73704758279359e-07,0.00570353144153054,0.852128736199941
"TCGA.61.1910.01A",0.000866345646921367,0.0185189784201625,0.0354250620786851,0.00598767912765794,0.014007828584479,0.000153363024324838,2.20481852699873e-08,0.925040721069584
"TCGA.13.1512.01A",0.00143180116446432,0.0112435697065706,0.0344355722182771,0.0496876587685281,0.0332881315374887,0.000294322432150775,0.00689271082944986,0.862726233343071
"TCGA.29.1768.01A",0.0068154159007204,0.0193174263736238,0.040669480147215,0.227552857095572,0.0493185640853286,0.000294434757435082,0.0161573423996697,0.639874479240436
"TCGA.13.0897.01A",0.00190483317404257,0.00023274513392187,0.0657415474784079,0.0541963471594482,0.0565492040925361,6.47093859850003e-05,0.0115083271219708,0.809802286453688
"TCGA.10.0938.01A",1.69696325534058e-09,0.101485998501112,0.0232727445774872,0.00511806704146688,0.00404457946250656,6.17009601943727e-06,2.65816859014099e-05,0.866045856938544
"TCGA.13.0804.01A",0.00442291012597274,6.43408345852333e-09,0.0202984929651579,0.00539465935610244,0.076972990277649,5.39751102198868e-09,0.00189812339095022,0.891012812052573
"TCGA.13.0920.01A",0.00923546180637689,0.0287085558058868,0.0125885915739799,0.0135073797649092,0.00624263041105439,2.58014548459888e-07,0.0034369060573238,0.92628021656592
"TCGA.25.2042.01A",0.00881295362629675,1.21779479837825e-06,0.126275010291408,0.250470917540621,0.0427981920116758,0.000272933112289713,5.62558661523807e-07,0.571368213064249
"TCGA.13.1505.01A",0.0128382431385256,0.0519111346059713,0.047883686053729,0.0910573277109687,0.0151243798127514,0.000117573811079277,0.00440950060446935,0.776658154262505
"TCGA.61.2110.01A",0.00143904037797007,0.034889941160108,0.0153989307213924,0.00890012704554671,0.00851307271418833,1.60040107510837e-05,0.000962873171132511,0.929880010798911
"TCGA.24.1849.01A",0.0334740790324702,3.80159485512518e-08,0.127204381438318,0.113149509595792,0.154841901245268,0.00030709707143923,0.0214628611659284,0.549560132434835
"TCGA.04.1341.01A",0.0128060502322486,0.0998706489338675,0.0394148401186585,0.0233928093198714,0.0120429526174044,4.2229467745929e-05,0.000205665009659159,0.812224804300544
"TCGA.24.2254.01A",1.79835094047235e-08,0.136967418567736,0.0619328806179715,0.0251519234938476,0.0314091179864288,9.32496139805567e-05,1.1841049961514e-09,0.744445390552421
"TCGA.13.1488.01A",0.0102221584681842,0.0909525859095392,0.0352079390943748,0.0161987150680223,0.0150913229518424,0.000171210932579618,0.00982959675980957,0.822326470815648
"TCGA.61.2094.01A",0.158321136606667,0.00869391386162946,0.0251427044516721,0.00990373257774896,0.169460795324157,6.69349106014952e-09,0.0856002996545894,0.542877410830045
"TCGA.20.1683.01A",0.0786124906211217,0.323749427651745,0.0663479795010671,0.0171316883793516,0.0234815209463482,0.000194180309303829,1.64509470167118e-09,0.490482710945968
"TCGA.29.1703.01A",0.00705833735699623,0.0752224008208354,0.0469968415295681,0.0231309739469389,0.0158306682274655,8.88568904892447e-06,0.00204676090611699,0.82970513152303
"TCGA.04.1343.01A",0.023329715493871,0.12453255113682,0.0805083763733166,0.053739459797299,0.0421097126770331,8.25431665332719e-05,0.00158010810911831,0.674117533246009
"TCGA.25.1627.01A",0.000885458749516025,0.0553779457228867,0.02503272275022,0.0137416863784835,0.0216984285969595,2.36377862749717e-05,1.68938189912331e-08,0.88324010312184
"TCGA.61.1919.01A",0.00843974578730898,0.0227730304676467,0.0481566683347699,0.133017113477815,0.0789773022686134,0.000133556497477443,0.00149690006955417,0.707005683096814
"TCGA.24.1565.01A",1.7891949579956e-08,0.0871023208806988,0.0215548764008134,0.00507923862839393,0.0395204717002243,2.53464092426191e-06,0.000653340502283079,0.846087199354713
"TCGA.31.1946.01A",4.07430917103071e-08,0.171439878063274,0.0865874233369312,0.115470701181994,0.0671634694248443,0.000196489716996512,1.42420822506444e-07,0.559141855112046
"TCGA.29.1774.01A",0.000563744120362578,0.0312496642015432,0.0434837362360025,0.0184919739345324,0.00833814397071464,1.00866881572013e-05,2.21862381042921e-08,0.897862628662449
"TCGA.36.1577.01A",1.16847816393787e-08,0.0833828616351713,0.032983944509901,0.0123339925234545,0.00977023777646895,1.44764453872575e-05,2.77676941637986e-09,0.861514472648066
"TCGA.24.2261.01A",0.00453946681782036,1.70467990917341e-08,0.0390730402743426,0.0423805868733205,0.0858263189674097,4.6326377615201e-05,0.020559973605744,0.807574270036948
"TCGA.23.2077.01A",0.00456270380177036,3.48092690286005e-08,0.0233869027730541,0.0135700229762224,0.042900577923935,3.15246692991243e-09,3.82794716718986e-06,0.915575926616115
"TCGA.36.1581.01A",0.03815380324101,0.0931443780160755,0.040628692288598,0.0118250825936536,0.0561032555610498,2.66238521807401e-05,0.026790197614824,0.733327966832608
"TCGA.09.1661.01B",2.38901918859461e-07,0.0723870447763918,0.04193990637117,0.0144335818164975,0.00808169889370346,6.21745745202327e-05,1.98629725803784e-07,0.863095156036072
"TCGA.13.1482.01A",0.0010343832113997,0.0267836312977157,0.0297670826364226,0.0262541740691491,0.0123259907986343,5.55664110470944e-06,0.00580847287583448,0.89802070846974
"TCGA.13.0924.01A",0.0309907577086398,1.56548509328167e-08,0.0661886804010548,0.0410429933058598,0.100841265058881,0.000210390693577541,0.0217983686581498,0.738927528518987
"TCGA.23.1120.01A",0.00409249524344661,7.87914936269195e-08,0.0275644622087687,0.0204416782390378,0.051283730702464,7.65739589329863e-05,0.012979889130114,0.883561091725742
"TCGA.04.1357.01A",0.0381137705798806,2.17541601624453e-08,0.00519116844125039,0.0188311526846941,0.123531036771329,1.19055367039127e-08,0.060556260495839,0.75377657736731
"TCGA.04.1651.01A",0.000784300029204017,0.178182652711645,0.0355888214575795,0.00530152643969231,0.0177388260451575,1.31388290172728e-05,2.7934310487619e-10,0.762390734208361
"TCGA.13.1497.01A",0.01519800322786,0.0513191856501072,0.0507069267502556,0.0281386680554116,0.0240669592448942,5.62589032430805e-05,0.0020226635756216,0.828491334592607
"TCGA.24.1557.01A",0.00640773678302379,0.0321058457954768,0.0352351216318267,0.0166408546710986,0.0258090324381628,1.90052776469813e-07,2.69203072240214e-10,0.883801218358432
"TCGA.24.1562.01A",1.76840449919108e-08,0.136677934943609,0.0585347565483039,0.0540974857200226,0.0209990929224143,9.1170577451295e-05,0.00401778310420141,0.725581758499953
"TCGA.24.2289.01A",0.00386600589522909,2.29774431301113e-07,0.0739284302541902,0.119915250357333,0.0637311947187217,5.64220491892971e-06,4.29793804565215e-08,0.738553203815795
"TCGA.25.1871.01A",1.57819941957812e-08,0.039491585266527,0.0323937393888187,0.00522572418583795,0.0023456469729834,1.69988913722713e-05,0.00011131952817982,0.920414969984287
"TCGA.29.1777.01A",0.0060714024683677,0.0436177837841938,0.0290532554234773,0.109974741965426,0.0195990230105727,0.000177934099341831,0.00491908680799314,0.786586772440628
"TCGA.04.1542.01A",2.02751163905695e-06,0.10867117747195,0.0360835544626888,0.00773035341516094,0.00487805576740196,5.90375550674811e-06,2.16956433201677e-07,0.842628710659219
"TCGA.24.1556.01A",0.00209908821601552,1.03241444114144e-09,0.0356293420600592,0.0136148377720853,0.0605667456764023,6.77029740278613e-06,0.000139548286494994,0.887943666659126
"TCGA.24.1427.01A",0.0126402457214744,0.0908563799916054,0.0807215891324619,0.0825817235218639,0.0478292623325957,5.38873694365737e-05,0.00558204655064325,0.679734865379919
"TCGA.13.1403.01A",0.00431132586575929,0.0584819401786709,0.0850789599133632,0.0269809723878674,0.00919785204140514,2.83648695243367e-05,4.82732604029125e-08,0.815920536470149
"TCGA.13.0797.01A",0.00475156467296506,0.0192298977940941,0.0202288984648331,0.00878882159654855,0.0265829732555278,0.000103202428818995,0.00778816462271337,0.912526477164499
"TCGA.09.1668.01B",3.60323981959227e-08,0.117443028607037,0.0744655674320572,0.0363131349835614,0.0405797308846271,0.000217943287314269,0.0104316943351844,0.72054886443782
"TCGA.29.1694.01A",1.51028822137837e-08,0.183898020739846,0.0566536608130849,0.0425219834248707,0.0216529542558526,0.000205210939179249,0.000465931734790995,0.694602222989494
"TCGA.36.1571.01A",9.59773084527335e-09,0.0576835315733358,0.0334467787247515,0.0090492065187754,0.00888650872391804,1.18526721002367e-05,6.01950178298232e-08,0.89092205199437
"TCGA.25.1318.01A",0.00653219274765488,0.0212378896626429,0.0389093278804446,0.0307273828222068,0.0286982178450545,2.25454671293115e-05,3.87060576961264e-09,0.873872439704261
"TCGA.13.0714.01A",0.0102074558049135,0.0538015657193856,0.0480910666224972,0.0292289729701589,0.0217869890268725,0.000118044015881224,0.00646437307940912,0.830301532760882
"TCGA.24.1418.01A",0.0057651523322751,0.0309664566218633,0.0535525596236586,0.061421966288555,0.0242813518249413,6.24260992329321e-05,0.00141402218497894,0.822536065024495
"TCGA.25.1633.01A",0.0226091624153536,0.0109812374717581,0.106645664875671,0.149186815474817,0.0650573743147667,0.000131215155053728,0.016912429518696,0.628476100773885
"TCGA.13.2060.01A",0.0106950740831553,2.03043439828233e-09,0.0328504399462968,0.0369690073443686,0.061865548942892,8.31962995960143e-09,0.00921437669067638,0.848405542642547
"TCGA.13.0905.01B",0.00283424993543831,0.178022279131558,0.0678518705317402,0.0215790512660291,0.0115372576672997,1.45328907598683e-05,0.00206102852416035,0.716099730053015
"TCGA.29.1785.01A",1.08624057751206e-05,0.0239216345987945,0.0292422530745206,0.0232490393968567,0.0936131188565432,8.23769816084364e-05,0.0235868083982639,0.806293906287638
"TCGA.09.0369.01A",0.00510249347609755,3.66921904529071e-08,0.109992127591386,0.0743092804918322,0.0383726583210189,9.87652465980025e-05,2.2122072632523e-08,0.772124616058804
"TCGA.61.2088.01A",0.00525832138155779,0.0662897966121069,0.0544820608461553,0.0136623031237545,0.0140224628124984,8.94062622142779e-06,0.000155074681356523,0.846121039916349
"TCGA.13.0885.01A",3.15011692346211e-07,2.64183244917429e-09,0.00234051961828126,0.014069432403647,0.0996109328847803,9.51309931677794e-05,0.0138523797774852,0.870031286669114
"TCGA.13.0726.01A",0.000476871633398888,0.0739126233878902,0.0342521970776155,0.0253789400415371,0.0182207151751883,0.000830405127554176,0.00835394970063878,0.838574297856177
"TCGA.13.0923.01A",5.52141653706216e-08,0.111550372207838,0.0352277873899725,0.00805605368175495,0.0408294639397992,2.86720716785064e-05,0.00721940722776073,0.79708818826703
"TCGA.24.1430.01A",9.69365894253405e-09,0.0780560932910768,0.0435005587031066,0.0188483887443351,0.0071417399193687,4.86984072904201e-05,5.71564251499606e-08,0.852404454084738
"TCGA.24.1549.01A",0.00111085448192625,0.0430153452972827,0.0263305788426293,0.00814904310134874,0.0201090325651422,7.5198074179475e-05,0.0299217772716969,0.871288170365794
"TCGA.24.1467.01A",4.24217206174166e-09,0.063973994812717,0.0291952978167784,0.00539349084299606,0.0155345272858623,1.57683790978794e-06,0.00174570519821995,0.884155402963344
"TCGA.20.0991.01A",0.126193800330149,1.70186984665496e-08,0.024535179152668,0.0131016642213884,0.40205884941558,0.00014764463278228,0.0843907982292535,0.34957204699948
"TCGA.25.2401.01A",0.00759827682637457,4.67228687734754e-07,0.0881328918542863,0.148121071911792,0.136758863944357,5.22705910436267e-05,2.52276818085684e-08,0.619336132415777
"TCGA.13.0919.01A",0.00357190135762644,1.83350554076422e-07,0.0495847432123381,0.0593638117638012,0.0619755321621838,1.08427735819149e-05,9.50993821581603e-09,0.825492975869976
"TCGA.13.1485.01A",7.98676766553916e-07,0.0989922457822556,0.078809662185949,0.134752398401467,0.0161185583745039,0.000101015808799511,7.10598002441827e-08,0.671225249710458
"TCGA.24.1464.01A",0.00428331380317526,7.06852827370134e-09,0.0194667244242859,0.0122749265035034,0.0323059071784084,8.92758579092872e-06,0.015129751109738,0.91653044232657
"TCGA.31.1950.01A",0.0104887924867743,0.0587014539985837,0.0594102355823339,0.0030752754775066,0.0474824991359001,2.05631456601156e-06,2.42533150155005e-08,0.82083966275102
"TCGA.24.1434.01A",0.00393266513673927,0.0689163754821342,0.0780476658683497,0.197693500849476,0.0781663807502284,8.61942872448504e-05,2.27196271596294e-07,0.573156990429557
"TCGA.24.1616.01A",1.20490359035197e-07,0.069567927378152,0.0258329934501026,0.00675766788243355,0.00970822183931145,1.83200306618491e-05,7.064437702515e-09,0.888114741864542
"TCGA.09.1666.01A",0.00467676838666814,0.0299509189143955,0.0359918450221588,0.0130895709141922,0.0420493933115453,2.09687639906143e-05,0.00725983468600826,0.866960700001041
"TCGA.13.0762.01A",1.67662289699362e-08,0.069657375433704,0.0328556919382283,0.0141180602816662,0.00699827053498286,2.16750193408937e-05,0.00168520370924396,0.874663706316605
"TCGA.10.0934.01A",1.21727503392102e-09,0.0505263461330284,0.0185411448794242,0.00141909051808165,0.00193650408928243,9.73977124258452e-06,0.00216228749782499,0.925404885893841
"TCGA.09.0364.01A",0.000720362929455403,0.0252874013945018,0.0361105904973419,0.00740329482490804,0.00471461751085818,2.72096339592575e-07,2.31079073749684e-09,0.925763458435804
"TCGA.04.1331.01A",7.75327196328902e-07,0.111113154387298,0.0568128439588623,0.020629367784272,0.0114991964234618,6.22877815986452e-05,1.04630649750388e-08,0.799882363874246
"TCGA.24.1846.01A",4.18198516726152e-08,0.115692537396179,0.0316732653759554,0.0313265178104784,0.0270949621982429,0.000341046084567223,0.00301662921218497,0.79085500010254
"TCGA.24.1436.01A",0.00165187415277237,5.24525717676568e-07,0.0184905748258485,0.0215343166533348,0.0674192304197689,1.45617058917993e-08,3.02587724375963e-07,0.890903162273127
"TCGA.13.1408.01A",0.0193453353668486,0.0405834222117567,0.076429069178342,0.0777055627858856,0.0207625481125385,3.78840029255463e-05,0.00143171785209187,0.763704460489611
"TCGA.24.2033.01A",0.00510399412078218,0.057520126290447,0.0507715554412105,0.0481480527024738,0.0279398797575651,9.16354421093889e-07,1.50275437425264e-08,0.810515460305557
"TCGA.24.1843.01A",0.0168598355057963,0.1076254552711,0.0315872170860408,0.0103295207122122,0.0533684024784302,0.00016716130422937,0.00523511217948443,0.774827295462707
"TCGA.10.0927.01A",0.00244339538703741,0.071677059581767,0.0268867703775695,0.017676311427055,0.00734357694630511,3.33515580213872e-05,0.000522692666534822,0.87341684205571
"TCGA.10.0937.01A",0.0078398604615965,5.11733678789249e-07,0.0257369702540835,0.0150209812081796,0.0518299605042179,2.07583335544752e-05,0.0101400130625521,0.889410944442137
"TCGA.09.0367.01A",0.00439120759790559,3.7109969869443e-09,0.00893987198399592,0.00500703370419968,0.0215268646478584,3.19098629782934e-05,0.0056563867343542,0.954446721757711
"TCGA.24.1845.01A",0.00241595250696491,5.97637179819086e-07,0.00526023684308854,0.00116629643654044,0.0189224478412408,8.14188076829408e-09,6.00795312109124e-07,0.972233859797793
"TCGA.24.1560.01A",1.82016818786651e-07,0.121062521042251,0.0403572336511545,0.00988826131753624,0.0141266179194036,3.5626405186019e-08,8.61256316027763e-08,0.814565062300799
"TCGA.13.0724.01A",0.00355102832581815,0.0676627381440547,0.0430493176386786,0.0250532795921798,0.0156193213705003,0.000207562868133202,0.00315330698298931,0.841703445077646
"TCGA.5X.AA5U.01A",3.59826101508569e-08,0.0874610949444015,0.0503034288404949,0.0131701454783888,0.00717929346762583,1.33284556052949e-05,2.31094266057541e-08,0.841872649721447
"TCGA.25.2393.01A",5.45638116873226e-09,0.056916315933264,0.0370370045645011,0.0124898838571522,0.0150417661390149,4.34429595494102e-06,0.00447396010586679,0.874036719647865
"TCGA.25.1322.01A",0.000442140801499999,2.97789638864039e-09,0.0249694831292988,0.0281462795794489,0.081740724716082,5.61756459859242e-05,2.32751124249956e-08,0.864645169874676
"TCGA.61.2009.01A",1.61538337798764e-06,0.0997050444349156,0.0610710669833461,0.18772149351309,0.066813976080708,9.76150399759539e-05,5.31442990369923e-05,0.584536044265549
"TCGA.13.1481.01A",0.0356126786189477,0.0535942723387588,0.0548791014545685,0.0787982413575709,0.0148660960689045,0.000110490714015166,0.00243264688559434,0.75970647256164
"TCGA.13.0799.01A",0.0016319658769339,0.0291109121792015,0.0148777764786547,0.0036259864629199,0.00469618780267872,1.94494658172749e-06,0.0040518540821277,0.942003372170902
"TCGA.13.1487.01A",0.00203189084808081,0.0238562346055224,0.0418412084129569,0.0460850899500314,0.0078229882158094,2.31048687656344e-05,0.000999406975815505,0.877340076123018
"TCGA.24.1564.01A",9.67206490550303e-08,0.194669260793658,0.0788193972714564,0.0620316203459422,0.132039580541369,3.18800199687119e-05,4.61310436962651e-09,0.532408159693852
"TCGA.61.2109.01A",0.00300481811478777,0.0821316810567431,0.0523581037489082,0.014973045096329,0.0183774064691219,1.41114109934893e-05,0.000901647532579207,0.828239186570537
"TCGA.59.2354.01A",0.0093044582718545,0.0764986321589399,0.0907439805956174,0.112707275812119,0.0613397424783957,3.75251974653386e-05,0.0149952016126618,0.634373183872946
"TCGA.10.0926.01A",4.09137216120723e-08,0.101583670634053,0.0687770414626096,0.0179951987590011,0.0204769942308594,2.430867816143e-05,0.000195876613959802,0.790946868707635
"TCGA.04.1519.01A",1.32801053961464e-08,0.171535199527945,0.0611080609451879,0.0100117005140472,0.0102138754818983,1.72954616417716e-05,3.23281469609809e-08,0.747113822461027
"TCGA.24.2020.01A",0.00155105634125255,0.0112148082973808,0.0424044784339683,0.00681748785395413,0.00885678843950949,1.74041849331133e-05,6.29262353536252e-05,0.929075050213648
"TCGA.3P.A9WA.01A",0.000566576107174937,0.03875743936464,0.0345868005124662,0.00526613213670607,0.00927646509273557,6.91815212474086e-06,0.0127297687245853,0.898809899909567
"TCGA.04.1348.01A",0.00592773533982374,0.0185549018428918,0.0253929262038252,0.00810403953168194,0.0772793429537477,1.21743470891898e-09,0.0217725165127261,0.842968536397869
"TCGA.13.0906.01A",0.00242089956851114,0.0485504671176023,0.0247028507518396,0.0102702469008616,0.0125291821994528,1.2768594174814e-05,0.00524728822870041,0.896266296638857
"TCGA.30.1860.01A",0.0127225725618229,3.58466369967486e-09,0.00591570349895513,0.0278024359664385,0.128917651235623,3.72014443873775e-06,0.0418857586346076,0.78275215437345
"TCGA.36.1569.01A",0.0114689510513349,0.0683350980277939,0.0640354552815039,0.10608645670464,0.0478088386197382,0.000149585155920115,0.0149632274053054,0.687152387753764
"TCGA.25.1319.01A",0.00059936617032345,2.54388062427616e-09,0.0860571186729344,0.00474013689037346,0.0300609047650838,0.000981409373458292,0.000647776483432589,0.876913285100513
"TCGA.57.1583.01A",0.00161637569435878,0.0277373099088082,0.0445931176682978,0.0208077099525754,0.00388722149171895,5.06055519285712e-06,0.000569959239287342,0.900783245489761
"TCGA.29.1776.01A",0.00632112672697326,0.116540455599418,0.0642025187348461,0.0661294469267592,0.0222356732827963,0.000110474426183108,0.000883175301270799,0.723577129001753
"TCGA.24.2271.01A",0.0136630597353712,0.176118139101156,0.0675433326577424,0.0547043344615881,0.0247165856795978,9.92116510314096e-05,0.00843531648001446,0.654720020233499
"TCGA.23.1109.01A",0.00849485050203875,0.068527688382802,0.0675918236241295,0.0402481085868352,0.0290404401042184,0.00363893527375083,0.00235329967459415,0.780104853851631
"TCGA.61.2092.01A",0.00054065344067256,0.0471399279455923,0.0144241074307994,0.00126607698739468,0.00432145616287934,1.49811710796188e-05,1.74474360525511e-09,0.932292795116838
"TCGA.13.0800.01A",0.000263338057859623,0.0762440701791993,0.0547950352936479,0.00962033520982008,0.00397745843009297,9.68327969411528e-06,6.75704418871778e-08,0.855090011979244
"TCGA.24.1924.01A",0.0102659609837206,0.0157848951965545,0.0369526269417126,0.0235296541536662,0.102408619945103,8.53302220820054e-05,0.0106200924706438,0.800352820086517
"TCGA.24.1563.01A",2.94254672628821e-07,0.0948260507117342,0.0796210380184613,0.155170117670431,0.0246993673819127,7.51240092067868e-05,0.000680365256822364,0.644927642696759
"TCGA.29.1761.01A",0.00248063193317268,1.4376441182182e-08,0.0124249932629006,0.00973874164117723,0.0286271904988935,4.69849529838201e-09,0.00816499224477245,0.938563431344147
"TCGA.24.1423.01A",0.0026357263962766,0.0731740249131591,0.0522658638844583,0.0206224781379474,0.013994880076573,4.0953708583425e-05,0.00182586584268237,0.83544020704032
"TCGA.09.2045.01A",1.1013924422256e-08,0.150278998181804,0.0385060899544382,0.00957735135296413,0.0306775388109004,1.82560826538528e-05,6.08160478092258e-09,0.770941748521711
"TCGA.24.0979.01A",0.000892617885580075,0.0464311195235582,0.0289159637691111,0.00858604854327123,0.00823874186191927,4.75325440007325e-06,0.00136720479304194,0.905563550369118
"TCGA.25.1314.01A",0.00879574257479619,1.32476005331307e-08,0.043638680074389,0.0219235779176329,0.0239156745810418,3.38073889686631e-05,0.00163753828622364,0.900054965929347
"TCGA.29.1702.01A",0.00391123241367953,0.00646930641739177,0.0351636278948857,0.0122692250727479,0.0125885481435888,0.000186818363921365,2.10406481835028e-08,0.929411220653137
"TCGA.13.0887.01A",0.00202558908186203,3.22375691826286e-07,0.0150741696744003,0.0154974729893211,0.0355078581064203,2.67064503034242e-06,3.36724572195542e-08,0.931891883454817
"TCGA.61.1741.01A",0.0255918731741619,0.0165464386608605,0.0276477139725619,0.0126006659644386,0.0377914018366954,1.92789395369002e-05,0.0013482780052845,0.87845434944646
"TCGA.09.2048.01A",0.00463549852961211,0.0178941525677653,0.0271128262714892,0.0212105971249677,0.0101132317215956,2.05896927027835e-05,3.50752633462905e-08,0.919013069016604
"TCGA.09.1674.01A",3.88997225333411e-07,0.0532630423384619,0.0475923464451762,0.00847400905317326,0.00478051049251352,7.96646384792467e-05,1.6044937524187e-06,0.885808433541218
"TCGA.61.2012.01A",0.0558168398545739,0.32968618339011,0.0590444743253531,0.0194780115748109,0.0556219882074443,7.48472709827811e-05,0.012684994278793,0.467592661097932
"TCGA.24.1847.01A",1.16803818243318e-07,0.286823882741906,0.0740059948249387,0.0220953216023023,0.09071861923263,0.00013634836559224,0.0440598979492506,0.482159818479562
"TCGA.10.0928.01A",0.000939843680976827,0.0637156129457653,0.0412173754044389,0.0097147707628867,0.00577190563246577,1.52458473389454e-05,8.33061820623304e-09,0.878625237395509
"TCGA.29.1695.01A",8.04764557120474e-08,0.0522852910065808,0.0815339106523744,0.0954795075807798,0.0606666257859499,0.000209714427699962,0.0158918412104966,0.693933028859663
"TCGA.61.2016.01A",7.82680511128298e-08,0.136656937577351,0.0539758577906862,0.0153628992491511,0.0494724943193229,2.08197487932204e-05,0.00362401109696355,0.740886901949681
"TCGA.23.2081.01A",4.50329881797535e-08,0.0931578096401274,0.0619923168626254,0.043363008446569,0.0123200333453462,1.46559870458336e-05,3.33117608180749e-08,0.789152097373537
"TCGA.25.2397.01A",0.00151775255428828,0.0121564348079132,0.0179178676108242,0.00488354587471189,0.019550122785958,1.53175051204425e-05,3.5495918991941e-07,0.943958603901994
"TCGA.13.1501.01A",0.00582503508810415,0.0451524450231119,0.0453921719815567,0.0342737048421595,0.0119748804240288,1.67458593211526e-05,6.28715023732356e-07,0.857364388066694
