"","cellFractions.B.Cells","cellFractions.DC","cellFractions.Endothelial.Cells","cellFractions.Fibroblasts","cellFractions.Macrophages","cellFractions.Mast.Cells","cellFractions.T.Cells","cellFractions.otherCells"
"TCGA.AG.3896.01A",0.00674222350665452,0.0779439530503908,0.0829388588400932,0.0306325738786581,0.0180801587930974,0.000115853805824327,0.00371936224073649,0.779827015884545
"TCGA.DC.4745.01A",0.00191339410067849,0.10092746834267,0.0572412009856457,0.0264546137322635,0.0093465829241376,0.000226953704857166,0.00260357079566625,0.801286215414081
"TCGA.AH.6903.01A",1.54079634183483e-08,0.0938591307858705,0.034429238497378,0.0122492667435288,0.00441566698672846,0.000103577287518835,0.000972351684651562,0.85397075260636
"TCGA.AG.3599.01A",0.000723372216244111,0.132352026306899,0.0300661824660808,0.0150660279330285,0.0211262745856807,0.000314588520378199,0.00963101408358994,0.790720513888099
"TCGA.AG.3581.01A",0.000261619251517664,0.207723983070403,0.080426191014681,0.0219589354052407,0.0168954905947511,0.00042207775773401,0.00331809320220194,0.668993609703471
"TCGA.AG.3881.01A",0.00742831145951443,0.0891294614544311,0.246849561700857,0.0515942031212966,0.0489832983228418,0.000835450461870728,0.00113471241772285,0.554045001061465
"TCGA.CL.5917.01A",1.19244611765335e-07,0.100373747773279,0.0468837894506003,0.0382716828350049,0.0047336828705944,6.1933008618106e-05,1.10304744152907e-08,0.809675033786817
"TCGA.AG.3902.01A",0.00834235130709327,0.112296465952771,0.0504731260445741,0.0150441806529035,0.0400025735387982,0.000543823445218146,0.0252348103961979,0.748062668662444
"TCGA.CI.6624.01C",0.0115196096118709,0.0661890599017073,0.0938127587775225,0.0371674659525464,0.014567605212749,0.000474935011569075,0.0110979905609161,0.765170574971119
"TCGA.AF.2692.01A",6.85923160557804e-08,0.0633534227556862,0.0527523019488693,0.0273464618248486,0.00737821093034532,0.000203959034406291,0.00433119726903133,0.844634377644497
"TCGA.DC.6683.01A",0.000981380557335417,0.0919971671481033,0.0418511391909786,0.040885530048215,0.00911084957384824,0.000190430292063882,0.00056320998021645,0.814420293209239
"TCGA.DC.6682.01A",0.00168190422776785,0.0399726609452694,0.0312059905116118,0.0102833585174297,0.00496882709760126,5.35267798404255e-05,0.00473078527722675,0.907102946643253
"TCGA.F5.6702.01A",0.00301862451645655,0.119441243753858,0.144665098451046,0.282592526805254,0.02619598606554,0.000541866263791179,0.00102208814956127,0.422522565994494
"TCGA.AF.4110.01A",0.0600244464194643,0.209424105035197,0.110386942650597,0.0523374812227582,0.0241123763514617,0.000570188077261356,0.00932302155276508,0.533821438690496
"TCGA.F5.6861.01A",1.7292384322426e-07,0.139970946641505,0.0494825136875342,0.0259092352241563,0.00782332588711209,3.61800271327451e-05,0.000330614148851267,0.776447011459865
"TCGA.G5.6235.01A",6.34303783380822e-08,0.100628118287828,0.028011724758213,0.00470499010682082,0.00325543201063653,2.15500953303293e-05,0.00133482038777667,0.862043300923016
"TCGA.AG.3999.01A",4.46056722377453e-08,0.133839775287059,0.0497812495002073,0.0255578080516639,0.00972500665692329,0.000837422924232747,1.82226815580394e-07,0.780258510747426
"TCGA.AG.A02N.01A",9.44889693875339e-08,0.088900941182526,0.0209208881644174,0.00641691954162591,0.010236322044687,0.00049122369245452,0.0119982775826034,0.861035333302716
"TCGA.AF.6136.01A",0.00917141955923653,0.0714998291192441,0.0779940097567538,0.0210741596833797,0.00671403865715091,0.000537741555446359,0.00262408860385942,0.810384713064929
"TCGA.AG.3580.01A",4.77069448053668e-09,0.156943404062958,0.0440559679505886,0.0154229753245872,0.0111780269259092,0.000152266050037996,0.0113679280462552,0.760879426868969
"TCGA.DY.A1H8.01A",1.82225072445168e-09,0.0272046189904467,0.0170284460670907,0.00210606900037258,0.00260753830053273,7.85596568332848e-06,0.00287711220815819,0.948168357645465
"TCGA.AG.A032.01A",9.27426798538152e-06,0.0892968074885896,0.0439998455541514,0.0166968987943327,0.0068403724809526,0.000209592972944198,0.00363152470354031,0.839315683737504
"TCGA.EI.6512.01A",1.5634294048744e-08,0.128782004755419,0.0619194520909623,0.0251557192793923,0.0124796578224685,0.000316943274828547,0.000768306549810529,0.770577900592824
"TCGA.AG.3575.01A",1.07821718851275e-07,0.145217880419626,0.047532634329173,0.141536143167002,0.0220115541529249,0.000263941577075244,0.00626558516379091,0.637172153368689
"TCGA.AF.6672.01A",0.00867816317947344,0.0399581703599943,0.0359646433421324,0.0140621990982556,0.00446545483343715,0.000138783103497232,0.00517742643076774,0.891555159652442
"TCGA.EI.6514.01A",1.47190318876044e-08,0.121445092107242,0.0686045516594061,0.0321430872037934,0.0105650767339383,0.000116636731330041,1.76128106477891e-07,0.767125364717152
"TCGA.AH.6644.01A",0.00250504818194206,0.081764264722263,0.0840166504726441,0.0715619053812006,0.0121236066947205,0.000614148184317913,0.0058486308339094,0.741565745529003
"TCGA.AF.6655.01A",0.000317094695659493,0.0911219252138138,0.10509767944376,0.10141513217466,0.0085632060396752,0.000427053305087332,0.000170636738250786,0.692887272389093
"TCGA.AF.A56K.01A",0.00155578938281798,0.110971006315545,0.118980457162319,0.0419575025319441,0.0094761796622234,0.000320707078371436,0.00487636262213206,0.711861995244647
"TCGA.G5.6641.01A",6.29257457790661e-08,0.0503501244561419,0.0208882238921766,0.00286916856120432,0.00198862877142653,5.88818059621048e-05,6.86693084984025e-05,0.923776240278844
"TCGA.DY.A1DG.01A",3.4039196527048e-08,0.0783666134750514,0.0299825022962955,0.00435638701242029,0.0040288931746463,1.34631604375375e-05,0.000767617173617385,0.882484489668335
"TCGA.AG.4001.01A",4.54256543802892e-08,0.140279587420611,0.127101595673948,0.0903102385039756,0.0258384543026854,0.00120150593004501,0.00141197255397263,0.613856600189108
"TCGA.AG.A026.01A",0.00694477844502201,0.0535493066626207,0.0671150170434466,0.030680650433647,0.00655375082921479,2.78697823998323e-05,0.00112142922837566,0.834007197575273
"TCGA.EI.7004.01A",0.00663677978182609,0.138880507687223,0.457112671665543,0.231484320258187,0.0354643970878222,0.000795799032584735,0.000161344655278829,0.129464179831535
"TCGA.AG.3878.01A",0.015283677457279,0.123344974949229,0.178385574715146,0.0418307324375491,0.0386963915158267,0.00207625529893988,0.0148081409903752,0.585574252635655
"TCGA.AG.3611.01A",0.00303042361378193,0.060636471639552,0.0210909803186568,0.0100957453722014,0.0119284865431197,0.000344580797491134,0.00600981961667921,0.886863492098518
"TCGA.AF.3400.01A",6.23087979091234e-07,0.378945051753188,0.229300235507334,0.168648128591979,0.0460357458707214,0.000172489303256628,0.000102990732411802,0.17679473515313
"TCGA.G5.6572.01A",1.7386394219355e-07,0.130805563705895,0.0660432945433918,0.0923477898213849,0.00914144840401187,0.000255790846436453,3.68941285658992e-06,0.701402249402081
"TCGA.AG.3574.01A",1.46172106041921e-09,0.177106941638188,0.0668716704544266,0.0191196767798613,0.0170967765633919,9.68778638328586e-05,0.000325090804555835,0.719382964434022
"TCGA.AG.3605.01A",0.00437722627402325,0.0529481505488941,0.0278635174826491,0.0109605983569126,0.0139390834444548,0.000100153008212823,0.00640913688529537,0.883402133999558
"TCGA.AG.3731.01A",0.0189127405386431,0.161151124461235,0.188782544057823,0.0933212115980973,0.0352381733922499,0.00066925822844467,0.0141010074989669,0.48782394022454
"TCGA.AG.A01J.01A",0.000711248061316488,0.0727538565429363,0.0256231735343054,0.00552652753964343,0.00402089435153232,0.000247779651456705,0.00564146587420123,0.885475054444608
"TCGA.AG.A01N.01A",0.00150593977576431,0.0590875473361061,0.0443923445430656,0.0123790544470897,0.00409639702164423,8.4284527859179e-05,2.0666733994291e-08,0.878454411681737
"TCGA.DT.5265.01A",0.000911102084082761,0.14950023175188,0.0895664109627745,0.103105026562509,0.0243626940755991,0.00023606118265481,9.26143382843989e-08,0.632318380766162
"TCGA.AG.A00Y.01A",0.00836266108985777,0.0688168495423335,0.0426600418215595,0.00667014087541808,0.00957231658147106,0.000514358225168053,0.00658281406643225,0.85682081779776
"TCGA.AH.6547.01A",0.0763356488059234,0.136546362445408,0.0799847933950574,0.0568140801335164,0.0284973968222223,0.00113098351515144,0.0156668735506368,0.605023861332084
"TCGA.AH.6549.01A",9.41199768158068e-08,0.0814120917798633,0.0921179375031398,0.034660459381426,0.0198369162045513,9.62681030235453e-05,5.3640130977694e-08,0.771876179267888
"TCGA.AF.A56L.01A",0.00301938354643982,0.0750691740821328,0.0409593671662103,0.0316621488460432,0.0076706614026913,0.000323170275093698,0.00295741051357118,0.838338684167818
"TCGA.AG.A036.01A",0.00266681406080845,0.0748274522359926,0.0477457678656068,0.0247375541266356,0.00782794341865496,0.000154916745337621,0.00750936047088801,0.834530191076076
"TCGA.DC.4749.01A",0.00039242615374446,0.0849959191191181,0.0313746116423007,0.0323336679923688,0.00520993987016712,2.93049246613338e-05,0.00254793119192338,0.843116199105716
"TCGA.AF.2687.01A",0.00286047657083743,0.197584277989097,0.143156438984139,0.174677825907467,0.0465043622723445,0.00113229614638389,0.00628059822331291,0.427803723906418
"TCGA.AG.3883.01A",0.00485990669954432,0.0616831068325877,0.16186147967309,0.0630523715683087,0.0306048542522235,0.00159466724553534,0.0081653118877155,0.668178301840995
"TCGA.CL.4957.01A",0.00174248349212924,0.0634947412168766,0.057832215623725,0.0226741082689926,0.00408613271284209,8.71814275575682e-05,0.00212858337071328,0.847954553887164
"TCGA.AG.A01Y.01A",0.0220760403431871,0.176638466917424,0.0504837511389456,0.0329223099750367,0.0214875028349338,0.000134567723078261,0.00367680247641001,0.692580558590985
"TCGA.AG.3890.01A",0.0307092784746237,0.104842814664181,0.0670338850641752,0.0232915274231396,0.0174107817760241,0.000213401255081192,0.0115361472514271,0.744962164091348
"TCGA.AG.A011.01A",0.00430352440528823,0.0683434234618053,0.0386902295668385,0.0133571712878083,0.00834159005963417,0.00013189782461461,0.00422859637579883,0.862603567018212
"TCGA.AG.3592.01A",0.00359528519881082,0.0677021836903419,0.0666537275057416,0.0190970065770577,0.0108130055347149,0.000316979730916599,0.00698765483225037,0.824834156930166
"TCGA.AG.3892.01A",0.00964780225513239,0.117688959106198,0.0338368729142635,0.0207121760869714,0.0236652214216648,0.000194067506337037,0.0255287265052928,0.76872617420414
"TCGA.AF.A56N.01A",2.83245061878721e-09,0.162634019507334,0.0721284161837375,0.0436674769364336,0.0103684240217598,0.000172954398406412,0.00196149162028751,0.709067214499591
"TCGA.EI.6513.01A",0.00172416886702367,0.0985455447530766,0.0589655966097653,0.0276141397433054,0.00996244979879831,7.04769658519289e-05,0.00399243159472466,0.799125191667454
"TCGA.EI.6882.01A",0.00229710966964066,0.155735087494095,0.06443854688102,0.0246073340260713,0.0148518798315829,0.000316732652952896,0.00535713973409097,0.732396169710547
"TCGA.F5.6812.01A",0.0158616866822465,0.0794508952192883,0.0772588928229162,0.0652558549284952,0.0155030049174411,0.000145120979946767,0.00856802810533689,0.737956516344329
"TCGA.AG.3726.01A",3.79300803816974e-08,0.0993126217938794,0.186834522918382,0.0115035294956752,0.0138068530427037,0.000246132366380079,0.00066624331647791,0.687630059136422
"TCGA.EI.6917.01A",1.31753166845329e-08,0.314788801492458,0.105147021488251,0.0836499234811893,0.0698653888651817,0.000100556679188356,0.00292952556775566,0.423518769250659
"TCGA.AG.A02X.01A",0.000868356171671948,0.0631678728102452,0.0270295679836501,0.00415424847555436,0.00522364443662019,5.58955591590701e-05,0.00245052436573401,0.897049890197365
"TCGA.AG.A015.01A",7.74259883057029e-10,0.0850549658659585,0.0308908602442782,0.00772641911800048,0.00403041942831152,0.000100893689495587,0.000498326888232194,0.871698113991464
"TCGA.AF.2693.01A",0.0126423423783304,0.111731437338433,0.0708305953575195,0.0237464766336031,0.0126110145532211,0.00109061608360564,0.00448134881722942,0.762866168838058
"TCGA.AG.4022.01A",3.86222084398344e-08,0.229856055747364,0.0769862949817568,0.0743485610896106,0.0188604596662087,0.000398374829372802,0.00382484444019825,0.59572537062328
"TCGA.AG.A008.01A",1.79969840766813e-08,0.108429366857735,0.0407674235684481,0.00340719646161245,0.00631750803797498,2.57441670812664e-05,0.00273755929094163,0.838315183619223
"TCGA.AG.3582.01A",0.00382406684940475,0.0868698189308636,0.0693362511296247,0.0317440933067218,0.0150661002921953,0.000493216718119611,0.00420684086059578,0.788459611912474
"TCGA.G5.6233.01A",0.00082676498879466,0.086411716803872,0.104419313990388,0.0190292740729795,0.0115759595470245,0.000753645752471356,0.000577876388105213,0.776405448456364
"TCGA.AG.3742.01A",5.38647916206059e-09,0.0774154875865344,0.05931282366104,0.0348601261792444,0.00861851188607615,0.000101273123665387,0.000493622606930287,0.81919814957003
"TCGA.EI.6509.01A",8.10363651093718e-07,0.159151495785976,0.0487413365048486,0.0274732869184323,0.00756117748525872,4.48199338541739e-05,9.64883299308918e-06,0.757017424174986
"TCGA.AG.3602.01A",2.03520619533623e-09,0.103907691772642,0.0285614545720636,0.0758671427410954,0.013575159336344,0.000181488317415657,0.00785280552891448,0.770054255696318
"TCGA.EI.6506.01A",0.0112461419818245,0.122873915660157,0.0942138070189498,0.0154598338039658,0.0162401478842694,0.0011491934374968,0.0057005460349758,0.733116414178361
"TCGA.CI.6622.01A",2.04093905228564e-09,0.144426144651348,0.0549550095149796,0.0148703396439764,0.00596080117345163,0.000295533513979064,1.00370291724108e-08,0.779492159424297
"TCGA.AG.3901.01A",0.00648003669194059,0.184091034754875,0.121059424635552,0.126440394881041,0.0384414920212656,0.00125497301563426,0.00764555647577153,0.514587087523921
"TCGA.AG.3894.01A",3.19470262176191e-08,0.147828430076724,0.0521891514636238,0.0212939158829054,0.0129224001930654,0.000202973138982257,5.4905193496087e-08,0.765563042392479
"TCGA.AG.4015.01A",0.0041129207949374,0.0970953808048045,0.0366508712703245,0.0153950148176817,0.0105295516679781,0.000233301731780275,0.00183769760931058,0.834145261303183
"TCGA.AG.3727.01A",8.88996354112983e-05,0.0607462365005134,0.1414815306118,0.0156753854643385,0.018780815378214,0.000440750687451941,5.50910697217359e-08,0.762786326631201
"TCGA.CI.6623.01B",2.1958524970787e-09,0.132106853262329,0.0813741254180922,0.0207387946037553,0.00743755362963185,0.000156301513723819,0.00160395543532587,0.756582413941289
"TCGA.AG.A02G.01A",0.00373405439138108,0.0736126230352684,0.0357172429066045,0.00543880950715636,0.0081659790191995,0.000115452566459501,0.00614868629388634,0.867067152280044
"TCGA.AG.3578.01A",3.78424899413259e-09,0.0856838339387438,0.0439887043874846,0.0235022607605119,0.0149724277510368,0.00035689341388376,0.00566476933264194,0.825831106631448
"TCGA.DC.6681.01A",0.00661435313970681,0.102675797366887,0.104131659481581,0.0737747648004271,0.0100854881102353,0.000269951168562497,0.00363557876061297,0.698812407171987
"TCGA.AG.3732.01A",0.0567389097537385,0.043471877878065,0.0480370235937411,0.0136567316349153,0.00945333874656352,0.00124502065088777,0.0207376161631761,0.806659481578913
"TCGA.EI.6885.01A",6.68218732209202e-08,0.18815815531545,0.116265382494608,0.0615580003837935,0.0133488653689077,0.000298605431745178,0.00839398035376535,0.611976943829856
"TCGA.DC.5337.01A",1.80848094384019e-08,0.0818382888525073,0.0341829189742871,0.0464311235838996,0.00813112131187835,3.70238986365562e-05,0.0146736360304277,0.814705869263554
"TCGA.F5.6863.01A",0.0057616876797281,0.0981225285169052,0.0848369051443576,0.0532226964697294,0.00484639186131199,3.8228926300807e-05,0.00137179059317468,0.751799770808492
"TCGA.EI.6510.01A",0.01465006151296,0.0910309167398029,0.0340728876360763,0.00326533370294911,0.00532909259934284,0.000121286940509485,0.00620351168984767,0.845326909178512
"TCGA.AG.3587.01A",0.00276621081428229,0.0561219730425426,0.0610958507544924,0.0256668477038384,0.0128341900942083,0.000295297837771042,0.00915509713757674,0.832064532615288
"TCGA.F5.6464.01A",0.00612781471093055,0.246077355566372,0.187759710721728,0.158094113954713,0.0442024558792511,0.0007042845641966,0.0133635532144318,0.343670711388377
"TCGA.DC.6156.01A",2.90660155874272e-07,0.219448691792907,0.160353849722605,0.194722619712198,0.0483454098746159,0.000536250827652585,0.0259298788038544,0.350663008606011
"TCGA.AG.A016.01A",3.71539439687396e-10,0.10055275902459,0.0612168724779674,0.00764868172110627,0.00526884571002886,6.56759048461154e-05,9.39998368273509e-09,0.825247155389939
"TCGA.F5.6810.01A",0.00647969698395049,0.0870164146437887,0.160181735457918,0.0924904777218963,0.00871341076287925,0.000152780168668641,0.00448999251290337,0.640475491747995
"TCGA.F5.6811.01A",0.00121392776749079,0.137098217071836,0.0770652187035197,0.165017874499457,0.0206034351594088,0.000267771750616836,0.00176708697203666,0.596966468075634
"TCGA.AG.3584.01A",0.00703020342146783,0.147880964461312,0.0870465190270618,0.0258071537239935,0.0253744345729834,0.000642011216130151,0.00218036253742401,0.704038351039627
"TCGA.AG.3898.01A",8.6203704110815e-09,0.11640681689791,0.0575903760732594,0.0345288928101695,0.0128765374879911,0.000117866724019409,0.00259370166033455,0.775885799725946
"TCGA.EI.6884.01A",0.0117792303985651,0.116900231396081,0.0963002806748723,0.0525381134781737,0.0214445441003054,0.000771500250474865,0.0107192159088586,0.689546883792669
"TCGA.AG.A002.01A",2.88985174613583e-09,0.170351132151862,0.098801492998083,0.00902599420021584,0.00809077863265909,0.000102964787144644,3.51350818582882e-05,0.713592499258326
"TCGA.AG.3725.01A",1.09848543631217e-11,0.0911281381634624,0.0335731202373166,0.00695719809015475,0.00622597898318639,0.000118968481438338,0.00684427684596358,0.855152319187493
"TCGA.CI.6619.01B",0.00123730648593549,0.111917822657739,0.120692812587989,0.0143810744329905,0.0109531798766088,0.000934959789095709,0.00666784383804007,0.733215000331601
"TCGA.AG.A00C.01A",1.82112218334421e-08,0.0878806302910496,0.0314571933063827,0.00519981793006083,0.00540896675302194,3.6531963908728e-05,0.00445210892556931,0.865564732618785
"TCGA.DY.A0XA.01A",0.00162927497907915,0.0647056531881848,0.0312375802691307,0.028268641452849,0.00588212782521286,4.20282712732008e-05,0.00206899753190371,0.866165696482367
"TCGA.F5.6814.01A",1.21369120850017e-09,0.153648629597697,0.0802881223835519,0.0253671199273258,0.0350733627135867,8.83873778935364e-05,0.0133308572435926,0.692203519542661
"TCGA.AG.3893.01A",7.57310301840418e-09,0.0964547092267029,0.0621752265126431,0.0441205114419372,0.01712739776424,0.000176410614919155,0.00214615286676057,0.777799583999694
"TCGA.AG.3583.01A",0.00441250807571738,0.0828326511019926,0.0484778324086443,0.00784176651512981,0.0101307441267732,0.000117517690080197,0.00632817757994984,0.839858802501713
"TCGA.AG.A01W.01A",0.00972140916903511,0.165522621120664,0.0345410875032588,0.0100033076037432,0.0093813116864671,0.000137178281417998,0.00219897312098558,0.768494111514428
"TCGA.AG.A025.01A",1.78169584817137e-08,0.105277436711886,0.0724015624364448,0.0152390842223406,0.00663906616106378,0.000254687352395144,0.00203390796131791,0.798154237337593
"TCGA.DC.6155.01A",0.00314041833250616,0.0514979188694154,0.0855007528789236,0.011153984177997,0.00834591656470076,0.000384193141689587,0.00801449991707553,0.831962316117692
"TCGA.F5.6813.01A",0.0184273415920828,0.115954115799732,0.0628446439678617,0.0402142771070294,0.0130561050752308,0.000274801668720085,0.00871770007203421,0.740511014717309
"TCGA.AG.A020.01A",1.91181671079518e-08,0.111547862618802,0.0301710776812909,0.00513314318031661,0.00502172012635974,4.8395801479784e-05,0.00150093212482628,0.846576849348757
"TCGA.EI.6511.01A",0.026374697705226,0.184380544861877,0.0996730153077277,0.0390815058997565,0.0438332578187284,0.000215964553815273,0.0295053422946791,0.57693567155819
"TCGA.AG.3608.01A",0.00279152616988629,0.119205783922539,0.0437990143053255,0.0197052659983631,0.022661636215369,0.000552266068191528,0.0103222043803294,0.780962302939996
"TCGA.AG.A01L.01A",1.26940948021565e-08,0.114158440181857,0.0509578578679478,0.00972373514015948,0.00807545333574264,0.000408757924952984,0.000937354759941561,0.815738388095304
"TCGA.AG.3586.01A",9.80606208383209e-09,0.0852955362829454,0.0622368773005642,0.0173631421320919,0.011294810208923,0.000286792954308094,0.0041168764294753,0.81940595488563
"TCGA.AF.3911.01A",0.00327559853300383,0.108348865766941,0.059205159066475,0.0542437447359773,0.0112705428541514,0.000270954616800983,0.00151650953387241,0.761868624892778
"TCGA.DY.A1DF.01A",2.7694518768086e-08,0.0823059760358676,0.040420640082774,0.0183055793706592,0.0040536205171151,4.33333071423744e-05,0.000128204855361642,0.854742618136561
"TCGA.AF.2690.01A",0.0594183663564785,0.178228105527853,0.191465779115775,0.189237631586087,0.0901281097493882,0.0035507923624289,0.0189982230688782,0.268972992233112
"TCGA.EI.7002.01A",0.00163725843005024,0.0784811768287537,0.0679435502747672,0.0424055504365065,0.0134755645647517,0.000269314233532403,0.000990887581367633,0.794796697650271
"TCGA.AG.3593.01A",0.00446112451291985,0.0727009776714113,0.0572893990736844,0.0155981376675555,0.0202634377934661,0.000116820743707412,0.0115599957419436,0.818010106795312
"TCGA.AG.3600.01A",0.000708496707492517,0.0809625110692844,0.0490211813879788,0.0199564999413336,0.0274052252399113,0.000944937668345106,0.0051143567425058,0.815886791243148
"TCGA.DC.5869.01A",1.87852086564151e-05,0.112971959590761,0.0616122342610726,0.0842583061268402,0.00748292717629038,0.000177106095365159,0.00339706245874903,0.730081619082265
"TCGA.EF.5830.01A",2.63570838659485e-10,0.0538138261970239,0.0349975847616185,0.0107288411517173,0.0108574150082866,0.000185283672622951,0.00489651943704688,0.884520529508113
"TCGA.AG.3591.01A",0.00167315837860172,0.0624988864327397,0.0324625226463387,0.0107935086284325,0.0101158724548736,0.000113926768083206,0.00412820624523555,0.878213918445695
"TCGA.CI.6620.01A",0.00337434581890103,0.0946228706571615,0.126062157075294,0.0280187211977821,0.0089012432195829,0.00063388340109721,0.00277385675906882,0.735612921871112
"TCGA.DC.6158.01A",0.00224435967978854,0.164153077590962,0.125483854254992,0.162293661829557,0.0243374046700724,0.00124061539046923,0.0102702479720126,0.509976778612146
"TCGA.F5.6465.01A",0.011042440202679,0.23399798760331,0.104303422196384,0.103056624870181,0.0285373883610303,0.000566844314473622,0.0116677296478393,0.506827562804103
"TCGA.DC.6157.01A",0.00202505630926431,0.0940029408031538,0.0625547138248941,0.0275750905828954,0.00701625551169877,0.000289663080256744,0.00280807253685052,0.803728207350986
"TCGA.AF.2691.01A",0.0024748575452273,0.12792239059439,0.0500186178408586,0.0327564962164846,0.0221776309111427,0.000349069983553463,0.0110978444529547,0.753203092455389
"TCGA.AH.6897.01A",1.25424196227909e-07,0.0930779160456721,0.0442828029889749,0.00908653488484009,0.00498429235788978,4.17225442868871e-05,0.00258111971090196,0.845945486043238
"TCGA.CI.6621.01A",0.00048771294582483,0.106033011532433,0.118017519107598,0.0371853736758037,0.0193817334925332,0.000457659586106797,0.0099783549030839,0.708458634756617
"TCGA.AG.3909.01A",0.0127141519771862,0.174452537528118,0.0504211221108547,0.0185329108197624,0.0145777511755353,0.000435550921902275,3.29314275665215e-08,0.728865942535214
"TCGA.AG.3612.01A",0.00656466554024109,0.11138559773001,0.075477624707908,0.0388908934532884,0.0210452100700839,0.000666391759757155,0.00248318399871664,0.743486432739995
"TCGA.AG.4005.01A",0.00155143409438797,0.102502314512344,0.0720421632769753,0.0363412429213221,0.0122610948152208,0.000394912954068643,0.000307732873455765,0.774599104552225
"TCGA.EI.6883.01A",0.00362521931697318,0.10424736711864,0.0411251840104614,0.0186831196097511,0.00817191858211232,4.86245949508057e-05,0.0111037774129799,0.812994789354131
"TCGA.EI.6508.01A",0.000317112891068716,0.121179591622822,0.067139214587349,0.0273882119831745,0.011497373581981,0.00017241829349808,2.061595354344e-07,0.772305870880572
"TCGA.EI.6881.01A",5.78609954765376e-09,0.164048077853829,0.0575851645712483,0.00935128647564046,0.00859650191778382,9.29940987708855e-05,0.00236379377970029,0.757962175516928
"TCGA.AG.3598.01A",7.9109288501873e-09,0.173979602158016,0.0454502098834408,0.0160118417732408,0.0201103236090089,0.000138409877796611,0.00779280654281164,0.736516798244756
"TCGA.F5.6864.01A",0.00859629521494425,0.124493983584123,0.122345124187647,0.109798255845483,0.0213174032642617,0.000359416893819132,0.00624255720382699,0.606846963805895
"TCGA.AG.4008.01A",0.000340506510016592,0.115939356622709,0.097371629933282,0.0637578312967277,0.0152031431286603,0.000416410589945119,0.00147235753112771,0.705498764387532
"TCGA.F5.6571.01A",0.00247623791633713,0.111640751937658,0.0585068997571844,0.064147038511666,0.0193637871097446,0.000320037300098398,0.0106907956208367,0.732854451846475
"TCGA.AG.3601.01A",8.00398265979534e-09,0.0709683391958913,0.0705609770570342,0.0235724488102516,0.0105383978611627,0.000105275862406823,2.81912016437553e-07,0.824254271297254
"TCGA.AG.3609.01A",2.15052958571058e-06,0.109394370383018,0.0806222420228933,0.047761828481934,0.0222370821561132,0.000349382596089856,0.00953080547705546,0.73010213835331
"TCGA.AG.3887.01A",0.00103164447744826,0.130931519801857,0.0700847058925024,0.018194085953168,0.0120804557701072,0.000198483120352065,0.0117113171483437,0.755767787836222
"TCGA.AG.4021.01A",2.57931626475011e-09,0.16073570805276,0.101858645094484,0.0670740125325039,0.0164910165974893,5.93348060173982e-05,3.81420481906749e-05,0.653743138289238
"TCGA.AG.A023.01A",0.0131948655602306,0.0749879091851242,0.117211248717548,0.036040446601209,0.0054323302099951,0.000300990697090845,0.0079629676140234,0.744869241414779
"TCGA.EF.5831.01A",0.00139048686564915,0.0852342350982997,0.0565890851668345,0.0626576372638295,0.0131365546249068,9.04855136699314e-05,0.000424006058292582,0.780477509408518
"TCGA.CL.5918.01A",2.46276027156555e-09,0.10933720878806,0.0390528611457192,0.00783598854547907,0.00431838196464852,4.85001041602965e-05,0.00205534122073568,0.837351715768437
"TCGA.AG.3885.01A",0.00726089172082923,0.127907334368298,0.12290914944562,0.00868858685634536,0.0214607088767528,0.00160015889925026,0.00517996606183128,0.704993203771073
"TCGA.AF.5654.01A",1.884545910668e-08,0.0673837231107624,0.0363777042384997,0.00901548580076156,0.00492334837937568,5.96250373883214e-05,0.000377765000066213,0.881862329587687
"TCGA.BM.6198.01A",0.00453775197173064,0.0960164410283958,0.0454624971934873,0.0321849112080456,0.0137164112588232,0.000320011375404585,0.00852998687848512,0.799231989085628
"TCGA.AG.3728.01A",0.0462065108452889,0.0609739329199774,0.257810381777388,0.0363116341162748,0.0562659680023058,0.00290403723218928,0.0171669218502571,0.522360613256318
"TCGA.DY.A1DC.01A",0.0043312104180981,0.0732122162855452,0.0398986557118181,0.0327042037957316,0.00817383587888713,0.00026848684646915,0.00210693722402567,0.839304453839425
"TCGA.EI.6507.01A",9.31389228065236e-08,0.174056540063775,0.0908820900431216,0.0589877088062643,0.0380590350541936,5.70769108598e-05,0.023966163233242,0.61399129274962
"TCGA.DY.A1DE.01A",0.00332752626976074,0.0622943031966205,0.0684765108177878,0.03035720546841,0.0137766347462623,0.000187514512425198,0.00488763572145237,0.816692669267281
"TCGA.AG.3594.01A",1.21270605928693e-08,0.105826428538023,0.0622684252262821,0.011054735363384,0.0304871464394137,0.000120528241169763,0.0333478740942311,0.756894849970436
"TCGA.AG.A00H.01A",3.85115179559298e-08,0.0794055414587308,0.0606805211051009,0.0499890093291412,0.00792122263039454,0.00024512784709663,0.00036150986957141,0.801397029248446
"TCGA.AG.A014.01A",9.54720035451553e-08,0.0920584703208389,0.0480574337378701,0.0121599970276221,0.00488759482331005,0.000111601384603401,0.000147615817213397,0.842577191416539
"TCGA.DY.A1DD.01A",0.00294985402353278,0.0516143239893771,0.0438551731498861,0.0242454049808797,0.00417017210634395,1.52099938406113e-05,0.00392192870564791,0.869227933050492
"TCGA.DC.6154.01A",1.74886445049324e-08,0.127205858216922,0.0610302241665269,0.0263114844016934,0.0110686526311728,5.11941473759108e-05,9.68442155521856e-07,0.774331600505509
"TCGA.DC.6160.01A",0.0140405443522171,0.140911829671793,0.0692414888581503,0.0151444894373394,0.0129445154607799,0.000296702164648406,0.00943382745697115,0.737986602598101
"TCGA.AF.3913.01A",0.000601140395950645,0.0937732418243987,0.0548920290267288,0.0444358356336804,0.0102594449803015,0.000149852389886117,2.54415272181116e-07,0.795888201333782
"TCGA.AH.6643.01A",9.06300512475351e-08,0.232399711030667,0.10033746094993,0.0199149339548346,0.0106226939373716,7.72094325293433e-05,2.01833983889655e-08,0.636647879881218
"TCGA.AG.4007.01A",0.021636182786416,0.18668905270286,0.0969915700932828,0.0390190983422841,0.0382014072851927,0.00036100934854294,0.00558223253968396,0.611519446901737
"TCGA.AH.6544.01A",0.000649287490528463,0.0909539691400968,0.024368957171728,0.0104755226119724,0.00244345947292262,5.38052083147676e-05,3.60426814792878e-10,0.87105499854401
"TCGA.AG.3882.01A",0.0170263374650845,0.0676749473694064,0.136112005126689,0.0185780764453363,0.0425173973300131,0.00146094902604417,0.0390195306859936,0.677610756551433
