,Plasma B cells,Non-plasma B cells,CD4 T,CD8 T effector,CD8 T (GZMK high),Double-neg-like T,DC,Endothelial Cells,CAFs,Myofibroblasts,Macrophages,Mast Cells,NK,Neutrophils,Monocytes,1-others,Cancer Cells
TCGA-BP-4766-01A,0.007,0.000,0.001,0.003,0.000,0.002,0.000,0.258,0.000,0.144,0.157,0.000,0.008,0.014,0.000,0.406,0.406
TCGA-A3-3352-01A,0.007,0.000,0.002,0.015,0.000,0.014,0.001,0.262,0.000,0.107,0.137,0.001,0.017,0.006,0.000,0.429,0.429
TCGA-G6-A8L7-01A,0.031,0.000,0.012,0.001,0.007,0.000,0.000,0.044,0.000,0.109,0.046,0.000,0.002,0.000,0.000,0.748,0.748
TCGA-A3-A6NN-01A,0.003,0.000,0.007,0.009,0.006,0.002,0.001,0.329,0.038,0.111,0.133,0.003,0.027,0.010,0.000,0.321,0.321
TCGA-T7-A92I-01A,0.009,0.000,0.003,0.000,0.002,0.000,0.000,0.027,0.001,0.103,0.178,0.000,0.000,0.000,0.000,0.677,0.677
TCGA-B0-5713-01A,0.001,0.000,0.002,0.012,0.011,0.000,0.000,0.394,0.000,0.161,0.091,0.001,0.006,0.005,0.000,0.315,0.315
TCGA-CZ-4860-01A,0.001,0.000,0.003,0.000,0.008,0.000,0.000,0.013,0.128,0.033,0.179,0.000,0.000,0.000,0.000,0.633,0.633
TCGA-A3-3351-01A,0.003,0.000,0.029,0.043,0.042,0.000,0.026,0.193,0.002,0.157,0.185,0.021,0.001,0.020,0.000,0.275,0.275
TCGA-B8-4148-01A,0.010,0.000,0.018,0.066,0.051,0.000,0.015,0.231,0.001,0.136,0.142,0.005,0.009,0.012,0.001,0.304,0.304
TCGA-BP-4345-01A,0.001,0.000,0.022,0.003,0.019,0.000,0.001,0.238,0.202,0.298,0.176,0.001,0.001,0.003,0.000,0.036,0.036
TCGA-BP-5010-01A,0.004,0.000,0.002,0.002,0.014,0.000,0.000,0.231,0.214,0.343,0.061,0.000,0.001,0.002,0.000,0.125,0.125
TCGA-BP-4325-01A,0.004,0.000,0.001,0.007,0.051,0.000,0.000,0.176,0.000,0.087,0.175,0.001,0.001,0.005,0.000,0.494,0.494
TCGA-B0-5102-01A,0.013,0.000,0.001,0.000,0.008,0.000,0.000,0.131,0.000,0.099,0.114,0.000,0.001,0.000,0.000,0.632,0.632
TCGA-BP-5185-01A,0.012,0.000,0.000,0.000,0.000,0.000,0.000,0.118,0.000,0.103,0.076,0.000,0.000,0.000,0.000,0.691,0.691
TCGA-CZ-5986-01A,0.001,0.000,0.001,0.010,0.000,0.001,0.006,0.241,0.000,0.142,0.129,0.006,0.001,0.011,0.000,0.449,0.449
TCGA-CW-5590-01A,0.001,0.000,0.010,0.012,0.007,0.000,0.000,0.269,0.031,0.169,0.123,0.001,0.002,0.003,0.000,0.371,0.371
TCGA-CJ-4904-01A,0.001,0.000,0.002,0.009,0.015,0.000,0.006,0.387,0.004,0.202,0.120,0.002,0.000,0.005,0.000,0.247,0.247
TCGA-BP-4987-01A,0.001,0.000,0.000,0.008,0.028,0.000,0.000,0.308,0.000,0.177,0.112,0.002,0.014,0.008,0.000,0.341,0.341
TCGA-B0-4849-01A,0.005,0.000,0.006,0.017,0.006,0.000,0.001,0.284,0.000,0.251,0.102,0.003,0.003,0.008,0.011,0.303,0.303
TCGA-BP-4329-01A,0.005,0.000,0.003,0.000,0.003,0.000,0.005,0.248,0.049,0.210,0.143,0.002,0.002,0.004,0.000,0.327,0.327
TCGA-A3-3328-01A,0.006,0.000,0.000,0.000,0.000,0.000,0.000,0.019,0.000,0.000,0.023,0.000,0.000,0.003,0.000,0.949,0.949
TCGA-CJ-5672-01A,0.021,0.000,0.017,0.026,0.043,0.000,0.022,0.159,0.001,0.112,0.233,0.002,0.001,0.001,0.000,0.364,0.364
TCGA-B0-5104-01A,0.005,0.000,0.001,0.007,0.000,0.000,0.001,0.238,0.000,0.166,0.090,0.001,0.000,0.012,0.008,0.471,0.471
TCGA-CW-6097-01A,0.012,0.024,0.036,0.005,0.042,0.001,0.030,0.159,0.151,0.116,0.170,0.004,0.001,0.009,0.001,0.239,0.239
TCGA-B0-4700-01A,0.020,0.000,0.037,0.029,0.049,0.000,0.005,0.148,0.178,0.154,0.179,0.001,0.001,0.002,0.001,0.196,0.196
TCGA-B0-5095-01A,0.007,0.000,0.011,0.012,0.033,0.000,0.000,0.211,0.206,0.254,0.094,0.007,0.005,0.010,0.001,0.149,0.149
TCGA-B0-4810-01A,0.016,0.000,0.023,0.042,0.035,0.000,0.000,0.212,0.070,0.212,0.125,0.002,0.004,0.004,0.001,0.253,0.253
TCGA-CJ-4901-01A,0.036,0.001,0.019,0.064,0.036,0.000,0.005,0.151,0.062,0.100,0.217,0.001,0.011,0.003,0.001,0.295,0.295
TCGA-CJ-4643-01A,0.008,0.000,0.008,0.023,0.015,0.000,0.010,0.310,0.008,0.263,0.130,0.001,0.003,0.012,0.001,0.208,0.208
TCGA-B8-A54H-01A,0.006,0.000,0.002,0.015,0.048,0.000,0.000,0.335,0.004,0.136,0.078,0.001,0.003,0.005,0.000,0.366,0.366
TCGA-AK-3429-01A,0.010,0.000,0.016,0.026,0.043,0.000,0.015,0.187,0.001,0.101,0.135,0.001,0.000,0.000,0.000,0.465,0.465
TCGA-B0-4834-01A,0.001,0.000,0.000,0.000,0.000,0.000,0.000,0.183,0.000,0.076,0.019,0.000,0.000,0.000,0.000,0.720,0.720
TCGA-B0-4843-01A,0.001,0.000,0.008,0.000,0.000,0.000,0.004,0.264,0.099,0.330,0.070,0.001,0.003,0.003,0.000,0.216,0.216
TCGA-A3-3382-01A,0.001,0.000,0.011,0.013,0.022,0.000,0.000,0.160,0.010,0.133,0.148,0.001,0.003,0.006,0.000,0.492,0.492
TCGA-BP-4338-01A,0.006,0.000,0.001,0.000,0.000,0.000,0.000,0.022,0.000,0.058,0.199,0.000,0.000,0.000,0.000,0.714,0.714
TCGA-B4-5832-01A,0.000,0.000,0.000,0.006,0.010,0.000,0.000,0.137,0.065,0.109,0.165,0.002,0.000,0.021,0.000,0.485,0.485
TCGA-CW-6088-01A,0.003,0.000,0.001,0.015,0.001,0.000,0.001,0.391,0.011,0.165,0.092,0.007,0.007,0.017,0.000,0.287,0.287
TCGA-A3-A6NJ-01A,0.011,0.000,0.006,0.025,0.054,0.000,0.002,0.305,0.002,0.081,0.161,0.001,0.001,0.007,0.000,0.345,0.345
TCGA-B0-5088-01A,0.007,0.000,0.014,0.002,0.014,0.001,0.003,0.236,0.005,0.215,0.201,0.003,0.004,0.003,0.000,0.291,0.291
TCGA-A3-3308-01A,0.006,0.000,0.013,0.004,0.006,0.000,0.001,0.279,0.102,0.191,0.125,0.002,0.001,0.008,0.000,0.261,0.261
TCGA-CW-5589-01A,0.008,0.000,0.011,0.004,0.001,0.002,0.012,0.292,0.008,0.165,0.149,0.005,0.006,0.004,0.000,0.333,0.333
TCGA-B0-5702-01A,0.032,0.000,0.010,0.001,0.000,0.001,0.000,0.130,0.117,0.093,0.109,0.001,0.003,0.001,0.000,0.501,0.501
TCGA-BP-4169-01A,0.014,0.003,0.012,0.022,0.017,0.004,0.020,0.278,0.106,0.222,0.117,0.009,0.001,0.023,0.028,0.124,0.124
TCGA-CZ-5468-01A,0.005,0.000,0.012,0.001,0.003,0.000,0.000,0.094,0.053,0.116,0.183,0.000,0.006,0.001,0.000,0.525,0.525
TCGA-A3-3313-01A,0.005,0.000,0.000,0.000,0.000,0.000,0.000,0.066,0.005,0.067,0.119,0.000,0.000,0.004,0.000,0.735,0.735
TCGA-BP-4782-01A,0.002,0.000,0.017,0.007,0.018,0.000,0.000,0.227,0.008,0.166,0.170,0.001,0.004,0.003,0.000,0.376,0.376
TCGA-3Z-A93Z-01A,0.019,0.000,0.009,0.006,0.002,0.000,0.002,0.284,0.041,0.158,0.074,0.000,0.007,0.003,0.000,0.391,0.391
TCGA-CZ-5454-01A,0.000,0.000,0.007,0.000,0.001,0.000,0.000,0.144,0.000,0.070,0.369,0.000,0.000,0.001,0.000,0.407,0.407
TCGA-A3-3358-01A,0.027,0.000,0.018,0.008,0.021,0.000,0.011,0.175,0.004,0.091,0.223,0.003,0.001,0.003,0.000,0.415,0.415
TCGA-CJ-6031-01A,0.008,0.000,0.018,0.003,0.022,0.000,0.000,0.195,0.136,0.221,0.213,0.006,0.001,0.003,0.000,0.174,0.174
TCGA-BP-4790-01A,0.009,0.001,0.026,0.014,0.064,0.001,0.022,0.217,0.135,0.157,0.159,0.010,0.001,0.015,0.000,0.168,0.168
TCGA-B0-5699-01A,0.001,0.000,0.006,0.005,0.001,0.000,0.011,0.221,0.000,0.099,0.128,0.000,0.008,0.007,0.000,0.512,0.512
TCGA-CJ-4635-01A,0.008,0.000,0.015,0.026,0.060,0.000,0.000,0.167,0.047,0.080,0.194,0.005,0.001,0.003,0.000,0.392,0.392
TCGA-A3-A8CQ-01A,0.007,0.000,0.003,0.015,0.003,0.001,0.008,0.345,0.003,0.208,0.091,0.001,0.004,0.008,0.000,0.303,0.303
TCGA-AK-3447-01A,0.008,0.000,0.001,0.000,0.000,0.000,0.000,0.022,0.000,0.001,0.021,0.000,0.000,0.000,0.000,0.948,0.948
TCGA-BP-4159-01A,0.001,0.000,0.000,0.000,0.000,0.000,0.000,0.311,0.000,0.330,0.105,0.000,0.005,0.000,0.000,0.247,0.247
TCGA-B0-5698-01A,0.009,0.000,0.019,0.002,0.009,0.000,0.010,0.231,0.000,0.091,0.205,0.000,0.000,0.006,0.005,0.411,0.411
TCGA-A3-A8OU-01A,0.016,0.000,0.005,0.005,0.009,0.000,0.009,0.266,0.016,0.137,0.120,0.001,0.007,0.005,0.000,0.404,0.404
TCGA-A3-3380-01A,0.006,0.000,0.004,0.009,0.000,0.010,0.002,0.328,0.005,0.225,0.111,0.004,0.003,0.005,0.000,0.287,0.287
TCGA-BP-4998-01A,0.007,0.001,0.013,0.019,0.030,0.001,0.022,0.221,0.102,0.173,0.173,0.013,0.003,0.013,0.001,0.209,0.209
TCGA-A3-3383-01A,0.016,0.000,0.010,0.009,0.014,0.000,0.021,0.188,0.001,0.114,0.137,0.000,0.004,0.001,0.000,0.484,0.484
TCGA-BP-4353-01A,0.000,0.000,0.006,0.008,0.029,0.000,0.000,0.339,0.014,0.159,0.213,0.009,0.001,0.005,0.000,0.214,0.214
TCGA-CJ-5686-01A,0.009,0.000,0.013,0.007,0.014,0.000,0.009,0.209,0.005,0.117,0.176,0.000,0.001,0.005,0.000,0.435,0.435
TCGA-EU-5907-01A,0.006,0.000,0.002,0.001,0.000,0.000,0.000,0.098,0.006,0.084,0.141,0.000,0.000,0.001,0.000,0.660,0.660
TCGA-B0-4703-01A,0.001,0.000,0.014,0.032,0.036,0.000,0.002,0.195,0.242,0.201,0.115,0.007,0.001,0.009,0.000,0.145,0.145
TCGA-B0-5119-01A,0.002,0.000,0.002,0.005,0.023,0.000,0.000,0.311,0.000,0.174,0.101,0.001,0.001,0.006,0.000,0.375,0.375
TCGA-B0-4822-01A,0.011,0.000,0.007,0.003,0.018,0.000,0.000,0.315,0.068,0.170,0.159,0.001,0.011,0.001,0.000,0.236,0.236
TCGA-B4-5835-01A,0.006,0.000,0.003,0.006,0.001,0.000,0.000,0.017,0.007,0.004,0.209,0.000,0.000,0.000,0.000,0.746,0.746
TCGA-CZ-5460-01A,0.019,0.000,0.022,0.001,0.017,0.000,0.000,0.189,0.000,0.112,0.165,0.001,0.000,0.002,0.000,0.471,0.471
TCGA-B2-3924-01A,0.019,0.000,0.020,0.056,0.056,0.000,0.006,0.181,0.000,0.068,0.216,0.013,0.001,0.007,0.000,0.357,0.357
TCGA-CJ-4870-01A,0.004,0.000,0.002,0.000,0.000,0.000,0.000,0.340,0.000,0.206,0.083,0.004,0.000,0.002,0.000,0.357,0.357
TCGA-B8-4619-01A,0.006,0.000,0.001,0.000,0.000,0.000,0.000,0.126,0.000,0.062,0.042,0.002,0.000,0.000,0.000,0.762,0.762
TCGA-BP-5201-01A,0.015,0.000,0.014,0.045,0.050,0.000,0.002,0.156,0.001,0.143,0.116,0.001,0.000,0.001,0.000,0.454,0.454
TCGA-B8-A54J-01A,0.009,0.000,0.009,0.013,0.032,0.000,0.000,0.394,0.001,0.196,0.085,0.005,0.006,0.006,0.002,0.243,0.243
TCGA-CZ-5456-01A,0.029,0.000,0.015,0.005,0.007,0.000,0.000,0.067,0.111,0.076,0.218,0.001,0.002,0.003,0.000,0.465,0.465
TCGA-B0-4688-01A,0.008,0.000,0.011,0.018,0.000,0.000,0.000,0.037,0.274,0.042,0.133,0.002,0.005,0.004,0.000,0.466,0.466
TCGA-A3-3317-01A,0.005,0.000,0.011,0.003,0.027,0.000,0.011,0.167,0.097,0.189,0.143,0.010,0.002,0.008,0.000,0.327,0.327
TCGA-B0-5400-01A,0.029,0.000,0.004,0.003,0.005,0.000,0.000,0.054,0.158,0.191,0.179,0.001,0.011,0.006,0.000,0.359,0.359
TCGA-G6-A5PC-01A,0.015,0.000,0.000,0.001,0.008,0.000,0.000,0.054,0.000,0.035,0.106,0.000,0.000,0.000,0.000,0.780,0.780
TCGA-B0-5100-01A,0.000,0.000,0.005,0.000,0.000,0.000,0.000,0.166,0.158,0.440,0.022,0.001,0.008,0.004,0.000,0.195,0.195
TCGA-CW-5585-01A,0.001,0.000,0.002,0.001,0.000,0.000,0.000,0.278,0.000,0.169,0.054,0.001,0.006,0.004,0.000,0.482,0.482
TCGA-BP-4343-01A,0.010,0.000,0.026,0.002,0.025,0.000,0.005,0.108,0.193,0.125,0.233,0.004,0.002,0.002,0.000,0.264,0.264
TCGA-B2-5636-01A,0.009,0.000,0.010,0.003,0.001,0.007,0.001,0.370,0.059,0.172,0.082,0.012,0.005,0.011,0.001,0.257,0.257
TCGA-B0-5081-01A,0.043,0.000,0.040,0.038,0.037,0.000,0.035,0.161,0.078,0.207,0.196,0.001,0.001,0.003,0.001,0.158,0.158
TCGA-CW-5580-01A,0.001,0.000,0.007,0.003,0.000,0.000,0.000,0.269,0.010,0.159,0.160,0.006,0.001,0.010,0.000,0.373,0.373
TCGA-B2-3924-01A.1,0.019,0.000,0.020,0.056,0.056,0.000,0.006,0.181,0.000,0.068,0.216,0.013,0.001,0.007,0.000,0.357,0.357
TCGA-CJ-6027-01A,0.016,0.000,0.009,0.074,0.034,0.000,0.000,0.040,0.014,0.070,0.209,0.001,0.008,0.001,0.000,0.524,0.524
TCGA-B0-5075-01A,0.003,0.000,0.001,0.002,0.017,0.000,0.000,0.048,0.000,0.055,0.362,0.000,0.000,0.002,0.000,0.509,0.509
TCGA-BP-5200-01A,0.007,0.000,0.006,0.002,0.045,0.000,0.000,0.308,0.044,0.175,0.156,0.003,0.000,0.011,0.000,0.242,0.242
TCGA-BP-4158-01A,0.001,0.000,0.000,0.005,0.001,0.000,0.000,0.285,0.000,0.225,0.084,0.001,0.009,0.003,0.000,0.386,0.386
TCGA-BP-5173-01A,0.001,0.000,0.023,0.003,0.034,0.000,0.000,0.208,0.000,0.171,0.116,0.002,0.000,0.001,0.000,0.440,0.440
TCGA-B0-4710-01A,0.023,0.003,0.006,0.021,0.020,0.000,0.001,0.227,0.032,0.177,0.087,0.012,0.012,0.017,0.003,0.358,0.358
TCGA-A3-3367-01A,0.001,0.000,0.002,0.008,0.000,0.001,0.009,0.198,0.001,0.140,0.148,0.003,0.001,0.007,0.000,0.482,0.482
TCGA-BP-4344-01A,0.003,0.000,0.000,0.003,0.003,0.001,0.011,0.375,0.031,0.285,0.122,0.002,0.006,0.007,0.004,0.146,0.146
TCGA-A3-3335-01A,0.012,0.000,0.002,0.000,0.000,0.000,0.000,0.050,0.000,0.099,0.123,0.000,0.000,0.002,0.000,0.709,0.709
TCGA-B0-5099-01A,0.007,0.000,0.000,0.002,0.000,0.000,0.000,0.317,0.000,0.154,0.039,0.001,0.001,0.003,0.000,0.475,0.475
TCGA-AK-3427-01A,0.011,0.000,0.001,0.000,0.000,0.000,0.000,0.038,0.000,0.018,0.027,0.000,0.000,0.000,0.000,0.905,0.905
TCGA-DV-A4W0-01A,0.005,0.000,0.001,0.002,0.000,0.000,0.000,0.283,0.000,0.200,0.087,0.002,0.000,0.005,0.000,0.414,0.414
TCGA-B8-4143-01A,0.028,0.000,0.041,0.055,0.048,0.000,0.001,0.119,0.005,0.162,0.146,0.002,0.001,0.004,0.001,0.388,0.388
TCGA-B8-A54K-01A,0.000,0.000,0.000,0.001,0.000,0.004,0.000,0.210,0.000,0.150,0.016,0.001,0.003,0.006,0.000,0.608,0.608
TCGA-A3-3311-01A,0.012,0.000,0.002,0.008,0.014,0.000,0.000,0.194,0.033,0.108,0.200,0.001,0.000,0.006,0.000,0.420,0.420
TCGA-CZ-4854-01A,0.023,0.000,0.003,0.018,0.001,0.000,0.000,0.105,0.098,0.100,0.117,0.000,0.012,0.004,0.000,0.519,0.519
TCGA-B8-4153-01B,0.003,0.000,0.000,0.001,0.000,0.000,0.000,0.369,0.000,0.130,0.068,0.001,0.001,0.001,0.000,0.424,0.424
TCGA-B2-A4SR-01A,0.002,0.000,0.019,0.028,0.017,0.001,0.012,0.402,0.000,0.187,0.091,0.009,0.002,0.009,0.000,0.220,0.220
TCGA-CZ-5989-01A,0.000,0.000,0.000,0.031,0.040,0.000,0.000,0.332,0.000,0.150,0.148,0.013,0.000,0.018,0.000,0.266,0.266
TCGA-CZ-5470-01A,0.016,0.000,0.006,0.025,0.014,0.000,0.009,0.115,0.000,0.084,0.215,0.000,0.000,0.001,0.000,0.513,0.513
TCGA-BP-4349-01A,0.004,0.000,0.004,0.006,0.002,0.000,0.000,0.364,0.000,0.267,0.060,0.000,0.007,0.004,0.000,0.280,0.280
TCGA-A3-3307-01A,0.003,0.000,0.001,0.028,0.018,0.000,0.000,0.288,0.000,0.170,0.131,0.005,0.000,0.008,0.002,0.345,0.345
TCGA-CJ-4641-01A,0.013,0.001,0.039,0.059,0.041,0.000,0.040,0.102,0.085,0.105,0.192,0.003,0.001,0.005,0.000,0.313,0.313
TCGA-B0-5098-01A,0.000,0.000,0.000,0.005,0.001,0.000,0.000,0.025,0.034,0.087,0.015,0.000,0.000,0.002,0.000,0.830,0.830
TCGA-B0-4699-01A,0.001,0.000,0.025,0.045,0.054,0.000,0.000,0.032,0.122,0.043,0.158,0.008,0.000,0.003,0.000,0.508,0.508
TCGA-BP-5199-01A,0.006,0.000,0.021,0.045,0.071,0.000,0.007,0.191,0.083,0.280,0.134,0.008,0.003,0.004,0.001,0.148,0.148
TCGA-BP-4337-01A,0.022,0.000,0.015,0.001,0.006,0.000,0.001,0.138,0.199,0.265,0.084,0.005,0.002,0.003,0.000,0.259,0.259
TCGA-CZ-4853-01A,0.011,0.000,0.012,0.011,0.000,0.000,0.001,0.153,0.000,0.104,0.111,0.000,0.001,0.002,0.000,0.594,0.594
TCGA-B0-5115-01A,0.006,0.000,0.007,0.016,0.000,0.011,0.008,0.327,0.010,0.207,0.112,0.001,0.005,0.009,0.000,0.280,0.280
TCGA-B8-A54G-01A,0.004,0.000,0.054,0.041,0.067,0.000,0.039,0.063,0.001,0.026,0.323,0.001,0.000,0.004,0.000,0.376,0.376
TCGA-CZ-4861-01A,0.001,0.000,0.016,0.003,0.009,0.000,0.000,0.058,0.001,0.069,0.368,0.000,0.000,0.006,0.000,0.467,0.467
TCGA-B8-5545-01A,0.003,0.000,0.014,0.002,0.019,0.000,0.002,0.265,0.119,0.183,0.177,0.009,0.002,0.009,0.001,0.196,0.196
TCGA-CJ-4892-01A,0.006,0.000,0.009,0.040,0.069,0.000,0.000,0.195,0.012,0.220,0.103,0.001,0.003,0.005,0.000,0.335,0.335
TCGA-CJ-5678-01A,0.043,0.000,0.013,0.014,0.039,0.000,0.012,0.108,0.000,0.054,0.231,0.000,0.000,0.000,0.000,0.485,0.485
TCGA-AK-3433-01A,0.000,0.000,0.000,0.000,0.000,0.000,0.000,0.044,0.000,0.011,0.047,0.000,0.000,0.000,0.000,0.897,0.897
TCGA-B8-4621-01A,0.005,0.000,0.000,0.000,0.002,0.000,0.000,0.034,0.000,0.058,0.194,0.000,0.000,0.004,0.000,0.701,0.701
TCGA-BP-4967-01A,0.006,0.000,0.001,0.005,0.000,0.000,0.000,0.142,0.006,0.131,0.132,0.005,0.000,0.004,0.000,0.567,0.567
TCGA-A3-3320-01A,0.006,0.000,0.003,0.008,0.015,0.000,0.000,0.274,0.000,0.203,0.117,0.007,0.000,0.016,0.000,0.349,0.349
TCGA-B8-A54D-01A,0.002,0.000,0.010,0.049,0.057,0.000,0.000,0.126,0.000,0.044,0.228,0.001,0.000,0.005,0.000,0.477,0.477
TCGA-B2-4098-01A,0.023,0.000,0.003,0.000,0.000,0.000,0.000,0.019,0.000,0.030,0.221,0.000,0.000,0.006,0.000,0.698,0.698
TCGA-A3-3374-01A,0.002,0.000,0.003,0.000,0.000,0.000,0.000,0.012,0.000,0.009,0.436,0.006,0.000,0.000,0.000,0.531,0.531
TCGA-BP-5000-01A,0.019,0.000,0.014,0.001,0.022,0.000,0.008,0.204,0.045,0.208,0.129,0.001,0.001,0.000,0.000,0.349,0.349
TCGA-A3-A6NI-01A,0.003,0.000,0.001,0.004,0.000,0.000,0.006,0.181,0.014,0.093,0.145,0.000,0.007,0.005,0.000,0.540,0.540
TCGA-B0-4824-01A,0.008,0.000,0.002,0.049,0.051,0.000,0.000,0.237,0.002,0.100,0.192,0.001,0.002,0.004,0.000,0.351,0.351
TCGA-BP-4975-01A,0.009,0.000,0.002,0.002,0.000,0.000,0.000,0.240,0.010,0.196,0.137,0.001,0.000,0.005,0.000,0.396,0.396
TCGA-BP-4330-01A,0.036,0.006,0.020,0.061,0.046,0.000,0.020,0.205,0.006,0.164,0.138,0.010,0.010,0.011,0.001,0.268,0.268
TCGA-B0-4841-01A,0.001,0.000,0.000,0.000,0.000,0.000,0.000,0.458,0.000,0.224,0.048,0.000,0.000,0.000,0.000,0.268,0.268
TCGA-B8-5551-01A,0.054,0.001,0.056,0.021,0.047,0.000,0.032,0.070,0.018,0.026,0.347,0.002,0.002,0.004,0.001,0.320,0.320
TCGA-AK-3440-01A,0.007,0.000,0.000,0.000,0.000,0.000,0.000,0.044,0.000,0.012,0.030,0.000,0.000,0.000,0.000,0.906,0.906
TCGA-BP-5169-01A,0.214,0.000,0.015,0.001,0.018,0.000,0.000,0.046,0.063,0.124,0.144,0.000,0.001,0.001,0.000,0.374,0.374
TCGA-BP-4770-01A,0.000,0.000,0.017,0.000,0.016,0.000,0.001,0.068,0.681,0.000,0.120,0.000,0.000,0.002,0.000,0.094,0.094
TCGA-B4-5838-01A,0.004,0.000,0.008,0.002,0.004,0.000,0.000,0.127,0.071,0.152,0.103,0.001,0.000,0.002,0.000,0.525,0.525
TCGA-B0-4815-01A,0.113,0.004,0.027,0.044,0.077,0.000,0.010,0.094,0.048,0.085,0.176,0.005,0.004,0.008,0.001,0.304,0.304
TCGA-B0-4838-01A,0.010,0.000,0.015,0.050,0.064,0.000,0.004,0.200,0.000,0.143,0.137,0.002,0.000,0.008,0.000,0.366,0.366
TCGA-BP-5177-01A,0.006,0.000,0.005,0.008,0.006,0.000,0.001,0.273,0.059,0.436,0.035,0.001,0.004,0.001,0.000,0.165,0.165
TCGA-CJ-4639-01A,0.007,0.000,0.010,0.043,0.046,0.000,0.002,0.316,0.000,0.148,0.097,0.005,0.004,0.008,0.000,0.313,0.313
TCGA-CZ-4865-01A,0.010,0.000,0.005,0.004,0.027,0.000,0.005,0.220,0.067,0.156,0.165,0.001,0.011,0.002,0.000,0.326,0.326
TCGA-BP-5180-01A,0.017,0.000,0.009,0.005,0.000,0.000,0.005,0.076,0.001,0.105,0.192,0.000,0.001,0.000,0.000,0.590,0.590
TCGA-DV-5567-01A,0.000,0.000,0.001,0.001,0.000,0.000,0.000,0.253,0.000,0.195,0.052,0.006,0.000,0.005,0.000,0.487,0.487
TCGA-BP-4992-01A,0.005,0.000,0.011,0.034,0.074,0.000,0.019,0.127,0.000,0.088,0.117,0.001,0.001,0.003,0.000,0.518,0.518
TCGA-B2-5633-01A,0.006,0.000,0.023,0.003,0.019,0.000,0.013,0.248,0.015,0.167,0.172,0.009,0.003,0.007,0.000,0.313,0.313
TCGA-CJ-5675-01A,0.009,0.000,0.016,0.018,0.061,0.000,0.002,0.134,0.000,0.057,0.225,0.001,0.000,0.002,0.000,0.474,0.474
TCGA-B0-4701-01A,0.012,0.000,0.015,0.036,0.012,0.001,0.014,0.157,0.002,0.194,0.112,0.005,0.000,0.007,0.000,0.432,0.432
TCGA-BP-4784-01A,0.010,0.000,0.007,0.001,0.000,0.000,0.007,0.275,0.065,0.258,0.051,0.007,0.000,0.003,0.000,0.315,0.315
TCGA-B4-5843-01A,0.001,0.000,0.002,0.005,0.000,0.000,0.000,0.218,0.006,0.194,0.123,0.001,0.000,0.004,0.000,0.445,0.445
TCGA-B0-5705-01A,0.010,0.000,0.011,0.004,0.028,0.000,0.000,0.245,0.000,0.100,0.124,0.001,0.000,0.003,0.000,0.473,0.473
TCGA-BP-4965-01A,0.001,0.000,0.009,0.004,0.010,0.000,0.000,0.318,0.000,0.202,0.131,0.007,0.000,0.007,0.000,0.311,0.311
TCGA-B0-5085-01A,0.008,0.000,0.000,0.002,0.000,0.000,0.000,0.242,0.000,0.164,0.099,0.000,0.006,0.000,0.000,0.478,0.478
TCGA-B0-5113-01A,0.013,0.004,0.016,0.012,0.023,0.001,0.003,0.255,0.018,0.185,0.137,0.008,0.001,0.011,0.000,0.312,0.312
TCGA-CW-5581-01A,0.005,0.000,0.018,0.002,0.011,0.001,0.006,0.241,0.000,0.100,0.094,0.000,0.000,0.004,0.000,0.517,0.517
TCGA-AK-3454-01A,0.013,0.000,0.004,0.004,0.023,0.000,0.000,0.271,0.091,0.154,0.144,0.001,0.007,0.002,0.000,0.286,0.286
TCGA-BP-4989-01A,0.012,0.007,0.006,0.079,0.092,0.000,0.001,0.107,0.021,0.196,0.273,0.001,0.002,0.006,0.000,0.198,0.198
TCGA-AK-3456-01A,0.003,0.000,0.000,0.000,0.000,0.000,0.003,0.030,0.000,0.176,0.184,0.000,0.000,0.002,0.000,0.601,0.601
TCGA-A3-3370-01A,0.008,0.000,0.013,0.047,0.032,0.000,0.004,0.204,0.007,0.227,0.167,0.004,0.000,0.012,0.000,0.274,0.274
TCGA-DV-5565-01A,0.000,0.000,0.001,0.000,0.000,0.000,0.000,0.446,0.008,0.208,0.100,0.000,0.000,0.002,0.000,0.234,0.234
TCGA-BP-4795-01A,0.007,0.001,0.014,0.007,0.005,0.021,0.025,0.255,0.164,0.254,0.064,0.008,0.002,0.009,0.001,0.163,0.163
TCGA-B0-5083-01A,0.003,0.000,0.008,0.001,0.001,0.000,0.001,0.067,0.088,0.129,0.274,0.001,0.000,0.000,0.000,0.427,0.427
TCGA-BP-4789-01A,0.001,0.000,0.002,0.008,0.001,0.000,0.000,0.414,0.053,0.246,0.067,0.009,0.004,0.005,0.000,0.190,0.190
TCGA-B8-5163-01A,0.012,0.000,0.037,0.027,0.033,0.000,0.001,0.199,0.153,0.156,0.214,0.002,0.001,0.007,0.001,0.158,0.158
TCGA-CJ-6033-01A,0.013,0.000,0.010,0.000,0.005,0.000,0.000,0.203,0.015,0.261,0.108,0.000,0.003,0.002,0.001,0.379,0.379
TCGA-BP-4756-01A,0.016,0.000,0.006,0.001,0.010,0.000,0.006,0.031,0.001,0.068,0.161,0.002,0.000,0.002,0.000,0.696,0.696
TCGA-A3-3362-01A,0.006,0.000,0.006,0.009,0.010,0.000,0.000,0.241,0.038,0.209,0.106,0.002,0.000,0.007,0.000,0.364,0.364
TCGA-BP-4355-01A,0.006,0.000,0.003,0.010,0.000,0.002,0.000,0.412,0.002,0.386,0.058,0.002,0.001,0.005,0.000,0.113,0.113
TCGA-B0-4852-01A,0.010,0.000,0.001,0.013,0.005,0.000,0.000,0.252,0.005,0.162,0.090,0.006,0.003,0.008,0.000,0.445,0.445
TCGA-A3-A6NL-01A,0.008,0.000,0.013,0.008,0.020,0.000,0.003,0.339,0.001,0.204,0.128,0.001,0.012,0.008,0.006,0.248,0.248
TCGA-BP-4801-01A,0.003,0.000,0.009,0.003,0.009,0.001,0.001,0.230,0.108,0.148,0.246,0.006,0.002,0.006,0.000,0.227,0.227
TCGA-A3-3347-01A,0.013,0.001,0.015,0.036,0.026,0.000,0.006,0.104,0.233,0.099,0.239,0.009,0.002,0.013,0.000,0.203,0.203
TCGA-B2-3924-01B,0.011,0.011,0.013,0.096,0.043,0.001,0.006,0.238,0.003,0.156,0.121,0.038,0.002,0.039,0.000,0.222,0.222
TCGA-G6-A8L8-01A,0.015,0.000,0.000,0.001,0.000,0.000,0.004,0.255,0.000,0.124,0.021,0.000,0.009,0.002,0.000,0.569,0.569
TCGA-MM-A564-01A,0.003,0.000,0.000,0.000,0.001,0.000,0.000,0.316,0.024,0.250,0.031,0.000,0.015,0.002,0.006,0.352,0.352
TCGA-BP-4775-01A,0.014,0.000,0.011,0.021,0.014,0.001,0.011,0.206,0.001,0.162,0.115,0.009,0.001,0.012,0.000,0.422,0.422
TCGA-B0-5703-01A,0.005,0.000,0.001,0.000,0.016,0.000,0.000,0.138,0.000,0.281,0.034,0.000,0.024,0.001,0.000,0.498,0.498
TCGA-CZ-5463-01A,0.001,0.000,0.002,0.004,0.017,0.000,0.000,0.190,0.000,0.077,0.155,0.003,0.000,0.002,0.000,0.548,0.548
TCGA-B4-5844-01A,0.000,0.000,0.001,0.011,0.000,0.000,0.000,0.501,0.000,0.182,0.050,0.006,0.003,0.012,0.002,0.230,0.230
TCGA-BP-4963-01A,0.004,0.000,0.006,0.028,0.008,0.000,0.001,0.223,0.000,0.172,0.230,0.001,0.000,0.010,0.000,0.316,0.316
TCGA-B8-5546-01A,0.002,0.000,0.004,0.001,0.000,0.000,0.000,0.092,0.004,0.100,0.089,0.004,0.001,0.000,0.000,0.703,0.703
TCGA-B8-5165-01A,0.006,0.000,0.008,0.008,0.006,0.013,0.000,0.332,0.051,0.207,0.116,0.010,0.000,0.007,0.000,0.235,0.235
TCGA-CW-5587-01A,0.010,0.000,0.029,0.036,0.038,0.000,0.002,0.191,0.004,0.135,0.249,0.001,0.001,0.005,0.000,0.299,0.299
TCGA-BP-4983-01A,0.027,0.000,0.061,0.040,0.082,0.000,0.004,0.028,0.125,0.007,0.275,0.001,0.000,0.004,0.000,0.344,0.344
TCGA-BP-4177-01A,0.003,0.000,0.003,0.000,0.000,0.002,0.006,0.191,0.064,0.204,0.039,0.006,0.000,0.003,0.000,0.479,0.479
TCGA-B8-4151-01A,0.004,0.000,0.000,0.000,0.000,0.000,0.000,0.201,0.000,0.063,0.088,0.000,0.000,0.000,0.000,0.642,0.642
TCGA-MM-A84U-01A,0.012,0.000,0.009,0.000,0.001,0.000,0.000,0.154,0.110,0.170,0.140,0.000,0.007,0.001,0.000,0.395,0.395
TCGA-A3-3365-01A,0.002,0.001,0.007,0.008,0.013,0.002,0.006,0.341,0.053,0.257,0.085,0.014,0.008,0.007,0.000,0.195,0.195
TCGA-BP-4807-01A,0.001,0.000,0.008,0.001,0.001,0.000,0.000,0.143,0.085,0.153,0.229,0.002,0.001,0.008,0.000,0.368,0.368
TCGA-A3-A8OW-01A,0.011,0.000,0.009,0.030,0.021,0.000,0.000,0.408,0.000,0.190,0.087,0.008,0.001,0.007,0.000,0.229,0.229
TCGA-CZ-4859-01A,0.010,0.000,0.003,0.002,0.000,0.000,0.000,0.193,0.000,0.117,0.066,0.000,0.003,0.004,0.000,0.603,0.603
TCGA-CZ-5453-01A,0.006,0.000,0.000,0.000,0.000,0.000,0.000,0.261,0.000,0.125,0.082,0.001,0.000,0.002,0.000,0.523,0.523
TCGA-B2-5633-01B,0.011,0.008,0.029,0.061,0.013,0.021,0.030,0.199,0.051,0.154,0.163,0.036,0.004,0.033,0.001,0.186,0.186
TCGA-CZ-5458-01A,0.003,0.000,0.018,0.010,0.013,0.001,0.014,0.298,0.001,0.145,0.122,0.004,0.000,0.004,0.000,0.367,0.367
TCGA-BP-4354-01A,0.001,0.000,0.016,0.031,0.027,0.000,0.001,0.097,0.160,0.065,0.325,0.001,0.001,0.028,0.043,0.203,0.203
TCGA-B8-A54E-01A,0.009,0.000,0.006,0.000,0.000,0.000,0.000,0.016,0.000,0.013,0.182,0.000,0.000,0.000,0.000,0.773,0.773
TCGA-DV-5568-01A,0.001,0.000,0.007,0.005,0.028,0.000,0.000,0.176,0.096,0.175,0.142,0.001,0.000,0.000,0.000,0.368,0.368
TCGA-B8-5162-01A,0.082,0.001,0.033,0.002,0.058,0.000,0.000,0.171,0.100,0.142,0.320,0.001,0.001,0.006,0.000,0.084,0.084
TCGA-AK-3460-01A,0.004,0.000,0.000,0.003,0.005,0.000,0.000,0.297,0.000,0.192,0.128,0.002,0.010,0.004,0.000,0.354,0.354
TCGA-CJ-5677-01A,0.011,0.000,0.005,0.001,0.004,0.000,0.003,0.095,0.196,0.072,0.245,0.000,0.000,0.000,0.000,0.368,0.368
TCGA-CZ-4866-01A,0.007,0.000,0.002,0.002,0.000,0.000,0.000,0.101,0.000,0.057,0.213,0.000,0.000,0.001,0.000,0.616,0.616
TCGA-B0-4817-01A,0.027,0.000,0.003,0.005,0.000,0.000,0.000,0.022,0.008,0.138,0.094,0.000,0.002,0.050,0.000,0.652,0.652
TCGA-CJ-6028-01A,0.032,0.000,0.036,0.013,0.065,0.000,0.000,0.162,0.028,0.107,0.211,0.002,0.001,0.009,0.000,0.334,0.334
TCGA-B2-4102-01A,0.011,0.000,0.022,0.012,0.003,0.001,0.023,0.240,0.000,0.139,0.183,0.005,0.010,0.012,0.000,0.339,0.339
TCGA-B0-4844-01A,0.012,0.000,0.011,0.019,0.008,0.000,0.000,0.057,0.028,0.109,0.113,0.001,0.000,0.002,0.000,0.640,0.640
TCGA-BP-5184-01A,0.001,0.000,0.001,0.007,0.017,0.000,0.000,0.264,0.030,0.235,0.146,0.001,0.001,0.004,0.000,0.294,0.294
TCGA-BP-5168-01A,0.002,0.000,0.001,0.000,0.006,0.000,0.000,0.293,0.000,0.249,0.092,0.001,0.000,0.001,0.000,0.353,0.353
TCGA-BP-4160-01A,0.010,0.000,0.015,0.013,0.070,0.000,0.001,0.169,0.015,0.105,0.221,0.001,0.000,0.002,0.000,0.379,0.379
TCGA-BP-5190-01A,0.005,0.000,0.000,0.004,0.000,0.000,0.000,0.096,0.000,0.086,0.128,0.000,0.000,0.000,0.000,0.679,0.679
TCGA-CW-6087-01A,0.004,0.000,0.047,0.075,0.062,0.000,0.003,0.034,0.050,0.009,0.358,0.005,0.000,0.009,0.001,0.343,0.343
TCGA-CZ-5465-01A,0.007,0.000,0.001,0.001,0.000,0.000,0.000,0.227,0.000,0.131,0.088,0.003,0.000,0.003,0.000,0.538,0.538
TCGA-BP-5202-01A,0.001,0.000,0.000,0.004,0.000,0.000,0.000,0.284,0.000,0.156,0.144,0.000,0.003,0.004,0.000,0.404,0.404
TCGA-B0-4847-01A,0.019,0.000,0.002,0.072,0.050,0.000,0.024,0.130,0.000,0.066,0.185,0.000,0.000,0.001,0.000,0.449,0.449
TCGA-B0-4712-01A,0.011,0.000,0.012,0.011,0.012,0.000,0.000,0.075,0.142,0.141,0.191,0.001,0.001,0.000,0.000,0.403,0.403
TCGA-BP-4352-01A,0.012,0.000,0.000,0.003,0.000,0.000,0.000,0.005,0.126,0.113,0.019,0.000,0.000,0.000,0.000,0.722,0.722
TCGA-BP-4787-01A,0.005,0.000,0.008,0.003,0.014,0.000,0.000,0.105,0.174,0.092,0.251,0.001,0.001,0.008,0.000,0.339,0.339
TCGA-CZ-5459-01A,0.005,0.000,0.009,0.003,0.012,0.000,0.000,0.185,0.001,0.113,0.138,0.000,0.000,0.003,0.000,0.530,0.530
TCGA-B0-4837-01A,0.005,0.000,0.006,0.001,0.002,0.000,0.000,0.165,0.108,0.208,0.108,0.001,0.002,0.004,0.000,0.391,0.391
TCGA-BP-4970-01A,0.001,0.000,0.013,0.011,0.026,0.000,0.016,0.253,0.115,0.158,0.182,0.006,0.001,0.009,0.000,0.209,0.209
TCGA-B0-5700-01A,0.007,0.000,0.003,0.003,0.003,0.000,0.000,0.279,0.000,0.115,0.119,0.000,0.000,0.001,0.000,0.468,0.468
TCGA-AK-3425-01A,0.006,0.000,0.008,0.003,0.026,0.000,0.002,0.154,0.100,0.122,0.248,0.001,0.001,0.001,0.000,0.327,0.327
TCGA-B2-5633-01A.1,0.006,0.000,0.023,0.003,0.019,0.000,0.013,0.248,0.015,0.167,0.172,0.009,0.003,0.007,0.000,0.313,0.313
TCGA-B0-5117-01A,0.002,0.000,0.001,0.000,0.000,0.000,0.000,0.067,0.000,0.050,0.027,0.000,0.000,0.000,0.000,0.854,0.854
TCGA-B0-5121-01A,0.000,0.000,0.000,0.000,0.008,0.000,0.000,0.393,0.000,0.316,0.079,0.002,0.004,0.002,0.000,0.193,0.193
TCGA-CJ-4881-01A,0.030,0.000,0.010,0.003,0.023,0.000,0.002,0.111,0.128,0.126,0.186,0.001,0.004,0.007,0.001,0.367,0.367
TCGA-AK-3436-01A,0.016,0.000,0.003,0.006,0.000,0.000,0.000,0.120,0.023,0.141,0.101,0.000,0.000,0.000,0.000,0.589,0.589
TCGA-BP-4964-01A,0.006,0.000,0.009,0.010,0.009,0.000,0.004,0.222,0.004,0.214,0.114,0.001,0.003,0.003,0.000,0.401,0.401
TCGA-BP-4760-01A,0.000,0.000,0.003,0.000,0.000,0.000,0.001,0.183,0.074,0.246,0.070,0.012,0.000,0.006,0.000,0.403,0.403
TCGA-B2-5635-01A,0.007,0.000,0.011,0.035,0.030,0.000,0.007,0.201,0.001,0.085,0.217,0.014,0.001,0.008,0.000,0.382,0.382
TCGA-A3-3325-01A,0.012,0.000,0.007,0.004,0.000,0.003,0.018,0.251,0.028,0.166,0.127,0.009,0.001,0.008,0.000,0.366,0.366
TCGA-B8-5159-01A,0.008,0.000,0.005,0.021,0.019,0.000,0.000,0.172,0.001,0.128,0.117,0.001,0.000,0.005,0.000,0.523,0.523
TCGA-MM-A563-01A,0.022,0.001,0.031,0.024,0.020,0.001,0.032,0.180,0.151,0.158,0.161,0.002,0.001,0.005,0.006,0.204,0.204
TCGA-A3-3343-01A,0.011,0.000,0.013,0.005,0.000,0.000,0.018,0.232,0.000,0.092,0.180,0.000,0.009,0.006,0.000,0.435,0.435
TCGA-BP-4163-01A,0.003,0.000,0.009,0.003,0.003,0.000,0.000,0.145,0.012,0.173,0.196,0.000,0.000,0.006,0.000,0.449,0.449
TCGA-B0-5092-01A,0.013,0.000,0.038,0.076,0.060,0.000,0.026,0.121,0.010,0.168,0.130,0.002,0.001,0.003,0.000,0.350,0.350
TCGA-BP-4174-01A,0.018,0.000,0.009,0.001,0.004,0.000,0.000,0.084,0.000,0.102,0.197,0.001,0.000,0.005,0.000,0.578,0.578
TCGA-BP-4986-01A,0.015,0.000,0.020,0.013,0.001,0.001,0.001,0.206,0.178,0.145,0.165,0.007,0.004,0.012,0.000,0.231,0.231
TCGA-B0-4696-01A,0.004,0.000,0.006,0.003,0.000,0.000,0.000,0.030,0.420,0.044,0.063,0.000,0.000,0.003,0.000,0.427,0.427
TCGA-CZ-4856-01A,0.016,0.000,0.010,0.003,0.031,0.000,0.000,0.279,0.000,0.182,0.131,0.001,0.003,0.002,0.000,0.343,0.343
TCGA-CJ-4873-01A,0.019,0.000,0.008,0.013,0.028,0.000,0.006,0.088,0.060,0.067,0.301,0.001,0.006,0.001,0.000,0.401,0.401
TCGA-B0-5693-01A,0.006,0.000,0.002,0.005,0.000,0.000,0.000,0.371,0.000,0.219,0.075,0.006,0.000,0.007,0.000,0.309,0.309
TCGA-AK-3451-01A,0.015,0.000,0.001,0.002,0.004,0.000,0.006,0.076,0.000,0.051,0.158,0.000,0.000,0.000,0.000,0.687,0.687
TCGA-BP-4762-01A,0.009,0.001,0.011,0.003,0.013,0.017,0.012,0.222,0.172,0.177,0.146,0.005,0.001,0.006,0.001,0.205,0.205
TCGA-AS-3778-01A,0.003,0.000,0.006,0.014,0.003,0.001,0.001,0.251,0.026,0.188,0.121,0.001,0.001,0.009,0.000,0.375,0.375
TCGA-CZ-5457-01A,0.018,0.000,0.000,0.001,0.014,0.000,0.000,0.256,0.000,0.135,0.179,0.001,0.001,0.001,0.000,0.393,0.393
TCGA-B2-5639-01A,0.015,0.000,0.010,0.013,0.000,0.000,0.014,0.105,0.001,0.071,0.189,0.000,0.001,0.002,0.000,0.577,0.577
TCGA-B0-4811-01A,0.010,0.000,0.000,0.004,0.000,0.000,0.002,0.176,0.002,0.220,0.061,0.000,0.003,0.001,0.000,0.521,0.521
TCGA-CJ-4899-01A,0.010,0.001,0.009,0.017,0.011,0.011,0.002,0.299,0.042,0.278,0.132,0.018,0.002,0.010,0.001,0.157,0.157
TCGA-B0-5096-01A,0.023,0.000,0.005,0.000,0.006,0.000,0.000,0.053,0.120,0.064,0.255,0.001,0.000,0.004,0.000,0.469,0.469
TCGA-BP-4331-01A,0.005,0.000,0.014,0.021,0.015,0.000,0.013,0.220,0.001,0.146,0.168,0.002,0.001,0.008,0.000,0.386,0.386
TCGA-B0-4693-01A,0.032,0.000,0.002,0.013,0.032,0.000,0.000,0.240,0.000,0.148,0.122,0.002,0.007,0.011,0.001,0.391,0.391
TCGA-CJ-4637-01A,0.047,0.001,0.042,0.074,0.068,0.000,0.031,0.080,0.069,0.053,0.225,0.003,0.001,0.004,0.001,0.301,0.301
TCGA-CJ-4916-01A,0.016,0.000,0.009,0.054,0.049,0.000,0.000,0.209,0.000,0.116,0.215,0.001,0.000,0.003,0.000,0.327,0.327
TCGA-CW-5591-01A,0.000,0.000,0.003,0.000,0.000,0.001,0.000,0.144,0.122,0.090,0.075,0.001,0.000,0.006,0.000,0.557,0.557
TCGA-BP-5008-01A,0.007,0.001,0.005,0.019,0.029,0.024,0.015,0.242,0.077,0.236,0.123,0.012,0.001,0.016,0.001,0.196,0.196
TCGA-CJ-4903-01A,0.013,0.000,0.001,0.005,0.014,0.000,0.002,0.211,0.011,0.143,0.184,0.000,0.001,0.003,0.000,0.412,0.412
TCGA-B0-4714-01A,0.005,0.000,0.002,0.050,0.037,0.000,0.001,0.243,0.000,0.178,0.154,0.001,0.031,0.003,0.001,0.294,0.294
TCGA-B8-5550-01A,0.001,0.000,0.011,0.001,0.017,0.000,0.000,0.175,0.153,0.135,0.168,0.002,0.000,0.004,0.000,0.331,0.331
TCGA-B0-5094-01A,0.019,0.000,0.001,0.026,0.001,0.000,0.000,0.075,0.005,0.112,0.099,0.001,0.015,0.009,0.000,0.638,0.638
TCGA-CJ-4920-01A,0.008,0.000,0.004,0.010,0.000,0.000,0.000,0.244,0.074,0.193,0.131,0.003,0.001,0.007,0.000,0.325,0.325
TCGA-A3-3346-01A,0.018,0.000,0.004,0.023,0.002,0.000,0.000,0.015,0.010,0.120,0.205,0.000,0.001,0.003,0.001,0.598,0.598
TCGA-CJ-4885-01A,0.003,0.000,0.001,0.001,0.001,0.000,0.000,0.197,0.000,0.140,0.089,0.000,0.000,0.001,0.000,0.567,0.567
TCGA-B0-5707-01A,0.003,0.000,0.003,0.001,0.000,0.000,0.009,0.028,0.029,0.091,0.105,0.005,0.000,0.001,0.000,0.723,0.723
TCGA-CJ-4872-01A,0.011,0.000,0.009,0.006,0.017,0.001,0.004,0.270,0.110,0.259,0.116,0.002,0.010,0.004,0.000,0.182,0.182
TCGA-BP-5181-01A,0.001,0.000,0.008,0.003,0.002,0.000,0.001,0.270,0.000,0.189,0.103,0.001,0.004,0.004,0.000,0.414,0.414
TCGA-BP-4777-01A,0.013,0.004,0.030,0.020,0.059,0.000,0.005,0.137,0.001,0.119,0.275,0.001,0.000,0.001,0.000,0.334,0.334
TCGA-BP-4982-01A,0.001,0.000,0.007,0.016,0.018,0.000,0.001,0.297,0.024,0.244,0.146,0.014,0.003,0.015,0.000,0.213,0.213
TCGA-CZ-4857-01A,0.001,0.000,0.014,0.010,0.014,0.000,0.000,0.106,0.127,0.125,0.183,0.001,0.002,0.007,0.000,0.409,0.409
TCGA-A3-3349-01A,0.005,0.000,0.010,0.002,0.010,0.001,0.000,0.352,0.089,0.225,0.105,0.012,0.013,0.010,0.001,0.165,0.165
TCGA-B0-5711-01A,0.010,0.000,0.012,0.022,0.002,0.000,0.006,0.307,0.000,0.187,0.109,0.007,0.001,0.006,0.000,0.329,0.329
TCGA-GK-A6C7-01A,0.005,0.000,0.003,0.025,0.008,0.000,0.007,0.408,0.001,0.184,0.074,0.003,0.010,0.006,0.002,0.262,0.262
TCGA-BP-5192-01A,0.005,0.000,0.002,0.003,0.000,0.000,0.001,0.280,0.000,0.204,0.062,0.001,0.000,0.002,0.000,0.440,0.440
TCGA-CZ-5988-01A,0.000,0.000,0.008,0.025,0.009,0.000,0.000,0.277,0.031,0.190,0.096,0.006,0.000,0.005,0.000,0.353,0.353
TCGA-B0-4718-01A,0.012,0.000,0.001,0.007,0.016,0.000,0.001,0.248,0.000,0.252,0.096,0.002,0.004,0.001,0.000,0.359,0.359
TCGA-BP-4969-01A,0.010,0.000,0.000,0.003,0.000,0.000,0.000,0.281,0.000,0.123,0.060,0.000,0.001,0.000,0.000,0.520,0.520
TCGA-CW-5588-01A,0.001,0.000,0.006,0.003,0.010,0.000,0.000,0.199,0.136,0.139,0.221,0.002,0.001,0.005,0.000,0.278,0.278
TCGA-CZ-4864-01A,0.007,0.000,0.012,0.047,0.045,0.000,0.000,0.219,0.000,0.105,0.221,0.002,0.001,0.007,0.000,0.334,0.334
TCGA-BP-4973-01A,0.003,0.000,0.007,0.017,0.019,0.000,0.005,0.220,0.000,0.153,0.146,0.003,0.000,0.008,0.000,0.419,0.419
TCGA-DV-5573-01A,0.009,0.000,0.016,0.048,0.064,0.000,0.014,0.139,0.031,0.088,0.178,0.003,0.000,0.004,0.000,0.406,0.406
TCGA-BP-4960-01A,0.024,0.000,0.002,0.000,0.001,0.000,0.000,0.195,0.022,0.270,0.194,0.000,0.004,0.001,0.000,0.285,0.285
TCGA-B0-5694-01A,0.007,0.000,0.005,0.000,0.000,0.000,0.003,0.244,0.000,0.133,0.135,0.000,0.008,0.001,0.000,0.464,0.464
TCGA-BP-4993-01A,0.001,0.000,0.000,0.002,0.021,0.000,0.000,0.386,0.009,0.262,0.103,0.003,0.007,0.004,0.000,0.202,0.202
TCGA-B0-4833-01A,0.013,0.000,0.005,0.025,0.037,0.000,0.001,0.240,0.000,0.173,0.103,0.002,0.006,0.003,0.000,0.392,0.392
TCGA-CJ-4884-01A,0.011,0.000,0.003,0.034,0.010,0.000,0.000,0.173,0.000,0.117,0.241,0.000,0.000,0.001,0.000,0.410,0.410
TCGA-B0-5107-01A,0.008,0.000,0.004,0.030,0.022,0.000,0.002,0.005,0.000,0.005,0.142,0.000,0.000,0.000,0.000,0.781,0.781
TCGA-B0-5106-01A,0.011,0.000,0.005,0.007,0.016,0.000,0.002,0.271,0.005,0.200,0.182,0.005,0.007,0.006,0.000,0.281,0.281
TCGA-BP-4781-01A,0.003,0.000,0.008,0.000,0.005,0.000,0.000,0.148,0.077,0.091,0.195,0.006,0.000,0.004,0.000,0.461,0.461
TCGA-B0-4821-01A,0.020,0.000,0.000,0.037,0.010,0.000,0.000,0.074,0.089,0.155,0.049,0.000,0.019,0.001,0.000,0.545,0.545
TCGA-B0-4818-01A,0.062,0.000,0.014,0.008,0.014,0.000,0.000,0.290,0.000,0.200,0.086,0.001,0.011,0.006,0.000,0.307,0.307
TCGA-CZ-5461-01A,0.004,0.000,0.016,0.002,0.011,0.000,0.010,0.211,0.064,0.157,0.153,0.006,0.001,0.005,0.000,0.359,0.359
TCGA-A3-3385-01A,0.000,0.000,0.000,0.002,0.000,0.000,0.000,0.098,0.000,0.043,0.113,0.000,0.000,0.004,0.000,0.739,0.739
TCGA-B0-5709-01A,0.012,0.005,0.022,0.023,0.044,0.001,0.040,0.189,0.151,0.157,0.170,0.009,0.001,0.012,0.001,0.164,0.164
TCGA-BP-4771-01A,0.009,0.000,0.035,0.073,0.082,0.000,0.015,0.183,0.024,0.146,0.219,0.009,0.003,0.008,0.001,0.193,0.193
TCGA-BP-4327-01A,0.011,0.000,0.002,0.005,0.002,0.000,0.000,0.258,0.003,0.149,0.099,0.000,0.008,0.002,0.000,0.461,0.461
TCGA-B0-5710-01A,0.002,0.000,0.013,0.010,0.011,0.000,0.005,0.512,0.001,0.182,0.069,0.004,0.002,0.006,0.000,0.184,0.184
TCGA-B4-5834-01A,0.001,0.000,0.006,0.007,0.002,0.000,0.000,0.479,0.006,0.196,0.066,0.004,0.004,0.005,0.000,0.223,0.223
TCGA-DV-5576-01A,0.001,0.000,0.003,0.000,0.000,0.000,0.000,0.270,0.005,0.203,0.034,0.003,0.000,0.006,0.000,0.473,0.473
TCGA-AK-3443-01A,0.000,0.000,0.000,0.000,0.000,0.000,0.000,0.055,0.000,0.017,0.009,0.000,0.000,0.000,0.000,0.918,0.918
TCGA-BP-5009-01A,0.010,0.000,0.000,0.006,0.010,0.000,0.000,0.201,0.005,0.169,0.206,0.000,0.001,0.000,0.000,0.392,0.392
TCGA-BP-4173-01A,0.009,0.001,0.033,0.054,0.077,0.000,0.062,0.139,0.065,0.156,0.241,0.008,0.001,0.013,0.001,0.140,0.140
TCGA-B0-4845-01A,0.007,0.000,0.001,0.007,0.000,0.009,0.001,0.326,0.000,0.241,0.049,0.002,0.000,0.006,0.000,0.351,0.351
TCGA-B0-5812-01A,0.004,0.000,0.009,0.005,0.018,0.000,0.007,0.360,0.062,0.201,0.104,0.007,0.006,0.007,0.001,0.210,0.210
TCGA-B4-5378-01A,0.001,0.000,0.001,0.007,0.000,0.001,0.000,0.315,0.000,0.283,0.049,0.014,0.001,0.010,0.000,0.317,0.317
TCGA-CZ-4858-01A,0.022,0.000,0.036,0.039,0.052,0.000,0.001,0.030,0.098,0.080,0.150,0.001,0.000,0.004,0.001,0.487,0.487
TCGA-BP-4768-01A,0.007,0.000,0.000,0.001,0.003,0.000,0.000,0.112,0.000,0.103,0.123,0.000,0.000,0.003,0.000,0.647,0.647
TCGA-A3-3363-01A,0.000,0.000,0.001,0.001,0.002,0.000,0.002,0.025,0.005,0.036,0.159,0.008,0.000,0.001,0.000,0.757,0.757
TCGA-CJ-4893-01A,0.011,0.000,0.007,0.007,0.037,0.000,0.001,0.291,0.000,0.147,0.137,0.002,0.000,0.003,0.000,0.355,0.355
TCGA-BP-5195-01A,0.001,0.000,0.005,0.002,0.011,0.000,0.000,0.290,0.059,0.214,0.160,0.001,0.001,0.004,0.000,0.252,0.252
TCGA-B0-5712-01A,0.012,0.000,0.001,0.011,0.004,0.000,0.000,0.130,0.000,0.073,0.073,0.000,0.000,0.000,0.000,0.695,0.695
TCGA-AK-3426-01A,0.005,0.001,0.025,0.065,0.068,0.000,0.050,0.057,0.130,0.125,0.343,0.001,0.001,0.002,0.000,0.128,0.128
TCGA-B2-5635-01A.1,0.007,0.000,0.011,0.035,0.030,0.000,0.007,0.201,0.001,0.085,0.217,0.014,0.001,0.008,0.000,0.382,0.382
TCGA-CZ-5987-01A,0.013,0.000,0.010,0.015,0.000,0.000,0.003,0.066,0.001,0.092,0.178,0.000,0.000,0.001,0.000,0.619,0.619
TCGA-A3-3319-01A,0.028,0.000,0.001,0.023,0.001,0.000,0.000,0.028,0.004,0.107,0.189,0.000,0.000,0.004,0.000,0.614,0.614
TCGA-BP-4804-01A,0.009,0.001,0.024,0.021,0.038,0.000,0.013,0.188,0.116,0.231,0.189,0.003,0.002,0.003,0.000,0.162,0.162
TCGA-CJ-4891-01A,0.021,0.000,0.001,0.000,0.003,0.000,0.000,0.049,0.115,0.144,0.259,0.001,0.001,0.008,0.001,0.398,0.398
TCGA-A3-3326-01A,0.015,0.000,0.026,0.024,0.003,0.002,0.051,0.218,0.000,0.135,0.173,0.006,0.002,0.011,0.000,0.333,0.333
TCGA-BP-4959-01A,0.005,0.000,0.008,0.002,0.004,0.000,0.002,0.111,0.003,0.083,0.289,0.001,0.000,0.001,0.000,0.491,0.491
TCGA-BP-4332-01A,0.000,0.000,0.002,0.008,0.001,0.001,0.000,0.303,0.013,0.197,0.108,0.001,0.003,0.004,0.000,0.358,0.358
TCGA-CJ-5682-01A,0.010,0.000,0.001,0.011,0.007,0.000,0.001,0.207,0.167,0.243,0.077,0.000,0.010,0.003,0.000,0.263,0.263
TCGA-B0-4814-01A,0.025,0.000,0.002,0.005,0.001,0.000,0.000,0.213,0.007,0.220,0.089,0.001,0.002,0.007,0.000,0.428,0.428
TCGA-B0-4842-01A,0.047,0.000,0.022,0.000,0.009,0.000,0.001,0.059,0.082,0.068,0.239,0.000,0.007,0.003,0.000,0.461,0.461
TCGA-CW-5583-01A,0.007,0.000,0.006,0.011,0.001,0.001,0.001,0.299,0.017,0.229,0.073,0.007,0.006,0.012,0.000,0.329,0.329
TCGA-B8-4154-01A,0.008,0.000,0.004,0.002,0.005,0.000,0.006,0.207,0.000,0.119,0.133,0.000,0.006,0.001,0.000,0.507,0.507
TCGA-CW-5584-01A,0.007,0.000,0.005,0.004,0.001,0.000,0.001,0.259,0.002,0.181,0.171,0.001,0.000,0.006,0.000,0.363,0.363
TCGA-B0-4813-01A,0.007,0.000,0.002,0.000,0.000,0.000,0.000,0.111,0.025,0.181,0.070,0.000,0.000,0.002,0.000,0.601,0.601
TCGA-EU-5905-01A,0.004,0.000,0.012,0.011,0.001,0.001,0.002,0.198,0.136,0.117,0.132,0.007,0.004,0.003,0.000,0.371,0.371
TCGA-BP-4342-01A,0.009,0.000,0.016,0.024,0.001,0.005,0.000,0.173,0.103,0.244,0.113,0.003,0.004,0.006,0.000,0.297,0.297
TCGA-BP-4776-01A,0.044,0.000,0.000,0.005,0.002,0.000,0.000,0.349,0.000,0.290,0.067,0.001,0.003,0.001,0.000,0.236,0.236
TCGA-AK-3431-01A,0.001,0.000,0.008,0.001,0.007,0.000,0.000,0.326,0.131,0.257,0.088,0.001,0.005,0.005,0.003,0.166,0.166
TCGA-BP-4974-01A,0.006,0.000,0.007,0.025,0.007,0.012,0.003,0.420,0.009,0.283,0.062,0.003,0.004,0.010,0.000,0.147,0.147
TCGA-BP-4976-01A,0.001,0.000,0.008,0.002,0.000,0.000,0.000,0.228,0.000,0.142,0.107,0.001,0.000,0.004,0.000,0.506,0.506
TCGA-CZ-5452-01A,0.031,0.000,0.051,0.009,0.061,0.000,0.014,0.110,0.000,0.036,0.248,0.000,0.001,0.001,0.000,0.439,0.439
TCGA-CZ-4863-01A,0.008,0.000,0.017,0.037,0.065,0.000,0.003,0.196,0.000,0.147,0.168,0.002,0.000,0.006,0.000,0.350,0.350
